1_325_1000_240_0_0 60 180 0.599289 0.185364 0.943187 9.88853 499.344 3.85904
1_325_1000_240_0_0 60 180 120 4251465 109173054000 25678.9 35428.9 909775450 2.52324e+09
1_325_1000_240_1_1 60 180 0.599289 0.185364 0.943187 9.88853 499.344 3.85904
1_325_1000_240_1_1 60 180 120 4251465 109173054000 25678.9 35428.9 909775450 2.52324e+09
1_325_1000_240_2_2 60 180 0.6063 0.184565 0.940596 9.86648 488.526 3.85571
1_325_1000_240_2_2 60 180 120 4252748 109122579000 25659.3 35439.6 909354825 2.53926e+09
1_325_1000_240_3_3 60 180 0.607452 0.184955 0.937605 9.88831 507.618 3.83336
1_325_1000_240_3_3 60 180 120 4252124 109205002500 25682.5 35434.4 9.10042e+08 2.47954e+09
1_325_1000_240_4_4 60 180 0.619163 0.185119 0.951854 9.93101 506.904 3.90234
1_325_1000_240_4_4 60 180 120 4251960 109218957000 25686.7 35433 910157975 2.53382e+09
1_325_1000_240_5_5 60 180 0.611914 0.18478 0.945218 9.80709 499.073 3.84889
1_325_1000_240_5_5 60 180 120 4252179 109175311500 25675.1 35434.8 9.09794e+08 2.50485e+09
1_325_1000_240_6_6 60 180 0.609417 0.184458 0.936132 9.84982 508.116 3.8258
1_325_1000_240_6_6 60 180 120 4251877 109085563500 25655.9 35432.3 9.09046e+08 2.48682e+09
1_325_1000_240_7_7 60 180 0.60048 0.184983 0.929173 9.80563 498.913 3.77855
1_325_1000_240_7_7 60 180 120 4251511 109328547000 25715.2 35429.3 911071225 2.51636e+09
1_325_1000_240_8_8 60 180 0.605027 0.184174 0.937726 9.85308 507.519 3.82181
1_325_1000_240_8_8 60 180 120 4251169 109023345000 25645.5 35426.4 908527875 2.51661e+09
1_325_1000_240_9_9 60 180 0.60242 0.184988 0.929167 9.77393 499.39 3.76351
1_325_1000_240_9_9 60 180 120 4251418 109285092000 25705.6 35428.5 910709100 2.50817e+09
