1375_0_0_44_0_0 11 33 0.552611 0.209145 1.02655 10.1377 112.96 4.77017
1375_0_0_44_0_0 11 33 22 1357897 47713108500 35137.5 61722.6 2.16878e+09 1.15055e+10
1375_0_0_44_1_1 11 33 0.552611 0.209145 1.02655 10.1377 112.96 4.77017
1375_0_0_44_1_1 11 33 22 1357897 47713108500 35137.5 61722.6 2.16878e+09 1.15055e+10
1375_0_0_44_2_2 11 33 0.545511 0.208047 1.00085 10.0518 100.026 4.69685
1375_0_0_44_2_2 11 33 22 1356829 47491143000 35001.6 61674 2.15869e+09 1.13801e+10
1375_0_0_44_3_3 11 33 0.547054 0.209159 1.01309 10.0371 99.7769 4.68568
1375_0_0_44_3_3 11 33 22 1358282 47627476500 35064.5 61740.1 2.16489e+09 1.16031e+10
1375_0_0_44_4_4 11 33 0.551886 0.208862 1.03079 10.096 112.5 4.76418
1375_0_0_44_4_4 11 33 22 1357206 47661691500 35117.5 61691.2 2.16644e+09 1.1557e+10
1375_0_0_44_5_5 11 33 0.541131 0.207881 0.986387 9.98061 87.1473 4.61963
1375_0_0_44_5_5 11 33 22 1357079 47373492000 34908.4 61685.4 2.15334e+09 1.12432e+10
1375_0_0_44_6_6 11 33 0.552363 0.209765 1.02617 10.1084 113.642 4.77218
1375_0_0_44_6_6 11 33 22 1356960 47637175500 35105.8 61680 2.16533e+09 1.14832e+10
1375_0_0_44_7_7 11 33 0.550109 0.208316 1.01242 10.0951 110.018 4.72635
1375_0_0_44_7_7 11 33 22 1356786 47596818000 35080.6 61672.1 2.16349e+09 1.15906e+10
1375_0_0_44_8_8 11 33 0.548626 0.208323 1.02763 10.0873 111.69 4.74231
1375_0_0_44_8_8 11 33 22 1357347 47471803500 34974 61697.6 2157809250 1.13017e+10
1375_0_0_44_9_9 11 33 0.549787 0.208448 1.01035 10.1102 103.454 4.71375
1375_0_0_44_9_9 11 33 22 1357079 47626338000 35094.7 61685.4 2.16483e+09 1.1514e+10
