65_0_0_200_0_49 50 150 0.471261 0.142776 0.791568 9.93537 138.459 3.7701
65_0_0_200_0_49 50 150 100 2105412 72690682500 34525.6 21054.1 726906825 3.57823e+09
65_0_0_200_50_99 50 150 0.475641 0.142066 0.779941 9.95991 207.324 3.73246
65_0_0_200_50_99 50 150 100 2105301 72817294500 34587.6 21053 728172945 3.78002e+09
65_0_0_200_100_149 50 150 0.478769 0.140913 0.782621 9.99217 153.38 3.77039
65_0_0_200_100_149 50 150 100 2104733 72646458000 34515.8 21047.3 726464580 3.81811e+09
65_0_0_200_150_199 50 150 0.466925 0.143855 0.777319 9.81132 155.924 3.66603
65_0_0_200_150_199 50 150 100 2106310 73075971000 34693.8 21063.1 730759710 3.77235e+09
65_0_0_200_200_249 50 150 0.479826 0.143207 0.79518 10.0186 161.672 3.78236
65_0_0_200_200_249 50 150 100 2106748 73125291000 34710 21067.5 731252910 3.73177e+09
65_0_0_200_250_299 50 150 0.479521 0.143538 0.797758 9.96664 151.375 3.80581
65_0_0_200_250_299 50 150 100 2063691 71479869000 34636.9 20636.9 714798690 3.69256e+09
65_0_0_200_300_349 50 150 0.476543 0.141674 0.773713 9.94089 178.534 3.71962
65_0_0_200_300_349 50 150 100 2106808 72938754000 34620.5 21068.1 729387540 3.86838e+09
65_0_0_200_350_399 50 150 0.463066 0.142605 0.766669 9.78877 159.208 3.59678
65_0_0_200_350_399 50 150 100 2107575 73005789000 34639.7 21075.8 730057890 3.63535e+09
65_0_0_200_400_449 50 150 0.475452 0.142151 0.782311 9.96437 369.938 3.7435
65_0_0_200_400_449 50 150 100 2107968 72998254500 34629.7 21079.7 729982545 3.78987e+09
65_0_0_200_450_499 50 150 0.475869 0.141698 0.780294 9.96851 158.664 3.73322
65_0_0_200_450_499 50 150 100 2106793 72481195500 34403.6 21067.9 724811955 3.71473e+09
