86_0_0_200_0_49 50 150 0.495352 0.154859 0.809353 9.92559 173.887 3.66029
86_0_0_200_0_49 50 150 100 2785476 96604350000 34681.5 27854.8 966043500 5.59223e+09
86_0_0_200_50_99 50 150 0.489651 0.154755 0.792813 9.84851 319.206 3.56728
86_0_0_200_50_99 50 150 100 2785976 96589980000 34670.1 27859.8 965899800 5.35788e+09
86_0_0_200_100_149 50 150 0.493542 0.153639 0.792779 9.92098 179.866 3.5888
86_0_0_200_100_149 50 150 100 2784497 96369384000 34609.3 27845 963693840 5.57889e+09
86_0_0_200_150_199 50 150 0.505817 0.155732 0.825363 9.97668 270.138 3.72594
86_0_0_200_150_199 50 150 100 2787093 96924025500 34776 27870.9 969240255 5.81065e+09
86_0_0_200_200_249 50 150 0.495669 0.154864 0.809348 9.96093 309.055 3.65477
86_0_0_200_200_249 50 150 100 2787075 96917638500 34774 27870.8 969176385 5.63953e+09
86_0_0_200_250_299 50 150 0.481855 0.154708 0.789892 9.71679 179.995 3.51226
86_0_0_200_250_299 50 150 100 2730074 94647000000 34668.3 27300.7 946470000 5.41005e+09
86_0_0_200_300_349 50 150 0.475771 0.154695 0.776666 9.66704 169.305 3.44032
86_0_0_200_300_349 50 150 100 2787932 96655747500 34669.3 27879.3 966557475 5.29903e+09
86_0_0_200_350_399 50 150 0.49052 0.155384 0.800233 9.86918 166.243 3.59294
86_0_0_200_350_399 50 150 100 2788099 96730758000 34694.2 27881 967307580 5.51693e+09
86_0_0_200_400_449 50 150 0.477776 0.154232 0.77592 9.71934 281.813 3.43762
86_0_0_200_400_449 50 150 100 2788415 96674044500 34669.9 27884.2 966740445 5.3881e+09
86_0_0_200_450_499 50 150 0.483844 0.153803 0.78535 9.77033 196.239 3.51778
86_0_0_200_450_499 50 150 100 2787178 96305137500 34552.9 27871.8 963051375 5.45023e+09
