30_0_0_200_0_49 50 150 0.442782 0.110968 0.765704 10.0304 158.087 3.97631
30_0_0_200_0_49 50 150 100 970998 33832612500 34843.1 9709.98 338326125 1.15854e+09
30_0_0_200_50_99 50 150 0.44737 0.111927 0.774506 10.031 208.615 4.00157
30_0_0_200_50_99 50 150 100 971104 33981412500 34992.6 9711.04 339814125 1.18592e+09
30_0_0_200_100_149 50 150 0.437649 0.111692 0.76331 9.90977 123.157 3.93002
30_0_0_200_100_149 50 150 100 971564 33890292000 34882.2 9715.64 338902920 1.18043e+09
30_0_0_200_150_199 50 150 0.43178 0.113642 0.780974 9.82685 110.159 3.93942
30_0_0_200_150_199 50 150 100 971447 34075462500 35077 9714.47 340754625 1.1382e+09
30_0_0_200_200_249 50 150 0.445122 0.113364 0.79104 9.96931 290.385 4.03456
30_0_0_200_200_249 50 150 100 972167 34085562000 35061.4 9721.67 340855620 1.21808e+09
30_0_0_200_250_299 50 150 0.430762 0.112477 0.777291 9.85315 98.4255 3.95854
30_0_0_200_250_299 50 150 100 971609 33962719500 34955.1 9716.09 339627195 1.16845e+09
30_0_0_200_300_349 50 150 0.432036 0.112149 0.774934 9.84391 160.092 3.94508
30_0_0_200_300_349 50 150 100 972059 33802672500 34774.3 9720.59 338026725 1.13423e+09
30_0_0_200_350_399 50 150 0.447517 0.111839 0.767417 10.0089 119.65 3.9566
30_0_0_200_350_399 50 150 100 972257 33823318500 34788.5 9722.57 338233185 1.17799e+09
30_0_0_200_400_449 50 150 0.424105 0.11113 0.735221 9.737 165.682 3.76526
30_0_0_200_400_449 50 150 100 971929 33870846000 34849.1 9719.29 338708460 1.09451e+09
30_0_0_200_450_499 50 150 0.422047 0.110005 0.722723 9.69692 101.285 3.7008
30_0_0_200_450_499 50 150 100 972370 33560545500 34514.2 9723.7 335605455 1.06657e+09
