1_65625_100000_100_0_0 25 75 0.552 0.106859 0.573406 10.296 199.92 2.92575
1_65625_100000_100_0_0 25 75 50 401179 13941891000 34752.3 8023.58 278837820 1.38372e+09
1_65625_100000_100_1_1 25 75 0.552 0.106859 0.573406 10.296 199.92 2.92575
1_65625_100000_100_1_1 25 75 50 401179 13941891000 34752.3 8023.58 278837820 1.38372e+09
1_65625_100000_100_2_2 25 75 0.549857 0.108007 0.588721 10.4466 143.559 3.0854
1_65625_100000_100_2_2 25 75 50 400722 13950918000 34814.5 8014.44 279018360 1.4337e+09
1_65625_100000_100_3_3 25 75 0.534758 0.106043 0.565759 10.2638 170.052 2.90249
1_65625_100000_100_3_3 25 75 50 400323 13905082500 34734.7 8006.46 278101650 1.34969e+09
1_65625_100000_100_4_4 25 75 0.579751 0.110033 0.611063 10.623 142.63 3.20367
1_65625_100000_100_4_4 25 75 50 400828 14037792000 35022 8016.56 280755840 1.48268e+09
1_65625_100000_100_5_5 25 75 0.567281 0.106878 0.590909 10.3149 142.581 3.08332
1_65625_100000_100_5_5 25 75 50 400959 13994089500 34901.5 8019.18 279881790 1.49903e+09
1_65625_100000_100_6_6 25 75 0.578764 0.111358 0.612973 10.4965 164.87 3.20637
1_65625_100000_100_6_6 25 75 50 400287 14070915000 35152.1 8005.74 281418300 1.51734e+09
1_65625_100000_100_7_7 25 75 0.527514 0.110741 0.610046 10.2903 123.893 3.16226
1_65625_100000_100_7_7 25 75 50 400242 14015659500 35018 8004.84 280313190 1.35047e+09
1_65625_100000_100_8_8 25 75 0.529766 0.110289 0.61939 10.3352 126.504 3.20238
1_65625_100000_100_8_8 25 75 50 400210 14008821000 35003.7 8004.2 280176420 1.345e+09
1_65625_100000_100_9_9 25 75 0.507833 0.110334 0.590773 9.83778 130.25 2.89134
1_65625_100000_100_9_9 25 75 50 400803 13978681500 34876.7 8016.06 279573630 1.27095e+09
