1_84375_100000_100_0_0 25 75 0.548589 0.142352 0.734341 10.0604 201.718 3.38302
1_84375_100000_100_0_0 25 75 50 386776 13375128000 34581.1 7735.52 267502560 1.37467e+09
1_84375_100000_100_1_1 25 75 0.548589 0.142352 0.734341 10.0604 201.718 3.38302
1_84375_100000_100_1_1 25 75 50 386776 13375128000 34581.1 7735.52 267502560 1.37467e+09
1_84375_100000_100_2_2 25 75 0.599989 0.144818 0.770455 10.4216 134.826 3.6536
1_84375_100000_100_2_2 25 75 50 387207 13408002000 34627.5 7744.14 268160040 1.40271e+09
1_84375_100000_100_3_3 25 75 0.549689 0.144968 0.75415 10.3743 140.637 3.56582
1_84375_100000_100_3_3 25 75 50 386514 13568538000 35104.9 7730.28 271370760 1.57511e+09
1_84375_100000_100_4_4 25 75 0.55596 0.14505 0.751521 10.2066 130.716 3.50874
1_84375_100000_100_4_4 25 75 50 387116 13680595500 35339.8 7742.32 273611910 1.59395e+09
1_84375_100000_100_5_5 25 75 0.506565 0.143504 0.702764 9.58529 182.26 3.04889
1_84375_100000_100_5_5 25 75 50 386528 13599147000 35182.8 7730.56 271982940 1.42665e+09
1_84375_100000_100_6_6 25 75 0.531323 0.144033 0.739494 10.0695 172.193 3.43164
1_84375_100000_100_6_6 25 75 50 385987 13557936000 35125.4 7719.74 271158720 1.48428e+09
1_84375_100000_100_7_7 25 75 0.535703 0.144699 0.721909 10.172 126.599 3.35177
1_84375_100000_100_7_7 25 75 50 386048 13608393000 35250.5 7720.96 272167860 1.5636e+09
1_84375_100000_100_8_8 25 75 0.532064 0.144368 0.736175 9.9675 139.96 3.32681
1_84375_100000_100_8_8 25 75 50 386339 13520583000 34996.7 7726.78 270411660 1.47613e+09
1_84375_100000_100_9_9 25 75 0.567356 0.141849 0.730615 10.0987 209.513 3.3726
1_84375_100000_100_9_9 25 75 50 386496 13402650000 34677.3 7729.92 268053000 1.44967e+09
