7_375_1000_1000_0_0 250 750 0.539679 0.112702 1.90314 9.97642 82.1741 5.67396
7_375_1000_1000_0_0 250 750 500 545268 19117035000 35059.9 1090.54 38234070 2.67605e+08
7_375_1000_1000_1_1 250 750 0.539679 0.112702 1.90314 9.97642 82.1741 5.67396
7_375_1000_1000_1_1 250 750 500 545268 19117035000 35059.9 1090.54 38234070 2.67605e+08
7_375_1000_1000_2_2 250 750 0.538269 0.112508 1.90775 9.95403 869.993 5.60357
7_375_1000_1000_2_2 250 750 500 543995 18775986000 34515 1087.99 37551972 2.45697e+08
7_375_1000_1000_3_3 250 750 0.535096 0.112244 1.83291 9.83091 359.538 5.50284
7_375_1000_1000_3_3 250 750 500 543877 18702222000 34386.9 1087.75 37404444 2.46861e+08
7_375_1000_1000_4_4 250 750 0.551437 0.11306 2.03456 9.91835 157.849 5.7481
7_375_1000_1000_4_4 250 750 500 543096 19252389000 35449.3 1086.19 38504778 2.79215e+08
7_375_1000_1000_5_5 250 750 0.548442 0.112922 1.9875 10.1018 229.987 5.76424
7_375_1000_1000_5_5 250 750 500 542621 19116034500 35229.1 1085.24 38232069 2.68454e+08
7_375_1000_1000_6_6 250 750 0.543534 0.112529 1.91109 9.98463 109.988 5.61966
7_375_1000_1000_6_6 250 750 500 542675 18790233000 34625.2 1085.35 37580466 2.64891e+08
7_375_1000_1000_7_7 250 750 0.539548 0.11242 1.78171 10.0116 727.745 5.52498
7_375_1000_1000_7_7 250 750 500 543860 18866016000 34689.1 1087.72 37732032 2.63996e+08
7_375_1000_1000_8_8 250 750 0.524538 0.113006 1.79358 9.86162 257.81 5.43854
7_375_1000_1000_8_8 250 750 500 545221 18891697500 34649.6 1090.44 37783395 2.44371e+08
7_375_1000_1000_9_9 250 750 0.539582 0.112382 1.92486 9.97085 229.963 5.61784
7_375_1000_1000_9_9 250 750 500 542460 18772615500 34606.5 1084.92 37545231 2.47921e+08
