1218_75_100_40_0_0 10 30 0.488862 0.198871 0.8196 9.77405 85.1447 3.87053
1218_75_100_40_0_0 10 30 20 1203568 42329745000 35170.2 60178.4 2116487250 9.98319e+09
1218_75_100_40_1_1 10 30 0.488862 0.198871 0.8196 9.77405 85.1447 3.87053
1218_75_100_40_1_1 10 30 20 1203568 42329745000 35170.2 60178.4 2116487250 9.98319e+09
1218_75_100_40_2_2 10 30 0.486466 0.199214 0.820356 9.72384 71.759 3.85245
1218_75_100_40_2_2 10 30 20 1203060 42181489500 35061.8 60153 2109074475 9.92726e+09
1218_75_100_40_3_3 10 30 0.484306 0.199348 0.819758 9.64041 83.3733 3.81978
1218_75_100_40_3_3 10 30 20 1203399 42188953500 35058.2 60169.9 2109447675 9.98067e+09
1218_75_100_40_4_4 10 30 0.487432 0.198332 0.817776 9.83327 101.31 3.84328
1218_75_100_40_4_4 10 30 20 1203005 42250185000 35120.5 60150.2 2112509250 9.89874e+09
1218_75_100_40_5_5 10 30 0.481797 0.198019 0.808357 9.62327 81.4849 3.78918
1218_75_100_40_5_5 10 30 20 1202645 42021855000 34941.2 60132.2 2101092750 9.62733e+09
1218_75_100_40_6_6 10 30 0.487744 0.199329 0.827449 9.738 84.1841 3.8716
1218_75_100_40_6_6 10 30 20 1202808 42239077500 35117.1 60140.4 2111953875 9.8819e+09
1218_75_100_40_7_7 10 30 0.484939 0.198793 0.806163 9.75979 103.441 3.776
1218_75_100_40_7_7 10 30 20 1202630 42222507000 35108.5 60131.5 2111125350 9.94036e+09
1218_75_100_40_8_8 10 30 0.480445 0.197865 0.80751 9.64422 71.4207 3.75767
1218_75_100_40_8_8 10 30 20 1202473 42159079500 35060.3 60123.7 2107953975 9.83687e+09
1218_75_100_40_9_9 10 30 0.481725 0.198157 0.813448 9.67209 115.705 3.76334
1218_75_100_40_9_9 10 30 20 1202511 42263289000 35145.9 60125.6 2113164450 9.84002e+09
