0 14 0 0 14 1.0
0 29 0 0 29 1.0
0 36 0 0 79 0.140625
0 36 1 0 54 0.078125
0 36 2 0 47 0.09375
0 36 3 0 11 0.078125
0 36 5 0 21 0.078125
0 36 6 0 63 0.140625
0 36 7 0 53 0.28125
0 36 8 0 70 0.109375
0 42 6 0 46 1.0
4 14 0 4 38 0.21875
4 14 2 4 21 0.21875
4 14 4 4 50 0.375
4 14 5 4 68 0.09375
4 14 7 4 71 0.09375
4 29 1 4 47 0.125
4 29 2 4 23 0.09375
4 29 3 4 46 0.28125
4 29 4 4 55 0.265625
4 29 6 4 31 0.109375
4 29 7 4 68 0.125
4 36 0 4 54 0.15625
4 36 1 4 47 0.140625
4 36 2 4 21 0.125
4 36 5 4 3 0.421875
4 36 6 4 73 0.15625
4 42 0 4 42 1.0
5 14 0 5 61 0.109375
5 14 2 5 7 0.125
5 14 3 5 40 0.1875
5 14 6 5 43 0.21875
5 14 7 5 74 0.15625
5 14 9 5 48 0.203125
5 29 0 5 29 1.0
5 36 0 5 36 1.0
5 42 0 5 61 0.109375
5 42 1 5 7 0.171875
5 42 2 5 40 0.109375
5 42 4 5 20 0.140625
5 42 5 5 74 0.09375
5 42 6 5 51 0.375
8 14 0 8 61 0.09375
8 14 1 8 7 0.140625
8 14 3 8 70 0.171875
8 14 4 8 43 0.140625
8 14 5 8 77 0.109375
8 14 6 8 39 0.09375
8 14 7 8 68 0.078125
8 14 8 8 65 0.171875
8 29 1 8 11 0.09375
8 29 2 8 63 0.171875
8 29 3 8 77 0.125
8 29 4 8 64 0.171875
8 29 5 8 39 0.1875
8 29 6 8 68 0.171875
8 29 7 8 65 0.078125
8 36 0 8 61 0.078125
8 36 1 8 79 0.15625
8 36 2 8 11 0.078125
8 36 3 8 63 0.109375
8 36 4 8 70 0.078125
8 36 5 8 52 0.078125
8 36 6 8 35 0.109375
8 36 7 8 39 0.078125
8 36 8 8 41 0.15625
8 36 9 8 73 0.078125
8 42 0 8 42 1.0
9 14 0 9 14 1.0
9 29 1 9 40 0.21875
9 29 3 9 23 0.15625
9 29 4 9 11 0.109375
9 29 6 9 66 0.234375
9 29 7 9 31 0.1875
9 29 8 9 65 0.09375
9 36 0 9 61 0.125
9 36 1 9 11 0.15625
9 36 2 9 52 0.15625
9 36 4 9 19 0.171875
9 36 6 9 69 0.25
9 36 7 9 73 0.140625
9 42 0 9 61 0.203125
9 42 1 9 40 0.1875
9 42 2 9 23 0.171875
9 42 4 9 19 0.265625
9 42 5 9 65 0.171875
10 14 0 10 14 1.0
10 29 0 10 29 1.0
10 36 1 10 21 0.109375
10 36 2 10 63 0.21875
10 36 3 10 53 0.171875
10 36 4 10 52 0.09375
10 36 5 10 19 0.125
10 36 6 10 32 0.28125
10 42 0 10 40 0.109375
10 42 1 10 23 0.09375
10 42 2 10 53 0.171875
10 42 3 10 2 0.25
10 42 4 10 19 0.109375
10 42 5 10 76 0.265625
25 14 0 25 61 0.1875
25 14 3 25 77 0.25
25 14 4 25 39 0.203125
25 14 5 25 68 0.125
25 14 6 25 48 0.234375
25 29 0 25 17 0.15625
25 29 2 25 46 0.171875
25 29 3 25 11 0.046875
25 29 4 25 2 0.046875
25 29 5 25 77 0.0625
25 29 6 25 64 0.09375
25 29 7 25 39 0.078125
25 29 8 25 68 0.078125
25 29 9 25 48 0.265625
25 36 0 25 61 0.109375
25 36 1 25 54 0.140625
25 36 2 25 11 0.140625
25 36 3 25 52 0.125
25 36 4 25 35 0.15625
25 36 5 25 39 0.125
25 36 6 25 69 0.203125
25 42 0 25 42 1.0
33 14 1 33 70 0.265625
33 14 2 33 43 0.125
33 14 3 33 77 0.078125
33 14 4 33 30 0.109375
33 14 5 33 50 0.15625
33 14 6 33 74 0.09375
33 14 7 33 71 0.0625
33 14 8 33 65 0.109375
33 29 1 33 77 0.203125
33 29 2 33 72 0.609375
33 29 4 33 65 0.1875
33 36 4 33 44 1.0
33 42 2 33 77 0.3125
33 42 3 33 72 0.28125
33 42 4 33 74 0.25
33 42 5 33 65 0.15625
34 14 0 34 14 1.0
34 29 0 34 29 1.0
34 36 0 34 36 1.0
34 42 0 34 42 1.0
37 14 0 37 14 1.0
37 29 3 37 11 0.421875
37 29 4 37 2 0.578125
37 36 0 37 61 0.078125
37 36 1 37 54 0.109375
37 36 2 37 11 0.09375
37 36 3 37 70 0.15625
37 36 4 37 52 0.09375
37 36 5 37 35 0.125
37 36 7 37 69 0.15625
37 36 8 37 41 0.1875
37 42 0 37 42 1.0
45 14 0 45 14 1.0
45 29 2 45 47 0.140625
45 29 3 45 23 0.078125
45 29 4 45 63 0.140625
45 29 5 45 2 0.046875
45 29 6 45 55 0.203125
45 29 7 45 64 0.109375
45 29 8 45 39 0.21875
45 29 9 45 65 0.0625
45 36 5 45 24 1.0
45 42 0 45 23 0.140625
45 42 2 45 20 0.21875
45 42 3 45 2 0.34375
45 42 4 45 74 0.15625
45 42 5 45 65 0.140625
49 14 0 49 61 0.078125
49 14 1 49 40 0.15625
49 14 3 49 21 0.140625
49 14 5 49 30 0.140625
49 14 6 49 39 0.125
49 14 7 49 74 0.125
49 14 8 49 71 0.078125
49 14 9 49 48 0.15625
49 29 0 49 29 1.0
49 36 0 49 61 0.125
49 36 1 49 47 0.21875
49 36 2 49 21 0.15625
49 36 3 49 62 0.265625
49 36 5 49 39 0.234375
49 42 0 49 61 0.109375
49 42 1 49 40 0.109375
49 42 2 49 23 0.125
49 42 3 49 22 0.375
49 42 4 49 62 0.171875
49 42 6 49 74 0.109375
56 14 0 56 38 0.484375
56 14 3 56 30 0.375
56 14 5 56 71 0.140625
56 29 2 56 17 0.40625
56 29 3 56 23 0.15625
56 29 4 56 2 0.109375
56 29 5 56 64 0.1875
56 29 6 56 31 0.140625
56 36 0 56 36 1.0
56 42 0 56 42 1.0
58 14 1 58 7 0.390625
58 14 5 58 68 0.296875
58 14 6 58 71 0.3125
58 29 0 58 29 1.0
58 36 0 58 54 0.109375
58 36 1 58 47 0.171875
58 36 2 58 35 0.1875
58 36 4 58 19 0.1875
58 36 7 58 41 0.203125
58 36 8 58 73 0.140625
58 42 0 58 7 0.078125
58 42 1 58 54 0.140625
58 42 3 58 20 0.078125
58 42 5 58 19 0.078125
58 42 7 58 41 0.25
58 42 8 58 68 0.21875
58 42 9 58 76 0.15625
59 14 0 59 14 1.0
59 29 3 59 47 0.265625
59 29 4 59 23 0.109375
59 29 5 59 63 0.25
59 29 6 59 77 0.125
59 29 7 59 66 0.171875
59 29 8 59 65 0.078125
59 36 0 59 36 1.0
59 42 0 59 54 0.1875
59 42 1 59 23 0.046875
59 42 2 59 22 0.125
59 42 3 59 53 0.203125
59 42 4 59 77 0.09375
59 42 5 59 62 0.125
59 42 7 59 74 0.0625
59 42 8 59 65 0.046875
59 42 9 59 51 0.109375
60 14 0 60 14 1.0
60 29 0 60 40 0.3125
60 29 4 60 66 0.3125
60 29 5 60 31 0.25
60 29 6 60 65 0.125
60 36 0 60 61 0.0625
60 36 1 60 79 0.15625
60 36 2 60 21 0.09375
60 36 3 60 70 0.125
60 36 4 60 62 0.109375
60 36 7 60 3 0.171875
60 36 8 60 32 0.203125
60 36 9 60 73 0.078125
60 42 0 60 61 0.125
60 42 1 60 7 0.3125
60 42 2 60 40 0.109375
60 42 4 60 20 0.15625
60 42 5 60 62 0.203125
60 42 7 60 65 0.09375
