0 3
0 4
0 6
0 12
0 13
0 15
0 18
0 20
0 23
0 26
0 30
0 32
0 33
0 34
0 35
0 38
0 40
0 42
0 44
0 47
0 50
0 53
0 62
0 65
0 66
0 72
0 73
0 75
0 79
0 81
0 83
0 89
0 92
0 95
0 97
0 99
0 100
0 258
0 407
0 460
0 485
0 535
0 572
0 621
0 719
0 730
0 781
0 908
0 924
0 988
1 5
1 7
1 8
1 9
1 10
1 14
1 15
1 16
1 24
1 28
1 29
1 32
1 33
1 39
1 40
1 41
1 42
1 43
1 46
1 47
1 53
1 55
1 58
1 60
1 63
1 66
1 69
1 73
1 76
1 79
1 80
1 81
1 83
1 95
1 97
1 514
1 650
1 679
1 758
1 797
1 981
1 999
1 1010
1 1020
2 0
2 1
2 5
2 7
2 8
2 11
2 12
2 17
2 20
2 21
2 23
2 26
2 31
2 32
2 34
2 35
2 37
2 41
2 46
2 47
2 48
2 53
2 54
2 55
2 62
2 65
2 67
2 72
2 76
2 80
2 82
2 83
2 84
2 88
2 99
2 192
2 332
2 429
2 440
2 451
2 532
2 595
2 623
2 677
2 846
2 847
2 876
2 898
2 976
2 1007
3 0
3 1
3 2
3 4
3 9
3 11
3 14
3 15
3 16
3 17
3 23
3 24
3 25
3 28
3 30
3 32
3 34
3 36
3 43
3 44
3 45
3 46
3 48
3 51
3 54
3 60
3 64
3 68
3 70
3 71
3 74
3 76
3 78
3 80
3 83
3 85
3 87
3 89
3 90
3 92
3 93
3 96
3 106
3 108
3 218
3 267
3 401
3 420
3 489
3 495
3 544
3 591
3 612
3 701
3 743
3 873
4 0
4 1
4 10
4 11
4 12
4 14
4 15
4 16
4 18
4 19
4 24
4 26
4 28
4 36
4 38
4 41
4 44
4 51
4 52
4 55
4 58
4 60
4 61
4 62
4 67
4 68
4 72
4 75
4 76
4 77
4 82
4 83
4 87
4 91
4 95
4 97
4 98
4 138
4 181
4 221
4 323
4 370
4 377
4 420
4 625
4 640
4 669
4 672
4 882
4 916
5 1
5 13
5 14
5 17
5 18
5 20
5 21
5 22
5 23
5 25
5 27
5 30
5 31
5 33
5 36
5 38
5 44
5 45
5 46
5 48
5 52
5 69
5 77
5 78
5 79
5 81
5 84
5 88
5 93
5 94
5 98
5 101
5 126
5 259
5 266
5 339
5 372
5 503
5 762
5 800
5 837
5 840
6 2
6 5
6 7
6 8
6 9
6 12
6 13
6 17
6 20
6 22
6 27
6 35
6 38
6 39
6 41
6 42
6 50
6 52
6 53
6 56
6 60
6 64
6 65
6 68
6 72
6 80
6 83
6 84
6 85
6 89
6 93
6 95
6 96
6 97
6 100
6 145
6 189
6 274
6 311
6 460
6 538
6 802
6 819
7 2
7 8
7 14
7 15
7 17
7 19
7 22
7 25
7 27
7 30
7 34
7 38
7 39
7 41
7 48
7 49
7 51
7 52
7 55
7 60
7 61
7 64
7 70
7 72
7 73
7 76
7 77
7 86
7 87
7 90
7 93
7 96
7 97
7 99
7 278
7 287
7 312
7 579
7 592
7 684
7 703
7 716
7 742
7 805
7 827
7 840
7 857
7 912
8 0
8 4
8 9
8 14
8 16
8 17
8 19
8 23
8 24
8 25
8 27
8 29
8 30
8 32
8 33
8 36
8 39
8 41
8 42
8 52
8 57
8 58
8 60
8 65
8 66
8 67
8 69
8 71
8 74
8 75
8 76
8 77
8 80
8 81
8 84
8 88
8 90
8 94
8 95
8 96
8 97
8 190
8 302
8 308
8 336
8 511
8 555
8 579
8 791
8 1018
9 1
9 2
9 3
9 6
9 7
9 8
9 12
9 14
9 15
9 16
9 17
9 23
9 25
9 29
9 30
9 32
9 34
9 36
9 39
9 42
9 45
9 48
9 55
9 59
9 62
9 68
9 71
9 72
9 78
9 79
9 80
9 82
9 85
9 86
9 88
9 89
9 92
9 94
9 97
9 98
9 100
9 207
9 296
9 328
9 413
9 428
9 493
9 612
9 743
9 768
9 938
9 959
9 964
10 2
10 3
10 5
10 9
10 11
10 12
10 13
10 14
10 17
10 20
10 22
10 24
10 28
10 33
10 36
10 37
10 42
10 44
10 45
10 47
10 49
10 53
10 59
10 60
10 61
10 62
10 63
10 66
10 68
10 69
10 72
10 73
10 79
10 85
10 89
10 90
10 91
10 93
10 96
10 97
10 99
10 100
10 101
10 176
10 566
10 631
10 821
11 6
11 7
11 17
11 25
11 26
11 27
11 28
11 29
11 30
11 31
11 32
11 33
11 34
11 36
11 37
11 41
11 44
11 50
11 57
11 58
11 60
11 61
11 63
11 65
11 67
11 68
11 69
11 70
11 71
11 74
11 75
11 78
11 80
11 81
11 83
11 85
11 87
11 92
11 93
11 94
11 131
11 194
11 316
11 481
11 491
11 579
11 600
11 663
11 695
11 696
11 827
11 994
12 3
12 4
12 6
12 11
12 14
12 17
12 22
12 25
12 26
12 27
12 28
12 30
12 33
12 34
12 36
12 37
12 43
12 47
12 51
12 52
12 53
12 55
12 57
12 60
12 61
12 64
12 66
12 68
12 69
12 72
12 73
12 74
12 75
12 76
12 78
12 82
12 83
12 86
12 87
12 91
12 92
12 95
12 98
12 99
12 184
12 418
12 430
12 609
12 725
12 752
12 779
12 911
12 952
12 1010
13 3
13 4
13 5
13 7
13 8
13 9
13 10
13 16
13 20
13 21
13 22
13 23
13 24
13 25
13 27
13 31
13 32
13 35
13 38
13 41
13 50
13 51
13 56
13 57
13 58
13 62
13 64
13 66
13 67
13 68
13 70
13 74
13 80
13 81
13 88
13 90
13 92
13 93
13 96
13 97
13 101
13 201
13 233
13 296
13 360
13 379
13 611
13 740
13 806
13 986
14 0
14 1
14 2
14 3
14 4
14 5
14 11
14 17
14 19
14 26
14 27
14 29
14 40
14 42
14 45
14 46
14 47
14 49
14 50
14 54
14 60
14 62
14 63
14 67
14 70
14 73
14 76
14 77
14 78
14 79
14 84
14 88
14 91
14 96
14 98
14 99
14 137
14 162
14 202
14 240
14 280
14 296
14 302
14 458
14 534
14 568
14 600
14 686
14 730
14 902
14 905
14 906
15 1
15 9
15 12
15 16
15 19
15 20
15 21
15 22
15 25
15 27
15 30
15 34
15 37
15 38
15 42
15 43
15 47
15 48
15 54
15 57
15 59
15 60
15 63
15 64
15 81
15 83
15 84
15 96
15 98
15 100
15 129
15 242
15 285
15 455
15 565
15 567
15 595
15 739
15 763
16 5
16 11
16 14
16 17
16 22
16 23
16 28
16 32
16 34
16 42
16 44
16 48
16 50
16 51
16 52
16 60
16 62
16 72
16 74
16 75
16 79
16 80
16 81
16 85
16 87
16 90
16 92
16 223
16 296
16 306
16 334
16 495
16 513
16 517
16 532
16 574
16 596
16 644
16 694
16 794
16 821
16 833
16 848
17 5
17 6
17 7
17 10
17 21
17 26
17 27
17 29
17 31
17 32
17 34
17 36
17 37
17 38
17 43
17 46
17 47
17 50
17 52
17 55
17 57
17 58
17 60
17 63
17 64
17 65
17 70
17 74
17 75
17 76
17 85
17 86
17 87
17 90
17 100
17 211
17 468
17 495
17 671
17 772
17 811
18 2
18 5
18 8
18 9
18 12
18 13
18 16
18 20
18 21
18 22
18 24
18 27
18 32
18 34
18 35
18 37
18 40
18 42
18 44
18 46
18 49
18 50
18 52
18 54
18 58
18 63
18 64
18 67
18 68
18 69
18 70
18 71
18 72
18 73
18 75
18 80
18 81
18 86
18 88
18 94
18 96
18 97
18 98
18 100
18 130
18 142
18 228
18 427
18 607
18 710
18 731
18 756
18 810
19 9
19 13
19 14
19 17
19 18
19 21
19 22
19 25
19 26
19 32
19 33
19 35
19 36
19 37
19 41
19 43
19 44
19 49
19 53
19 54
19 55
19 60
19 61
19 62
19 65
19 67
19 82
19 83
19 84
19 86
19 87
19 88
19 89
19 90
19 91
19 94
19 95
19 97
19 100
19 101
19 198
19 211
19 228
19 263
19 588
19 719
19 746
19 758
19 780
19 834
19 873
20 3
20 4
20 6
20 8
20 11
20 12
20 16
20 17
20 21
20 24
20 35
20 36
20 39
20 40
20 42
20 48
20 52
20 56
20 62
20 63
20 64
20 65
20 73
20 77
20 82
20 91
20 100
20 189
20 223
20 284
20 615
20 837
21 0
21 5
21 7
21 12
21 13
21 14
21 16
21 20
21 23
21 25
21 27
21 30
21 31
21 33
21 36
21 38
21 40
21 42
21 43
21 45
21 47
21 54
21 58
21 61
21 62
21 63
21 64
21 66
21 68
21 69
21 71
21 72
21 73
21 81
21 86
21 87
21 89
21 92
21 96
21 99
21 100
21 120
21 193
21 367
21 384
21 387
21 542
21 568
21 737
21 794
21 1017
21 1019
22 3
22 7
22 10
22 11
22 17
22 24
22 26
22 27
22 32
22 33
22 35
22 44
22 46
22 47
22 51
22 52
22 53
22 54
22 66
22 69
22 74
22 76
22 81
22 83
22 86
22 88
22 95
22 96
22 98
22 101
22 125
22 224
22 352
22 375
22 404
22 418
22 422
22 459
22 460
22 705
22 795
23 0
23 6
23 9
23 10
23 12
23 13
23 17
23 18
23 19
23 21
23 27
23 30
23 33
23 34
23 35
23 37
23 38
23 42
23 47
23 48
23 50
23 51
23 58
23 59
23 62
23 64
23 67
23 70
23 75
23 76
23 78
23 80
23 82
23 84
23 85
23 90
23 93
23 94
23 95
23 97
23 100
23 405
23 555
23 556
23 564
23 838
24 0
24 1
24 3
24 5
24 7
24 9
24 13
24 14
24 15
24 19
24 22
24 28
24 30
24 32
24 33
24 35
24 36
24 37
24 38
24 41
24 42
24 43
24 49
24 50
24 53
24 55
24 57
24 58
24 59
24 64
24 68
24 69
24 73
24 74
24 76
24 77
24 80
24 81
24 87
24 88
24 90
24 92
24 99
24 133
24 315
24 423
24 522
24 886
24 897
24 933
25 4
25 7
25 10
25 13
25 18
25 20
25 21
25 23
25 24
25 26
25 33
25 37
25 45
25 47
25 48
25 52
25 53
25 54
25 59
25 62
25 64
25 66
25 69
25 70
25 74
25 79
25 84
25 85
25 90
25 101
25 107
25 180
25 205
25 244
25 420
25 475
25 535
25 705
25 978
26 7
26 16
26 17
26 18
26 19
26 23
26 28
26 31
26 32
26 34
26 36
26 37
26 41
26 44
26 60
26 61
26 63
26 69
26 71
26 77
26 78
26 79
26 80
26 91
26 93
26 94
26 96
26 100
26 249
26 494
26 504
26 550
26 551
26 566
26 580
26 595
26 726
26 811
27 3
27 5
27 9
27 14
27 18
27 25
27 26
27 28
27 30
27 34
27 36
27 42
27 49
27 50
27 52
27 54
27 55
27 57
27 58
27 59
27 60
27 64
27 73
27 79
27 82
27 85
27 92
27 95
27 96
27 97
27 100
27 101
27 147
27 152
27 428
27 570
27 639
27 653
27 752
27 764
27 781
27 842
27 1010
28 6
28 9
28 12
28 13
28 15
28 18
28 19
28 24
28 26
28 29
28 31
28 32
28 36
28 37
28 42
28 45
28 52
28 54
28 55
28 56
28 59
28 60
28 61
28 62
28 65
28 66
28 75
28 76
28 85
28 86
28 87
28 90
28 94
28 99
28 101
28 154
28 224
28 296
28 357
28 384
28 385
28 413
28 572
28 754
28 778
29 1
29 3
29 10
29 11
29 12
29 16
29 17
29 27
29 30
29 40
29 41
29 44
29 45
29 46
29 48
29 52
29 55
29 58
29 64
29 65
29 66
29 70
29 73
29 79
29 80
29 81
29 82
29 83
29 87
29 89
29 90
29 92
29 98
29 99
29 148
29 152
29 320
29 579
29 654
29 792
29 973
29 1010
30 0
30 2
30 3
30 5
30 8
30 10
30 11
30 14
30 17
30 18
30 19
30 27
30 39
30 43
30 44
30 48
30 50
30 52
30 53
30 54
30 62
30 65
30 69
30 73
30 74
30 78
30 81
30 83
30 86
30 97
30 99
30 100
30 108
30 628
30 687
30 691
30 924
31 3
31 6
31 8
31 9
31 13
31 14
31 15
31 17
31 25
31 26
31 28
31 29
31 35
31 42
31 43
31 45
31 46
31 50
31 51
31 53
31 55
31 64
31 70
31 71
31 81
31 85
31 86
31 87
31 93
31 94
31 95
31 96
31 99
31 101
31 108
31 192
31 203
31 260
31 290
31 355
31 390
31 522
31 614
31 664
31 714
31 822
31 871
31 926
31 940
32 1
32 3
32 11
32 13
32 14
32 15
32 17
32 18
32 20
32 21
32 22
32 23
32 30
32 35
32 44
32 48
32 49
32 51
32 52
32 54
32 55
32 57
32 59
32 60
32 63
32 67
32 68
32 77
32 78
32 80
32 81
32 83
32 84
32 86
32 91
32 92
32 96
32 98
32 204
32 266
32 300
32 373
32 378
32 394
32 468
32 574
32 659
32 779
32 790
32 861
32 908
32 939
33 3
33 6
33 7
33 8
33 14
33 16
33 18
33 19
33 22
33 23
33 25
33 27
33 28
33 31
33 35
33 41
33 47
33 48
33 49
33 50
33 52
33 55
33 59
33 61
33 67
33 68
33 70
33 72
33 73
33 74
33 76
33 77
33 78
33 79
33 81
33 83
33 85
33 87
33 89
33 90
33 91
33 93
33 94
33 97
33 99
33 100
33 177
33 355
33 399
33 602
33 645
33 716
33 747
33 876
34 0
34 9
34 13
34 18
34 19
34 24
34 25
34 26
34 27
34 29
34 32
34 33
34 36
34 37
34 38
34 43
34 47
34 50
34 53
34 54
34 56
34 58
34 60
34 62
34 65
34 66
34 67
34 68
34 70
34 71
34 72
34 74
34 81
34 84
34 86
34 91
34 93
34 94
34 95
34 98
34 101
34 156
34 185
34 270
34 298
34 320
34 350
34 460
34 654
34 723
34 747
34 876
35 2
35 3
35 4
35 5
35 7
35 10
35 12
35 19
35 21
35 37
35 39
35 42
35 43
35 45
35 48
35 49
35 54
35 58
35 63
35 64
35 65
35 66
35 67
35 70
35 71
35 72
35 73
35 74
35 76
35 77
35 81
35 83
35 84
35 85
35 86
35 87
35 88
35 90
35 94
35 96
35 97
35 101
35 169
35 321
35 406
35 571
35 641
35 680
35 697
35 716
35 756
35 758
35 825
35 855
35 915
35 968
36 0
36 8
36 11
36 13
36 15
36 16
36 19
36 20
36 24
36 26
36 28
36 29
36 31
36 32
36 34
36 35
36 38
36 39
36 41
36 44
36 46
36 47
36 48
36 49
36 51
36 52
36 53
36 54
36 62
36 64
36 67
36 69
36 71
36 72
36 74
36 75
36 76
36 81
36 82
36 85
36 86
36 87
36 90
36 91
36 93
36 94
36 97
36 98
36 100
36 172
36 439
36 454
36 503
36 587
36 594
36 620
36 629
36 664
37 0
37 1
37 8
37 14
37 16
37 18
37 20
37 24
37 25
37 27
37 30
37 31
37 35
37 39
37 46
37 48
37 50
37 52
37 54
37 56
37 61
37 62
37 63
37 67
37 69
37 72
37 73
37 74
37 80
37 89
37 90
37 92
37 94
37 96
37 99
37 100
37 160
37 368
37 465
37 939
37 1011
38 1
38 2
38 3
38 4
38 7
38 12
38 13
38 18
38 20
38 22
38 23
38 25
38 26
38 32
38 35
38 37
38 40
38 43
38 46
38 49
38 55
38 67
38 71
38 75
38 76
38 77
38 79
38 82
38 83
38 85
38 91
38 94
38 96
38 97
38 245
38 330
38 332
38 388
38 406
38 426
38 427
38 438
38 440
38 441
38 442
38 701
38 740
39 0
39 4
39 5
39 7
39 14
39 17
39 19
39 24
39 25
39 26
39 36
39 38
39 40
39 43
39 44
39 47
39 49
39 53
39 55
39 60
39 63
39 67
39 73
39 74
39 75
39 77
39 80
39 81
39 86
39 88
39 90
39 93
39 94
39 96
39 97
39 100
39 200
39 262
39 294
39 298
39 340
39 364
39 447
39 519
39 704
39 747
39 884
40 0
40 1
40 2
40 4
40 6
40 9
40 10
40 14
40 16
40 19
40 26
40 27
40 28
40 29
40 30
40 31
40 32
40 33
40 35
40 38
40 45
40 48
40 53
40 62
40 64
40 67
40 69
40 71
40 73
40 74
40 75
40 76
40 77
40 83
40 84
40 87
40 88
40 90
40 92
40 94
40 95
40 97
40 98
40 101
40 106
40 148
40 233
40 281
40 512
40 521
40 668
40 722
40 785
40 787
40 843
41 0
41 6
41 7
41 13
41 17
41 19
41 21
41 25
41 28
41 36
41 37
41 39
41 42
41 48
41 49
41 51
41 52
41 56
41 57
41 59
41 63
41 64
41 65
41 68
41 73
41 76
41 83
41 86
41 89
41 99
41 201
41 204
41 411
41 426
41 515
41 558
41 560
41 739
41 786
41 899
41 945
41 976
42 2
42 4
42 8
42 21
42 22
42 23
42 28
42 33
42 36
42 40
42 41
42 47
42 48
42 49
42 50
42 52
42 53
42 54
42 60
42 67
42 70
42 73
42 74
42 77
42 79
42 83
42 84
42 85
42 86
42 88
42 93
42 95
42 97
42 98
42 226
42 288
42 613
42 629
42 837
42 952
43 0
43 2
43 3
43 4
43 5
43 9
43 12
43 17
43 24
43 31
43 33
43 34
43 35
43 36
43 37
43 50
43 51
43 58
43 59
43 60
43 61
43 65
43 66
43 68
43 72
43 74
43 77
43 81
43 83
43 85
43 89
43 93
43 96
43 98
43 100
43 190
43 367
43 458
43 483
43 543
43 652
43 730
43 814
43 969
43 984
43 1010
44 7
44 10
44 13
44 14
44 18
44 19
44 29
44 30
44 31
44 32
44 35
44 39
44 46
44 49
44 58
44 62
44 66
44 72
44 73
44 83
44 84
44 87
44 88
44 93
44 95
44 96
44 98
44 100
44 101
44 208
44 295
44 372
44 462
44 724
44 859
44 925
44 988
45 0
45 2
45 6
45 11
45 12
45 14
45 17
45 20
45 28
45 30
45 37
45 42
45 43
45 46
45 48
45 50
45 54
45 56
45 57
45 58
45 64
45 67
45 68
45 69
45 70
45 74
45 77
45 78
45 79
45 83
45 84
45 91
45 92
45 93
45 94
45 95
45 98
45 232
45 269
45 478
45 603
45 842
45 919
45 932
45 958
46 1
46 3
46 9
46 12
46 15
46 18
46 22
46 23
46 26
46 31
46 33
46 34
46 40
46 42
46 44
46 45
46 51
46 52
46 57
46 61
46 62
46 69
46 70
46 72
46 76
46 79
46 80
46 82
46 84
46 87
46 88
46 92
46 96
46 101
46 109
46 261
46 331
46 447
46 526
46 592
46 753
46 784
46 895
46 940
46 956
47 0
47 3
47 4
47 5
47 6
47 8
47 9
47 11
47 12
47 13
47 14
47 17
47 20
47 22
47 27
47 35
47 37
47 39
47 43
47 44
47 46
47 48
47 49
47 50
47 51
47 55
47 64
47 69
47 71
47 72
47 75
47 76
47 86
47 87
47 88
47 89
47 90
47 92
47 97
47 238
47 368
47 387
47 393
47 758
47 861
48 0
48 2
48 4
48 7
48 8
48 9
48 12
48 17
48 22
48 25
48 28
48 30
48 32
48 37
48 39
48 42
48 45
48 50
48 61
48 65
48 66
48 71
48 72
48 76
48 81
48 82
48 83
48 84
48 86
48 87
48 88
48 89
48 90
48 92
48 93
48 94
48 96
48 99
48 100
48 173
48 397
48 594
48 768
48 779
48 862
49 0
49 3
49 8
49 11
49 12
49 13
49 14
49 25
49 29
49 30
49 32
49 36
49 37
49 43
49 46
49 51
49 53
49 63
49 66
49 78
49 80
49 111
49 198
49 235
49 336
49 390
49 709
49 714
49 773
49 795
49 878
49 879
49 882
49 1013
50 4
50 12
50 15
50 17
50 20
50 22
50 27
50 28
50 33
50 36
50 38
50 44
50 53
50 54
50 60
50 63
50 65
50 69
50 72
50 74
50 87
50 88
50 89
50 92
50 93
50 94
50 97
50 99
50 214
50 277
50 305
50 426
50 528
50 580
50 613
50 658
50 715
50 866
50 912
50 915
50 960
50 976
50 986
51 0
51 6
51 10
51 11
51 15
51 17
51 20
51 21
51 23
51 24
51 28
51 31
51 33
51 38
51 42
51 43
51 52
51 54
51 56
51 59
51 60
51 61
51 62
51 64
51 65
51 68
51 69
51 71
51 75
51 76
51 85
51 86
51 88
51 90
51 92
51 94
51 95
51 100
51 163
51 212
51 264
51 400
51 401
51 416
51 597
51 639
51 760
51 845
51 861
52 1
52 5
52 6
52 14
52 17
52 18
52 21
52 24
52 25
52 26
52 27
52 32
52 33
52 34
52 35
52 38
52 42
52 43
52 47
52 48
52 50
52 53
52 60
52 64
52 65
52 73
52 74
52 81
52 82
52 85
52 86
52 88
52 91
52 93
52 95
52 101
52 166
52 266
52 548
52 635
52 745
52 847
52 980
52 994
53 4
53 5
53 7
53 8
53 11
53 12
53 17
53 18
53 19
53 20
53 22
53 23
53 24
53 26
53 27
53 33
53 34
53 41
53 43
53 44
53 47
53 49
53 51
53 54
53 55
53 56
53 61
53 62
53 71
53 75
53 77
53 78
53 85
53 86
53 88
53 90
53 91
53 93
53 94
53 96
53 98
53 100
53 101
53 217
53 219
53 279
53 347
53 441
53 518
53 779
53 903
53 947
53 966
53 1004
54 0
54 1
54 3
54 4
54 8
54 12
54 15
54 16
54 17
54 23
54 26
54 30
54 33
54 38
54 41
54 43
54 45
54 48
54 52
54 55
54 56
54 57
54 58
54 59
54 63
54 64
54 67
54 75
54 76
54 78
54 80
54 84
54 86
54 87
54 88
54 92
54 94
54 95
54 101
54 176
54 211
54 264
54 363
54 477
54 579
54 696
54 797
54 908
54 995
55 9
55 13
55 15
55 18
55 19
55 20
55 22
55 24
55 26
55 28
55 29
55 30
55 31
55 33
55 34
55 37
55 39
55 40
55 41
55 42
55 43
55 44
55 51
55 54
55 59
55 61
55 62
55 64
55 65
55 66
55 67
55 69
55 73
55 74
55 76
55 79
55 83
55 84
55 87
55 89
55 91
55 92
55 93
55 174
55 196
55 213
55 240
55 400
55 485
55 510
55 529
55 534
55 584
55 611
55 658
55 685
55 727
55 753
55 771
55 780
55 905
56 0
56 2
56 6
56 9
56 10
56 11
56 13
56 15
56 16
56 19
56 26
56 27
56 30
56 33
56 37
56 40
56 44
56 49
56 52
56 55
56 57
56 58
56 59
56 61
56 66
56 67
56 68
56 69
56 78
56 80
56 81
56 84
56 86
56 92
56 93
56 96
56 99
56 101
56 229
56 230
56 392
56 418
56 432
56 467
56 604
56 693
56 755
56 872
56 1023
57 0
57 1
57 2
57 4
57 5
57 7
57 9
57 14
57 16
57 17
57 20
57 21
57 23
57 28
57 29
57 30
57 33
57 38
57 40
57 41
57 42
57 45
57 47
57 51
57 52
57 59
57 62
57 64
57 65
57 67
57 69
57 74
57 75
57 81
57 84
57 86
57 88
57 89
57 90
57 96
57 97
57 99
57 100
57 128
57 203
57 259
57 262
57 353
57 423
57 510
57 725
57 737
58 4
58 7
58 9
58 17
58 19
58 26
58 32
58 36
58 39
58 42
58 51
58 57
58 59
58 61
58 64
58 67
58 68
58 69
58 72
58 74
58 76
58 77
58 85
58 88
58 91
58 98
58 189
58 212
58 463
58 504
58 632
58 742
58 751
58 895
59 5
59 9
59 10
59 11
59 12
59 13
59 14
59 16
59 19
59 22
59 25
59 28
59 33
59 37
59 41
59 44
59 45
59 50
59 51
59 53
59 61
59 62
59 64
59 66
59 67
59 71
59 72
59 74
59 75
59 80
59 81
59 83
59 86
59 87
59 89
59 93
59 94
59 95
59 97
59 101
59 134
59 298
59 688
59 961
60 1
60 2
60 6
60 7
60 9
60 11
60 12
60 13
60 17
60 21
60 23
60 24
60 28
60 29
60 33
60 34
60 35
60 36
60 37
60 40
60 41
60 44
60 45
60 54
60 55
60 57
60 61
60 63
60 65
60 69
60 71
60 73
60 75
60 77
60 82
60 85
60 87
60 90
60 92
60 93
60 94
60 97
60 98
60 384
60 433
60 720
60 731
60 749
60 775
60 905
60 923
60 967
60 1008
60 1016
61 2
61 5
61 8
61 10
61 12
61 14
61 15
61 20
61 21
61 22
61 25
61 28
61 30
61 34
61 37
61 38
61 39
61 43
61 44
61 45
61 47
61 49
61 55
61 56
61 57
61 64
61 66
61 71
61 72
61 73
61 76
61 87
61 91
61 95
61 98
61 218
61 301
61 590
61 657
61 659
61 800
61 872
62 0
62 2
62 4
62 5
62 7
62 8
62 16
62 20
62 23
62 25
62 27
62 29
62 33
62 38
62 43
62 44
62 45
62 48
62 51
62 53
62 59
62 60
62 63
62 65
62 66
62 71
62 73
62 76
62 79
62 81
62 85
62 88
62 89
62 96
62 98
62 99
62 257
62 307
62 342
62 461
62 519
62 559
62 590
62 591
62 683
62 830
63 0
63 3
63 5
63 8
63 9
63 11
63 14
63 17
63 28
63 29
63 30
63 31
63 37
63 39
63 41
63 43
63 45
63 46
63 47
63 49
63 51
63 55
63 59
63 64
63 67
63 70
63 74
63 76
63 77
63 80
63 81
63 82
63 87
63 89
63 90
63 91
63 95
63 96
63 97
63 98
63 149
63 176
63 416
63 492
63 516
63 525
63 640
63 650
63 776
63 842
63 909
64 2
64 5
64 9
64 10
64 14
64 19
64 20
64 21
64 22
64 24
64 25
64 27
64 28
64 30
64 33
64 34
64 36
64 38
64 39
64 41
64 42
64 44
64 50
64 51
64 52
64 53
64 54
64 56
64 62
64 66
64 67
64 68
64 72
64 76
64 83
64 84
64 86
64 88
64 89
64 96
64 98
64 101
64 201
64 211
64 212
64 226
64 303
64 364
64 368
64 417
64 460
64 515
64 587
64 707
64 737
64 938
64 966
64 1003
65 15
65 20
65 29
65 31
65 32
65 33
65 34
65 35
65 46
65 47
65 48
65 51
65 54
65 56
65 57
65 61
65 66
65 70
65 73
65 79
65 88
65 91
65 93
65 94
65 97
65 99
65 100
65 101
65 243
65 372
65 393
65 499
65 511
65 711
65 811
65 915
65 998
65 1013
66 3
66 4
66 5
66 11
66 13
66 16
66 18
66 19
66 20
66 23
66 24
66 26
66 29
66 30
66 34
66 36
66 37
66 38
66 39
66 40
66 41
66 42
66 43
66 44
66 51
66 58
66 61
66 63
66 65
66 69
66 70
66 71
66 76
66 79
66 80
66 85
66 88
66 89
66 90
66 91
66 94
66 95
66 97
66 98
66 158
66 293
66 450
66 479
66 652
66 677
66 719
66 940
66 965
67 0
67 1
67 2
67 8
67 9
67 10
67 14
67 16
67 17
67 20
67 21
67 22
67 25
67 27
67 33
67 35
67 36
67 37
67 39
67 50
67 51
67 64
67 66
67 74
67 77
67 79
67 80
67 81
67 82
67 86
67 91
67 92
67 93
67 94
67 97
67 287
67 584
67 629
67 721
67 810
67 842
67 873
67 977
68 1
68 4
68 6
68 11
68 12
68 13
68 14
68 15
68 17
68 18
68 20
68 21
68 23
68 29
68 33
68 34
68 35
68 37
68 41
68 42
68 45
68 47
68 50
68 51
68 52
68 56
68 57
68 61
68 64
68 69
68 71
68 72
68 74
68 76
68 77
68 80
68 87
68 90
68 92
68 95
68 97
68 98
68 101
68 124
68 240
68 285
68 386
68 466
68 482
68 489
68 640
68 931
68 967
68 985
69 6
69 8
69 10
69 12
69 15
69 18
69 22
69 25
69 29
69 31
69 34
69 36
69 38
69 41
69 42
69 44
69 45
69 47
69 48
69 52
69 54
69 55
69 56
69 63
69 64
69 66
69 78
69 79
69 82
69 84
69 85
69 88
69 91
69 96
69 98
69 101
69 108
69 339
69 345
69 375
69 386
69 459
69 581
69 732
69 734
69 754
69 897
69 903
70 2
70 4
70 8
70 9
70 10
70 11
70 15
70 16
70 18
70 23
70 28
70 29
70 31
70 32
70 33
70 34
70 35
70 36
70 39
70 44
70 45
70 46
70 47
70 48
70 50
70 51
70 52
70 56
70 57
70 59
70 61
70 66
70 73
70 82
70 84
70 85
70 88
70 91
70 93
70 95
70 96
70 97
70 98
70 100
70 172
70 436
70 458
70 627
70 635
70 694
70 835
71 0
71 3
71 4
71 5
71 6
71 7
71 9
71 10
71 12
71 13
71 15
71 23
71 24
71 25
71 35
71 36
71 39
71 45
71 51
71 54
71 58
71 59
71 62
71 70
71 78
71 79
71 80
71 85
71 87
71 88
71 90
71 93
71 98
71 99
71 100
71 101
71 222
71 271
71 304
71 381
71 385
71 490
71 622
71 656
71 729
71 770
71 867
71 930
71 940
72 10
72 19
72 23
72 25
72 27
72 34
72 35
72 39
72 40
72 41
72 45
72 46
72 49
72 55
72 63
72 68
72 70
72 73
72 75
72 77
72 79
72 82
72 83
72 85
72 86
72 87
72 94
72 95
72 96
72 99
72 100
72 233
72 315
72 404
72 483
72 502
72 527
72 536
72 629
72 645
72 719
72 758
72 827
72 869
72 895
72 1017
73 2
73 4
73 5
73 19
73 20
73 21
73 26
73 27
73 31
73 33
73 34
73 39
73 40
73 41
73 43
73 46
73 47
73 48
73 50
73 53
73 54
73 55
73 60
73 61
73 62
73 63
73 67
73 68
73 69
73 74
73 76
73 77
73 83
73 85
73 86
73 91
73 95
73 97
73 98
73 100
73 115
73 342
73 401
73 439
73 486
73 655
73 749
73 752
73 826
73 855
73 860
74 0
74 2
74 3
74 4
74 6
74 9
74 10
74 11
74 12
74 13
74 15
74 18
74 21
74 27
74 30
74 35
74 36
74 37
74 38
74 42
74 43
74 46
74 49
74 51
74 56
74 57
74 62
74 71
74 73
74 82
74 86
74 91
74 93
74 206
74 657
74 864
74 921
74 998
75 3
75 4
75 11
75 13
75 16
75 17
75 19
75 20
75 23
75 24
75 27
75 30
75 31
75 32
75 35
75 37
75 38
75 43
75 44
75 46
75 51
75 52
75 55
75 57
75 59
75 60
75 66
75 68
75 76
75 77
75 93
75 511
75 622
75 698
75 724
75 737
75 865
75 898
75 985
76 6
76 12
76 14
76 16
76 21
76 22
76 25
76 27
76 33
76 35
76 37
76 46
76 48
76 56
76 58
76 61
76 63
76 64
76 66
76 68
76 70
76 71
76 78
76 79
76 82
76 84
76 86
76 88
76 89
76 90
76 97
76 101
76 107
76 193
76 332
76 343
76 374
76 379
76 540
76 562
76 579
76 704
76 789
76 800
76 812
76 869
77 6
77 7
77 8
77 13
77 14
77 15
77 16
77 18
77 23
77 28
77 33
77 37
77 39
77 43
77 44
77 48
77 53
77 57
77 59
77 62
77 64
77 66
77 68
77 69
77 71
77 72
77 74
77 78
77 81
77 82
77 84
77 85
77 86
77 87
77 91
77 95
77 98
77 99
77 149
77 366
77 636
77 670
77 702
77 994
78 0
78 2
78 4
78 6
78 7
78 14
78 16
78 18
78 20
78 22
78 28
78 31
78 33
78 34
78 38
78 40
78 41
78 44
78 45
78 49
78 53
78 58
78 60
78 71
78 72
78 75
78 80
78 83
78 85
78 86
78 89
78 91
78 93
78 96
78 100
78 101
78 350
78 354
78 424
78 448
78 453
78 515
78 753
78 803
78 807
78 954
78 992
78 1004
79 1
79 2
79 15
79 17
79 19
79 20
79 32
79 34
79 38
79 44
79 47
79 50
79 52
79 54
79 55
79 57
79 60
79 61
79 64
79 65
79 66
79 68
79 76
79 78
79 81
79 84
79 86
79 95
79 100
79 413
79 432
79 479
79 762
79 797
80 0
80 1
80 2
80 3
80 4
80 7
80 9
80 12
80 14
80 18
80 20
80 22
80 23
80 29
80 34
80 36
80 38
80 39
80 40
80 42
80 43
80 44
80 46
80 50
80 54
80 55
80 57
80 58
80 60
80 63
80 66
80 72
80 74
80 77
80 81
80 84
80 85
80 88
80 90
80 91
80 97
80 98
80 99
80 101
80 129
80 179
80 316
80 461
80 476
80 615
80 689
80 831
80 979
81 4
81 5
81 9
81 13
81 14
81 17
81 18
81 20
81 21
81 22
81 24
81 25
81 29
81 34
81 36
81 38
81 44
81 45
81 48
81 49
81 52
81 54
81 55
81 56
81 60
81 62
81 64
81 66
81 67
81 77
81 78
81 79
81 80
81 84
81 86
81 87
81 90
81 91
81 92
81 180
81 229
81 338
81 350
81 456
81 458
81 562
81 611
81 754
81 768
81 918
81 940
82 6
82 7
82 9
82 10
82 11
82 14
82 19
82 21
82 22
82 24
82 26
82 29
82 30
82 40
82 43
82 48
82 53
82 63
82 65
82 66
82 67
82 71
82 72
82 74
82 77
82 79
82 80
82 86
82 87
82 89
82 90
82 93
82 98
82 99
82 101
82 289
82 305
82 327
82 363
82 534
82 565
82 687
82 700
82 714
82 719
82 791
82 834
82 924
82 964
82 980
83 1
83 2
83 4
83 5
83 6
83 8
83 12
83 16
83 17
83 21
83 27
83 28
83 33
83 37
83 40
83 43
83 46
83 47
83 50
83 54
83 58
83 60
83 62
83 63
83 64
83 66
83 70
83 72
83 75
83 76
83 77
83 78
83 90
83 91
83 94
83 96
83 99
83 240
83 433
83 594
83 745
83 779
84 2
84 3
84 4
84 7
84 8
84 13
84 17
84 20
84 24
84 25
84 27
84 32
84 33
84 37
84 38
84 42
84 43
84 45
84 46
84 47
84 48
84 49
84 50
84 55
84 57
84 58
84 60
84 64
84 65
84 66
84 67
84 73
84 75
84 76
84 80
84 88
84 89
84 90
84 91
84 92
84 94
84 97
84 129
84 136
84 156
84 217
84 228
84 326
84 470
84 510
84 511
84 603
84 660
84 668
84 677
84 686
84 819
84 923
84 943
84 990
84 997
85 2
85 7
85 13
85 14
85 17
85 20
85 23
85 28
85 30
85 32
85 35
85 38
85 40
85 41
85 43
85 44
85 48
85 49
85 50
85 52
85 55
85 60
85 67
85 72
85 76
85 78
85 79
85 87
85 91
85 93
85 94
85 99
85 100
85 101
85 132
85 137
85 285
85 375
85 389
85 471
85 487
85 543
85 574
85 598
85 704
85 763
85 805
85 820
85 864
85 918
85 919
85 1023
86 3
86 4
86 7
86 9
86 10
86 14
86 15
86 18
86 19
86 20
86 21
86 25
86 31
86 34
86 35
86 37
86 39
86 43
86 44
86 49
86 50
86 53
86 55
86 57
86 59
86 64
86 65
86 67
86 69
86 72
86 81
86 82
86 83
86 84
86 92
86 94
86 95
86 97
86 98
86 123
86 210
86 348
86 417
86 425
86 440
86 483
86 607
86 623
86 692
86 698
86 873
86 963
87 5
87 11
87 14
87 15
87 18
87 20
87 28
87 29
87 30
87 34
87 36
87 40
87 43
87 53
87 56
87 57
87 60
87 61
87 65
87 66
87 68
87 70
87 71
87 75
87 77
87 78
87 82
87 85
87 92
87 96
87 97
87 98
87 101
87 106
87 140
87 158
87 223
87 294
87 358
87 367
87 416
87 431
87 713
87 789
87 973
87 993
88 0
88 1
88 2
88 4
88 5
88 9
88 12
88 17
88 19
88 22
88 26
88 33
88 51
88 61
88 62
88 63
88 64
88 65
88 68
88 69
88 71
88 73
88 79
88 80
88 82
88 86
88 89
88 92
88 96
88 227
88 307
88 400
88 431
88 486
88 551
88 569
88 573
88 614
88 681
88 832
89 4
89 9
89 10
89 12
89 15
89 16
89 17
89 19
89 21
89 22
89 23
89 25
89 26
89 28
89 31
89 33
89 37
89 38
89 40
89 44
89 47
89 48
89 50
89 52
89 53
89 57
89 58
89 60
89 66
89 67
89 68
89 69
89 72
89 74
89 75
89 78
89 80
89 85
89 91
89 94
89 230
89 355
89 519
89 523
89 661
89 670
90 1
90 2
90 3
90 6
90 7
90 12
90 14
90 15
90 16
90 18
90 19
90 20
90 27
90 28
90 31
90 35
90 36
90 40
90 45
90 49
90 50
90 53
90 56
90 61
90 62
90 65
90 68
90 72
90 75
90 81
90 85
90 86
90 87
90 95
90 98
90 452
90 486
90 493
90 586
90 679
90 764
90 852
91 1
91 4
91 5
91 6
91 13
91 16
91 20
91 21
91 25
91 26
91 34
91 35
91 44
91 45
91 46
91 47
91 50
91 55
91 59
91 61
91 64
91 65
91 66
91 68
91 69
91 70
91 71
91 72
91 73
91 76
91 78
91 80
91 81
91 83
91 85
91 86
91 89
91 90
91 95
91 98
91 99
91 360
91 407
91 510
91 567
91 569
91 608
91 773
91 853
91 898
91 919
91 949
91 956
92 1
92 3
92 8
92 10
92 13
92 16
92 22
92 23
92 24
92 28
92 29
92 31
92 33
92 39
92 41
92 42
92 43
92 54
92 56
92 59
92 61
92 63
92 65
92 70
92 72
92 74
92 75
92 78
92 79
92 82
92 86
92 87
92 88
92 91
92 93
92 95
92 98
92 99
92 100
92 105
92 218
92 302
92 306
92 308
92 396
92 434
92 464
92 543
92 647
92 654
92 656
92 710
92 720
92 758
92 783
92 865
92 918
92 1023
93 2
93 6
93 8
93 10
93 11
93 12
93 13
93 15
93 16
93 17
93 18
93 22
93 24
93 30
93 31
93 39
93 40
93 42
93 44
93 45
93 49
93 50
93 52
93 53
93 55
93 62
93 70
93 73
93 74
93 80
93 83
93 84
93 85
93 86
93 88
93 91
93 97
93 99
93 104
93 134
93 136
93 297
93 375
93 428
93 483
93 533
93 554
93 853
93 968
93 969
94 1
94 9
94 11
94 26
94 28
94 33
94 37
94 43
94 50
94 55
94 56
94 59
94 60
94 62
94 64
94 65
94 69
94 71
94 75
94 76
94 81
94 85
94 87
94 89
94 91
94 95
94 97
94 98
94 100
94 120
94 132
94 198
94 373
94 643
94 688
94 690
94 744
94 745
94 766
94 767
94 770
94 865
94 897
94 922
94 949
95 0
95 6
95 7
95 10
95 14
95 16
95 17
95 19
95 20
95 21
95 23
95 25
95 28
95 33
95 39
95 43
95 46
95 47
95 48
95 51
95 53
95 55
95 56
95 60
95 62
95 64
95 65
95 68
95 72
95 76
95 85
95 86
95 88
95 89
95 96
95 228
95 502
95 513
95 557
95 804
95 861
95 877
95 907
95 977
96 0
96 8
96 9
96 11
96 12
96 17
96 18
96 19
96 21
96 22
96 25
96 27
96 34
96 40
96 42
96 43
96 44
96 47
96 48
96 52
96 53
96 56
96 57
96 61
96 64
96 66
96 71
96 72
96 74
96 79
96 80
96 84
96 89
96 91
96 92
96 93
96 95
96 97
96 99
96 100
96 152
96 156
96 406
96 487
96 645
96 704
96 793
96 881
96 886
97 2
97 8
97 10
97 13
97 18
97 25
97 27
97 28
97 33
97 35
97 36
97 38
97 39
97 43
97 46
97 49
97 50
97 54
97 63
97 64
97 65
97 66
97 67
97 70
97 73
97 78
97 79
97 83
97 84
97 85
97 86
97 88
97 89
97 93
97 99
97 134
97 185
97 301
97 420
97 456
97 498
97 547
97 651
97 673
98 3
98 4
98 6
98 10
98 11
98 12
98 13
98 16
98 17
98 21
98 22
98 27
98 32
98 34
98 36
98 42
98 44
98 46
98 47
98 49
98 50
98 51
98 52
98 53
98 57
98 58
98 59
98 60
98 62
98 64
98 65
98 66
98 68
98 69
98 71
98 72
98 74
98 77
98 79
98 80
98 81
98 88
98 89
98 91
98 93
98 94
98 96
98 99
98 186
98 349
98 623
98 670
98 747
98 748
98 840
98 947
98 978
99 0
99 2
99 7
99 11
99 17
99 20
99 21
99 23
99 24
99 29
99 30
99 32
99 35
99 36
99 40
99 41
99 44
99 47
99 49
99 52
99 54
99 55
99 56
99 57
99 60
99 61
99 66
99 67
99 73
99 75
99 76
99 78
99 79
99 80
99 84
99 88
99 91
99 94
99 95
99 98
99 100
99 227
99 258
99 290
99 332
99 632
99 646
99 680
99 695
99 698
99 852
99 878
100 0
100 1
100 2
100 3
100 5
100 6
100 9
100 15
100 19
100 21
100 22
100 27
100 33
100 34
100 39
100 42
100 45
100 50
100 51
100 57
100 60
100 62
100 67
100 71
100 72
100 74
100 75
100 78
100 81
100 82
100 83
100 84
100 85
100 86
100 87
100 88
100 92
100 93
100 95
100 96
100 98
100 101
100 113
100 131
100 175
100 315
100 368
100 535
100 577
100 615
100 668
100 854
100 1011
101 0
101 4
101 5
101 6
101 11
101 14
101 15
101 16
101 22
101 23
101 34
101 35
101 36
101 37
101 39
101 42
101 48
101 50
101 51
101 53
101 55
101 57
101 60
101 63
101 66
101 68
101 76
101 77
101 82
101 83
101 84
101 85
101 86
101 95
101 96
101 97
101 182
101 265
101 269
101 334
101 483
101 672
101 732
101 963
103 27
103 35
103 629
105 14
105 32
105 63
105 906
107 93
107 98
108 13
108 568
110 17
110 69
111 2
111 465
112 6
112 64
112 588
113 16
113 55
114 3
114 35
114 47
114 93
114 900
115 1
115 81
115 88
116 26
116 731
117 64
118 66
119 29
119 82
119 795
120 10
120 438
121 92
121 709
122 7
122 813
123 53
123 272
125 69
126 67
126 71
127 81
127 100
128 6
128 56
128 86
129 69
130 7
130 265
131 56
131 82
133 54
133 664
134 34
134 97
135 8
135 73
137 32
137 35
137 65
138 5
138 69
139 35
139 62
140 15
141 42
141 80
142 651
143 30
143 55
145 59
145 79
145 387
146 10
146 68
146 80
147 51
148 503
149 27
149 73
150 52
150 54
150 57
150 91
150 209
150 758
151 26
151 41
152 67
152 242
152 681
153 35
153 950
154 52
157 40
157 41
157 755
159 67
159 546
160 54
160 55
160 67
161 68
164 0
165 9
165 96
166 4
166 36
166 930
168 28
168 54
169 23
169 34
169 52
170 24
170 100
170 940
171 96
172 66
172 100
174 676
176 84
176 630
177 235
179 239
179 503
179 878
180 92
181 34
182 29
182 316
183 374
184 61
185 58
185 61
185 89
185 774
186 8
186 57
186 222
187 251
188 74
188 86
189 31
189 46
190 82
191 79
192 29
192 43
192 92
192 119
193 28
193 49
193 83
195 78
196 13
196 34
196 73
197 20
197 67
197 78
199 17
202 750
204 90
204 103
205 10
206 37
206 51
206 61
206 83
207 64
207 1000
208 78
208 95
208 125
208 349
209 0
209 5
209 20
210 29
211 38
211 53
212 637
213 10
213 32
213 69
213 85
213 98
214 92
215 26
215 66
215 785
216 12
216 596
217 60
217 63
218 29
218 60
218 77
218 96
219 39
219 40
221 101
221 691
221 785
222 8
222 54
223 52
224 34
224 44
224 76
224 90
224 98
225 76
227 36
227 89
227 399
228 0
228 58
228 427
229 30
229 961
230 69
231 45
233 2
233 21
235 6
235 92
236 31
236 98
236 545
237 72
239 23
241 25
241 53
241 72
241 94
242 1
242 617
242 903
244 615
245 100
246 278
246 909
246 989
248 38
249 49
250 45
251 4
253 5
253 95
254 27
254 28
255 20
255 67
255 370
255 788
256 34
256 86
256 437
256 802
257 89
258 37
258 98
259 3
260 51
261 3
261 96
262 44
263 15
263 77
264 86
265 150
265 587
265 744
266 1
266 4
266 14
266 44
266 71
266 365
267 3
267 442
269 23
270 72
271 2
271 89
272 67
273 17
273 101
274 0
274 33
275 14
275 148
277 44
277 649
278 1
278 77
278 117
279 67
279 87
280 22
280 62
280 87
282 6
282 75
282 133
282 497
284 26
284 72
284 95
285 106
286 51
286 73
287 80
287 199
290 1021
291 64
291 93
291 95
291 99
292 13
292 18
292 53
293 42
295 0
296 84
297 33
297 59
297 627
298 403
299 35
300 33
300 83
301 36
301 94
302 53
302 69
302 97
302 265
303 70
305 88
306 16
306 643
307 3
307 48
307 77
310 898
311 3
311 284
311 660
312 14
312 59
314 52
315 13
315 47
316 85
317 6
317 21
317 91
318 27
318 56
319 7
319 13
319 22
319 34
319 755
320 446
321 50
322 30
323 79
323 91
324 33
325 82
326 125
327 58
327 68
327 1010
328 609
330 8
330 71
330 87
331 834
332 1
333 13
333 74
334 42
335 16
335 70
335 208
336 646
337 52
337 101
337 334
338 4
338 16
338 288
338 706
340 362
341 13
341 98
342 51
343 59
344 90
345 51
346 480
348 20
348 28
348 43
348 57
348 78
348 378
349 43
349 705
350 13
350 75
350 86
350 99
351 15
352 71
353 42
353 61
354 72
354 555
354 890
355 62
355 69
355 97
356 19
356 75
358 43
358 74
358 121
358 123
359 30
359 589
361 12
361 50
361 51
361 64
361 525
362 65
362 80
362 162
363 2
363 282
363 1017
366 4
366 47
366 57
366 87
366 98
367 51
368 12
369 14
369 91
370 52
371 40
371 63
371 82
372 7
372 96
372 129
373 34
373 52
373 174
374 75
375 4
375 10
375 51
375 90
376 84
377 96
377 652
380 19
381 44
381 79
382 62
383 88
384 74
385 11
386 58
388 67
388 86
389 1
389 99
389 357
390 809
391 79
393 100
394 901
395 75
396 34
398 6
398 13
398 78
398 600
399 29
399 32
399 36
399 699
400 12
400 52
402 61
402 454
404 1
404 53
405 16
405 40
405 55
405 85
406 54
407 19
408 7
408 563
409 88
409 97
410 18
411 87
412 81
413 99
414 44
414 259
415 47
416 57
417 5
417 24
417 34
417 976
420 89
420 124
421 32
422 67
423 62
423 445
425 2
425 19
425 76
426 90
427 4
427 20
427 22
428 53
429 7
429 772
430 145
431 22
431 222
431 401
432 162
433 58
434 0
434 15
435 35
437 87
438 57
438 61
439 121
440 93
441 18
441 31
441 58
441 64
441 99
442 38
444 5
444 68
445 70
445 85
445 92
446 4
446 55
448 53
448 96
449 2
449 14
449 51
451 84
451 93
453 9
455 56
456 6
456 823
457 10
457 48
457 61
457 490
458 20
459 22
460 84
460 395
461 73
462 2
462 35
462 75
462 94
462 445
463 16
463 45
463 98
463 711
464 13
464 30
464 36
464 88
464 260
465 87
467 1
467 19
467 95
467 358
468 14
468 23
468 92
469 44
470 50
473 65
474 45
474 84
475 61
475 658
476 189
479 5
479 39
479 370
482 106
482 393
483 24
483 60
485 77
485 90
486 13
486 65
487 27
487 40
487 962
488 96
489 18
490 19
491 56
491 68
492 49
494 7
494 8
494 91
495 93
495 98
497 18
497 30
497 56
498 62
499 73
500 14
500 19
500 51
500 63
500 91
500 101
501 72
502 57
502 98
502 667
503 58
503 851
504 41
505 54
505 76
505 429
507 2
507 296
508 14
508 932
511 37
511 100
511 917
512 40
513 14
513 37
513 859
514 18
514 27
515 2
515 26
515 54
515 686
516 78
517 59
519 9
519 74
519 727
520 17
520 55
520 62
521 6
521 55
521 89
522 21
522 855
523 28
523 547
524 17
524 141
526 73
526 95
527 15
527 533
527 768
528 9
528 54
528 56
528 127
528 932
529 41
529 57
529 85
530 74
530 79
530 88
531 231
532 53
532 806
534 647
535 1
535 69
536 9
536 71
537 184
538 21
538 79
541 79
541 96
542 10
543 30
543 308
544 52
544 528
545 50
546 25
546 34
546 73
546 91
548 15
548 77
548 90
550 61
551 91
552 16
555 24
555 25
556 74
556 85
557 9
557 24
557 669
558 2
558 24
560 63
562 24
563 74
563 134
564 10
564 83
564 92
565 44
566 27
568 30
568 534
569 60
570 0
570 38
571 339
572 40
573 9
573 53
574 29
574 92
576 13
576 59
576 125
576 507
576 920
577 734
578 72
579 59
579 66
580 16
580 30
581 32
582 78
583 24
584 11
584 16
584 46
585 9
585 38
585 74
585 774
586 976
587 46
589 10
590 806
591 56
591 503
591 816
591 898
592 49
594 23
595 39
595 711
597 89
598 41
598 462
598 524
599 422
599 840
600 70
600 71
600 72
600 99
602 99
602 655
603 66
603 83
604 51
604 97
605 101
605 1023
606 18
606 1012
607 9
607 30
607 65
607 84
608 69
608 95
609 64
610 34
610 70
611 10
612 21
612 31
613 3
613 30
613 50
613 187
614 24
617 40
617 98
618 72
620 70
621 22
621 83
621 234
623 26
624 21
624 83
624 943
625 13
626 307
627 13
628 8
628 88
629 15
630 4
630 10
630 24
630 39
630 46
630 80
631 22
631 899
631 979
632 9
632 553
634 898
636 123
637 27
637 41
638 67
638 228
639 39
640 79
640 201
641 73
643 100
644 26
646 39
646 86
646 584
647 58
647 198
648 27
649 90
652 2
652 18
652 68
652 329
652 989
653 28
653 44
654 0
654 29
654 98
655 25
655 63
656 425
656 563
657 85
657 95
658 97
659 47
660 6
660 46
660 54
660 238
661 38
662 2
663 46
664 66
665 57
666 796
667 37
667 233
668 69
669 68
670 101
671 840
671 865
672 871
673 16
674 75
676 33
676 35
676 90
676 94
676 291
676 920
678 99
679 11
679 61
680 11
680 72
680 427
681 13
681 46
681 61
681 591
682 43
684 63
685 68
685 537
686 273
687 70
688 71
689 52
690 65
690 961
691 27
692 36
692 362
693 161
694 34
694 654
695 61
695 982
696 48
696 53
696 177
697 33
697 259
698 24
699 13
699 19
699 732
700 44
700 84
702 34
702 53
702 85
703 56
703 57
703 961
704 55
704 61
704 288
705 17
705 49
706 60
707 83
708 13
708 97
709 43
709 95
710 32
711 58
711 61
712 3
712 88
713 2
713 80
714 35
714 99
715 63
716 25
717 36
717 990
718 6
718 13
718 141
718 438
719 66
719 90
721 90
722 49
722 85
723 2
723 268
723 797
724 29
724 61
724 600
726 14
726 18
727 24
727 29
729 8
729 32
730 919
731 74
732 17
732 64
732 67
732 117
734 27
734 31
734 54
735 3
735 790
736 0
737 79
738 74
738 88
739 15
739 36
740 12
740 31
741 71
741 646
744 170
744 205
745 39
745 64
746 64
746 80
746 101
747 59
747 63
748 43
749 22
749 679
750 99
753 33
753 79
754 7
754 48
754 85
756 49
756 92
756 93
757 22
757 35
757 46
757 51
758 2
758 11
758 47
758 80
758 90
759 59
759 74
759 85
761 12
761 61
761 795
762 208
763 41
763 52
763 62
763 89
763 395
764 55
764 125
765 270
766 1
766 768
767 54
768 3
768 94
768 449
769 87
770 37
771 35
771 49
771 83
771 98
772 80
772 249
773 47
773 99
774 20
775 650
776 13
777 15
777 65
777 568
778 90
778 95
778 258
779 11
780 89
780 849
783 49
783 86
784 753
785 341
786 13
786 15
787 38
787 50
787 85
788 27
790 35
790 40
790 57
791 27
791 111
792 414
793 44
794 59
795 29
796 40
796 78
797 63
797 90
798 73
798 750
799 28
799 40
799 52
799 919
802 32
803 7
803 74
805 49
806 16
806 98
807 10
807 56
807 79
808 358
809 90
812 9
812 30
813 46
813 68
814 18
814 461
815 3
815 85
815 354
815 553
816 34
817 37
817 67
818 9
819 309
821 1021
823 43
823 86
823 597
824 47
825 29
825 67
825 77
826 1007
828 13
828 36
828 49
828 61
828 83
828 507
831 623
832 319
832 606
832 937
833 15
833 29
835 1
835 83
836 81
837 40
838 34
839 72
841 23
842 66
844 38
844 50
845 68
845 975
846 7
846 35
847 5
848 14
848 43
848 372
848 648
850 98
851 94
852 89
852 636
852 979
853 872
854 55
856 71
856 281
857 100
857 662
858 86
858 88
859 29
859 48
859 66
859 383
860 62
860 420
860 720
861 9
862 33
862 829
863 4
863 38
863 632
864 204
865 268
866 16
866 90
867 51
867 957
869 2
869 93
870 25
870 75
870 81
872 40
872 74
874 27
874 76
874 730
874 921
875 26
876 74
876 844
880 20
880 35
880 49
882 63
882 391
882 610
883 16
883 95
884 72
884 96
885 84
886 60
887 13
888 42
889 51
889 88
892 17
893 73
894 68
894 75
896 26
896 70
896 100
898 20
898 44
898 100
899 49
899 50
899 98
900 100
901 1
901 26
901 78
901 87
902 185
903 30
904 55
904 57
908 992
909 41
909 57
910 5
912 92
912 138
912 989
913 2
913 45
913 59
914 79
914 96
914 182
916 8
916 40
916 44
916 55
916 73
916 81
916 824
918 81
920 26
921 46
921 72
921 278
921 774
923 63
923 510
923 619
924 55
924 77
925 34
925 787
926 100
927 20
927 33
928 77
928 178
929 31
929 74
929 88
929 914
930 61
930 92
932 65
932 66
933 14
933 207
934 17
934 21
934 101
935 18
936 83
936 90
937 4
937 571
938 65
938 76
939 26
939 304
940 42
940 60
940 97
941 46
941 236
942 33
942 781
943 100
943 101
944 45
946 3
946 30
946 62
946 84
947 19
948 17
948 61
948 63
948 89
949 33
949 52
949 239
949 590
949 1007
950 51
950 712
950 979
951 1
951 9
951 66
952 93
953 18
954 20
954 92
955 55
955 92
955 791
956 64
957 27
957 67
958 54
959 910
960 37
960 60
960 69
960 87
960 95
961 724
962 0
962 68
962 929
963 19
963 40
963 518
965 0
966 15
966 57
967 960
968 7
968 47
969 61
969 73
969 782
970 920
972 398
972 833
972 924
973 6
973 12
973 42
973 49
973 773
974 610
976 13
976 67
976 325
978 40
978 42
978 90
979 530
981 43
981 74
981 700
981 1003
982 49
983 38
983 43
983 52
985 99
986 32
986 75
987 87
987 90
987 857
990 1
990 73
990 74
990 472
991 75
991 390
992 21
992 77
993 23
994 82
994 96
996 2
996 19
997 7
997 14
997 44
997 51
998 5
998 29
999 49
999 74
999 95
999 845
1000 39
1001 6
1001 48
1001 101
1002 51
1002 80
1002 200
1005 112
1006 28
1007 13
1007 20
1007 71
1008 11
1008 18
1008 205
1008 967
1009 38
1009 48
1009 64
1009 84
1009 261
1009 594
1010 37
1010 39
1010 641
1011 56
1013 69
1013 97
1013 519
1015 18
1015 45
1017 183
1018 39
1018 73
1018 99
1019 55
1019 583
1020 13
1020 796
1021 77
1022 8
1022 69
1023 81
