0 5
0 6
0 9
0 12
0 16
0 17
0 19
0 20
0 26
0 27
0 34
0 35
0 36
0 40
0 42
0 46
0 57
0 62
0 66
0 70
0 74
0 76
0 77
0 78
0 79
0 81
0 90
0 94
0 96
0 97
0 127
0 161
0 298
0 299
0 314
0 344
0 411
0 424
0 546
0 768
0 971
0 1004
1 2
1 3
1 9
1 16
1 19
1 28
1 29
1 30
1 31
1 38
1 41
1 43
1 45
1 46
1 48
1 49
1 50
1 51
1 53
1 54
1 57
1 63
1 72
1 73
1 74
1 75
1 79
1 81
1 83
1 84
1 85
1 86
1 87
1 92
1 94
1 97
1 101
1 312
1 342
1 598
1 666
1 722
1 806
1 816
1 891
1 965
2 1
2 3
2 5
2 7
2 10
2 11
2 14
2 15
2 21
2 23
2 27
2 28
2 31
2 32
2 34
2 35
2 37
2 40
2 43
2 44
2 45
2 48
2 50
2 53
2 54
2 55
2 57
2 58
2 59
2 64
2 67
2 69
2 71
2 72
2 74
2 83
2 84
2 86
2 93
2 99
2 177
2 344
2 444
2 763
2 780
2 993
2 1014
3 2
3 5
3 11
3 13
3 14
3 16
3 18
3 20
3 24
3 26
3 28
3 32
3 37
3 39
3 43
3 47
3 51
3 53
3 54
3 64
3 65
3 67
3 68
3 81
3 83
3 88
3 90
3 91
3 92
3 95
3 96
3 97
3 98
3 101
3 270
3 310
3 333
3 497
3 526
3 528
3 545
3 561
3 569
3 638
3 974
3 994
4 0
4 3
4 8
4 12
4 13
4 14
4 15
4 16
4 17
4 20
4 21
4 26
4 28
4 30
4 36
4 39
4 41
4 43
4 49
4 51
4 53
4 55
4 56
4 58
4 62
4 63
4 64
4 71
4 72
4 73
4 75
4 78
4 82
4 83
4 85
4 86
4 88
4 90
4 99
4 101
4 115
4 125
4 163
4 255
4 457
4 468
4 633
4 726
4 763
4 813
4 835
5 0
5 1
5 9
5 18
5 20
5 21
5 23
5 24
5 26
5 27
5 29
5 31
5 34
5 36
5 38
5 43
5 54
5 56
5 58
5 65
5 68
5 71
5 73
5 74
5 77
5 78
5 82
5 83
5 84
5 87
5 89
5 96
5 99
5 101
5 204
5 460
5 595
5 757
5 783
5 788
5 852
5 941
5 1016
5 1021
6 4
6 9
6 15
6 16
6 21
6 29
6 30
6 31
6 32
6 33
6 36
6 38
6 39
6 42
6 43
6 44
6 47
6 48
6 49
6 52
6 55
6 58
6 62
6 63
6 64
6 65
6 66
6 67
6 68
6 69
6 72
6 78
6 81
6 83
6 84
6 86
6 87
6 88
6 97
6 99
6 150
6 181
6 334
6 471
6 568
6 733
6 746
6 894
7 4
7 5
7 10
7 12
7 15
7 16
7 20
7 22
7 25
7 28
7 29
7 30
7 31
7 32
7 33
7 34
7 35
7 44
7 47
7 49
7 56
7 59
7 63
7 69
7 71
7 72
7 73
7 75
7 76
7 80
7 81
7 82
7 84
7 89
7 91
7 92
7 96
7 97
7 98
7 100
7 206
7 307
7 343
7 362
7 462
7 603
7 604
7 615
7 775
7 803
7 850
7 900
7 914
8 2
8 5
8 6
8 7
8 9
8 12
8 13
8 18
8 19
8 25
8 29
8 38
8 40
8 41
8 44
8 46
8 52
8 55
8 57
8 59
8 60
8 63
8 65
8 72
8 78
8 79
8 84
8 85
8 86
8 89
8 91
8 101
8 105
8 197
8 316
8 324
8 458
8 636
8 733
8 772
8 815
8 866
8 988
9 4
9 16
9 20
9 22
9 23
9 25
9 27
9 30
9 33
9 36
9 38
9 43
9 46
9 48
9 52
9 53
9 55
9 58
9 60
9 68
9 74
9 76
9 77
9 79
9 82
9 84
9 86
9 88
9 89
9 93
9 94
9 100
9 101
9 114
9 233
9 270
9 354
9 368
9 380
9 411
9 494
9 509
9 743
9 778
9 796
9 909
9 926
9 946
9 981
10 3
10 5
10 8
10 12
10 14
10 19
10 26
10 31
10 33
10 34
10 35
10 40
10 43
10 49
10 52
10 53
10 67
10 72
10 73
10 74
10 77
10 82
10 85
10 87
10 88
10 89
10 94
10 96
10 97
10 98
10 130
10 257
10 453
10 528
10 683
10 769
10 779
10 807
10 849
10 871
10 877
10 908
11 0
11 5
11 7
11 12
11 14
11 15
11 17
11 18
11 19
11 20
11 21
11 22
11 25
11 26
11 27
11 30
11 34
11 36
11 39
11 41
11 50
11 52
11 55
11 58
11 60
11 63
11 64
11 67
11 75
11 76
11 78
11 79
11 81
11 83
11 85
11 86
11 87
11 91
11 93
11 97
11 115
11 220
11 317
11 533
11 558
11 602
11 786
11 931
11 1012
12 2
12 4
12 8
12 9
12 11
12 20
12 23
12 24
12 25
12 31
12 32
12 35
12 40
12 45
12 48
12 55
12 60
12 61
12 62
12 67
12 70
12 71
12 77
12 78
12 81
12 83
12 86
12 87
12 89
12 93
12 101
12 109
12 131
12 140
12 159
12 272
12 424
12 633
12 750
12 842
12 973
13 0
13 8
13 11
13 12
13 14
13 16
13 18
13 23
13 24
13 29
13 30
13 31
13 34
13 36
13 37
13 39
13 41
13 44
13 45
13 46
13 56
13 64
13 66
13 71
13 72
13 75
13 76
13 80
13 82
13 84
13 85
13 87
13 89
13 90
13 95
13 97
13 99
13 100
13 198
13 334
13 345
13 505
13 552
13 697
13 702
13 793
13 845
13 884
13 929
13 957
13 1012
14 0
14 4
14 5
14 6
14 15
14 19
14 20
14 21
14 28
14 33
14 35
14 36
14 38
14 40
14 41
14 43
14 44
14 45
14 48
14 49
14 50
14 51
14 55
14 56
14 60
14 62
14 69
14 70
14 72
14 74
14 75
14 76
14 77
14 81
14 83
14 87
14 88
14 95
14 97
14 100
14 242
14 256
14 277
14 495
14 613
14 818
14 844
14 934
14 941
14 944
14 955
15 0
15 1
15 3
15 5
15 9
15 10
15 13
15 17
15 18
15 20
15 22
15 23
15 26
15 27
15 31
15 34
15 35
15 36
15 37
15 43
15 44
15 45
15 46
15 48
15 53
15 55
15 57
15 59
15 60
15 66
15 69
15 74
15 76
15 77
15 78
15 79
15 82
15 85
15 91
15 93
15 94
15 97
15 98
15 99
15 100
15 151
15 197
15 280
15 338
15 368
15 387
15 393
15 405
15 434
15 532
15 565
15 567
15 573
15 876
15 915
15 964
15 970
16 0
16 3
16 6
16 7
16 9
16 14
16 19
16 37
16 46
16 51
16 53
16 54
16 58
16 59
16 60
16 62
16 64
16 65
16 66
16 68
16 69
16 70
16 72
16 78
16 82
16 83
16 85
16 87
16 88
16 89
16 90
16 93
16 97
16 99
16 100
16 200
16 399
16 505
16 667
16 741
16 767
16 770
16 774
16 912
16 993
17 0
17 3
17 4
17 6
17 8
17 11
17 14
17 15
17 16
17 19
17 24
17 32
17 34
17 40
17 41
17 48
17 56
17 57
17 62
17 63
17 65
17 67
17 68
17 69
17 73
17 74
17 82
17 85
17 86
17 87
17 88
17 89
17 94
17 96
17 101
17 152
17 215
17 289
17 388
17 396
17 431
17 641
17 696
17 951
17 976
18 2
18 3
18 4
18 7
18 9
18 11
18 12
18 13
18 16
18 21
18 24
18 26
18 28
18 30
18 33
18 38
18 44
18 46
18 47
18 48
18 52
18 54
18 60
18 62
18 65
18 69
18 70
18 79
18 81
18 85
18 87
18 88
18 91
18 93
18 96
18 97
18 98
18 133
18 155
18 180
18 224
18 309
18 422
18 425
18 429
18 470
18 474
18 504
18 531
18 576
18 670
18 702
18 832
18 852
19 0
19 2
19 6
19 7
19 10
19 14
19 18
19 20
19 23
19 25
19 29
19 33
19 37
19 40
19 42
19 43
19 44
19 55
19 59
19 60
19 64
19 65
19 67
19 70
19 75
19 78
19 81
19 85
19 86
19 89
19 95
19 101
19 135
19 156
19 189
19 281
19 299
19 397
19 450
19 515
19 524
19 733
19 806
19 845
19 916
19 968
20 1
20 2
20 4
20 10
20 11
20 13
20 17
20 19
20 33
20 34
20 35
20 41
20 44
20 49
20 50
20 52
20 60
20 68
20 71
20 72
20 73
20 77
20 81
20 85
20 86
20 87
20 88
20 89
20 91
20 99
20 100
20 143
20 157
20 352
20 388
20 587
20 615
20 655
20 843
20 894
20 1009
20 1021
21 0
21 3
21 5
21 7
21 9
21 11
21 12
21 14
21 17
21 18
21 26
21 27
21 28
21 30
21 33
21 40
21 41
21 43
21 44
21 45
21 47
21 48
21 50
21 52
21 55
21 59
21 62
21 64
21 70
21 73
21 75
21 82
21 84
21 93
21 94
21 96
21 97
21 100
21 180
21 201
21 310
21 390
21 448
21 452
21 457
21 553
21 617
21 630
21 662
21 720
21 767
21 808
21 956
22 2
22 3
22 11
22 13
22 15
22 18
22 21
22 24
22 26
22 31
22 34
22 36
22 38
22 43
22 44
22 46
22 53
22 55
22 58
22 61
22 63
22 64
22 65
22 67
22 69
22 72
22 75
22 77
22 78
22 81
22 86
22 87
22 89
22 90
22 91
22 92
22 93
22 94
22 96
22 101
22 167
22 299
22 538
22 552
22 659
22 699
22 835
22 873
22 997
23 4
23 6
23 8
23 9
23 10
23 11
23 12
23 13
23 15
23 18
23 20
23 21
23 25
23 29
23 30
23 36
23 38
23 40
23 41
23 45
23 49
23 50
23 52
23 54
23 55
23 59
23 61
23 64
23 65
23 72
23 76
23 77
23 79
23 80
23 82
23 84
23 89
23 91
23 97
23 98
23 126
23 170
23 318
23 443
23 707
23 764
23 772
23 813
23 870
23 918
24 2
24 4
24 5
24 6
24 8
24 12
24 13
24 15
24 16
24 20
24 22
24 23
24 25
24 26
24 27
24 30
24 32
24 34
24 37
24 38
24 41
24 44
24 48
24 52
24 53
24 54
24 55
24 56
24 62
24 64
24 65
24 66
24 67
24 68
24 81
24 87
24 88
24 90
24 92
24 94
24 97
24 99
24 161
24 258
24 390
24 544
24 577
24 662
24 722
24 724
24 728
24 904
24 1020
25 1
25 3
25 12
25 14
25 15
25 18
25 21
25 22
25 26
25 27
25 31
25 32
25 33
25 39
25 42
25 43
25 44
25 45
25 46
25 50
25 53
25 56
25 57
25 65
25 71
25 73
25 75
25 76
25 78
25 79
25 85
25 86
25 87
25 89
25 90
25 91
25 93
25 94
25 97
25 99
25 100
25 119
25 327
25 465
25 538
25 684
25 711
25 940
25 943
25 946
26 0
26 4
26 5
26 6
26 7
26 8
26 13
26 19
26 23
26 24
26 27
26 28
26 29
26 32
26 39
26 40
26 41
26 45
26 46
26 49
26 51
26 53
26 54
26 62
26 64
26 66
26 72
26 73
26 77
26 79
26 83
26 90
26 91
26 93
26 95
26 97
26 98
26 99
26 100
26 101
26 142
26 218
26 267
26 400
26 599
26 681
26 705
26 752
26 823
26 832
26 846
26 848
26 951
27 0
27 1
27 2
27 10
27 14
27 15
27 17
27 18
27 19
27 22
27 24
27 30
27 32
27 35
27 38
27 42
27 43
27 44
27 45
27 51
27 52
27 53
27 55
27 64
27 66
27 67
27 68
27 74
27 83
27 89
27 90
27 93
27 100
27 119
27 144
27 226
27 677
27 743
27 812
27 845
27 870
27 884
28 1
28 3
28 11
28 13
28 14
28 15
28 16
28 20
28 22
28 24
28 26
28 27
28 29
28 31
28 33
28 36
28 38
28 39
28 44
28 46
28 52
28 55
28 56
28 57
28 63
28 70
28 75
28 79
28 80
28 85
28 88
28 89
28 90
28 91
28 92
28 93
28 101
28 117
28 169
28 194
28 278
28 285
28 379
28 602
28 687
28 889
28 904
29 3
29 4
29 5
29 9
29 11
29 13
29 17
29 22
29 23
29 24
29 27
29 30
29 31
29 33
29 35
29 37
29 39
29 40
29 42
29 43
29 48
29 50
29 52
29 56
29 57
29 59
29 62
29 65
29 73
29 75
29 77
29 78
29 81
29 88
29 89
29 94
29 98
29 141
29 146
29 151
29 165
29 210
29 228
29 285
29 344
29 478
29 628
29 640
29 738
29 810
29 830
29 913
29 959
29 971
30 3
30 8
30 10
30 11
30 12
30 13
30 18
30 19
30 20
30 22
30 26
30 31
30 36
30 41
30 42
30 45
30 46
30 49
30 60
30 63
30 64
30 65
30 71
30 76
30 77
30 81
30 85
30 86
30 91
30 92
30 95
30 96
30 98
30 100
30 167
30 197
30 200
30 313
30 674
30 880
30 882
30 991
31 0
31 1
31 3
31 4
31 6
31 8
31 9
31 11
31 14
31 15
31 17
31 21
31 25
31 26
31 28
31 29
31 32
31 40
31 41
31 42
31 46
31 51
31 52
31 53
31 55
31 56
31 57
31 60
31 62
31 64
31 66
31 71
31 73
31 74
31 84
31 85
31 87
31 92
31 94
31 95
31 99
31 100
31 101
31 151
31 267
31 406
31 496
31 629
31 813
31 945
31 999
32 1
32 5
32 7
32 12
32 14
32 16
32 17
32 19
32 20
32 21
32 24
32 28
32 29
32 30
32 31
32 36
32 38
32 47
32 52
32 57
32 58
32 59
32 62
32 64
32 67
32 68
32 72
32 73
32 78
32 79
32 87
32 90
32 92
32 93
32 101
32 129
32 192
32 194
32 478
32 652
32 656
32 827
32 829
32 863
32 952
33 1
33 8
33 14
33 15
33 19
33 21
33 22
33 29
33 31
33 32
33 39
33 40
33 46
33 52
33 53
33 54
33 56
33 57
33 59
33 61
33 62
33 63
33 65
33 68
33 72
33 74
33 78
33 79
33 86
33 90
33 92
33 93
33 99
33 229
33 389
33 430
33 579
33 616
33 778
33 780
33 921
33 943
33 1019
34 1
34 3
34 8
34 13
34 14
34 25
34 27
34 29
34 35
34 37
34 38
34 39
34 42
34 47
34 48
34 50
34 52
34 54
34 56
34 58
34 59
34 64
34 66
34 70
34 72
34 74
34 80
34 81
34 82
34 85
34 87
34 88
34 89
34 91
34 97
34 99
34 100
34 115
34 150
34 151
34 255
34 281
34 333
34 382
34 478
34 539
34 542
34 575
34 580
34 739
34 779
34 783
34 792
34 872
34 905
34 927
34 1010
34 1021
35 1
35 12
35 13
35 15
35 18
35 20
35 21
35 22
35 26
35 34
35 36
35 37
35 38
35 39
35 41
35 42
35 45
35 47
35 48
35 50
35 51
35 53
35 55
35 56
35 57
35 60
35 62
35 63
35 64
35 66
35 70
35 71
35 73
35 83
35 84
35 88
35 89
35 90
35 94
35 206
35 290
35 409
35 413
35 688
35 794
35 808
35 863
36 7
36 8
36 10
36 11
36 13
36 14
36 17
36 22
36 23
36 34
36 39
36 42
36 43
36 45
36 50
36 51
36 54
36 59
36 63
36 66
36 71
36 72
36 74
36 80
36 81
36 83
36 84
36 86
36 94
36 96
36 98
36 107
36 175
36 414
36 487
36 532
36 603
36 740
36 822
36 893
36 1002
37 2
37 8
37 11
37 13
37 14
37 16
37 18
37 19
37 32
37 34
37 36
37 39
37 45
37 46
37 48
37 49
37 50
37 52
37 54
37 56
37 57
37 58
37 60
37 63
37 65
37 70
37 72
37 73
37 76
37 77
37 78
37 79
37 81
37 82
37 83
37 85
37 86
37 88
37 91
37 94
37 99
37 100
37 121
37 167
37 194
37 272
37 273
37 308
37 612
37 614
37 749
37 769
37 796
37 819
37 837
37 847
37 922
37 944
37 982
37 990
38 0
38 1
38 4
38 5
38 6
38 9
38 11
38 12
38 13
38 15
38 20
38 26
38 27
38 28
38 30
38 32
38 35
38 36
38 37
38 39
38 42
38 45
38 48
38 49
38 50
38 51
38 55
38 57
38 60
38 62
38 64
38 65
38 66
38 68
38 69
38 75
38 78
38 81
38 85
38 88
38 90
38 92
38 94
38 96
38 97
38 98
38 100
38 222
38 426
38 792
38 950
38 977
39 0
39 2
39 3
39 5
39 6
39 9
39 10
39 11
39 13
39 18
39 19
39 21
39 22
39 27
39 29
39 32
39 33
39 43
39 45
39 50
39 51
39 53
39 54
39 60
39 63
39 64
39 66
39 70
39 73
39 75
39 79
39 84
39 86
39 89
39 90
39 93
39 97
39 98
39 100
39 118
39 180
39 237
39 392
39 412
39 413
39 443
39 466
39 570
39 619
39 704
39 750
39 913
39 1022
40 1
40 4
40 6
40 10
40 18
40 24
40 25
40 27
40 28
40 30
40 38
40 42
40 44
40 48
40 56
40 58
40 62
40 63
40 64
40 65
40 69
40 72
40 73
40 75
40 78
40 80
40 84
40 87
40 92
40 94
40 95
40 99
40 236
40 354
40 396
40 479
40 527
40 699
40 761
40 788
40 796
40 905
40 1013
41 0
41 4
41 7
41 8
41 15
41 16
41 20
41 24
41 25
41 26
41 27
41 28
41 31
41 38
41 46
41 50
41 53
41 59
41 62
41 63
41 66
41 67
41 69
41 74
41 78
41 81
41 84
41 87
41 88
41 90
41 93
41 96
41 97
41 100
41 157
41 285
41 356
41 563
41 581
41 587
41 675
41 721
41 725
42 0
42 3
42 5
42 6
42 8
42 10
42 17
42 23
42 28
42 30
42 38
42 40
42 44
42 45
42 46
42 65
42 66
42 69
42 71
42 79
42 82
42 84
42 91
42 92
42 189
42 238
42 273
42 323
42 499
42 544
42 640
42 649
42 685
42 785
42 907
42 991
43 0
43 1
43 6
43 9
43 10
43 15
43 21
43 23
43 26
43 27
43 28
43 33
43 35
43 37
43 46
43 48
43 49
43 54
43 55
43 57
43 58
43 59
43 62
43 65
43 69
43 70
43 71
43 76
43 77
43 84
43 85
43 86
43 88
43 89
43 97
43 158
43 279
43 295
43 376
43 477
43 566
43 623
43 705
43 706
43 709
43 870
44 2
44 6
44 7
44 8
44 9
44 15
44 21
44 23
44 27
44 28
44 29
44 31
44 34
44 38
44 39
44 41
44 43
44 45
44 49
44 51
44 53
44 54
44 56
44 57
44 63
44 64
44 65
44 67
44 68
44 77
44 81
44 87
44 88
44 90
44 92
44 94
44 98
44 143
44 180
44 267
44 336
44 468
44 507
44 544
44 556
44 583
44 818
44 819
44 932
45 1
45 2
45 3
45 10
45 11
45 12
45 13
45 20
45 21
45 24
45 25
45 26
45 27
45 28
45 31
45 32
45 34
45 37
45 39
45 41
45 43
45 49
45 50
45 51
45 53
45 54
45 55
45 60
45 61
45 64
45 68
45 73
45 74
45 78
45 83
45 86
45 95
45 96
45 99
45 141
45 439
45 446
45 467
45 537
45 538
45 562
45 585
45 820
45 825
45 846
45 894
45 914
45 952
45 993
45 1000
45 1020
46 5
46 8
46 18
46 20
46 29
46 36
46 37
46 41
46 42
46 43
46 47
46 48
46 49
46 54
46 55
46 57
46 65
46 66
46 67
46 70
46 71
46 79
46 80
46 89
46 90
46 94
46 95
46 100
46 225
46 287
46 629
46 647
46 688
46 769
46 825
46 885
46 924
47 2
47 3
47 6
47 8
47 14
47 19
47 21
47 27
47 30
47 33
47 34
47 38
47 39
47 46
47 49
47 52
47 54
47 59
47 65
47 66
47 67
47 69
47 70
47 71
47 72
47 75
47 80
47 83
47 86
47 89
47 95
47 96
47 98
47 99
47 149
47 188
47 204
47 445
47 590
47 635
47 866
47 981
47 1016
48 2
48 7
48 8
48 17
48 18
48 19
48 22
48 25
48 26
48 44
48 45
48 47
48 53
48 55
48 59
48 64
48 67
48 80
48 82
48 85
48 86
48 90
48 92
48 99
48 100
48 231
48 234
48 338
48 601
48 750
48 855
48 1001
49 1
49 2
49 3
49 5
49 7
49 12
49 14
49 17
49 19
49 24
49 28
49 29
49 30
49 34
49 35
49 39
49 41
49 42
49 43
49 44
49 46
49 52
49 53
49 57
49 58
49 60
49 63
49 64
49 70
49 75
49 78
49 79
49 80
49 84
49 87
49 88
49 90
49 94
49 95
49 98
49 99
49 135
49 190
49 413
49 456
49 671
49 832
49 859
49 897
50 0
50 1
50 2
50 3
50 5
50 7
50 8
50 11
50 18
50 19
50 28
50 30
50 34
50 35
50 37
50 40
50 42
50 46
50 48
50 53
50 54
50 58
50 59
50 64
50 67
50 68
50 69
50 70
50 78
50 80
50 81
50 85
50 86
50 87
50 91
50 93
50 97
50 98
50 101
50 127
50 141
50 212
50 305
50 494
50 526
50 553
50 556
50 562
50 644
50 693
50 729
50 909
51 0
51 2
51 7
51 8
51 11
51 13
51 14
51 15
51 17
51 18
51 21
51 23
51 29
51 30
51 32
51 35
51 38
51 41
51 43
51 49
51 54
51 55
51 56
51 57
51 58
51 60
51 62
51 69
51 72
51 74
51 75
51 76
51 81
51 82
51 88
51 89
51 94
51 95
51 100
51 126
51 133
51 144
51 180
51 235
51 237
51 244
51 247
51 288
51 562
51 727
51 815
51 841
51 881
51 884
51 934
51 987
52 2
52 3
52 5
52 7
52 11
52 14
52 19
52 20
52 21
52 22
52 25
52 26
52 29
52 31
52 32
52 36
52 41
52 42
52 44
52 48
52 49
52 54
52 55
52 59
52 60
52 66
52 68
52 78
52 79
52 80
52 81
52 82
52 84
52 85
52 87
52 88
52 97
52 98
52 106
52 107
52 109
52 137
52 282
52 309
52 401
52 515
52 535
52 572
52 759
52 879
52 1009
53 4
53 6
53 9
53 14
53 15
53 17
53 19
53 28
53 30
53 31
53 35
53 39
53 40
53 41
53 51
53 55
53 59
53 64
53 66
53 75
53 76
53 78
53 79
53 82
53 85
53 89
53 92
53 93
53 97
53 114
53 201
53 228
53 396
53 533
53 558
53 579
53 645
53 727
53 883
53 1020
54 0
54 4
54 5
54 6
54 7
54 8
54 9
54 10
54 13
54 19
54 22
54 24
54 25
54 26
54 28
54 32
54 34
54 35
54 37
54 38
54 39
54 40
54 44
54 45
54 46
54 48
54 50
54 52
54 55
54 57
54 58
54 62
54 63
54 68
54 71
54 72
54 73
54 74
54 87
54 88
54 90
54 92
54 95
54 97
54 99
54 100
54 101
54 147
54 205
54 277
54 375
54 403
54 416
54 507
54 569
54 574
54 584
54 624
54 640
54 995
55 0
55 2
55 4
55 9
55 14
55 15
55 22
55 24
55 25
55 28
55 40
55 44
55 47
55 48
55 56
55 57
55 58
55 59
55 60
55 61
55 63
55 66
55 68
55 73
55 74
55 78
55 86
55 91
55 93
55 113
55 135
55 227
55 264
55 360
55 499
55 522
55 540
55 918
56 4
56 5
56 6
56 7
56 12
56 16
56 17
56 19
56 20
56 22
56 24
56 27
56 29
56 30
56 33
56 37
56 45
56 50
56 62
56 63
56 64
56 67
56 73
56 76
56 77
56 86
56 88
56 89
56 98
56 228
56 241
56 249
56 289
56 324
56 356
56 403
56 459
56 465
56 557
56 603
56 620
56 712
57 4
57 5
57 6
57 8
57 10
57 15
57 17
57 19
57 31
57 33
57 44
57 46
57 48
57 53
57 58
57 60
57 69
57 70
57 71
57 73
57 74
57 75
57 77
57 79
57 81
57 83
57 85
57 91
57 93
57 94
57 96
57 100
57 113
57 187
57 259
57 322
57 403
57 438
57 513
57 567
57 767
57 784
57 816
57 837
57 866
58 2
58 3
58 4
58 5
58 8
58 13
58 15
58 16
58 20
58 22
58 24
58 27
58 29
58 30
58 32
58 34
58 35
58 36
58 40
58 41
58 48
58 53
58 55
58 57
58 61
58 62
58 65
58 66
58 69
58 76
58 77
58 82
58 84
58 91
58 92
58 93
58 94
58 95
58 98
58 99
58 101
58 189
58 274
58 336
58 359
58 375
58 383
58 449
58 464
58 503
58 847
58 927
58 977
58 1010
59 0
59 3
59 4
59 5
59 6
59 7
59 9
59 19
59 22
59 35
59 38
59 39
59 45
59 47
59 48
59 49
59 50
59 60
59 65
59 69
59 71
59 73
59 74
59 77
59 83
59 85
59 87
59 92
59 93
59 95
59 97
59 99
59 215
59 237
59 303
59 324
59 469
59 572
59 635
59 640
59 656
59 777
60 3
60 4
60 5
60 9
60 13
60 14
60 15
60 18
60 21
60 24
60 25
60 26
60 28
60 35
60 36
60 43
60 47
60 48
60 50
60 51
60 54
60 64
60 66
60 67
60 81
60 83
60 87
60 88
60 92
60 94
60 96
60 97
60 98
60 100
60 216
60 464
60 473
60 553
60 590
60 595
60 672
60 698
60 798
60 822
60 825
60 827
60 842
61 5
61 10
61 11
61 15
61 18
61 21
61 23
61 27
61 28
61 30
61 34
61 39
61 40
61 41
61 43
61 44
61 50
61 52
61 53
61 60
61 62
61 63
61 67
61 70
61 77
61 79
61 90
61 98
61 100
61 151
61 285
61 566
61 708
61 729
61 791
61 888
61 1001
61 1016
62 1
62 10
62 11
62 12
62 14
62 20
62 24
62 31
62 34
62 39
62 40
62 42
62 50
62 51
62 53
62 55
62 58
62 60
62 61
62 70
62 71
62 72
62 74
62 82
62 87
62 93
62 94
62 96
62 97
62 99
62 164
62 169
62 238
62 262
62 442
62 477
62 523
62 581
62 648
62 840
62 844
62 912
62 977
63 0
63 4
63 8
63 11
63 12
63 13
63 15
63 18
63 19
63 23
63 24
63 25
63 27
63 28
63 33
63 35
63 37
63 42
63 43
63 47
63 52
63 59
63 65
63 72
63 74
63 75
63 77
63 80
63 82
63 87
63 89
63 94
63 95
63 155
63 378
63 470
63 488
63 518
63 589
63 590
63 681
63 708
63 799
63 947
64 0
64 2
64 4
64 7
64 8
64 13
64 14
64 16
64 18
64 19
64 23
64 24
64 26
64 28
64 34
64 38
64 40
64 42
64 43
64 46
64 51
64 52
64 58
64 59
64 68
64 71
64 74
64 76
64 77
64 79
64 81
64 84
64 85
64 90
64 94
64 95
64 98
64 100
64 101
64 269
64 336
64 400
64 403
64 456
64 460
64 489
64 534
64 590
64 654
64 677
64 694
64 723
64 733
64 875
64 971
65 0
65 3
65 7
65 13
65 14
65 18
65 21
65 24
65 25
65 26
65 29
65 30
65 32
65 38
65 41
65 45
65 46
65 48
65 54
65 58
65 60
65 61
65 62
65 70
65 81
65 90
65 95
65 97
65 98
65 99
65 101
65 404
65 514
65 531
65 547
65 568
65 602
65 625
65 638
65 868
66 1
66 4
66 7
66 16
66 18
66 19
66 22
66 23
66 24
66 25
66 34
66 37
66 39
66 41
66 42
66 48
66 50
66 58
66 63
66 65
66 67
66 70
66 71
66 72
66 74
66 75
66 78
66 87
66 89
66 90
66 91
66 100
66 157
66 370
66 524
66 587
66 618
66 685
66 686
66 1022
67 0
67 7
67 19
67 20
67 23
67 24
67 27
67 31
67 32
67 34
67 37
67 39
67 44
67 45
67 46
67 50
67 53
67 54
67 59
67 62
67 63
67 69
67 70
67 72
67 73
67 74
67 80
67 81
67 82
67 83
67 87
67 90
67 98
67 221
67 279
67 295
67 482
67 668
67 710
67 783
67 788
67 817
67 899
67 920
68 0
68 3
68 4
68 6
68 7
68 8
68 11
68 13
68 16
68 17
68 25
68 26
68 28
68 29
68 30
68 33
68 48
68 49
68 52
68 53
68 54
68 55
68 58
68 59
68 62
68 66
68 69
68 70
68 71
68 73
68 74
68 78
68 80
68 82
68 83
68 84
68 88
68 89
68 91
68 99
68 101
68 106
68 127
68 146
68 200
68 204
68 311
68 393
68 481
68 561
68 640
68 670
68 781
68 789
68 809
68 1020
69 2
69 6
69 8
69 13
69 17
69 22
69 23
69 24
69 26
69 29
69 30
69 31
69 37
69 42
69 49
69 52
69 54
69 56
69 58
69 61
69 64
69 71
69 74
69 76
69 77
69 81
69 86
69 87
69 90
69 94
69 95
69 97
69 98
69 99
69 101
69 242
69 287
69 299
69 355
69 439
69 649
69 726
69 771
69 840
69 942
69 1003
69 1022
70 0
70 1
70 2
70 3
70 6
70 7
70 14
70 16
70 18
70 21
70 22
70 24
70 26
70 27
70 28
70 29
70 34
70 39
70 44
70 46
70 48
70 49
70 50
70 54
70 55
70 56
70 60
70 61
70 62
70 66
70 76
70 78
70 82
70 84
70 86
70 90
70 92
70 93
70 94
70 95
70 98
70 99
70 100
70 101
70 245
70 392
70 575
70 584
70 668
70 685
70 726
70 802
70 821
70 837
70 864
71 0
71 3
71 5
71 6
71 7
71 9
71 10
71 12
71 15
71 20
71 22
71 23
71 26
71 27
71 29
71 31
71 38
71 39
71 40
71 42
71 46
71 47
71 48
71 50
71 52
71 56
71 60
71 62
71 64
71 66
71 82
71 83
71 84
71 88
71 90
71 97
71 98
71 100
71 101
71 161
71 179
71 212
71 221
71 222
71 252
71 424
71 530
71 533
71 637
71 714
71 778
71 989
72 2
72 10
72 11
72 13
72 14
72 15
72 16
72 19
72 20
72 21
72 24
72 25
72 27
72 28
72 29
72 33
72 40
72 45
72 46
72 52
72 53
72 58
72 59
72 61
72 62
72 63
72 65
72 67
72 68
72 71
72 73
72 86
72 87
72 88
72 89
72 92
72 99
72 100
72 178
72 331
72 346
72 472
72 551
72 655
72 684
72 804
72 952
72 956
73 2
73 4
73 5
73 6
73 7
73 10
73 11
73 14
73 17
73 18
73 19
73 20
73 21
73 28
73 29
73 30
73 34
73 42
73 44
73 50
73 51
73 57
73 58
73 60
73 61
73 70
73 71
73 72
73 74
73 78
73 79
73 80
73 83
73 86
73 89
73 91
73 93
73 94
73 207
73 234
73 309
73 314
73 322
73 375
73 417
73 472
73 543
73 639
73 652
73 748
73 818
73 825
74 1
74 3
74 7
74 8
74 13
74 17
74 21
74 22
74 24
74 25
74 28
74 30
74 34
74 35
74 38
74 39
74 41
74 43
74 44
74 45
74 47
74 53
74 56
74 57
74 59
74 60
74 64
74 66
74 69
74 70
74 80
74 81
74 83
74 84
74 85
74 86
74 87
74 89
74 90
74 92
74 93
74 96
74 97
74 98
74 99
74 100
74 101
74 138
74 158
74 238
74 467
74 493
74 500
74 572
74 603
74 656
74 709
74 868
74 907
75 0
75 3
75 5
75 6
75 8
75 13
75 17
75 20
75 21
75 27
75 36
75 38
75 42
75 45
75 46
75 47
75 48
75 53
75 57
75 62
75 64
75 65
75 66
75 77
75 84
75 85
75 90
75 93
75 95
75 293
75 353
75 429
75 610
75 672
75 742
75 843
75 949
75 969
75 998
76 1
76 3
76 6
76 7
76 11
76 12
76 16
76 17
76 18
76 21
76 24
76 25
76 26
76 30
76 34
76 35
76 36
76 38
76 39
76 40
76 51
76 54
76 57
76 58
76 60
76 70
76 72
76 73
76 74
76 79
76 81
76 83
76 85
76 86
76 88
76 89
76 92
76 94
76 98
76 99
76 101
76 170
76 182
76 214
76 227
76 259
76 337
76 394
76 506
76 520
76 752
76 944
76 956
77 0
77 4
77 5
77 9
77 10
77 11
77 12
77 13
77 16
77 17
77 20
77 21
77 22
77 23
77 26
77 28
77 29
77 30
77 33
77 35
77 38
77 40
77 45
77 46
77 47
77 51
77 52
77 56
77 57
77 59
77 61
77 63
77 68
77 71
77 76
77 82
77 84
77 85
77 94
77 96
77 99
77 103
77 109
77 149
77 167
77 209
77 278
77 350
77 405
77 582
77 764
77 820
77 916
78 2
78 4
78 6
78 10
78 12
78 15
78 17
78 18
78 22
78 24
78 27
78 30
78 32
78 34
78 36
78 39
78 40
78 41
78 44
78 45
78 48
78 50
78 52
78 55
78 57
78 59
78 62
78 67
78 68
78 71
78 74
78 76
78 79
78 80
78 83
78 85
78 95
78 97
78 98
78 101
78 145
78 224
78 280
78 425
78 540
78 589
78 830
78 880
78 893
78 1005
79 0
79 6
79 7
79 8
79 9
79 10
79 11
79 12
79 13
79 17
79 20
79 21
79 22
79 25
79 26
79 27
79 34
79 38
79 39
79 40
79 41
79 42
79 44
79 45
79 47
79 52
79 53
79 54
79 55
79 57
79 61
79 62
79 64
79 69
79 70
79 72
79 75
79 78
79 85
79 90
79 94
79 96
79 136
79 178
79 188
79 207
79 461
79 483
79 687
79 719
79 811
79 830
80 0
80 5
80 7
80 8
80 9
80 10
80 12
80 14
80 15
80 16
80 17
80 19
80 22
80 24
80 25
80 26
80 27
80 31
80 32
80 33
80 35
80 36
80 37
80 38
80 45
80 50
80 51
80 52
80 54
80 56
80 59
80 60
80 63
80 65
80 66
80 70
80 71
80 72
80 74
80 75
80 86
80 90
80 92
80 96
80 97
80 98
80 101
80 413
80 420
80 443
80 537
80 719
80 834
80 846
80 978
80 987
80 991
81 1
81 3
81 10
81 11
81 16
81 19
81 20
81 23
81 31
81 32
81 38
81 40
81 42
81 43
81 46
81 49
81 51
81 52
81 63
81 65
81 66
81 71
81 74
81 78
81 83
81 84
81 88
81 93
81 94
81 96
81 101
81 155
81 312
81 516
81 595
81 633
81 943
81 982
82 6
82 12
82 13
82 17
82 27
82 30
82 33
82 37
82 40
82 41
82 43
82 45
82 48
82 53
82 57
82 58
82 59
82 60
82 61
82 63
82 64
82 76
82 79
82 80
82 81
82 91
82 96
82 103
82 108
82 177
82 259
82 375
82 522
82 585
82 613
82 702
82 747
82 847
82 889
82 929
82 973
83 1
83 2
83 3
83 5
83 13
83 15
83 18
83 21
83 25
83 31
83 32
83 34
83 36
83 38
83 39
83 42
83 44
83 45
83 46
83 47
83 49
83 50
83 52
83 55
83 56
83 57
83 58
83 59
83 60
83 63
83 65
83 68
83 72
83 73
83 79
83 82
83 91
83 92
83 93
83 94
83 97
83 131
83 173
83 205
83 271
83 396
83 411
83 558
83 570
83 644
83 696
83 735
83 886
83 960
83 962
83 992
84 1
84 13
84 16
84 17
84 21
84 22
84 25
84 29
84 36
84 37
84 38
84 40
84 41
84 46
84 47
84 48
84 54
84 55
84 58
84 60
84 62
84 65
84 66
84 67
84 75
84 81
84 85
84 86
84 89
84 90
84 95
84 98
84 99
84 101
84 157
84 209
84 270
84 449
84 474
84 487
84 508
84 687
84 744
84 776
84 816
85 2
85 6
85 9
85 11
85 14
85 19
85 20
85 21
85 22
85 23
85 27
85 30
85 35
85 41
85 44
85 48
85 51
85 57
85 58
85 62
85 65
85 73
85 74
85 75
85 78
85 82
85 83
85 86
85 90
85 101
85 126
85 147
85 218
85 240
85 262
85 926
85 964
86 5
86 6
86 7
86 8
86 9
86 10
86 14
86 15
86 16
86 23
86 24
86 27
86 31
86 33
86 34
86 38
86 46
86 47
86 49
86 50
86 52
86 53
86 56
86 60
86 61
86 64
86 69
86 71
86 73
86 78
86 82
86 92
86 93
86 94
86 95
86 98
86 147
86 262
86 354
86 411
86 586
86 697
86 716
86 912
87 11
87 13
87 14
87 15
87 19
87 20
87 21
87 26
87 27
87 32
87 38
87 41
87 45
87 46
87 48
87 52
87 54
87 58
87 60
87 61
87 63
87 64
87 65
87 69
87 72
87 76
87 77
87 79
87 84
87 90
87 92
87 94
87 99
87 101
87 428
87 746
87 771
87 776
87 869
87 873
88 2
88 3
88 4
88 10
88 20
88 21
88 25
88 26
88 27
88 28
88 30
88 34
88 35
88 39
88 45
88 48
88 49
88 52
88 54
88 56
88 57
88 58
88 60
88 63
88 66
88 69
88 76
88 77
88 83
88 84
88 87
88 89
88 94
88 95
88 97
88 98
88 100
88 101
88 108
88 120
88 181
88 339
88 358
88 474
88 585
88 593
88 597
88 610
88 735
88 747
88 799
88 844
88 871
88 946
88 1003
89 4
89 8
89 9
89 14
89 16
89 32
89 33
89 37
89 39
89 40
89 41
89 42
89 46
89 49
89 53
89 54
89 61
89 62
89 64
89 68
89 70
89 75
89 76
89 79
89 82
89 84
89 85
89 86
89 88
89 90
89 92
89 95
89 96
89 97
89 98
89 110
89 185
89 202
89 259
89 301
89 347
89 378
89 391
89 404
89 561
89 717
89 724
89 749
89 757
89 994
89 1001
90 1
90 3
90 5
90 10
90 12
90 13
90 16
90 17
90 20
90 22
90 23
90 24
90 33
90 35
90 36
90 40
90 42
90 45
90 47
90 51
90 54
90 58
90 60
90 62
90 65
90 69
90 71
90 72
90 73
90 75
90 76
90 77
90 78
90 79
90 81
90 84
90 85
90 86
90 92
90 93
90 98
90 100
90 101
90 127
90 216
90 228
90 249
90 346
90 426
90 452
90 463
90 581
90 765
91 4
91 6
91 8
91 10
91 12
91 13
91 15
91 19
91 20
91 21
91 22
91 24
91 31
91 34
91 41
91 44
91 47
91 51
91 52
91 57
91 59
91 61
91 67
91 71
91 74
91 75
91 76
91 81
91 82
91 84
91 86
91 94
91 95
91 98
91 99
91 258
91 333
91 496
91 615
91 855
91 926
91 1001
92 0
92 1
92 2
92 6
92 7
92 9
92 18
92 19
92 21
92 38
92 39
92 40
92 41
92 49
92 50
92 52
92 53
92 54
92 58
92 61
92 65
92 67
92 69
92 71
92 72
92 75
92 82
92 83
92 85
92 89
92 90
92 91
92 93
92 99
92 115
92 231
92 325
92 650
92 984
93 0
93 1
93 4
93 5
93 8
93 11
93 12
93 13
93 21
93 22
93 25
93 26
93 28
93 34
93 38
93 39
93 41
93 52
93 54
93 55
93 60
93 64
93 65
93 67
93 76
93 79
93 80
93 82
93 83
93 88
93 90
93 91
93 96
93 97
93 99
93 146
93 191
93 351
93 360
93 394
93 450
93 685
93 801
93 809
93 868
93 961
93 987
94 2
94 4
94 5
94 8
94 9
94 10
94 11
94 12
94 15
94 17
94 21
94 22
94 23
94 25
94 27
94 31
94 35
94 36
94 37
94 43
94 49
94 50
94 51
94 52
94 53
94 56
94 59
94 62
94 66
94 70
94 76
94 83
94 86
94 89
94 92
94 95
94 98
94 101
94 263
94 305
94 334
94 347
94 354
94 398
94 539
94 550
94 659
94 691
94 744
94 803
94 855
94 896
95 0
95 2
95 7
95 8
95 14
95 16
95 20
95 22
95 23
95 24
95 25
95 26
95 28
95 31
95 33
95 35
95 45
95 48
95 49
95 56
95 59
95 61
95 62
95 65
95 66
95 67
95 68
95 76
95 78
95 81
95 82
95 83
95 84
95 85
95 86
95 88
95 97
95 101
95 133
95 198
95 211
95 399
95 414
95 432
95 440
95 509
95 523
95 559
95 589
95 602
95 692
95 758
95 781
95 926
95 935
95 1004
96 4
96 5
96 8
96 9
96 33
96 35
96 37
96 40
96 42
96 45
96 49
96 51
96 54
96 55
96 56
96 64
96 66
96 69
96 70
96 72
96 73
96 74
96 75
96 77
96 78
96 79
96 82
96 83
96 84
96 87
96 92
96 93
96 95
96 177
96 227
96 239
96 268
96 308
96 337
96 475
96 479
96 551
96 631
96 911
97 6
97 7
97 9
97 11
97 16
97 18
97 19
97 21
97 23
97 24
97 25
97 26
97 30
97 32
97 33
97 35
97 43
97 44
97 46
97 50
97 53
97 59
97 61
97 68
97 72
97 74
97 76
97 79
97 83
97 85
97 86
97 89
97 91
97 94
97 99
97 100
97 101
97 269
97 334
97 356
97 465
97 473
97 601
97 628
97 688
97 821
98 0
98 2
98 8
98 11
98 12
98 14
98 15
98 18
98 19
98 20
98 24
98 25
98 28
98 29
98 32
98 33
98 37
98 39
98 40
98 42
98 46
98 49
98 51
98 53
98 54
98 62
98 63
98 67
98 69
98 71
98 79
98 80
98 82
98 83
98 85
98 90
98 92
98 93
98 94
98 96
98 164
98 351
98 359
98 617
98 794
98 867
99 2
99 7
99 8
99 11
99 12
99 15
99 17
99 18
99 20
99 27
99 28
99 30
99 34
99 35
99 36
99 39
99 49
99 51
99 60
99 62
99 67
99 74
99 75
99 77
99 80
99 81
99 82
99 86
99 91
99 92
99 94
99 100
99 101
99 118
99 157
99 219
99 298
99 318
99 383
99 485
99 545
99 557
99 843
99 875
100 0
100 3
100 4
100 5
100 8
100 10
100 13
100 14
100 16
100 17
100 20
100 21
100 24
100 27
100 28
100 29
100 33
100 34
100 35
100 38
100 41
100 44
100 45
100 48
100 50
100 55
100 58
100 61
100 64
100 65
100 66
100 67
100 68
100 69
100 71
100 72
100 75
100 79
100 81
100 82
100 83
100 86
100 89
100 90
100 91
100 92
100 93
100 94
100 95
100 96
100 155
100 330
100 354
100 409
100 426
100 451
100 517
100 741
100 757
100 785
101 0
101 1
101 4
101 5
101 7
101 8
101 10
101 11
101 12
101 13
101 16
101 17
101 21
101 24
101 26
101 27
101 29
101 30
101 34
101 36
101 37
101 40
101 41
101 45
101 48
101 49
101 51
101 53
101 55
101 60
101 66
101 71
101 72
101 76
101 82
101 86
101 91
101 92
101 94
101 95
101 96
101 100
101 194
101 370
101 373
101 407
101 528
101 544
101 559
101 609
101 725
101 793
101 965
101 966
101 1009
102 75
103 262
104 93
105 69
105 76
106 2
106 46
106 921
107 31
108 84
109 59
110 69
110 95
111 37
111 71
111 92
111 380
112 64
113 79
113 230
114 75
114 624
115 37
116 22
117 62
117 86
118 16
118 51
118 745
119 10
120 29
121 74
121 78
123 44
123 74
124 57
124 809
125 96
126 7
126 99
128 34
128 342
129 38
129 99
130 51
131 88
132 60
132 433
133 58
134 61
134 68
135 30
135 44
135 68
135 82
138 90
140 91
140 852
144 56
145 86
146 20
146 62
146 169
147 58
147 772
147 880
147 923
148 97
150 129
150 1015
153 49
153 993
154 17
154 71
154 74
155 12
155 82
156 19
156 33
156 556
157 8
157 41
157 70
157 98
158 636
158 896
159 76
160 89
161 43
162 59
164 64
164 368
166 19
166 59
167 58
167 99
167 429
168 11
169 40
169 47
169 92
171 495
172 73
174 32
174 44
174 50
175 39
175 46
177 50
177 594
177 950
179 35
181 51
181 57
181 94
183 41
185 12
186 44
187 7
187 91
188 13
188 70
188 645
189 11
190 81
190 86
190 286
191 55
191 633
192 157
193 2
193 52
193 59
193 61
193 370
193 818
194 227
194 615
195 101
198 13
199 44
199 68
199 94
200 45
200 67
201 17
201 94
201 1018
202 39
202 52
202 69
203 10
203 82
203 904
204 46
204 227
205 22
205 43
206 101
207 50
207 130
210 80
211 2
211 93
211 94
211 97
213 82
213 832
214 99
216 14
217 91
218 21
218 59
218 79
218 130
219 13
219 83
220 1
220 3
221 56
222 723
223 1
223 10
228 1000
230 37
231 576
232 8
233 39
233 46
234 40
235 329
236 74
236 78
237 8
237 12
237 28
237 67
238 58
238 69
238 103
239 75
239 967
240 5
240 23
240 84
241 26
241 29
241 95
241 690
244 27
244 300
244 592
245 11
245 38
245 254
247 47
247 48
247 90
248 10
248 53
248 71
248 281
249 66
249 77
250 5
250 23
250 41
250 86
251 3
251 36
251 146
251 585
251 771
252 21
252 85
253 83
254 8
255 77
256 7
256 59
256 635
257 99
258 75
258 755
259 29
259 711
260 94
261 77
263 22
264 74
265 27
265 42
265 87
267 65
270 62
272 80
273 31
273 55
273 96
275 95
275 955
276 10
276 19
276 31
276 44
276 54
277 16
277 52
277 90
277 160
277 616
277 825
278 45
278 99
278 588
278 833
279 57
280 37
280 80
280 230
280 697
281 50
282 221
283 33
283 70
284 83
285 12
286 66
286 775
288 5
290 93
290 314
291 1
291 12
292 2
292 14
292 98
293 96
294 32
294 49
294 54
294 68
295 51
295 52
296 1
296 95
297 66
298 54
300 393
300 539
301 60
301 954
302 58
303 17
303 30
303 41
303 68
303 531
304 34
304 36
304 48
304 68
304 690
305 6
306 11
306 337
307 83
308 2
308 43
309 24
310 1
310 33
310 90
310 100
310 800
311 63
312 29
312 106
313 47
313 82
314 13
314 19
315 346
316 10
317 70
318 97
319 42
319 624
320 41
322 50
322 53
323 12
323 16
323 92
323 478
324 35
324 982
326 838
327 37
328 25
328 38
328 65
329 1
329 98
329 105
329 606
331 28
332 22
333 1
333 58
333 62
334 50
335 15
335 93
335 978
336 350
337 62
337 87
339 33
339 83
341 66
342 36
342 79
343 27
344 744
346 88
348 55
349 69
349 99
349 558
350 57
351 24
351 291
353 52
353 56
353 333
353 678
354 89
355 27
355 43
355 429
356 0
356 42
357 88
357 820
358 24
359 99
361 14
361 34
361 54
362 649
363 44
364 7
364 29
364 83
365 38
365 59
366 37
366 341
367 40
367 76
368 22
368 100
369 72
370 37
371 12
372 61
372 76
372 86
372 865
375 125
376 20
376 54
376 100
376 709
377 6
378 7
380 25
380 62
380 73
380 99
381 15
382 50
382 80
383 12
383 40
383 54
384 75
385 24
385 57
385 616
386 36
386 43
386 745
387 10
387 42
387 89
387 155
388 5
388 11
388 12
388 73
388 84
388 100
388 713
388 771
389 84
390 18
390 76
391 36
391 66
392 57
393 18
393 772
394 38
394 49
395 9
396 52
396 58
396 96
397 76
398 53
398 84
399 53
399 115
400 53
400 65
400 939
402 69
403 24
403 92
403 94
403 240
405 40
406 0
406 19
407 54
407 84
408 71
408 78
411 14
411 28
411 90
411 517
412 58
412 60
414 66
414 81
414 89
415 43
416 5
416 54
417 483
417 890
418 75
419 100
424 50
424 71
424 73
424 555
425 98
425 310
426 100
427 78
427 852
428 34
428 42
429 36
429 996
430 66
430 99
431 19
432 32
433 324
433 773
435 85
435 95
436 24
438 1
438 72
438 85
440 2
440 60
441 50
441 69
441 72
442 62
442 94
442 96
444 17
444 295
444 328
446 14
446 41
447 24
447 215
448 34
448 73
450 22
450 37
451 14
451 27
451 45
451 165
453 39
453 62
453 643
455 34
455 817
456 75
456 78
456 86
456 139
456 620
456 735
458 878
460 7
460 83
461 396
463 42
463 98
464 8
464 57
464 67
465 80
467 716
468 96
468 472
469 47
469 49
470 29
471 11
472 33
473 7
473 45
473 57
473 100
473 834
474 49
475 28
476 21
476 360
477 809
477 843
478 99
478 884
479 5
480 12
480 83
481 45
481 59
481 66
481 71
482 22
482 61
482 83
483 32
484 58
484 885
485 24
485 85
485 98
486 70
486 265
487 30
488 26
488 85
488 901
489 83
489 95
491 58
492 18
492 34
492 64
492 341
493 29
493 49
493 980
494 32
494 46
494 71
494 995
495 17
496 43
496 374
498 36
499 21
499 100
499 804
500 349
501 23
501 58
502 59
502 78
504 14
504 38
505 3
505 13
505 56
505 85
506 37
507 42
508 88
509 56
509 203
510 39
510 69
510 710
512 48
513 247
514 32
515 9
515 17
517 64
517 66
517 77
517 79
517 535
518 649
518 859
519 12
519 44
520 5
521 36
521 46
522 969
523 31
523 96
523 609
524 46
524 57
525 53
526 74
526 260
528 14
528 58
529 11
529 66
530 19
530 43
531 6
531 7
531 34
531 46
531 97
532 124
532 191
533 64
533 310
534 17
535 25
535 74
535 75
537 186
537 807
538 31
539 6
539 35
540 41
540 92
541 61
541 700
542 90
542 112
543 991
544 24
544 509
545 11
545 87
548 62
548 80
550 70
550 796
552 61
553 904
555 24
557 84
558 2
558 37
559 97
560 78
560 926
561 51
561 85
561 645
561 939
563 13
564 42
564 76
565 96
565 605
566 28
566 70
566 719
566 1015
567 10
568 14
568 72
568 86
568 961
569 271
570 44
572 86
572 288
573 82
574 26
574 71
575 334
576 22
576 96
577 29
577 37
577 43
577 733
578 19
580 78
580 87
580 98
580 101
583 69
583 77
585 18
585 66
585 96
586 95
587 27
587 67
587 99
588 52
589 31
589 45
590 9
590 12
590 88
591 24
591 29
592 876
592 987
594 76
594 88
596 30
598 17
598 77
598 80
599 9
599 77
600 77
600 440
603 45
603 98
603 101
603 472
604 6
605 81
608 96
608 775
609 33
609 49
610 9
610 11
612 31
612 99
612 113
613 43
613 495
613 595
614 30
614 101
615 14
615 30
616 100
616 797
617 43
618 0
619 19
619 88
620 25
620 27
620 34
620 647
621 68
622 977
623 50
624 866
625 25
626 13
626 58
626 174
627 16
629 79
630 18
630 77
630 95
630 588
632 52
632 82
632 90
634 40
634 66
634 270
635 101
635 260
635 453
636 71
636 279
637 521
639 975
640 62
641 255
642 57
642 82
642 91
642 622
643 391
643 532
643 872
645 52
646 1
646 30
646 38
646 44
647 57
647 92
647 215
647 228
650 25
650 50
650 52
650 87
651 14
651 96
653 44
653 91
654 23
654 87
655 87
655 834
656 47
656 75
656 98
657 18
658 69
660 24
660 126
662 283
666 63
667 15
667 31
667 60
668 73
669 95
671 23
671 53
671 70
671 79
671 89
671 712
672 1004
673 53
673 563
673 925
674 162
675 937
676 5
676 77
677 19
677 27
677 85
678 87
678 942
679 31
680 6
680 523
681 55
681 62
681 72
681 405
682 3
682 27
684 90
684 156
685 17
686 74
687 37
688 66
688 73
689 4
689 71
690 24
690 1000
691 81
691 97
692 26
693 101
694 33
695 35
695 46
696 2
696 33
696 41
698 26
698 30
698 58
698 60
698 645
699 24
699 54
699 647
700 74
700 84
701 84
702 4
703 23
703 572
704 35
704 59
706 846
707 9
708 820
710 9
710 73
711 70
711 77
711 78
712 949
713 17
713 68
713 72
713 140
713 621
714 26
714 55
716 39
716 57
716 173
718 570
719 39
719 47
719 241
720 20
720 614
721 81
721 958
722 39
722 75
722 923
725 83
725 894
726 45
727 50
727 77
727 98
728 6
728 47
728 75
729 76
729 99
730 51
730 82
730 83
730 90
731 56
731 67
732 54
733 43
733 53
734 717
735 7
735 14
735 15
735 40
736 8
737 14
737 517
737 980
738 80
739 66
740 26
740 72
740 556
740 739
741 21
741 76
742 19
743 613
745 2
745 36
745 661
747 21
747 888
749 43
749 74
751 68
751 88
752 11
752 39
752 86
753 11
753 45
754 19
755 19
756 46
756 182
757 9
757 40
759 84
759 857
760 46
761 27
761 64
761 443
762 13
762 51
762 897
763 50
764 50
765 68
765 69
767 75
767 254
768 45
768 195
769 7
770 50
770 99
771 1
772 76
772 78
773 72
774 4
775 74
776 29
776 37
776 83
776 95
776 579
777 33
777 61
779 5
781 41
782 4
782 158
782 308
783 79
783 378
784 7
784 92
786 41
786 290
788 90
790 16
791 36
792 9
792 17
792 88
792 176
793 5
793 32
794 808
795 97
796 80
796 609
797 96
799 4
799 67
799 98
799 624
800 34
800 69
801 39
803 4
805 44
805 76
806 33
806 52
807 28
807 42
807 59
807 90
809 289
810 43
810 49
810 72
810 89
812 44
812 48
812 50
812 368
813 37
813 86
814 44
814 75
817 64
817 705
820 6
821 96
822 393
824 71
824 82
825 921
826 70
826 312
827 1
827 42
827 97
828 16
828 28
829 57
829 75
830 94
830 845
831 48
831 81
831 819
832 6
832 728
833 97
834 183
834 538
834 618
835 72
836 75
837 13
838 99
839 82
839 678
840 101
840 1004
841 86
841 769
841 961
842 8
842 47
842 839
843 10
843 44
843 49
843 56
843 484
843 515
844 83
844 206
845 77
845 607
846 62
846 76
846 789
847 3
847 59
847 88
848 69
848 82
849 9
849 59
850 56
851 3
851 71
851 72
851 83
853 26
853 100
854 27
854 458
855 3
856 24
856 39
857 21
857 68
859 8
859 29
859 380
860 1
860 55
862 35
862 874
862 1014
864 63
865 60
865 702
866 97
866 380
867 30
867 70
867 95
868 76
868 85
868 517
870 508
871 84
871 579
871 973
872 96
872 388
872 650
873 59
874 78
874 400
876 37
876 55
876 632
877 62
878 48
879 64
880 26
880 45
880 56
882 51
882 82
883 3
883 920
885 46
886 66
887 8
888 40
888 75
888 82
888 89
888 265
889 53
891 41
891 80
892 32
892 52
894 62
894 83
895 25
895 35
895 48
895 51
895 83
895 229
896 80
897 9
898 6
899 72
899 90
900 667
901 90
901 172
901 580
902 64
902 888
903 76
904 6
904 61
905 47
905 59
905 688
906 77
906 82
907 61
907 92
909 3
909 17
909 68
910 626
911 52
912 45
912 74
912 340
913 28
913 51
914 32
914 38
914 59
914 618
915 72
916 73
916 97
916 697
917 63
920 217
921 330
922 48
922 49
922 69
922 99
922 764
922 1019
923 35
924 7
924 29
924 60
925 87
926 28
927 101
928 622
929 22
929 43
929 813
931 12
938 61
939 98
940 28
941 89
942 28
943 6
944 5
944 18
944 42
945 5
946 8
946 17
947 24
947 40
947 928
948 47
948 76
949 28
949 47
949 82
950 30
950 36
950 51
950 73
950 607
951 46
951 56
951 82
951 183
951 728
952 884
953 41
953 48
954 54
954 101
955 54
955 79
956 26
956 58
958 77
959 535
960 42
961 15
961 321
961 889
962 11
962 41
962 223
963 12
963 73
964 76
966 18
966 19
966 941
968 477
969 65
969 125
969 673
970 13
970 45
970 74
970 114
972 66
972 96
973 2
973 89
974 79
974 100
975 44
976 64
977 16
977 55
978 12
979 1
980 52
980 748
981 85
982 18
982 280
983 26
983 64
983 101
984 633
985 63
986 90
988 73
988 123
988 606
989 53
989 940
990 36
992 73
993 81
994 35
994 61
994 89
996 68
996 270
997 39
997 281
997 939
998 58
999 54
1000 75
1001 20
1001 26
1002 3
1002 50
1002 79
1003 53
1003 278
1004 11
1005 4
1006 86
1007 70
1007 100
1009 79
1009 85
1010 62
1010 449
1012 35
1012 49
1012 65
1013 15
1014 51
1014 972
1015 2
1015 11
1017 7
1018 58
1019 288
1020 56
1020 66
1022 55
1023 81
