109_5_10_200_0_49 50 150 0.494266 0.151348 0.886434 10.0035 251.678 4.06418
109_5_10_200_0_49 50 150 100 3547782 123233175000 34735.3 35477.8 1232331750 6.99063e+09
109_5_10_200_50_99 50 150 0.489762 0.150335 0.863247 9.96152 150.308 3.97359
109_5_10_200_50_99 50 150 100 3547747 123171034500 34718.1 35477.5 1231710345 7.04224e+09
109_5_10_200_100_149 50 150 0.497487 0.151077 0.87796 10.0159 205.631 4.05272
109_5_10_200_100_149 50 150 100 3546315 123053637000 34699 35463.2 1230536370 7.18017e+09
109_5_10_200_150_199 50 150 0.497017 0.151227 0.877107 10.0074 167.813 4.04236
109_5_10_200_150_199 50 150 100 3547584 123560263500 34829.4 35475.8 1235602635 7.28498e+09
109_5_10_200_200_249 50 150 0.50007 0.151439 0.894178 10.0446 199.962 4.1156
109_5_10_200_200_249 50 150 100 3548226 123551268000 34820.6 35482.3 1235512680 7.38366e+09
109_5_10_200_250_299 50 150 0.486824 0.149743 0.855419 9.94783 146.973 3.94449
109_5_10_200_250_299 50 150 100 3547346 123054154500 34689.1 35473.5 1230541545 6.88504e+09
109_5_10_200_300_349 50 150 0.493966 0.150858 0.874036 9.95607 232.932 4.02615
109_5_10_200_300_349 50 150 100 3549049 123519603000 34803.6 35490.5 1235196030 7.25065e+09
109_5_10_200_350_399 50 150 0.495868 0.151475 0.883063 9.9922 209.822 4.05785
109_5_10_200_350_399 50 150 100 3550068 123214635000 34707.7 35500.7 1232146350 7.12588e+09
109_5_10_200_400_449 50 150 0.495232 0.150399 0.868262 9.99672 280.041 4.02902
109_5_10_200_400_449 50 150 100 3550047 123237945000 34714.5 35500.5 1232379450 7.22127e+09
109_5_10_200_450_499 50 150 0.490204 0.149872 0.865411 9.92775 190.083 3.96901
109_5_10_200_450_499 50 150 100 3548592 122829354000 34613.5 35485.9 1228293540 7.06203e+09
