30_5_10_200_0_49 50 150 0.435657 0.116743 0.783242 9.82717 112.823 3.93693
30_5_10_200_0_49 50 150 100 987219 34525821000 34972.8 9872.19 345258210 1.14726e+09
30_5_10_200_50_99 50 150 0.450188 0.117698 0.820802 10.0375 244.788 4.17801
30_5_10_200_50_99 50 150 100 987317 34613077500 35057.7 9873.17 346130775 1.21374e+09
30_5_10_200_100_149 50 150 0.468351 0.117702 0.846607 10.1946 133.497 4.3537
30_5_10_200_100_149 50 150 100 987668 34564353000 34995.9 9876.68 345643530 1.29504e+09
30_5_10_200_150_199 50 150 0.465519 0.120163 0.871418 10.1015 293.591 4.35254
30_5_10_200_150_199 50 150 100 987507 34725918000 35165.2 9875.07 347259180 1.25794e+09
30_5_10_200_200_249 50 150 0.460818 0.118694 0.853367 10.0877 149.906 4.3142
30_5_10_200_200_249 50 150 100 988373 34695814500 35104 9883.73 346958145 1.28438e+09
30_5_10_200_250_299 50 150 0.455824 0.117991 0.82949 10.0419 167.067 4.24698
30_5_10_200_250_299 50 150 100 987741 34626100500 35055.9 9877.41 346261005 1.22995e+09
30_5_10_200_300_349 50 150 0.450304 0.117738 0.824894 10.0072 99.905 4.20523
30_5_10_200_300_349 50 150 100 988350 34476373500 34882.8 9883.5 344763735 1.19573e+09
30_5_10_200_350_399 50 150 0.462599 0.118129 0.8376 10.1567 225.405 4.26488
30_5_10_200_350_399 50 150 100 988449 34489572000 34892.6 9884.49 344895720 1.24278e+09
30_5_10_200_400_449 50 150 0.455387 0.117315 0.837076 10.0714 98.3772 4.20299
30_5_10_200_400_449 50 150 100 988139 34601253000 35016.6 9881.39 346012530 1.2384e+09
30_5_10_200_450_499 50 150 0.451221 0.11471 0.806827 10.0294 242.35 4.16002
30_5_10_200_450_499 50 150 100 988602 34221769500 34616.3 9886.02 342217695 1.17248e+09
