0 1 0 0 24 0.015625
0 1 1 0 25 0.03125
0 1 2 0 55 0.046875
0 1 3 0 75 0.046875
0 1 4 0 27 0.03125
0 1 5 0 30 0.03125
0 1 6 0 29 0.03125
0 1 7 0 76 0.046875
0 1 8 0 53 0.046875
0 1 9 0 74 0.046875
0 1 10 0 52 0.046875
0 1 11 0 28 0.015625
0 1 12 0 79 0.046875
0 1 13 0 77 0.046875
0 1 14 0 78 0.046875
0 1 15 0 73 0.046875
0 1 16 0 26 0.03125
0 1 17 0 54 0.046875
0 1 18 0 56 0.046875
0 1 19 0 57 0.046875
0 1 20 0 58 0.046875
0 1 21 0 18 0.03125
0 1 22 0 19 0.015625
0 1 23 0 20 0.015625
0 1 24 0 21 0.046875
0 1 25 0 22 0.03125
0 1 26 0 23 0.015625
1 2 2 1 55 0.078125
1 2 3 1 75 0.0625
1 2 7 1 76 0.0625
1 2 8 1 53 0.078125
1 2 9 1 74 0.0625
1 2 10 1 52 0.078125
1 2 12 1 79 0.0625
1 2 13 1 77 0.0625
1 2 14 1 78 0.0625
1 2 15 1 73 0.0625
1 2 17 1 54 0.078125
1 2 18 1 56 0.078125
1 2 19 1 57 0.0625
1 2 20 1 58 0.0625
1 2 21 1 18 0.046875
2 3 2 2 55 0.0625
2 3 3 2 75 0.0625
2 3 7 2 76 0.0625
2 3 8 2 53 0.0625
2 3 9 2 74 0.0625
2 3 10 2 52 0.078125
2 3 12 2 79 0.0625
2 3 13 2 77 0.0625
2 3 14 2 78 0.0625
2 3 15 2 73 0.0625
2 3 17 2 54 0.078125
2 3 18 2 56 0.078125
2 3 19 2 57 0.078125
2 3 20 2 58 0.078125
2 3 21 2 18 0.046875
3 4 2 3 55 0.0625
3 4 3 3 75 0.0625
3 4 5 3 30 0.015625
3 4 7 3 76 0.0625
3 4 8 3 53 0.0625
3 4 9 3 74 0.0625
3 4 10 3 52 0.0625
3 4 12 3 79 0.0625
3 4 13 3 77 0.0625
3 4 14 3 78 0.0625
3 4 15 3 73 0.0625
3 4 16 3 26 0.015625
3 4 17 3 54 0.046875
3 4 18 3 56 0.046875
3 4 19 3 57 0.046875
3 4 20 3 58 0.046875
3 4 21 3 18 0.046875
3 4 24 3 21 0.0625
3 4 25 3 22 0.03125
3 4 26 3 23 0.015625
4 1 0 4 24 0.015625
4 1 1 4 25 0.03125
4 1 2 4 55 0.0625
4 1 3 4 75 0.03125
4 1 4 4 27 0.03125
4 1 5 4 30 0.03125
4 1 6 4 29 0.03125
4 1 7 4 76 0.03125
4 1 8 4 53 0.0625
4 1 9 4 74 0.03125
4 1 10 4 52 0.0625
4 1 11 4 28 0.03125
4 1 12 4 79 0.03125
4 1 13 4 77 0.03125
4 1 14 4 78 0.03125
4 1 15 4 73 0.03125
4 1 16 4 26 0.03125
4 1 17 4 54 0.0625
4 1 18 4 56 0.0625
4 1 19 4 57 0.0625
4 1 20 4 58 0.0625
4 1 21 4 18 0.03125
4 1 22 4 19 0.015625
4 1 23 4 20 0.015625
4 1 24 4 21 0.03125
4 1 25 4 22 0.03125
4 1 26 4 23 0.015625
4 5 0 4 24 0.015625
4 5 1 4 25 0.046875
4 5 2 4 55 0.0625
4 5 3 4 75 0.03125
4 5 5 4 30 0.03125
4 5 6 4 29 0.046875
4 5 7 4 76 0.03125
4 5 8 4 53 0.0625
4 5 9 4 74 0.03125
4 5 10 4 52 0.0625
4 5 11 4 28 0.015625
4 5 12 4 79 0.03125
4 5 13 4 77 0.03125
4 5 14 4 78 0.03125
4 5 15 4 73 0.03125
4 5 16 4 26 0.03125
4 5 17 4 54 0.0625
4 5 18 4 56 0.0625
4 5 19 4 57 0.0625
4 5 20 4 58 0.0625
4 5 21 4 18 0.03125
4 5 22 4 19 0.015625
4 5 23 4 20 0.015625
4 5 24 4 21 0.03125
4 5 25 4 22 0.03125
4 5 26 4 23 0.03125
5 0 3 5 75 0.109375
5 0 7 5 76 0.109375
5 0 9 5 74 0.109375
5 0 12 5 79 0.109375
5 0 13 5 77 0.109375
5 0 14 5 78 0.109375
5 0 15 5 73 0.109375
5 0 21 5 18 0.078125
5 0 24 5 21 0.109375
5 0 25 5 22 0.046875
5 6 7 5 24 0.015625
5 6 8 5 24 0.015625
5 6 9 5 24 0.015625
5 6 10 5 24 0.015625
5 6 11 5 24 0.015625
5 6 12 5 24 0.015625
5 6 13 5 24 0.015625
5 6 21 5 25 0.015625
5 6 22 5 25 0.015625
5 6 23 5 25 0.015625
5 6 24 5 25 0.015625
5 6 25 5 25 0.015625
5 6 26 5 25 0.015625
5 6 27 5 25 0.015625
5 6 29 5 55 0.015625
5 6 31 5 55 0.015625
5 6 32 5 55 0.015625
5 6 33 5 55 0.015625
5 6 49 5 30 0.015625
5 6 50 5 30 0.015625
5 6 51 5 30 0.015625
5 6 52 5 30 0.015625
5 6 53 5 30 0.015625
5 6 54 5 30 0.015625
5 6 55 5 30 0.015625
5 6 57 5 30 0.015625
5 6 58 5 30 0.015625
5 6 59 5 30 0.015625
5 6 60 5 30 0.015625
5 6 61 5 30 0.015625
5 6 62 5 30 0.015625
5 6 70 5 29 0.015625
5 6 71 5 29 0.015625
5 6 72 5 29 0.015625
5 6 73 5 29 0.015625
5 6 74 5 29 0.015625
5 6 75 5 29 0.015625
5 6 76 5 29 0.015625
5 6 78 5 53 0.015625
5 6 80 5 53 0.015625
5 6 81 5 53 0.015625
5 6 82 5 53 0.015625
5 6 85 5 52 0.015625
5 6 87 5 52 0.015625
5 6 88 5 52 0.015625
5 6 89 5 52 0.015625
5 6 98 5 28 0.015625
5 6 99 5 28 0.015625
5 6 100 5 28 0.015625
5 6 101 5 28 0.015625
5 6 102 5 28 0.015625
5 6 103 5 28 0.015625
5 6 104 5 28 0.015625
5 6 112 5 26 0.015625
5 6 113 5 26 0.015625
5 6 114 5 26 0.015625
5 6 115 5 26 0.015625
5 6 116 5 26 0.015625
5 6 117 5 26 0.015625
5 6 118 5 26 0.015625
5 6 120 5 54 0.015625
5 6 122 5 54 0.015625
5 6 123 5 54 0.015625
5 6 124 5 54 0.015625
6 0 1 6 59 0.015625
6 0 2 6 59 0.015625
6 0 4 6 59 0.015625
6 0 8 6 60 0.015625
6 0 9 6 60 0.015625
6 0 11 6 60 0.015625
6 0 15 6 61 0.015625
6 0 16 6 61 0.015625
6 0 18 6 61 0.015625
6 0 22 6 62 0.015625
6 0 23 6 62 0.015625
6 0 25 6 62 0.015625
6 0 29 6 63 0.015625
6 0 30 6 63 0.015625
6 0 36 6 64 0.015625
6 0 37 6 64 0.015625
6 0 43 6 65 0.015625
6 0 44 6 65 0.015625
6 0 49 6 31 0.015625
6 0 50 6 31 0.015625
6 0 52 6 31 0.015625
6 0 53 6 31 0.015625
6 0 54 6 31 0.015625
6 0 57 6 31 0.015625
6 0 58 6 31 0.03125
6 0 63 6 32 0.015625
6 0 64 6 32 0.015625
6 0 66 6 32 0.015625
6 0 67 6 32 0.015625
6 0 68 6 32 0.015625
6 0 72 6 32 0.015625
6 0 77 6 33 0.015625
6 0 78 6 33 0.015625
6 0 80 6 33 0.015625
6 0 81 6 33 0.015625
6 0 82 6 33 0.015625
6 0 85 6 33 0.015625
6 0 86 6 33 0.015625
6 0 91 6 34 0.015625
6 0 92 6 34 0.015625
6 0 94 6 34 0.015625
6 0 95 6 34 0.015625
6 0 96 6 34 0.015625
6 0 100 6 34 0.015625
6 0 105 6 35 0.015625
6 0 106 6 35 0.015625
6 0 108 6 35 0.015625
6 0 109 6 35 0.015625
6 0 110 6 35 0.015625
6 0 114 6 35 0.015625
6 0 119 6 36 0.015625
6 0 120 6 36 0.015625
6 0 122 6 36 0.015625
6 0 123 6 36 0.015625
6 0 124 6 36 0.015625
6 0 128 6 36 0.015625
6 0 133 6 37 0.015625
6 0 134 6 37 0.015625
6 0 136 6 37 0.015625
6 0 137 6 37 0.015625
6 0 138 6 37 0.015625
6 0 141 6 37 0.015625
6 0 142 6 37 0.015625
6 7 0 6 16 0.0625
6 7 1 6 59 0.03125
6 7 2 6 60 0.03125
6 7 3 6 61 0.03125
6 7 4 6 62 0.03125
6 7 5 6 63 0.03125
6 7 6 6 64 0.03125
6 7 7 6 65 0.03125
6 7 8 6 31 0.015625
6 7 9 6 32 0.015625
6 7 10 6 33 0.015625
6 7 11 6 34 0.015625
6 7 12 6 35 0.015625
6 7 13 6 36 0.015625
6 7 14 6 37 0.015625
6 7 15 6 12 0.0625
6 7 16 6 13 0.0625
6 7 17 6 14 0.046875
6 7 18 6 15 0.0625
6 7 19 6 17 0.046875
6 7 20 6 66 0.046875
6 7 21 6 67 0.046875
6 7 22 6 68 0.046875
6 7 23 6 69 0.046875
6 7 24 6 70 0.046875
6 7 25 6 71 0.046875
6 7 26 6 72 0.046875
7 8 1 7 59 0.0625
7 8 2 7 60 0.0625
7 8 3 7 61 0.0625
7 8 4 7 62 0.0625
7 8 5 7 63 0.0625
7 8 6 7 64 0.0625
7 8 7 7 65 0.0625
7 8 8 7 31 0.0625
7 8 19 7 17 0.0625
7 8 20 7 66 0.0625
7 8 21 7 67 0.0625
7 8 22 7 68 0.0625
7 8 23 7 69 0.0625
7 8 24 7 70 0.0625
7 8 25 7 71 0.0625
7 8 26 7 72 0.0625
8 9 1 8 59 0.0625
8 9 2 8 60 0.0625
8 9 3 8 61 0.0625
8 9 4 8 62 0.0625
8 9 5 8 63 0.0625
8 9 6 8 64 0.0625
8 9 7 8 65 0.0625
8 9 8 8 31 0.0625
8 9 19 8 17 0.0625
8 9 20 8 66 0.0625
8 9 21 8 67 0.0625
8 9 22 8 68 0.0625
8 9 23 8 69 0.0625
8 9 24 8 70 0.0625
8 9 25 8 71 0.0625
8 9 26 8 72 0.0625
9 4 49 9 31 0.015625
9 4 50 9 31 0.015625
9 4 52 9 31 0.015625
9 4 53 9 31 0.015625
9 4 54 9 31 0.015625
9 4 57 9 31 0.015625
9 4 58 9 31 0.03125
9 4 64 9 32 0.015625
9 4 65 9 32 0.015625
9 4 66 9 32 0.015625
9 4 68 9 32 0.015625
9 4 69 9 32 0.015625
9 4 70 9 32 0.015625
9 4 73 9 32 0.015625
9 4 74 9 32 0.015625
9 4 75 9 32 0.015625
9 4 76 9 32 0.015625
9 4 77 9 33 0.015625
9 4 78 9 33 0.015625
9 4 80 9 33 0.015625
9 4 81 9 33 0.015625
9 4 82 9 33 0.015625
9 4 85 9 33 0.015625
9 4 86 9 33 0.03125
9 4 92 9 34 0.015625
9 4 93 9 34 0.015625
9 4 94 9 34 0.015625
9 4 96 9 34 0.015625
9 4 97 9 34 0.015625
9 4 98 9 34 0.015625
9 4 101 9 34 0.015625
9 4 102 9 34 0.015625
9 4 103 9 34 0.015625
9 4 104 9 34 0.015625
9 4 106 9 35 0.015625
9 4 107 9 35 0.015625
9 4 108 9 35 0.015625
9 4 110 9 35 0.015625
9 4 111 9 35 0.015625
9 4 112 9 35 0.015625
9 4 115 9 35 0.015625
9 4 116 9 35 0.015625
9 4 117 9 35 0.015625
9 4 118 9 35 0.015625
9 4 120 9 36 0.015625
9 4 121 9 36 0.015625
9 4 122 9 36 0.015625
9 4 124 9 36 0.015625
9 4 125 9 36 0.015625
9 4 126 9 36 0.015625
9 4 129 9 36 0.015625
9 4 130 9 36 0.015625
9 4 131 9 36 0.015625
9 4 132 9 36 0.015625
9 4 133 9 37 0.015625
9 4 134 9 37 0.015625
9 4 136 9 37 0.015625
9 4 137 9 37 0.015625
9 4 138 9 37 0.015625
9 4 141 9 37 0.015625
9 4 142 9 37 0.03125
9 10 1 9 59 0.046875
9 10 2 9 60 0.046875
9 10 3 9 61 0.046875
9 10 4 9 62 0.046875
9 10 5 9 63 0.046875
9 10 6 9 64 0.046875
9 10 7 9 65 0.046875
9 10 9 9 32 0.03125
9 10 11 9 34 0.03125
9 10 12 9 35 0.015625
9 10 13 9 36 0.015625
9 10 15 9 12 0.0625
9 10 16 9 13 0.0625
9 10 18 9 15 0.0625
9 10 19 9 17 0.0625
9 10 20 9 66 0.046875
9 10 21 9 67 0.046875
9 10 22 9 68 0.046875
9 10 23 9 69 0.046875
9 10 24 9 70 0.046875
9 10 25 9 71 0.046875
9 10 26 9 72 0.046875
10 6 0 10 16 0.03125
10 6 1 10 59 0.046875
10 6 2 10 60 0.046875
10 6 3 10 61 0.046875
10 6 4 10 62 0.046875
10 6 5 10 63 0.046875
10 6 6 10 64 0.046875
10 6 7 10 65 0.046875
10 6 8 10 31 0.03125
10 6 9 10 32 0.015625
10 6 10 10 33 0.03125
10 6 11 10 34 0.015625
10 6 12 10 35 0.015625
10 6 13 10 36 0.015625
10 6 14 10 37 0.03125
10 6 15 10 12 0.03125
10 6 16 10 13 0.03125
10 6 17 10 14 0.03125
10 6 18 10 15 0.03125
10 6 19 10 17 0.03125
10 6 20 10 66 0.046875
10 6 21 10 67 0.046875
10 6 22 10 68 0.046875
10 6 23 10 69 0.046875
10 6 24 10 70 0.046875
10 6 25 10 71 0.046875
10 6 26 10 72 0.046875
10 7 0 10 16 0.03125
10 7 1 10 59 0.03125
10 7 2 10 60 0.03125
10 7 3 10 61 0.03125
10 7 4 10 62 0.03125
10 7 5 10 63 0.03125
10 7 6 10 64 0.03125
10 7 7 10 65 0.03125
10 7 8 10 31 0.046875
10 7 9 10 32 0.03125
10 7 10 10 33 0.046875
10 7 11 10 34 0.03125
10 7 12 10 35 0.03125
10 7 13 10 36 0.03125
10 7 14 10 37 0.046875
10 7 15 10 12 0.03125
10 7 16 10 13 0.03125
10 7 17 10 14 0.03125
10 7 18 10 15 0.03125
10 7 19 10 17 0.046875
10 7 20 10 66 0.03125
10 7 21 10 67 0.046875
10 7 22 10 68 0.046875
10 7 23 10 69 0.046875
10 7 24 10 70 0.046875
10 7 25 10 71 0.046875
10 7 26 10 72 0.046875
10 11 0 10 16 0.03125
10 11 1 10 59 0.0625
10 11 2 10 60 0.0625
10 11 3 10 61 0.046875
10 11 4 10 62 0.046875
10 11 5 10 63 0.046875
10 11 6 10 64 0.046875
10 11 7 10 65 0.046875
10 11 8 10 31 0.03125
10 11 9 10 32 0.03125
10 11 10 10 33 0.03125
10 11 11 10 34 0.03125
10 11 12 10 35 0.03125
10 11 13 10 36 0.03125
10 11 14 10 37 0.03125
10 11 15 10 12 0.03125
10 11 16 10 13 0.03125
10 11 17 10 14 0.03125
10 11 18 10 15 0.03125
10 11 19 10 17 0.046875
10 11 20 10 66 0.03125
10 11 21 10 67 0.03125
10 11 22 10 68 0.03125
10 11 23 10 69 0.03125
10 11 24 10 70 0.03125
10 11 25 10 71 0.03125
10 11 26 10 72 0.03125
11 12 0 11 12 1.0
12 13 20 12 66 0.15625
12 13 21 12 67 0.140625
12 13 22 12 68 0.140625
12 13 23 12 69 0.140625
12 13 24 12 70 0.140625
12 13 25 12 71 0.140625
12 13 26 12 72 0.140625
13 14 20 13 66 0.15625
13 14 21 13 67 0.140625
13 14 22 13 68 0.140625
13 14 23 13 69 0.140625
13 14 24 13 70 0.140625
13 14 25 13 71 0.140625
13 14 26 13 72 0.140625
14 10 0 14 10 1.0
14 15 8 14 39 0.046875
14 15 9 14 40 0.046875
14 15 10 14 41 0.046875
14 15 11 14 42 0.046875
14 15 12 14 43 0.046875
14 15 13 14 44 0.015625
14 15 16 14 8 0.109375
14 15 18 14 10 0.015625
14 15 20 14 66 0.09375
14 15 21 14 67 0.09375
14 15 22 14 68 0.09375
14 15 23 14 69 0.09375
14 15 24 14 70 0.09375
14 15 25 14 71 0.078125
14 15 26 14 72 0.078125
15 16 20 15 66 0.15625
15 16 21 15 67 0.140625
15 16 22 15 68 0.140625
15 16 23 15 69 0.140625
15 16 24 15 70 0.140625
15 16 25 15 71 0.140625
15 16 26 15 72 0.140625
16 17 20 16 66 0.15625
16 17 21 16 67 0.140625
16 17 22 16 68 0.140625
16 17 23 16 69 0.140625
16 17 24 16 70 0.140625
16 17 25 16 71 0.140625
16 17 26 16 72 0.140625
17 18 7 17 38 0.015625
17 18 56 17 42 0.015625
17 18 57 17 42 0.015625
17 18 58 17 42 0.015625
17 18 59 17 42 0.015625
17 18 60 17 42 0.015625
17 18 61 17 42 0.015625
17 18 62 17 42 0.015625
17 18 70 17 43 0.015625
17 18 71 17 43 0.015625
17 18 72 17 43 0.015625
17 18 73 17 43 0.015625
17 18 74 17 43 0.015625
17 18 75 17 43 0.015625
17 18 76 17 43 0.015625
17 18 84 17 44 0.015625
17 18 85 17 44 0.015625
17 18 86 17 44 0.015625
17 18 87 17 44 0.015625
17 18 88 17 44 0.015625
17 18 89 17 44 0.015625
17 18 90 17 44 0.015625
17 18 99 17 66 0.015625
17 18 100 17 66 0.015625
17 18 101 17 66 0.015625
17 18 102 17 66 0.015625
17 18 103 17 66 0.015625
17 18 104 17 66 0.015625
17 18 106 17 67 0.015625
17 18 107 17 67 0.015625
17 18 108 17 67 0.015625
17 18 109 17 67 0.015625
17 18 110 17 67 0.015625
17 18 111 17 67 0.015625
17 18 113 17 68 0.015625
17 18 114 17 68 0.015625
17 18 115 17 68 0.015625
17 18 116 17 68 0.015625
17 18 117 17 68 0.015625
17 18 118 17 68 0.015625
17 18 120 17 69 0.015625
17 18 121 17 69 0.015625
17 18 122 17 69 0.015625
17 18 123 17 69 0.015625
17 18 124 17 69 0.015625
17 18 125 17 69 0.015625
17 18 127 17 70 0.015625
17 18 128 17 70 0.015625
17 18 129 17 70 0.015625
17 18 130 17 70 0.015625
17 18 131 17 70 0.015625
17 18 132 17 70 0.015625
17 18 134 17 71 0.015625
17 18 135 17 71 0.015625
17 18 136 17 71 0.015625
17 18 137 17 71 0.015625
17 18 138 17 71 0.015625
17 18 139 17 71 0.015625
17 18 141 17 72 0.015625
17 18 142 17 72 0.015625
17 18 143 17 72 0.015625
17 18 144 17 72 0.015625
17 18 145 17 72 0.015625
17 18 146 17 72 0.015625
18 11 0 18 55 0.015625
18 11 1 18 55 0.015625
18 11 2 18 55 0.015625
18 11 3 18 55 0.015625
18 11 4 18 55 0.015625
18 11 5 18 55 0.015625
18 11 6 18 55 0.015625
18 11 7 18 53 0.015625
18 11 8 18 53 0.015625
18 11 9 18 53 0.015625
18 11 10 18 53 0.015625
18 11 11 18 53 0.015625
18 11 12 18 53 0.015625
18 11 13 18 53 0.015625
18 11 14 18 52 0.015625
18 11 15 18 52 0.015625
18 11 16 18 52 0.015625
18 11 17 18 52 0.015625
18 11 18 18 52 0.015625
18 11 19 18 52 0.015625
18 11 20 18 52 0.015625
18 11 21 18 54 0.015625
18 11 22 18 54 0.015625
18 11 23 18 54 0.015625
18 11 24 18 54 0.015625
18 11 25 18 54 0.015625
18 11 26 18 54 0.015625
18 11 27 18 54 0.015625
18 11 28 18 56 0.015625
18 11 29 18 56 0.015625
18 11 30 18 56 0.015625
18 11 31 18 56 0.015625
18 11 32 18 56 0.015625
18 11 33 18 56 0.015625
18 11 34 18 56 0.015625
18 11 35 18 57 0.015625
18 11 36 18 57 0.015625
18 11 37 18 57 0.015625
18 11 38 18 57 0.015625
18 11 39 18 57 0.015625
18 11 40 18 57 0.015625
18 11 41 18 57 0.015625
18 11 42 18 58 0.015625
18 11 43 18 58 0.015625
18 11 44 18 58 0.015625
18 11 45 18 58 0.015625
18 11 46 18 58 0.015625
18 11 47 18 58 0.015625
18 11 48 18 58 0.015625
18 11 83 18 49 0.015625
18 11 84 18 50 0.015625
18 11 85 18 50 0.015625
18 11 86 18 50 0.015625
18 11 87 18 50 0.015625
18 11 88 18 50 0.015625
18 11 89 18 50 0.015625
18 11 90 18 50 0.015625
18 11 91 18 51 0.015625
18 11 92 18 51 0.015625
18 11 93 18 51 0.015625
18 11 94 18 51 0.015625
18 11 95 18 51 0.015625
18 11 96 18 51 0.015625
18 11 97 18 51 0.015625
18 12 0 18 75 0.015625
18 12 1 18 75 0.015625
18 12 2 18 75 0.015625
18 12 3 18 75 0.015625
18 12 4 18 75 0.015625
18 12 5 18 75 0.015625
18 12 6 18 75 0.015625
18 12 7 18 76 0.015625
18 12 8 18 76 0.015625
18 12 9 18 76 0.015625
18 12 10 18 76 0.015625
18 12 11 18 76 0.015625
18 12 12 18 76 0.015625
18 12 13 18 76 0.015625
18 12 14 18 74 0.015625
18 12 15 18 74 0.015625
18 12 16 18 74 0.015625
18 12 17 18 74 0.015625
18 12 18 18 74 0.015625
18 12 19 18 74 0.015625
18 12 20 18 74 0.015625
18 12 21 18 79 0.015625
18 12 22 18 79 0.015625
18 12 23 18 79 0.015625
18 12 24 18 79 0.015625
18 12 25 18 79 0.015625
18 12 26 18 79 0.015625
18 12 27 18 79 0.015625
18 12 28 18 77 0.015625
18 12 29 18 77 0.015625
18 12 30 18 77 0.015625
18 12 31 18 77 0.015625
18 12 32 18 77 0.015625
18 12 33 18 77 0.015625
18 12 34 18 77 0.015625
18 12 35 18 78 0.015625
18 12 36 18 78 0.015625
18 12 37 18 78 0.015625
18 12 38 18 78 0.015625
18 12 39 18 78 0.015625
18 12 40 18 78 0.015625
18 12 41 18 78 0.015625
18 12 42 18 73 0.015625
18 12 43 18 73 0.015625
18 12 44 18 73 0.015625
18 12 45 18 73 0.015625
18 12 46 18 73 0.015625
18 12 47 18 73 0.015625
18 12 48 18 73 0.015625
18 12 49 18 45 0.03125
18 12 55 18 45 0.03125
18 12 63 18 46 0.015625
18 12 70 18 46 0.015625
18 12 71 18 46 0.015625
18 12 72 18 46 0.015625
18 12 73 18 46 0.015625
18 12 74 18 46 0.015625
18 12 77 18 47 0.015625
18 12 91 18 48 0.015625
18 12 105 18 49 0.015625
18 12 119 18 50 0.015625
18 12 133 18 51 0.015625
18 19 0 18 55 0.015625
18 19 1 18 0 0.03125
18 19 2 18 75 0.0625
18 19 3 18 76 0.0625
18 19 4 18 53 0.015625
18 19 5 18 74 0.0625
18 19 6 18 52 0.03125
18 19 7 18 79 0.0625
18 19 8 18 77 0.0625
18 19 9 18 78 0.0625
18 19 10 18 73 0.0625
18 19 11 18 54 0.03125
18 19 12 18 56 0.03125
18 19 13 18 57 0.03125
18 19 14 18 58 0.03125
18 19 15 18 1 0.03125
18 19 16 18 2 0.03125
18 19 17 18 3 0.03125
18 19 18 18 4 0.03125
18 19 19 18 5 0.03125
18 19 21 18 46 0.03125
18 19 22 18 47 0.03125
18 19 23 18 48 0.03125
18 19 24 18 49 0.03125
18 19 25 18 50 0.03125
18 19 26 18 51 0.03125
19 15 0 19 75 0.015625
19 15 1 19 75 0.015625
19 15 2 19 75 0.015625
19 15 3 19 75 0.015625
19 15 4 19 75 0.015625
19 15 5 19 75 0.015625
19 15 7 19 76 0.015625
19 15 8 19 76 0.015625
19 15 9 19 76 0.015625
19 15 10 19 76 0.015625
19 15 11 19 76 0.015625
19 15 12 19 76 0.015625
19 15 14 19 74 0.015625
19 15 15 19 74 0.015625
19 15 16 19 74 0.015625
19 15 17 19 74 0.015625
19 15 18 19 74 0.015625
19 15 19 19 74 0.015625
19 15 21 19 79 0.015625
19 15 22 19 79 0.015625
19 15 23 19 79 0.015625
19 15 24 19 79 0.015625
19 15 25 19 79 0.015625
19 15 26 19 79 0.015625
19 15 28 19 77 0.015625
19 15 29 19 77 0.015625
19 15 30 19 77 0.015625
19 15 31 19 77 0.015625
19 15 32 19 77 0.015625
19 15 33 19 77 0.015625
19 15 35 19 78 0.015625
19 15 36 19 78 0.015625
19 15 37 19 78 0.015625
19 15 38 19 78 0.015625
19 15 39 19 78 0.015625
19 15 40 19 78 0.015625
19 15 42 19 73 0.015625
19 15 43 19 73 0.015625
19 15 44 19 73 0.015625
19 15 45 19 73 0.015625
19 15 46 19 73 0.015625
19 15 47 19 73 0.015625
19 15 49 19 45 0.03125
19 15 50 19 45 0.015625
19 15 51 19 45 0.015625
19 15 52 19 45 0.015625
19 15 53 19 45 0.015625
19 15 54 19 45 0.015625
19 15 55 19 45 0.03125
19 15 63 19 46 0.015625
19 15 70 19 46 0.015625
19 15 71 19 46 0.015625
19 15 72 19 46 0.015625
19 15 73 19 46 0.015625
19 15 74 19 46 0.015625
19 15 75 19 46 0.015625
19 15 76 19 46 0.015625
19 15 77 19 47 0.015625
19 15 91 19 48 0.015625
19 15 105 19 49 0.015625
19 15 119 19 50 0.015625
19 15 133 19 51 0.015625
19 20 0 19 55 0.03125
19 20 1 19 0 0.046875
19 20 2 19 75 0.046875
19 20 3 19 76 0.046875
19 20 4 19 53 0.03125
19 20 5 19 74 0.046875
19 20 6 19 52 0.03125
19 20 7 19 79 0.046875
19 20 8 19 77 0.046875
19 20 9 19 78 0.046875
19 20 10 19 73 0.046875
19 20 11 19 54 0.03125
19 20 12 19 56 0.03125
19 20 13 19 57 0.03125
19 20 14 19 58 0.03125
19 20 15 19 1 0.03125
19 20 16 19 2 0.046875
19 20 17 19 3 0.046875
19 20 18 19 4 0.03125
19 20 19 19 5 0.046875
19 20 20 19 45 0.015625
19 20 21 19 46 0.03125
19 20 22 19 47 0.03125
19 20 23 19 48 0.03125
19 20 24 19 49 0.03125
19 20 25 19 50 0.03125
19 20 26 19 51 0.03125
20 21 0 20 55 0.046875
20 21 2 20 75 0.0625
20 21 3 20 76 0.0625
20 21 4 20 53 0.046875
20 21 5 20 74 0.0625
20 21 6 20 52 0.046875
20 21 7 20 79 0.046875
20 21 8 20 77 0.046875
20 21 9 20 78 0.046875
20 21 10 20 73 0.046875
20 21 11 20 54 0.046875
20 21 12 20 56 0.046875
20 21 13 20 57 0.046875
20 21 14 20 58 0.046875
20 21 20 20 45 0.015625
20 21 21 20 46 0.046875
20 21 22 20 47 0.046875
20 21 23 20 48 0.046875
20 21 24 20 49 0.046875
20 21 25 20 50 0.046875
20 21 26 20 51 0.046875
21 22 0 21 55 0.046875
21 22 2 21 75 0.0625
21 22 3 21 76 0.0625
21 22 4 21 53 0.046875
21 22 5 21 74 0.0625
21 22 6 21 52 0.046875
21 22 7 21 79 0.046875
21 22 8 21 77 0.046875
21 22 9 21 78 0.046875
21 22 10 21 73 0.046875
21 22 11 21 54 0.046875
21 22 12 21 56 0.046875
21 22 13 21 57 0.046875
21 22 14 21 58 0.046875
21 22 20 21 45 0.015625
21 22 21 21 46 0.046875
21 22 22 21 47 0.046875
21 22 23 21 48 0.046875
21 22 24 21 49 0.046875
21 22 25 21 50 0.046875
21 22 26 21 51 0.046875
22 20 0 22 55 0.03125
22 20 1 22 0 0.015625
22 20 2 22 75 0.046875
22 20 3 22 76 0.046875
22 20 4 22 53 0.03125
22 20 5 22 74 0.046875
22 20 6 22 52 0.03125
22 20 7 22 79 0.046875
22 20 8 22 77 0.046875
22 20 9 22 78 0.046875
22 20 10 22 73 0.046875
22 20 11 22 54 0.03125
22 20 12 22 56 0.03125
22 20 13 22 57 0.03125
22 20 14 22 58 0.03125
22 20 15 22 1 0.03125
22 20 16 22 2 0.015625
22 20 17 22 3 0.03125
22 20 18 22 4 0.015625
22 20 19 22 5 0.03125
22 20 20 22 45 0.03125
22 20 21 22 46 0.046875
22 20 22 22 47 0.046875
22 20 23 22 48 0.046875
22 20 24 22 49 0.046875
22 20 25 22 50 0.046875
22 20 26 22 51 0.046875
22 23 0 22 55 0.03125
22 23 1 22 0 0.03125
22 23 2 22 75 0.0625
22 23 3 22 76 0.046875
22 23 4 22 53 0.03125
22 23 5 22 74 0.046875
22 23 6 22 52 0.03125
22 23 7 22 79 0.046875
22 23 8 22 77 0.046875
22 23 9 22 78 0.046875
22 23 10 22 73 0.046875
22 23 11 22 54 0.03125
22 23 12 22 56 0.03125
22 23 13 22 57 0.03125
22 23 14 22 58 0.03125
22 23 15 22 1 0.015625
22 23 16 22 2 0.03125
22 23 17 22 3 0.03125
22 23 18 22 4 0.015625
22 23 19 22 5 0.015625
22 23 20 22 45 0.015625
22 23 21 22 46 0.046875
22 23 22 22 47 0.046875
22 23 23 22 48 0.046875
22 23 24 22 49 0.046875
22 23 25 22 50 0.046875
22 23 26 22 51 0.046875
23 24 0 23 55 0.09375
23 24 1 23 0 0.078125
23 24 2 23 53 0.09375
23 24 3 23 52 0.09375
23 24 4 23 54 0.09375
23 24 5 23 56 0.09375
23 24 6 23 57 0.09375
23 24 7 23 58 0.09375
23 24 8 23 1 0.046875
23 24 9 23 2 0.0625
23 24 10 23 3 0.0625
23 24 11 23 4 0.046875
23 24 12 23 5 0.046875
24 20 0 24 55 0.09375
24 20 1 24 0 0.03125
24 20 2 24 53 0.09375
24 20 3 24 52 0.09375
24 20 4 24 54 0.09375
24 20 5 24 56 0.09375
24 20 6 24 57 0.09375
24 20 7 24 58 0.09375
24 20 8 24 1 0.0625
24 20 9 24 2 0.078125
24 20 10 24 3 0.078125
24 20 11 24 4 0.03125
24 20 12 24 5 0.0625
24 25 0 24 55 0.0625
24 25 1 24 0 0.015625
24 25 2 24 53 0.0625
24 25 3 24 52 0.046875
24 25 4 24 54 0.046875
24 25 5 24 56 0.046875
24 25 6 24 57 0.046875
24 25 7 24 58 0.046875
24 25 8 24 1 0.03125
24 25 9 24 2 0.0625
24 25 10 24 3 0.0625
24 25 11 24 4 0.015625
24 25 12 24 5 0.015625
24 25 13 24 59 0.03125
24 25 14 24 60 0.03125
24 25 15 24 61 0.03125
24 25 16 24 62 0.03125
24 25 17 24 63 0.03125
24 25 18 24 64 0.03125
24 25 19 24 65 0.03125
24 25 20 24 31 0.03125
24 25 21 24 32 0.03125
24 25 22 24 33 0.03125
24 25 23 24 34 0.03125
24 25 24 24 35 0.03125
24 25 25 24 36 0.03125
24 25 26 24 37 0.03125
25 26 0 25 55 0.15625
25 26 2 25 53 0.140625
25 26 3 25 52 0.140625
25 26 4 25 54 0.140625
25 26 5 25 56 0.140625
25 26 6 25 57 0.140625
25 26 7 25 58 0.140625
26 19 0 26 55 0.09375
26 19 1 26 0 0.03125
26 19 2 26 53 0.09375
26 19 3 26 52 0.09375
26 19 4 26 54 0.09375
26 19 5 26 56 0.09375
26 19 6 26 57 0.09375
26 19 7 26 58 0.09375
26 19 8 26 1 0.0625
26 19 9 26 2 0.078125
26 19 10 26 3 0.078125
26 19 11 26 4 0.03125
26 19 12 26 5 0.0625
26 27 0 26 55 0.03125
26 27 1 26 0 0.015625
26 27 2 26 53 0.03125
26 27 3 26 52 0.03125
26 27 4 26 54 0.03125
26 27 5 26 56 0.03125
26 27 6 26 57 0.03125
26 27 7 26 58 0.03125
26 27 8 26 1 0.015625
26 27 9 26 2 0.03125
26 27 10 26 3 0.03125
26 27 11 26 4 0.015625
26 27 12 26 5 0.015625
26 27 13 26 59 0.046875
26 27 14 26 60 0.046875
26 27 15 26 61 0.046875
26 27 16 26 62 0.046875
26 27 17 26 63 0.046875
26 27 18 26 64 0.046875
26 27 19 26 65 0.046875
26 27 20 26 31 0.046875
26 27 21 26 32 0.046875
26 27 22 26 33 0.046875
26 27 23 26 34 0.046875
26 27 24 26 35 0.046875
26 27 25 26 36 0.046875
26 27 26 26 37 0.046875
27 28 0 27 55 0.15625
27 28 2 27 53 0.140625
27 28 3 27 52 0.140625
27 28 4 27 54 0.140625
27 28 5 27 56 0.140625
27 28 6 27 57 0.140625
27 28 7 27 58 0.140625
28 24 0 28 55 0.046875
28 24 1 28 0 0.015625
28 24 2 28 53 0.046875
28 24 3 28 52 0.046875
28 24 4 28 54 0.046875
28 24 5 28 56 0.03125
28 24 6 28 57 0.03125
28 24 7 28 58 0.03125
28 24 8 28 1 0.03125
28 24 9 28 2 0.046875
28 24 10 28 3 0.046875
28 24 11 28 4 0.015625
28 24 12 28 5 0.015625
28 24 13 28 59 0.046875
28 24 14 28 60 0.046875
28 24 15 28 61 0.046875
28 24 16 28 62 0.046875
28 24 17 28 63 0.046875
28 24 18 28 64 0.046875
28 24 19 28 65 0.046875
28 24 20 28 31 0.03125
28 24 21 28 32 0.03125
28 24 22 28 33 0.03125
28 24 23 28 34 0.03125
28 24 24 28 35 0.03125
28 24 25 28 36 0.03125
28 24 26 28 37 0.03125
28 29 0 28 55 0.0625
28 29 1 28 0 0.015625
28 29 2 28 53 0.0625
28 29 3 28 52 0.0625
28 29 4 28 54 0.0625
28 29 5 28 56 0.0625
28 29 6 28 57 0.0625
28 29 7 28 58 0.0625
28 29 8 28 1 0.03125
28 29 9 28 2 0.046875
28 29 10 28 3 0.0625
28 29 11 28 4 0.015625
28 29 12 28 5 0.015625
28 29 13 28 59 0.03125
28 29 14 28 60 0.03125
28 29 15 28 61 0.03125
28 29 16 28 62 0.03125
28 29 17 28 63 0.03125
28 29 18 28 64 0.03125
28 29 19 28 65 0.03125
28 29 20 28 31 0.03125
28 29 21 28 32 0.015625
28 29 22 28 33 0.03125
28 29 23 28 34 0.015625
28 29 24 28 35 0.015625
28 29 25 28 36 0.015625
28 29 26 28 37 0.03125
29 30 0 29 55 0.15625
29 30 2 29 53 0.140625
29 30 3 29 52 0.140625
29 30 4 29 54 0.140625
29 30 5 29 56 0.140625
29 30 6 29 57 0.140625
29 30 7 29 58 0.140625
30 23 0 30 55 0.109375
30 23 1 30 0 0.03125
30 23 2 30 53 0.109375
30 23 3 30 52 0.109375
30 23 4 30 54 0.09375
30 23 5 30 56 0.09375
30 23 6 30 57 0.09375
30 23 7 30 58 0.09375
30 23 8 30 1 0.046875
30 23 9 30 2 0.09375
30 23 10 30 3 0.0625
30 23 11 30 4 0.015625
30 23 12 30 5 0.046875
30 31 0 30 31 1.0
31 32 14 31 59 0.140625
31 32 15 31 60 0.140625
31 32 16 31 61 0.125
31 32 17 31 62 0.125
31 32 18 31 63 0.140625
31 32 19 31 64 0.140625
31 32 20 31 65 0.140625
31 32 26 31 11 0.046875
32 33 14 32 59 0.140625
32 33 15 32 60 0.140625
32 33 16 32 61 0.125
32 33 17 32 62 0.125
32 33 18 32 63 0.140625
32 33 19 32 64 0.140625
32 33 20 32 65 0.140625
32 33 26 32 11 0.046875
33 34 14 33 59 0.140625
33 34 15 33 60 0.140625
33 34 16 33 61 0.125
33 34 17 33 62 0.125
33 34 18 33 63 0.140625
33 34 19 33 64 0.140625
33 34 20 33 65 0.140625
33 34 26 33 11 0.046875
34 35 14 34 59 0.140625
34 35 15 34 60 0.140625
34 35 16 34 61 0.125
34 35 17 34 62 0.125
34 35 18 34 63 0.140625
34 35 19 34 64 0.140625
34 35 20 34 65 0.140625
34 35 26 34 11 0.046875
35 36 14 35 59 0.140625
35 36 15 35 60 0.140625
35 36 16 35 61 0.125
35 36 17 35 62 0.125
35 36 18 35 63 0.140625
35 36 19 35 64 0.140625
35 36 20 35 65 0.140625
35 36 26 35 11 0.046875
36 37 14 36 59 0.140625
36 37 15 36 60 0.140625
36 37 16 36 61 0.125
36 37 17 36 62 0.125
36 37 18 36 63 0.140625
36 37 19 36 64 0.140625
36 37 20 36 65 0.140625
36 37 26 36 11 0.046875
37 38 61 37 7 0.015625
37 38 62 37 7 0.015625
37 38 63 37 7 0.015625
37 38 64 37 7 0.015625
37 38 65 37 7 0.015625
37 38 66 37 7 0.015625
37 38 67 37 7 0.015625
37 38 74 37 8 0.046875
37 38 75 37 8 0.046875
37 38 76 37 8 0.046875
37 38 77 37 8 0.03125
37 38 78 37 8 0.03125
37 38 79 37 8 0.03125
37 38 80 37 8 0.03125
37 38 87 37 9 0.03125
37 38 88 37 9 0.03125
37 38 89 37 9 0.03125
37 38 90 37 9 0.03125
37 38 91 37 9 0.03125
37 38 92 37 9 0.03125
37 38 93 37 9 0.03125
37 38 94 37 10 0.03125
37 38 95 37 10 0.03125
37 38 96 37 10 0.03125
37 38 97 37 10 0.03125
37 38 98 37 10 0.03125
37 38 99 37 10 0.03125
37 38 100 37 10 0.015625
37 38 101 37 10 0.015625
37 38 102 37 10 0.015625
37 38 103 37 10 0.015625
37 38 104 37 10 0.015625
37 38 105 37 10 0.015625
37 38 106 37 10 0.015625
37 38 113 37 11 0.015625
37 38 114 37 11 0.015625
37 38 115 37 11 0.015625
37 38 116 37 11 0.015625
37 38 117 37 11 0.015625
37 38 118 37 11 0.015625
37 38 119 37 11 0.015625
38 39 20 38 66 0.15625
38 39 21 38 67 0.140625
38 39 22 38 68 0.140625
38 39 23 38 69 0.140625
38 39 24 38 70 0.140625
38 39 25 38 71 0.140625
38 39 26 38 72 0.140625
39 40 20 39 66 0.15625
39 40 21 39 67 0.140625
39 40 22 39 68 0.140625
39 40 23 39 69 0.140625
39 40 24 39 70 0.140625
39 40 25 39 71 0.140625
39 40 26 39 72 0.140625
40 41 20 40 66 0.15625
40 41 21 40 67 0.140625
40 41 22 40 68 0.140625
40 41 23 40 69 0.140625
40 41 24 40 70 0.140625
40 41 25 40 71 0.140625
40 41 26 40 72 0.140625
41 42 20 41 66 0.15625
41 42 21 41 67 0.140625
41 42 22 41 68 0.140625
41 42 23 41 69 0.140625
41 42 24 41 70 0.140625
41 42 25 41 71 0.140625
41 42 26 41 72 0.140625
42 43 20 42 66 0.15625
42 43 21 42 67 0.140625
42 43 22 42 68 0.140625
42 43 23 42 69 0.140625
42 43 24 42 70 0.140625
42 43 25 42 71 0.140625
42 43 26 42 72 0.140625
43 44 20 43 66 0.15625
43 44 21 43 67 0.140625
43 44 22 43 68 0.140625
43 44 23 43 69 0.140625
43 44 24 43 70 0.140625
43 44 25 43 71 0.140625
43 44 26 43 72 0.140625
44 28 0 44 75 0.015625
44 28 1 44 75 0.015625
44 28 3 44 75 0.03125
44 28 4 44 75 0.015625
44 28 6 44 76 0.015625
44 28 7 44 76 0.015625
44 28 9 44 76 0.03125
44 28 10 44 76 0.015625
44 28 12 44 74 0.015625
44 28 13 44 74 0.015625
44 28 15 44 74 0.03125
44 28 16 44 74 0.015625
44 28 18 44 79 0.015625
44 28 19 44 79 0.015625
44 28 21 44 79 0.03125
44 28 22 44 79 0.015625
44 28 24 44 77 0.015625
44 28 25 44 77 0.015625
44 28 27 44 77 0.03125
44 28 28 44 77 0.015625
44 28 30 44 78 0.015625
44 28 31 44 78 0.015625
44 28 33 44 78 0.03125
44 28 34 44 78 0.015625
44 28 36 44 73 0.015625
44 28 37 44 73 0.015625
44 28 39 44 73 0.03125
44 28 40 44 73 0.015625
44 28 42 44 16 0.015625
44 28 43 44 16 0.015625
44 28 44 44 16 0.015625
44 28 45 44 16 0.015625
44 28 46 44 16 0.015625
44 28 47 44 16 0.015625
44 28 48 44 16 0.015625
44 28 49 44 12 0.015625
44 28 50 44 12 0.015625
44 28 51 44 12 0.015625
44 28 52 44 12 0.015625
44 28 53 44 12 0.015625
44 28 54 44 12 0.015625
44 28 55 44 12 0.015625
44 28 56 44 13 0.015625
44 28 57 44 13 0.015625
44 28 58 44 13 0.015625
44 28 59 44 13 0.015625
44 28 60 44 13 0.015625
44 28 61 44 13 0.015625
44 28 62 44 13 0.015625
44 28 70 44 15 0.015625
44 28 77 44 17 0.015625
44 28 78 44 17 0.015625
44 28 79 44 17 0.015625
44 28 80 44 17 0.015625
44 28 81 44 17 0.015625
44 28 82 44 17 0.015625
44 28 83 44 17 0.015625
44 45 0 44 45 1.0
45 27 43 45 18 0.015625
45 27 50 45 18 0.015625
45 27 51 45 18 0.015625
45 27 52 45 18 0.015625
45 27 53 45 18 0.015625
45 27 54 45 18 0.015625
45 27 55 45 19 0.015625
45 27 56 45 19 0.03125
45 27 57 45 19 0.015625
45 27 63 45 19 0.015625
45 27 64 45 19 0.03125
45 27 65 45 19 0.03125
45 27 66 45 19 0.03125
45 27 67 45 19 0.015625
45 27 68 45 20 0.015625
45 27 70 45 20 0.015625
45 27 71 45 20 0.015625
45 27 72 45 20 0.015625
45 27 73 45 20 0.015625
45 27 74 45 20 0.015625
45 27 75 45 20 0.015625
45 27 76 45 20 0.03125
45 27 77 45 20 0.015625
45 27 78 45 20 0.015625
45 27 80 45 20 0.03125
45 27 81 45 21 0.015625
45 27 83 45 21 0.015625
45 27 84 45 21 0.015625
45 27 85 45 21 0.015625
45 27 86 45 21 0.015625
45 27 87 45 21 0.015625
45 27 88 45 21 0.015625
45 27 89 45 21 0.03125
45 27 90 45 21 0.015625
45 27 91 45 21 0.015625
45 27 93 45 21 0.03125
45 27 94 45 22 0.015625
45 27 95 45 22 0.015625
45 27 96 45 22 0.015625
45 27 97 45 22 0.015625
45 27 98 45 22 0.015625
45 27 99 45 22 0.015625
45 27 100 45 22 0.015625
45 27 101 45 22 0.015625
45 27 102 45 22 0.015625
45 27 103 45 22 0.015625
45 27 104 45 22 0.015625
45 27 105 45 22 0.03125
45 27 106 45 22 0.015625
45 27 108 45 23 0.015625
45 27 115 45 23 0.015625
45 27 116 45 23 0.015625
45 27 117 45 23 0.015625
45 27 118 45 23 0.015625
45 27 119 45 23 0.015625
