0_925_1000_100_0_0 25 75 0.54775 0.208033 0.986421 9.87939 100.8 3.84828
0_925_1000_100_0_0 25 75 50 601828 21305739000 35401.7 12036.6 426114780 2.80191e+09
0_925_1000_100_1_1 25 75 0.54775 0.208033 0.986421 9.87939 100.8 3.84828
0_925_1000_100_1_1 25 75 50 601828 21305739000 35401.7 12036.6 426114780 2.80191e+09
0_925_1000_100_2_2 25 75 0.592978 0.21053 1.05558 10.1768 124.739 4.20764
0_925_1000_100_2_2 25 75 50 600927 21313593000 35467.9 12018.5 426271860 2.90143e+09
0_925_1000_100_3_3 25 75 0.567508 0.204932 0.975428 10.1071 120.611 3.89858
0_925_1000_100_3_3 25 75 50 601725 21107002500 35077.5 12034.5 422140050 2.73622e+09
0_925_1000_100_4_4 25 75 0.566179 0.20357 0.994395 10.1701 251.623 3.96407
0_925_1000_100_4_4 25 75 50 601619 21127743000 35118.1 12032.4 422554860 2.80115e+09
0_925_1000_100_5_5 25 75 0.57154 0.20693 1.03073 10.1255 97.4489 4.13596
0_925_1000_100_5_5 25 75 50 602508 21235720500 35245.5 12050.2 424714410 2.82109e+09
0_925_1000_100_6_6 25 75 0.579607 0.209394 1.03988 10.2156 250.093 4.13409
0_925_1000_100_6_6 25 75 50 602635 21086586000 34990.6 12052.7 421731720 2.63644e+09
0_925_1000_100_7_7 25 75 0.547099 0.203651 0.963774 9.97639 99.4388 3.79729
0_925_1000_100_7_7 25 75 50 603130 21087934500 34964.2 12062.6 421758690 2.61571e+09
0_925_1000_100_8_8 25 75 0.572036 0.205324 1.0086 10.1612 125.628 4.03973
0_925_1000_100_8_8 25 75 50 602240 21232134000 35255.3 12044.8 424642680 2.65428e+09
0_925_1000_100_9_9 25 75 0.568113 0.205499 1.01533 10.1633 110.02 4.01898
0_925_1000_100_9_9 25 75 50 601217 21080578500 35063.2 12024.3 421611570 2.71294e+09
