0_95_100_100_0_0 25 75 0.605205 0.216596 1.14534 10.465 103.523 4.5572
0_95_100_100_0_0 25 75 50 619373 21565377000 34818.1 12387.5 431307540 2.85755e+09
0_95_100_100_1_1 25 75 0.605205 0.216596 1.14534 10.465 103.523 4.5572
0_95_100_100_1_1 25 75 50 619373 21565377000 34818.1 12387.5 431307540 2.85755e+09
0_95_100_100_2_2 25 75 0.623763 0.214752 1.13974 10.6386 169.991 4.55534
0_95_100_100_2_2 25 75 50 618217 21844791000 35335.2 12364.3 436895820 3.12915e+09
0_95_100_100_3_3 25 75 0.62521 0.216915 1.16683 10.6508 220.17 4.65777
0_95_100_100_3_3 25 75 50 618658 21924901500 35439.5 12373.2 438498030 3.15236e+09
0_95_100_100_4_4 25 75 0.633774 0.217213 1.16375 10.6414 149.999 4.6134
0_95_100_100_4_4 25 75 50 619093 21826546500 35255.7 12381.9 436530930 2.97734e+09
0_95_100_100_5_5 25 75 0.625117 0.218231 1.18394 10.6598 113.991 4.676
0_95_100_100_5_5 25 75 50 618387 21615175500 34954.1 12367.7 432303510 3.00357e+09
0_95_100_100_6_6 25 75 0.615222 0.212533 1.10384 10.5717 130.123 4.46979
0_95_100_100_6_6 25 75 50 618828 21681300000 35036.1 12376.6 433626000 3.03632e+09
0_95_100_100_7_7 25 75 0.6067 0.214335 1.08634 10.5065 156.719 4.39945
0_95_100_100_7_7 25 75 50 618514 21733021500 35137.5 12370.3 434660430 2.89361e+09
0_95_100_100_8_8 25 75 0.608836 0.215215 1.11321 10.4281 122.225 4.38164
0_95_100_100_8_8 25 75 50 618750 21654877500 34997.8 12375 433097550 2.88807e+09
0_95_100_100_9_9 25 75 0.607912 0.215935 1.10196 10.3985 220.04 4.35098
0_95_100_100_9_9 25 75 50 618685 21886878000 35376.4 12373.7 437737560 2.91938e+09
