1_425_1000_240_0_0 60 180 0.594589 0.164584 0.74794 9.78147 488.196 3.10041
1_425_1000_240_0_0 60 180 120 4572008 117413523000 25681 38100.1 978446025 3.02978e+09
1_425_1000_240_1_1 60 180 0.594589 0.164584 0.74794 9.78147 488.196 3.10041
1_425_1000_240_1_1 60 180 120 4572008 117413523000 25681 38100.1 978446025 3.02978e+09
1_425_1000_240_2_2 60 180 0.592645 0.1646 0.747892 9.7948 506.453 3.12294
1_425_1000_240_2_2 60 180 120 4573884 117357001500 25658.1 38115.7 9.77975e+08 2.96756e+09
1_425_1000_240_3_3 60 180 0.614728 0.164747 0.747028 9.871 507.448 3.13325
1_425_1000_240_3_3 60 180 120 4572490 117441993000 25684.5 38104.1 978683275 2.99523e+09
1_425_1000_240_4_4 60 180 0.613632 0.165229 0.758216 9.85818 495.48 3.16782
1_425_1000_240_4_4 60 180 120 4572043 117539191500 25708.2 38100.4 9.79493e+08 3.05944e+09
1_425_1000_240_5_5 60 180 0.601216 0.164272 0.747562 9.84748 499.483 3.11999
1_425_1000_240_5_5 60 180 120 4573722 117433086000 25675.6 38114.3 978609050 3.01471e+09
1_425_1000_240_6_6 60 180 0.606581 0.164241 0.746642 9.78713 508.493 3.11005
1_425_1000_240_6_6 60 180 120 4572708 117315322500 25655.5 38105.9 9.77628e+08 3.01479e+09
1_425_1000_240_7_7 60 180 0.603893 0.164603 0.749845 9.79729 498.095 3.11823
1_425_1000_240_7_7 60 180 120 4572337 117525537000 25703.6 38102.8 979379475 3.04694e+09
1_425_1000_240_8_8 60 180 0.612628 0.163924 0.744875 9.87737 506.676 3.11208
1_425_1000_240_8_8 60 180 120 4572048 117275923500 25650.6 38100.4 9.77299e+08 3.02861e+09
1_425_1000_240_9_9 60 180 0.602352 0.164504 0.743849 9.6711 507.746 3.05922
1_425_1000_240_9_9 60 180 120 4573003 117472660500 25688.3 38108.4 9.78939e+08 3.00894e+09
