1_8125_10000_100_0_0 25 75 0.549934 0.146417 0.759038 10.1418 139.686 3.51909
1_8125_10000_100_0_0 25 75 50 409239 14207727000 34717.4 8184.78 284154540 1.51122e+09
1_8125_10000_100_1_1 25 75 0.549934 0.146417 0.759038 10.1418 139.686 3.51909
1_8125_10000_100_1_1 25 75 50 409239 14207727000 34717.4 8184.78 284154540 1.51122e+09
1_8125_10000_100_2_2 25 75 0.534647 0.149681 0.770741 10.157 128.487 3.50721
1_8125_10000_100_2_2 25 75 50 409211 14366224500 35107.1 8184.22 287324490 1.552e+09
1_8125_10000_100_3_3 25 75 0.546793 0.148784 0.780974 10.1995 126.116 3.65985
1_8125_10000_100_3_3 25 75 50 409129 14171575500 34638.4 8182.58 283431510 1.51562e+09
1_8125_10000_100_4_4 25 75 0.569267 0.146697 0.750732 10.3026 200.38 3.63162
1_8125_10000_100_4_4 25 75 50 409444 14304496500 34936.4 8188.88 286089930 1.61474e+09
1_8125_10000_100_5_5 25 75 0.548157 0.150629 0.78953 10.2545 139.615 3.67349
1_8125_10000_100_5_5 25 75 50 409414 14333580000 35010 8188.28 286671600 1.53599e+09
1_8125_10000_100_6_6 25 75 0.569913 0.150681 0.788537 10.2136 141.657 3.63376
1_8125_10000_100_6_6 25 75 50 408508 14331153000 35081.7 8170.16 286623060 1.65537e+09
1_8125_10000_100_7_7 25 75 0.573501 0.149821 0.791415 10.2835 140.025 3.72016
1_8125_10000_100_7_7 25 75 50 409222 14257671000 34840.9 8184.44 285153420 1.57645e+09
1_8125_10000_100_8_8 25 75 0.5431 0.150406 0.803693 10.3057 136.46 3.69939
1_8125_10000_100_8_8 25 75 50 408940 14280130500 34919.9 8178.8 285602610 1.53567e+09
1_8125_10000_100_9_9 25 75 0.616802 0.14572 0.751442 10.2267 228.811 3.51294
1_8125_10000_100_9_9 25 75 50 409404 14169279000 34609.5 8188.08 283385580 1.67127e+09
