3 5 0 3 5 0.015625
3 5 1 3 4 0.03125
3 5 2 3 33 0.03125
3 5 3 3 36 0.03125
3 5 4 3 43 0.03125
3 5 5 3 48 0.03125
3 5 6 3 51 0.03125
3 5 7 3 52 0.03125
3 5 8 3 60 0.03125
3 5 9 3 63 0.0625
3 5 10 3 62 0.046875
3 5 11 3 32 0.046875
3 5 12 3 71 0.0625
3 5 14 3 24 0.046875
3 5 15 3 26 0.03125
3 5 16 3 65 0.015625
3 5 17 3 41 0.046875
3 5 18 3 34 0.03125
3 5 19 3 76 0.0625
3 5 20 3 50 0.0625
3 5 21 3 45 0.046875
3 5 22 3 72 0.0625
3 5 23 3 15 0.03125
3 5 24 3 28 0.0625
3 5 25 3 57 0.015625
3 13 0 3 4 0.046875
3 13 1 3 15 0.03125
3 13 2 3 24 0.046875
3 13 3 3 28 0.015625
3 13 4 3 33 0.03125
3 13 5 3 41 0.03125
3 13 6 3 45 0.03125
3 13 8 3 48 0.03125
3 13 9 3 50 0.03125
3 13 10 3 60 0.015625
3 13 11 3 62 0.046875
3 13 12 3 63 0.03125
3 13 13 3 43 0.078125
3 13 14 3 52 0.03125
3 13 15 3 76 0.0625
3 13 16 3 57 0.0625
3 13 17 3 32 0.0625
3 13 18 3 51 0.046875
3 13 19 3 72 0.046875
3 13 20 3 26 0.0625
3 13 21 3 36 0.046875
3 13 22 3 34 0.046875
3 13 23 3 65 0.046875
3 13 25 3 71 0.015625
3 29 0 3 5 0.015625
3 29 1 3 34 0.03125
3 29 2 3 47 0.015625
3 29 3 3 48 0.015625
3 29 4 3 63 0.046875
3 29 5 3 65 0.015625
3 29 6 3 72 0.03125
3 29 7 3 76 0.015625
3 29 8 3 43 0.0625
3 29 9 3 24 0.046875
3 29 10 3 60 0.03125
3 29 11 3 50 0.0625
3 29 12 3 71 0.03125
3 29 13 3 57 0.03125
3 29 14 3 32 0.03125
3 29 15 3 41 0.046875
3 29 16 3 36 0.046875
3 29 17 3 28 0.046875
3 29 18 3 51 0.046875
3 29 19 3 62 0.0625
3 29 20 3 4 0.03125
3 29 21 3 26 0.046875
3 29 22 3 45 0.03125
3 29 23 3 52 0.0625
3 29 24 3 15 0.046875
3 29 25 3 33 0.046875
3 47 0 3 47 0.015625
3 47 1 3 4 0.046875
3 47 2 3 24 0.046875
3 47 3 3 36 0.046875
3 47 4 3 43 0.015625
3 47 5 3 45 0.03125
3 47 6 3 50 0.03125
3 47 7 3 51 0.03125
3 47 8 3 65 0.015625
3 47 9 3 76 0.015625
3 47 10 3 63 0.046875
3 47 12 3 60 0.03125
3 47 13 3 41 0.046875
3 47 14 3 32 0.046875
3 47 15 3 72 0.03125
3 47 16 3 34 0.03125
3 47 17 3 15 0.0625
3 47 18 3 48 0.046875
3 47 19 3 57 0.0625
3 47 20 3 52 0.046875
3 47 21 3 28 0.046875
3 47 22 3 26 0.046875
3 47 23 3 62 0.03125
3 47 24 3 71 0.0625
3 47 25 3 33 0.0625
7 5 0 7 5 0.015625
7 5 1 7 16 0.015625
7 5 2 7 37 0.03125
7 5 3 7 51 0.03125
7 5 4 7 58 0.03125
7 5 5 7 60 0.03125
7 5 6 7 64 0.03125
7 5 7 7 73 0.03125
7 5 8 7 77 0.015625
7 5 9 7 24 0.046875
7 5 10 7 55 0.046875
7 5 11 7 57 0.046875
7 5 12 7 68 0.046875
7 5 13 7 27 0.046875
7 5 14 7 76 0.03125
7 5 15 7 28 0.0625
7 5 16 7 44 0.03125
7 5 17 7 14 0.046875
7 5 18 7 65 0.03125
7 5 19 7 32 0.046875
7 5 20 7 70 0.046875
7 5 21 7 42 0.046875
7 5 22 7 8 0.046875
7 5 23 7 35 0.046875
7 5 24 7 62 0.046875
7 5 25 7 39 0.046875
7 13 0 7 16 0.03125
7 13 1 7 24 0.03125
7 13 2 7 28 0.015625
7 13 3 7 60 0.03125
7 13 4 7 62 0.015625
7 13 5 7 68 0.03125
7 13 6 7 77 0.015625
7 13 7 7 8 0.046875
7 13 8 7 64 0.046875
7 13 9 7 57 0.046875
7 13 10 7 37 0.046875
7 13 11 7 65 0.0625
7 13 12 7 76 0.0625
7 13 13 7 51 0.046875
7 13 14 7 70 0.046875
7 13 15 7 44 0.046875
7 13 16 7 42 0.046875
7 13 17 7 14 0.046875
7 13 18 7 27 0.015625
7 13 19 7 32 0.046875
7 13 20 7 58 0.046875
7 13 21 7 35 0.046875
7 13 22 7 39 0.03125
7 13 23 7 73 0.046875
7 13 24 7 55 0.046875
7 29 0 7 5 0.015625
7 29 1 7 14 0.015625
7 29 2 7 39 0.046875
7 29 3 7 55 0.015625
7 29 4 7 58 0.03125
7 29 5 7 64 0.03125
7 29 6 7 65 0.03125
7 29 7 7 68 0.03125
7 29 8 7 76 0.03125
7 29 9 7 77 0.015625
7 29 10 7 70 0.046875
7 29 11 7 37 0.046875
7 29 12 7 60 0.046875
7 29 13 7 8 0.046875
7 29 14 7 24 0.046875
7 29 15 7 44 0.046875
7 29 16 7 27 0.046875
7 29 17 7 62 0.03125
7 29 18 7 28 0.046875
7 29 19 7 42 0.046875
7 29 20 7 51 0.046875
7 29 21 7 16 0.0625
7 29 22 7 57 0.03125
7 29 23 7 73 0.0625
7 29 24 7 35 0.046875
7 29 25 7 32 0.03125
7 47 0 7 24 0.03125
7 47 1 7 27 0.015625
7 47 2 7 35 0.03125
7 47 3 7 51 0.015625
7 47 4 7 58 0.046875
7 47 5 7 65 0.03125
7 47 6 7 68 0.03125
7 47 7 7 76 0.03125
7 47 8 7 70 0.046875
7 47 9 7 62 0.046875
7 47 11 7 73 0.03125
7 47 12 7 60 0.0625
7 47 13 7 42 0.046875
7 47 14 7 77 0.03125
7 47 15 7 55 0.03125
7 47 16 7 44 0.0625
7 47 17 7 8 0.046875
7 47 18 7 37 0.046875
7 47 19 7 32 0.03125
7 47 20 7 64 0.046875
7 47 21 7 16 0.0625
7 47 22 7 39 0.03125
7 47 23 7 28 0.046875
7 47 24 7 14 0.046875
7 47 25 7 57 0.046875
9 5 0 9 5 0.015625
9 5 1 9 16 0.03125
9 5 2 9 40 0.03125
9 5 3 9 52 0.015625
9 5 4 9 58 0.015625
9 5 5 9 60 0.046875
9 5 6 9 61 0.046875
9 5 7 9 66 0.046875
9 5 8 9 69 0.03125
9 5 9 9 73 0.03125
9 5 10 9 30 0.0625
9 5 11 9 15 0.046875
9 5 12 9 57 0.046875
9 5 13 9 65 0.0625
9 5 14 9 67 0.046875
9 5 15 9 23 0.03125
9 5 16 9 11 0.015625
9 5 17 9 75 0.046875
9 5 18 9 56 0.046875
9 5 19 9 14 0.046875
9 5 20 9 71 0.046875
9 5 21 9 26 0.046875
9 5 22 9 19 0.046875
9 5 24 9 6 0.046875
9 5 25 9 31 0.046875
9 13 0 9 13 0.015625
9 13 1 9 6 0.03125
9 13 2 9 15 0.03125
9 13 3 9 16 0.03125
9 13 4 9 30 0.015625
9 13 5 9 60 0.03125
9 13 6 9 61 0.03125
9 13 7 9 66 0.046875
9 13 8 9 40 0.0625
9 13 9 9 56 0.03125
9 13 10 9 57 0.046875
9 13 11 9 73 0.046875
9 13 12 9 31 0.046875
9 13 13 9 75 0.046875
9 13 14 9 69 0.046875
9 13 15 9 19 0.03125
9 13 16 9 23 0.046875
9 13 17 9 65 0.03125
9 13 18 9 26 0.046875
9 13 19 9 58 0.03125
9 13 20 9 67 0.046875
9 13 21 9 52 0.046875
9 13 22 9 11 0.0625
9 13 23 9 71 0.046875
9 13 25 9 14 0.046875
9 29 0 9 5 0.03125
9 29 1 9 11 0.03125
9 29 2 9 14 0.03125
9 29 3 9 23 0.015625
9 29 4 9 31 0.03125
9 29 5 9 40 0.03125
9 29 6 9 58 0.03125
9 29 7 9 65 0.03125
9 29 8 9 66 0.046875
9 29 9 9 56 0.03125
9 29 10 9 60 0.046875
9 29 11 9 67 0.015625
9 29 12 9 16 0.0625
9 29 13 9 19 0.046875
9 29 14 9 15 0.03125
9 29 15 9 13 0.015625
9 29 16 9 69 0.046875
9 29 17 9 26 0.046875
9 29 18 9 52 0.046875
9 29 19 9 57 0.03125
9 29 20 9 61 0.03125
9 29 21 9 71 0.046875
9 29 22 9 6 0.03125
9 29 23 9 30 0.0625
9 29 24 9 73 0.0625
9 29 25 9 75 0.0625
9 47 0 9 13 0.015625
9 47 1 9 31 0.015625
9 47 2 9 58 0.015625
9 47 3 9 65 0.015625
9 47 4 9 11 0.03125
9 47 5 9 52 0.046875
9 47 6 9 60 0.046875
9 47 7 9 75 0.015625
9 47 8 9 67 0.046875
9 47 9 9 30 0.046875
9 47 10 9 16 0.046875
9 47 11 9 5 0.015625
9 47 12 9 40 0.0625
9 47 13 9 56 0.0625
9 47 14 9 71 0.046875
9 47 15 9 26 0.015625
9 47 16 9 66 0.03125
9 47 17 9 61 0.046875
9 47 18 9 6 0.046875
9 47 19 9 19 0.046875
9 47 20 9 14 0.046875
9 47 21 9 73 0.03125
9 47 22 9 23 0.046875
9 47 23 9 15 0.0625
9 47 24 9 69 0.046875
9 47 25 9 57 0.046875
12 5 0 12 5 0.015625
12 5 1 12 20 0.03125
12 5 2 12 37 0.03125
12 5 3 12 48 0.03125
12 5 4 12 51 0.03125
12 5 5 12 58 0.03125
12 5 6 12 66 0.015625
12 5 7 12 69 0.03125
12 5 8 12 73 0.03125
12 5 9 12 0 0.0625
12 5 10 12 34 0.046875
12 5 11 12 68 0.046875
12 5 12 12 76 0.0625
12 5 13 12 75 0.03125
12 5 14 12 35 0.046875
12 5 15 12 47 0.015625
12 5 16 12 30 0.046875
12 5 17 12 54 0.046875
12 5 18 12 6 0.046875
12 5 19 12 77 0.03125
12 5 20 12 25 0.046875
12 5 21 12 38 0.03125
12 5 22 12 41 0.046875
12 5 23 12 59 0.0625
12 5 24 12 67 0.03125
12 5 25 12 31 0.046875
12 13 0 12 0 0.03125
12 13 1 12 6 0.015625
12 13 2 12 30 0.015625
12 13 3 12 41 0.03125
12 13 5 12 48 0.046875
12 13 6 12 66 0.03125
12 13 7 12 68 0.046875
12 13 8 12 77 0.03125
12 13 9 12 35 0.046875
12 13 10 12 38 0.015625
12 13 11 12 73 0.0625
12 13 12 12 76 0.0625
12 13 13 12 25 0.03125
12 13 14 12 67 0.046875
12 13 15 12 31 0.046875
12 13 16 12 75 0.046875
12 13 17 12 69 0.046875
12 13 18 12 37 0.046875
12 13 19 12 58 0.046875
12 13 20 12 34 0.0625
12 13 22 12 51 0.046875
12 13 23 12 54 0.046875
12 13 24 12 59 0.03125
12 13 25 12 20 0.0625
12 29 0 12 0 0.03125
12 29 1 12 5 0.015625
12 29 2 12 31 0.03125
12 29 3 12 34 0.03125
12 29 4 12 47 0.015625
12 29 5 12 48 0.03125
12 29 6 12 58 0.03125
12 29 7 12 66 0.015625
12 29 8 12 68 0.046875
12 29 9 12 76 0.03125
12 29 10 12 77 0.03125
12 29 11 12 41 0.046875
12 29 12 12 75 0.046875
12 29 13 12 73 0.03125
12 29 14 12 37 0.0625
12 29 15 12 54 0.046875
12 29 16 12 69 0.046875
12 29 17 12 25 0.03125
12 29 18 12 6 0.046875
12 29 19 12 51 0.046875
12 29 20 12 30 0.0625
12 29 21 12 35 0.046875
12 29 22 12 59 0.046875
12 29 23 12 67 0.03125
12 29 24 12 38 0.0625
12 29 25 12 20 0.03125
12 47 0 12 47 0.015625
12 47 1 12 0 0.046875
12 47 2 12 31 0.03125
12 47 3 12 35 0.03125
12 47 4 12 51 0.03125
12 47 5 12 54 0.03125
12 47 6 12 58 0.03125
12 47 7 12 59 0.015625
12 47 8 12 68 0.03125
12 47 9 12 76 0.03125
12 47 11 12 73 0.0625
12 47 12 12 77 0.046875
12 47 13 12 67 0.046875
12 47 14 12 30 0.046875
12 47 15 12 75 0.046875
12 47 16 12 48 0.046875
12 47 17 12 34 0.03125
12 47 18 12 20 0.046875
12 47 19 12 37 0.046875
12 47 20 12 25 0.046875
12 47 21 12 66 0.046875
12 47 22 12 6 0.046875
12 47 23 12 69 0.046875
12 47 24 12 38 0.046875
12 47 25 12 41 0.046875
16 5 0 16 5 0.015625
16 5 1 16 1 0.015625
16 5 2 16 7 0.015625
16 5 3 16 9 0.03125
16 5 4 16 48 0.03125
16 5 5 16 58 0.03125
16 5 6 16 61 0.03125
16 5 7 16 50 0.046875
16 5 8 16 68 0.046875
16 5 9 16 38 0.046875
16 5 10 16 27 0.046875
16 5 11 16 46 0.015625
16 5 12 16 18 0.046875
16 5 13 16 35 0.046875
16 5 14 16 25 0.046875
16 5 15 16 49 0.0625
16 5 16 16 19 0.0625
16 5 17 16 24 0.046875
16 5 18 16 22 0.046875
16 5 19 16 32 0.0625
16 5 21 16 70 0.046875
16 5 22 16 55 0.046875
16 5 23 16 34 0.046875
16 5 24 16 44 0.015625
16 5 25 16 79 0.046875
16 13 0 16 13 0.015625
16 13 1 16 1 0.03125
16 13 2 16 9 0.03125
16 13 3 16 18 0.015625
16 13 4 16 24 0.046875
16 13 5 16 48 0.03125
16 13 6 16 49 0.046875
16 13 7 16 50 0.03125
16 13 8 16 61 0.03125
16 13 9 16 68 0.046875
16 13 10 16 22 0.046875
16 13 11 16 46 0.03125
16 13 12 16 79 0.03125
16 13 13 16 35 0.0625
16 13 14 16 44 0.046875
16 13 15 16 70 0.046875
16 13 16 16 25 0.046875
16 13 17 16 34 0.03125
16 13 18 16 27 0.046875
16 13 19 16 58 0.03125
16 13 20 16 32 0.0625
16 13 21 16 19 0.03125
16 13 22 16 38 0.046875
16 13 23 16 55 0.0625
16 13 25 16 7 0.046875
16 29 0 16 5 0.015625
16 29 1 16 34 0.015625
16 29 2 16 46 0.03125
16 29 3 16 48 0.015625
16 29 4 16 49 0.03125
16 29 5 16 55 0.015625
16 29 6 16 58 0.03125
16 29 7 16 68 0.03125
16 29 8 16 22 0.0625
16 29 9 16 25 0.046875
16 29 10 16 32 0.015625
16 29 11 16 27 0.015625
16 29 12 16 61 0.0625
16 29 13 16 35 0.0625
16 29 14 16 9 0.0625
16 29 15 16 38 0.015625
16 29 16 16 18 0.0625
16 29 17 16 1 0.046875
16 29 18 16 13 0.03125
16 29 19 16 19 0.03125
16 29 20 16 70 0.046875
16 29 21 16 44 0.046875
16 29 22 16 50 0.0625
16 29 23 16 79 0.046875
16 29 24 16 24 0.03125
16 29 25 16 7 0.0625
16 47 0 16 13 0.015625
16 47 1 16 22 0.015625
16 47 2 16 24 0.046875
16 47 3 16 27 0.015625
16 47 4 16 35 0.03125
16 47 5 16 46 0.03125
16 47 6 16 49 0.03125
16 47 7 16 50 0.015625
16 47 8 16 58 0.03125
16 47 9 16 68 0.03125
16 47 10 16 70 0.046875
16 47 12 16 25 0.03125
16 47 13 16 48 0.0625
16 47 14 16 55 0.03125
16 47 15 16 9 0.0625
16 47 16 16 44 0.046875
16 47 17 16 19 0.0625
16 47 18 16 18 0.0625
16 47 19 16 79 0.046875
16 47 20 16 61 0.03125
16 47 21 16 38 0.0625
16 47 22 16 1 0.046875
16 47 23 16 34 0.03125
16 47 24 16 7 0.0625
16 47 25 16 32 0.046875
18 5 0 18 1 0.03125
18 5 1 18 16 0.03125
18 5 2 18 33 0.03125
18 5 3 18 48 0.03125
18 5 4 18 51 0.03125
18 5 5 18 58 0.046875
18 5 6 18 69 0.03125
18 5 7 18 73 0.015625
18 5 8 18 50 0.046875
18 5 9 18 68 0.046875
18 5 10 18 70 0.03125
18 5 11 18 75 0.046875
18 5 12 18 25 0.046875
18 5 13 18 21 0.046875
18 5 14 18 10 0.015625
18 5 15 18 39 0.046875
18 5 16 18 54 0.046875
18 5 17 18 0 0.046875
18 5 18 18 22 0.0625
18 5 19 18 67 0.0625
18 5 21 18 24 0.03125
18 5 22 18 26 0.046875
18 5 23 18 45 0.03125
18 5 24 18 55 0.046875
18 5 25 18 79 0.046875
18 13 0 18 13 0.015625
18 13 1 18 0 0.03125
18 13 2 18 1 0.03125
18 13 3 18 16 0.03125
18 13 4 18 24 0.03125
18 13 5 18 33 0.03125
18 13 6 18 45 0.03125
18 13 7 18 48 0.03125
18 13 8 18 50 0.03125
18 13 9 18 68 0.046875
18 13 10 18 73 0.046875
18 13 11 18 67 0.03125
18 13 12 18 26 0.03125
18 13 13 18 10 0.03125
18 13 14 18 75 0.046875
18 13 15 18 70 0.046875
18 13 16 18 69 0.03125
18 13 17 18 54 0.015625
18 13 18 18 58 0.046875
18 13 19 18 79 0.046875
18 13 20 18 51 0.046875
18 13 21 18 22 0.0625
18 13 22 18 21 0.0625
18 13 23 18 55 0.0625
18 13 24 18 39 0.0625
18 13 25 18 25 0.015625
18 29 0 18 0 0.03125
18 29 1 18 10 0.015625
18 29 2 18 39 0.03125
18 29 3 18 48 0.03125
18 29 4 18 55 0.015625
18 29 5 18 58 0.03125
18 29 6 18 68 0.046875
18 29 7 18 45 0.046875
18 29 8 18 73 0.046875
18 29 9 18 25 0.046875
18 29 10 18 70 0.03125
18 29 11 18 22 0.015625
18 29 12 18 21 0.015625
18 29 13 18 24 0.0625
18 29 14 18 16 0.0625
18 29 15 18 1 0.046875
18 29 16 18 51 0.046875
18 29 17 18 54 0.046875
18 29 18 18 75 0.03125
18 29 20 18 67 0.046875
18 29 21 18 26 0.046875
18 29 22 18 50 0.0625
18 29 23 18 79 0.046875
18 29 24 18 69 0.046875
18 29 25 18 33 0.046875
18 47 0 18 0 0.046875
18 47 1 18 13 0.015625
18 47 2 18 22 0.03125
18 47 3 18 24 0.046875
18 47 4 18 45 0.03125
18 47 5 18 50 0.015625
18 47 6 18 51 0.03125
18 47 7 18 54 0.015625
18 47 8 18 58 0.03125
18 47 9 18 68 0.03125
18 47 10 18 33 0.046875
18 47 11 18 73 0.046875
18 47 12 18 25 0.0625
18 47 13 18 16 0.0625
18 47 14 18 10 0.03125
18 47 15 18 79 0.03125
18 47 16 18 21 0.046875
18 47 17 18 70 0.0625
18 47 18 18 39 0.015625
18 47 19 18 48 0.046875
18 47 20 18 75 0.046875
18 47 21 18 1 0.03125
18 47 22 18 69 0.046875
18 47 23 18 26 0.0625
18 47 24 18 55 0.03125
18 47 25 18 67 0.03125
28 5 0 28 3 0.015625
28 5 1 28 7 0.015625
28 5 2 28 33 0.015625
28 5 3 28 37 0.03125
28 5 4 28 40 0.015625
28 5 5 28 60 0.046875
28 5 6 28 66 0.03125
28 5 7 28 73 0.015625
28 5 8 28 74 0.03125
28 5 9 28 19 0.046875
28 5 10 28 31 0.0625
28 5 11 28 75 0.046875
28 5 12 28 68 0.0625
28 5 14 28 27 0.046875
28 5 15 28 54 0.046875
28 5 16 28 44 0.046875
28 5 17 28 32 0.046875
28 5 18 28 24 0.0625
28 5 19 28 77 0.03125
28 5 20 28 41 0.0625
28 5 21 28 38 0.046875
28 5 22 28 8 0.046875
28 5 23 28 15 0.046875
28 5 24 28 21 0.046875
28 5 25 28 78 0.03125
28 13 0 28 13 0.015625
28 13 1 28 15 0.03125
28 13 2 28 24 0.046875
28 13 3 28 33 0.03125
28 13 4 28 41 0.03125
28 13 5 28 60 0.03125
28 13 6 28 66 0.03125
28 13 7 28 68 0.03125
28 13 8 28 74 0.046875
28 13 9 28 77 0.03125
28 13 10 28 54 0.03125
28 13 11 28 19 0.046875
28 13 12 28 3 0.0625
28 13 13 28 21 0.046875
28 13 14 28 31 0.03125
28 13 15 28 44 0.0625
28 13 16 28 73 0.03125
28 13 17 28 40 0.03125
28 13 18 28 27 0.046875
28 13 19 28 78 0.015625
28 13 20 28 32 0.046875
28 13 21 28 75 0.046875
28 13 22 28 37 0.0625
28 13 23 28 38 0.046875
28 13 24 28 7 0.046875
28 13 25 28 8 0.015625
28 29 0 28 31 0.03125
28 29 1 28 40 0.015625
28 29 2 28 66 0.03125
28 29 3 28 68 0.03125
28 29 4 28 77 0.03125
28 29 5 28 54 0.046875
28 29 6 28 37 0.046875
28 29 7 28 74 0.0625
28 29 8 28 33 0.046875
28 29 9 28 8 0.046875
28 29 10 28 7 0.046875
28 29 11 28 38 0.015625
28 29 12 28 78 0.03125
28 29 13 28 3 0.0625
28 29 14 28 19 0.046875
28 29 15 28 27 0.03125
28 29 16 28 13 0.03125
28 29 17 28 32 0.03125
28 29 18 28 75 0.03125
28 29 19 28 44 0.03125
28 29 20 28 73 0.046875
28 29 21 28 21 0.0625
28 29 22 28 24 0.015625
28 29 23 28 60 0.046875
28 29 24 28 15 0.046875
28 29 25 28 41 0.03125
28 47 0 28 3 0.03125
28 47 1 28 13 0.015625
28 47 2 28 24 0.046875
28 47 3 28 27 0.015625
28 47 4 28 31 0.046875
28 47 5 28 54 0.015625
28 47 6 28 68 0.03125
28 47 7 28 78 0.015625
28 47 8 28 8 0.0625
28 47 9 28 33 0.03125
28 47 10 28 38 0.0625
28 47 11 28 75 0.046875
28 47 12 28 40 0.015625
28 47 13 28 7 0.0625
28 47 14 28 21 0.03125
28 47 15 28 32 0.015625
28 47 16 28 37 0.046875
28 47 17 28 19 0.046875
28 47 18 28 66 0.0625
28 47 19 28 41 0.046875
28 47 20 28 77 0.0625
28 47 21 28 44 0.03125
28 47 22 28 73 0.046875
28 47 23 28 74 0.03125
28 47 24 28 60 0.046875
28 47 25 28 15 0.03125
30 5 0 30 1 0.03125
30 5 1 30 9 0.03125
30 5 2 30 12 0.015625
30 5 3 30 33 0.015625
30 5 4 30 40 0.03125
30 5 5 30 48 0.03125
30 5 6 30 60 0.046875
30 5 7 30 73 0.03125
30 5 8 30 24 0.046875
30 5 9 30 57 0.03125
30 5 10 30 62 0.03125
30 5 11 30 70 0.046875
30 5 12 30 27 0.0625
30 5 13 30 49 0.015625
30 5 14 30 72 0.0625
30 5 15 30 14 0.046875
30 5 16 30 17 0.0625
30 5 17 30 56 0.03125
30 5 18 30 67 0.046875
30 5 19 30 76 0.0625
30 5 20 30 38 0.03125
30 5 22 30 45 0.046875
30 5 23 30 59 0.03125
30 5 24 30 23 0.0625
30 5 25 30 31 0.046875
30 13 0 30 13 0.015625
30 13 1 30 1 0.03125
30 13 2 30 9 0.03125
30 13 3 30 24 0.015625
30 13 4 30 33 0.03125
30 13 5 30 45 0.03125
30 13 6 30 48 0.046875
30 13 7 30 49 0.046875
30 13 8 30 60 0.03125
30 13 9 30 62 0.03125
30 13 10 30 70 0.03125
30 13 11 30 56 0.03125
30 13 12 30 57 0.03125
30 13 13 30 17 0.0625
30 13 14 30 27 0.03125
30 13 15 30 73 0.046875
30 13 16 30 40 0.0625
30 13 17 30 31 0.046875
30 13 18 30 76 0.015625
30 13 19 30 67 0.0625
30 13 20 30 38 0.03125
30 13 21 30 59 0.046875
30 13 22 30 12 0.078125
30 13 23 30 14 0.03125
30 13 24 30 72 0.046875
30 13 25 30 23 0.03125
30 29 0 30 14 0.03125
30 29 1 30 17 0.015625
30 29 2 30 23 0.015625
30 29 3 30 31 0.03125
30 29 4 30 40 0.03125
30 29 5 30 48 0.03125
30 29 6 30 49 0.015625
30 29 7 30 72 0.03125
30 29 8 30 76 0.015625
30 29 9 30 70 0.046875
30 29 10 30 1 0.0625
30 29 11 30 9 0.0625
30 29 12 30 60 0.046875
30 29 13 30 24 0.015625
30 29 14 30 62 0.0625
30 29 15 30 45 0.046875
30 29 16 30 27 0.046875
30 29 17 30 59 0.046875
30 29 18 30 67 0.015625
30 29 19 30 73 0.0625
30 29 20 30 38 0.046875
30 29 21 30 56 0.0625
30 29 22 30 57 0.046875
30 29 23 30 12 0.0625
30 29 25 30 33 0.046875
30 47 0 30 12 0.03125
30 47 1 30 13 0.015625
30 47 2 30 24 0.015625
30 47 3 30 27 0.03125
30 47 4 30 31 0.03125
30 47 5 30 45 0.03125
30 47 6 30 49 0.03125
30 47 7 30 59 0.03125
30 47 8 30 76 0.015625
30 47 9 30 1 0.03125
30 47 10 30 72 0.046875
30 47 11 30 60 0.046875
30 47 12 30 67 0.046875
30 47 13 30 23 0.03125
30 47 14 30 40 0.0625
30 47 15 30 70 0.046875
30 47 16 30 14 0.046875
30 47 17 30 48 0.0625
30 47 18 30 33 0.0625
30 47 19 30 62 0.03125
30 47 20 30 73 0.015625
30 47 21 30 38 0.046875
30 47 22 30 9 0.0625
30 47 23 30 57 0.046875
30 47 24 30 17 0.015625
30 47 25 30 56 0.0625
35 5 0 35 1 0.03125
35 5 1 35 7 0.03125
35 5 2 35 12 0.03125
35 5 3 35 16 0.015625
35 5 4 35 36 0.015625
35 5 5 35 37 0.03125
35 5 6 35 40 0.03125
35 5 7 35 51 0.046875
35 5 8 35 58 0.046875
35 5 9 35 66 0.03125
35 5 10 35 50 0.046875
35 5 11 35 55 0.046875
35 5 12 35 71 0.0625
35 5 13 35 17 0.046875
35 5 14 35 46 0.015625
35 5 15 35 78 0.0625
35 5 17 35 32 0.03125
35 5 18 35 25 0.046875
35 5 19 35 21 0.0625
35 5 20 35 41 0.0625
35 5 21 35 8 0.046875
35 5 22 35 15 0.046875
35 5 23 35 34 0.046875
35 5 24 35 39 0.03125
35 5 25 35 45 0.03125
35 13 0 35 1 0.015625
35 13 1 35 15 0.015625
35 13 2 35 16 0.015625
35 13 3 35 41 0.03125
35 13 4 35 45 0.03125
35 13 5 35 47 0.015625
35 13 6 35 50 0.03125
35 13 7 35 66 0.03125
35 13 8 35 25 0.046875
35 13 9 35 55 0.046875
35 13 10 35 78 0.03125
35 13 11 35 40 0.0625
35 13 12 35 51 0.046875
35 13 13 35 36 0.03125
35 13 14 35 32 0.03125
35 13 15 35 17 0.0625
35 13 16 35 71 0.015625
35 13 17 35 46 0.03125
35 13 18 35 58 0.046875
35 13 19 35 21 0.046875
35 13 20 35 37 0.0625
35 13 21 35 7 0.046875
35 13 22 35 34 0.046875
35 13 23 35 8 0.046875
35 13 24 35 39 0.046875
35 13 25 35 12 0.0625
35 29 0 35 17 0.015625
35 29 1 35 34 0.015625
35 29 2 35 39 0.03125
35 29 3 35 40 0.03125
35 29 4 35 46 0.015625
35 29 5 35 47 0.015625
35 29 6 35 55 0.015625
35 29 7 35 58 0.03125
35 29 8 35 66 0.03125
35 29 9 35 37 0.046875
35 29 10 35 1 0.0625
35 29 11 35 16 0.03125
35 29 12 35 21 0.015625
35 29 13 35 36 0.0625
35 29 14 35 7 0.0625
35 29 15 35 78 0.046875
35 29 16 35 12 0.0625
35 29 17 35 25 0.046875
35 29 18 35 71 0.046875
35 29 19 35 8 0.03125
35 29 20 35 45 0.046875
35 29 21 35 32 0.046875
35 29 22 35 50 0.0625
35 29 23 35 15 0.046875
35 29 24 35 41 0.046875
35 29 25 35 51 0.03125
35 47 0 35 47 0.015625
35 47 1 35 12 0.03125
35 47 2 35 36 0.03125
35 47 3 35 45 0.046875
35 47 4 35 46 0.03125
35 47 5 35 50 0.015625
35 47 6 35 51 0.03125
35 47 7 35 58 0.03125
35 47 8 35 78 0.015625
35 47 9 35 37 0.0625
35 47 10 35 34 0.0625
35 47 11 35 71 0.0625
35 47 12 35 1 0.046875
35 47 13 35 17 0.03125
35 47 14 35 39 0.046875
35 47 15 35 7 0.046875
35 47 16 35 55 0.015625
35 47 17 35 21 0.03125
35 47 18 35 8 0.046875
35 47 19 35 15 0.015625
35 47 20 35 40 0.0625
35 47 21 35 25 0.03125
35 47 22 35 66 0.03125
35 47 23 35 32 0.046875
35 47 24 35 16 0.0625
35 47 25 35 41 0.046875
37 5 0 37 5 0.015625
37 5 1 37 7 0.015625
37 5 2 37 12 0.03125
37 5 3 37 20 0.03125
37 5 4 37 52 0.015625
37 5 5 37 58 0.046875
37 5 6 37 60 0.046875
37 5 7 37 61 0.03125
37 5 8 37 69 0.03125
37 5 9 37 2 0.03125
37 5 10 37 50 0.046875
37 5 11 37 54 0.046875
37 5 12 37 57 0.046875
37 5 13 37 70 0.046875
37 5 14 37 14 0.015625
37 5 15 37 75 0.046875
37 5 16 37 41 0.046875
37 5 17 37 78 0.0625
37 5 18 37 11 0.0625
37 5 19 37 25 0.046875
37 5 20 37 42 0.046875
37 5 21 37 0 0.03125
37 5 22 37 45 0.015625
37 5 23 37 35 0.0625
37 5 24 37 28 0.046875
37 5 25 37 6 0.03125
37 13 0 37 0 0.015625
37 13 1 37 6 0.015625
37 13 2 37 28 0.015625
37 13 3 37 41 0.03125
37 13 4 37 45 0.015625
37 13 5 37 50 0.03125
37 13 6 37 60 0.03125
37 13 7 37 61 0.03125
37 13 8 37 2 0.046875
37 13 9 37 42 0.0625
37 13 10 37 75 0.046875
37 13 11 37 78 0.03125
37 13 12 37 35 0.046875
37 13 13 37 58 0.03125
37 13 14 37 54 0.0625
37 13 15 37 70 0.046875
37 13 16 37 69 0.0625
37 13 17 37 12 0.015625
37 13 18 37 14 0.015625
37 13 19 37 57 0.0625
37 13 20 37 52 0.0625
37 13 21 37 11 0.0625
37 13 23 37 25 0.03125
37 13 24 37 20 0.078125
37 13 25 37 7 0.046875
37 29 0 37 0 0.015625
37 29 1 37 2 0.015625
37 29 2 37 5 0.015625
37 29 3 37 11 0.015625
37 29 4 37 14 0.015625
37 29 5 37 58 0.046875
37 29 6 37 60 0.046875
37 29 7 37 78 0.046875
37 29 8 37 20 0.015625
37 29 9 37 41 0.0625
37 29 10 37 50 0.0625
37 29 11 37 35 0.0625
37 29 12 37 28 0.046875
37 29 13 37 54 0.046875
37 29 14 37 12 0.046875
37 29 15 37 69 0.046875
37 29 16 37 75 0.03125
37 29 17 37 70 0.046875
37 29 18 37 45 0.015625
37 29 19 37 25 0.046875
37 29 20 37 57 0.03125
37 29 21 37 52 0.046875
37 29 22 37 42 0.046875
37 29 23 37 61 0.03125
37 29 24 37 6 0.046875
37 29 25 37 7 0.046875
37 47 0 37 0 0.015625
37 47 1 37 12 0.03125
37 47 2 37 35 0.03125
37 47 3 37 45 0.015625
37 47 4 37 50 0.015625
37 47 5 37 54 0.03125
37 47 6 37 58 0.046875
37 47 7 37 78 0.015625
37 47 8 37 52 0.0625
37 47 9 37 60 0.0625
37 47 10 37 41 0.046875
37 47 11 37 75 0.046875
37 47 12 37 70 0.015625
37 47 13 37 28 0.0625
37 47 14 37 11 0.03125
37 47 15 37 2 0.03125
37 47 17 37 20 0.0625
37 47 18 37 25 0.046875
37 47 19 37 61 0.046875
37 47 20 37 7 0.0625
37 47 21 37 14 0.046875
37 47 22 37 69 0.046875
37 47 23 37 57 0.03125
37 47 24 37 42 0.046875
37 47 25 37 6 0.046875
40 5 0 40 5 0.015625
40 5 1 40 1 0.046875
40 5 2 40 9 0.03125
40 5 4 40 48 0.03125
40 5 5 40 52 0.015625
40 5 6 40 60 0.046875
40 5 7 40 63 0.0625
40 5 8 40 64 0.03125
40 5 9 40 34 0.046875
40 5 10 40 31 0.046875
40 5 11 40 28 0.046875
40 5 12 40 0 0.03125
40 5 13 40 35 0.03125
40 5 14 40 2 0.03125
40 5 15 40 77 0.03125
40 5 16 40 39 0.0625
40 5 17 40 78 0.046875
40 5 18 40 10 0.03125
40 5 19 40 42 0.046875
40 5 20 40 49 0.0625
40 5 21 40 14 0.03125
40 5 22 40 11 0.03125
40 5 23 40 53 0.03125
40 5 24 40 30 0.0625
40 5 25 40 6 0.046875
40 13 0 40 0 0.03125
40 13 1 40 1 0.046875
40 13 2 40 6 0.03125
40 13 3 40 9 0.015625
40 13 4 40 28 0.015625
40 13 5 40 30 0.015625
40 13 6 40 48 0.03125
40 13 7 40 49 0.046875
40 13 8 40 60 0.03125
40 13 9 40 63 0.03125
40 13 10 40 77 0.03125
40 13 11 40 42 0.046875
40 13 12 40 11 0.046875
40 13 13 40 35 0.03125
40 13 14 40 10 0.0625
40 13 15 40 39 0.0625
40 13 16 40 78 0.0625
40 13 17 40 2 0.0625
40 13 18 40 14 0.0625
40 13 19 40 31 0.03125
40 13 20 40 34 0.046875
40 13 21 40 53 0.046875
40 13 22 40 52 0.046875
40 13 24 40 64 0.0625
40 29 0 40 29 0.015625
40 29 1 40 0 0.03125
40 29 2 40 2 0.03125
40 29 3 40 5 0.015625
40 29 4 40 10 0.03125
40 29 5 40 11 0.03125
40 29 6 40 14 0.03125
40 29 7 40 31 0.03125
40 29 8 40 34 0.015625
40 29 9 40 39 0.03125
40 29 10 40 48 0.03125
40 29 11 40 49 0.03125
40 29 12 40 63 0.046875
40 29 13 40 64 0.03125
40 29 14 40 77 0.046875
40 29 15 40 30 0.046875
40 29 16 40 78 0.046875
40 29 17 40 35 0.046875
40 29 18 40 53 0.03125
40 29 19 40 52 0.046875
40 29 20 40 9 0.0625
40 29 21 40 60 0.046875
40 29 22 40 28 0.0625
40 29 23 40 42 0.046875
40 29 24 40 1 0.046875
40 29 25 40 6 0.0625
40 47 0 40 0 0.046875
40 47 1 40 29 0.015625
40 47 2 40 31 0.03125
40 47 3 40 35 0.015625
40 47 4 40 49 0.03125
40 47 5 40 53 0.015625
40 47 6 40 78 0.015625
40 47 7 40 52 0.046875
40 47 8 40 60 0.046875
40 47 9 40 48 0.0625
40 47 10 40 28 0.03125
40 47 11 40 1 0.046875
40 47 12 40 30 0.046875
40 47 13 40 64 0.046875
40 47 15 40 14 0.046875
40 47 16 40 63 0.046875
40 47 17 40 39 0.015625
40 47 18 40 6 0.046875
40 47 19 40 77 0.046875
40 47 20 40 42 0.046875
40 47 21 40 9 0.0625
40 47 22 40 10 0.03125
40 47 23 40 34 0.046875
40 47 24 40 2 0.046875
40 47 25 40 11 0.0625
41 5 0 41 3 0.015625
41 5 1 41 12 0.015625
41 5 2 41 36 0.015625
41 5 3 41 37 0.015625
41 5 4 41 58 0.03125
41 5 5 41 61 0.015625
41 5 6 41 69 0.03125
41 5 7 41 19 0.046875
41 5 8 41 50 0.0625
41 5 9 41 76 0.046875
41 5 10 41 75 0.046875
41 5 11 41 35 0.046875
41 5 12 41 8 0.046875
41 5 13 41 34 0.015625
41 5 14 41 28 0.0625
41 5 15 41 78 0.0625
41 5 16 41 22 0.046875
41 5 17 41 26 0.046875
41 5 18 41 42 0.046875
41 5 19 41 67 0.046875
41 5 20 41 31 0.03125
41 5 22 41 15 0.046875
41 5 23 41 21 0.046875
41 5 24 41 77 0.0625
41 5 25 41 2 0.046875
41 13 0 41 13 0.015625
41 13 1 41 15 0.03125
41 13 2 41 28 0.015625
41 13 3 41 50 0.03125
41 13 4 41 61 0.015625
41 13 5 41 77 0.015625
41 13 6 41 37 0.046875
41 13 7 41 19 0.046875
41 13 8 41 8 0.015625
41 13 9 41 76 0.046875
41 13 10 41 75 0.03125
41 13 11 41 35 0.046875
41 13 12 41 67 0.046875
41 13 13 41 31 0.046875
41 13 14 41 12 0.0625
41 13 15 41 26 0.03125
41 13 16 41 78 0.015625
41 13 17 41 36 0.03125
41 13 18 41 69 0.046875
41 13 19 41 58 0.03125
41 13 20 41 3 0.0625
41 13 21 41 22 0.046875
41 13 22 41 34 0.046875
41 13 23 41 21 0.0625
41 13 24 41 42 0.046875
41 13 25 41 2 0.0625
41 29 0 41 2 0.015625
41 29 1 41 31 0.015625
41 29 2 41 34 0.015625
41 29 3 41 58 0.015625
41 29 4 41 76 0.015625
41 29 5 41 77 0.015625
41 29 6 41 22 0.046875
41 29 7 41 12 0.046875
41 29 8 41 75 0.03125
41 29 9 41 36 0.046875
41 29 10 41 37 0.046875
41 29 11 41 78 0.046875
41 29 12 41 69 0.046875
41 29 13 41 19 0.046875
41 29 14 41 28 0.046875
41 29 15 41 42 0.046875
41 29 16 41 13 0.03125
41 29 17 41 26 0.03125
41 29 18 41 61 0.03125
41 29 19 41 35 0.046875
41 29 20 41 8 0.046875
41 29 21 41 15 0.046875
41 29 22 41 3 0.0625
41 29 23 41 21 0.046875
41 29 24 41 50 0.0625
41 29 25 41 67 0.046875
41 47 0 41 3 0.046875
41 47 1 41 12 0.03125
41 47 2 41 13 0.015625
41 47 3 41 22 0.03125
41 47 4 41 31 0.03125
41 47 5 41 35 0.03125
41 47 6 41 36 0.03125
41 47 7 41 50 0.015625
41 47 8 41 58 0.03125
41 47 9 41 76 0.015625
41 47 10 41 78 0.03125
41 47 11 41 21 0.03125
41 47 12 41 42 0.0625
41 47 13 41 15 0.046875
41 47 14 41 75 0.0625
41 47 15 41 34 0.03125
41 47 16 41 8 0.0625
41 47 17 41 37 0.046875
41 47 18 41 19 0.046875
41 47 19 41 61 0.03125
41 47 20 41 77 0.046875
41 47 21 41 69 0.046875
41 47 22 41 28 0.046875
41 47 23 41 67 0.015625
41 47 24 41 26 0.046875
41 47 25 41 2 0.0625
42 5 0 42 4 0.015625
42 5 1 42 7 0.015625
42 5 2 42 20 0.046875
42 5 3 42 37 0.03125
42 5 4 42 40 0.03125
42 5 5 42 51 0.03125
42 5 6 42 61 0.015625
42 5 7 42 74 0.03125
42 5 8 42 2 0.0625
42 5 9 42 41 0.046875
42 5 10 42 56 0.03125
42 5 11 42 76 0.015625
42 5 12 42 19 0.046875
42 5 13 42 23 0.015625
42 5 14 42 65 0.0625
42 5 15 42 54 0.046875
42 5 16 42 46 0.03125
42 5 17 42 25 0.046875
42 5 18 42 22 0.046875
42 5 19 42 68 0.03125
42 5 20 42 62 0.046875
42 5 21 42 8 0.0625
42 5 22 42 53 0.015625
42 5 23 42 72 0.046875
42 5 24 42 34 0.0625
42 5 25 42 77 0.0625
42 13 0 42 4 0.03125
42 13 1 42 41 0.015625
42 13 2 42 61 0.015625
42 13 3 42 62 0.03125
42 13 4 42 68 0.03125
42 13 5 42 74 0.046875
42 13 6 42 77 0.015625
42 13 7 42 25 0.046875
42 13 8 42 53 0.0625
42 13 9 42 37 0.046875
42 13 10 42 19 0.015625
42 13 11 42 46 0.046875
42 13 12 42 7 0.046875
42 13 13 42 51 0.046875
42 13 14 42 54 0.046875
42 13 15 42 8 0.015625
42 13 16 42 40 0.0625
42 13 17 42 65 0.0625
42 13 18 42 23 0.0625
42 13 19 42 76 0.03125
42 13 20 42 22 0.046875
42 13 21 42 56 0.015625
42 13 22 42 34 0.046875
42 13 23 42 20 0.046875
42 13 24 42 2 0.015625
42 13 25 42 72 0.046875
42 29 0 42 2 0.03125
42 29 1 42 23 0.015625
42 29 2 42 34 0.03125
42 29 3 42 40 0.03125
42 29 4 42 46 0.03125
42 29 5 42 65 0.015625
42 29 6 42 68 0.03125
42 29 7 42 72 0.015625
42 29 8 42 76 0.03125
42 29 9 42 77 0.03125
42 29 10 42 54 0.0625
42 29 11 42 37 0.0625
42 29 12 42 4 0.03125
42 29 13 42 51 0.015625
42 29 14 42 61 0.0625
42 29 15 42 19 0.03125
42 29 16 42 56 0.0625
42 29 17 42 53 0.046875
42 29 18 42 22 0.046875
42 29 19 42 20 0.03125
42 29 20 42 62 0.046875
42 29 21 42 7 0.0625
42 29 22 42 41 0.046875
42 29 23 42 8 0.046875
42 29 24 42 25 0.046875
42 29 25 42 74 0.03125
42 47 0 42 4 0.03125
42 47 1 42 22 0.015625
42 47 2 42 46 0.03125
42 47 3 42 51 0.015625
42 47 4 42 53 0.03125
42 47 5 42 54 0.015625
42 47 6 42 65 0.015625
42 47 7 42 68 0.015625
42 47 8 42 76 0.03125
42 47 9 42 20 0.046875
42 47 10 42 62 0.0625
42 47 11 42 25 0.046875
42 47 12 42 77 0.046875
42 47 13 42 74 0.046875
42 47 14 42 7 0.046875
42 47 15 42 40 0.046875
42 47 16 42 2 0.0625
42 47 17 42 34 0.03125
42 47 18 42 72 0.046875
42 47 19 42 8 0.046875
42 47 20 42 37 0.046875
42 47 21 42 61 0.03125
42 47 22 42 41 0.046875
42 47 23 42 19 0.046875
42 47 24 42 23 0.046875
42 47 25 42 56 0.046875
43 5 0 43 5 0.015625
43 5 1 43 3 0.03125
43 5 2 43 20 0.046875
43 5 3 43 33 0.03125
43 5 4 43 51 0.03125
43 5 5 43 0 0.046875
43 5 6 43 71 0.046875
43 5 7 43 65 0.0625
43 5 8 43 15 0.03125
43 5 9 43 77 0.03125
43 5 10 43 19 0.046875
43 5 11 43 17 0.015625
43 5 12 43 44 0.03125
43 5 13 43 14 0.046875
43 5 14 43 11 0.03125
43 5 15 43 32 0.03125
43 5 16 43 22 0.046875
43 5 18 43 10 0.046875
43 5 19 43 53 0.0625
43 5 20 43 8 0.046875
43 5 21 43 45 0.046875
43 5 22 43 46 0.0625
43 5 23 43 2 0.03125
43 5 24 43 27 0.03125
43 5 25 43 39 0.046875
43 13 0 43 0 0.015625
43 13 1 43 15 0.03125
43 13 2 43 33 0.03125
43 13 3 43 45 0.03125
43 13 5 43 77 0.03125
43 13 6 43 53 0.046875
43 13 7 43 71 0.046875
43 13 8 43 27 0.046875
43 13 9 43 65 0.046875
43 13 10 43 19 0.046875
43 13 11 43 10 0.046875
43 13 12 43 11 0.03125
43 13 13 43 44 0.046875
43 13 14 43 17 0.0625
43 13 15 43 2 0.0625
43 13 16 43 32 0.046875
43 13 17 43 39 0.015625
43 13 18 43 14 0.03125
43 13 19 43 3 0.0625
43 13 20 43 51 0.046875
43 13 21 43 22 0.046875
43 13 22 43 8 0.015625
43 13 24 43 46 0.046875
43 13 25 43 20 0.0625
43 29 0 43 0 0.03125
43 29 1 43 2 0.03125
43 29 2 43 5 0.046875
43 29 3 43 10 0.03125
43 29 4 43 11 0.03125
43 29 5 43 14 0.03125
43 29 6 43 17 0.015625
43 29 7 43 39 0.03125
43 29 8 43 46 0.03125
43 29 9 43 47 0.015625
43 29 10 43 65 0.015625
43 29 11 43 77 0.046875
43 29 12 43 44 0.046875
43 29 13 43 27 0.0625
43 29 14 43 51 0.046875
43 29 15 43 53 0.03125
43 29 16 43 22 0.046875
43 29 17 43 71 0.0625
43 29 18 43 45 0.03125
43 29 19 43 19 0.0625
43 29 20 43 8 0.03125
43 29 21 43 15 0.046875
43 29 22 43 32 0.03125
43 29 23 43 20 0.046875
43 29 24 43 33 0.03125
43 29 25 43 3 0.0625
43 47 0 43 47 0.015625
43 47 1 43 0 0.03125
43 47 2 43 3 0.046875
43 47 3 43 22 0.015625
43 47 4 43 27 0.03125
43 47 5 43 45 0.046875
43 47 6 43 46 0.03125
43 47 7 43 51 0.03125
43 47 8 43 53 0.015625
43 47 9 43 65 0.015625
43 47 11 43 20 0.03125
43 47 12 43 77 0.046875
43 47 13 43 39 0.0625
43 47 14 43 17 0.03125
43 47 15 43 2 0.0625
43 47 16 43 15 0.0625
43 47 17 43 19 0.015625
43 47 18 43 10 0.03125
43 47 19 43 33 0.0625
43 47 20 43 44 0.03125
43 47 21 43 71 0.03125
43 47 22 43 14 0.0625
43 47 23 43 8 0.0625
43 47 24 43 11 0.0625
43 47 25 43 32 0.0625
50 5 0 50 1 0.03125
50 5 1 50 3 0.015625
50 5 2 50 4 0.03125
50 5 3 50 16 0.03125
50 5 4 50 33 0.03125
50 5 5 50 37 0.03125
50 5 6 50 61 0.03125
50 5 7 50 63 0.078125
50 5 8 50 66 0.03125
50 5 9 50 68 0.0625
50 5 10 50 67 0.046875
50 5 11 50 44 0.03125
50 5 12 50 11 0.015625
50 5 13 50 35 0.046875
50 5 14 50 14 0.0625
50 5 16 50 26 0.046875
50 5 17 50 24 0.046875
50 5 18 50 6 0.03125
50 5 19 50 41 0.0625
50 5 20 50 79 0.0625
50 5 21 50 45 0.046875
50 5 22 50 34 0.0625
50 5 23 50 18 0.0625
50 13 0 50 13 0.0625
50 13 1 50 1 0.03125
50 13 2 50 4 0.046875
50 13 3 50 6 0.046875
50 13 4 50 16 0.03125
50 13 5 50 18 0.015625
50 13 6 50 24 0.03125
50 13 7 50 33 0.03125
50 13 8 50 41 0.03125
50 13 9 50 45 0.046875
50 13 11 50 61 0.03125
50 13 12 50 63 0.046875
50 13 13 50 66 0.046875
50 13 14 50 68 0.03125
50 13 15 50 37 0.046875
50 13 16 50 11 0.03125
50 13 17 50 35 0.0625
50 13 18 50 44 0.046875
50 13 19 50 67 0.03125
50 13 20 50 26 0.046875
50 13 21 50 3 0.046875
50 13 22 50 34 0.03125
50 13 23 50 79 0.078125
50 13 24 50 14 0.046875
50 29 0 50 11 0.015625
50 29 1 50 14 0.015625
50 29 2 50 34 0.015625
50 29 3 50 47 0.015625
50 29 4 50 63 0.046875
50 29 5 50 66 0.03125
50 29 6 50 68 0.015625
50 29 7 50 45 0.03125
50 29 8 50 37 0.046875
50 29 9 50 16 0.0625
50 29 10 50 33 0.0625
50 29 11 50 24 0.046875
50 29 12 50 4 0.0625
50 29 13 50 79 0.015625
50 29 14 50 1 0.046875
50 29 15 50 35 0.0625
50 29 16 50 3 0.0625
50 29 17 50 61 0.03125
50 29 18 50 18 0.0625
50 29 19 50 26 0.046875
50 29 20 50 6 0.0625
50 29 21 50 44 0.046875
50 29 22 50 67 0.046875
50 29 23 50 41 0.046875
50 47 0 50 47 0.015625
50 47 1 50 3 0.015625
50 47 2 50 4 0.03125
50 47 3 50 13 0.015625
50 47 4 50 24 0.03125
50 47 5 50 35 0.03125
50 47 6 50 45 0.046875
50 47 7 50 68 0.015625
50 47 8 50 37 0.0625
50 47 9 50 67 0.046875
50 47 10 50 6 0.03125
50 47 11 50 63 0.046875
50 47 12 50 66 0.03125
50 47 13 50 44 0.046875
50 47 14 50 11 0.046875
50 47 15 50 16 0.0625
50 47 16 50 61 0.03125
50 47 17 50 79 0.046875
50 47 18 50 14 0.046875
50 47 19 50 18 0.046875
50 47 20 50 26 0.046875
50 47 21 50 1 0.046875
50 47 22 50 34 0.046875
50 47 23 50 41 0.046875
50 47 24 50 33 0.0625
54 5 0 54 4 0.015625
54 5 1 54 12 0.015625
54 5 2 54 36 0.015625
54 5 3 54 37 0.015625
54 5 4 54 58 0.046875
54 5 5 54 61 0.03125
54 5 6 54 73 0.03125
54 5 7 54 0 0.046875
54 5 8 54 24 0.046875
54 5 9 54 68 0.0625
54 5 10 54 19 0.03125
54 5 11 54 38 0.046875
54 5 12 54 47 0.015625
54 5 13 54 44 0.046875
54 5 14 54 28 0.046875
54 5 15 54 17 0.046875
54 5 16 54 18 0.0625
54 5 17 54 22 0.03125
54 5 18 54 25 0.046875
54 5 19 54 70 0.03125
54 5 20 54 59 0.0625
54 5 21 54 56 0.046875
54 5 22 54 46 0.0625
54 5 23 54 62 0.046875
54 5 24 54 42 0.046875
54 13 0 54 0 0.03125
54 13 1 54 4 0.03125
54 13 2 54 18 0.015625
54 13 3 54 24 0.015625
54 13 4 54 28 0.03125
54 13 6 54 61 0.03125
54 13 7 54 62 0.015625
54 13 8 54 68 0.046875
54 13 9 54 59 0.03125
54 13 10 54 12 0.0625
54 13 11 54 73 0.0625
54 13 12 54 17 0.0625
54 13 13 54 19 0.046875
54 13 14 54 70 0.046875
54 13 15 54 44 0.0625
54 13 16 54 42 0.046875
54 13 17 54 37 0.046875
54 13 18 54 25 0.046875
54 13 19 54 58 0.0625
54 13 20 54 56 0.03125
54 13 21 54 36 0.03125
54 13 22 54 38 0.046875
54 13 23 54 22 0.0625
54 13 24 54 46 0.03125
54 29 0 54 0 0.015625
54 29 1 54 17 0.015625
54 29 2 54 46 0.015625
54 29 3 54 47 0.015625
54 29 4 54 58 0.03125
54 29 5 54 68 0.03125
54 29 6 54 37 0.046875
54 29 7 54 12 0.046875
54 29 8 54 18 0.0625
54 29 9 54 25 0.046875
54 29 10 54 38 0.046875
54 29 11 54 4 0.046875
54 29 12 54 24 0.046875
54 29 13 54 62 0.046875
54 29 14 54 19 0.046875
54 29 15 54 28 0.046875
54 29 16 54 22 0.0625
54 29 17 54 61 0.03125
54 29 18 54 70 0.046875
54 29 19 54 59 0.046875
54 29 20 54 56 0.046875
54 29 21 54 44 0.03125
54 29 22 54 36 0.03125
54 29 23 54 42 0.046875
54 29 24 54 73 0.046875
54 47 0 54 47 0.015625
54 47 1 54 0 0.03125
54 47 2 54 4 0.046875
54 47 3 54 12 0.03125
54 47 4 54 22 0.046875
54 47 5 54 24 0.015625
54 47 6 54 36 0.046875
54 47 7 54 46 0.03125
54 47 8 54 58 0.03125
54 47 9 54 59 0.015625
54 47 10 54 68 0.03125
54 47 11 54 62 0.0625
54 47 12 54 28 0.046875
54 47 13 54 73 0.03125
54 47 14 54 17 0.03125
54 47 15 54 56 0.0625
54 47 16 54 25 0.03125
54 47 17 54 37 0.046875
54 47 18 54 61 0.046875
54 47 19 54 18 0.0625
54 47 20 54 19 0.046875
54 47 21 54 44 0.046875
54 47 22 54 42 0.046875
54 47 23 54 38 0.03125
54 47 24 54 70 0.0625
