28_125_1000_200_0_49 50 150 0.419217 0.0969207 0.556113 9.73045 163.904 2.90746
28_125_1000_200_0_49 50 150 100 910179 31730944500 34862.3 9101.79 317309445 1.2653e+09
28_125_1000_200_50_99 50 150 0.422097 0.0972072 0.559983 9.75269 453.139 2.97831
28_125_1000_200_50_99 50 150 100 910198 31765006500 34899 9101.98 317650065 1.33111e+09
28_125_1000_200_100_149 50 150 0.42638 0.0972637 0.565438 9.868 193.302 3.06107
28_125_1000_200_100_149 50 150 100 911051 31711828500 34808 9110.51 317118285 1.38503e+09
28_125_1000_200_150_199 50 150 0.438103 0.0979922 0.585356 9.96518 159.494 3.20456
28_125_1000_200_150_199 50 150 100 910566 31933018500 35069.4 9105.66 319330185 1.40836e+09
28_125_1000_200_200_249 50 150 0.458282 0.0992289 0.605055 10.1364 313.338 3.37261
28_125_1000_200_200_249 50 150 100 911292 31852174500 34952.8 9112.92 318521745 1.45402e+09
28_125_1000_200_250_299 50 150 0.434425 0.0978723 0.587341 9.85254 253.111 3.16967
28_125_1000_200_250_299 50 150 100 910918 31866415500 34982.7 9109.18 318664155 1.41985e+09
28_125_1000_200_300_349 50 150 0.403665 0.0963601 0.543521 9.51635 132.69 2.81425
28_125_1000_200_300_349 50 150 100 911231 31669963500 34755.1 9112.31 316699635 1.2269e+09
28_125_1000_200_350_399 50 150 0.444637 0.0989218 0.590738 9.96563 269.485 3.20364
28_125_1000_200_350_399 50 150 100 911397 31604059500 34676.5 9113.97 316040595 1.4082e+09
28_125_1000_200_400_449 50 150 0.42043 0.0963303 0.547896 9.67312 168.819 2.86422
28_125_1000_200_400_449 50 150 100 911337 31755615000 34845.1 9113.37 317556150 1.28841e+09
28_125_1000_200_450_499 50 150 0.446453 0.0970051 0.585897 10.0186 201.905 3.25018
28_125_1000_200_450_499 50 150 100 911874 31370328000 34402 9118.74 313703280 1.34058e+09
