1_375_10000_100_0_0 25 75 0.579892 0.246927 1.09943 9.96997 109.496 3.91708
1_375_10000_100_0_0 25 75 50 1719907 45276532500 26325 34398.1 905530650 3.13822e+09
1_375_10000_100_1_1 25 75 0.579892 0.246927 1.09943 9.96997 109.496 3.91708
1_375_10000_100_1_1 25 75 50 1719907 45276532500 26325 34398.1 905530650 3.13822e+09
1_375_10000_100_2_2 25 75 0.584209 0.247366 1.08628 9.94972 112.445 3.8841
1_375_10000_100_2_2 25 75 50 1719907 45275250000 26324.2 34398.1 905505000 3.10765e+09
1_375_10000_100_3_3 25 75 0.57913 0.247093 1.09578 9.90417 111.798 3.87803
1_375_10000_100_3_3 25 75 50 1719907 45276546000 26325 34398.1 905530920 3.11991e+09
1_375_10000_100_4_4 25 75 0.579811 0.246922 1.09236 9.97307 110.02 3.91154
1_375_10000_100_4_4 25 75 50 1719905 45276490500 26325 34398.1 905529810 3.16211e+09
1_375_10000_100_5_5 25 75 0.582225 0.247104 1.10264 9.92138 106.172 3.92133
1_375_10000_100_5_5 25 75 50 1719908 45276585000 26325 34398.2 905531700 3.11307e+09
1_375_10000_100_6_6 25 75 0.575087 0.246478 1.07901 9.87054 100.845 3.82452
1_375_10000_100_6_6 25 75 50 1719908 45276594000 26325 34398.2 905531880 3.14366e+09
1_375_10000_100_7_7 25 75 0.567881 0.247076 1.0878 9.7911 103.666 3.81831
1_375_10000_100_7_7 25 75 50 1719906 45276538500 26325 34398.1 905530770 3.08918e+09
1_375_10000_100_8_8 25 75 0.573513 0.246364 1.07791 9.88568 94.1776 3.81726
1_375_10000_100_8_8 25 75 50 1719908 45276565500 26325 34398.2 905531310 3.13735e+09
1_375_10000_100_9_9 25 75 0.586362 0.247316 1.11962 10.0575 108.425 4.0354
1_375_10000_100_9_9 25 75 50 1719906 45276531000 26325 34398.1 905530620 3.20754e+09
