6_5_10_1000_0_0 250 750 0.509225 0.104317 1.42024 10.0551 81.7883 5.06758
6_5_10_1000_0_0 250 750 500 480630 16876449000 35113.2 961.26 33752898 2.43125e+08
6_5_10_1000_1_1 250 750 0.509225 0.104317 1.42024 10.0551 81.7883 5.06758
6_5_10_1000_1_1 250 750 500 480630 16876449000 35113.2 961.26 33752898 2.43125e+08
6_5_10_1000_2_2 250 750 0.507353 0.104701 1.48255 9.91838 275.28 5.0675
6_5_10_1000_2_2 250 750 500 479399 16571199000 34566.6 958.798 33142398 2.23681e+08
6_5_10_1000_3_3 250 750 0.492693 0.104265 1.40458 9.77545 117.76 4.86812
6_5_10_1000_3_3 250 750 500 479419 16531177500 34481.7 958.838 33062355 2.18619e+08
6_5_10_1000_4_4 250 750 0.533811 0.105178 1.50304 9.85759 955.243 5.08929
6_5_10_1000_4_4 250 750 500 478807 16994007000 35492.4 957.614 33988014 2.41619e+08
6_5_10_1000_5_5 250 750 0.528927 0.104701 1.55668 10.2583 209.062 5.27509
6_5_10_1000_5_5 250 750 500 478286 16787244000 35098.8 956.572 33574488 2.19138e+08
6_5_10_1000_6_6 250 750 0.505428 0.104322 1.45705 9.9278 75.2779 5.04587
6_5_10_1000_6_6 250 750 500 478557 16523682000 34528.1 957.114 33047364 2.29513e+08
6_5_10_1000_7_7 250 750 0.507405 0.104357 1.40147 9.88472 234.351 4.99985
6_5_10_1000_7_7 250 750 500 479213 16668030000 34782.1 958.426 33336060 2.38727e+08
6_5_10_1000_8_8 250 750 0.498494 0.104744 1.42663 9.92396 127.796 4.9476
6_5_10_1000_8_8 250 750 500 480362 16638495000 34637.4 960.724 33276990 2.20399e+08
6_5_10_1000_9_9 250 750 0.499352 0.10406 1.43147 9.87776 81.0891 5.02346
6_5_10_1000_9_9 250 750 500 478068 16556899500 34632.9 956.136 33113799 2.17697e+08
