11 51 0 11 51 0.046875
11 51 1 11 8 0.015625
11 51 2 11 24 0.015625
11 51 3 11 43 0.015625
11 51 4 11 79 0.046875
11 51 6 11 0 0.015625
11 51 7 11 0 0.015625
11 51 8 11 2 0.015625
11 51 9 11 8 0.015625
11 51 10 11 8 0.015625
11 51 12 11 9 0.015625
11 51 14 11 36 0.015625
11 51 17 11 73 0.015625
11 51 18 11 15 0.015625
11 51 19 11 76 0.015625
11 51 20 11 24 0.015625
11 51 22 11 37 0.015625
11 51 27 11 75 0.015625
11 51 30 11 65 0.015625
11 51 31 11 65 0.015625
11 51 32 11 57 0.015625
11 51 39 11 29 0.015625
11 51 40 11 25 0.015625
11 51 42 11 25 0.015625
11 51 46 11 0 0.015625
11 51 54 11 36 0.015625
11 51 55 11 36 0.015625
11 51 57 11 15 0.015625
11 51 59 11 76 0.015625
11 51 60 11 76 0.015625
11 51 65 11 37 0.015625
11 51 67 11 69 0.015625
11 51 71 11 65 0.015625
11 51 72 11 57 0.015625
11 51 74 11 57 0.015625
11 51 75 11 40 0.015625
11 51 76 11 40 0.015625
11 51 84 11 43 0.015625
11 51 85 11 43 0.015625
11 51 89 11 55 0.015625
11 51 90 11 55 0.015625
11 51 91 11 55 0.015625
11 51 96 11 63 0.015625
11 51 98 11 63 0.015625
11 51 100 11 50 0.015625
11 51 102 11 50 0.015625
11 51 105 11 27 0.015625
11 51 113 11 0 0.015625
11 51 117 11 9 0.015625
11 51 121 11 37 0.015625
11 51 124 11 57 0.015625
11 51 130 11 55 0.015625
11 51 132 11 66 0.015625
11 51 136 11 27 0.015625
11 51 143 11 15 0.015625
11 51 144 11 37 0.015625
11 51 145 11 40 0.015625
11 51 146 11 63 0.015625
11 51 149 11 29 0.015625
11 51 152 11 9 0.015625
