m_leafspine_ecmp_16to4-0_equal.log	0.09907544480831579	0.0518674	0.634941	11.0486
m_rrg_ecmp_16to4-0_equal.log	0.1111636600651894	0.0490657	0.776721	11.4409
m_dring_ecmp_16to4-0_equal.log	0.1098567242371575	0.0527311	0.741941	13.903
m_rrg_ecmp_16to4-0_thisweight.log	0.08792053595685637	0.0479414	0.542388	11.0986
m_dring_ecmp_16to4-0_thisweight.log	0.08761805165606126	0.0513068	0.520039	10.7099
m_rrg_su2_16to4-0_equal.log	0.09324391669563588	0.0496188	0.555299	11.2642
m_dring_su2_16to4-0_equal.log	0.0897125703787023	0.0527428	0.520994	10.8439
m_rrg_su2_16to4-0_thisweight.log	0.08655123093279353	0.049065	0.506686	10.9486
m_dring_su2_16to4-0_thisweight.log	0.08796520225670999	0.0526546	0.519488	10.7212
m_rrg_su3_16to4-0_equal.log	0.10448004414713037	0.0598038	0.581182	11.6906
m_dring_su3_16to4-0_equal.log	0.10293569321899183	0.0603689	0.569127	10.9803
m_rrg_su3_16to4-0_thisweight.log	0.09956230415799441	0.0592328	0.548338	10.7415
m_dring_su3_16to4-0_thisweight.log	0.09903410803041496	0.0593894	0.536598	10.7632
m_rrg_32disjoint_16to4-0_equal.log	0.09362078683067106	0.0572114	0.510457	10.1981
m_dring_32disjoint_16to4-0_equal.log	0.09973204336333971	0.0636807	0.54878	10.5242
m_rrg_32disjoint_16to4-0_thisweight.log	0.09583002262455431	0.0574794	0.523842	11.9465
m_dring_32disjoint_16to4-0_thisweight.log	0.09613731638832909	0.0627329	0.512692	11.1771
m_rrg_racke0_16to4-0_equal.log	0.11223110895390173	0.0704248	0.598015	12.2705
m_dring_racke0_16to4-0_equal.log	0.1174344823731184	0.0803581	0.584712	11.1043
m_rrg_racke0_16to4-0_thisweight.log	0.1067116589911524	0.0705463	0.536198	10.6377
m_dring_racke0_16to4-0_thisweight.log	0.12043462928915202	0.0828909	0.584304	11.1236
