m_leafspine_ecmp_clustera_equal.log	0.07628191019585023	0.0549097	0.329739	7.54708
m_rrg_ecmp_clustera_equal.log	0.059988949990901944	0.0479467	0.222398	1.27215
m_dring_ecmp_clustera_equal.log	0.0648186983190098	0.0530506	0.238301	1.41611
m_rrg_ecmp_clustera_thisweight.log	0.05860803382017909	0.0475844	0.214059	0.911815
m_dring_ecmp_clustera_thisweight.log	0.06223910126540484	0.0522727	0.221573	0.901149
m_rrg_ecmp_clustera_prevweight.log	0.05877449329295023	0.0476395	0.215138	1.0786
m_dring_ecmp_clustera_prevweight.log	0.06228063883361161	0.0523261	0.221578	0.829211
m_rrg_su2_clustera_equal.log	0.06393930662505778	0.0505292	0.229557	0.991615
m_dring_su2_clustera_equal.log	0.06812643923502418	0.0553998	0.240015	1.16456
m_rrg_su2_clustera_thisweight.log	0.06022608818769643	0.0487201	0.212873	0.830347
m_dring_su2_clustera_thisweight.log	0.06408732511028875	0.0535482	0.221294	0.877327
m_rrg_su2_clustera_prevweight.log	0.06048155922162436	0.0488427	0.214865	0.893065
m_dring_su2_clustera_prevweight.log	0.06424854361181087	0.0536186	0.221944	0.828537
m_rrg_su3_clustera_equal.log	0.08353112048491995	0.0669671	0.282666	1.62031
m_dring_su3_clustera_equal.log	0.08119380608230467	0.0652845	0.271855	1.41682
m_rrg_su3_clustera_thisweight.log	0.06825114907809102	0.0569233	0.230932	0.852627
m_dring_su3_clustera_thisweight.log	0.06975634380348263	0.0582374	0.232415	0.922192
m_rrg_su3_clustera_prevweight.log	0.06860723584799154	0.0571698	0.231359	0.853226
m_dring_su3_clustera_prevweight.log	0.07013623703287218	0.0584065	0.233745	0.899102
m_rrg_32disjoint_clustera_equal.log	0.07807820686243727	0.0625794	0.269213	1.46972
m_dring_32disjoint_clustera_equal.log	9.307279248874373	0.0873097	182.282	4167.19
m_rrg_32disjoint_clustera_thisweight.log	0.06543993721504816	0.0540692	0.225084	0.855352
m_dring_32disjoint_clustera_thisweight.log	0.06735192935803785	0.0569768	0.227826	0.888206
m_rrg_32disjoint_clustera_prevweight.log	0.06566885367737176	0.0542413	0.226061	0.855825
m_dring_32disjoint_clustera_prevweight.log	0.06759615068058435	0.0571834	0.230274	0.829916
m_rrg_racke0_clustera_equal.log	0.10845279735319999	0.0863975	0.36722	8.35499
m_dring_racke0_clustera_equal.log	0.12953182492895923	0.104857	0.424709	9.0318
m_rrg_racke0_clustera_thisweight.log	0.06698117712480561	0.056313	0.226522	0.852598
m_dring_racke0_clustera_thisweight.log	0.06865502813503438	0.0585491	0.229238	0.858826
m_rrg_racke0_clustera_prevweight.log	0.06751719914865117	0.0567149	0.228918	0.87474
m_dring_racke0_clustera_prevweight.log	0.06909899795043102	0.0588839	0.23088	0.815481
