0 5 16 0 17 0.015625
0 5 22 0 17 0.015625
0 5 24 0 17 0.015625
0 5 27 0 12 0.015625
0 5 39 0 40 0.015625
0 5 47 0 40 0.015625
0 5 84 0 42 0.015625
0 5 85 0 42 0.015625
0 5 93 0 42 0.015625
0 5 98 0 30 0.015625
0 5 99 0 30 0.015625
0 5 102 0 30 0.015625
0 5 103 0 30 0.015625
0 5 106 0 30 0.015625
0 5 107 0 30 0.015625
0 5 108 0 30 0.015625
0 5 116 0 16 0.015625
0 5 122 0 26 0.015625
0 5 133 0 33 0.015625
0 5 134 0 33 0.015625
0 5 136 0 33 0.015625
0 5 137 0 33 0.015625
0 5 139 0 33 0.015625
0 5 140 0 33 0.015625
0 5 154 0 8 0.015625
0 5 156 0 8 0.015625
0 5 157 0 8 0.015625
0 5 161 0 8 0.015625
0 5 164 0 28 0.015625
0 5 174 0 28 0.015625
0 5 175 0 23 0.015625
0 5 185 0 23 0.015625
0 5 187 0 9 0.015625
0 5 189 0 9 0.015625
0 5 191 0 9 0.015625
0 5 192 0 9 0.015625
0 5 196 0 9 0.015625
0 5 200 0 4 0.015625
0 5 201 0 4 0.015625
0 5 206 0 4 0.015625
0 5 209 0 32 0.015625
0 5 211 0 32 0.015625
0 5 215 0 32 0.015625
0 5 218 0 2 0.015625
0 5 219 0 2 0.015625
0 5 220 0 2 0.015625
0 5 223 0 2 0.015625
0 5 225 0 2 0.015625
0 5 227 0 2 0.015625
0 5 228 0 18 0.015625
0 5 230 0 18 0.015625
0 5 241 0 43 0.015625
0 5 245 0 43 0.015625
0 5 250 0 31 0.015625
0 5 252 0 31 0.015625
0 5 254 0 31 0.015625
0 5 257 0 31 0.015625
0 5 260 0 6 0.015625
0 5 261 0 6 0.015625
0 5 262 0 6 0.015625
0 5 263 0 6 0.015625
0 5 266 0 6 0.015625
0 5 267 0 6 0.015625
0 5 270 0 19 0.015625
0 16 17 0 17 0.015625
0 16 23 0 17 0.015625
0 16 27 0 12 0.015625
0 16 28 0 12 0.015625
0 16 31 0 12 0.015625
0 16 33 0 12 0.015625
0 16 34 0 12 0.015625
0 16 36 0 40 0.015625
0 16 45 0 40 0.015625
0 16 73 0 10 0.015625
0 16 83 0 10 0.015625
0 16 85 0 42 0.015625
0 16 88 0 42 0.015625
0 16 90 0 42 0.015625
0 16 99 0 30 0.015625
0 16 138 0 26 0.015625
0 16 139 0 26 0.015625
0 16 141 0 26 0.015625
0 16 143 0 26 0.015625
0 16 144 0 26 0.015625
0 16 148 0 26 0.015625
0 16 150 0 33 0.015625
0 16 151 0 33 0.015625
0 16 153 0 33 0.015625
0 16 155 0 33 0.015625
0 16 158 0 33 0.015625
0 16 159 0 33 0.015625
0 16 165 0 14 0.015625
0 16 166 0 14 0.015625
0 16 171 0 14 0.015625
0 16 172 0 8 0.015625
0 16 173 0 8 0.015625
0 16 176 0 8 0.015625
0 16 177 0 8 0.015625
0 16 178 0 8 0.015625
0 16 183 0 28 0.015625
0 16 187 0 28 0.015625
0 16 197 0 23 0.015625
0 16 198 0 23 0.015625
0 16 200 0 23 0.015625
0 16 201 0 23 0.015625
0 16 204 0 23 0.015625
0 16 205 0 23 0.015625
0 16 206 0 23 0.015625
0 16 233 0 32 0.015625
0 16 235 0 32 0.015625
0 16 236 0 32 0.015625
0 16 238 0 32 0.015625
0 16 242 0 2 0.015625
0 16 248 0 2 0.015625
0 16 256 0 18 0.015625
0 16 275 0 43 0.015625
0 16 278 0 43 0.015625
0 16 279 0 43 0.015625
0 16 282 0 31 0.015625
0 16 296 0 6 0.015625
0 16 306 0 6 0.015625
0 16 307 0 6 0.015625
0 16 309 0 19 0.015625
0 16 311 0 19 0.015625
0 16 313 0 19 0.015625
0 16 314 0 19 0.015625
0 16 315 0 19 0.015625
0 16 317 0 19 0.015625
0 29 15 0 17 0.015625
0 29 21 0 17 0.015625
0 29 32 0 12 0.015625
0 29 33 0 12 0.015625
0 29 38 0 40 0.015625
0 29 42 0 40 0.015625
0 29 43 0 40 0.015625
0 29 45 0 40 0.015625
0 29 52 0 25 0.015625
0 29 53 0 25 0.015625
0 29 56 0 25 0.015625
0 29 58 0 25 0.015625
0 29 62 0 41 0.015625
0 29 68 0 41 0.015625
0 29 74 0 10 0.015625
0 29 76 0 10 0.015625
0 29 78 0 10 0.015625
0 29 81 0 42 0.015625
0 29 83 0 42 0.015625
0 29 85 0 42 0.015625
0 29 87 0 42 0.015625
0 29 90 0 42 0.015625
0 29 93 0 30 0.015625
0 29 95 0 30 0.015625
0 29 99 0 30 0.015625
0 29 100 0 30 0.015625
0 29 102 0 30 0.015625
0 29 110 0 16 0.015625
0 29 116 0 26 0.015625
0 29 122 0 26 0.015625
0 29 124 0 26 0.015625
0 29 134 0 33 0.015625
0 29 143 0 14 0.015625
0 29 144 0 14 0.015625
0 29 145 0 14 0.015625
0 29 147 0 14 0.015625
0 29 153 0 8 0.015625
0 29 154 0 8 0.015625
0 29 155 0 8 0.015625
0 29 161 0 28 0.015625
0 29 163 0 28 0.015625
0 29 166 0 28 0.015625
0 29 167 0 23 0.015625
0 29 170 0 23 0.015625
0 29 174 0 23 0.015625
0 29 176 0 23 0.015625
0 29 186 0 9 0.015625
0 29 218 0 2 0.015625
0 29 221 0 2 0.015625
0 29 222 0 2 0.015625
0 29 224 0 2 0.015625
0 29 230 0 18 0.015625
0 29 231 0 18 0.015625
0 29 233 0 18 0.015625
0 29 234 0 18 0.015625
0 29 235 0 18 0.015625
0 29 237 0 18 0.015625
0 29 255 0 31 0.015625
0 29 259 0 31 0.015625
0 29 267 0 6 0.015625
0 29 273 0 6 0.015625
0 29 274 0 6 0.015625
0 29 276 0 6 0.015625
0 29 279 0 19 0.015625
0 39 4 0 16 0.015625
0 39 13 0 17 0.015625
0 39 14 0 17 0.015625
0 39 15 0 17 0.015625
0 39 17 0 17 0.015625
0 39 18 0 17 0.015625
0 39 21 0 17 0.015625
0 39 48 0 25 0.015625
0 39 49 0 25 0.015625
0 39 52 0 25 0.015625
0 39 54 0 25 0.015625
0 39 56 0 25 0.015625
0 39 57 0 25 0.015625
0 39 71 0 10 0.015625
0 39 73 0 10 0.015625
0 39 80 0 10 0.015625
0 39 81 0 42 0.015625
0 39 82 0 42 0.015625
0 39 84 0 42 0.015625
0 39 85 0 42 0.015625
0 39 87 0 42 0.015625
0 39 88 0 42 0.015625
0 39 90 0 30 0.015625
0 39 91 0 30 0.015625
0 39 102 0 30 0.015625
0 39 113 0 26 0.015625
0 39 115 0 26 0.015625
0 39 117 0 26 0.015625
0 39 119 0 26 0.015625
0 39 120 0 26 0.015625
0 39 122 0 26 0.015625
0 39 131 0 33 0.015625
0 39 132 0 33 0.015625
0 39 136 0 14 0.015625
0 39 138 0 14 0.015625
0 39 143 0 14 0.015625
0 39 169 0 28 0.015625
0 39 171 0 28 0.015625
0 39 174 0 23 0.015625
0 39 185 0 23 0.015625
0 39 188 0 9 0.015625
0 39 192 0 9 0.015625
0 39 197 0 4 0.015625
0 39 199 0 4 0.015625
0 39 201 0 4 0.015625
0 39 202 0 4 0.015625
0 39 203 0 4 0.015625
0 39 204 0 4 0.015625
0 39 218 0 2 0.015625
0 39 220 0 2 0.015625
0 39 222 0 2 0.015625
0 39 225 0 2 0.015625
0 39 227 0 2 0.015625
0 39 231 0 18 0.015625
0 39 232 0 18 0.015625
0 39 248 0 43 0.015625
0 39 250 0 43 0.015625
0 39 255 0 31 0.015625
0 39 256 0 31 0.015625
0 39 258 0 31 0.015625
0 39 260 0 31 0.015625
0 39 261 0 31 0.015625
0 39 265 0 6 0.015625
0 39 280 0 19 0.015625
9 5 8 9 29 0.015625
9 5 20 9 17 0.015625
9 5 22 9 17 0.015625
9 5 23 9 17 0.015625
9 5 24 9 12 0.015625
9 5 25 9 12 0.015625
9 5 30 9 12 0.015625
9 5 34 9 12 0.015625
9 5 45 9 40 0.015625
9 5 46 9 40 0.015625
9 5 53 9 25 0.015625
9 5 57 9 25 0.015625
9 5 58 9 25 0.015625
9 5 60 9 10 0.015625
9 5 65 9 10 0.015625
9 5 69 9 10 0.015625
9 5 70 9 10 0.015625
9 5 71 9 30 0.015625
9 5 76 9 30 0.015625
9 5 79 9 30 0.015625
9 5 80 9 30 0.015625
9 5 81 9 30 0.015625
9 5 84 9 26 0.015625
9 5 85 9 26 0.015625
9 5 97 9 0 0.015625
9 5 98 9 0 0.015625
9 5 120 9 14 0.015625
9 5 121 9 28 0.015625
9 5 131 9 28 0.015625
9 5 133 9 32 0.015625
9 5 139 9 32 0.015625
9 5 143 9 43 0.015625
9 5 147 9 43 0.015625
9 5 148 9 43 0.015625
9 5 150 9 43 0.015625
9 5 151 9 43 0.015625
9 5 154 9 19 0.015625
9 5 155 9 19 0.015625
9 5 165 9 37 0.015625
9 5 169 9 37 0.015625
9 5 170 9 37 0.015625
9 5 171 9 37 0.015625
9 5 175 9 37 0.015625
9 5 176 9 35 0.015625
9 5 183 9 35 0.015625
9 5 190 9 35 0.015625
9 5 192 9 47 0.015625
9 5 194 9 47 0.015625
9 5 195 9 47 0.015625
9 5 196 9 47 0.015625
9 5 199 9 47 0.015625
9 5 200 9 47 0.015625
9 5 215 9 34 0.015625
9 5 220 9 34 0.015625
9 5 221 9 34 0.015625
9 5 224 9 21 0.015625
9 5 231 9 21 0.015625
9 5 233 9 21 0.015625
9 5 249 9 11 0.015625
9 5 266 9 22 0.015625
9 5 270 9 22 0.015625
9 5 299 9 38 0.015625
9 5 304 9 38 0.015625
9 5 305 9 38 0.015625
9 16 21 9 17 0.015625
9 16 25 9 12 0.015625
9 16 26 9 12 0.015625
9 16 29 9 12 0.015625
9 16 31 9 12 0.015625
9 16 32 9 12 0.015625
9 16 43 9 40 0.015625
9 16 57 9 25 0.015625
9 16 69 9 10 0.015625
9 16 85 9 30 0.015625
9 16 87 9 26 0.015625
9 16 90 9 26 0.015625
9 16 92 9 26 0.015625
9 16 93 9 26 0.015625
9 16 97 9 26 0.015625
9 16 99 9 0 0.015625
9 16 103 9 0 0.015625
9 16 107 9 0 0.015625
9 16 115 9 14 0.015625
9 16 120 9 14 0.015625
9 16 122 9 28 0.015625
9 16 126 9 28 0.015625
9 16 136 9 32 0.015625
9 16 138 9 32 0.015625
9 16 139 9 32 0.015625
9 16 140 9 32 0.015625
9 16 141 9 32 0.015625
9 16 149 9 43 0.015625
9 16 153 9 43 0.015625
9 16 155 9 19 0.015625
9 16 157 9 19 0.015625
9 16 159 9 19 0.015625
9 16 160 9 19 0.015625
9 16 161 9 19 0.015625
9 16 163 9 19 0.015625
9 16 171 9 37 0.015625
9 16 178 9 35 0.015625
9 16 179 9 35 0.015625
9 16 180 9 35 0.015625
9 16 181 9 35 0.015625
9 16 184 9 35 0.015625
9 16 185 9 35 0.015625
9 16 186 9 47 0.015625
9 16 188 9 47 0.015625
9 16 190 9 47 0.015625
9 16 210 9 34 0.015625
9 16 212 9 34 0.015625
9 16 213 9 34 0.015625
9 16 214 9 34 0.015625
9 16 216 9 34 0.015625
9 16 225 9 21 0.015625
9 16 232 9 11 0.015625
9 16 233 9 11 0.015625
9 16 239 9 11 0.015625
9 16 241 9 27 0.015625
9 16 244 9 27 0.015625
9 16 245 9 27 0.015625
9 16 248 9 27 0.015625
9 16 249 9 22 0.015625
9 16 250 9 22 0.015625
9 16 251 9 22 0.015625
9 16 258 9 22 0.015625
9 16 271 9 38 0.015625
9 16 277 9 38 0.015625
9 29 12 9 5 0.015625
9 29 26 9 17 0.015625
9 29 29 9 12 0.015625
9 29 33 9 12 0.015625
9 29 34 9 12 0.015625
9 29 35 9 12 0.015625
9 29 46 9 40 0.015625
9 29 48 9 40 0.015625
9 29 56 9 25 0.015625
9 29 57 9 25 0.015625
9 29 59 9 25 0.015625
9 29 61 9 25 0.015625
9 29 64 9 10 0.015625
9 29 67 9 10 0.015625
9 29 68 9 10 0.015625
9 29 69 9 10 0.015625
9 29 71 9 10 0.015625
9 29 73 9 30 0.015625
9 29 79 9 30 0.015625
9 29 80 9 30 0.015625
9 29 82 9 30 0.015625
9 29 86 9 26 0.015625
9 29 87 9 26 0.015625
9 29 91 9 26 0.015625
9 29 92 9 26 0.015625
9 29 98 9 0 0.015625
9 29 112 9 14 0.015625
9 29 113 9 14 0.015625
9 29 115 9 14 0.015625
9 29 117 9 28 0.015625
9 29 118 9 28 0.015625
9 29 120 9 28 0.015625
9 29 121 9 28 0.015625
9 29 122 9 28 0.015625
9 29 123 9 28 0.015625
9 29 127 9 32 0.015625
9 29 131 9 32 0.015625
9 29 154 9 19 0.015625
9 29 172 9 37 0.015625
9 29 173 9 37 0.015625
9 29 174 9 37 0.015625
9 29 176 9 37 0.015625
9 29 178 9 35 0.015625
9 29 184 9 35 0.015625
9 29 190 9 35 0.015625
9 29 193 9 47 0.015625
9 29 197 9 47 0.015625
9 29 198 9 47 0.015625
9 29 200 9 47 0.015625
9 29 238 9 34 0.015625
9 29 249 9 21 0.015625
9 29 250 9 21 0.015625
9 29 260 9 11 0.015625
9 29 261 9 11 0.015625
9 29 264 9 11 0.015625
9 29 274 9 27 0.015625
9 29 280 9 22 0.015625
9 29 285 9 22 0.015625
9 29 300 9 5 0.015625
9 29 304 9 38 0.015625
9 29 308 9 38 0.015625
9 29 309 9 38 0.015625
9 29 310 9 38 0.015625
9 29 311 9 38 0.015625
9 39 7 9 29 0.015625
9 39 9 9 5 0.015625
9 39 11 9 17 0.015625
9 39 12 9 17 0.015625
9 39 13 9 17 0.015625
9 39 15 9 17 0.015625
9 39 16 9 17 0.015625
9 39 19 9 17 0.015625
9 39 29 9 12 0.015625
9 39 46 9 25 0.015625
9 39 47 9 25 0.015625
9 39 52 9 25 0.015625
9 39 54 9 25 0.015625
9 39 55 9 25 0.015625
9 39 57 9 10 0.015625
9 39 59 9 10 0.015625
9 39 66 9 10 0.015625
9 39 67 9 30 0.015625
9 39 79 9 30 0.015625
9 39 80 9 26 0.015625
9 39 81 9 26 0.015625
9 39 82 9 26 0.015625
9 39 86 9 26 0.015625
9 39 87 9 26 0.015625
9 39 89 9 26 0.015625
9 39 93 9 0 0.015625
9 39 104 9 14 0.015625
9 39 106 9 14 0.015625
9 39 107 9 14 0.015625
9 39 109 9 14 0.015625
9 39 111 9 14 0.015625
9 39 125 9 32 0.015625
9 39 132 9 32 0.015625
9 39 133 9 32 0.015625
9 39 134 9 32 0.015625
9 39 141 9 43 0.015625
9 39 143 9 43 0.015625
9 39 146 9 43 0.015625
9 39 149 9 19 0.015625
9 39 160 9 19 0.015625
9 39 166 9 37 0.015625
9 39 167 9 37 0.015625
9 39 172 9 37 0.015625
9 39 174 9 35 0.015625
9 39 177 9 35 0.015625
9 39 178 9 35 0.015625
9 39 180 9 35 0.015625
9 39 184 9 35 0.015625
9 39 185 9 35 0.015625
9 39 187 9 47 0.015625
9 39 192 9 47 0.015625
9 39 194 9 47 0.015625
9 39 218 9 34 0.015625
9 39 219 9 34 0.015625
9 39 221 9 34 0.015625
9 39 232 9 21 0.015625
9 39 239 9 11 0.015625
9 39 247 9 11 0.015625
9 39 264 9 22 0.015625
9 39 281 9 5 0.015625
9 39 285 9 38 0.015625
9 39 290 9 38 0.015625
9 39 292 9 38 0.015625
9 39 293 9 38 0.015625
13 5 0 13 5 0.015625
13 5 13 13 39 0.015625
13 5 19 13 17 0.015625
13 5 24 13 17 0.015625
13 5 26 13 17 0.015625
13 5 29 13 12 0.015625
13 5 34 13 12 0.015625
13 5 41 13 40 0.015625
13 5 46 13 40 0.015625
13 5 49 13 40 0.015625
13 5 61 13 25 0.015625
13 5 64 13 10 0.015625
13 5 69 13 10 0.015625
13 5 73 13 10 0.015625
13 5 75 13 30 0.015625
13 5 76 13 30 0.015625
13 5 78 13 30 0.015625
13 5 80 13 30 0.015625
13 5 83 13 30 0.015625
13 5 84 13 30 0.015625
13 5 93 13 16 0.015625
13 5 97 13 33 0.015625
13 5 98 13 33 0.015625
13 5 100 13 33 0.015625
13 5 101 13 33 0.015625
13 5 103 13 33 0.015625
13 5 105 13 28 0.015625
13 5 107 13 28 0.015625
13 5 116 13 23 0.015625
13 5 126 13 23 0.015625
13 5 131 13 4 0.015625
13 5 132 13 4 0.015625
13 5 137 13 4 0.015625
13 5 139 13 18 0.015625
13 5 144 13 18 0.015625
13 5 149 13 18 0.015625
13 5 152 13 43 0.015625
13 5 156 13 43 0.015625
13 5 157 13 43 0.015625
13 5 159 13 43 0.015625
13 5 161 13 6 0.015625
13 5 162 13 6 0.015625
13 5 163 13 6 0.015625
13 5 164 13 6 0.015625
13 5 167 13 6 0.015625
13 5 171 13 19 0.015625
13 5 172 13 19 0.015625
13 5 182 13 37 0.015625
13 5 185 13 37 0.015625
13 5 186 13 37 0.015625
13 5 187 13 37 0.015625
13 5 188 13 37 0.015625
13 5 210 13 44 0.015625
13 5 211 13 44 0.015625
13 5 217 13 44 0.015625
13 5 236 13 24 0.015625
13 5 246 13 24 0.015625
13 5 253 13 39 0.015625
13 5 257 13 7 0.015625
13 5 265 13 7 0.015625
13 5 295 13 36 0.015625
13 5 297 13 36 0.015625
13 5 303 13 36 0.015625
13 5 304 13 36 0.015625
13 16 0 13 16 0.015625
13 16 16 13 17 0.015625
13 16 22 13 17 0.015625
13 16 26 13 12 0.015625
13 16 27 13 12 0.015625
13 16 29 13 12 0.015625
13 16 30 13 12 0.015625
13 16 32 13 12 0.015625
13 16 33 13 12 0.015625
13 16 44 13 40 0.015625
13 16 58 13 25 0.015625
13 16 70 13 10 0.015625
13 16 73 13 30 0.015625
13 16 86 13 30 0.015625
13 16 113 13 33 0.015625
13 16 114 13 33 0.015625
13 16 116 13 33 0.015625
13 16 118 13 33 0.015625
13 16 121 13 33 0.015625
13 16 125 13 28 0.015625
13 16 129 13 28 0.015625
13 16 139 13 23 0.015625
13 16 142 13 23 0.015625
13 16 143 13 23 0.015625
13 16 146 13 23 0.015625
13 16 147 13 23 0.015625
13 16 156 13 4 0.015625
13 16 163 13 18 0.015625
13 16 175 13 18 0.015625
13 16 179 13 43 0.015625
13 16 182 13 43 0.015625
13 16 186 13 43 0.015625
13 16 188 13 6 0.015625
13 16 190 13 6 0.015625
13 16 195 13 6 0.015625
13 16 198 13 6 0.015625
13 16 199 13 6 0.015625
13 16 201 13 19 0.015625
13 16 203 13 19 0.015625
13 16 205 13 19 0.015625
13 16 206 13 19 0.015625
13 16 207 13 19 0.015625
13 16 217 13 37 0.015625
13 16 227 13 11 0.015625
13 16 233 13 11 0.015625
13 16 235 13 44 0.015625
13 16 236 13 44 0.015625
13 16 237 13 44 0.015625
13 16 238 13 44 0.015625
13 16 241 13 44 0.015625
13 16 243 13 27 0.015625
13 16 244 13 27 0.015625
13 16 246 13 27 0.015625
13 16 247 13 27 0.015625
13 16 249 13 27 0.015625
13 16 252 13 24 0.015625
13 16 276 13 7 0.015625
13 16 278 13 7 0.015625
13 16 280 13 7 0.015625
13 16 281 13 7 0.015625
13 16 283 13 7 0.015625
13 16 286 13 7 0.015625
13 16 300 13 36 0.015625
13 16 307 13 36 0.015625
13 29 8 13 39 0.015625
13 29 9 13 5 0.015625
13 29 14 13 17 0.015625
13 29 22 13 17 0.015625
13 29 25 13 12 0.015625
13 29 31 13 12 0.015625
13 29 32 13 12 0.015625
13 29 41 13 40 0.015625
13 29 42 13 40 0.015625
13 29 44 13 40 0.015625
13 29 52 13 25 0.015625
13 29 55 13 25 0.015625
13 29 57 13 25 0.015625
13 29 63 13 10 0.015625
13 29 65 13 10 0.015625
13 29 67 13 10 0.015625
13 29 69 13 30 0.015625
13 29 71 13 30 0.015625
13 29 73 13 30 0.015625
13 29 75 13 30 0.015625
13 29 76 13 30 0.015625
13 29 78 13 30 0.015625
13 29 86 13 16 0.015625
13 29 98 13 33 0.015625
13 29 104 13 28 0.015625
13 29 109 13 28 0.015625
13 29 110 13 23 0.015625
13 29 113 13 23 0.015625
13 29 117 13 23 0.015625
13 29 119 13 23 0.015625
13 29 128 13 4 0.015625
13 29 135 13 18 0.015625
13 29 136 13 18 0.015625
13 29 137 13 18 0.015625
13 29 139 13 18 0.015625
13 29 140 13 18 0.015625
13 29 141 13 18 0.015625
13 29 143 13 18 0.015625
13 29 161 13 6 0.015625
13 29 167 13 6 0.015625
13 29 168 13 6 0.015625
13 29 170 13 6 0.015625
13 29 173 13 19 0.015625
13 29 188 13 37 0.015625
13 29 189 13 37 0.015625
13 29 191 13 37 0.015625
13 29 192 13 37 0.015625
13 29 193 13 37 0.015625
13 29 201 13 11 0.015625
13 29 202 13 11 0.015625
13 29 205 13 11 0.015625
13 29 208 13 44 0.015625
13 29 235 13 24 0.015625
13 29 239 13 24 0.015625
13 29 257 13 39 0.015625
13 29 261 13 7 0.015625
13 29 267 13 7 0.015625
13 29 268 13 7 0.015625
13 29 269 13 7 0.015625
13 29 286 13 36 0.015625
13 29 289 13 36 0.015625
13 29 290 13 36 0.015625
13 29 291 13 36 0.015625
13 29 292 13 36 0.015625
13 39 0 13 39 0.015625
13 39 3 13 16 0.015625
13 39 9 13 5 0.015625
13 39 10 13 17 0.015625
13 39 11 13 17 0.015625
13 39 12 13 17 0.015625
13 39 14 13 17 0.015625
13 39 15 13 17 0.015625
13 39 28 13 12 0.015625
13 39 45 13 25 0.015625
13 39 46 13 25 0.015625
13 39 49 13 25 0.015625
13 39 51 13 25 0.015625
13 39 53 13 25 0.015625
13 39 56 13 10 0.015625
13 39 58 13 10 0.015625
13 39 66 13 30 0.015625
13 39 67 13 30 0.015625
13 39 68 13 30 0.015625
13 39 71 13 30 0.015625
13 39 75 13 30 0.015625
13 39 90 13 33 0.015625
13 39 96 13 33 0.015625
13 39 97 13 33 0.015625
13 39 105 13 28 0.015625
13 39 106 13 28 0.015625
13 39 108 13 28 0.015625
13 39 111 13 23 0.015625
13 39 115 13 23 0.015625
13 39 123 13 4 0.015625
13 39 124 13 4 0.015625
13 39 125 13 4 0.015625
13 39 127 13 4 0.015625
13 39 128 13 4 0.015625
13 39 129 13 4 0.015625
13 39 130 13 4 0.015625
13 39 134 13 18 0.015625
13 39 135 13 18 0.015625
13 39 137 13 18 0.015625
13 39 150 13 43 0.015625
13 39 151 13 43 0.015625
13 39 153 13 43 0.015625
13 39 158 13 6 0.015625
13 39 166 13 6 0.015625
13 39 168 13 6 0.015625
13 39 173 13 19 0.015625
13 39 185 13 37 0.015625
13 39 186 13 37 0.015625
13 39 190 13 37 0.015625
13 39 191 13 37 0.015625
13 39 193 13 37 0.015625
13 39 208 13 44 0.015625
13 39 211 13 44 0.015625
13 39 212 13 44 0.015625
13 39 234 13 24 0.015625
13 39 235 13 24 0.015625
13 39 236 13 24 0.015625
13 39 239 13 24 0.015625
13 39 268 13 7 0.015625
13 39 272 13 7 0.015625
13 39 290 13 36 0.015625
13 39 295 13 36 0.015625
13 39 296 13 36 0.015625
13 39 298 13 36 0.015625
14 5 7 14 29 0.015625
14 5 11 14 39 0.015625
14 5 22 14 17 0.015625
14 5 24 14 17 0.015625
14 5 25 14 17 0.015625
14 5 28 14 40 0.015625
14 5 33 14 40 0.015625
14 5 36 14 40 0.015625
14 5 37 14 40 0.015625
14 5 48 14 25 0.015625
14 5 49 14 25 0.015625
14 5 60 14 10 0.015625
14 5 61 14 10 0.015625
14 5 62 14 33 0.015625
14 5 63 14 33 0.015625
14 5 66 14 33 0.015625
14 5 68 14 33 0.015625
14 5 69 14 33 0.015625
14 5 72 14 0 0.015625
14 5 83 14 8 0.015625
14 5 85 14 8 0.015625
14 5 86 14 8 0.015625
14 5 90 14 8 0.015625
14 5 91 14 8 0.015625
14 5 93 14 23 0.015625
14 5 103 14 23 0.015625
14 5 105 14 9 0.015625
14 5 107 14 9 0.015625
14 5 109 14 9 0.015625
14 5 110 14 9 0.015625
14 5 114 14 9 0.015625
14 5 118 14 4 0.015625
14 5 122 14 4 0.015625
14 5 124 14 4 0.015625
14 5 125 14 4 0.015625
14 5 127 14 32 0.015625
14 5 129 14 32 0.015625
14 5 133 14 32 0.015625
14 5 137 14 43 0.015625
14 5 141 14 43 0.015625
14 5 144 14 43 0.015625
14 5 146 14 31 0.015625
14 5 150 14 31 0.015625
14 5 153 14 31 0.015625
14 5 156 14 35 0.015625
14 5 185 14 34 0.015625
14 5 189 14 34 0.015625
14 5 190 14 34 0.015625
14 5 194 14 21 0.015625
14 5 198 14 21 0.015625
14 5 201 14 21 0.015625
14 5 203 14 21 0.015625
14 5 206 14 44 0.015625
14 5 213 14 44 0.015625
14 5 216 14 44 0.015625
14 5 233 14 22 0.015625
14 5 235 14 22 0.015625
14 5 247 14 39 0.015625
14 5 251 14 7 0.015625
14 5 262 14 7 0.015625
14 5 265 14 46 0.015625
14 5 267 14 46 0.015625
14 5 268 14 46 0.015625
14 5 289 14 45 0.015625
14 16 21 14 17 0.015625
14 16 32 14 40 0.015625
14 16 46 14 25 0.015625
14 16 58 14 10 0.015625
14 16 61 14 33 0.015625
14 16 62 14 33 0.015625
14 16 64 14 33 0.015625
14 16 66 14 33 0.015625
14 16 69 14 33 0.015625
14 16 71 14 33 0.015625
14 16 73 14 0 0.015625
14 16 77 14 0 0.015625
14 16 81 14 0 0.015625
14 16 84 14 8 0.015625
14 16 88 14 8 0.015625
14 16 89 14 8 0.015625
14 16 90 14 8 0.015625
14 16 95 14 23 0.015625
14 16 98 14 23 0.015625
14 16 99 14 23 0.015625
14 16 102 14 23 0.015625
14 16 103 14 23 0.015625
14 16 104 14 23 0.015625
14 16 131 14 32 0.015625
14 16 133 14 32 0.015625
14 16 134 14 32 0.015625
14 16 136 14 32 0.015625
14 16 144 14 43 0.015625
14 16 148 14 43 0.015625
14 16 151 14 31 0.015625
14 16 166 14 35 0.015625
14 16 167 14 35 0.015625
14 16 168 14 35 0.015625
14 16 169 14 35 0.015625
14 16 172 14 35 0.015625
14 16 173 14 35 0.015625
14 16 187 14 34 0.015625
14 16 189 14 34 0.015625
14 16 190 14 34 0.015625
14 16 191 14 34 0.015625
14 16 193 14 34 0.015625
14 16 199 14 21 0.015625
14 16 202 14 21 0.015625
14 16 206 14 44 0.015625
14 16 207 14 44 0.015625
14 16 208 14 44 0.015625
14 16 209 14 44 0.015625
14 16 212 14 44 0.015625
14 16 213 14 44 0.015625
14 16 214 14 27 0.015625
14 16 217 14 27 0.015625
14 16 218 14 27 0.015625
14 16 221 14 27 0.015625
14 16 222 14 22 0.015625
14 16 224 14 22 0.015625
14 16 231 14 22 0.015625
14 16 242 14 7 0.015625
14 16 247 14 7 0.015625
14 16 249 14 7 0.015625
14 16 254 14 46 0.015625
14 16 256 14 46 0.015625
14 16 258 14 46 0.015625
14 16 261 14 46 0.015625
14 16 276 14 45 0.015625
14 29 0 14 29 0.015625
14 29 8 14 39 0.015625
14 29 21 14 17 0.015625
14 29 23 14 17 0.015625
14 29 25 14 40 0.015625
14 29 31 14 40 0.015625
14 29 32 14 40 0.015625
14 29 34 14 40 0.015625
14 29 42 14 25 0.015625
14 29 45 14 25 0.015625
14 29 47 14 25 0.015625
14 29 50 14 10 0.015625
14 29 53 14 10 0.015625
14 29 54 14 10 0.015625
14 29 55 14 10 0.015625
14 29 57 14 10 0.015625
14 29 67 14 33 0.015625
14 29 68 14 33 0.015625
14 29 74 14 0 0.015625
14 29 81 14 0 0.015625
14 29 86 14 8 0.015625
14 29 87 14 8 0.015625
14 29 88 14 8 0.015625
14 29 89 14 8 0.015625
14 29 90 14 8 0.015625
14 29 94 14 23 0.015625
14 29 101 14 23 0.015625
14 29 103 14 23 0.015625
14 29 108 14 9 0.015625
14 29 112 14 9 0.015625
14 29 113 14 9 0.015625
14 29 125 14 4 0.015625
14 29 129 14 4 0.015625
14 29 137 14 32 0.015625
14 29 161 14 31 0.015625
14 29 166 14 31 0.015625
14 29 167 14 31 0.015625
14 29 173 14 35 0.015625
14 29 179 14 35 0.015625
14 29 185 14 35 0.015625
14 29 218 14 34 0.015625
14 29 220 14 34 0.015625
14 29 231 14 21 0.015625
14 29 232 14 21 0.015625
14 29 233 14 21 0.015625
14 29 238 14 44 0.015625
14 29 246 14 44 0.015625
14 29 265 14 22 0.015625
14 29 270 14 22 0.015625
14 29 272 14 22 0.015625
14 29 284 14 39 0.015625
14 29 288 14 7 0.015625
14 29 294 14 7 0.015625
14 29 296 14 7 0.015625
14 29 297 14 7 0.015625
14 29 301 14 46 0.015625
14 29 303 14 46 0.015625
14 29 307 14 46 0.015625
14 29 308 14 46 0.015625
14 29 309 14 46 0.015625
14 29 314 14 45 0.015625
14 29 318 14 45 0.015625
14 29 321 14 45 0.015625
14 29 322 14 45 0.015625
14 39 0 14 39 0.015625
14 39 9 14 29 0.015625
14 39 12 14 17 0.015625
14 39 14 14 17 0.015625
14 39 16 14 17 0.015625
14 39 17 14 17 0.015625
14 39 20 14 17 0.015625
14 39 32 14 40 0.015625
14 39 33 14 25 0.015625
14 39 39 14 25 0.015625
14 39 42 14 25 0.015625
14 39 44 14 10 0.015625
14 39 53 14 10 0.015625
14 39 61 14 33 0.015625
14 39 65 14 33 0.015625
14 39 66 14 0 0.015625
14 39 68 14 0 0.015625
14 39 83 14 8 0.015625
14 39 88 14 8 0.015625
14 39 96 14 23 0.015625
14 39 100 14 23 0.015625
14 39 107 14 23 0.015625
14 39 114 14 9 0.015625
14 39 119 14 4 0.015625
14 39 121 14 4 0.015625
14 39 123 14 4 0.015625
14 39 124 14 4 0.015625
14 39 125 14 4 0.015625
14 39 126 14 4 0.015625
14 39 128 14 4 0.015625
14 39 136 14 32 0.015625
14 39 137 14 32 0.015625
14 39 144 14 43 0.015625
14 39 145 14 43 0.015625
14 39 147 14 43 0.015625
14 39 150 14 43 0.015625
14 39 152 14 31 0.015625
14 39 155 14 31 0.015625
14 39 157 14 31 0.015625
14 39 158 14 31 0.015625
14 39 162 14 35 0.015625
14 39 166 14 35 0.015625
14 39 168 14 35 0.015625
14 39 172 14 35 0.015625
14 39 183 14 29 0.015625
14 39 192 14 34 0.015625
14 39 193 14 34 0.015625
14 39 195 14 34 0.015625
14 39 201 14 21 0.015625
14 39 205 14 21 0.015625
14 39 206 14 21 0.015625
14 39 211 14 44 0.015625
14 39 215 14 44 0.015625
14 39 221 14 44 0.015625
14 39 222 14 27 0.015625
14 39 238 14 22 0.015625
14 39 276 14 7 0.015625
14 39 280 14 7 0.015625
14 39 291 14 46 0.015625
14 39 298 14 46 0.015625
14 39 303 14 45 0.015625
14 39 306 14 45 0.015625
14 39 310 14 45 0.015625
14 39 313 14 45 0.015625
17 5 0 17 5 0.015625
17 5 9 17 39 0.015625
17 5 19 17 12 0.015625
17 5 20 17 12 0.015625
17 5 24 17 12 0.015625
17 5 28 17 40 0.015625
17 5 32 17 40 0.015625
17 5 33 17 40 0.015625
17 5 35 17 40 0.015625
17 5 36 17 40 0.015625
17 5 39 17 26 0.015625
17 5 51 17 33 0.015625
17 5 54 17 33 0.015625
17 5 56 17 33 0.015625
17 5 57 17 33 0.015625
17 5 60 17 0 0.015625
17 5 83 17 14 0.015625
17 5 85 17 8 0.015625
17 5 86 17 8 0.015625
17 5 87 17 8 0.015625
17 5 88 17 8 0.015625
17 5 91 17 8 0.015625
17 5 92 17 8 0.015625
17 5 96 17 28 0.015625
17 5 103 17 28 0.015625
17 5 104 17 28 0.015625
17 5 107 17 9 0.015625
17 5 109 17 9 0.015625
17 5 110 17 9 0.015625
17 5 111 17 9 0.015625
17 5 113 17 9 0.015625
17 5 114 17 9 0.015625
17 5 116 17 2 0.015625
17 5 117 17 2 0.015625
17 5 120 17 2 0.015625
17 5 122 17 2 0.015625
17 5 124 17 2 0.015625
17 5 127 17 19 0.015625
17 5 137 17 19 0.015625
17 5 145 17 1 0.015625
17 5 155 17 21 0.015625
17 5 157 17 21 0.015625
17 5 159 17 21 0.015625
17 5 161 17 21 0.015625
17 5 178 17 22 0.015625
17 5 180 17 22 0.015625
17 5 192 17 39 0.015625
17 5 196 17 7 0.015625
17 5 219 17 3 0.015625
17 5 222 17 3 0.015625
17 5 228 17 15 0.015625
17 5 231 17 15 0.015625
17 5 232 17 15 0.015625
17 5 235 17 15 0.015625
17 5 262 17 36 0.015625
17 5 268 17 36 0.015625
17 5 269 17 36 0.015625
17 5 270 17 36 0.015625
17 5 273 17 46 0.015625
17 5 276 17 46 0.015625
17 5 282 17 46 0.015625
17 5 295 17 45 0.015625
17 5 298 17 13 0.015625
17 5 305 17 13 0.015625
17 16 14 17 12 0.015625
17 16 18 17 12 0.015625
17 16 20 17 12 0.015625
17 16 21 17 12 0.015625
17 16 22 17 12 0.015625
17 16 32 17 40 0.015625
17 16 34 17 26 0.015625
17 16 35 17 26 0.015625
17 16 37 17 26 0.015625
17 16 39 17 26 0.015625
17 16 40 17 26 0.015625
17 16 44 17 26 0.015625
17 16 46 17 33 0.015625
17 16 47 17 33 0.015625
17 16 49 17 33 0.015625
17 16 51 17 33 0.015625
17 16 54 17 33 0.015625
17 16 55 17 33 0.015625
17 16 58 17 0 0.015625
17 16 62 17 0 0.015625
17 16 66 17 0 0.015625
17 16 79 17 14 0.015625
17 16 80 17 8 0.015625
17 16 81 17 8 0.015625
17 16 84 17 8 0.015625
17 16 85 17 8 0.015625
17 16 86 17 8 0.015625
17 16 91 17 28 0.015625
17 16 116 17 2 0.015625
17 16 129 17 2 0.015625
17 16 130 17 19 0.015625
17 16 132 17 19 0.015625
17 16 134 17 19 0.015625
17 16 135 17 19 0.015625
17 16 136 17 19 0.015625
17 16 138 17 19 0.015625
17 16 160 17 21 0.015625
17 16 164 17 27 0.015625
17 16 167 17 27 0.015625
17 16 168 17 27 0.015625
17 16 170 17 27 0.015625
17 16 171 17 27 0.015625
17 16 172 17 22 0.015625
17 16 173 17 22 0.015625
17 16 181 17 22 0.015625
17 16 192 17 7 0.015625
17 16 199 17 7 0.015625
17 16 202 17 7 0.015625
17 16 206 17 3 0.015625
17 16 208 17 3 0.015625
17 16 209 17 3 0.015625
17 16 211 17 3 0.015625
17 16 214 17 3 0.015625
17 16 216 17 15 0.015625
17 16 218 17 15 0.015625
17 16 223 17 15 0.015625
17 16 236 17 36 0.015625
17 16 248 17 36 0.015625
17 16 250 17 46 0.015625
17 16 254 17 46 0.015625
17 16 257 17 46 0.015625
17 16 260 17 46 0.015625
17 16 272 17 45 0.015625
17 16 275 17 13 0.015625
17 29 8 17 39 0.015625
17 29 11 17 5 0.015625
17 29 19 17 12 0.015625
17 29 31 17 40 0.015625
17 29 32 17 40 0.015625
17 29 34 17 40 0.015625
17 29 38 17 26 0.015625
17 29 44 17 26 0.015625
17 29 57 17 33 0.015625
17 29 63 17 0 0.015625
17 29 77 17 14 0.015625
17 29 78 17 14 0.015625
17 29 80 17 14 0.015625
17 29 86 17 8 0.015625
17 29 87 17 8 0.015625
17 29 88 17 8 0.015625
17 29 89 17 8 0.015625
17 29 94 17 28 0.015625
17 29 99 17 28 0.015625
17 29 107 17 9 0.015625
17 29 108 17 9 0.015625
17 29 110 17 9 0.015625
17 29 114 17 2 0.015625
17 29 117 17 2 0.015625
17 29 120 17 2 0.015625
17 29 124 17 2 0.015625
17 29 127 17 19 0.015625
17 29 139 17 1 0.015625
17 29 141 17 1 0.015625
17 29 142 17 1 0.015625
17 29 143 17 1 0.015625
17 29 144 17 1 0.015625
17 29 145 17 1 0.015625
17 29 146 17 1 0.015625
17 29 154 17 21 0.015625
17 29 155 17 21 0.015625
17 29 156 17 21 0.015625
17 29 174 17 22 0.015625
17 29 197 17 7 0.015625
17 29 203 17 7 0.015625
17 29 205 17 7 0.015625
17 29 206 17 7 0.015625
17 29 208 17 3 0.015625
17 29 212 17 3 0.015625
17 29 213 17 3 0.015625
17 29 215 17 3 0.015625
17 29 223 17 15 0.015625
17 29 226 17 15 0.015625
17 29 229 17 15 0.015625
17 29 244 17 36 0.015625
17 29 247 17 36 0.015625
17 29 248 17 36 0.015625
17 29 250 17 36 0.015625
17 29 252 17 36 0.015625
17 29 256 17 46 0.015625
17 29 262 17 46 0.015625
17 29 263 17 46 0.015625
17 29 264 17 46 0.015625
17 29 273 17 45 0.015625
17 29 276 17 45 0.015625
17 29 277 17 45 0.015625
17 29 281 17 13 0.015625
17 29 282 17 13 0.015625
17 29 284 17 13 0.015625
17 39 0 17 39 0.015625
17 39 7 17 5 0.015625
17 39 26 17 40 0.015625
17 39 35 17 40 0.015625
17 39 38 17 26 0.015625
17 39 40 17 26 0.015625
17 39 42 17 26 0.015625
17 39 43 17 26 0.015625
17 39 45 17 26 0.015625
17 39 49 17 33 0.015625
17 39 55 17 33 0.015625
17 39 58 17 33 0.015625
17 39 61 17 0 0.015625
17 39 74 17 14 0.015625
17 39 75 17 14 0.015625
17 39 77 17 14 0.015625
17 39 79 17 14 0.015625
17 39 81 17 14 0.015625
17 39 101 17 28 0.015625
17 39 105 17 28 0.015625
17 39 107 17 28 0.015625
17 39 112 17 9 0.015625
17 39 116 17 9 0.015625
17 39 118 17 9 0.015625
17 39 123 17 2 0.015625
17 39 124 17 2 0.015625
17 39 125 17 2 0.015625
17 39 128 17 2 0.015625
17 39 129 17 2 0.015625
17 39 130 17 2 0.015625
17 39 135 17 19 0.015625
17 39 146 17 19 0.015625
17 39 148 17 1 0.015625
17 39 149 17 1 0.015625
17 39 151 17 1 0.015625
17 39 152 17 1 0.015625
17 39 153 17 1 0.015625
17 39 155 17 1 0.015625
17 39 165 17 21 0.015625
17 39 167 17 21 0.015625
17 39 187 17 22 0.015625
17 39 225 17 7 0.015625
17 39 237 17 7 0.015625
17 39 242 17 3 0.015625
17 39 245 17 3 0.015625
17 39 247 17 3 0.015625
17 39 254 17 15 0.015625
17 39 255 17 15 0.015625
17 39 259 17 15 0.015625
17 39 267 17 5 0.015625
17 39 271 17 36 0.015625
17 39 276 17 36 0.015625
17 39 279 17 36 0.015625
17 39 282 17 36 0.015625
17 39 285 17 46 0.015625
17 39 292 17 46 0.015625
17 39 298 17 45 0.015625
17 39 304 17 45 0.015625
17 39 307 17 45 0.015625
17 39 309 17 13 0.015625
17 39 311 17 13 0.015625
17 39 312 17 13 0.015625
17 39 313 17 13 0.015625
17 39 315 17 13 0.015625
19 5 22 19 17 0.015625
19 5 24 19 17 0.015625
19 5 25 19 17 0.015625
19 5 28 19 40 0.015625
19 5 34 19 40 0.015625
19 5 36 19 40 0.015625
19 5 37 19 40 0.015625
19 5 39 19 25 0.015625
19 5 47 19 25 0.015625
19 5 48 19 25 0.015625
19 5 49 19 25 0.015625
19 5 60 19 41 0.015625
19 5 65 19 10 0.015625
19 5 71 19 10 0.015625
19 5 72 19 10 0.015625
19 5 73 19 30 0.015625
19 5 74 19 30 0.015625
19 5 78 19 30 0.015625
19 5 81 19 30 0.015625
19 5 82 19 30 0.015625
19 5 83 19 30 0.015625
19 5 91 19 16 0.015625
19 5 97 19 0 0.015625
19 5 108 19 28 0.015625
19 5 118 19 28 0.015625
19 5 121 19 9 0.015625
19 5 123 19 9 0.015625
19 5 124 19 9 0.015625
19 5 128 19 9 0.015625
19 5 130 19 4 0.015625
19 5 132 19 4 0.015625
19 5 133 19 4 0.015625
19 5 138 19 4 0.015625
19 5 139 19 4 0.015625
19 5 141 19 32 0.015625
19 5 143 19 32 0.015625
19 5 150 19 18 0.015625
19 5 152 19 18 0.015625
19 5 160 19 18 0.015625
19 5 161 19 18 0.015625
19 5 163 19 43 0.015625
19 5 167 19 43 0.015625
19 5 170 19 43 0.015625
19 5 172 19 31 0.015625
19 5 176 19 31 0.015625
19 5 177 19 31 0.015625
19 5 179 19 31 0.015625
19 5 205 19 20 0.015625
19 5 207 19 47 0.015625
19 5 208 19 47 0.015625
19 5 209 19 47 0.015625
19 5 210 19 47 0.015625
19 5 211 19 47 0.015625
19 5 214 19 47 0.015625
19 5 215 19 47 0.015625
19 5 231 19 22 0.015625
19 5 240 19 38 0.015625
19 5 245 19 38 0.015625
19 5 254 19 36 0.015625
19 5 261 19 36 0.015625
19 5 262 19 36 0.015625
19 5 274 19 45 0.015625
19 5 277 19 13 0.015625
19 5 284 19 13 0.015625
19 16 14 19 17 0.015625
19 16 20 19 17 0.015625
19 16 25 19 40 0.015625
19 16 31 19 40 0.015625
19 16 45 19 25 0.015625
19 16 54 19 41 0.015625
19 16 58 19 41 0.015625
19 16 59 19 10 0.015625
19 16 68 19 10 0.015625
19 16 69 19 10 0.015625
19 16 72 19 30 0.015625
19 16 85 19 30 0.015625
19 16 112 19 0 0.015625
19 16 116 19 0 0.015625
19 16 120 19 0 0.015625
19 16 124 19 28 0.015625
19 16 128 19 28 0.015625
19 16 155 19 4 0.015625
19 16 163 19 32 0.015625
19 16 164 19 32 0.015625
19 16 165 19 32 0.015625
19 16 166 19 32 0.015625
19 16 168 19 32 0.015625
19 16 171 19 18 0.015625
19 16 172 19 18 0.015625
19 16 176 19 18 0.015625
19 16 183 19 18 0.015625
19 16 184 19 18 0.015625
19 16 190 19 43 0.015625
19 16 193 19 43 0.015625
19 16 194 19 43 0.015625
19 16 197 19 31 0.015625
19 16 215 19 1 0.015625
19 16 229 19 20 0.015625
19 16 236 19 20 0.015625
19 16 237 19 47 0.015625
19 16 239 19 47 0.015625
19 16 241 19 47 0.015625
19 16 248 19 27 0.015625
19 16 249 19 27 0.015625
19 16 251 19 27 0.015625
19 16 252 19 27 0.015625
19 16 254 19 27 0.015625
19 16 255 19 27 0.015625
19 16 256 19 22 0.015625
19 16 257 19 22 0.015625
19 16 258 19 22 0.015625
19 16 261 19 22 0.015625
19 16 265 19 22 0.015625
19 16 267 19 38 0.015625
19 16 269 19 38 0.015625
19 16 273 19 38 0.015625
19 16 277 19 38 0.015625
19 16 278 19 38 0.015625
19 16 280 19 36 0.015625
19 16 287 19 36 0.015625
19 16 292 19 36 0.015625
19 16 297 19 45 0.015625
19 16 305 19 45 0.015625
19 16 307 19 13 0.015625
19 16 308 19 13 0.015625
19 16 309 19 13 0.015625
19 16 310 19 13 0.015625
19 16 311 19 13 0.015625
19 29 24 19 17 0.015625
19 29 26 19 17 0.015625
19 29 34 19 40 0.015625
19 29 35 19 40 0.015625
19 29 37 19 40 0.015625
19 29 45 19 25 0.015625
19 29 48 19 25 0.015625
19 29 50 19 25 0.015625
19 29 54 19 41 0.015625
19 29 56 19 41 0.015625
19 29 60 19 41 0.015625
19 29 68 19 10 0.015625
19 29 70 19 10 0.015625
19 29 72 19 30 0.015625
19 29 78 19 30 0.015625
19 29 79 19 30 0.015625
19 29 81 19 30 0.015625
19 29 89 19 16 0.015625
19 29 95 19 0 0.015625
19 29 105 19 28 0.015625
19 29 110 19 28 0.015625
19 29 119 19 9 0.015625
19 29 121 19 9 0.015625
19 29 151 19 18 0.015625
19 29 154 19 18 0.015625
19 29 156 19 18 0.015625
19 29 158 19 18 0.015625
19 29 176 19 31 0.015625
19 29 184 19 31 0.015625
19 29 187 19 1 0.015625
19 29 188 19 1 0.015625
19 29 189 19 1 0.015625
19 29 190 19 1 0.015625
19 29 191 19 1 0.015625
19 29 192 19 1 0.015625
19 29 193 19 1 0.015625
19 29 194 19 1 0.015625
19 29 197 19 20 0.015625
19 29 199 19 20 0.015625
19 29 202 19 20 0.015625
19 29 206 19 47 0.015625
19 29 210 19 47 0.015625
19 29 211 19 47 0.015625
19 29 212 19 47 0.015625
19 29 213 19 47 0.015625
19 29 231 19 22 0.015625
19 29 242 19 38 0.015625
19 29 246 19 38 0.015625
19 29 247 19 38 0.015625
19 29 248 19 38 0.015625
19 29 249 19 38 0.015625
19 29 251 19 38 0.015625
19 29 252 19 38 0.015625
19 29 254 19 36 0.015625
19 29 257 19 36 0.015625
19 29 258 19 36 0.015625
19 29 260 19 36 0.015625
19 29 266 19 45 0.015625
19 29 270 19 45 0.015625
19 29 273 19 45 0.015625
19 29 274 19 45 0.015625
19 29 278 19 13 0.015625
19 29 279 19 13 0.015625
19 29 281 19 13 0.015625
19 39 3 19 16 0.015625
19 39 14 19 17 0.015625
19 39 15 19 17 0.015625
19 39 18 19 17 0.015625
19 39 19 19 17 0.015625
19 39 22 19 17 0.015625
19 39 34 19 40 0.015625
19 39 35 19 25 0.015625
19 39 36 19 25 0.015625
19 39 41 19 25 0.015625
19 39 43 19 25 0.015625
19 39 44 19 25 0.015625
19 39 58 19 10 0.015625
19 39 60 19 10 0.015625
19 39 67 19 10 0.015625
19 39 68 19 30 0.015625
19 39 80 19 30 0.015625
19 39 93 19 0 0.015625
19 39 120 19 9 0.015625
19 39 125 19 4 0.015625
19 39 129 19 4 0.015625
19 39 130 19 4 0.015625
19 39 131 19 4 0.015625
19 39 132 19 4 0.015625
19 39 134 19 4 0.015625
19 39 147 19 18 0.015625
19 39 148 19 18 0.015625
19 39 158 19 18 0.015625
19 39 164 19 43 0.015625
19 39 166 19 43 0.015625
19 39 171 19 31 0.015625
19 39 174 19 31 0.015625
19 39 176 19 31 0.015625
19 39 177 19 31 0.015625
19 39 180 19 1 0.015625
19 39 181 19 1 0.015625
19 39 182 19 1 0.015625
19 39 184 19 1 0.015625
19 39 185 19 1 0.015625
19 39 186 19 1 0.015625
19 39 188 19 1 0.015625
19 39 190 19 20 0.015625
19 39 193 19 20 0.015625
19 39 195 19 20 0.015625
19 39 203 19 47 0.015625
19 39 208 19 47 0.015625
19 39 210 19 47 0.015625
19 39 232 19 22 0.015625
19 39 245 19 38 0.015625
19 39 249 19 38 0.015625
19 39 250 19 38 0.015625
19 39 252 19 38 0.015625
19 39 253 19 38 0.015625
19 39 255 19 36 0.015625
19 39 261 19 36 0.015625
19 39 267 19 45 0.015625
19 39 268 19 45 0.015625
19 39 270 19 45 0.015625
19 39 277 19 45 0.015625
19 39 278 19 13 0.015625
19 39 279 19 13 0.015625
19 39 281 19 13 0.015625
19 39 282 19 13 0.015625
19 39 283 19 13 0.015625
20 5 4 20 29 0.015625
20 5 7 20 39 0.015625
20 5 11 20 12 0.015625
20 5 16 20 12 0.015625
20 5 31 20 10 0.015625
20 5 32 20 10 0.015625
20 5 33 20 42 0.015625
20 5 34 20 42 0.015625
20 5 42 20 42 0.015625
20 5 54 20 16 0.015625
20 5 60 20 26 0.015625
20 5 74 20 4 0.015625
20 5 75 20 4 0.015625
20 5 78 20 4 0.015625
20 5 80 20 4 0.015625
20 5 81 20 4 0.015625
20 5 83 20 32 0.015625
20 5 85 20 32 0.015625
20 5 89 20 32 0.015625
20 5 93 20 43 0.015625
20 5 97 20 43 0.015625
20 5 98 20 43 0.015625
20 5 100 20 43 0.015625
20 5 102 20 31 0.015625
20 5 106 20 31 0.015625
20 5 107 20 31 0.015625
20 5 109 20 31 0.015625
20 5 112 20 6 0.015625
20 5 114 20 6 0.015625
20 5 115 20 6 0.015625
20 5 118 20 6 0.015625
20 5 119 20 6 0.015625
20 5 122 20 19 0.015625
20 5 123 20 19 0.015625
20 5 147 20 37 0.015625
20 5 150 20 37 0.015625
20 5 151 20 37 0.015625
20 5 153 20 37 0.015625
20 5 157 20 37 0.015625
20 5 168 20 29 0.015625
20 5 172 20 34 0.015625
20 5 177 20 34 0.015625
20 5 178 20 34 0.015625
20 5 181 20 21 0.015625
20 5 185 20 21 0.015625
20 5 188 20 21 0.015625
20 5 190 20 21 0.015625
20 5 206 20 11 0.015625
20 5 222 20 24 0.015625
20 5 231 20 24 0.015625
20 5 232 20 24 0.015625
20 5 233 20 24 0.015625
20 5 236 20 22 0.015625
20 5 238 20 22 0.015625
20 5 250 20 39 0.015625
20 5 253 20 36 0.015625
20 5 255 20 36 0.015625
20 5 261 20 36 0.015625
20 5 262 20 36 0.015625
20 5 263 20 36 0.015625
20 5 264 20 46 0.015625
20 5 266 20 46 0.015625
20 5 267 20 46 0.015625
20 5 288 20 45 0.015625
20 16 0 20 16 0.015625
20 16 15 20 12 0.015625
20 16 16 20 12 0.015625
20 16 19 20 12 0.015625
20 16 22 20 12 0.015625
20 16 23 20 12 0.015625
20 16 34 20 10 0.015625
20 16 36 20 42 0.015625
20 16 39 20 42 0.015625
20 16 48 20 42 0.015625
20 16 73 20 26 0.015625
20 16 74 20 26 0.015625
20 16 76 20 26 0.015625
20 16 79 20 26 0.015625
20 16 83 20 26 0.015625
20 16 99 20 32 0.015625
20 16 101 20 32 0.015625
20 16 102 20 32 0.015625
20 16 112 20 43 0.015625
20 16 116 20 43 0.015625
20 16 117 20 43 0.015625
20 16 119 20 31 0.015625
20 16 133 20 6 0.015625
20 16 135 20 6 0.015625
20 16 144 20 6 0.015625
20 16 145 20 6 0.015625
20 16 146 20 19 0.015625
20 16 148 20 19 0.015625
20 16 150 20 19 0.015625
20 16 151 20 19 0.015625
20 16 154 20 19 0.015625
20 16 193 20 34 0.015625
20 16 195 20 34 0.015625
20 16 199 20 34 0.015625
20 16 201 20 34 0.015625
20 16 202 20 34 0.015625
20 16 207 20 21 0.015625
20 16 210 20 21 0.015625
20 16 216 20 11 0.015625
20 16 218 20 11 0.015625
20 16 223 20 11 0.015625
20 16 224 20 11 0.015625
20 16 225 20 11 0.015625
20 16 226 20 27 0.015625
20 16 227 20 27 0.015625
20 16 230 20 27 0.015625
20 16 232 20 27 0.015625
20 16 233 20 27 0.015625
20 16 235 20 24 0.015625
20 16 236 20 24 0.015625
20 16 247 20 24 0.015625
20 16 249 20 22 0.015625
20 16 250 20 22 0.015625
20 16 251 20 22 0.015625
20 16 258 20 22 0.015625
20 16 270 20 36 0.015625
20 16 277 20 36 0.015625
20 16 282 20 36 0.015625
20 16 284 20 46 0.015625
20 16 286 20 46 0.015625
20 16 288 20 46 0.015625
20 16 291 20 46 0.015625
20 16 294 20 46 0.015625
20 16 306 20 45 0.015625
20 29 0 20 29 0.015625
20 29 6 20 39 0.015625
20 29 10 20 12 0.015625
20 29 14 20 12 0.015625
20 29 16 20 12 0.015625
20 29 17 20 12 0.015625
20 29 22 20 10 0.015625
20 29 25 20 10 0.015625
20 29 27 20 10 0.015625
20 29 29 20 10 0.015625
20 29 32 20 42 0.015625
20 29 34 20 42 0.015625
20 29 38 20 42 0.015625
20 29 41 20 42 0.015625
20 29 50 20 16 0.015625
20 29 56 20 26 0.015625
20 29 57 20 26 0.015625
20 29 62 20 26 0.015625
20 29 64 20 26 0.015625
20 29 71 20 4 0.015625
20 29 73 20 4 0.015625
20 29 74 20 4 0.015625
20 29 85 20 32 0.015625
20 29 109 20 31 0.015625
20 29 114 20 31 0.015625
20 29 121 20 6 0.015625
20 29 128 20 6 0.015625
20 29 130 20 6 0.015625
20 29 133 20 19 0.015625
20 29 145 20 1 0.015625
20 29 146 20 1 0.015625
20 29 148 20 1 0.015625
20 29 150 20 1 0.015625
20 29 151 20 1 0.015625
20 29 152 20 1 0.015625
20 29 157 20 37 0.015625
20 29 158 20 37 0.015625
20 29 161 20 37 0.015625
20 29 162 20 37 0.015625
20 29 197 20 34 0.015625
20 29 199 20 34 0.015625
20 29 209 20 21 0.015625
20 29 211 20 21 0.015625
20 29 221 20 11 0.015625
20 29 224 20 11 0.015625
20 29 225 20 11 0.015625
20 29 235 20 27 0.015625
20 29 241 20 24 0.015625
20 29 251 20 24 0.015625
20 29 252 20 24 0.015625
20 29 255 20 22 0.015625
20 29 278 20 36 0.015625
20 29 282 20 36 0.015625
20 29 283 20 36 0.015625
20 29 284 20 36 0.015625
20 29 286 20 36 0.015625
20 29 290 20 46 0.015625
20 29 292 20 46 0.015625
20 29 297 20 46 0.015625
20 29 298 20 46 0.015625
20 29 303 20 45 0.015625
20 29 308 20 45 0.015625
20 29 310 20 45 0.015625
20 29 311 20 45 0.015625
20 39 2 20 16 0.015625
20 39 9 20 29 0.015625
20 39 28 20 10 0.015625
20 39 30 20 10 0.015625
20 39 37 20 10 0.015625
20 39 38 20 42 0.015625
20 39 39 20 42 0.015625
20 39 41 20 42 0.015625
20 39 42 20 42 0.015625
20 39 45 20 42 0.015625
20 39 57 20 26 0.015625
20 39 58 20 26 0.015625
20 39 59 20 26 0.015625
20 39 61 20 26 0.015625
20 39 64 20 26 0.015625
20 39 66 20 26 0.015625
20 39 68 20 4 0.015625
20 39 70 20 4 0.015625
20 39 73 20 4 0.015625
20 39 74 20 4 0.015625
20 39 75 20 4 0.015625
20 39 77 20 4 0.015625
20 39 86 20 32 0.015625
20 39 87 20 32 0.015625
20 39 94 20 43 0.015625
20 39 96 20 43 0.015625
20 39 99 20 43 0.015625
20 39 101 20 31 0.015625
20 39 102 20 31 0.015625
20 39 104 20 31 0.015625
20 39 107 20 31 0.015625
20 39 111 20 6 0.015625
20 39 123 20 6 0.015625
20 39 126 20 19 0.015625
20 39 137 20 19 0.015625
20 39 138 20 1 0.015625
20 39 139 20 1 0.015625
20 39 140 20 1 0.015625
20 39 142 20 1 0.015625
20 39 144 20 1 0.015625
20 39 154 20 37 0.015625
20 39 156 20 37 0.015625
20 39 159 20 37 0.015625
20 39 169 20 29 0.015625
20 39 179 20 34 0.015625
20 39 181 20 34 0.015625
20 39 182 20 34 0.015625
20 39 192 20 21 0.015625
20 39 207 20 11 0.015625
20 39 223 20 24 0.015625
20 39 224 20 24 0.015625
20 39 225 20 24 0.015625
20 39 230 20 24 0.015625
20 39 232 20 22 0.015625
20 39 269 20 36 0.015625
20 39 275 20 36 0.015625
20 39 277 20 36 0.015625
20 39 280 20 36 0.015625
20 39 283 20 46 0.015625
20 39 290 20 46 0.015625
20 39 295 20 45 0.015625
20 39 296 20 45 0.015625
20 39 298 20 45 0.015625
20 39 305 20 45 0.015625
21 5 0 21 5 0.015625
21 5 23 21 17 0.015625
21 5 24 21 17 0.015625
21 5 26 21 12 0.015625
21 5 30 21 12 0.015625
21 5 31 21 12 0.015625
21 5 46 21 40 0.015625
21 5 47 21 40 0.015625
21 5 48 21 42 0.015625
21 5 49 21 42 0.015625
21 5 57 21 42 0.015625
21 5 64 21 26 0.015625
21 5 65 21 26 0.015625
21 5 75 21 33 0.015625
21 5 76 21 33 0.015625
21 5 79 21 33 0.015625
21 5 81 21 33 0.015625
21 5 82 21 33 0.015625
21 5 95 21 14 0.015625
21 5 96 21 23 0.015625
21 5 106 21 23 0.015625
21 5 108 21 9 0.015625
21 5 110 21 9 0.015625
21 5 112 21 9 0.015625
21 5 113 21 9 0.015625
21 5 114 21 9 0.015625
21 5 117 21 9 0.015625
21 5 121 21 4 0.015625
21 5 122 21 4 0.015625
21 5 127 21 4 0.015625
21 5 128 21 4 0.015625
21 5 129 21 2 0.015625
21 5 130 21 2 0.015625
21 5 131 21 2 0.015625
21 5 134 21 2 0.015625
21 5 136 21 2 0.015625
21 5 138 21 2 0.015625
21 5 139 21 6 0.015625
21 5 141 21 6 0.015625
21 5 142 21 6 0.015625
21 5 145 21 6 0.015625
21 5 146 21 6 0.015625
21 5 161 21 37 0.015625
21 5 164 21 37 0.015625
21 5 165 21 37 0.015625
21 5 167 21 37 0.015625
21 5 171 21 37 0.015625
21 5 172 21 20 0.015625
21 5 175 21 20 0.015625
21 5 181 21 20 0.015625
21 5 182 21 35 0.015625
21 5 196 21 35 0.015625
21 5 214 21 44 0.015625
21 5 221 21 44 0.015625
21 5 241 21 22 0.015625
21 5 243 21 22 0.015625
21 5 274 21 38 0.015625
21 5 279 21 38 0.015625
21 5 280 21 38 0.015625
21 5 288 21 36 0.015625
21 5 295 21 36 0.015625
21 5 296 21 36 0.015625
21 5 299 21 45 0.015625
21 5 308 21 45 0.015625
21 16 15 21 17 0.015625
21 16 21 21 17 0.015625
21 16 25 21 12 0.015625
21 16 29 21 12 0.015625
21 16 32 21 12 0.015625
21 16 43 21 40 0.015625
21 16 45 21 42 0.015625
21 16 48 21 42 0.015625
21 16 50 21 42 0.015625
21 16 57 21 42 0.015625
21 16 58 21 26 0.015625
21 16 59 21 26 0.015625
21 16 61 21 26 0.015625
21 16 63 21 26 0.015625
21 16 64 21 26 0.015625
21 16 68 21 26 0.015625
21 16 70 21 33 0.015625
21 16 71 21 33 0.015625
21 16 73 21 33 0.015625
21 16 75 21 33 0.015625
21 16 86 21 14 0.015625
21 16 91 21 14 0.015625
21 16 93 21 23 0.015625
21 16 96 21 23 0.015625
21 16 97 21 23 0.015625
21 16 100 21 23 0.015625
21 16 101 21 23 0.015625
21 16 102 21 23 0.015625
21 16 129 21 2 0.015625
21 16 131 21 2 0.015625
21 16 135 21 2 0.015625
21 16 142 21 2 0.015625
21 16 143 21 6 0.015625
21 16 145 21 6 0.015625
21 16 154 21 6 0.015625
21 16 187 21 20 0.015625
21 16 194 21 20 0.015625
21 16 195 21 35 0.015625
21 16 196 21 35 0.015625
21 16 197 21 35 0.015625
21 16 198 21 35 0.015625
21 16 199 21 35 0.015625
21 16 202 21 35 0.015625
21 16 203 21 35 0.015625
21 16 214 21 11 0.015625
21 16 216 21 44 0.015625
21 16 217 21 44 0.015625
21 16 218 21 44 0.015625
21 16 219 21 44 0.015625
21 16 222 21 44 0.015625
21 16 223 21 44 0.015625
21 16 224 21 27 0.015625
21 16 227 21 27 0.015625
21 16 228 21 27 0.015625
21 16 231 21 27 0.015625
21 16 232 21 22 0.015625
21 16 233 21 22 0.015625
21 16 234 21 22 0.015625
21 16 241 21 22 0.015625
21 16 254 21 38 0.015625
21 16 256 21 38 0.015625
21 16 267 21 36 0.015625
21 16 274 21 36 0.015625
21 16 292 21 45 0.015625
21 29 22 21 17 0.015625
21 29 24 21 17 0.015625
21 29 33 21 12 0.015625
21 29 43 21 40 0.015625
21 29 44 21 40 0.015625
21 29 46 21 40 0.015625
21 29 49 21 42 0.015625
21 29 51 21 42 0.015625
21 29 55 21 42 0.015625
21 29 63 21 26 0.015625
21 29 64 21 26 0.015625
21 29 69 21 26 0.015625
21 29 81 21 33 0.015625
21 29 90 21 14 0.015625
21 29 91 21 14 0.015625
21 29 92 21 14 0.015625
21 29 94 21 14 0.015625
21 29 96 21 23 0.015625
21 29 103 21 23 0.015625
21 29 105 21 23 0.015625
21 29 115 21 9 0.015625
21 29 135 21 2 0.015625
21 29 138 21 2 0.015625
21 29 139 21 2 0.015625
21 29 145 21 2 0.015625
21 29 147 21 6 0.015625
21 29 153 21 6 0.015625
21 29 156 21 6 0.015625
21 29 157 21 1 0.015625
21 29 159 21 1 0.015625
21 29 160 21 1 0.015625
21 29 161 21 1 0.015625
21 29 162 21 1 0.015625
21 29 163 21 1 0.015625
21 29 164 21 1 0.015625
21 29 170 21 37 0.015625
21 29 172 21 37 0.015625
21 29 173 21 37 0.015625
21 29 174 21 37 0.015625
21 29 176 21 37 0.015625
21 29 178 21 20 0.015625
21 29 180 21 20 0.015625
21 29 183 21 20 0.015625
21 29 186 21 35 0.015625
21 29 192 21 35 0.015625
21 29 198 21 35 0.015625
21 29 211 21 44 0.015625
21 29 238 21 22 0.015625
21 29 262 21 38 0.015625
21 29 266 21 38 0.015625
21 29 267 21 38 0.015625
21 29 268 21 38 0.015625
21 29 269 21 38 0.015625
21 29 272 21 38 0.015625
21 29 274 21 36 0.015625
21 29 277 21 36 0.015625
21 29 278 21 36 0.015625
21 29 279 21 36 0.015625
21 29 280 21 36 0.015625
21 29 286 21 45 0.015625
21 29 290 21 45 0.015625
21 29 291 21 45 0.015625
21 29 293 21 45 0.015625
21 29 294 21 45 0.015625
21 39 11 21 5 0.015625
21 39 14 21 17 0.015625
21 39 15 21 17 0.015625
21 39 16 21 17 0.015625
21 39 18 21 17 0.015625
21 39 19 21 17 0.015625
21 39 22 21 17 0.015625
21 39 49 21 42 0.015625
21 39 50 21 42 0.015625
21 39 52 21 42 0.015625
21 39 53 21 42 0.015625
21 39 55 21 42 0.015625
21 39 56 21 42 0.015625
21 39 58 21 26 0.015625
21 39 59 21 26 0.015625
21 39 60 21 26 0.015625
21 39 62 21 26 0.015625
21 39 64 21 26 0.015625
21 39 65 21 26 0.015625
21 39 76 21 33 0.015625
21 39 83 21 14 0.015625
21 39 88 21 14 0.015625
21 39 92 21 23 0.015625
21 39 103 21 23 0.015625
21 39 110 21 9 0.015625
21 39 115 21 4 0.015625
21 39 117 21 4 0.015625
21 39 119 21 4 0.015625
21 39 120 21 4 0.015625
21 39 121 21 4 0.015625
21 39 122 21 4 0.015625
21 39 124 21 4 0.015625
21 39 125 21 2 0.015625
21 39 127 21 2 0.015625
21 39 129 21 2 0.015625
21 39 132 21 2 0.015625
21 39 138 21 6 0.015625
21 39 151 21 1 0.015625
21 39 152 21 1 0.015625
21 39 153 21 1 0.015625
21 39 155 21 1 0.015625
21 39 157 21 1 0.015625
21 39 166 21 37 0.015625
21 39 167 21 37 0.015625
21 39 172 21 37 0.015625
21 39 173 21 20 0.015625
21 39 176 21 20 0.015625
21 39 178 21 20 0.015625
21 39 186 21 35 0.015625
21 39 189 21 35 0.015625
21 39 190 21 35 0.015625
21 39 191 21 35 0.015625
21 39 209 21 44 0.015625
21 39 219 21 44 0.015625
21 39 236 21 22 0.015625
21 39 253 21 5 0.015625
21 39 257 21 38 0.015625
21 39 261 21 38 0.015625
21 39 262 21 38 0.015625
21 39 264 21 38 0.015625
21 39 265 21 38 0.015625
21 39 267 21 36 0.015625
21 39 273 21 36 0.015625
21 39 282 21 45 0.015625
23 5 7 23 39 0.015625
23 5 13 23 12 0.015625
23 5 18 23 12 0.015625
23 5 33 23 41 0.015625
23 5 34 23 42 0.015625
23 5 35 23 42 0.015625
23 5 43 23 42 0.015625
23 5 55 23 16 0.015625
23 5 61 23 0 0.015625
23 5 84 23 14 0.015625
23 5 87 23 8 0.015625
23 5 88 23 8 0.015625
23 5 89 23 8 0.015625
23 5 92 23 8 0.015625
23 5 93 23 8 0.015625
23 5 95 23 28 0.015625
23 5 97 23 28 0.015625
23 5 105 23 28 0.015625
23 5 109 23 4 0.015625
23 5 110 23 4 0.015625
23 5 113 23 4 0.015625
23 5 115 23 4 0.015625
23 5 116 23 4 0.015625
23 5 117 23 2 0.015625
23 5 118 23 2 0.015625
23 5 119 23 2 0.015625
23 5 122 23 2 0.015625
23 5 124 23 2 0.015625
23 5 126 23 2 0.015625
23 5 127 23 18 0.015625
23 5 129 23 18 0.015625
23 5 137 23 18 0.015625
23 5 138 23 18 0.015625
23 5 139 23 31 0.015625
23 5 143 23 31 0.015625
23 5 146 23 31 0.015625
23 5 165 23 21 0.015625
23 5 167 23 21 0.015625
23 5 170 23 21 0.015625
23 5 172 23 21 0.015625
23 5 175 23 24 0.015625
23 5 185 23 24 0.015625
23 5 189 23 22 0.015625
23 5 191 23 22 0.015625
23 5 203 23 39 0.015625
23 5 207 23 7 0.015625
23 5 218 23 7 0.015625
23 5 223 23 15 0.015625
23 5 226 23 15 0.015625
23 5 227 23 15 0.015625
23 5 230 23 15 0.015625
23 5 231 23 38 0.015625
23 5 236 23 38 0.015625
23 5 240 23 38 0.015625
23 5 245 23 36 0.015625
23 5 248 23 36 0.015625
23 5 251 23 36 0.015625
23 5 252 23 36 0.015625
23 5 253 23 36 0.015625
23 5 256 23 46 0.015625
23 5 257 23 46 0.015625
23 5 278 23 45 0.015625
23 5 281 23 13 0.015625
23 5 288 23 13 0.015625
23 16 0 23 16 0.015625
23 16 14 23 12 0.015625
23 16 18 23 12 0.015625
23 16 21 23 12 0.015625
23 16 30 23 41 0.015625
23 16 34 23 41 0.015625
23 16 35 23 42 0.015625
23 16 38 23 42 0.015625
23 16 40 23 42 0.015625
23 16 46 23 42 0.015625
23 16 47 23 42 0.015625
23 16 73 23 0 0.015625
23 16 77 23 0 0.015625
23 16 81 23 0 0.015625
23 16 88 23 14 0.015625
23 16 89 23 14 0.015625
23 16 94 23 14 0.015625
23 16 95 23 8 0.015625
23 16 96 23 8 0.015625
23 16 100 23 8 0.015625
23 16 101 23 8 0.015625
23 16 106 23 28 0.015625
23 16 126 23 4 0.015625
23 16 134 23 2 0.015625
23 16 136 23 2 0.015625
23 16 140 23 2 0.015625
23 16 147 23 2 0.015625
23 16 148 23 18 0.015625
23 16 149 23 18 0.015625
23 16 160 23 18 0.015625
23 16 163 23 31 0.015625
23 16 192 23 21 0.015625
23 16 197 23 21 0.015625
23 16 198 23 21 0.015625
23 16 203 23 24 0.015625
23 16 204 23 24 0.015625
23 16 215 23 24 0.015625
23 16 217 23 22 0.015625
23 16 218 23 22 0.015625
23 16 222 23 22 0.015625
23 16 226 23 22 0.015625
23 16 237 23 7 0.015625
23 16 238 23 7 0.015625
23 16 239 23 7 0.015625
23 16 244 23 7 0.015625
23 16 247 23 7 0.015625
23 16 250 23 15 0.015625
23 16 256 23 15 0.015625
23 16 257 23 15 0.015625
23 16 259 23 38 0.015625
23 16 265 23 38 0.015625
23 16 272 23 36 0.015625
23 16 279 23 36 0.015625
23 16 284 23 36 0.015625
23 16 286 23 46 0.015625
23 16 290 23 46 0.015625
23 16 293 23 46 0.015625
23 16 296 23 46 0.015625
23 16 308 23 45 0.015625
23 16 309 23 13 0.015625
23 16 310 23 13 0.015625
23 16 311 23 13 0.015625
23 16 313 23 13 0.015625
23 16 314 23 13 0.015625
23 29 6 23 39 0.015625
23 29 18 23 12 0.015625
23 29 25 23 41 0.015625
23 29 31 23 41 0.015625
23 29 33 23 42 0.015625
23 29 35 23 42 0.015625
23 29 39 23 42 0.015625
23 29 51 23 16 0.015625
23 29 57 23 0 0.015625
23 29 71 23 14 0.015625
23 29 72 23 14 0.015625
23 29 74 23 14 0.015625
23 29 80 23 8 0.015625
23 29 81 23 8 0.015625
23 29 82 23 8 0.015625
23 29 88 23 28 0.015625
23 29 93 23 28 0.015625
23 29 101 23 4 0.015625
23 29 109 23 2 0.015625
23 29 112 23 2 0.015625
23 29 119 23 2 0.015625
23 29 121 23 18 0.015625
23 29 124 23 18 0.015625
23 29 125 23 18 0.015625
23 29 126 23 18 0.015625
23 29 128 23 18 0.015625
23 29 130 23 31 0.015625
23 29 141 23 1 0.015625
23 29 144 23 1 0.015625
23 29 145 23 1 0.015625
23 29 146 23 1 0.015625
23 29 147 23 1 0.015625
23 29 148 23 1 0.015625
23 29 156 23 21 0.015625
23 29 157 23 21 0.015625
23 29 163 23 24 0.015625
23 29 174 23 24 0.015625
23 29 177 23 22 0.015625
23 29 200 23 7 0.015625
23 29 206 23 7 0.015625
23 29 208 23 7 0.015625
23 29 212 23 15 0.015625
23 29 214 23 15 0.015625
23 29 220 23 15 0.015625
23 29 222 23 38 0.015625
23 29 226 23 38 0.015625
23 29 227 23 38 0.015625
23 29 228 23 38 0.015625
23 29 229 23 38 0.015625
23 29 234 23 36 0.015625
23 29 237 23 36 0.015625
23 29 238 23 36 0.015625
23 29 240 23 36 0.015625
23 29 242 23 36 0.015625
23 29 246 23 46 0.015625
23 29 252 23 46 0.015625
23 29 253 23 46 0.015625
23 29 259 23 45 0.015625
23 29 263 23 45 0.015625
23 29 266 23 45 0.015625
23 29 267 23 45 0.015625
23 29 271 23 13 0.015625
23 29 272 23 13 0.015625
23 29 274 23 13 0.015625
23 39 0 23 39 0.015625
23 39 3 23 16 0.015625
23 39 33 23 41 0.015625
23 39 39 23 42 0.015625
23 39 40 23 42 0.015625
23 39 43 23 42 0.015625
23 39 45 23 42 0.015625
23 39 46 23 42 0.015625
23 39 60 23 0 0.015625
23 39 76 23 14 0.015625
23 39 78 23 14 0.015625
23 39 80 23 14 0.015625
23 39 91 23 8 0.015625
23 39 100 23 28 0.015625
23 39 104 23 28 0.015625
23 39 106 23 28 0.015625
23 39 109 23 4 0.015625
23 39 113 23 4 0.015625
23 39 114 23 4 0.015625
23 39 115 23 4 0.015625
23 39 116 23 4 0.015625
23 39 118 23 4 0.015625
23 39 121 23 2 0.015625
23 39 123 23 2 0.015625
23 39 126 23 2 0.015625
23 39 128 23 2 0.015625
23 39 132 23 18 0.015625
23 39 133 23 18 0.015625
23 39 143 23 18 0.015625
23 39 145 23 31 0.015625
23 39 150 23 31 0.015625
23 39 151 23 31 0.015625
23 39 154 23 1 0.015625
23 39 156 23 1 0.015625
23 39 158 23 1 0.015625
23 39 159 23 1 0.015625
23 39 160 23 1 0.015625
23 39 162 23 1 0.015625
23 39 173 23 21 0.015625
23 39 178 23 24 0.015625
23 39 180 23 24 0.015625
23 39 183 23 24 0.015625
23 39 185 23 24 0.015625
23 39 187 23 22 0.015625
23 39 225 23 7 0.015625
23 39 251 23 38 0.015625
23 39 252 23 38 0.015625
23 39 255 23 38 0.015625
23 39 256 23 38 0.015625
23 39 258 23 38 0.015625
23 39 259 23 38 0.015625
23 39 261 23 36 0.015625
23 39 267 23 36 0.015625
23 39 269 23 36 0.015625
23 39 275 23 46 0.015625
23 39 282 23 46 0.015625
23 39 288 23 45 0.015625
23 39 294 23 45 0.015625
23 39 297 23 45 0.015625
23 39 298 23 13 0.015625
23 39 299 23 13 0.015625
23 39 302 23 13 0.015625
23 39 303 23 13 0.015625
23 39 305 23 13 0.015625
24 5 14 24 12 0.015625
24 5 32 24 40 0.015625
24 5 34 24 40 0.015625
24 5 35 24 40 0.015625
24 5 46 24 41 0.015625
24 5 51 24 10 0.015625
24 5 59 24 30 0.015625
24 5 60 24 30 0.015625
24 5 64 24 30 0.015625
24 5 67 24 30 0.015625
24 5 68 24 30 0.015625
24 5 69 24 30 0.015625
24 5 70 24 8 0.015625
24 5 71 24 8 0.015625
24 5 72 24 8 0.015625
24 5 73 24 8 0.015625
24 5 74 24 8 0.015625
24 5 77 24 8 0.015625
24 5 78 24 8 0.015625
24 5 80 24 28 0.015625
24 5 82 24 28 0.015625
24 5 90 24 28 0.015625
24 5 91 24 23 0.015625
24 5 101 24 23 0.015625
24 5 103 24 18 0.015625
24 5 105 24 18 0.015625
24 5 113 24 18 0.015625
24 5 114 24 18 0.015625
24 5 116 24 43 0.015625
24 5 120 24 43 0.015625
24 5 125 24 31 0.015625
24 5 129 24 31 0.015625
24 5 132 24 31 0.015625
24 5 135 24 6 0.015625
24 5 137 24 6 0.015625
24 5 138 24 6 0.015625
24 5 141 24 6 0.015625
24 5 142 24 6 0.015625
24 5 157 24 20 0.015625
24 5 158 24 20 0.015625
24 5 160 24 20 0.015625
24 5 166 24 20 0.015625
24 5 168 24 47 0.015625
24 5 169 24 47 0.015625
24 5 170 24 47 0.015625
24 5 171 24 47 0.015625
24 5 172 24 47 0.015625
24 5 175 24 47 0.015625
24 5 176 24 47 0.015625
24 5 178 24 34 0.015625
24 5 183 24 34 0.015625
24 5 205 24 22 0.015625
24 5 207 24 22 0.015625
24 5 219 24 39 0.015625
24 5 223 24 7 0.015625
24 5 237 24 15 0.015625
24 5 239 24 15 0.015625
24 5 242 24 15 0.015625
24 5 243 24 15 0.015625
24 5 246 24 15 0.015625
24 5 249 24 46 0.015625
24 5 250 24 46 0.015625
24 5 274 24 13 0.015625
24 5 281 24 13 0.015625
24 16 17 24 12 0.015625
24 16 21 24 12 0.015625
24 16 23 24 12 0.015625
24 16 24 24 12 0.015625
24 16 29 24 40 0.015625
24 16 35 24 40 0.015625
24 16 48 24 41 0.015625
24 16 59 24 10 0.015625
24 16 75 24 30 0.015625
24 16 77 24 8 0.015625
24 16 78 24 8 0.015625
24 16 81 24 8 0.015625
24 16 82 24 8 0.015625
24 16 83 24 8 0.015625
24 16 88 24 28 0.015625
24 16 92 24 28 0.015625
24 16 102 24 23 0.015625
24 16 105 24 23 0.015625
24 16 106 24 23 0.015625
24 16 109 24 23 0.015625
24 16 110 24 23 0.015625
24 16 111 24 23 0.015625
24 16 112 24 18 0.015625
24 16 113 24 18 0.015625
24 16 124 24 18 0.015625
24 16 131 24 43 0.015625
24 16 134 24 43 0.015625
24 16 135 24 43 0.015625
24 16 138 24 31 0.015625
24 16 152 24 6 0.015625
24 16 154 24 6 0.015625
24 16 163 24 6 0.015625
24 16 183 24 20 0.015625
24 16 190 24 20 0.015625
24 16 191 24 47 0.015625
24 16 193 24 47 0.015625
24 16 195 24 47 0.015625
24 16 205 24 34 0.015625
24 16 207 24 34 0.015625
24 16 209 24 34 0.015625
24 16 222 24 11 0.015625
24 16 223 24 11 0.015625
24 16 225 24 22 0.015625
24 16 226 24 22 0.015625
24 16 227 24 22 0.015625
24 16 230 24 22 0.015625
24 16 234 24 22 0.015625
24 16 245 24 7 0.015625
24 16 252 24 7 0.015625
24 16 258 24 15 0.015625
24 16 260 24 15 0.015625
24 16 264 24 15 0.015625
24 16 265 24 15 0.015625
24 16 266 24 46 0.015625
24 16 268 24 46 0.015625
24 16 270 24 46 0.015625
24 16 273 24 46 0.015625
24 16 276 24 46 0.015625
24 16 288 24 45 0.015625
24 16 289 24 13 0.015625
24 16 290 24 13 0.015625
24 16 291 24 13 0.015625
24 16 292 24 13 0.015625
24 16 294 24 13 0.015625
24 29 21 24 12 0.015625
24 29 31 24 40 0.015625
24 29 32 24 40 0.015625
24 29 34 24 40 0.015625
24 29 39 24 41 0.015625
24 29 45 24 41 0.015625
24 29 51 24 10 0.015625
24 29 53 24 10 0.015625
24 29 55 24 10 0.015625
24 29 57 24 30 0.015625
24 29 63 24 30 0.015625
24 29 64 24 30 0.015625
24 29 66 24 30 0.015625
24 29 72 24 8 0.015625
24 29 73 24 8 0.015625
24 29 74 24 8 0.015625
24 29 75 24 8 0.015625
24 29 80 24 28 0.015625
24 29 85 24 28 0.015625
24 29 86 24 23 0.015625
24 29 93 24 23 0.015625
24 29 95 24 23 0.015625
24 29 97 24 18 0.015625
24 29 98 24 18 0.015625
24 29 101 24 18 0.015625
24 29 102 24 18 0.015625
24 29 103 24 18 0.015625
24 29 105 24 18 0.015625
24 29 123 24 31 0.015625
24 29 135 24 6 0.015625
24 29 141 24 6 0.015625
24 29 142 24 6 0.015625
24 29 144 24 6 0.015625
24 29 145 24 1 0.015625
24 29 147 24 1 0.015625
24 29 148 24 1 0.015625
24 29 149 24 1 0.015625
24 29 150 24 1 0.015625
24 29 151 24 1 0.015625
24 29 152 24 1 0.015625
24 29 155 24 20 0.015625
24 29 157 24 20 0.015625
24 29 160 24 20 0.015625
24 29 164 24 47 0.015625
24 29 168 24 47 0.015625
24 29 169 24 47 0.015625
24 29 170 24 47 0.015625
24 29 171 24 47 0.015625
24 29 199 24 11 0.015625
24 29 202 24 22 0.015625
24 29 225 24 7 0.015625
24 29 237 24 15 0.015625
24 29 239 24 15 0.015625
24 29 242 24 15 0.015625
24 29 245 24 15 0.015625
24 29 248 24 46 0.015625
24 29 254 24 46 0.015625
24 29 255 24 46 0.015625
24 29 261 24 45 0.015625
24 29 268 24 45 0.015625
24 29 269 24 45 0.015625
24 29 273 24 13 0.015625
24 29 274 24 13 0.015625
24 29 276 24 13 0.015625
24 39 0 24 39 0.015625
24 39 34 24 40 0.015625
24 39 41 24 41 0.015625
24 39 48 24 10 0.015625
24 39 50 24 10 0.015625
24 39 57 24 10 0.015625
24 39 58 24 30 0.015625
24 39 70 24 30 0.015625
24 39 80 24 8 0.015625
24 39 89 24 28 0.015625
24 39 92 24 28 0.015625
24 39 93 24 28 0.015625
24 39 98 24 23 0.015625
24 39 102 24 23 0.015625
24 39 109 24 23 0.015625
24 39 111 24 18 0.015625
24 39 112 24 18 0.015625
24 39 122 24 18 0.015625
24 39 127 24 43 0.015625
24 39 128 24 43 0.015625
24 39 130 24 43 0.015625
24 39 133 24 43 0.015625
24 39 135 24 31 0.015625
24 39 138 24 31 0.015625
24 39 140 24 31 0.015625
24 39 141 24 31 0.015625
24 39 145 24 6 0.015625
24 39 155 24 6 0.015625
24 39 157 24 6 0.015625
24 39 158 24 1 0.015625
24 39 159 24 1 0.015625
24 39 160 24 1 0.015625
24 39 162 24 1 0.015625
24 39 163 24 1 0.015625
24 39 164 24 1 0.015625
24 39 168 24 20 0.015625
24 39 171 24 20 0.015625
24 39 173 24 20 0.015625
24 39 181 24 47 0.015625
24 39 186 24 47 0.015625
24 39 200 24 34 0.015625
24 39 201 24 34 0.015625
24 39 203 24 34 0.015625
24 39 207 24 11 0.015625
24 39 215 24 11 0.015625
24 39 217 24 22 0.015625
24 39 245 24 39 0.015625
24 39 255 24 7 0.015625
24 39 268 24 15 0.015625
24 39 269 24 15 0.015625
24 39 272 24 15 0.015625
24 39 282 24 46 0.015625
24 39 289 24 46 0.015625
24 39 294 24 45 0.015625
24 39 295 24 45 0.015625
24 39 297 24 45 0.015625
24 39 299 24 45 0.015625
24 39 301 24 45 0.015625
24 39 304 24 45 0.015625
24 39 305 24 13 0.015625
24 39 306 24 13 0.015625
24 39 308 24 13 0.015625
24 39 309 24 13 0.015625
24 39 310 24 13 0.015625
30 5 0 30 5 0.015625
30 5 7 30 29 0.015625
30 5 17 30 12 0.015625
30 5 18 30 12 0.015625
30 5 20 30 12 0.015625
30 5 22 30 12 0.015625
30 5 33 30 41 0.015625
30 5 44 30 10 0.015625
30 5 45 30 10 0.015625
30 5 46 30 42 0.015625
30 5 55 30 42 0.015625
30 5 62 30 26 0.015625
30 5 73 30 33 0.015625
30 5 75 30 33 0.015625
30 5 76 30 33 0.015625
30 5 77 30 33 0.015625
30 5 79 30 33 0.015625
30 5 80 30 33 0.015625
30 5 83 30 0 0.015625
30 5 104 30 28 0.015625
30 5 105 30 9 0.015625
30 5 109 30 9 0.015625
30 5 110 30 9 0.015625
30 5 111 30 9 0.015625
30 5 113 30 9 0.015625
30 5 114 30 9 0.015625
30 5 118 30 32 0.015625
30 5 122 30 32 0.015625
30 5 125 30 2 0.015625
30 5 126 30 2 0.015625
30 5 130 30 2 0.015625
30 5 132 30 2 0.015625
30 5 134 30 2 0.015625
30 5 138 30 43 0.015625
30 5 140 30 43 0.015625
30 5 141 30 43 0.015625
30 5 143 30 43 0.015625
30 5 144 30 43 0.015625
30 5 147 30 19 0.015625
30 5 157 30 19 0.015625
30 5 182 30 29 0.015625
30 5 189 30 34 0.015625
30 5 191 30 34 0.015625
30 5 192 30 34 0.015625
30 5 193 30 34 0.015625
30 5 196 30 44 0.015625
30 5 203 30 44 0.015625
30 5 204 30 44 0.015625
30 5 206 30 44 0.015625
30 5 207 30 44 0.015625
30 5 209 30 24 0.015625
30 5 219 30 24 0.015625
30 5 220 30 24 0.015625
30 5 230 30 3 0.015625
30 5 233 30 3 0.015625
30 5 237 30 15 0.015625
30 5 242 30 15 0.015625
30 5 243 30 15 0.015625
30 5 246 30 15 0.015625
30 5 273 30 46 0.015625
30 5 282 30 46 0.015625
30 5 295 30 45 0.015625
30 5 300 30 13 0.015625
30 5 305 30 13 0.015625
30 16 18 30 12 0.015625
30 16 22 30 12 0.015625
30 16 25 30 12 0.015625
30 16 38 30 41 0.015625
30 16 49 30 10 0.015625
30 16 51 30 42 0.015625
30 16 54 30 42 0.015625
30 16 62 30 42 0.015625
30 16 64 30 26 0.015625
30 16 67 30 26 0.015625
30 16 69 30 26 0.015625
30 16 70 30 26 0.015625
30 16 74 30 26 0.015625
30 16 76 30 33 0.015625
30 16 77 30 33 0.015625
30 16 79 30 33 0.015625
30 16 81 30 33 0.015625
30 16 88 30 0 0.015625
30 16 92 30 0 0.015625
30 16 96 30 0 0.015625
30 16 100 30 28 0.015625
30 16 104 30 28 0.015625
30 16 125 30 32 0.015625
30 16 127 30 32 0.015625
30 16 128 30 32 0.015625
30 16 130 30 32 0.015625
30 16 134 30 2 0.015625
30 16 140 30 2 0.015625
30 16 147 30 2 0.015625
30 16 153 30 43 0.015625
30 16 157 30 43 0.015625
30 16 159 30 19 0.015625
30 16 161 30 19 0.015625
30 16 163 30 19 0.015625
30 16 164 30 19 0.015625
30 16 165 30 19 0.015625
30 16 167 30 19 0.015625
30 16 195 30 34 0.015625
30 16 199 30 34 0.015625
30 16 201 30 34 0.015625
30 16 203 30 44 0.015625
30 16 204 30 44 0.015625
30 16 205 30 44 0.015625
30 16 206 30 44 0.015625
30 16 209 30 44 0.015625
30 16 210 30 44 0.015625
30 16 212 30 24 0.015625
30 16 213 30 24 0.015625
30 16 224 30 24 0.015625
30 16 228 30 3 0.015625
30 16 231 30 3 0.015625
30 16 233 30 3 0.015625
30 16 236 30 3 0.015625
30 16 238 30 15 0.015625
30 16 240 30 15 0.015625
30 16 245 30 15 0.015625
30 16 257 30 46 0.015625
30 16 259 30 46 0.015625
30 16 261 30 46 0.015625
30 16 264 30 46 0.015625
30 16 281 30 13 0.015625
30 16 282 30 13 0.015625
30 16 283 30 13 0.015625
30 16 285 30 13 0.015625
30 29 0 30 29 0.015625
30 29 9 30 5 0.015625
30 29 18 30 12 0.015625
30 29 19 30 12 0.015625
30 29 20 30 12 0.015625
30 29 26 30 41 0.015625
30 29 32 30 41 0.015625
30 29 39 30 10 0.015625
30 29 40 30 10 0.015625
30 29 42 30 10 0.015625
30 29 45 30 42 0.015625
30 29 52 30 42 0.015625
30 29 54 30 42 0.015625
30 29 55 30 42 0.015625
30 29 59 30 26 0.015625
30 29 64 30 26 0.015625
30 29 65 30 26 0.015625
30 29 67 30 26 0.015625
30 29 77 30 33 0.015625
30 29 78 30 33 0.015625
30 29 84 30 0 0.015625
30 29 90 30 0 0.015625
30 29 94 30 28 0.015625
30 29 95 30 28 0.015625
30 29 96 30 28 0.015625
30 29 97 30 28 0.015625
30 29 98 30 28 0.015625
30 29 99 30 28 0.015625
30 29 108 30 9 0.015625
30 29 126 30 2 0.015625
30 29 129 30 2 0.015625
30 29 132 30 2 0.015625
30 29 136 30 2 0.015625
30 29 155 30 19 0.015625
30 29 162 30 19 0.015625
30 29 168 30 1 0.015625
30 29 170 30 1 0.015625
30 29 171 30 1 0.015625
30 29 172 30 1 0.015625
30 29 173 30 1 0.015625
30 29 174 30 1 0.015625
30 29 210 30 34 0.015625
30 29 216 30 44 0.015625
30 29 230 30 24 0.015625
30 29 237 30 24 0.015625
30 29 241 30 24 0.015625
30 29 247 30 3 0.015625
30 29 248 30 3 0.015625
30 29 249 30 3 0.015625
30 29 250 30 3 0.015625
30 29 260 30 15 0.015625
30 29 261 30 15 0.015625
30 29 264 30 15 0.015625
30 29 275 30 5 0.015625
30 29 280 30 46 0.015625
30 29 286 30 46 0.015625
30 29 287 30 46 0.015625
30 29 288 30 46 0.015625
30 29 297 30 45 0.015625
30 29 298 30 45 0.015625
30 29 300 30 45 0.015625
30 29 301 30 45 0.015625
30 29 306 30 13 0.015625
30 29 308 30 13 0.015625
30 39 7 30 29 0.015625
30 39 10 30 5 0.015625
30 39 22 30 12 0.015625
30 39 33 30 41 0.015625
30 39 49 30 10 0.015625
30 39 51 30 42 0.015625
30 39 53 30 42 0.015625
30 39 54 30 42 0.015625
30 39 56 30 42 0.015625
30 39 57 30 42 0.015625
30 39 61 30 26 0.015625
30 39 63 30 26 0.015625
30 39 65 30 26 0.015625
30 39 66 30 26 0.015625
30 39 68 30 26 0.015625
30 39 77 30 33 0.015625
30 39 81 30 33 0.015625
30 39 84 30 0 0.015625
30 39 89 30 0 0.015625
30 39 111 30 9 0.015625
30 39 123 30 32 0.015625
30 39 124 30 32 0.015625
30 39 129 30 2 0.015625
30 39 131 30 2 0.015625
30 39 132 30 2 0.015625
30 39 134 30 2 0.015625
30 39 136 30 2 0.015625
30 39 144 30 43 0.015625
30 39 149 30 43 0.015625
30 39 152 30 19 0.015625
30 39 163 30 19 0.015625
30 39 165 30 1 0.015625
30 39 166 30 1 0.015625
30 39 168 30 1 0.015625
30 39 169 30 1 0.015625
30 39 170 30 1 0.015625
30 39 172 30 1 0.015625
30 39 183 30 29 0.015625
30 39 192 30 34 0.015625
30 39 193 30 34 0.015625
30 39 197 30 44 0.015625
30 39 207 30 44 0.015625
30 39 208 30 24 0.015625
30 39 209 30 24 0.015625
30 39 210 30 24 0.015625
30 39 213 30 24 0.015625
30 39 215 30 24 0.015625
30 39 216 30 3 0.015625
30 39 222 30 3 0.015625
30 39 223 30 3 0.015625
30 39 225 30 3 0.015625
30 39 232 30 15 0.015625
30 39 245 30 5 0.015625
30 39 250 30 46 0.015625
30 39 253 30 46 0.015625
30 39 257 30 46 0.015625
30 39 265 30 45 0.015625
30 39 269 30 45 0.015625
30 39 272 30 45 0.015625
30 39 273 30 13 0.015625
30 39 274 30 13 0.015625
30 39 276 30 13 0.015625
30 39 277 30 13 0.015625
30 39 278 30 13 0.015625
31 5 11 31 12 0.015625
31 5 15 31 12 0.015625
31 5 16 31 12 0.015625
31 5 30 31 25 0.015625
31 5 31 31 25 0.015625
31 5 32 31 25 0.015625
31 5 43 31 41 0.015625
31 5 46 31 26 0.015625
31 5 59 31 0 0.015625
31 5 82 31 14 0.015625
31 5 83 31 8 0.015625
31 5 85 31 8 0.015625
31 5 86 31 8 0.015625
31 5 87 31 8 0.015625
31 5 90 31 8 0.015625
31 5 91 31 8 0.015625
31 5 93 31 28 0.015625
31 5 95 31 28 0.015625
31 5 103 31 28 0.015625
31 5 104 31 23 0.015625
31 5 114 31 23 0.015625
31 5 117 31 32 0.015625
31 5 119 31 32 0.015625
31 5 120 31 32 0.015625
31 5 123 31 32 0.015625
31 5 126 31 6 0.015625
31 5 128 31 6 0.015625
31 5 129 31 6 0.015625
31 5 132 31 6 0.015625
31 5 133 31 6 0.015625
31 5 136 31 19 0.015625
31 5 137 31 19 0.015625
31 5 147 31 37 0.015625
31 5 151 31 37 0.015625
31 5 153 31 37 0.015625
31 5 157 31 37 0.015625
31 5 158 31 20 0.015625
31 5 161 31 20 0.015625
31 5 167 31 20 0.015625
31 5 169 31 47 0.015625
31 5 170 31 47 0.015625
31 5 171 31 47 0.015625
31 5 173 31 47 0.015625
31 5 176 31 47 0.015625
31 5 177 31 47 0.015625
31 5 179 31 34 0.015625
31 5 184 31 34 0.015625
31 5 185 31 34 0.015625
31 5 186 31 34 0.015625
31 5 202 31 11 0.015625
31 5 205 31 44 0.015625
31 5 212 31 44 0.015625
31 5 215 31 44 0.015625
31 5 231 31 24 0.015625
31 5 240 31 24 0.015625
31 5 241 31 24 0.015625
31 5 245 31 22 0.015625
31 5 247 31 22 0.015625
31 5 259 31 39 0.015625
31 5 262 31 36 0.015625
31 5 264 31 36 0.015625
31 5 270 31 36 0.015625
31 5 271 31 36 0.015625
31 5 272 31 36 0.015625
31 16 21 31 12 0.015625
31 16 24 31 12 0.015625
31 16 38 31 25 0.015625
31 16 51 31 41 0.015625
31 16 52 31 26 0.015625
31 16 53 31 26 0.015625
31 16 55 31 26 0.015625
31 16 57 31 26 0.015625
31 16 58 31 26 0.015625
31 16 62 31 26 0.015625
31 16 64 31 0 0.015625
31 16 68 31 0 0.015625
31 16 72 31 0 0.015625
31 16 85 31 14 0.015625
31 16 86 31 8 0.015625
31 16 90 31 8 0.015625
31 16 91 31 8 0.015625
31 16 92 31 8 0.015625
31 16 97 31 28 0.015625
31 16 101 31 28 0.015625
31 16 111 31 23 0.015625
31 16 114 31 23 0.015625
31 16 118 31 23 0.015625
31 16 119 31 23 0.015625
31 16 120 31 23 0.015625
31 16 122 31 32 0.015625
31 16 124 31 32 0.015625
31 16 125 31 32 0.015625
31 16 127 31 32 0.015625
31 16 130 31 6 0.015625
31 16 141 31 6 0.015625
31 16 143 31 19 0.015625
31 16 145 31 19 0.015625
31 16 148 31 19 0.015625
31 16 149 31 19 0.015625
31 16 151 31 19 0.015625
31 16 169 31 20 0.015625
31 16 176 31 20 0.015625
31 16 177 31 47 0.015625
31 16 179 31 47 0.015625
31 16 181 31 47 0.015625
31 16 191 31 34 0.015625
31 16 194 31 34 0.015625
31 16 195 31 34 0.015625
31 16 197 31 34 0.015625
31 16 198 31 34 0.015625
31 16 203 31 11 0.015625
31 16 209 31 11 0.015625
31 16 211 31 44 0.015625
31 16 212 31 44 0.015625
31 16 213 31 44 0.015625
31 16 214 31 44 0.015625
31 16 217 31 44 0.015625
31 16 218 31 44 0.015625
31 16 219 31 27 0.015625
31 16 222 31 27 0.015625
31 16 223 31 27 0.015625
31 16 228 31 24 0.015625
31 16 240 31 24 0.015625
31 16 242 31 22 0.015625
31 16 243 31 22 0.015625
31 16 244 31 22 0.015625
31 16 263 31 36 0.015625
31 16 270 31 36 0.015625
31 29 13 31 12 0.015625
31 29 19 31 12 0.015625
31 29 20 31 12 0.015625
31 29 29 31 25 0.015625
31 29 30 31 25 0.015625
31 29 32 31 25 0.015625
31 29 34 31 25 0.015625
31 29 38 31 41 0.015625
31 29 44 31 41 0.015625
31 29 47 31 26 0.015625
31 29 48 31 26 0.015625
31 29 53 31 26 0.015625
31 29 55 31 26 0.015625
31 29 59 31 0 0.015625
31 29 73 31 14 0.015625
31 29 74 31 14 0.015625
31 29 76 31 14 0.015625
31 29 82 31 8 0.015625
31 29 83 31 8 0.015625
31 29 84 31 8 0.015625
31 29 85 31 8 0.015625
31 29 90 31 28 0.015625
31 29 95 31 28 0.015625
31 29 96 31 23 0.015625
31 29 103 31 23 0.015625
31 29 105 31 23 0.015625
31 29 120 31 6 0.015625
31 29 126 31 6 0.015625
31 29 127 31 6 0.015625
31 29 129 31 6 0.015625
31 29 132 31 19 0.015625
31 29 150 31 37 0.015625
31 29 151 31 37 0.015625
31 29 152 31 37 0.015625
31 29 154 31 37 0.015625
31 29 156 31 20 0.015625
31 29 158 31 20 0.015625
31 29 161 31 20 0.015625
31 29 165 31 47 0.015625
31 29 169 31 47 0.015625
31 29 170 31 47 0.015625
31 29 171 31 47 0.015625
31 29 172 31 47 0.015625
31 29 196 31 11 0.015625
31 29 197 31 11 0.015625
31 29 199 31 11 0.015625
31 29 200 31 11 0.015625
31 29 203 31 44 0.015625
31 29 211 31 44 0.015625
31 29 224 31 27 0.015625
31 29 230 31 24 0.015625
31 29 240 31 24 0.015625
31 29 241 31 24 0.015625
31 29 244 31 22 0.015625
31 29 267 31 36 0.015625
31 29 270 31 36 0.015625
31 29 271 31 36 0.015625
31 29 272 31 36 0.015625
31 29 273 31 36 0.015625
31 29 275 31 36 0.015625
31 29 279 31 45 0.015625
31 29 284 31 45 0.015625
31 29 286 31 45 0.015625
31 29 287 31 45 0.015625
31 39 0 31 39 0.015625
31 39 20 31 12 0.015625
31 39 26 31 25 0.015625
31 39 31 31 25 0.015625
31 39 34 31 25 0.015625
31 39 41 31 41 0.015625
31 39 47 31 26 0.015625
31 39 48 31 26 0.015625
31 39 49 31 26 0.015625
31 39 51 31 26 0.015625
31 39 53 31 26 0.015625
31 39 54 31 26 0.015625
31 39 56 31 26 0.015625
31 39 60 31 0 0.015625
31 39 71 31 14 0.015625
31 39 73 31 14 0.015625
31 39 78 31 14 0.015625
31 39 100 31 28 0.015625
31 39 103 31 28 0.015625
31 39 106 31 28 0.015625
31 39 109 31 23 0.015625
31 39 113 31 23 0.015625
31 39 120 31 23 0.015625
31 39 121 31 32 0.015625
31 39 128 31 32 0.015625
31 39 129 31 32 0.015625
31 39 130 31 32 0.015625
31 39 133 31 6 0.015625
31 39 143 31 6 0.015625
31 39 145 31 6 0.015625
31 39 148 31 19 0.015625
31 39 159 31 19 0.015625
31 39 165 31 37 0.015625
31 39 166 31 37 0.015625
31 39 171 31 37 0.015625
31 39 172 31 20 0.015625
31 39 174 31 20 0.015625
31 39 175 31 20 0.015625
31 39 177 31 20 0.015625
31 39 182 31 20 0.015625
31 39 185 31 47 0.015625
31 39 190 31 47 0.015625
31 39 204 31 34 0.015625
31 39 205 31 34 0.015625
31 39 207 31 34 0.015625
31 39 208 31 34 0.015625
31 39 211 31 11 0.015625
31 39 216 31 11 0.015625
31 39 219 31 11 0.015625
31 39 220 31 44 0.015625
31 39 221 31 44 0.015625
31 39 224 31 44 0.015625
31 39 230 31 44 0.015625
31 39 246 31 24 0.015625
31 39 247 31 24 0.015625
31 39 248 31 24 0.015625
31 39 251 31 24 0.015625
31 39 253 31 24 0.015625
31 39 255 31 22 0.015625
31 39 292 31 36 0.015625
31 39 298 31 36 0.015625
31 39 304 31 45 0.015625
31 39 307 31 45 0.015625
31 39 314 31 45 0.015625
35 5 9 35 29 0.015625
35 5 12 35 39 0.015625
35 5 16 35 12 0.015625
35 5 21 35 12 0.015625
35 5 36 35 25 0.015625
35 5 37 35 25 0.015625
35 5 48 35 41 0.015625
35 5 56 35 16 0.015625
35 5 62 35 26 0.015625
35 5 73 35 33 0.015625
35 5 74 35 33 0.015625
35 5 77 35 33 0.015625
35 5 79 35 33 0.015625
35 5 80 35 33 0.015625
35 5 93 35 14 0.015625
35 5 96 35 8 0.015625
35 5 97 35 8 0.015625
35 5 98 35 8 0.015625
35 5 101 35 8 0.015625
35 5 102 35 8 0.015625
35 5 106 35 9 0.015625
35 5 108 35 9 0.015625
35 5 109 35 9 0.015625
35 5 110 35 9 0.015625
35 5 113 35 9 0.015625
35 5 117 35 4 0.015625
35 5 118 35 4 0.015625
35 5 123 35 4 0.015625
35 5 124 35 4 0.015625
35 5 125 35 2 0.015625
35 5 126 35 2 0.015625
35 5 127 35 2 0.015625
35 5 130 35 2 0.015625
35 5 132 35 2 0.015625
35 5 134 35 2 0.015625
35 5 136 35 43 0.015625
35 5 140 35 43 0.015625
35 5 141 35 43 0.015625
35 5 143 35 43 0.015625
35 5 159 35 37 0.015625
35 5 162 35 37 0.015625
35 5 163 35 37 0.015625
35 5 165 35 37 0.015625
35 5 169 35 37 0.015625
35 5 171 35 47 0.015625
35 5 172 35 47 0.015625
35 5 173 35 47 0.015625
35 5 174 35 47 0.015625
35 5 175 35 47 0.015625
35 5 178 35 47 0.015625
35 5 179 35 47 0.015625
35 5 194 35 34 0.015625
35 5 199 35 34 0.015625
35 5 212 35 21 0.015625
35 5 232 35 39 0.015625
35 5 236 35 3 0.015625
35 5 244 35 3 0.015625
35 5 251 35 38 0.015625
35 5 256 35 38 0.015625
35 5 265 35 36 0.015625
35 5 272 35 36 0.015625
35 5 273 35 36 0.015625
35 5 276 35 46 0.015625
35 5 277 35 46 0.015625
35 16 0 35 16 0.015625
35 16 10 35 12 0.015625
35 16 12 35 12 0.015625
35 16 13 35 12 0.015625
35 16 18 35 12 0.015625
35 16 19 35 12 0.015625
35 16 20 35 12 0.015625
35 16 33 35 25 0.015625
35 16 46 35 41 0.015625
35 16 71 35 26 0.015625
35 16 72 35 26 0.015625
35 16 74 35 26 0.015625
35 16 76 35 26 0.015625
35 16 81 35 26 0.015625
35 16 83 35 33 0.015625
35 16 84 35 33 0.015625
35 16 86 35 33 0.015625
35 16 92 35 33 0.015625
35 16 93 35 33 0.015625
35 16 96 35 14 0.015625
35 16 98 35 14 0.015625
35 16 104 35 14 0.015625
35 16 105 35 8 0.015625
35 16 106 35 8 0.015625
35 16 109 35 8 0.015625
35 16 110 35 8 0.015625
35 16 114 35 8 0.015625
35 16 141 35 2 0.015625
35 16 143 35 2 0.015625
35 16 154 35 2 0.015625
35 16 157 35 43 0.015625
35 16 163 35 43 0.015625
35 16 164 35 43 0.015625
35 16 165 35 43 0.015625
35 16 193 35 47 0.015625
35 16 195 35 47 0.015625
35 16 203 35 47 0.015625
35 16 215 35 34 0.015625
35 16 217 35 34 0.015625
35 16 219 35 34 0.015625
35 16 220 35 34 0.015625
35 16 223 35 34 0.015625
35 16 224 35 34 0.015625
35 16 229 35 21 0.015625
35 16 236 35 27 0.015625
35 16 237 35 27 0.015625
35 16 238 35 27 0.015625
35 16 239 35 27 0.015625
35 16 242 35 27 0.015625
35 16 243 35 27 0.015625
35 16 256 35 3 0.015625
35 16 257 35 3 0.015625
35 16 258 35 3 0.015625
35 16 259 35 3 0.015625
35 16 264 35 3 0.015625
35 16 266 35 38 0.015625
35 16 268 35 38 0.015625
35 16 277 35 38 0.015625
35 16 279 35 36 0.015625
35 16 291 35 36 0.015625
35 16 293 35 46 0.015625
35 16 295 35 46 0.015625
35 16 297 35 46 0.015625
35 16 303 35 46 0.015625
35 29 0 35 29 0.015625
35 29 11 35 39 0.015625
35 29 16 35 12 0.015625
35 29 20 35 12 0.015625
35 29 21 35 12 0.015625
35 29 23 35 12 0.015625
35 29 33 35 25 0.015625
35 29 35 35 25 0.015625
35 29 37 35 25 0.015625
35 29 38 35 41 0.015625
35 29 42 35 41 0.015625
35 29 47 35 41 0.015625
35 29 54 35 16 0.015625
35 29 60 35 26 0.015625
35 29 61 35 26 0.015625
35 29 65 35 26 0.015625
35 29 68 35 26 0.015625
35 29 87 35 14 0.015625
35 29 89 35 14 0.015625
35 29 91 35 14 0.015625
35 29 96 35 8 0.015625
35 29 99 35 8 0.015625
35 29 100 35 8 0.015625
35 29 107 35 9 0.015625
35 29 111 35 9 0.015625
35 29 114 35 9 0.015625
35 29 128 35 4 0.015625
35 29 132 35 2 0.015625
35 29 133 35 2 0.015625
35 29 138 35 2 0.015625
35 29 142 35 2 0.015625
35 29 159 35 1 0.015625
35 29 161 35 1 0.015625
35 29 162 35 1 0.015625
35 29 163 35 1 0.015625
35 29 165 35 1 0.015625
35 29 166 35 1 0.015625
35 29 171 35 37 0.015625
35 29 174 35 37 0.015625
35 29 176 35 37 0.015625
35 29 178 35 37 0.015625
35 29 181 35 47 0.015625
35 29 182 35 47 0.015625
35 29 186 35 47 0.015625
35 29 187 35 47 0.015625
35 29 188 35 47 0.015625
35 29 237 35 21 0.015625
35 29 239 35 21 0.015625
35 29 268 35 3 0.015625
35 29 272 35 3 0.015625
35 29 274 35 3 0.015625
35 29 275 35 3 0.015625
35 29 281 35 38 0.015625
35 29 285 35 38 0.015625
35 29 287 35 38 0.015625
35 29 290 35 38 0.015625
35 29 291 35 38 0.015625
35 29 293 35 36 0.015625
35 29 296 35 36 0.015625
35 29 299 35 36 0.015625
35 29 301 35 36 0.015625
35 29 305 35 46 0.015625
35 29 307 35 46 0.015625
35 29 311 35 46 0.015625
35 39 0 35 39 0.015625
35 39 3 35 16 0.015625
35 39 10 35 29 0.015625
35 39 28 35 25 0.015625
35 39 29 35 25 0.015625
35 39 37 35 25 0.015625
35 39 41 35 41 0.015625
35 39 61 35 26 0.015625
35 39 62 35 26 0.015625
35 39 64 35 26 0.015625
35 39 66 35 26 0.015625
35 39 69 35 26 0.015625
35 39 72 35 33 0.015625
35 39 79 35 33 0.015625
35 39 82 35 33 0.015625
35 39 85 35 14 0.015625
35 39 92 35 14 0.015625
35 39 98 35 8 0.015625
35 39 119 35 9 0.015625
35 39 122 35 4 0.015625
35 39 124 35 4 0.015625
35 39 126 35 4 0.015625
35 39 128 35 4 0.015625
35 39 129 35 4 0.015625
35 39 131 35 4 0.015625
35 39 133 35 2 0.015625
35 39 134 35 2 0.015625
35 39 136 35 2 0.015625
35 39 137 35 2 0.015625
35 39 140 35 2 0.015625
35 39 141 35 2 0.015625
35 39 148 35 43 0.015625
35 39 151 35 43 0.015625
35 39 154 35 43 0.015625
35 39 155 35 1 0.015625
35 39 156 35 1 0.015625
35 39 157 35 1 0.015625
35 39 159 35 1 0.015625
35 39 160 35 1 0.015625
35 39 163 35 1 0.015625
35 39 170 35 37 0.015625
35 39 173 35 37 0.015625
35 39 176 35 37 0.015625
35 39 178 35 47 0.015625
35 39 185 35 47 0.015625
35 39 209 35 34 0.015625
35 39 212 35 34 0.015625
35 39 218 35 21 0.015625
35 39 224 35 21 0.015625
35 39 273 35 3 0.015625
35 39 276 35 3 0.015625
35 39 280 35 38 0.015625
35 39 281 35 38 0.015625
35 39 282 35 38 0.015625
35 39 284 35 38 0.015625
35 39 287 35 38 0.015625
35 39 288 35 38 0.015625
35 39 290 35 36 0.015625
35 39 291 35 36 0.015625
35 39 295 35 36 0.015625
35 39 298 35 36 0.015625
35 39 301 35 36 0.015625
35 39 304 35 46 0.015625
35 39 307 35 46 0.015625
37 5 0 37 5 0.015625
37 5 8 37 29 0.015625
37 5 13 37 12 0.015625
37 5 22 37 12 0.015625
37 5 33 37 10 0.015625
37 5 34 37 10 0.015625
37 5 35 37 42 0.015625
37 5 36 37 42 0.015625
37 5 49 37 33 0.015625
37 5 50 37 33 0.015625
37 5 51 37 33 0.015625
37 5 52 37 33 0.015625
37 5 55 37 33 0.015625
37 5 56 37 33 0.015625
37 5 57 37 8 0.015625
37 5 59 37 8 0.015625
37 5 60 37 8 0.015625
37 5 64 37 8 0.015625
37 5 65 37 8 0.015625
37 5 67 37 28 0.015625
37 5 77 37 28 0.015625
37 5 78 37 9 0.015625
37 5 80 37 9 0.015625
37 5 82 37 9 0.015625
37 5 84 37 9 0.015625
37 5 87 37 9 0.015625
37 5 89 37 4 0.015625
37 5 92 37 4 0.015625
37 5 95 37 4 0.015625
37 5 97 37 4 0.015625
37 5 98 37 4 0.015625
37 5 99 37 18 0.015625
37 5 101 37 18 0.015625
37 5 109 37 18 0.015625
37 5 110 37 18 0.015625
37 5 112 37 43 0.015625
37 5 119 37 43 0.015625
37 5 120 37 43 0.015625
37 5 121 37 31 0.015625
37 5 123 37 31 0.015625
37 5 126 37 31 0.015625
37 5 128 37 31 0.015625
37 5 145 37 20 0.015625
37 5 154 37 20 0.015625
37 5 155 37 35 0.015625
37 5 169 37 35 0.015625
37 5 180 37 29 0.015625
37 5 184 37 34 0.015625
37 5 191 37 34 0.015625
37 5 193 37 21 0.015625
37 5 196 37 21 0.015625
37 5 197 37 21 0.015625
37 5 202 37 21 0.015625
37 5 218 37 11 0.015625
37 5 221 37 44 0.015625
37 5 231 37 44 0.015625
37 5 232 37 44 0.015625
37 5 234 37 7 0.015625
37 5 247 37 7 0.015625
37 5 248 37 3 0.015625
37 5 249 37 3 0.015625
37 5 260 37 3 0.015625
37 5 288 37 38 0.015625
37 5 302 37 13 0.015625
37 16 15 37 12 0.015625
37 16 16 37 12 0.015625
37 16 19 37 12 0.015625
37 16 21 37 12 0.015625
37 16 22 37 12 0.015625
37 16 34 37 10 0.015625
37 16 36 37 42 0.015625
37 16 39 37 42 0.015625
37 16 41 37 42 0.015625
37 16 47 37 42 0.015625
37 16 48 37 42 0.015625
37 16 50 37 33 0.015625
37 16 51 37 33 0.015625
37 16 53 37 33 0.015625
37 16 55 37 33 0.015625
37 16 58 37 33 0.015625
37 16 61 37 8 0.015625
37 16 65 37 8 0.015625
37 16 66 37 8 0.015625
37 16 67 37 8 0.015625
37 16 72 37 28 0.015625
37 16 76 37 28 0.015625
37 16 110 37 18 0.015625
37 16 122 37 18 0.015625
37 16 129 37 43 0.015625
37 16 133 37 43 0.015625
37 16 136 37 31 0.015625
37 16 168 37 20 0.015625
37 16 175 37 20 0.015625
37 16 177 37 35 0.015625
37 16 178 37 35 0.015625
37 16 179 37 35 0.015625
37 16 180 37 35 0.015625
37 16 181 37 35 0.015625
37 16 183 37 35 0.015625
37 16 184 37 35 0.015625
37 16 198 37 34 0.015625
37 16 200 37 34 0.015625
37 16 202 37 34 0.015625
37 16 204 37 34 0.015625
37 16 213 37 21 0.015625
37 16 221 37 11 0.015625
37 16 227 37 11 0.015625
37 16 229 37 44 0.015625
37 16 230 37 44 0.015625
37 16 231 37 44 0.015625
37 16 232 37 44 0.015625
37 16 235 37 44 0.015625
37 16 236 37 44 0.015625
37 16 237 37 7 0.015625
37 16 241 37 7 0.015625
37 16 242 37 7 0.015625
37 16 244 37 7 0.015625
37 16 247 37 7 0.015625
37 16 251 37 3 0.015625
37 16 253 37 3 0.015625
37 16 254 37 3 0.015625
37 16 256 37 3 0.015625
37 16 259 37 3 0.015625
37 16 272 37 38 0.015625
37 16 285 37 13 0.015625
37 16 286 37 13 0.015625
37 16 287 37 13 0.015625
37 16 289 37 13 0.015625
37 29 0 37 29 0.015625
37 29 10 37 5 0.015625
37 29 18 37 12 0.015625
37 29 19 37 12 0.015625
37 29 20 37 12 0.015625
37 29 29 37 10 0.015625
37 29 30 37 10 0.015625
37 29 32 37 10 0.015625
37 29 35 37 42 0.015625
37 29 42 37 42 0.015625
37 29 44 37 42 0.015625
37 29 55 37 33 0.015625
37 29 64 37 8 0.015625
37 29 66 37 8 0.015625
37 29 71 37 28 0.015625
37 29 72 37 28 0.015625
37 29 73 37 28 0.015625
37 29 74 37 28 0.015625
37 29 76 37 28 0.015625
37 29 77 37 28 0.015625
37 29 86 37 9 0.015625
37 29 88 37 9 0.015625
37 29 98 37 4 0.015625
37 29 106 37 18 0.015625
37 29 107 37 18 0.015625
37 29 110 37 18 0.015625
37 29 111 37 18 0.015625
37 29 113 37 18 0.015625
37 29 131 37 31 0.015625
37 29 137 37 31 0.015625
37 29 139 37 31 0.015625
37 29 142 37 1 0.015625
37 29 143 37 1 0.015625
37 29 144 37 1 0.015625
37 29 146 37 1 0.015625
37 29 147 37 1 0.015625
37 29 148 37 1 0.015625
37 29 149 37 1 0.015625
37 29 152 37 20 0.015625
37 29 157 37 20 0.015625
37 29 160 37 35 0.015625
37 29 172 37 35 0.015625
37 29 207 37 34 0.015625
37 29 218 37 21 0.015625
37 29 219 37 21 0.015625
37 29 230 37 11 0.015625
37 29 232 37 11 0.015625
37 29 233 37 11 0.015625
37 29 236 37 44 0.015625
37 29 250 37 7 0.015625
37 29 258 37 7 0.015625
37 29 259 37 7 0.015625
37 29 261 37 3 0.015625
37 29 266 37 3 0.015625
37 29 268 37 3 0.015625
37 29 283 37 5 0.015625
37 29 287 37 38 0.015625
37 29 292 37 38 0.015625
37 29 293 37 38 0.015625
37 29 294 37 38 0.015625
37 29 296 37 38 0.015625
37 29 297 37 38 0.015625
37 29 301 37 13 0.015625
37 29 302 37 13 0.015625
37 39 7 37 29 0.015625
37 39 9 37 5 0.015625
37 39 27 37 10 0.015625
37 39 36 37 10 0.015625
37 39 37 37 42 0.015625
37 39 38 37 42 0.015625
37 39 40 37 42 0.015625
37 39 41 37 42 0.015625
37 39 43 37 42 0.015625
37 39 44 37 42 0.015625
37 39 53 37 33 0.015625
37 39 91 37 9 0.015625
37 39 93 37 9 0.015625
37 39 96 37 4 0.015625
37 39 98 37 4 0.015625
37 39 100 37 4 0.015625
37 39 101 37 4 0.015625
37 39 102 37 4 0.015625
37 39 103 37 4 0.015625
37 39 105 37 4 0.015625
37 39 107 37 18 0.015625
37 39 108 37 18 0.015625
37 39 118 37 18 0.015625
37 39 124 37 43 0.015625
37 39 129 37 43 0.015625
37 39 131 37 31 0.015625
37 39 134 37 31 0.015625
37 39 136 37 31 0.015625
37 39 137 37 31 0.015625
37 39 140 37 1 0.015625
37 39 141 37 1 0.015625
37 39 142 37 1 0.015625
37 39 144 37 1 0.015625
37 39 145 37 1 0.015625
37 39 146 37 1 0.015625
37 39 148 37 1 0.015625
37 39 150 37 20 0.015625
37 39 153 37 20 0.015625
37 39 155 37 20 0.015625
37 39 163 37 35 0.015625
37 39 166 37 35 0.015625
37 39 167 37 35 0.015625
37 39 173 37 35 0.015625
37 39 184 37 29 0.015625
37 39 194 37 34 0.015625
37 39 207 37 21 0.015625
37 39 223 37 44 0.015625
37 39 233 37 44 0.015625
37 39 236 37 7 0.015625
37 39 249 37 3 0.015625
37 39 255 37 3 0.015625
37 39 256 37 3 0.015625
37 39 258 37 3 0.015625
37 39 266 37 5 0.015625
37 39 270 37 38 0.015625
37 39 274 37 38 0.015625
37 39 275 37 38 0.015625
37 39 277 37 38 0.015625
37 39 278 37 38 0.015625
37 39 279 37 13 0.015625
37 39 280 37 13 0.015625
37 39 282 37 13 0.015625
37 39 283 37 13 0.015625
37 39 284 37 13 0.015625
46 5 10 46 29 0.015625
46 5 18 46 17 0.015625
46 5 21 46 17 0.015625
46 5 23 46 17 0.015625
46 5 26 46 17 0.015625
46 5 29 46 40 0.015625
46 5 34 46 40 0.015625
46 5 35 46 40 0.015625
46 5 38 46 40 0.015625
46 5 45 46 25 0.015625
46 5 48 46 25 0.015625
46 5 50 46 25 0.015625
46 5 51 46 41 0.015625
46 5 63 46 10 0.015625
46 5 68 46 10 0.015625
46 5 73 46 10 0.015625
46 5 74 46 30 0.015625
46 5 75 46 30 0.015625
46 5 77 46 30 0.015625
46 5 78 46 30 0.015625
46 5 79 46 30 0.015625
46 5 82 46 30 0.015625
46 5 84 46 30 0.015625
46 5 92 46 16 0.015625
46 5 109 46 28 0.015625
46 5 119 46 28 0.015625
46 5 120 46 23 0.015625
46 5 131 46 23 0.015625
46 5 132 46 2 0.015625
46 5 133 46 2 0.015625
46 5 134 46 2 0.015625
46 5 137 46 2 0.015625
46 5 139 46 2 0.015625
46 5 142 46 18 0.015625
46 5 144 46 18 0.015625
46 5 147 46 18 0.015625
46 5 153 46 18 0.015625
46 5 155 46 43 0.015625
46 5 158 46 43 0.015625
46 5 159 46 43 0.015625
46 5 160 46 43 0.015625
46 5 164 46 6 0.015625
46 5 166 46 6 0.015625
46 5 167 46 6 0.015625
46 5 171 46 6 0.015625
46 5 172 46 20 0.015625
46 5 173 46 20 0.015625
46 5 175 46 20 0.015625
46 5 177 46 20 0.015625
46 5 182 46 35 0.015625
46 5 189 46 35 0.015625
46 5 227 46 44 0.015625
46 5 228 46 44 0.015625
46 5 234 46 44 0.015625
46 5 240 46 24 0.015625
46 5 241 46 24 0.015625
46 5 244 46 24 0.015625
46 5 249 46 24 0.015625
46 5 252 46 15 0.015625
46 5 254 46 15 0.015625
46 5 257 46 15 0.015625
46 5 286 46 36 0.015625
46 5 288 46 36 0.015625
46 5 294 46 36 0.015625
46 16 0 46 16 0.015625
46 16 13 46 17 0.015625
46 16 16 46 17 0.015625
46 16 21 46 17 0.015625
46 16 23 46 17 0.015625
46 16 27 46 40 0.015625
46 16 34 46 40 0.015625
46 16 44 46 25 0.015625
46 16 52 46 41 0.015625
46 16 56 46 41 0.015625
46 16 74 46 30 0.015625
46 16 115 46 14 0.015625
46 16 117 46 14 0.015625
46 16 118 46 14 0.015625
46 16 125 46 28 0.015625
46 16 129 46 28 0.015625
46 16 139 46 23 0.015625
46 16 140 46 23 0.015625
46 16 142 46 23 0.015625
46 16 143 46 23 0.015625
46 16 146 46 23 0.015625
46 16 148 46 23 0.015625
46 16 150 46 2 0.015625
46 16 156 46 2 0.015625
46 16 164 46 18 0.015625
46 16 165 46 18 0.015625
46 16 180 46 43 0.015625
46 16 182 46 43 0.015625
46 16 183 46 43 0.015625
46 16 186 46 43 0.015625
46 16 188 46 43 0.015625
46 16 189 46 6 0.015625
46 16 193 46 6 0.015625
46 16 195 46 6 0.015625
46 16 196 46 6 0.015625
46 16 199 46 6 0.015625
46 16 201 46 6 0.015625
46 16 206 46 20 0.015625
46 16 214 46 35 0.015625
46 16 215 46 35 0.015625
46 16 216 46 35 0.015625
46 16 217 46 35 0.015625
46 16 218 46 35 0.015625
46 16 221 46 35 0.015625
46 16 235 46 11 0.015625
46 16 236 46 11 0.015625
46 16 237 46 11 0.015625
46 16 239 46 11 0.015625
46 16 242 46 11 0.015625
46 16 245 46 44 0.015625
46 16 246 46 44 0.015625
46 16 247 46 44 0.015625
46 16 248 46 44 0.015625
46 16 252 46 44 0.015625
46 16 254 46 24 0.015625
46 16 255 46 24 0.015625
46 16 257 46 24 0.015625
46 16 265 46 24 0.015625
46 16 269 46 15 0.015625
46 16 271 46 15 0.015625
46 16 275 46 15 0.015625
46 16 289 46 36 0.015625
46 16 296 46 36 0.015625
46 16 304 46 45 0.015625
46 29 0 46 29 0.015625
46 29 12 46 5 0.015625
46 29 24 46 17 0.015625
46 29 33 46 40 0.015625
46 29 34 46 40 0.015625
46 29 35 46 40 0.015625
46 29 45 46 25 0.015625
46 29 46 46 25 0.015625
46 29 48 46 25 0.015625
46 29 51 46 41 0.015625
46 29 54 46 41 0.015625
46 29 66 46 10 0.015625
46 29 67 46 10 0.015625
46 29 68 46 10 0.015625
46 29 72 46 30 0.015625
46 29 76 46 30 0.015625
46 29 78 46 30 0.015625
46 29 79 46 30 0.015625
46 29 89 46 16 0.015625
46 29 97 46 14 0.015625
46 29 98 46 14 0.015625
46 29 99 46 14 0.015625
46 29 103 46 28 0.015625
46 29 104 46 28 0.015625
46 29 105 46 28 0.015625
46 29 106 46 28 0.015625
46 29 107 46 28 0.015625
46 29 108 46 28 0.015625
46 29 110 46 23 0.015625
46 29 117 46 23 0.015625
46 29 122 46 2 0.015625
46 29 123 46 2 0.015625
46 29 125 46 2 0.015625
46 29 126 46 2 0.015625
46 29 128 46 2 0.015625
46 29 133 46 18 0.015625
46 29 134 46 18 0.015625
46 29 135 46 18 0.015625
46 29 137 46 18 0.015625
46 29 138 46 18 0.015625
46 29 139 46 18 0.015625
46 29 159 46 6 0.015625
46 29 165 46 6 0.015625
46 29 166 46 6 0.015625
46 29 170 46 20 0.015625
46 29 172 46 20 0.015625
46 29 178 46 35 0.015625
46 29 184 46 35 0.015625
46 29 220 46 11 0.015625
46 29 221 46 11 0.015625
46 29 223 46 11 0.015625
46 29 227 46 44 0.015625
46 29 241 46 24 0.015625
46 29 255 46 15 0.015625
46 29 257 46 15 0.015625
46 29 260 46 15 0.015625
46 29 278 46 36 0.015625
46 29 281 46 36 0.015625
46 29 282 46 36 0.015625
46 29 284 46 36 0.015625
46 29 290 46 45 0.015625
46 29 294 46 45 0.015625
46 29 295 46 45 0.015625
46 29 297 46 45 0.015625
46 39 3 46 16 0.015625
46 39 10 46 29 0.015625
46 39 12 46 5 0.015625
46 39 14 46 17 0.015625
46 39 15 46 17 0.015625
46 39 18 46 17 0.015625
46 39 19 46 17 0.015625
46 39 22 46 17 0.015625
46 39 34 46 40 0.015625
46 39 35 46 25 0.015625
46 39 37 46 25 0.015625
46 39 41 46 25 0.015625
46 39 44 46 25 0.015625
46 39 48 46 41 0.015625
46 39 51 46 41 0.015625
46 39 58 46 10 0.015625
46 39 60 46 10 0.015625
46 39 62 46 10 0.015625
46 39 67 46 10 0.015625
46 39 68 46 30 0.015625
46 39 80 46 30 0.015625
46 39 91 46 14 0.015625
46 39 93 46 14 0.015625
46 39 96 46 14 0.015625
46 39 98 46 14 0.015625
46 39 100 46 14 0.015625
46 39 106 46 28 0.015625
46 39 107 46 28 0.015625
46 39 112 46 23 0.015625
46 39 123 46 23 0.015625
46 39 124 46 2 0.015625
46 39 126 46 2 0.015625
46 39 129 46 2 0.015625
46 39 131 46 2 0.015625
46 39 133 46 2 0.015625
46 39 137 46 18 0.015625
46 39 153 46 43 0.015625
46 39 154 46 43 0.015625
46 39 156 46 43 0.015625
46 39 161 46 6 0.015625
46 39 174 46 20 0.015625
46 39 177 46 20 0.015625
46 39 179 46 20 0.015625
46 39 187 46 35 0.015625
46 39 190 46 35 0.015625
46 39 191 46 35 0.015625
46 39 197 46 35 0.015625
46 39 218 46 11 0.015625
46 39 222 46 44 0.015625
46 39 233 46 24 0.015625
46 39 234 46 24 0.015625
46 39 235 46 24 0.015625
46 39 238 46 24 0.015625
46 39 240 46 24 0.015625
46 39 241 46 15 0.015625
46 39 245 46 15 0.015625
46 39 262 46 36 0.015625
46 39 267 46 36 0.015625
46 39 268 46 36 0.015625
46 39 274 46 45 0.015625
46 39 277 46 45 0.015625
46 39 279 46 45 0.015625
46 39 281 46 45 0.015625
46 39 284 46 45 0.015625
47 5 7 47 29 0.015625
47 5 13 47 40 0.015625
47 5 19 47 40 0.015625
47 5 21 47 40 0.015625
47 5 22 47 40 0.015625
47 5 24 47 25 0.015625
47 5 32 47 25 0.015625
47 5 33 47 25 0.015625
47 5 34 47 25 0.015625
47 5 42 47 41 0.015625
47 5 45 47 41 0.015625
47 5 46 47 9 0.015625
47 5 48 47 9 0.015625
47 5 50 47 9 0.015625
47 5 51 47 9 0.015625
47 5 55 47 9 0.015625
47 5 59 47 4 0.015625
47 5 63 47 4 0.015625
47 5 65 47 4 0.015625
47 5 66 47 4 0.015625
47 5 67 47 18 0.015625
47 5 69 47 18 0.015625
47 5 77 47 18 0.015625
47 5 78 47 18 0.015625
47 5 80 47 43 0.015625
47 5 83 47 43 0.015625
47 5 84 47 43 0.015625
47 5 87 47 43 0.015625
47 5 89 47 31 0.015625
47 5 93 47 31 0.015625
47 5 96 47 31 0.015625
47 5 101 47 19 0.015625
47 5 113 47 1 0.015625
47 5 126 47 35 0.015625
47 5 140 47 35 0.015625
47 5 151 47 29 0.015625
47 5 155 47 34 0.015625
47 5 159 47 34 0.015625
47 5 160 47 34 0.015625
47 5 162 47 34 0.015625
47 5 181 47 44 0.015625
47 5 182 47 44 0.015625
47 5 185 47 44 0.015625
47 5 191 47 44 0.015625
47 5 192 47 44 0.015625
47 5 207 47 24 0.015625
47 5 217 47 24 0.015625
47 5 218 47 24 0.015625
47 5 221 47 22 0.015625
47 5 223 47 22 0.015625
47 5 231 47 7 0.015625
47 5 246 47 3 0.015625
47 5 257 47 3 0.015625
47 5 261 47 15 0.015625
47 5 263 47 15 0.015625
47 5 266 47 15 0.015625
47 5 267 47 15 0.015625
47 5 270 47 15 0.015625
47 5 295 47 38 0.015625
47 5 296 47 38 0.015625
47 5 304 47 38 0.015625
47 5 306 47 38 0.015625
47 5 309 47 45 0.015625
47 5 318 47 45 0.015625
47 16 20 47 40 0.015625
47 16 34 47 25 0.015625
47 16 47 47 41 0.015625
47 16 73 47 18 0.015625
47 16 85 47 18 0.015625
47 16 92 47 43 0.015625
47 16 95 47 43 0.015625
47 16 96 47 43 0.015625
47 16 99 47 31 0.015625
47 16 113 47 19 0.015625
47 16 115 47 19 0.015625
47 16 117 47 19 0.015625
47 16 118 47 19 0.015625
47 16 119 47 19 0.015625
47 16 121 47 19 0.015625
47 16 136 47 35 0.015625
47 16 137 47 35 0.015625
47 16 138 47 35 0.015625
47 16 139 47 35 0.015625
47 16 140 47 35 0.015625
47 16 143 47 35 0.015625
47 16 144 47 35 0.015625
47 16 158 47 34 0.015625
47 16 160 47 34 0.015625
47 16 161 47 34 0.015625
47 16 162 47 34 0.015625
47 16 164 47 34 0.015625
47 16 165 47 34 0.015625
47 16 168 47 11 0.015625
47 16 170 47 11 0.015625
47 16 176 47 11 0.015625
47 16 178 47 44 0.015625
47 16 179 47 44 0.015625
47 16 180 47 44 0.015625
47 16 181 47 44 0.015625
47 16 184 47 44 0.015625
47 16 185 47 44 0.015625
47 16 186 47 27 0.015625
47 16 189 47 27 0.015625
47 16 190 47 27 0.015625
47 16 192 47 27 0.015625
47 16 193 47 27 0.015625
47 16 195 47 24 0.015625
47 16 196 47 24 0.015625
47 16 207 47 24 0.015625
47 16 209 47 22 0.015625
47 16 210 47 22 0.015625
47 16 211 47 22 0.015625
47 16 218 47 22 0.015625
47 16 219 47 7 0.015625
47 16 224 47 7 0.015625
47 16 226 47 7 0.015625
47 16 233 47 3 0.015625
47 16 235 47 3 0.015625
47 16 236 47 3 0.015625
47 16 238 47 3 0.015625
47 16 241 47 3 0.015625
47 16 243 47 15 0.015625
47 16 245 47 15 0.015625
47 16 249 47 15 0.015625
47 16 250 47 15 0.015625
47 16 263 47 38 0.015625
47 16 269 47 38 0.015625
47 16 286 47 45 0.015625
47 29 0 47 29 0.015625
47 29 21 47 40 0.015625
47 29 23 47 40 0.015625
47 29 31 47 25 0.015625
47 29 34 47 25 0.015625
47 29 36 47 25 0.015625
47 29 40 47 41 0.015625
47 29 42 47 41 0.015625
47 29 46 47 41 0.015625
47 29 55 47 9 0.015625
47 29 57 47 9 0.015625
47 29 66 47 4 0.015625
47 29 67 47 4 0.015625
47 29 71 47 4 0.015625
47 29 72 47 4 0.015625
47 29 74 47 18 0.015625
47 29 75 47 18 0.015625
47 29 76 47 18 0.015625
47 29 78 47 18 0.015625
47 29 80 47 18 0.015625
47 29 82 47 18 0.015625
47 29 100 47 31 0.015625
47 29 106 47 31 0.015625
47 29 108 47 31 0.015625
47 29 113 47 19 0.015625
47 29 125 47 1 0.015625
47 29 126 47 1 0.015625
47 29 127 47 1 0.015625
47 29 128 47 1 0.015625
47 29 129 47 1 0.015625
47 29 130 47 1 0.015625
47 29 132 47 1 0.015625
47 29 135 47 35 0.015625
47 29 147 47 35 0.015625
47 29 193 47 11 0.015625
47 29 195 47 11 0.015625
47 29 196 47 11 0.015625
47 29 199 47 44 0.015625
47 29 226 47 24 0.015625
47 29 237 47 24 0.015625
47 29 240 47 22 0.015625
47 29 251 47 7 0.015625
47 29 259 47 7 0.015625
47 29 260 47 7 0.015625
47 29 262 47 3 0.015625
47 29 266 47 3 0.015625
47 29 267 47 3 0.015625
47 29 269 47 3 0.015625
47 29 271 47 3 0.015625
47 29 275 47 15 0.015625
47 29 277 47 15 0.015625
47 29 280 47 15 0.015625
47 29 283 47 15 0.015625
47 29 294 47 5 0.015625
47 29 298 47 38 0.015625
47 29 302 47 38 0.015625
47 29 303 47 38 0.015625
47 29 305 47 38 0.015625
47 29 307 47 38 0.015625
47 29 308 47 38 0.015625
47 29 311 47 45 0.015625
47 29 315 47 45 0.015625
47 29 318 47 45 0.015625
47 29 319 47 45 0.015625
47 39 7 47 29 0.015625
47 39 11 47 5 0.015625
47 39 25 47 40 0.015625
47 39 26 47 25 0.015625
47 39 27 47 25 0.015625
47 39 32 47 25 0.015625
47 39 34 47 25 0.015625
47 39 35 47 25 0.015625
47 39 42 47 41 0.015625
47 39 54 47 9 0.015625
47 39 56 47 9 0.015625
47 39 59 47 4 0.015625
47 39 61 47 4 0.015625
47 39 63 47 4 0.015625
47 39 64 47 4 0.015625
47 39 65 47 4 0.015625
47 39 66 47 4 0.015625
47 39 68 47 4 0.015625
47 39 70 47 18 0.015625
47 39 81 47 18 0.015625
47 39 87 47 43 0.015625
47 39 89 47 43 0.015625
47 39 92 47 43 0.015625
47 39 94 47 31 0.015625
47 39 97 47 31 0.015625
47 39 99 47 31 0.015625
47 39 100 47 31 0.015625
47 39 105 47 19 0.015625
47 39 117 47 1 0.015625
47 39 118 47 1 0.015625
47 39 119 47 1 0.015625
47 39 121 47 1 0.015625
47 39 122 47 1 0.015625
47 39 123 47 1 0.015625
47 39 125 47 1 0.015625
47 39 128 47 35 0.015625
47 39 132 47 35 0.015625
47 39 138 47 35 0.015625
47 39 159 47 34 0.015625
47 39 161 47 34 0.015625
47 39 174 47 44 0.015625
47 39 184 47 44 0.015625
47 39 200 47 24 0.015625
47 39 201 47 24 0.015625
47 39 202 47 24 0.015625
47 39 205 47 24 0.015625
47 39 207 47 24 0.015625
47 39 209 47 22 0.015625
47 39 223 47 7 0.015625
47 39 236 47 3 0.015625
47 39 242 47 3 0.015625
47 39 243 47 3 0.015625
47 39 245 47 3 0.015625
47 39 248 47 15 0.015625
47 39 252 47 15 0.015625
47 39 265 47 5 0.015625
47 39 269 47 38 0.015625
47 39 273 47 38 0.015625
47 39 274 47 38 0.015625
47 39 276 47 38 0.015625
47 39 277 47 38 0.015625
47 39 278 47 45 0.015625
47 39 281 47 45 0.015625
47 39 288 47 45 0.015625
