24_25_100_640_0_0 160 480 0.516 0.157561 0.928395 10.1626 279.992 4.31538
24_25_100_640_0_0 160 480 320 1006128 35363001000 35147.6 3144.15 1.10509e+08 6.88786e+08
24_25_100_640_1_1 160 480 0.516 0.157561 0.928395 10.1626 279.992 4.31538
24_25_100_640_1_1 160 480 320 1006128 35363001000 35147.6 3144.15 1.10509e+08 6.88786e+08
24_25_100_640_2_2 160 480 0.486599 0.155584 0.856107 9.79061 359.953 3.91482
24_25_100_640_2_2 160 480 320 1005831 35223280500 35019.1 3143.22 1.10073e+08 6.65882e+08
24_25_100_640_3_3 160 480 0.500035 0.157971 0.885512 9.98183 305.26 4.08226
24_25_100_640_3_3 160 480 320 1006332 35457726000 35234.6 3144.79 1.10805e+08 7.01202e+08
24_25_100_640_4_4 160 480 0.491042 0.156385 0.871425 9.91924 183.877 4.04999
24_25_100_640_4_4 160 480 320 1005905 35299080000 35091.9 3143.45 110309625 6.63149e+08
24_25_100_640_5_5 160 480 0.469497 0.154334 0.841446 9.5939 320.255 3.80242
24_25_100_640_5_5 160 480 320 1005852 35083345500 34879.2 3143.29 1.09635e+08 5.98313e+08
24_25_100_640_6_6 160 480 0.491136 0.156889 0.864875 9.84653 320.478 3.9525
24_25_100_640_6_6 160 480 320 1005705 35275081500 35075 3142.83 1.10235e+08 6.63874e+08
24_25_100_640_7_7 160 480 0.492045 0.157354 0.902186 9.85847 191.544 4.08132
24_25_100_640_7_7 160 480 320 1005518 35372037000 35177.9 3142.24 1.10538e+08 7.04558e+08
24_25_100_640_8_8 160 480 0.493144 0.155525 0.874033 9.95181 237.199 4.0202
24_25_100_640_8_8 160 480 320 1005244 35137203000 34953.9 3141.39 1.09804e+08 6.49448e+08
24_25_100_640_9_9 160 480 0.490709 0.156586 0.868193 9.85072 633.017 3.98065
24_25_100_640_9_9 160 480 320 1005581 35263011000 35067.3 3142.44 1.10197e+08 6.59618e+08
