1_975_1000_320_0_0 80 240 0.524629 0.163471 0.834473 9.80225 480.055 3.43108
1_975_1000_320_0_0 80 240 160 4480278 116433684000 25988 28001.7 727710525 2.08502e+09
1_975_1000_320_1_1 80 240 0.524629 0.163471 0.834473 9.80225 480.055 3.43108
1_975_1000_320_1_1 80 240 160 4480278 116433684000 25988 28001.7 727710525 2.08502e+09
1_975_1000_320_2_2 80 240 0.52661 0.163941 0.840504 9.84988 508.283 3.46239
1_975_1000_320_2_2 80 240 160 4481019 116443599000 25986 28006.4 7.27772e+08 2.1188e+09
1_975_1000_320_3_3 80 240 0.522091 0.163468 0.841661 9.81622 507.443 3.46366
1_975_1000_320_3_3 80 240 160 4480621 116437518000 25986.9 28003.9 7.27734e+08 2.12312e+09
1_975_1000_320_4_4 80 240 0.517789 0.163721 0.831071 9.74737 507.767 3.3894
1_975_1000_320_4_4 80 240 160 4479786 116452089000 25995 27998.7 7.27826e+08 2.07548e+09
1_975_1000_320_5_5 80 240 0.524184 0.163724 0.832293 9.79539 508.503 3.4146
1_975_1000_320_5_5 80 240 160 4479878 116438929500 25991.5 27999.2 7.27743e+08 2.11001e+09
1_975_1000_320_6_6 80 240 0.534714 0.163677 0.843174 9.89858 488.614 3.49698
1_975_1000_320_6_6 80 240 160 4480996 116456950500 25989.1 28006.2 7.27856e+08 2.18424e+09
1_975_1000_320_7_7 80 240 0.522512 0.163914 0.83998 9.80147 508.195 3.43259
1_975_1000_320_7_7 80 240 160 4479687 116440036500 25992.9 27998 7.2775e+08 2.11083e+09
1_975_1000_320_8_8 80 240 0.525455 0.163686 0.837877 9.79937 437.634 3.43104
1_975_1000_320_8_8 80 240 160 4480351 116412687000 25982.9 28002.2 7.27579e+08 2.10774e+09
1_975_1000_320_9_9 80 240 0.521514 0.163837 0.831744 9.74647 506.937 3.38467
1_975_1000_320_9_9 80 240 160 4480768 116456373000 25990.3 28004.8 7.27852e+08 2.11963e+09
