1_28125_100000_100_0_0 25 75 0.517016 0.0797222 0.484016 10.4369 129.835 2.83224
1_28125_100000_100_0_0 25 75 50 310156 10742314500 34635.2 6203.12 214846290 9.18996e+08
1_28125_100000_100_1_1 25 75 0.517016 0.0797222 0.484016 10.4369 129.835 2.83224
1_28125_100000_100_1_1 25 75 50 310156 10742314500 34635.2 6203.12 214846290 9.18996e+08
1_28125_100000_100_2_2 25 75 0.554876 0.0787556 0.478428 10.204 164.693 2.7543
1_28125_100000_100_2_2 25 75 50 310230 10797394500 34804.5 6204.6 215947890 1.04235e+09
1_28125_100000_100_3_3 25 75 0.501396 0.0799198 0.464973 10.0131 210.075 2.5252
1_28125_100000_100_3_3 25 75 50 310289 10868721000 35027.7 6205.78 217374420 9.59381e+08
1_28125_100000_100_4_4 25 75 0.566819 0.0808582 0.493714 10.4333 141.08 2.81737
1_28125_100000_100_4_4 25 75 50 310086 10851835500 34996.2 6201.72 217036710 1.03971e+09
1_28125_100000_100_5_5 25 75 0.518468 0.0810818 0.496066 10.0524 170.995 2.7359
1_28125_100000_100_5_5 25 75 50 310336 10825012500 34881.6 6206.72 216500250 1.0095e+09
1_28125_100000_100_6_6 25 75 0.557152 0.0823491 0.504386 10.608 134.999 2.95472
1_28125_100000_100_6_6 25 75 50 309865 10956894000 35360.2 6197.3 219137880 9.89402e+08
1_28125_100000_100_7_7 25 75 0.513032 0.0813612 0.498577 10.2887 114.483 2.90204
1_28125_100000_100_7_7 25 75 50 309227 10730926500 34702.4 6184.54 214618530 9.32247e+08
1_28125_100000_100_8_8 25 75 0.566768 0.0804088 0.503168 10.7586 124.723 2.99027
1_28125_100000_100_8_8 25 75 50 309654 10737430500 34675.6 6193.08 214748610 9.37492e+08
1_28125_100000_100_9_9 25 75 0.505353 0.0784031 0.469206 10.0461 163.138 2.54372
1_28125_100000_100_9_9 25 75 50 309913 10680481500 34462.8 6198.26 213609630 8.93586e+08
