3_45_100_100_0_0 25 75 0.577765 0.122752 0.590605 9.69805 137.822 2.66998
3_45_100_100_0_0 25 75 50 250340 8638566000 34507.3 5006.8 172771320 8.18831e+08
3_45_100_100_1_1 25 75 0.577765 0.122752 0.590605 9.69805 137.822 2.66998
3_45_100_100_1_1 25 75 50 250340 8638566000 34507.3 5006.8 172771320 8.18831e+08
3_45_100_100_2_2 25 75 0.529985 0.125781 0.583715 9.53877 133.274 2.51892
3_45_100_100_2_2 25 75 50 250050 8757766500 35024.1 5001 175155330 8.71499e+08
3_45_100_100_3_3 25 75 0.549454 0.12679 0.602526 9.87623 125.424 2.81498
3_45_100_100_3_3 25 75 50 250661 8715108000 34768.5 5013.22 174302160 8.63468e+08
3_45_100_100_4_4 25 75 0.619719 0.128305 0.632318 10.1131 206.546 3.026
3_45_100_100_4_4 25 75 50 250128 8811544500 35228.1 5002.56 176230890 8.47306e+08
3_45_100_100_5_5 25 75 0.521877 0.126155 0.612405 9.79119 133.136 2.7282
3_45_100_100_5_5 25 75 50 250681 8697001500 34693.5 5013.62 173940030 8.12635e+08
3_45_100_100_6_6 25 75 0.514343 0.125935 0.614019 9.59391 123.315 2.67201
3_45_100_100_6_6 25 75 50 250439 8746542000 34924.8 5008.78 174930840 7.53804e+08
3_45_100_100_7_7 25 75 0.541246 0.125084 0.593088 9.92202 140.882 2.68204
3_45_100_100_7_7 25 75 50 249876 8748840000 35012.7 4997.52 174976800 8.42042e+08
3_45_100_100_8_8 25 75 0.579006 0.127404 0.625087 10.0859 182.287 2.81478
3_45_100_100_8_8 25 75 50 249666 8736192000 34991.5 4993.32 174723840 8.34982e+08
3_45_100_100_9_9 25 75 0.50835 0.126478 0.604578 9.58367 139.442 2.65398
3_45_100_100_9_9 25 75 50 250294 8719177500 34835.7 5005.88 174383550 7.83649e+08
