1275_0_0_42_0_0 10 31 0.495769 0.199319 0.822171 9.84322 109.875 3.97191
1275_0_0_42_0_0 10 31 21 1259304 44188807500 35089.9 59966.9 2.10423e+09 1.01433e+10
1275_0_0_42_1_1 10 31 0.495769 0.199319 0.822171 9.84322 109.875 3.97191
1275_0_0_42_1_1 10 31 21 1259304 44188807500 35089.9 59966.9 2.10423e+09 1.01433e+10
1275_0_0_42_2_2 10 31 0.494901 0.199255 0.816035 9.85064 83.4724 3.95771
1275_0_0_42_2_2 10 31 21 1258317 44071996500 35024.6 59919.9 2098666500 1.02234e+10
1275_0_0_42_3_3 10 31 0.494114 0.199639 0.811634 9.86519 111.471 3.94598
1275_0_0_42_3_3 10 31 21 1259162 44159389500 35070.5 59960.1 2.10283e+09 1.02715e+10
1275_0_0_42_4_4 10 31 0.490071 0.199846 0.808887 9.80902 76.5248 3.8878
1275_0_0_42_4_4 10 31 21 1258560 44141518500 35073 59931.4 2.10198e+09 1.01503e+10
1275_0_0_42_5_5 10 31 0.486888 0.198348 0.802321 9.79421 99.8998 3.85582
1275_0_0_42_5_5 10 31 21 1258163 43810141500 34820.7 59912.5 2.0862e+09 9.82552e+09
1275_0_0_42_6_6 10 31 0.491625 0.19963 0.821999 9.78872 111.8 3.90328
1275_0_0_42_6_6 10 31 21 1258065 44163714000 35104.5 59907.9 2103034000 1.0121e+10
1275_0_0_42_7_7 10 31 0.495559 0.199136 0.819925 9.87477 80.0321 3.93783
1275_0_0_42_7_7 10 31 21 1257888 44084008500 35046.1 59899.4 2099238500 1.02855e+10
1275_0_0_42_8_8 10 31 0.494597 0.198606 0.818773 9.89218 110.001 3.95963
1275_0_0_42_8_8 10 31 21 1258453 44062564500 35013.3 59926.3 2.09822e+09 1.01331e+10
1275_0_0_42_9_9 10 31 0.494157 0.199473 0.814745 9.89302 105.004 3.90894
1275_0_0_42_9_9 10 31 21 1258139 44192296500 35125.1 59911.4 2.1044e+09 1.0216e+10
