22_25_100_200_0_0 50 150 0.583492 0.23405 1.19832 10.0851 179.837 4.58732
22_25_100_200_0_0 50 150 100 2779385 72456384000 26069.2 27793.8 724563840 1.59406e+09
22_25_100_200_1_1 50 150 0.583492 0.23405 1.19832 10.0851 179.837 4.58732
22_25_100_200_1_1 50 150 100 2779385 72456384000 26069.2 27793.8 724563840 1.59406e+09
22_25_100_200_2_2 50 150 0.584958 0.23353 1.20285 10.0852 159.652 4.6168
22_25_100_200_2_2 50 150 100 2779381 72456319500 26069.2 27793.8 724563195 1.62295e+09
22_25_100_200_3_3 50 150 0.571474 0.232821 1.17041 9.9566 140.101 4.48094
22_25_100_200_3_3 50 150 100 2779391 72456436500 26069.2 27793.9 724564365 1.56025e+09
22_25_100_200_4_4 50 150 0.575581 0.233483 1.17253 9.98683 220.023 4.49697
22_25_100_200_4_4 50 150 100 2779388 72456516000 26069.2 27793.9 724565160 1.56102e+09
22_25_100_200_5_5 50 150 0.581495 0.233219 1.18399 10.0688 190.051 4.56923
22_25_100_200_5_5 50 150 100 2779392 72456588000 26069.2 27793.9 724565880 1.57053e+09
22_25_100_200_6_6 50 150 0.585208 0.233168 1.19759 10.1407 240.055 4.6077
22_25_100_200_6_6 50 150 100 2779381 72456357000 26069.2 27793.8 724563570 1.61056e+09
22_25_100_200_7_7 50 150 0.583448 0.233693 1.19206 10.077 199.985 4.58264
22_25_100_200_7_7 50 150 100 2779390 72456306000 26069.1 27793.9 724563060 1.59123e+09
22_25_100_200_8_8 50 150 0.590473 0.234039 1.19928 10.1309 210.03 4.6443
22_25_100_200_8_8 50 150 100 2779382 72456418500 26069.3 27793.8 724564185 1.64177e+09
22_25_100_200_9_9 50 150 0.58062 0.233448 1.19831 10.0162 210.024 4.55596
22_25_100_200_9_9 50 150 100 2779387 72456306000 26069.2 27793.9 724563060 1.59851e+09
