16_25_100_640_0_0 160 480 0.642998 0.125875 0.577067 9.46244 656.603 2.44119
16_25_100_640_0_0 160 480 320 674663 23527147500 34872.4 2108.32 7.35223e+07 5.62009e+08
16_25_100_640_1_1 160 480 0.642998 0.125875 0.577067 9.46244 656.603 2.44119
16_25_100_640_1_1 160 480 320 674663 23527147500 34872.4 2108.32 7.35223e+07 5.62009e+08
16_25_100_640_2_2 160 480 0.713142 0.127923 0.61745 10.1524 728.899 2.87607
16_25_100_640_2_2 160 480 320 674303 23550283500 34925.4 2107.2 7.35946e+07 6.89323e+08
16_25_100_640_3_3 160 480 0.641428 0.127294 0.585973 9.46741 660.366 2.48378
16_25_100_640_3_3 160 480 320 674053 23643523500 35076.7 2106.42 7.3886e+07 5.56772e+08
16_25_100_640_4_4 160 480 0.648195 0.128245 0.59818 9.77886 669.54 2.67115
16_25_100_640_4_4 160 480 320 674176 23648827500 35078.1 2106.8 7.39026e+07 5.67827e+08
16_25_100_640_5_5 160 480 0.587858 0.127666 0.582173 9.25248 628.245 2.4318
16_25_100_640_5_5 160 480 320 674001 23509345500 34880.3 2106.25 7.34667e+07 5.16381e+08
16_25_100_640_6_6 160 480 0.790284 0.127261 0.590431 9.84209 700.166 2.65528
16_25_100_640_6_6 160 480 320 673668 23512915500 34902.8 2105.21 7.34779e+07 6.77679e+08
16_25_100_640_7_7 160 480 0.562235 0.125526 0.562011 9.1275 668.322 2.30219
16_25_100_640_7_7 160 480 320 673240 23539357500 34964.3 2103.88 7.35605e+07 4.9322e+08
16_25_100_640_8_8 160 480 0.740725 0.125678 0.577726 9.77003 700.016 2.52481
16_25_100_640_8_8 160 480 320 673347 23477526000 34866.9 2104.21 7.33673e+07 6.4e+08
16_25_100_640_9_9 160 480 0.599653 0.127851 0.596421 9.45066 730.041 2.57537
16_25_100_640_9_9 160 480 320 673719 23521396500 34912.8 2105.37 7.35044e+07 5.51564e+08
