1_525_1000_240_0_0 60 180 0.687448 0.163046 0.736689 10.3891 565.838 2.91024
1_525_1000_240_0_0 60 180 120 4284261 116623887000 27221.5 35702.2 971865725 2.95312e+09
1_525_1000_240_1_1 60 180 0.687448 0.163046 0.736689 10.3891 565.838 2.91024
1_525_1000_240_1_1 60 180 120 4284261 116623887000 27221.5 35702.2 971865725 2.95312e+09
1_525_1000_240_2_2 60 180 0.687366 0.162826 0.739329 10.3871 569.175 2.92389
1_525_1000_240_2_2 60 180 120 4284266 116623824000 27221.4 35702.2 971865200 2.91783e+09
1_525_1000_240_3_3 60 180 0.676016 0.162959 0.739802 10.4365 558.782 2.93754
1_525_1000_240_3_3 60 180 120 4284264 116623620000 27221.4 35702.2 971863500 2.89155e+09
1_525_1000_240_4_4 60 180 0.688378 0.162976 0.739444 10.4865 557.273 2.94001
1_525_1000_240_4_4 60 180 120 4284259 116623722000 27221.4 35702.2 971864350 2.94848e+09
1_525_1000_240_5_5 60 180 0.676701 0.162639 0.741516 10.4974 559.091 2.9726
1_525_1000_240_5_5 60 180 120 4284271 116623662000 27221.4 35702.3 971863850 2.91809e+09
1_525_1000_240_6_6 60 180 0.687915 0.162789 0.733521 10.3384 558.846 2.85512
1_525_1000_240_6_6 60 180 120 4284258 116623572000 27221.4 35702.2 971863100 2.93098e+09
1_525_1000_240_7_7 60 180 0.684163 0.162866 0.735163 10.3517 568.542 2.87951
1_525_1000_240_7_7 60 180 120 4284273 116621844000 27220.9 35702.3 971848700 2.91774e+09
1_525_1000_240_8_8 60 180 0.697916 0.163151 0.742896 10.488 557.187 2.96545
1_525_1000_240_8_8 60 180 120 4284258 116623761000 27221.5 35702.2 971864675 2.91655e+09
1_525_1000_240_9_9 60 180 0.68283 0.162577 0.736631 10.5047 467.157 2.92945
1_525_1000_240_9_9 60 180 120 4284264 116623953000 27221.5 35702.2 971866275 2.92641e+09
