51_875_1000_1000_50_99 250 750 13.4298 10.0359 32.1655 66.9505 3329.84 41.5733
51_875_1000_1000_50_99 250 750 500 2994104 90486868500 30221.7 5988.21 180973737 4.55406e+09
51_875_1000_1000_100_149 250 750 13.2956 10.0243 31.7947 66.7617 3000 41.0453
51_875_1000_1000_100_149 250 750 500 2981517 90975853500 30513.3 5963.03 181951707 4.68292e+09
51_875_1000_1000_150_199 250 750 13.2254 10.0356 32.098 66.9208 1419.95 41.4668
51_875_1000_1000_150_199 250 750 500 2988047 92495265000 30955.1 5976.09 184990530 4.87466e+09
51_875_1000_1000_200_249 250 750 13.2649 10.0046 31.8276 65.9181 2219.95 41.2198
51_875_1000_1000_200_249 250 750 500 2995963 90690621000 30270.9 5991.93 181381242 4.60175e+09
51_875_1000_1000_250_299 250 750 13.0751 9.98783 31.6906 64.1974 1839.87 40.6963
51_875_1000_1000_250_299 250 750 500 2923830 89886264000 30742.6 5847.66 179772528 4.74441e+09
51_875_1000_1000_300_349 250 750 13.3728 10.0275 31.7956 65.7566 3979.95 41.047
51_875_1000_1000_300_349 250 750 500 2978687 90539293500 30395.7 5957.37 181078587 4.72486e+09
51_875_1000_1000_350_399 250 750 13.3494 10.0431 31.9538 66.3263 3339.85 41.2919
51_875_1000_1000_350_399 250 750 500 3001881 90380902500 30108.1 6003.76 180761805 4.49908e+09
51_875_1000_1000_400_449 250 750 13.4303 10.0381 32.3032 70.0935 2359.89 42.5064
51_875_1000_1000_400_449 250 750 500 2992878 92522800500 30914.3 5985.76 185045601 4.97422e+09
51_875_1000_1000_450_499 250 750 13.3589 10.0754 31.812 65.2901 3979.84 41.0902
51_875_1000_1000_450_499 250 750 500 2964225 92114380500 31075.4 5928.45 184228761 5.13201e+09
51_875_1000_1000_0_49 250 750 13.1754 9.90178 31.6129 65.7329 2079.98 40.8669
51_875_1000_1000_0_49 250 750 500 2979290 91729287000 30789 5958.58 183458574 4.98064e+09
