85_0_0_200_0_49 50 150 0.502323 0.154205 0.835848 9.98916 277.229 3.809
85_0_0_200_0_49 50 150 100 2752955 95528082000 34700.2 27529.5 955280820 5.67025e+09
85_0_0_200_50_99 50 150 0.504878 0.15399 0.839514 10.0448 269.9 3.84094
85_0_0_200_50_99 50 150 100 2753486 95375515500 34638.1 27534.9 953755155 5.85787e+09
85_0_0_200_100_149 50 150 0.498798 0.15379 0.82981 9.98349 172.91 3.80755
85_0_0_200_100_149 50 150 100 2752163 95195260500 34589.3 27521.6 951952605 5.49619e+09
85_0_0_200_150_199 50 150 0.500773 0.155476 0.851422 9.9892 280.084 3.87518
85_0_0_200_150_199 50 150 100 2754381 95820882000 34788.5 27543.8 958208820 5.52109e+09
85_0_0_200_200_249 50 150 0.506673 0.154276 0.850202 10.0397 275.253 3.87589
85_0_0_200_200_249 50 150 100 2754780 95799616500 34775.8 27547.8 957996165 5.82707e+09
85_0_0_200_250_299 50 150 0.499984 0.15457 0.841607 9.94387 151.822 3.84461
85_0_0_200_250_299 50 150 100 2698380 93509347500 34653.9 26983.8 935093475 5.61903e+09
85_0_0_200_300_349 50 150 0.495046 0.153301 0.832485 9.93441 175.475 3.80627
85_0_0_200_300_349 50 150 100 2755640 95505973500 34658.4 27556.4 955059735 5.66262e+09
85_0_0_200_350_399 50 150 0.510546 0.155046 0.853829 10.0661 259.77 3.91213
85_0_0_200_350_399 50 150 100 2755578 95661730500 34715.7 27555.8 956617305 5.79286e+09
85_0_0_200_400_449 50 150 0.506637 0.154552 0.843419 9.98595 200.119 3.84859
85_0_0_200_400_449 50 150 100 2756080 95542275000 34666 27560.8 955422750 5.74636e+09
85_0_0_200_450_499 50 150 0.497075 0.15391 0.837596 9.91029 190.027 3.79847
85_0_0_200_450_499 50 150 100 2754784 95182018500 34551.5 27547.8 951820185 5.60723e+09
