0_5_10_100_0_0 25 75 0.556832 0.100294 0.594645 10.0469 173.346 2.06268
0_5_10_100_0_0 25 75 50 1177497 27316678500 23198.9 23549.9 546333570 1.12019e+09
0_5_10_100_1_1 25 75 0.556832 0.100294 0.594645 10.0469 173.346 2.06268
0_5_10_100_1_1 25 75 50 1177497 27316678500 23198.9 23549.9 546333570 1.12019e+09
0_5_10_100_2_2 25 75 0.550041 0.100565 0.607555 10.0613 182.065 2.12293
0_5_10_100_2_2 25 75 50 1177498 27316684500 23198.9 23550 546333690 1.11652e+09
0_5_10_100_3_3 25 75 0.580868 0.100093 0.607975 10.365 185.349 2.23815
0_5_10_100_3_3 25 75 50 1177498 27316573500 23198.8 23550 546331470 1.17162e+09
0_5_10_100_4_4 25 75 0.593735 0.100579 0.612789 10.5235 180.225 2.27186
0_5_10_100_4_4 25 75 50 1177498 27316686000 23198.9 23550 546333720 1.17158e+09
0_5_10_100_5_5 25 75 0.579511 0.100362 0.604463 10.2246 175.007 2.1412
0_5_10_100_5_5 25 75 50 1177498 27316686000 23198.9 23550 546333720 1.12497e+09
0_5_10_100_6_6 25 75 0.596144 0.100211 0.599377 10.2535 189.794 2.16043
0_5_10_100_6_6 25 75 50 1177496 27316635000 23198.9 23549.9 546332700 1.12241e+09
0_5_10_100_7_7 25 75 0.596304 0.100956 0.617903 10.5061 202.346 2.32627
0_5_10_100_7_7 25 75 50 1177497 27316518000 23198.8 23549.9 546330360 1.18373e+09
0_5_10_100_8_8 25 75 0.579872 0.10041 0.607448 10.2781 184.422 2.19898
0_5_10_100_8_8 25 75 50 1177498 27316686000 23198.9 23550 546333720 1.17386e+09
0_5_10_100_9_9 25 75 0.598225 0.100305 0.600281 10.4854 182.571 2.22547
0_5_10_100_9_9 25 75 50 1177493 27316635000 23199 23549.9 546332700 1.18269e+09
