0_44375_100000_100_0_0 25 75 0.567404 0.131045 0.677105 10.5081 164.714 2.57033
0_44375_100000_100_0_0 25 75 50 1077918 24319614000 22561.7 21558.4 486392280 9.16113e+08
0_44375_100000_100_1_1 25 75 0.567404 0.131045 0.677105 10.5081 164.714 2.57033
0_44375_100000_100_1_1 25 75 50 1077918 24319614000 22561.7 21558.4 486392280 9.16113e+08
0_44375_100000_100_2_2 25 75 0.53526 0.130765 0.662366 10.1773 168.589 2.35727
0_44375_100000_100_2_2 25 75 50 1077916 24319527000 22561.6 21558.3 486390540 8.98909e+08
0_44375_100000_100_3_3 25 75 0.58008 0.129957 0.655333 10.2993 173.485 2.34527
0_44375_100000_100_3_3 25 75 50 1077917 24319621500 22561.7 21558.3 486392430 9.30738e+08
0_44375_100000_100_4_4 25 75 0.571346 0.130512 0.658228 10.4475 139.341 2.42385
0_44375_100000_100_4_4 25 75 50 1077916 24319606500 22561.7 21558.3 486392130 9.18412e+08
0_44375_100000_100_5_5 25 75 0.572398 0.12996 0.661299 10.5336 163.476 2.48118
0_44375_100000_100_5_5 25 75 50 1077917 24319612500 22561.7 21558.3 486392250 9.36795e+08
0_44375_100000_100_6_6 25 75 0.55757 0.130974 0.665135 10.3909 132.958 2.43903
0_44375_100000_100_6_6 25 75 50 1077917 24319597500 22561.7 21558.3 486391950 8.96414e+08
0_44375_100000_100_7_7 25 75 0.557002 0.130246 0.665359 10.3713 164.738 2.44007
0_44375_100000_100_7_7 25 75 50 1077916 24319584000 22561.7 21558.3 486391680 9.23613e+08
0_44375_100000_100_8_8 25 75 0.527127 0.130642 0.653227 10.0404 163.001 2.24011
0_44375_100000_100_8_8 25 75 50 1077918 24319624500 22561.7 21558.4 486392490 8.90622e+08
0_44375_100000_100_9_9 25 75 0.529074 0.130834 0.65367 10.0694 133.76 2.25215
0_44375_100000_100_9_9 25 75 50 1077918 24319629000 22561.7 21558.4 486392580 8.80704e+08
