14_5_10_640_0_0 160 480 1.42074 0.0932871 0.515926 9.91752 1079.58 2.53518
14_5_10_640_0_0 160 480 320 601862 21015769500 34917.9 1880.82 6.56743e+07 5.35223e+08
14_5_10_640_1_1 160 480 1.42074 0.0932871 0.515926 9.91752 1079.58 2.53518
14_5_10_640_1_1 160 480 320 601862 21015769500 34917.9 1880.82 6.56743e+07 5.35223e+08
14_5_10_640_2_2 160 480 1.76654 0.0931138 0.524724 10.3604 1225.17 2.73071
14_5_10_640_2_2 160 480 320 601756 20929603500 34780.9 1880.49 6.5405e+07 6.92659e+08
14_5_10_640_3_3 160 480 1.63146 0.0940257 0.531759 10.1425 1131.35 2.70615
14_5_10_640_3_3 160 480 320 601835 21132160500 35112.9 1880.73 6.6038e+07 6.74882e+08
14_5_10_640_4_4 160 480 1.53172 0.0936668 0.535913 9.96891 1100.04 2.72343
14_5_10_640_4_4 160 480 320 601360 21137401500 35149.3 1879.25 6.60544e+07 6.92558e+08
14_5_10_640_5_5 160 480 1.50769 0.0932679 0.529683 9.97341 1112.92 2.61042
14_5_10_640_5_5 160 480 320 601877 20975098500 34849.5 1880.87 6.55472e+07 6.78788e+08
14_5_10_640_6_6 160 480 1.38588 0.0950458 0.545953 10.049 1135.3 2.74274
14_5_10_640_6_6 160 480 320 601098 21027805500 34982.3 1878.43 6.57119e+07 5.75231e+08
14_5_10_640_7_7 160 480 1.3042 0.0928905 0.522455 9.82755 1118.52 2.54217
14_5_10_640_7_7 160 480 320 600645 20949517500 34878.4 1877.02 6.54672e+07 5.75341e+08
14_5_10_640_8_8 160 480 1.64498 0.0937432 0.533363 9.93096 1139.7 2.70076
14_5_10_640_8_8 160 480 320 600245 21059593500 35085 1875.77 6.58112e+07 6.39437e+08
14_5_10_640_9_9 160 480 1.36986 0.0939508 0.530156 9.80751 1140.03 2.54021
14_5_10_640_9_9 160 480 320 601008 20972554500 34895.6 1878.15 6.55392e+07 5.34578e+08
