1_84375_100000_100_0_0 25 75 0.539818 0.14533 0.749619 10.175 169.957 3.44951
1_84375_100000_100_0_0 25 75 50 407936 14260632000 34958 8158.72 285212640 1.63511e+09
1_84375_100000_100_1_1 25 75 0.539818 0.14533 0.749619 10.175 169.957 3.44951
1_84375_100000_100_1_1 25 75 50 407936 14260632000 34958 8158.72 285212640 1.63511e+09
1_84375_100000_100_2_2 25 75 0.482863 0.145732 0.727804 9.67621 111.324 3.1876
1_84375_100000_100_2_2 25 75 50 408433 14204331000 34777.6 8168.66 284086620 1.48928e+09
1_84375_100000_100_3_3 25 75 0.547987 0.144537 0.727359 10.2981 135.112 3.42879
1_84375_100000_100_3_3 25 75 50 407602 14294716500 35070.3 8152.04 285894330 1.64995e+09
1_84375_100000_100_4_4 25 75 0.527092 0.144372 0.704531 10.0542 120.538 3.22767
1_84375_100000_100_4_4 25 75 50 408040 14265979500 34962.2 8160.8 285319590 1.54788e+09
1_84375_100000_100_5_5 25 75 0.532539 0.145717 0.712102 10.0298 134.111 3.28046
1_84375_100000_100_5_5 25 75 50 407696 14331822000 35153.2 8153.92 286636440 1.47527e+09
1_84375_100000_100_6_6 25 75 0.548006 0.149904 0.80899 10.2708 149.804 3.78098
1_84375_100000_100_6_6 25 75 50 407046 14351740500 35258.3 8140.92 287034810 1.65074e+09
1_84375_100000_100_7_7 25 75 0.549363 0.148825 0.780797 10.1169 187.899 3.5873
1_84375_100000_100_7_7 25 75 50 407346 14364138000 35262.7 8146.92 287282760 1.63044e+09
1_84375_100000_100_8_8 25 75 0.531906 0.148727 0.754653 10.1643 125.451 3.48677
1_84375_100000_100_8_8 25 75 50 407388 14280960000 35054.9 8147.76 285619200 1.57906e+09
1_84375_100000_100_9_9 25 75 0.496639 0.142029 0.682975 9.65881 167.292 3.03865
1_84375_100000_100_9_9 25 75 50 407839 14092071000 34553 8156.78 281841420 1.35535e+09
