0_9625_10000_100_0_0 25 75 0.489454 0.129907 0.66004 9.76457 170.167 3.02569
0_9625_10000_100_0_0 25 75 50 625079 21883171500 35008.6 12501.6 437663430 2.14121e+09
0_9625_10000_100_1_1 25 75 0.489454 0.129907 0.66004 9.76457 170.167 3.02569
0_9625_10000_100_1_1 25 75 50 625079 21883171500 35008.6 12501.6 437663430 2.14121e+09
0_9625_10000_100_2_2 25 75 0.506526 0.130885 0.681971 10.1938 178.105 3.25132
0_9625_10000_100_2_2 25 75 50 624821 21866538000 34996.5 12496.4 437330760 2.3506e+09
0_9625_10000_100_3_3 25 75 0.512264 0.132026 0.691943 10.1523 166.129 3.30633
0_9625_10000_100_3_3 25 75 50 625753 22029474000 35204.7 12515.1 440589480 2.31339e+09
0_9625_10000_100_4_4 25 75 0.49763 0.130333 0.653387 9.82623 147.784 2.99858
0_9625_10000_100_4_4 25 75 50 625438 21925531500 35056.3 12508.8 438510630 2.2254e+09
0_9625_10000_100_5_5 25 75 0.476653 0.130744 0.659668 9.71664 124.823 3.02614
0_9625_10000_100_5_5 25 75 50 625567 21848310000 34925.6 12511.3 436966200 2.07794e+09
0_9625_10000_100_6_6 25 75 0.44439 0.132209 0.673372 9.51189 190.003 2.97707
0_9625_10000_100_6_6 25 75 50 625533 21869530500 34961.4 12510.7 437390610 1.93654e+09
0_9625_10000_100_7_7 25 75 0.488034 0.129498 0.676223 9.97214 161.607 3.18762
0_9625_10000_100_7_7 25 75 50 625168 22066701000 35297.2 12503.4 441334020 2.26541e+09
0_9625_10000_100_8_8 25 75 0.526409 0.133858 0.70444 10.1556 130.036 3.37882
0_9625_10000_100_8_8 25 75 50 625511 22016373000 35197.4 12510.2 440327460 2.29875e+09
0_9625_10000_100_9_9 25 75 0.47051 0.128817 0.659208 9.74988 114.606 3.02208
0_9625_10000_100_9_9 25 75 50 625314 21854032500 34948.9 12506.3 437080650 2.09646e+09
