0_5625_10000_100_0_0 25 75 0.615086 0.272371 1.29495 9.93681 170.034 4.41129
0_5625_10000_100_0_0 25 75 50 1493380 52385734500 35078.6 29867.6 1047714690 7.89025e+09
0_5625_10000_100_1_1 25 75 0.615086 0.272371 1.29495 9.93681 170.034 4.41129
0_5625_10000_100_1_1 25 75 50 1493380 52385734500 35078.6 29867.6 1047714690 7.89025e+09
0_5625_10000_100_2_2 25 75 0.603202 0.270615 1.2572 9.79041 212.767 4.26594
0_5625_10000_100_2_2 25 75 50 1493047 52030270500 34848.4 29860.9 1040605410 7.429e+09
0_5625_10000_100_3_3 25 75 0.603041 0.270818 1.25969 9.80268 211.126 4.27733
0_5625_10000_100_3_3 25 75 50 1492106 52059807000 34890.2 29842.1 1041196140 7.4795e+09
0_5625_10000_100_4_4 25 75 0.604726 0.272285 1.26684 9.77955 180.036 4.2783
0_5625_10000_100_4_4 25 75 50 1491794 52283823000 35047.6 29835.9 1045676460 7.55472e+09
0_5625_10000_100_5_5 25 75 0.605802 0.271655 1.26989 9.79173 86.6569 4.31216
0_5625_10000_100_5_5 25 75 50 1494270 51981702000 34787.4 29885.4 1039634040 7.37904e+09
0_5625_10000_100_6_6 25 75 0.603516 0.272679 1.26958 9.76291 100.019 4.2739
0_5625_10000_100_6_6 25 75 50 1491323 52307752500 35074.7 29826.5 1046155050 7.53029e+09
0_5625_10000_100_7_7 25 75 0.60758 0.272366 1.28825 9.84426 220.014 4.333
0_5625_10000_100_7_7 25 75 50 1492792 51899665500 34766.8 29855.8 1037993310 7.41026e+09
0_5625_10000_100_8_8 25 75 0.598065 0.270357 1.23304 9.78717 113.684 4.20361
0_5625_10000_100_8_8 25 75 50 1493868 51849921000 34708.5 29877.4 1036998420 7.25356e+09
0_5625_10000_100_9_9 25 75 0.606915 0.274031 1.28299 9.8106 170.056 4.31727
0_5625_10000_100_9_9 25 75 50 1492603 52108449000 34911.1 29852.1 1042168980 7.46249e+09
