22_1875_10000_200_0_49 50 150 0.435646 0.0699038 0.417742 10.2028 197.769 2.41635
22_1875_10000_200_0_49 50 150 100 717532 25276858500 35227.5 7175.32 252768585 9.16565e+08
22_1875_10000_200_50_99 50 150 0.424798 0.0700203 0.413573 10.1409 158.774 2.32276
22_1875_10000_200_50_99 50 150 100 717970 25239090000 35153.4 7179.7 252390900 9.29974e+08
22_1875_10000_200_100_149 50 150 0.479713 0.0700267 0.437733 10.6644 183.553 2.74317
22_1875_10000_200_100_149 50 150 100 718469 25336846500 35265.1 7184.69 253368465 1.14527e+09
22_1875_10000_200_150_199 50 150 0.406696 0.0701278 0.415586 9.62781 177.72 2.21616
22_1875_10000_200_150_199 50 150 100 718155 25518786000 35533.8 7181.55 255187860 9.88499e+08
22_1875_10000_200_200_249 50 150 0.531352 0.0704836 0.45598 11.319 209.811 3.00154
22_1875_10000_200_200_249 50 150 100 720010 25482189000 35391.4 7200.1 254821890 1.2468e+09
22_1875_10000_200_250_299 50 150 0.472992 0.0702525 0.44079 10.5754 279.845 2.75197
22_1875_10000_200_250_299 50 150 100 718527 25343202000 35271.1 7185.27 253432020 1.24777e+09
22_1875_10000_200_300_349 50 150 0.447168 0.0701303 0.423642 10.3329 166.579 2.48732
22_1875_10000_200_300_349 50 150 100 718564 25219399500 35096.9 7185.64 252193995 1.04747e+09
22_1875_10000_200_350_399 50 150 0.440853 0.0697678 0.41197 9.98561 191.296 2.26427
22_1875_10000_200_350_399 50 150 100 718860 25212252000 35072.5 7188.6 252122520 9.6771e+08
22_1875_10000_200_400_449 50 150 0.45721 0.0700965 0.430786 10.215 235.593 2.51495
22_1875_10000_200_400_449 50 150 100 718543 25129270500 34972.5 7185.43 251292705 1.0579e+09
22_1875_10000_200_450_499 50 150 0.455803 0.0696832 0.42685 10.3278 194.437 2.54197
22_1875_10000_200_450_499 50 150 100 719468 24995466000 34741.6 7194.68 249954660 1.06423e+09
