0_7125_10000_100_0_0 25 75 0.592217 0.269991 1.22033 9.69939 162.063 4.14323
0_7125_10000_100_0_0 25 75 50 1453347 50550840000 34782.4 29066.9 1011016800 7.09326e+09
0_7125_10000_100_1_1 25 75 0.592217 0.269991 1.22033 9.69939 162.063 4.14323
0_7125_10000_100_1_1 25 75 50 1453347 50550840000 34782.4 29066.9 1011016800 7.09326e+09
0_7125_10000_100_2_2 25 75 0.595853 0.272201 1.25241 9.64449 190.036 4.1556
0_7125_10000_100_2_2 25 75 50 1454359 50758540500 34901 29087.2 1015170810 7.21805e+09
0_7125_10000_100_3_3 25 75 0.599312 0.270139 1.24176 9.80387 224.055 4.22019
0_7125_10000_100_3_3 25 75 50 1453464 50913024000 35028.7 29069.3 1018260480 7.23874e+09
0_7125_10000_100_4_4 25 75 0.605006 0.272116 1.26989 9.80195 160.023 4.29286
0_7125_10000_100_4_4 25 75 50 1452118 50766093000 34960 29042.4 1015321860 7.25302e+09
0_7125_10000_100_5_5 25 75 0.607084 0.273875 1.28414 9.79066 89.9879 4.28826
0_7125_10000_100_5_5 25 75 50 1453798 51065899500 35125.9 29076 1021317990 7.45715e+09
0_7125_10000_100_6_6 25 75 0.614183 0.272971 1.307 9.92086 110.079 4.37986
0_7125_10000_100_6_6 25 75 50 1451640 50820241500 35008.8 29032.8 1016404830 7.49847e+09
0_7125_10000_100_7_7 25 75 0.603058 0.272553 1.26949 9.79659 150.019 4.25576
0_7125_10000_100_7_7 25 75 50 1454737 51004771500 35061.2 29094.7 1020095430 7.38958e+09
0_7125_10000_100_8_8 25 75 0.613385 0.272805 1.29184 9.92964 130.046 4.39194
0_7125_10000_100_8_8 25 75 50 1453350 50725111500 34902.2 29067 1014502230 7.30519e+09
0_7125_10000_100_9_9 25 75 0.599009 0.274538 1.26536 9.6557 155.297 4.20745
0_7125_10000_100_9_9 25 75 50 1454241 50730076500 34884.2 29084.8 1014601530 6.98422e+09
