17_75_100_640_0_0 160 480 0.472013 0.168022 0.768009 9.51503 260.519 3.30657
17_75_100_640_0_0 160 480 320 736627 25737145500 34939.2 2301.96 8.04286e+07 4.46592e+08
17_75_100_640_1_1 160 480 0.472013 0.168022 0.768009 9.51503 260.519 3.30657
17_75_100_640_1_1 160 480 320 736627 25737145500 34939.2 2301.96 8.04286e+07 4.46592e+08
17_75_100_640_2_2 160 480 0.522586 0.168542 0.797654 9.92024 553.046 3.54564
17_75_100_640_2_2 160 480 320 736720 25768401000 34977.2 2302.25 8.05263e+07 5.63873e+08
17_75_100_640_3_3 160 480 0.561306 0.168692 0.821698 10.207 429.705 3.72583
17_75_100_640_3_3 160 480 320 736437 25767846000 34989.9 2301.37 8.05245e+07 6.31913e+08
17_75_100_640_4_4 160 480 0.500681 0.17088 0.80821 9.83827 283.175 3.49609
17_75_100_640_4_4 160 480 320 736730 25846824000 35083.2 2302.28 80771325 5.1496e+08
17_75_100_640_5_5 160 480 0.522407 0.168013 0.813542 10.0311 297.352 3.62628
17_75_100_640_5_5 160 480 320 736274 25649929500 34837.5 2300.86 8.0156e+07 5.3301e+08
17_75_100_640_6_6 160 480 0.486654 0.16943 0.794415 9.64625 224.457 3.38686
17_75_100_640_6_6 160 480 320 735716 25719181500 34958 2299.11 8.03724e+07 4.85729e+08
17_75_100_640_7_7 160 480 0.490094 0.168293 0.780416 9.49957 428.675 3.30436
17_75_100_640_7_7 160 480 320 735629 25795528500 35065.9 2298.84 8.0611e+07 5.29693e+08
17_75_100_640_8_8 160 480 0.451552 0.16794 0.752067 9.17324 179.447 3.06812
17_75_100_640_8_8 160 480 320 735531 25671129000 34901.5 2298.53 8.02223e+07 4.2216e+08
17_75_100_640_9_9 160 480 0.476562 0.167475 0.766471 9.4645 289.323 3.27853
17_75_100_640_9_9 160 480 320 736258 25729456500 34946.3 2300.81 8.04046e+07 4.85045e+08
