1_1875_10000_100_0_0 25 75 0.640375 0.285524 1.40677 9.94781 229.922 4.50436
1_1875_10000_100_0_0 25 75 50 1397734 48640780500 34799.7 27954.7 972815610 7.42054e+09
1_1875_10000_100_1_1 25 75 0.640375 0.285524 1.40677 9.94781 229.922 4.50436
1_1875_10000_100_1_1 25 75 50 1397734 48640780500 34799.7 27954.7 972815610 7.42054e+09
1_1875_10000_100_2_2 25 75 0.631008 0.282492 1.38017 9.86793 210.003 4.40368
1_1875_10000_100_2_2 25 75 50 1398474 48805900500 34899.4 27969.5 976118010 7.44818e+09
1_1875_10000_100_3_3 25 75 0.629926 0.28434 1.37761 9.86108 100.029 4.39089
1_1875_10000_100_3_3 25 75 50 1398895 48702943500 34815.3 27977.9 974058870 7.28387e+09
1_1875_10000_100_4_4 25 75 0.624556 0.278911 1.32874 9.85622 220.006 4.30143
1_1875_10000_100_4_4 25 75 50 1398698 48810952500 34897.4 27974 976219050 7.4572e+09
1_1875_10000_100_5_5 25 75 0.625576 0.279331 1.34864 9.91647 117.126 4.3707
1_1875_10000_100_5_5 25 75 50 1399578 48528970500 34674 27991.6 970579410 7.21482e+09
1_1875_10000_100_6_6 25 75 0.619433 0.278475 1.31237 9.75981 254.676 4.26711
1_1875_10000_100_6_6 25 75 50 1397912 48793381500 34904.5 27958.2 975867630 7.33865e+09
1_1875_10000_100_7_7 25 75 0.619078 0.281345 1.33315 9.81177 99.7879 4.26262
1_1875_10000_100_7_7 25 75 50 1397478 48279337500 34547.5 27949.6 965586750 6.98324e+09
1_1875_10000_100_8_8 25 75 0.632039 0.2837 1.36837 9.94253 249.879 4.39959
1_1875_10000_100_8_8 25 75 50 1399093 48607617000 34742.2 27981.9 972152340 7.26848e+09
1_1875_10000_100_9_9 25 75 0.623158 0.28115 1.34901 9.81946 110.05 4.30986
1_1875_10000_100_9_9 25 75 50 1398433 48819991500 34910.5 27968.7 976399830 7.20471e+09
