15_75_100_200_0_0 50 150 1.7308 0.0931107 0.407025 9.42182 2120.46 1.54046
15_75_100_200_0_0 50 150 100 2393494 59625394500 24911.4 23934.9 596253945 2.76267e+09
15_75_100_200_1_1 50 150 1.7308 0.0931107 0.407025 9.42182 2120.46 1.54046
15_75_100_200_1_1 50 150 100 2393494 59625394500 24911.4 23934.9 596253945 2.76267e+09
15_75_100_200_2_2 50 150 1.6878 0.0928521 0.405616 9.43252 4159.92 1.50669
15_75_100_200_2_2 50 150 100 2393497 59626066500 24911.7 23935 596260665 2.74518e+09
15_75_100_200_3_3 50 150 1.74256 0.0930785 0.404236 9.50143 4159.78 1.50919
15_75_100_200_3_3 50 150 100 2393500 59626536000 24911.9 23935 596265360 2.64309e+09
15_75_100_200_4_4 50 150 1.6733 0.0927867 0.402995 9.25106 4159.34 1.45042
15_75_100_200_4_4 50 150 100 2393498 59626521000 24911.9 23935 596265210 2.75426e+09
15_75_100_200_5_5 50 150 1.66945 0.0928762 0.407259 9.71767 4159.87 1.57485
15_75_100_200_5_5 50 150 100 2393499 59626480500 24911.8 23935 596264805 2.68967e+09
15_75_100_200_6_6 50 150 1.71897 0.0930466 0.406532 9.63213 4159.79 1.56286
15_75_100_200_6_6 50 150 100 2393495 59626267500 24911.8 23935 596262675 2.78244e+09
15_75_100_200_7_7 50 150 1.7331 0.0928912 0.404204 9.22013 2120.27 1.47496
15_75_100_200_7_7 50 150 100 2393500 59626317000 24911.8 23935 596263170 2.71835e+09
15_75_100_200_8_8 50 150 1.76438 0.093075 0.40508 9.27994 4160.24 1.47358
15_75_100_200_8_8 50 150 100 2393500 59626315500 24911.8 23935 596263155 2.81507e+09
15_75_100_200_9_9 50 150 1.76804 0.0930655 0.406754 9.61982 4159.92 1.54927
15_75_100_200_9_9 50 150 100 2393496 59625855000 24911.6 23935 596258550 2.93994e+09
