1_4_10_240_0_0 60 180 0.539801 0.135381 0.638706 9.84773 437.096 2.3051
1_4_10_240_0_0 60 180 120 3829638 103054551000 26909.7 31913.7 858787925 2.25541e+09
1_4_10_240_1_1 60 180 0.539801 0.135381 0.638706 9.84773 437.096 2.3051
1_4_10_240_1_1 60 180 120 3829638 103054551000 26909.7 31913.7 858787925 2.25541e+09
1_4_10_240_2_2 60 180 0.552091 0.135431 0.643048 9.9738 435.616 2.38977
1_4_10_240_2_2 60 180 120 3829635 103054399500 26909.7 31913.6 8.58787e+08 2.26884e+09
1_4_10_240_3_3 60 180 0.541562 0.135127 0.642345 9.97093 405.407 2.36475
1_4_10_240_3_3 60 180 120 3829633 103054563000 26909.8 31913.6 858788025 2.269e+09
1_4_10_240_4_4 60 180 0.553924 0.135001 0.640763 9.99396 448.23 2.34872
1_4_10_240_4_4 60 180 120 3829638 103054107000 26909.6 31913.7 858784225 2.26113e+09
1_4_10_240_5_5 60 180 0.552479 0.134782 0.640043 10.0199 465.272 2.33769
1_4_10_240_5_5 60 180 120 3829626 103053949500 26909.7 31913.5 8.58783e+08 2.30567e+09
1_4_10_240_6_6 60 180 0.545142 0.134944 0.638603 9.81965 468.112 2.29377
1_4_10_240_6_6 60 180 120 3829635 103054318500 26909.7 31913.6 8.58786e+08 2.26284e+09
1_4_10_240_7_7 60 180 0.537139 0.135166 0.643709 10.0496 465.096 2.4012
1_4_10_240_7_7 60 180 120 3829634 103054482000 26909.7 31913.6 858787350 2.28054e+09
1_4_10_240_8_8 60 180 0.532636 0.135274 0.643196 9.84043 437.901 2.33472
1_4_10_240_8_8 60 180 120 3829628 103053916500 26909.6 31913.6 8.58783e+08 2.25886e+09
1_4_10_240_9_9 60 180 0.53482 0.135166 0.639316 9.78786 467.717 2.29631
1_4_10_240_9_9 60 180 120 3829631 103054192500 26909.7 31913.6 8.58785e+08 2.25683e+09
