20_75_100_100_0_0 25 75 0.805 0.087235 0.500594 16.8904 122.286 3.15017
20_75_100_100_0_0 25 75 50 23882 834253500 34932.3 477.64 16685070 7.79714e+07
20_75_100_100_1_1 25 75 0.805 0.087235 0.500594 16.8904 122.286 3.15017
20_75_100_100_1_1 25 75 50 23882 834253500 34932.3 477.64 16685070 7.79714e+07
20_75_100_100_2_2 25 75 0.722223 0.0847338 0.446335 14.5947 109.25 2.4848
20_75_100_100_2_2 25 75 50 23875 823339500 34485.4 477.5 16466790 7.65399e+07
20_75_100_100_3_3 25 75 0.616492 0.0885002 0.507346 14.0128 110.074 3.33067
20_75_100_100_3_3 25 75 50 23858 806896500 33820.8 477.16 16137930 5.53433e+07
20_75_100_100_4_4 25 75 0.545647 0.0885272 0.474492 10.7631 102.554 2.3892
20_75_100_100_4_4 25 75 50 23934 869176500 36315.6 478.68 17383530 8.18645e+07
20_75_100_100_5_5 25 75 0.589983 0.0882403 0.466177 10.2428 112.404 2.39308
20_75_100_100_5_5 25 75 50 23886 867060000 36299.9 477.72 17341200 8.25549e+07
20_75_100_100_6_6 25 75 0.698645 0.0851294 0.43825 12.4646 122.162 2.6367
20_75_100_100_6_6 25 75 50 23955 838467000 35001.8 479.1 16769340 7.11945e+07
20_75_100_100_7_7 25 75 0.420304 0.0918548 0.513083 8.8893 75.0858 2.16591
20_75_100_100_7_7 25 75 50 23976 868314000 36216 479.52 17366280 6.28573e+07
20_75_100_100_8_8 25 75 0.574256 0.0866444 0.453804 10.8262 122.542 2.1683
20_75_100_100_8_8 25 75 50 23993 813949500 33924.5 479.86 16278990 4.42857e+07
20_75_100_100_9_9 25 75 0.430204 0.0844278 0.406356 7.28693 111.953 1.29531
20_75_100_100_9_9 25 75 50 23733 805968000 33959.8 474.66 16119360 4.8213e+07
