26_0_0_200_0_49 50 150 0.483293 0.120212 0.887262 10.2944 218.777 4.56108
26_0_0_200_0_49 50 150 100 841291 29815410000 35440.1 8412.91 298154100 1.15696e+09
26_0_0_200_50_99 50 150 0.488817 0.12058 0.898638 10.3051 440.11 4.62049
26_0_0_200_50_99 50 150 100 841515 29899120500 35530.1 8415.15 298991205 1.19247e+09
26_0_0_200_100_149 50 150 0.471251 0.118851 0.854044 10.2025 120.376 4.45624
26_0_0_200_100_149 50 150 100 842130 29782614000 35365.8 8421.3 297826140 1.14913e+09
26_0_0_200_150_199 50 150 0.475212 0.123422 0.888801 10.1657 240.183 4.51545
26_0_0_200_150_199 50 150 100 841702 29993293500 35634.1 8417.02 299932935 1.15878e+09
26_0_0_200_200_249 50 150 0.484448 0.122137 0.914727 10.287 97.5632 4.59418
26_0_0_200_200_249 50 150 100 842853 29952870000 35537.5 8428.53 299528700 1.17716e+09
26_0_0_200_250_299 50 150 0.474036 0.121111 0.858362 10.2051 108.682 4.45627
26_0_0_200_250_299 50 150 100 842181 29898625500 35501.4 8421.81 298986255 1.14996e+09
26_0_0_200_300_349 50 150 0.49176 0.119899 0.89522 10.2979 168.936 4.61913
26_0_0_200_300_349 50 150 100 842175 29743263000 35317.2 8421.75 297432630 1.17018e+09
26_0_0_200_350_399 50 150 0.473937 0.120074 0.872569 10.1759 97.2114 4.50092
26_0_0_200_350_399 50 150 100 842225 29738953500 35310 8422.25 297389535 1.13613e+09
26_0_0_200_400_449 50 150 0.468718 0.12054 0.868463 10.166 137.925 4.43077
26_0_0_200_400_449 50 150 100 842420 29843268000 35425.6 8424.2 298432680 1.10831e+09
26_0_0_200_450_499 50 150 0.464846 0.117456 0.834337 10.1 429.937 4.28024
26_0_0_200_450_499 50 150 100 842987 29547312000 35050.7 8429.87 295473120 1.06552e+09
