1_625_1000_240_0_0 60 180 0.581298 0.158459 0.752439 10.1459 448.129 2.86368
1_625_1000_240_0_0 60 180 120 4356786 119418339000 27409.7 36306.6 995152825 3.38531e+09
1_625_1000_240_1_1 60 180 0.581298 0.158459 0.752439 10.1459 448.129 2.86368
1_625_1000_240_1_1 60 180 120 4356786 119418339000 27409.7 36306.6 995152825 3.38531e+09
1_625_1000_240_2_2 60 180 0.563288 0.158144 0.749392 10.0128 477.074 2.80329
1_625_1000_240_2_2 60 180 120 4356789 119418133500 27409.7 36306.6 9.95151e+08 3.3451e+09
1_625_1000_240_3_3 60 180 0.580268 0.157893 0.749913 10.1526 468.461 2.83003
1_625_1000_240_3_3 60 180 120 4356796 119418360000 27409.7 36306.6 995153000 3.42557e+09
1_625_1000_240_4_4 60 180 0.574306 0.158178 0.747377 10.0728 437.403 2.8045
1_625_1000_240_4_4 60 180 120 4356788 119417899500 27409.6 36306.6 9.95149e+08 3.35404e+09
1_625_1000_240_5_5 60 180 0.560299 0.158532 0.74513 9.95894 456.85 2.76917
1_625_1000_240_5_5 60 180 120 4356793 119418207000 27409.7 36306.6 995151725 3.31845e+09
1_625_1000_240_6_6 60 180 0.57671 0.158655 0.750123 10.0707 467.935 2.83261
1_625_1000_240_6_6 60 180 120 4356786 119417938500 27409.6 36306.6 9.95149e+08 3.39612e+09
1_625_1000_240_7_7 60 180 0.570389 0.158263 0.750521 10.0892 464.986 2.821
1_625_1000_240_7_7 60 180 120 4356800 119418540000 27409.7 36306.7 995154500 3.38918e+09
1_625_1000_240_8_8 60 180 0.575749 0.158658 0.753777 10.0582 480.026 2.83898
1_625_1000_240_8_8 60 180 120 4356787 119418372000 27409.7 36306.6 995153100 3.36952e+09
1_625_1000_240_9_9 60 180 0.573968 0.158293 0.751283 10.0916 467.468 2.83607
1_625_1000_240_9_9 60 180 120 4356797 119418499500 27409.7 36306.6 9.95154e+08 3.36756e+09
