15 74 61 15 9 0.28125
15 74 78 15 42 0.28125
15 74 83 15 67 0.15625
15 74 196 15 39 0.28125
15 75 7 15 38 0.109375
15 75 34 15 59 0.125
15 75 38 15 61 0.0625
15 75 68 15 10 0.109375
15 75 79 15 41 0.109375
15 75 92 15 69 0.078125
15 75 93 15 70 0.109375
15 75 113 15 64 0.125
15 75 131 15 8 0.125
15 75 144 15 67 0.046875
16 74 16 16 67 0.140625
16 74 55 16 65 0.140625
16 74 58 16 7 0.140625
16 74 76 16 42 0.0625
16 74 95 16 59 0.140625
16 74 152 16 61 0.140625
16 74 162 16 63 0.140625
16 74 172 16 9 0.09375
16 75 2 16 40 0.046875
16 75 4 16 42 0.03125
16 75 6 16 44 0.046875
16 75 8 16 38 0.046875
16 75 10 16 41 0.046875
16 75 26 16 68 0.0625
16 75 27 16 69 0.0625
16 75 28 16 70 0.0625
16 75 29 16 71 0.0625
16 75 41 16 60 0.046875
16 75 50 16 62 0.0625
16 75 57 16 64 0.0625
16 75 77 16 39 0.0625
16 75 87 16 43 0.0625
16 75 131 16 9 0.015625
16 75 138 16 11 0.03125
16 75 150 16 72 0.0625
16 75 172 16 10 0.0625
16 75 191 16 66 0.0625
