0_2375_10000_200_0_0 50 150 0.620732 0.250408 1.09777 10.1491 189.7 3.83694
0_2375_10000_200_0_0 50 150 100 1121724 39353955000 35083.5 11217.2 393539550 2.87165e+09
0_2375_10000_200_1_1 50 150 0.620732 0.250408 1.09777 10.1491 189.7 3.83694
0_2375_10000_200_1_1 50 150 100 1121724 39353955000 35083.5 11217.2 393539550 2.87165e+09
0_2375_10000_200_2_2 50 150 0.613602 0.248864 1.08603 9.90384 181.563 3.75505
0_2375_10000_200_2_2 50 150 100 1120566 39074266500 34870.1 11205.7 390742665 2.88809e+09
0_2375_10000_200_3_3 50 150 0.616462 0.250707 1.10748 10.0094 220.048 3.83666
0_2375_10000_200_3_3 50 150 100 1120787 39230040000 35002.2 11207.9 392300400 3.01241e+09
0_2375_10000_200_4_4 50 150 0.607825 0.247331 1.06538 9.91967 290.052 3.69122
0_2375_10000_200_4_4 50 150 100 1119804 38997859500 34825.6 11198 389978595 2.87391e+09
0_2375_10000_200_5_5 50 150 0.603024 0.244663 1.04193 9.85441 179.806 3.5525
0_2375_10000_200_5_5 50 150 100 1120938 38795623500 34610 11209.4 387956235 2.86593e+09
0_2375_10000_200_6_6 50 150 0.611042 0.248465 1.06989 9.95965 190.228 3.70136
0_2375_10000_200_6_6 50 150 100 1119060 38935225500 34792.8 11190.6 389352255 2.90723e+09
0_2375_10000_200_7_7 50 150 0.635787 0.252121 1.13565 10.2755 213.504 3.98791
0_2375_10000_200_7_7 50 150 100 1119836 39185353500 34992 11198.4 391853535 3.11283e+09
0_2375_10000_200_8_8 50 150 0.623754 0.247879 1.08722 10.1731 197.653 3.83235
0_2375_10000_200_8_8 50 150 100 1121766 39164628000 34913.4 11217.7 391646280 3.11433e+09
0_2375_10000_200_9_9 50 150 0.641275 0.251339 1.12007 10.1437 375.197 3.92381
0_2375_10000_200_9_9 50 150 100 1121314 39242608500 34997 11213.1 392426085 3.15935e+09
