4 15 4 4 27 0.015625
4 15 5 4 27 0.015625
4 15 7 4 28 0.015625
4 15 9 4 29 0.015625
4 15 13 4 76 0.015625
4 15 17 4 78 0.015625
4 15 31 4 26 0.015625
4 15 34 4 29 0.015625
4 15 41 4 77 0.046875
4 15 45 4 52 0.015625
4 15 46 4 52 0.015625
4 15 58 4 58 0.015625
4 15 59 4 58 0.015625
4 15 61 4 18 0.015625
4 15 64 4 18 0.015625
4 15 68 4 20 0.015625
4 15 70 4 20 0.015625
4 15 75 4 22 0.015625
4 15 79 4 25 0.015625
4 15 80 4 25 0.015625
4 15 83 4 27 0.015625
4 15 85 4 28 0.015625
4 15 86 4 28 0.015625
4 15 88 4 30 0.015625
4 15 89 4 73 0.015625
4 15 90 4 74 0.015625
4 15 91 4 74 0.015625
4 15 93 4 74 0.015625
4 15 97 4 75 0.015625
4 15 98 4 76 0.015625
4 15 100 4 76 0.015625
4 15 105 4 78 0.015625
4 15 109 4 79 0.015625
4 15 111 4 52 0.015625
4 15 112 4 52 0.015625
4 15 118 4 54 0.015625
4 15 119 4 55 0.046875
4 15 126 4 56 0.015625
4 15 127 4 56 0.015625
4 15 128 4 57 0.015625
4 15 141 4 19 0.015625
4 15 148 4 21 0.015625
4 15 149 4 22 0.015625
4 15 150 4 22 0.015625
4 15 152 4 23 0.015625
4 15 157 4 24 0.015625
4 15 159 4 26 0.015625
4 15 165 4 76 0.015625
4 15 172 4 54 0.015625
4 15 179 4 57 0.015625
4 15 181 4 19 0.015625
4 15 183 4 21 0.015625
4 15 184 4 21 0.015625
4 15 185 4 22 0.015625
4 15 186 4 23 0.015625
4 15 187 4 30 0.015625
4 15 188 4 30 0.015625
4 15 189 4 73 0.015625
4 15 190 4 53 0.015625
4 15 195 4 21 0.015625
