15_0_0_640_0_0 160 480 0.663489 0.119678 0.585125 10.277 676.704 2.92136
15_0_0_640_0_0 160 480 320 622602 21761019000 34951.7 1945.63 6.80032e+07 5.12821e+08
15_0_0_640_1_1 160 480 0.663489 0.119678 0.585125 10.277 676.704 2.92136
15_0_0_640_1_1 160 480 320 622602 21761019000 34951.7 1945.63 6.80032e+07 5.12821e+08
15_0_0_640_2_2 160 480 0.662997 0.119124 0.579022 10.2403 717.678 2.86367
15_0_0_640_2_2 160 480 320 622495 21733879500 34914.1 1945.3 6.79184e+07 6.23664e+08
15_0_0_640_3_3 160 480 0.641797 0.119557 0.570329 10.0134 1428.5 2.69826
15_0_0_640_3_3 160 480 320 622514 21810220500 35035.7 1945.36 6.81569e+07 5.41627e+08
15_0_0_640_4_4 160 480 0.764892 0.119326 0.573728 9.89389 744.763 2.70733
15_0_0_640_4_4 160 480 320 622176 21874546500 35158.1 1944.3 6.8358e+07 5.65437e+08
15_0_0_640_5_5 160 480 0.911252 0.117495 0.587608 10.7304 673.286 3.04273
15_0_0_640_5_5 160 480 320 622337 21706111500 34878.4 1944.8 6.78316e+07 7.50723e+08
15_0_0_640_6_6 160 480 0.717719 0.119989 0.590669 10.2899 1209.98 2.91358
15_0_0_640_6_6 160 480 320 621811 21709773000 34913.8 1943.16 6.7843e+07 6.19986e+08
15_0_0_640_7_7 160 480 0.619421 0.119992 0.596037 10.2618 702.147 3.01211
15_0_0_640_7_7 160 480 320 621265 21688612500 34910.4 1941.45 6.77769e+07 5.37074e+08
15_0_0_640_8_8 160 480 0.74839 0.119836 0.592822 10.4222 654.563 3.02597
15_0_0_640_8_8 160 480 320 621098 21741717000 35005.3 1940.93 6.79429e+07 6.11941e+08
15_0_0_640_9_9 160 480 0.592139 0.119187 0.577855 10.0459 653.353 2.76483
15_0_0_640_9_9 160 480 320 621801 21726177000 34940.7 1943.13 6.78943e+07 5.55035e+08
