7_0_0_1000_0_0 250 750 0.516966 0.111237 1.40382 9.87574 240.167 4.88595
7_0_0_1000_0_0 250 750 500 517726 18177684000 35110.6 1035.45 36355368 2.64842e+08
7_0_0_1000_1_1 250 750 0.516966 0.111237 1.40382 9.87574 240.167 4.88595
7_0_0_1000_1_1 250 750 500 517726 18177684000 35110.6 1035.45 36355368 2.64842e+08
7_0_0_1000_2_2 250 750 0.532756 0.110835 1.3547 9.95736 420.171 4.75834
7_0_0_1000_2_2 250 750 500 516291 17817816000 34511.2 1032.58 35635632 2.59055e+08
7_0_0_1000_3_3 250 750 0.584142 0.111235 1.39804 10.1625 632.805 4.94865
7_0_0_1000_3_3 250 750 500 516179 17780751000 34446.9 1032.36 35561502 2.63752e+08
7_0_0_1000_4_4 250 750 0.527533 0.111955 1.39613 9.89622 465 4.86793
7_0_0_1000_4_4 250 750 500 515472 18243939000 35392.7 1030.94 36487878 2.80084e+08
7_0_0_1000_5_5 250 750 0.499374 0.111569 1.3745 9.75947 193.864 4.72032
7_0_0_1000_5_5 250 750 500 515122 18124200000 35184.3 1030.24 36248400 2.52943e+08
7_0_0_1000_6_6 250 750 0.569738 0.110837 1.38348 10.1609 404.792 4.93696
7_0_0_1000_6_6 250 750 500 515178 17826280500 34602.2 1030.36 35652561 2.92108e+08
7_0_0_1000_7_7 250 750 0.508876 0.110762 1.31668 9.84898 311.994 4.67126
7_0_0_1000_7_7 250 750 500 516088 17905441500 34694.6 1032.18 35810883 2.69841e+08
7_0_0_1000_8_8 250 750 0.560471 0.111645 1.42754 10.1989 338.099 4.9661
7_0_0_1000_8_8 250 750 500 517453 17954416500 34697.7 1034.91 35908833 2.62816e+08
7_0_0_1000_9_9 250 750 0.488497 0.110741 1.32965 9.70368 230.097 4.56922
7_0_0_1000_9_9 250 750 500 514814 17831917500 34637.6 1029.63 35663835 2.35344e+08
