1_4_10_240_0_0 60 180 0.593788 0.173407 0.74989 9.88959 487.604 3.08366
1_4_10_240_0_0 60 180 120 4325281 110789323500 25614.4 36044 9.23244e+08 2.83585e+09
1_4_10_240_1_1 60 180 0.593788 0.173407 0.74989 9.88959 487.604 3.08366
1_4_10_240_1_1 60 180 120 4325281 110789323500 25614.4 36044 9.23244e+08 2.83585e+09
1_4_10_240_2_2 60 180 0.597398 0.174697 0.757369 9.84658 499.284 3.09808
1_4_10_240_2_2 60 180 120 4325661 110987629500 25658 36047.2 9.24897e+08 2.93679e+09
1_4_10_240_3_3 60 180 0.577048 0.173214 0.739198 9.6253 507.855 2.94743
1_4_10_240_3_3 60 180 120 4325192 110757267000 25607.5 36043.3 922977225 2.82504e+09
1_4_10_240_4_4 60 180 0.587109 0.174126 0.751221 9.69904 479.145 3.03953
1_4_10_240_4_4 60 180 120 4324369 110756955000 25612.3 36036.4 922974625 2.81673e+09
1_4_10_240_5_5 60 180 0.594463 0.173905 0.756379 9.87697 507.159 3.12425
1_4_10_240_5_5 60 180 120 4326413 110672506500 25580.7 36053.4 9.22271e+08 2.84756e+09
1_4_10_240_6_6 60 180 0.589307 0.174395 0.751321 9.73516 508.249 3.05544
1_4_10_240_6_6 60 180 120 4325652 110823685500 25620.1 36047.1 9.23531e+08 2.85431e+09
1_4_10_240_7_7 60 180 0.590311 0.174119 0.751125 9.80157 499.113 3.07168
1_4_10_240_7_7 60 180 120 4325135 110807437500 25619.4 36042.8 9.23395e+08 2.8295e+09
1_4_10_240_8_8 60 180 0.578148 0.173604 0.750356 9.6497 499.195 3.01218
1_4_10_240_8_8 60 180 120 4324910 110774197500 25613.1 36040.9 9.23118e+08 2.82537e+09
1_4_10_240_9_9 60 180 0.58587 0.17408 0.753477 9.7586 507.656 3.04056
1_4_10_240_9_9 60 180 120 4324983 110746437000 25606.2 36041.5 922886975 2.79219e+09
