1250_0_0_40_0_0 10 30 0.532828 0.205753 0.974521 10.2116 104.704 4.49024
1250_0_0_40_0_0 10 30 20 1234292 43379290500 35145.1 61714.6 2168964525 1.08655e+10
1250_0_0_40_1_1 10 30 0.532828 0.205753 0.974521 10.2116 104.704 4.49024
1250_0_0_40_1_1 10 30 20 1234292 43379290500 35145.1 61714.6 2168964525 1.08655e+10
1250_0_0_40_2_2 10 30 0.528517 0.205713 0.967131 10.1517 111.942 4.45868
1250_0_0_40_2_2 10 30 20 1233735 43209601500 35023.4 61686.8 2160480075 1.07821e+10
1250_0_0_40_3_3 10 30 0.523482 0.20609 0.955686 10.0608 84.2091 4.37369
1250_0_0_40_3_3 10 30 20 1234502 43289509500 35066.4 61725.1 2164475475 1.09075e+10
1250_0_0_40_4_4 10 30 0.52396 0.205644 0.946374 10.1502 84.4995 4.34271
1250_0_0_40_4_4 10 30 20 1233835 43300816500 35094.5 61691.8 2165040825 1.07095e+10
1250_0_0_40_5_5 10 30 0.523537 0.204763 0.935472 10.1082 87.5939 4.34414
1250_0_0_40_5_5 10 30 20 1233469 43077603000 34923.9 61673.4 2153880150 1.06352e+10
1250_0_0_40_6_6 10 30 0.527405 0.206228 0.971166 10.1393 103.304 4.42646
1250_0_0_40_6_6 10 30 20 1233578 43305622500 35105.7 61678.9 2165281125 1.08669e+10
1250_0_0_40_7_7 10 30 0.52621 0.205627 0.956316 10.1727 89.0244 4.40254
1250_0_0_40_7_7 10 30 20 1233671 43281610500 35083.6 61683.6 2164080525 1.08432e+10
1250_0_0_40_8_8 10 30 0.522306 0.204452 0.93438 10.142 82.429 4.32933
1250_0_0_40_8_8 10 30 20 1233434 43224649500 35044.2 61671.7 2161232475 1.09019e+10
1250_0_0_40_9_9 10 30 0.523124 0.205683 0.953864 10.1304 101.797 4.34049
1250_0_0_40_9_9 10 30 20 1233483 43309647000 35111.7 61674.2 2165482350 1.08484e+10
