23_25_100_640_0_0 160 480 0.531815 0.172502 1.01999 10.1142 149.585 4.48274
23_25_100_640_0_0 160 480 320 964974 33876612000 35106.2 3015.54 1.05864e+08 7.1536e+08
23_25_100_640_1_1 160 480 0.531815 0.172502 1.01999 10.1142 149.585 4.48274
23_25_100_640_1_1 160 480 320 964974 33876612000 35106.2 3015.54 1.05864e+08 7.1536e+08
23_25_100_640_2_2 160 480 0.529608 0.171217 1.00434 10.0881 500.047 4.39058
23_25_100_640_2_2 160 480 320 964365 33737971500 34984.6 3013.64 1.05431e+08 7.0757e+08
23_25_100_640_3_3 160 480 0.499764 0.171215 0.960642 9.8592 220.036 4.13393
23_25_100_640_3_3 160 480 320 965065 33903903000 35131.2 3015.83 1.0595e+08 6.38269e+08
23_25_100_640_4_4 160 480 0.562962 0.173188 1.04955 10.358 270.447 4.60084
23_25_100_640_4_4 160 480 320 964577 33876432000 35120.5 3014.3 105863850 7.57425e+08
23_25_100_640_5_5 160 480 0.524504 0.170525 0.96383 9.98422 305.489 4.21573
23_25_100_640_5_5 160 480 320 964348 33661554000 34906 3013.59 1.05192e+08 6.69253e+08
23_25_100_640_6_6 160 480 0.504532 0.171482 0.966437 9.84738 170.241 4.13481
23_25_100_640_6_6 160 480 320 963998 33757581000 35018.3 3012.49 1.05492e+08 6.30216e+08
23_25_100_640_7_7 160 480 0.516765 0.173483 1.01116 9.93413 213.754 4.2978
23_25_100_640_7_7 160 480 320 963927 33825646500 35091.5 3012.27 1.05705e+08 6.98124e+08
23_25_100_640_8_8 160 480 0.504891 0.170172 0.946679 9.93585 217.374 4.13913
23_25_100_640_8_8 160 480 320 963807 33682467000 34947.3 3011.9 1.05258e+08 6.27005e+08
23_25_100_640_9_9 160 480 0.526615 0.173776 1.01541 10.0586 210.129 4.40787
23_25_100_640_9_9 160 480 320 963969 33825957000 35090.3 3012.4 1.05706e+08 7.03107e+08
