3_125_1000_100_0_0 25 75 0.453228 0.108296 0.556781 9.1032 123.258 2.40037
3_125_1000_100_0_0 25 75 50 227003 7823482500 34464.2 4540.06 156469650 6.21164e+08
3_125_1000_100_1_1 25 75 0.453228 0.108296 0.556781 9.1032 123.258 2.40037
3_125_1000_100_1_1 25 75 50 227003 7823482500 34464.2 4540.06 156469650 6.21164e+08
3_125_1000_100_2_2 25 75 0.536472 0.113148 0.588677 9.79921 164.727 2.69367
3_125_1000_100_2_2 25 75 50 226692 7952719500 35081.6 4533.84 159054390 7.40882e+08
3_125_1000_100_3_3 25 75 0.584198 0.11106 0.61567 10.6446 134.236 3.15931
3_125_1000_100_3_3 25 75 50 227008 7923147000 34902.5 4540.16 158462940 8.78274e+08
3_125_1000_100_4_4 25 75 0.488606 0.111621 0.572223 9.34484 163.915 2.48556
3_125_1000_100_4_4 25 75 50 226731 7971754500 35159.5 4534.62 159435090 7.06284e+08
3_125_1000_100_5_5 25 75 0.550205 0.112025 0.588927 10.2244 166.42 2.8471
3_125_1000_100_5_5 25 75 50 226637 7864086000 34699 4532.74 157281720 7.34771e+08
3_125_1000_100_6_6 25 75 0.611827 0.110804 0.596277 10.4103 169.845 2.96122
3_125_1000_100_6_6 25 75 50 227096 7900137000 34787.7 4541.92 158002740 7.58283e+08
3_125_1000_100_7_7 25 75 0.550681 0.111061 0.59202 9.91851 163.677 2.69019
3_125_1000_100_7_7 25 75 50 226333 7977640500 35247.4 4526.66 159552810 7.714e+08
3_125_1000_100_8_8 25 75 0.505192 0.113807 0.603123 9.75148 120.844 2.70199
3_125_1000_100_8_8 25 75 50 226208 7937326500 35088.6 4524.16 158746530 7.45094e+08
3_125_1000_100_9_9 25 75 0.467927 0.111273 0.565542 9.17335 109.738 2.43855
3_125_1000_100_9_9 25 75 50 226846 7900702500 34828.5 4536.92 158014050 7.25253e+08
