1_3_10_100_0_0 25 75 0.673367 0.282568 1.5008 10.3852 220.026 4.94911
1_3_10_100_0_0 25 75 50 1532374 53432829000 34869.3 30647.5 1068656580 8.55935e+09
1_3_10_100_1_1 25 75 0.673367 0.282568 1.5008 10.3852 220.026 4.94911
1_3_10_100_1_1 25 75 50 1532374 53432829000 34869.3 30647.5 1068656580 8.55935e+09
1_3_10_100_2_2 25 75 0.657624 0.28154 1.45923 10.2501 181.391 4.83397
1_3_10_100_2_2 25 75 50 1533206 53599923000 34959.4 30664.1 1071998460 8.39514e+09
1_3_10_100_3_3 25 75 0.648805 0.281084 1.41756 10.1468 209.995 4.6722
1_3_10_100_3_3 25 75 50 1533365 53453071500 34860 30667.3 1069061430 8.12191e+09
1_3_10_100_4_4 25 75 0.65899 0.280131 1.43109 10.2795 250.025 4.80588
1_3_10_100_4_4 25 75 50 1533266 53686825500 35014.7 30665.3 1073736510 8.48428e+09
1_3_10_100_5_5 25 75 0.651872 0.279717 1.42282 10.2381 180.027 4.73248
1_3_10_100_5_5 25 75 50 1533874 53250310500 34716.2 30677.5 1065006210 8.09042e+09
1_3_10_100_6_6 25 75 0.655272 0.279387 1.44325 10.2501 210.01 4.78398
1_3_10_100_6_6 25 75 50 1532975 53546077500 34929.5 30659.5 1070921550 8.38608e+09
1_3_10_100_7_7 25 75 0.657561 0.277761 1.42358 10.3265 183.624 4.79382
1_3_10_100_7_7 25 75 50 1531839 53263767000 34771.1 30636.8 1065275340 8.33374e+09
1_3_10_100_8_8 25 75 0.657167 0.281476 1.4263 10.2785 144.111 4.73929
1_3_10_100_8_8 25 75 50 1533893 53233540500 34704.9 30677.9 1064670810 8.21522e+09
1_3_10_100_9_9 25 75 0.664997 0.280197 1.48371 10.3429 210.051 4.90378
1_3_10_100_9_9 25 75 50 1532657 53545542000 34936.4 30653.1 1070910840 8.52437e+09
