7_625_1000_100_0_0 25 75 0.697187 0.132334 0.523079 10.2009 314.436 2.33619
7_625_1000_100_0_0 25 75 50 1207846 26577135000 22003.7 24156.9 531542700 9.63458e+08
7_625_1000_100_1_1 25 75 0.697187 0.132334 0.523079 10.2009 314.436 2.33619
7_625_1000_100_1_1 25 75 50 1207846 26577135000 22003.7 24156.9 531542700 9.63458e+08
7_625_1000_100_2_2 25 75 0.738456 0.132408 0.52087 10.739 303.382 2.40693
7_625_1000_100_2_2 25 75 50 1207847 26576979000 22003.6 24156.9 531539580 1.01048e+09
7_625_1000_100_3_3 25 75 0.713506 0.132195 0.52627 10.5494 304.736 2.4209
7_625_1000_100_3_3 25 75 50 1207847 26577075000 22003.7 24156.9 531541500 9.89723e+08
7_625_1000_100_4_4 25 75 0.72398 0.13263 0.528432 10.7207 304.973 2.48295
7_625_1000_100_4_4 25 75 50 1207847 26577147000 22003.7 24156.9 531542940 9.82922e+08
7_625_1000_100_5_5 25 75 0.761786 0.133533 0.53244 10.6337 303.428 2.48395
7_625_1000_100_5_5 25 75 50 1207846 26576763000 22003.4 24156.9 531535260 1.03213e+09
7_625_1000_100_6_6 25 75 0.715595 0.133319 0.536869 10.9773 295.067 2.6341
7_625_1000_100_6_6 25 75 50 1207845 26577208500 22003.8 24156.9 531544170 9.74298e+08
7_625_1000_100_7_7 25 75 0.705272 0.13332 0.533069 10.6477 295.17 2.51506
7_625_1000_100_7_7 25 75 50 1207846 26576989500 22003.6 24156.9 531539790 9.59244e+08
7_625_1000_100_8_8 25 75 0.701054 0.132706 0.528511 10.5992 320.31 2.45885
7_625_1000_100_8_8 25 75 50 1207846 26577207000 22003.8 24156.9 531544140 9.66834e+08
7_625_1000_100_9_9 25 75 0.697781 0.132899 0.528634 10.5244 300.09 2.44286
7_625_1000_100_9_9 25 75 50 1207845 26576598000 22003.3 24156.9 531531960 9.72399e+08
