2_5_100_400_1_1 100 300 0.934825 0.200632 3.43385 16.512 482.056 8.47214
2_5_100_400_1_1 100 300 200 4258259 123017824500 28889.2 21291.3 6.15089e+08 4.78788e+09
2_5_100_400_2_2 100 300 0.944596 0.200757 3.45584 16.8533 503.181 8.57599
2_5_100_400_2_2 100 300 200 4258116 123066256500 28901.6 21290.6 6.15331e+08 4.75784e+09
2_5_100_400_3_3 100 300 0.929756 0.20075 3.36299 16.4371 503.16 8.44825
2_5_100_400_3_3 100 300 200 4258421 123067333500 28899.8 21292.1 6.15337e+08 4.74348e+09
2_5_100_400_4_4 100 300 0.944382 0.201011 3.48683 16.6904 502.504 8.55815
2_5_100_400_4_4 100 300 200 4257824 123014065500 28891.3 21289.1 6.1507e+08 4.79543e+09
2_5_100_400_5_5 100 300 0.934262 0.200359 3.41688 16.529 464.956 8.48679
2_5_100_400_5_5 100 300 200 4257798 123012712500 28891.2 21289 6.15064e+08 4.74868e+09
2_5_100_400_6_6 100 300 0.936928 0.200101 3.41834 16.5305 500.032 8.47258
2_5_100_400_6_6 100 300 200 4258020 123014620500 28890.1 21290.1 6.15073e+08 4.73299e+09
2_5_100_400_7_7 100 300 0.933066 0.200414 3.44121 16.2887 503.904 8.45253
2_5_100_400_7_7 100 300 200 4258090 123029080500 28893 21290.5 6.15145e+08 4.77297e+09
2_5_100_400_8_8 100 300 0.9331 0.200268 3.3721 16.5605 481.828 8.44927
2_5_100_400_8_8 100 300 200 4258149 123046831500 28896.8 21290.7 6.15234e+08 4.82386e+09
2_5_100_400_9_9 100 300 0.949569 0.200824 3.52556 16.7939 501.136 8.60844
2_5_100_400_9_9 100 300 200 4258181 123030328500 28892.7 21290.9 6.15152e+08 4.83837e+09
