11_5_10_1000_0_0 250 750 0.641162 0.117189 4.99207 10.0205 469.997 7.49677
11_5_10_1000_0_0 250 750 500 3517184 45624232500 12971.8 7034.37 91248465 9.37176e+07
11_5_10_1000_1_1 250 750 0.641162 0.117189 4.99207 10.0205 469.997 7.49677
11_5_10_1000_1_1 250 750 500 3517184 45624232500 12971.8 7034.37 91248465 9.37176e+07
11_5_10_1000_2_2 250 750 0.640547 0.117027 4.9955 10.0434 190.019 7.50974
11_5_10_1000_2_2 250 750 500 3517407 45618591000 12969.4 7034.81 91237182 9.38588e+07
11_5_10_1000_3_3 250 750 0.640484 0.117117 4.98203 10.0279 230.005 7.49186
11_5_10_1000_3_3 250 750 500 3517146 45618138000 12970.2 7034.29 91236276 9.38919e+07
11_5_10_1000_4_4 250 750 0.642355 0.117098 5.01694 10.0295 630.034 7.51033
11_5_10_1000_4_4 250 750 500 3516891 45617058000 12970.8 7033.78 91234116 9.42431e+07
11_5_10_1000_5_5 250 750 0.640972 0.11703 4.997 10.0551 110.079 7.50399
11_5_10_1000_5_5 250 750 500 3517456 45622699500 12970.4 7034.91 91245399 9.39408e+07
11_5_10_1000_6_6 250 750 0.640401 0.117183 4.97377 10.0319 999.989 7.47611
11_5_10_1000_6_6 250 750 500 3516900 45621588000 12972.1 7033.8 91243176 9.39705e+07
11_5_10_1000_7_7 250 750 0.640868 0.117027 5.01233 10.0144 719.98 7.5222
11_5_10_1000_7_7 250 750 500 3517625 45625122000 12970.4 7035.25 91250244 9.38824e+07
11_5_10_1000_8_8 250 750 0.641586 0.117153 4.96055 10.0082 1110.03 7.49432
11_5_10_1000_8_8 250 750 500 3516928 45619378500 12971.4 7033.86 91238757 9.38017e+07
11_5_10_1000_9_9 250 750 0.641223 0.117064 5.00045 10.0027 390.04 7.49667
11_5_10_1000_9_9 250 750 500 3516777 45619101000 12971.8 7033.55 91238202 9.37798e+07
