114_0_0_200_0_49 50 150 0.547975 0.165288 0.955711 10.3419 209.804 4.38491
114_0_0_200_0_49 50 150 100 3693547 128372224500 34755.8 36935.5 1283722245 8.35317e+09
114_0_0_200_50_99 50 150 0.539639 0.165353 0.940425 10.257 290.006 4.27445
114_0_0_200_50_99 50 150 100 3693663 128443407000 34774 36936.6 1284434070 8.18692e+09
114_0_0_200_100_149 50 150 0.531668 0.164548 0.934536 10.1896 249.639 4.22959
114_0_0_200_100_149 50 150 100 3692202 128160793500 34711.2 36922 1281607935 8.10789e+09
114_0_0_200_150_199 50 150 0.537831 0.166184 0.956408 10.2518 289.717 4.30775
114_0_0_200_150_199 50 150 100 3693219 128610891000 34823.5 36932.2 1286108910 8.19158e+09
114_0_0_200_200_249 50 150 0.542154 0.164792 0.943612 10.3448 166.212 4.32255
114_0_0_200_200_249 50 150 100 3694586 128736468000 34844.6 36945.9 1287364680 8.585e+09
114_0_0_200_250_299 50 150 0.530693 0.165228 0.946613 10.1766 224.891 4.27087
114_0_0_200_250_299 50 150 100 3619795 125769655500 34745 36197.9 1257696555 7.93164e+09
114_0_0_200_300_349 50 150 0.546843 0.165901 0.961635 10.3529 199.886 4.42236
114_0_0_200_300_349 50 150 100 3694524 128581560000 34803.3 36945.2 1285815600 8.44747e+09
114_0_0_200_350_399 50 150 0.531094 0.165691 0.942156 10.1885 161.434 4.23943
114_0_0_200_350_399 50 150 100 3696162 128525415000 34772.7 36961.6 1285254150 8.04704e+09
114_0_0_200_400_449 50 150 0.546742 0.166149 0.964687 10.3359 389.843 4.39578
114_0_0_200_400_449 50 150 100 3695298 128451925500 34760.9 36953 1284519255 8.25049e+09
114_0_0_200_450_499 50 150 0.552034 0.165594 0.970251 10.3718 243.969 4.41159
114_0_0_200_450_499 50 150 100 3694528 128034415500 34655.1 36945.3 1280344155 8.39559e+09
