2_5_10_320_0_0 80 240 0.64424 0.281576 1.43243 10.2641 390.049 4.65852
2_5_10_320_0_0 80 240 160 4986080 145193616000 29119.8 31163 907460100 4.00884e+09
2_5_10_320_1_1 80 240 0.64424 0.281576 1.43243 10.2641 390.049 4.65852
2_5_10_320_1_1 80 240 160 4986080 145193616000 29119.8 31163 907460100 4.00884e+09
2_5_10_320_2_2 80 240 0.641645 0.281511 1.43261 10.241 395.376 4.66061
2_5_10_320_2_2 80 240 160 4986068 145193527500 29119.8 31162.9 9.0746e+08 4.00569e+09
2_5_10_320_3_3 80 240 0.645773 0.281303 1.43661 10.2802 395.802 4.6761
2_5_10_320_3_3 80 240 160 4986074 145193686500 29119.8 31163 9.07461e+08 4.03133e+09
2_5_10_320_4_4 80 240 0.642303 0.281038 1.43029 10.2463 393.82 4.65308
2_5_10_320_4_4 80 240 160 4986078 145193823000 29119.8 31163 9.07461e+08 4.01411e+09
2_5_10_320_5_5 80 240 0.639449 0.280792 1.43037 10.2243 392.504 4.64347
2_5_10_320_5_5 80 240 160 4986078 145193875500 29119.9 31163 9.07462e+08 3.97778e+09
2_5_10_320_6_6 80 240 0.64005 0.281059 1.42579 10.2132 392.847 4.6246
2_5_10_320_6_6 80 240 160 4986072 145193421000 29119.8 31163 9.07459e+08 4.03649e+09
2_5_10_320_7_7 80 240 0.646479 0.281149 1.44102 10.3053 390.046 4.69917
2_5_10_320_7_7 80 240 160 4986073 145193574000 29119.8 31163 9.0746e+08 4.02956e+09
2_5_10_320_8_8 80 240 0.646116 0.282164 1.44469 10.2876 390.055 4.7005
2_5_10_320_8_8 80 240 160 4986072 145193809500 29119.9 31163 9.07461e+08 4.04556e+09
2_5_10_320_9_9 80 240 0.643401 0.280724 1.43151 10.247 390.029 4.66433
2_5_10_320_9_9 80 240 160 4986070 145193679000 29119.9 31162.9 9.0746e+08 4.03563e+09
