88_75_100_200_0_49 50 150 0.532478 0.170979 0.864344 10.163 405.62 3.86864
88_75_100_200_0_49 50 150 100 2874713 99831316500 34727.4 28747.1 998313165 5.9948e+09
88_75_100_200_50_99 50 150 0.524655 0.171865 0.863992 10.0705 375.728 3.83951
88_75_100_200_50_99 50 150 100 2875005 99661690500 34664.9 28750 996616905 5.88737e+09
88_75_100_200_100_149 50 150 0.512398 0.169517 0.834986 9.95857 369.908 3.67542
88_75_100_200_100_149 50 150 100 2873760 99514381500 34628.6 28737.6 995143815 5.88968e+09
88_75_100_200_150_199 50 150 0.526165 0.172091 0.867951 10.0719 177.839 3.85884
88_75_100_200_150_199 50 150 100 2875878 100023480000 34780.2 28758.8 1000234800 6.02039e+09
88_75_100_200_200_249 50 150 0.504404 0.171335 0.835966 9.84238 251.601 3.63626
88_75_100_200_200_249 50 150 100 2875439 99990741000 34774.1 28754.4 999907410 5.62147e+09
88_75_100_200_250_299 50 150 0.507733 0.169929 0.83375 9.83937 166.792 3.65958
88_75_100_200_250_299 50 150 100 2874657 99573786000 34638.5 28746.6 995737860 5.87867e+09
88_75_100_200_300_349 50 150 0.525951 0.171496 0.864205 10.0971 160.976 3.84703
88_75_100_200_300_349 50 150 100 2877169 99740883000 34666.3 28771.7 997408830 6.04187e+09
88_75_100_200_350_399 50 150 0.531569 0.171873 0.872999 10.163 278.893 3.92211
88_75_100_200_350_399 50 150 100 2877278 99843217500 34700.6 28772.8 998432175 6.11531e+09
88_75_100_200_400_449 50 150 0.513325 0.171361 0.852153 9.98445 419.696 3.75068
88_75_100_200_400_449 50 150 100 2877628 99775584000 34672.9 28776.3 997755840 5.79789e+09
88_75_100_200_450_499 50 150 0.532628 0.170284 0.864163 10.1577 177.768 3.87729
88_75_100_200_450_499 50 150 100 2876739 99499908000 34587.7 28767.4 994999080 6.1674e+09
