46_875_1000_200_0_49 50 150 0.508198 0.143747 0.868505 10.2104 182.952 4.14619
46_875_1000_200_0_49 50 150 100 1517035 53601370500 35333 15170.4 536013705 2.91296e+09
46_875_1000_200_50_99 50 150 0.511978 0.141498 0.850177 10.221 230.408 4.09937
46_875_1000_200_50_99 50 150 100 1517343 53717343000 35402.2 15173.4 537173430 2.98203e+09
46_875_1000_200_100_149 50 150 0.516136 0.141747 0.850281 10.2547 221.188 4.10087
46_875_1000_200_100_149 50 150 100 1517702 53709334500 35388.6 15177 537093345 3.07418e+09
46_875_1000_200_150_199 50 150 0.515944 0.145 0.894308 10.2563 293.86 4.22277
46_875_1000_200_150_199 50 150 100 1518680 53973945000 35540 15186.8 539739450 3.0071e+09
46_875_1000_200_200_249 50 150 0.508313 0.143959 0.872202 10.2207 145.881 4.13123
46_875_1000_200_200_249 50 150 100 1519015 53938621500 35508.9 15190.1 539386215 2.97746e+09
46_875_1000_200_250_299 50 150 0.512395 0.144035 0.878065 10.2796 156.453 4.17838
46_875_1000_200_250_299 50 150 100 1518305 53896660500 35497.9 15183 538966605 3.00571e+09
46_875_1000_200_300_349 50 150 0.517014 0.142488 0.867643 10.2517 189.992 4.18856
46_875_1000_200_300_349 50 150 100 1519391 53696841000 35341 15193.9 536968410 2.97364e+09
46_875_1000_200_350_399 50 150 0.507451 0.143103 0.862383 10.1497 243.027 4.06831
46_875_1000_200_350_399 50 150 100 1519473 53818950000 35419.5 15194.7 538189500 2.94555e+09
46_875_1000_200_400_449 50 150 0.510918 0.143824 0.86528 10.1909 288.933 4.14095
46_875_1000_200_400_449 50 150 100 1519618 53885208000 35459.7 15196.2 538852080 2.97598e+09
46_875_1000_200_450_499 50 150 0.508466 0.141984 0.855919 10.238 397.438 4.11467
46_875_1000_200_450_499 50 150 100 1519104 53419287000 35165 15191 534192870 2.83143e+09
