32_0_0_200_0_0 50 150 0.584283 0.191892 1.41483 10.3354 118.061 5.31429
32_0_0_200_0_0 50 150 100 562706 19649161500 34919.1 5627.06 196491615 1.42334e+09
32_0_0_200_1_1 50 150 0.584283 0.191892 1.41483 10.3354 118.061 5.31429
32_0_0_200_1_1 50 150 100 562706 19649161500 34919.1 5627.06 196491615 1.42334e+09
32_0_0_200_2_2 50 150 0.582963 0.193059 1.41387 10.3097 199.844 5.23413
32_0_0_200_2_2 50 150 100 562695 19631662500 34888.6 5626.95 196316625 1.45399e+09
32_0_0_200_3_3 50 150 0.578589 0.193195 1.37835 10.2256 99.9533 5.17854
32_0_0_200_3_3 50 150 100 562705 19657825500 34934.5 5627.05 196578255 1.47496e+09
32_0_0_200_4_4 50 150 0.606426 0.198055 1.52623 10.5032 140.054 5.44535
32_0_0_200_4_4 50 150 100 562388 19790214000 35189.6 5623.88 197902140 1.57529e+09
32_0_0_200_5_5 50 150 0.575738 0.192696 1.36909 10.232 126.412 5.15037
32_0_0_200_5_5 50 150 100 562263 19626630000 34906.5 5622.63 196266300 1.45728e+09
32_0_0_200_6_6 50 150 0.613162 0.196931 1.56106 10.4666 144.847 5.55142
32_0_0_200_6_6 50 150 100 561806 19656556500 34988.2 5618.06 196565565 1.5495e+09
32_0_0_200_7_7 50 150 0.576274 0.19309 1.40571 10.2138 137.321 5.20231
32_0_0_200_7_7 50 150 100 561627 19517649000 34752 5616.27 195176490 1.38281e+09
32_0_0_200_8_8 50 150 0.601698 0.197312 1.53933 10.3501 359.991 5.45169
32_0_0_200_8_8 50 150 100 561523 19727860500 35132.8 5615.23 197278605 1.48187e+09
32_0_0_200_9_9 50 150 0.58712 0.195702 1.43967 10.3249 130.038 5.28162
32_0_0_200_9_9 50 150 100 562086 19548214500 34778 5620.86 195482145 1.39789e+09
