0_4875_10000_240_0_0 60 180 1.81714 0.0653592 0.386361 9.48274 2150.13 1.03649
0_4875_10000_240_0_0 60 180 120 1506443 38566680000 25601.2 12553.7 321389000 1.00479e+09
0_4875_10000_240_1_1 60 180 1.81714 0.0653592 0.386361 9.48274 2150.13 1.03649
0_4875_10000_240_1_1 60 180 120 1506443 38566680000 25601.2 12553.7 321389000 1.00479e+09
0_4875_10000_240_2_2 60 180 1.76393 0.0655694 0.384679 9.58376 2106.25 1.01129
0_4875_10000_240_2_2 60 180 120 1505327 38676996000 25693.4 12544.4 322308300 1.03082e+09
0_4875_10000_240_3_3 60 180 1.6223 0.0653811 0.3856 9.09515 1150.79 1.01836
0_4875_10000_240_3_3 60 180 120 1506897 38569345500 25595.2 12557.5 3.21411e+08 9.52744e+08
0_4875_10000_240_4_4 60 180 1.55879 0.0657048 0.395104 9.20205 1147.69 1.0326
0_4875_10000_240_4_4 60 180 120 1507322 38817778500 25752.8 12561 3.23481e+08 9.40411e+08
0_4875_10000_240_5_5 60 180 1.66656 0.0656176 0.392425 9.62899 1180.08 1.0773
0_4875_10000_240_5_5 60 180 120 1505760 38747317500 25732.7 12548 3.22894e+08 9.85807e+08
0_4875_10000_240_6_6 60 180 1.68396 0.0655028 0.39362 10.1238 1130.35 1.15461
0_4875_10000_240_6_6 60 180 120 1505193 38573112000 25626.7 12543.3 321442600 9.3921e+08
0_4875_10000_240_7_7 60 180 1.78199 0.0655352 0.395521 10.1603 1188.76 1.17405
0_4875_10000_240_7_7 60 180 120 1504798 38520687000 25598.6 12540 321005725 9.90711e+08
0_4875_10000_240_8_8 60 180 1.52117 0.0653472 0.391487 9.61383 1181.78 1.0727
0_4875_10000_240_8_8 60 180 120 1506984 38455576500 25518.2 12558.2 3.20463e+08 8.97713e+08
0_4875_10000_240_9_9 60 180 1.79334 0.0654858 0.399028 9.96185 1174.12 1.15875
0_4875_10000_240_9_9 60 180 120 1506292 38625930000 25643.1 12552.4 321882750 1.04316e+09
