0_9875_10000_320_0_0 80 240 2.95664 0.064144 0.419691 9.37584 4160.32 1.27399
0_9875_10000_320_0_0 80 240 160 2292935 59803687500 26081.7 14330.8 3.73773e+08 2.78012e+09
0_9875_10000_320_1_1 80 240 2.95664 0.064144 0.419691 9.37584 4160.32 1.27399
0_9875_10000_320_1_1 80 240 160 2292935 59803687500 26081.7 14330.8 3.73773e+08 2.78012e+09
0_9875_10000_320_2_2 80 240 2.77447 0.0642611 0.420025 9.14339 4161.09 1.23818
0_9875_10000_320_2_2 80 240 160 2293530 59810614500 26078 14334.6 3.73816e+08 2.76979e+09
0_9875_10000_320_3_3 80 240 2.90494 0.064307 0.423323 8.95723 4200.36 1.23244
0_9875_10000_320_3_3 80 240 160 2293460 59828010000 26086.4 14334.1 3.73925e+08 2.80462e+09
0_9875_10000_320_4_4 80 240 2.91004 0.0642455 0.420545 9.233 4192.32 1.25293
0_9875_10000_320_4_4 80 240 160 2293431 59797123500 26073.2 14333.9 3.73732e+08 2.70405e+09
0_9875_10000_320_5_5 80 240 2.77821 0.0642205 0.420477 9.09422 2143.68 1.24802
0_9875_10000_320_5_5 80 240 160 2293181 59811582000 26082.4 14332.4 3.73822e+08 2.76889e+09
0_9875_10000_320_6_6 80 240 3.08927 0.0642763 0.421677 9.58642 4162.78 1.30348
0_9875_10000_320_6_6 80 240 160 2293192 59820796500 26086.3 14332.5 3.7388e+08 2.84997e+09
0_9875_10000_320_7_7 80 240 2.84482 0.0641984 0.42151 9.17052 4199.11 1.27097
0_9875_10000_320_7_7 80 240 160 2293188 59823888000 26087.7 14332.4 373899300 2.68752e+09
0_9875_10000_320_8_8 80 240 3.07437 0.0641448 0.423645 9.58564 8259.2 1.33198
0_9875_10000_320_8_8 80 240 160 2293154 59794083000 26075 14332.2 3.73713e+08 2.9321e+09
0_9875_10000_320_9_9 80 240 2.93249 0.0642473 0.420776 9.5547 4210.18 1.30571
0_9875_10000_320_9_9 80 240 160 2293169 59813460000 26083.3 14332.3 373834125 2.77455e+09
