13_75_100_640_0_0 160 480 0.760362 0.0862123 0.47694 10.0815 730.857 2.41573
13_75_100_640_0_0 160 480 320 570532 19936188000 34943.2 1782.91 6.23006e+07 4.9505e+08
13_75_100_640_1_1 160 480 0.760362 0.0862123 0.47694 10.0815 730.857 2.41573
13_75_100_640_1_1 160 480 320 570532 19936188000 34943.2 1782.91 6.23006e+07 4.9505e+08
13_75_100_640_2_2 160 480 0.578145 0.0855259 0.475094 9.53787 629.749 2.31894
13_75_100_640_2_2 160 480 320 570656 19906728000 34883.9 1783.3 62208525 3.87951e+08
13_75_100_640_3_3 160 480 0.589303 0.0863444 0.480822 9.44436 620.557 2.30735
13_75_100_640_3_3 160 480 320 570599 20000037000 35050.9 1783.12 6.25001e+07 4.42558e+08
13_75_100_640_4_4 160 480 0.655639 0.0880912 0.517226 10.3703 659.897 2.89094
13_75_100_640_4_4 160 480 320 570091 20067598500 35200.7 1781.53 6.27112e+07 4.62006e+08
13_75_100_640_5_5 160 480 0.568921 0.0857159 0.471465 9.63786 707.641 2.3019
13_75_100_640_5_5 160 480 320 570506 19892388000 34868 1782.83 6.21637e+07 4.01391e+08
13_75_100_640_6_6 160 480 0.743 0.08706 0.507649 10.4382 659.921 2.803
13_75_100_640_6_6 160 480 320 569882 19942663500 34994.4 1780.88 6.23208e+07 4.86045e+08
13_75_100_640_7_7 160 480 0.613627 0.0858464 0.477699 9.78712 650.004 2.38932
13_75_100_640_7_7 160 480 320 569630 19885876500 34910.2 1780.09 6.21434e+07 4.66989e+08
13_75_100_640_8_8 160 480 0.621069 0.0880636 0.496477 9.9123 760.78 2.6043
13_75_100_640_8_8 160 480 320 569281 20046882000 35214.4 1779 6.26465e+07 3.80828e+08
13_75_100_640_9_9 160 480 0.546731 0.0862441 0.485143 9.66403 669.266 2.43466
13_75_100_640_9_9 160 480 320 569852 19846965000 34828.3 1780.79 6.20218e+07 4.01843e+08
