3_25_100_100_0_0 25 75 0.585462 0.0924344 1.53922 11.2714 31.2534 6.38853
3_25_100_100_0_0 25 75 50 3804 130611000 34335.2 76.08 2612220 7.09835e+06
3_25_100_100_1_1 25 75 0.585462 0.0924344 1.53922 11.2714 31.2534 6.38853
3_25_100_100_1_1 25 75 50 3804 130611000 34335.2 76.08 2612220 7.09835e+06
3_25_100_100_2_2 25 75 0.245876 0.0663835 0.365117 6.79231 12.8352 1.63097
3_25_100_100_2_2 25 75 50 3738 117430500 31415.3 74.76 2348610 2.5397e+06
3_25_100_100_3_3 25 75 0.485632 0.0674553 0.717788 11.3017 45.2696 4.47218
3_25_100_100_3_3 25 75 50 3808 118291500 31063.9 76.16 2365830 5.289e+06
3_25_100_100_4_4 25 75 0.441351 0.107371 1.0461 9.9714 21.7135 4.58411
3_25_100_100_4_4 25 75 50 3743 138357000 36964.2 74.86 2767140 6.20094e+06
3_25_100_100_5_5 25 75 0.539003 0.0711139 0.552922 15.925 50.1845 4.38005
3_25_100_100_5_5 25 75 50 3752 127095000 33873.9 75.04 2541900 4.7572e+06
3_25_100_100_6_6 25 75 0.287982 0.0839859 0.483162 7.79706 13.5775 2.16183
3_25_100_100_6_6 25 75 50 3710 130080000 35062 74.2 2601600 5.51088e+06
3_25_100_100_7_7 25 75 0.370128 0.0845886 0.646316 9.63609 26.5538 2.97971
3_25_100_100_7_7 25 75 50 3791 134541000 35489.6 75.82 2690820 5.72569e+06
3_25_100_100_8_8 25 75 0.33186 0.0770017 0.489611 9.38476 14.425 2.83304
3_25_100_100_8_8 25 75 50 3721 114121500 30669.6 74.42 2282430 1.84581e+06
3_25_100_100_9_9 25 75 0.282894 0.0649445 0.35374 8.73687 17.4321 1.77194
3_25_100_100_9_9 25 75 50 3674 113821500 30980.3 73.48 2276430 4.22629e+06
