8_25_100_1000_0_0 250 750 0.562232 0.126984 1.87417 9.98115 479.705 5.53084
8_25_100_1000_0_0 250 750 500 610271 21427818000 35112 1220.54 42855636 3.4999e+08
8_25_100_1000_1_1 250 750 0.562232 0.126984 1.87417 9.98115 479.705 5.53084
8_25_100_1000_1_1 250 750 500 610271 21427818000 35112 1220.54 42855636 3.4999e+08
8_25_100_1000_2_2 250 750 0.54322 0.126842 1.75926 9.78687 115.287 5.30125
8_25_100_1000_2_2 250 750 500 608499 21007378500 34523.3 1217 42014757 3.17727e+08
8_25_100_1000_3_3 250 750 0.548928 0.1265 1.82743 9.82343 80.937 5.32638
8_25_100_1000_3_3 250 750 500 608478 20932483500 34401.4 1216.96 41864967 3.15016e+08
8_25_100_1000_4_4 250 750 0.566431 0.127529 1.93238 9.93571 148.025 5.64989
8_25_100_1000_4_4 250 750 500 607520 21498400500 35387.1 1215.04 42996801 3.52189e+08
8_25_100_1000_5_5 250 750 0.572378 0.127304 1.943 10.1381 96.3558 5.6872
8_25_100_1000_5_5 250 750 500 606934 21376195500 35220 1213.87 42752391 3.4716e+08
8_25_100_1000_6_6 250 750 0.556373 0.126672 1.87567 9.9039 279.73 5.46434
8_25_100_1000_6_6 250 750 500 607276 21006259500 34591 1214.55 42012519 3.43075e+08
8_25_100_1000_7_7 250 750 0.552997 0.1264 1.7678 9.94886 647.753 5.41706
8_25_100_1000_7_7 250 750 500 608015 21080466000 34671 1216.03 42160932 3.39011e+08
8_25_100_1000_8_8 250 750 0.556939 0.127223 1.88188 9.94357 119.814 5.49023
8_25_100_1000_8_8 250 750 500 609948 21215035500 34781.7 1219.9 42430071 3.28841e+08
8_25_100_1000_9_9 250 750 0.552131 0.126759 1.84384 9.88881 360.016 5.41446
8_25_100_1000_9_9 250 750 500 606853 21050200500 34687.5 1213.71 42100401 3.23721e+08
