6_375_1000_1000_0_0 250 750 0.50267 0.104244 1.42642 9.81778 195.21 5.01941
6_375_1000_1000_0_0 250 750 500 471307 16519107000 35049.6 942.614 33038214 2.25973e+08
6_375_1000_1000_1_1 250 750 0.50267 0.104244 1.42642 9.81778 195.21 5.01941
6_375_1000_1000_1_1 250 750 500 471307 16519107000 35049.6 942.614 33038214 2.25973e+08
6_375_1000_1000_2_2 250 750 0.500461 0.10451 1.40479 9.93056 81.6665 4.97014
6_375_1000_1000_2_2 250 750 500 470239 16221958500 34497.3 940.478 32443917 2.2128e+08
6_375_1000_1000_3_3 250 750 0.492469 0.10406 1.39011 9.64954 96.7308 4.82084
6_375_1000_1000_3_3 250 750 500 470137 16162005000 34377.2 940.274 32324010 2.11814e+08
6_375_1000_1000_4_4 250 750 0.516967 0.105105 1.4892 9.94545 101.093 5.14358
6_375_1000_1000_4_4 250 750 500 469457 16641858000 35449.2 938.914 33283716 2.41982e+08
6_375_1000_1000_5_5 250 750 0.52086 0.104701 1.55136 10.2482 104.885 5.28875
6_375_1000_1000_5_5 250 750 500 469032 16529133000 35240.9 938.064 33058266 2.22902e+08
6_375_1000_1000_6_6 250 750 0.496442 0.104093 1.40076 9.76677 115.482 4.90084
6_375_1000_1000_6_6 250 750 500 469078 16249993500 34642.4 938.156 32499987 2.30123e+08
6_375_1000_1000_7_7 250 750 0.500288 0.1042 1.38148 9.83606 87.7352 4.9646
6_375_1000_1000_7_7 250 750 500 470133 16307340000 34686.7 940.266 32614680 2.21346e+08
6_375_1000_1000_8_8 250 750 0.496131 0.104643 1.39889 9.83922 130.148 4.93861
6_375_1000_1000_8_8 250 750 500 471299 16332355500 34653.9 942.598 32664711 2.15292e+08
6_375_1000_1000_9_9 250 750 0.496454 0.103866 1.38155 9.85757 159.906 4.92105
6_375_1000_1000_9_9 250 750 500 468915 16224322500 34599.7 937.83 32448645 2.1563e+08
