1_26562_100000_240_0_0 60 180 0.727057 0.117553 0.582853 10.0272 495.72 2.31261
1_26562_100000_240_0_0 60 180 120 3910379 100367353500 25666.9 32586.5 8.36395e+08 2.49039e+09
1_26562_100000_240_1_1 60 180 0.727057 0.117553 0.582853 10.0272 495.72 2.31261
1_26562_100000_240_1_1 60 180 120 3910379 100367353500 25666.9 32586.5 8.36395e+08 2.49039e+09
1_26562_100000_240_2_2 60 180 0.708541 0.117121 0.581409 9.77067 479.24 2.24936
1_26562_100000_240_2_2 60 180 120 3908270 100156806000 25626.9 32568.9 834640050 2.4975e+09
1_26562_100000_240_3_3 60 180 0.73984 0.117107 0.583304 10.1344 507.815 2.35417
1_26562_100000_240_3_3 60 180 120 3910296 100141144500 25609.6 32585.8 8.3451e+08 2.5109e+09
1_26562_100000_240_4_4 60 180 0.727831 0.117341 0.586338 10.1044 530.055 2.34908
1_26562_100000_240_4_4 60 180 120 3910703 100177201500 25616.2 32589.2 8.3481e+08 2.55409e+09
1_26562_100000_240_5_5 60 180 0.732783 0.117662 0.587549 10.108 462.584 2.37727
1_26562_100000_240_5_5 60 180 120 3911537 100405585500 25669.1 32596.1 8.36713e+08 2.53348e+09
1_26562_100000_240_6_6 60 180 0.716762 0.117243 0.580676 9.87818 479.151 2.27456
1_26562_100000_240_6_6 60 180 120 3910050 100184107500 25622.2 32583.8 8.34868e+08 2.45961e+09
1_26562_100000_240_7_7 60 180 0.698806 0.117281 0.584821 9.8654 455.078 2.27006
1_26562_100000_240_7_7 60 180 120 3908693 100041322500 25594.6 32572.4 8.33678e+08 2.42158e+09
1_26562_100000_240_8_8 60 180 0.723838 0.116969 0.577888 9.94206 434.258 2.259
1_26562_100000_240_8_8 60 180 120 3911707 100159431000 25605 32597.6 834661925 2.4655e+09
1_26562_100000_240_9_9 60 180 0.710687 0.117043 0.587097 9.98197 375.976 2.33817
1_26562_100000_240_9_9 60 180 120 3908804 100201905000 25634.9 32573.4 835015875 2.45238e+09
