1_1875_10000_100_0_0 25 75 0.654288 0.286752 1.44855 10.1051 170.059 4.66535
1_1875_10000_100_0_0 25 75 50 1397734 48640783500 34799.7 27954.7 972815670 7.50636e+09
1_1875_10000_100_1_1 25 75 0.654288 0.286752 1.44855 10.1051 170.059 4.66535
1_1875_10000_100_1_1 25 75 50 1397734 48640783500 34799.7 27954.7 972815670 7.50636e+09
1_1875_10000_100_2_2 25 75 0.642721 0.282895 1.39875 10.0378 220.037 4.51381
1_1875_10000_100_2_2 25 75 50 1398474 48805899000 34899.4 27969.5 976117980 7.54744e+09
1_1875_10000_100_3_3 25 75 0.636028 0.283842 1.39361 9.93313 140.026 4.47482
1_1875_10000_100_3_3 25 75 50 1398895 48702934500 34815.3 27977.9 974058690 7.39643e+09
1_1875_10000_100_4_4 25 75 0.631194 0.280633 1.34655 9.94916 210.04 4.40028
1_1875_10000_100_4_4 25 75 50 1398698 48810951000 34897.4 27974 976219020 7.45913e+09
1_1875_10000_100_5_5 25 75 0.629144 0.280687 1.35073 9.89008 150.013 4.34629
1_1875_10000_100_5_5 25 75 50 1399578 48528969000 34674 27991.6 970579380 7.27601e+09
1_1875_10000_100_6_6 25 75 0.624517 0.280046 1.34009 9.85219 180.044 4.32327
1_1875_10000_100_6_6 25 75 50 1397912 48793384500 34904.5 27958.2 975867690 7.31534e+09
1_1875_10000_100_7_7 25 75 0.633349 0.282786 1.38043 9.99846 163.929 4.43942
1_1875_10000_100_7_7 25 75 50 1397478 48279322500 34547.5 27949.6 965586450 7.14491e+09
1_1875_10000_100_8_8 25 75 0.639809 0.285218 1.40811 9.96105 190.026 4.5053
1_1875_10000_100_8_8 25 75 50 1399093 48607621500 34742.2 27981.9 972152430 7.28757e+09
1_1875_10000_100_9_9 25 75 0.636224 0.281546 1.38154 9.95462 172.808 4.44609
1_1875_10000_100_9_9 25 75 50 1398433 48819987000 34910.5 27968.7 976399740 7.45493e+09
