13_75_100_640_0_0 160 480 0.683117 0.102499 0.510999 9.92453 755.792 2.5054
13_75_100_640_0_0 160 480 320 570532 19936188000 34943.2 1782.91 6.23006e+07 4.80861e+08
13_75_100_640_1_1 160 480 0.683117 0.102499 0.510999 9.92453 755.792 2.5054
13_75_100_640_1_1 160 480 320 570532 19936188000 34943.2 1782.91 6.23006e+07 4.80861e+08
13_75_100_640_2_2 160 480 0.66729 0.102828 0.514646 9.73831 748.213 2.46791
13_75_100_640_2_2 160 480 320 570656 19896786000 34866.5 1783.3 6.21775e+07 4.76269e+08
13_75_100_640_3_3 160 480 0.47789 0.102597 0.48098 8.25687 607.282 1.93741
13_75_100_640_3_3 160 480 320 570599 20000673000 35052.1 1783.12 6.25021e+07 3.29172e+08
13_75_100_640_4_4 160 480 0.627435 0.102662 0.494332 9.08857 721.821 2.225
13_75_100_640_4_4 160 480 320 570091 20065615500 35197.2 1781.53 6.2705e+07 4.16283e+08
13_75_100_640_5_5 160 480 0.562496 0.102005 0.482313 8.73495 1049.53 2.05156
13_75_100_640_5_5 160 480 320 570506 19895349000 34873.2 1782.83 6.2173e+07 3.39348e+08
13_75_100_640_6_6 160 480 0.504934 0.103534 0.50216 9.27381 610.169 2.29432
13_75_100_640_6_6 160 480 320 569882 19942662000 34994.4 1780.88 6.23208e+07 3.51391e+08
13_75_100_640_7_7 160 480 0.594179 0.10186 0.48727 8.42817 640.472 2.03024
13_75_100_640_7_7 160 480 320 569630 19885878000 34910.2 1780.09 6.21434e+07 3.38773e+08
13_75_100_640_8_8 160 480 0.634103 0.102873 0.482644 8.40106 736.685 1.96204
13_75_100_640_8_8 160 480 320 569281 20046852000 35214.3 1779 6.26464e+07 3.90766e+08
13_75_100_640_9_9 160 480 0.576649 0.101665 0.481115 8.62193 625.439 2.00262
13_75_100_640_9_9 160 480 320 569852 19848259500 34830.6 1780.79 6.20258e+07 3.3684e+08
