14_0_0_640_0_0 160 480 0.701977 0.105179 0.517867 10.0332 713.069 2.56214
14_0_0_640_0_0 160 480 320 581094 20314515000 34959.1 1815.92 6.34829e+07 4.66648e+08
14_0_0_640_1_1 160 480 0.701977 0.105179 0.517867 10.0332 713.069 2.56214
14_0_0_640_1_1 160 480 320 581094 20314515000 34959.1 1815.92 6.34829e+07 4.66648e+08
14_0_0_640_2_2 160 480 0.585411 0.10532 0.515785 9.5401 601.894 2.42071
14_0_0_640_2_2 160 480 320 580971 20240955000 34839.9 1815.53 6.3253e+07 4.04136e+08
14_0_0_640_3_3 160 480 0.656738 0.105356 0.506179 9.24825 663.584 2.29976
14_0_0_640_3_3 160 480 320 581090 20392201500 35093 1815.91 6.37256e+07 4.90449e+08
14_0_0_640_4_4 160 480 0.705135 0.104605 0.522746 10.0186 722.386 2.58024
14_0_0_640_4_4 160 480 320 580484 20404327500 35150.5 1814.01 6.37635e+07 5.44284e+08
14_0_0_640_5_5 160 480 0.741763 0.103396 0.505903 9.74767 700.299 2.41293
14_0_0_640_5_5 160 480 320 580933 20225368500 34815.3 1815.42 6.32043e+07 5.08559e+08
14_0_0_640_6_6 160 480 0.797309 0.105917 0.545774 10.1928 764.636 2.82068
14_0_0_640_6_6 160 480 320 580245 20292831000 34972.9 1813.27 6.34151e+07 5.23628e+08
14_0_0_640_7_7 160 480 0.677664 0.104714 0.512986 9.84308 712.084 2.47886
14_0_0_640_7_7 160 480 320 580013 20220105000 34861.5 1812.54 6.31878e+07 4.40263e+08
14_0_0_640_8_8 160 480 0.77106 0.103861 0.513843 9.7802 771.782 2.44139
14_0_0_640_8_8 160 480 320 579648 20344800000 35098.5 1811.4 63577500 5.36385e+08
14_0_0_640_9_9 160 480 0.65662 0.104722 0.520035 9.66636 673.02 2.4944
14_0_0_640_9_9 160 480 320 580318 20242786500 34882.2 1813.49 6.32587e+07 4.07699e+08
