1_825_1000_400_1_1 100 300 0.503287 0.15107 1.03413 9.7361 436.04 3.77421
1_825_1000_400_1_1 100 300 200 3791306 109685706000 28930.9 18956.5 548428530 2.15241e+09
1_825_1000_400_2_2 100 300 0.506451 0.151166 1.03241 9.81709 482.118 3.80469
1_825_1000_400_2_2 100 300 200 3790973 109614231000 28914.5 18954.9 548071155 2.16319e+09
1_825_1000_400_3_3 100 300 0.500133 0.151033 1.02057 9.70472 460.032 3.71995
1_825_1000_400_3_3 100 300 200 3790727 109546870500 28898.6 18953.6 5.47734e+08 2.14654e+09
1_825_1000_400_4_4 100 300 0.506168 0.150303 1.02355 9.80134 466.154 3.78158
1_825_1000_400_4_4 100 300 200 3790091 109389115500 28861.9 18950.5 5.46946e+08 2.16326e+09
1_825_1000_400_5_5 100 300 0.505156 0.150173 1.0237 9.79608 440.072 3.78108
1_825_1000_400_5_5 100 300 200 3790911 109416996000 28863 18954.6 547084980 2.14885e+09
1_825_1000_400_6_6 100 300 0.508481 0.150978 1.03171 9.78922 462.019 3.80437
1_825_1000_400_6_6 100 300 200 3790793 109606584000 28913.9 18954 548032920 2.19291e+09
1_825_1000_400_7_7 100 300 0.500659 0.150014 1.02129 9.67798 454.209 3.74259
1_825_1000_400_7_7 100 300 200 3790404 109453207500 28876.4 18952 5.47266e+08 2.14034e+09
1_825_1000_400_8_8 100 300 0.500047 0.150021 1.01298 9.78024 449.994 3.73113
1_825_1000_400_8_8 100 300 200 3790542 109478424000 28882 18952.7 547392120 2.14142e+09
1_825_1000_400_9_9 100 300 0.502708 0.150803 1.02061 9.74644 432.988 3.74475
1_825_1000_400_9_9 100 300 200 3790791 109653399000 28926.3 18954 548266995 2.15924e+09
