7_25_100_640_0_0 160 480 0.983249 0.074885 0.442862 15.5642 669.853 3.16402
7_25_100_640_0_0 160 480 320 300837 10477029000 34826.3 940.116 3.27407e+07 2.94908e+08
7_25_100_640_1_1 160 480 0.983249 0.074885 0.442862 15.5642 669.853 3.16402
7_25_100_640_1_1 160 480 320 300837 10477029000 34826.3 940.116 3.27407e+07 2.94908e+08
7_25_100_640_2_2 160 480 0.69875 0.0750844 0.422841 10.2697 675.907 2.437
7_25_100_640_2_2 160 480 320 300529 10483254000 34882.7 939.153 3.27602e+07 2.23507e+08
7_25_100_640_3_3 160 480 1.01573 0.0755399 0.428605 11.5196 679.193 2.68621
7_25_100_640_3_3 160 480 320 301087 10543530000 35018.2 940.897 3.29485e+07 2.94729e+08
7_25_100_640_4_4 160 480 1.01323 0.0750684 0.413259 11.0324 726.952 2.53126
7_25_100_640_4_4 160 480 320 300606 10543087500 35072.8 939.394 3.29471e+07 2.21073e+08
7_25_100_640_5_5 160 480 0.766854 0.0753547 0.437343 11.7308 569.159 2.79325
7_25_100_640_5_5 160 480 320 300709 10437853500 34710.8 939.716 3.26183e+07 2.37226e+08
7_25_100_640_6_6 160 480 1.15274 0.0753158 0.439395 11.7451 657.161 2.84352
7_25_100_640_6_6 160 480 320 300599 10485132000 34880.8 939.372 3.2766e+07 2.90767e+08
7_25_100_640_7_7 160 480 0.711888 0.0751208 0.422648 10.4819 677.302 2.44788
7_25_100_640_7_7 160 480 320 300338 10563352500 35171.5 938.556 3.30105e+07 2.01273e+08
7_25_100_640_8_8 160 480 0.725772 0.0753107 0.440856 11.3499 667.196 2.82992
7_25_100_640_8_8 160 480 320 300117 10561960500 35192.8 937.866 3.30061e+07 2.12615e+08
7_25_100_640_9_9 160 480 0.656028 0.0759492 0.426733 10.1533 615.337 2.38624
7_25_100_640_9_9 160 480 320 300612 10554000000 35108.4 939.413 32981250 1.75832e+08
