0_31875_100000_100_0_0 25 75 0.612294 0.279308 1.32274 9.69598 142.823 4.28028
0_31875_100000_100_0_0 25 75 50 1423666 49606095000 34843.9 28473.3 992121900 7.12155e+09
0_31875_100000_100_1_1 25 75 0.612294 0.279308 1.32274 9.69598 142.823 4.28028
0_31875_100000_100_1_1 25 75 50 1423666 49606095000 34843.9 28473.3 992121900 7.12155e+09
0_31875_100000_100_2_2 25 75 0.603109 0.275888 1.27432 9.66079 231.741 4.16545
0_31875_100000_100_2_2 25 75 50 1421897 49687381500 34944.4 28437.9 993747630 7.15166e+09
0_31875_100000_100_3_3 25 75 0.60575 0.277035 1.29391 9.72029 180.032 4.18703
0_31875_100000_100_3_3 25 75 50 1422190 49585486500 34865.6 28443.8 991709730 7.1813e+09
0_31875_100000_100_4_4 25 75 0.620445 0.280358 1.36017 9.85172 170.038 4.37506
0_31875_100000_100_4_4 25 75 50 1423512 49551894000 34809.6 28470.2 991037880 7.19418e+09
0_31875_100000_100_5_5 25 75 0.623327 0.280481 1.36429 9.87931 225.199 4.41111
0_31875_100000_100_5_5 25 75 50 1424114 49814562000 34979.3 28482.3 996291240 7.36902e+09
0_31875_100000_100_6_6 25 75 0.609165 0.277219 1.30465 9.73663 141.532 4.24629
0_31875_100000_100_6_6 25 75 50 1420910 49559746500 34878.9 28418.2 991194930 7.14876e+09
0_31875_100000_100_7_7 25 75 0.619215 0.279135 1.35451 9.8306 130.063 4.39999
0_31875_100000_100_7_7 25 75 50 1421376 49675698000 34949 28427.5 993513960 7.29817e+09
0_31875_100000_100_8_8 25 75 0.614154 0.278958 1.32066 9.75301 110.05 4.28313
0_31875_100000_100_8_8 25 75 50 1422679 49705492500 34938 28453.6 994109850 7.26853e+09
0_31875_100000_100_9_9 25 75 0.617298 0.280147 1.3392 9.79483 151.755 4.33166
0_31875_100000_100_9_9 25 75 50 1421862 49697679000 34952.5 28437.2 993953580 7.32233e+09
