54 27 0 54 27 0.046875
54 27 1 54 0 0.015625
54 27 2 54 1 0.015625
54 27 3 54 2 0.015625
54 27 4 54 3 0.015625
54 27 5 54 4 0.03125
54 27 6 54 5 0.015625
54 27 7 54 31 0.015625
54 27 8 54 32 0.03125
54 27 9 54 33 0.015625
54 27 10 54 34 0.015625
54 27 11 54 35 0.015625
54 27 13 54 37 0.015625
54 27 14 54 24 0.015625
54 27 15 54 24 0.015625
54 27 16 54 24 0.015625
54 27 21 54 26 0.015625
54 27 22 54 26 0.015625
54 27 23 54 26 0.015625
54 27 27 54 28 0.015625
54 27 35 54 29 0.015625
54 27 40 54 30 0.015625
54 27 48 54 5 0.015625
54 27 50 54 31 0.015625
54 27 51 54 33 0.015625
54 27 55 54 36 0.015625
54 27 59 54 18 0.015625
54 27 62 54 20 0.015625
54 27 64 54 21 0.015625
54 27 65 54 22 0.015625
54 27 68 54 23 0.015625
54 27 70 54 0 0.015625
54 27 71 54 25 0.015625
54 27 78 54 3 0.015625
54 27 79 54 4 0.015625
54 27 80 54 4 0.015625
54 27 82 54 34 0.015625
54 27 84 54 36 0.015625
54 27 86 54 19 0.015625
54 27 88 54 23 0.015625
54 27 89 54 24 0.015625
54 27 101 54 32 0.015625
54 27 102 54 35 0.015625
54 27 103 54 37 0.015625
54 27 104 54 18 0.015625
54 27 105 54 19 0.015625
54 27 106 54 19 0.015625
54 27 107 54 20 0.015625
54 27 110 54 21 0.015625
54 27 118 54 29 0.015625
54 27 119 54 1 0.015625
54 27 128 54 20 0.015625
54 27 131 54 21 0.015625
54 27 139 54 28 0.015625
54 27 140 54 29 0.015625
54 27 142 54 30 0.015625
54 27 149 54 22 0.015625
54 27 151 54 31 0.015625
54 27 152 54 33 0.015625
54 27 154 54 18 0.015625
