31_0_0_200_0_0 50 150 0.533381 0.183613 1.1403 9.9772 109.983 4.61465
31_0_0_200_0_0 50 150 100 544736 18979125000 34841 5447.36 189791250 1.24412e+09
31_0_0_200_1_1 50 150 0.533381 0.183613 1.1403 9.9772 109.983 4.61465
31_0_0_200_1_1 50 150 100 544736 18979125000 34841 5447.36 189791250 1.24412e+09
31_0_0_200_2_2 50 150 0.534557 0.183035 1.13331 10.0247 103.55 4.59346
31_0_0_200_2_2 50 150 100 544685 18964461000 34817.3 5446.85 189644610 1.26885e+09
31_0_0_200_3_3 50 150 0.534877 0.182682 1.12476 9.95814 125.448 4.59911
31_0_0_200_3_3 50 150 100 544740 19004664000 34887.6 5447.4 190046640 1.32477e+09
31_0_0_200_4_4 50 150 0.530488 0.186109 1.15552 9.95722 113.732 4.59324
31_0_0_200_4_4 50 150 100 544439 19109767500 35099.9 5444.39 191097675 1.25858e+09
31_0_0_200_5_5 50 150 0.501676 0.182314 1.03732 9.63119 102.567 4.17642
31_0_0_200_5_5 50 150 100 544368 18959547000 34828.5 5443.68 189595470 1.12901e+09
31_0_0_200_6_6 50 150 0.540384 0.187094 1.20044 9.98351 100.666 4.68931
31_0_0_200_6_6 50 150 100 543932 19024839000 34976.5 5439.32 190248390 1.26874e+09
31_0_0_200_7_7 50 150 0.527564 0.181197 1.13889 9.9171 111.521 4.5847
31_0_0_200_7_7 50 150 100 543559 18877312500 34729.1 5435.59 188773125 1.21749e+09
31_0_0_200_8_8 50 150 0.533918 0.185188 1.13768 9.99545 109.213 4.56461
31_0_0_200_8_8 50 150 100 543511 19069473000 35085.7 5435.11 190694730 1.25545e+09
31_0_0_200_9_9 50 150 0.522096 0.183006 1.12066 9.93598 100.025 4.46346
31_0_0_200_9_9 50 150 100 544137 18873889500 34685.9 5441.37 188738895 1.15088e+09
