21_75_100_200_0_0 50 150 0.581265 0.242987 1.19181 9.96108 221.883 4.4982
21_75_100_200_0_0 50 150 100 2851137 74476387500 26121.6 28511.4 744763875 1.63261e+09
21_75_100_200_1_1 50 150 0.581265 0.242987 1.19181 9.96108 221.883 4.4982
21_75_100_200_1_1 50 150 100 2851137 74476387500 26121.6 28511.4 744763875 1.63261e+09
21_75_100_200_2_2 50 150 0.575571 0.242802 1.16882 9.92755 211.773 4.45647
21_75_100_200_2_2 50 150 100 2851139 74476372500 26121.6 28511.4 744763725 1.6272e+09
21_75_100_200_3_3 50 150 0.56997 0.242804 1.16107 9.88455 170.043 4.40003
21_75_100_200_3_3 50 150 100 2851141 74476408500 26121.6 28511.4 744764085 1.58696e+09
21_75_100_200_4_4 50 150 0.572048 0.242914 1.18046 9.90236 150.028 4.44187
21_75_100_200_4_4 50 150 100 2851135 74471995500 26120.1 28511.3 744719955 1.60569e+09
21_75_100_200_5_5 50 150 0.567769 0.243087 1.15871 9.83456 170.044 4.37289
21_75_100_200_5_5 50 150 100 2851144 74476383000 26121.6 28511.4 744763830 1.5926e+09
21_75_100_200_6_6 50 150 0.575763 0.243731 1.18522 9.904 126.593 4.46212
21_75_100_200_6_6 50 150 100 2851142 74476240500 26121.5 28511.4 744762405 1.62646e+09
21_75_100_200_7_7 50 150 0.57577 0.242857 1.1708 9.92278 160.127 4.4377
21_75_100_200_7_7 50 150 100 2851143 74476417500 26121.6 28511.4 744764175 1.63328e+09
21_75_100_200_8_8 50 150 0.587071 0.244217 1.21384 10.0222 190.06 4.6056
21_75_100_200_8_8 50 150 100 2851135 74476107000 26121.6 28511.3 744761070 1.65743e+09
21_75_100_200_9_9 50 150 0.578022 0.242998 1.18116 9.94973 160.036 4.48115
21_75_100_200_9_9 50 150 100 2851140 74475711000 26121.4 28511.4 744757110 1.6281e+09
