20_5_10_640_0_0 160 480 0.516358 0.17191 0.840042 9.92131 855.97 3.70979
20_5_10_640_0_0 160 480 320 851119 29835999000 35055 2659.75 9.32375e+07 6.11689e+08
20_5_10_640_1_1 160 480 0.516358 0.17191 0.840042 9.92131 855.97 3.70979
20_5_10_640_1_1 160 480 320 851119 29835999000 35055 2659.75 9.32375e+07 6.11689e+08
20_5_10_640_2_2 160 480 0.540552 0.172251 0.84716 10.0467 466.11 3.74267
20_5_10_640_2_2 160 480 320 850526 29775427500 35008.3 2657.89 9.30482e+07 6.80848e+08
20_5_10_640_3_3 160 480 0.516105 0.171032 0.822956 9.90389 599.773 3.57834
20_5_10_640_3_3 160 480 320 850912 29880802500 35116.2 2659.1 9.33775e+07 6.31954e+08
20_5_10_640_4_4 160 480 0.552483 0.172527 0.87421 10.1334 720.086 3.8964
20_5_10_640_4_4 160 480 320 850646 29827441500 35064.5 2658.27 9.32108e+07 7.21828e+08
20_5_10_640_5_5 160 480 0.477425 0.171176 0.817445 9.41428 270.927 3.44008
20_5_10_640_5_5 160 480 320 850083 29657539500 34887.8 2656.51 9.26798e+07 5.29198e+08
20_5_10_640_6_6 160 480 0.502115 0.171063 0.828388 9.6314 1060.21 3.50901
20_5_10_640_6_6 160 480 320 849891 29711871000 34959.6 2655.91 9.28496e+07 5.89766e+08
20_5_10_640_7_7 160 480 0.521865 0.173326 0.849053 9.86346 387.409 3.67728
20_5_10_640_7_7 160 480 320 849752 29820160500 35092.8 2655.47 9.3188e+07 6.79047e+08
20_5_10_640_8_8 160 480 0.499912 0.170704 0.811816 9.69069 489.386 3.50108
20_5_10_640_8_8 160 480 320 849405 29620171500 34871.7 2654.39 9.2563e+07 5.79435e+08
20_5_10_640_9_9 160 480 0.516382 0.172511 0.837481 9.88843 347.676 3.63457
20_5_10_640_9_9 160 480 320 850234 29808252000 35058.9 2656.98 9.31508e+07 6.1509e+08
