0_78_100_200_0_0 50 150 0.613536 0.264034 1.35945 9.93336 150.572 4.52908
0_78_100_200_0_0 50 150 100 3679069 128352172500 34887.1 36790.7 1283521725 9.90296e+09
0_78_100_200_1_1 50 150 0.613536 0.264034 1.35945 9.93336 150.572 4.52908
0_78_100_200_1_1 50 150 100 3679069 128352172500 34887.1 36790.7 1283521725 9.90296e+09
0_78_100_200_2_2 50 150 0.614261 0.263865 1.35397 9.93655 159.831 4.54194
0_78_100_200_2_2 50 150 100 3678998 128453910000 34915.5 36790 1284539100 9.96482e+09
0_78_100_200_3_3 50 150 0.614868 0.265189 1.36058 9.9344 320.022 4.5407
0_78_100_200_3_3 50 150 100 3681405 128705946000 34961.1 36814.1 1287059460 9.99384e+09
0_78_100_200_4_4 50 150 0.607215 0.262593 1.32235 9.89429 285.222 4.44701
0_78_100_200_4_4 50 150 100 3677436 128353768500 34903.1 36774.4 1283537685 9.73949e+09
0_78_100_200_5_5 50 150 0.61524 0.264049 1.35503 9.95821 290.012 4.55653
0_78_100_200_5_5 50 150 100 3680061 128095860000 34808.1 36800.6 1280958600 9.78493e+09
0_78_100_200_6_6 50 150 0.602892 0.261704 1.3076 9.84561 135.094 4.43132
0_78_100_200_6_6 50 150 100 3677799 128233354500 34866.9 36778 1282333545 9.6074e+09
0_78_100_200_7_7 50 150 0.611155 0.263969 1.34556 9.9148 240.016 4.49845
0_78_100_200_7_7 50 150 100 3677338 128278402500 34883.5 36773.4 1282784025 9.77339e+09
0_78_100_200_8_8 50 150 0.6134 0.26393 1.35067 9.94364 324.836 4.53229
0_78_100_200_8_8 50 150 100 3678946 128408526000 34903.6 36789.5 1284085260 9.97495e+09
0_78_100_200_9_9 50 150 0.612356 0.26417 1.34194 9.92938 240.044 4.50759
0_78_100_200_9_9 50 150 100 3679331 128669787000 34971 36793.3 1286697870 9.93013e+09
