20_75_100_640_0_0 160 480 0.46372 0.161467 0.760086 9.39385 210.102 3.27741
20_75_100_640_0_0 160 480 320 861287 30180871500 35041.6 2691.52 9.43152e+07 5.17536e+08
20_75_100_640_1_1 160 480 0.46372 0.161467 0.760086 9.39385 210.102 3.27741
20_75_100_640_1_1 160 480 320 861287 30180871500 35041.6 2691.52 9.43152e+07 5.17536e+08
20_75_100_640_2_2 160 480 0.531304 0.166059 0.860219 10.0765 449.996 3.91942
20_75_100_640_2_2 160 480 320 860980 30155424000 35024.5 2690.56 94235700 6.43402e+08
20_75_100_640_3_3 160 480 0.49311 0.163191 0.789867 9.69087 539.964 3.51211
20_75_100_640_3_3 160 480 320 861290 30250752000 35122.6 2691.53 94533600 6.09278e+08
20_75_100_640_4_4 160 480 0.496707 0.163971 0.807544 9.74553 522.141 3.59878
20_75_100_640_4_4 160 480 320 860772 30217786500 35105.4 2689.91 9.44306e+07 5.89184e+08
20_75_100_640_5_5 160 480 0.479057 0.160751 0.764857 9.47328 327.568 3.37062
20_75_100_640_5_5 160 480 320 860185 30020424000 34900 2688.08 93813825 5.5564e+08
20_75_100_640_6_6 160 480 0.526106 0.163765 0.826498 9.93537 420.577 3.7391
20_75_100_640_6_6 160 480 320 860417 30080554500 34960.4 2688.8 9.40017e+07 6.68979e+08
20_75_100_640_7_7 160 480 0.536229 0.163417 0.818493 10.0253 448.19 3.74813
20_75_100_640_7_7 160 480 320 859898 30126675000 35035.2 2687.18 9.41459e+07 7.03215e+08
20_75_100_640_8_8 160 480 0.520291 0.164061 0.828953 9.94163 568.037 3.73645
20_75_100_640_8_8 160 480 320 859899 30027535500 34919.8 2687.18 9.3836e+07 6.00193e+08
20_75_100_640_9_9 160 480 0.527324 0.161445 0.784045 9.78928 565.081 3.47843
20_75_100_640_9_9 160 480 320 860680 30169470000 35053.1 2689.62 9.42796e+07 6.47367e+08
