1_96875_100000_200_0_0 50 150 0.673155 0.302627 1.56535 10.0621 214.64 4.78308
1_96875_100000_200_0_0 50 150 100 2939124 102631260000 34919 29391.2 1026312600 9.17929e+09
1_96875_100000_200_1_1 50 150 0.673155 0.302627 1.56535 10.0621 214.64 4.78308
1_96875_100000_200_1_1 50 150 100 2939124 102631260000 34919 29391.2 1026312600 9.17929e+09
1_96875_100000_200_2_2 50 150 0.682654 0.303882 1.59234 10.1454 449.986 4.86677
1_96875_100000_200_2_2 50 150 100 2938806 102753835500 34964.5 29388.1 1027538355 9.37448e+09
1_96875_100000_200_3_3 50 150 0.67048 0.300775 1.54464 10.0762 230.005 4.77332
1_96875_100000_200_3_3 50 150 100 2939254 102471231000 34863 29392.5 1024712310 9.05004e+09
1_96875_100000_200_4_4 50 150 0.670668 0.300251 1.54226 10.1015 290.051 4.76547
1_96875_100000_200_4_4 50 150 100 2939599 102798288000 34970.2 29396 1027982880 9.15448e+09
1_96875_100000_200_5_5 50 150 0.676025 0.301176 1.57109 10.1221 342.802 4.84523
1_96875_100000_200_5_5 50 150 100 2941173 102185989500 34743.3 29411.7 1021859895 8.90813e+09
1_96875_100000_200_6_6 50 150 0.671348 0.300434 1.55766 10.0775 330.059 4.78401
1_96875_100000_200_6_6 50 150 100 2938917 102481051500 34870.3 29389.2 1024810515 8.92153e+09
1_96875_100000_200_7_7 50 150 0.668586 0.300857 1.54072 10.0447 169.971 4.73411
1_96875_100000_200_7_7 50 150 100 2938596 102177756000 34770.9 29386 1021777560 9.04496e+09
1_96875_100000_200_8_8 50 150 0.685831 0.304903 1.61912 10.2131 260.006 4.94689
1_96875_100000_200_8_8 50 150 100 2939502 102616017000 34909.3 29395 1026160170 9.26848e+09
1_96875_100000_200_9_9 50 150 0.67759 0.303045 1.58719 10.0878 180.029 4.8347
1_96875_100000_200_9_9 50 150 100 2940198 102666784500 34918.3 29402 1026667845 9.28706e+09
