0_11375_100000_200_0_0 50 150 0.877205 0.0993102 0.567268 10.3521 339.957 2.02777
0_11375_100000_200_0_0 50 150 100 507728 17898823500 35252.8 5077.28 178988235 1.05871e+09
0_11375_100000_200_1_1 50 150 0.877205 0.0993102 0.567268 10.3521 339.957 2.02777
0_11375_100000_200_1_1 50 150 100 507728 17898823500 35252.8 5077.28 178988235 1.05871e+09
0_11375_100000_200_2_2 50 150 0.848115 0.0980359 0.562522 10.263 343.94 1.96026
0_11375_100000_200_2_2 50 150 100 508804 17702434500 34792.2 5088.04 177024345 9.48377e+08
0_11375_100000_200_3_3 50 150 0.890467 0.0978402 0.559692 10.5393 339.712 2.04399
0_11375_100000_200_3_3 50 150 100 508131 17594149500 34625.2 5081.31 175941495 9.66771e+08
0_11375_100000_200_4_4 50 150 0.88845 0.09842 0.545434 9.93445 344.763 1.78971
0_11375_100000_200_4_4 50 150 100 507708 17847915000 35153.9 5077.08 178479150 9.68386e+08
0_11375_100000_200_5_5 50 150 0.946811 0.0984875 0.568729 10.2631 356.072 1.98556
0_11375_100000_200_5_5 50 150 100 508468 17627739000 34668.3 5084.68 176277390 1.08837e+09
0_11375_100000_200_6_6 50 150 0.908918 0.0980218 0.565165 10.7161 345.663 2.12207
0_11375_100000_200_6_6 50 150 100 507309 17694744000 34879.6 5073.09 176947440 1.0222e+09
0_11375_100000_200_7_7 50 150 0.892995 0.0970213 0.552874 10.1483 339.556 1.86248
0_11375_100000_200_7_7 50 150 100 507068 17597823000 34705.1 5070.68 175978230 1.08292e+09
0_11375_100000_200_8_8 50 150 0.863703 0.0970873 0.541722 10.1363 333.203 1.81237
0_11375_100000_200_8_8 50 150 100 507295 17705908500 34902.6 5072.95 177059085 9.97462e+08
0_11375_100000_200_9_9 50 150 0.82354 0.0983539 0.550583 9.93255 348.75 1.80515
0_11375_100000_200_9_9 50 150 100 507298 17693229000 34877.4 5072.98 176932290 9.16234e+08
