89_0_0_200_0_49 50 150 0.469057 0.153709 0.751821 9.58619 194.757 3.35052
89_0_0_200_0_49 50 150 100 2882897 100185550500 34751.7 28829 1001855505 5.30393e+09
89_0_0_200_50_99 50 150 0.458713 0.152368 0.726449 9.47175 343.988 3.23436
89_0_0_200_50_99 50 150 100 2883204 99991069500 34680.5 28832 999910695 5.20064e+09
89_0_0_200_100_149 50 150 0.470852 0.152495 0.740015 9.59426 168.214 3.31492
89_0_0_200_100_149 50 150 100 2881977 99843013500 34643.9 28819.8 998430135 5.35284e+09
89_0_0_200_150_199 50 150 0.478249 0.1544 0.757503 9.67056 179.577 3.41582
89_0_0_200_150_199 50 150 100 2883804 100387287000 34810.7 28838 1003872870 5.44629e+09
89_0_0_200_200_249 50 150 0.485245 0.153009 0.758205 9.83501 229.797 3.47326
89_0_0_200_200_249 50 150 100 2883708 100296219000 34780.3 28837.1 1002962190 5.64659e+09
89_0_0_200_250_299 50 150 0.462841 0.152224 0.730751 9.49025 195.585 3.2516
89_0_0_200_250_299 50 150 100 2825421 97878304500 34642 28254.2 978783045 5.21009e+09
89_0_0_200_300_349 50 150 0.470839 0.153529 0.743986 9.61474 480.015 3.35474
89_0_0_200_300_349 50 150 100 2885109 100104805500 34697.1 28851.1 1001048055 5.35817e+09
89_0_0_200_350_399 50 150 0.476414 0.154189 0.754797 9.65565 168.885 3.40094
89_0_0_200_350_399 50 150 100 2885355 100256284500 34746.6 28853.5 1002562845 5.46365e+09
89_0_0_200_400_449 50 150 0.467335 0.152721 0.735046 9.53885 179.579 3.2951
89_0_0_200_400_449 50 150 100 2885675 100139446500 34702.3 28856.8 1001394465 5.34715e+09
89_0_0_200_450_499 50 150 0.477707 0.152869 0.747382 9.63201 210.355 3.35553
89_0_0_200_450_499 50 150 100 2884759 99884502000 34624.9 28847.6 998845020 5.52825e+09
