63_75_100_200_0_49 50 150 0.519872 0.119731 0.646855 10.1153 299.496 3.24851
63_75_100_200_0_49 50 150 100 2064533 71624592000 34692.9 20645.3 716245920 3.60203e+09
63_75_100_200_50_99 50 150 0.53076 0.119716 0.650196 10.1863 218.178 3.2752
63_75_100_200_50_99 50 150 100 2064616 71770147500 34762 20646.2 717701475 3.90827e+09
63_75_100_200_100_149 50 150 0.503449 0.118744 0.636075 9.98527 290.145 3.17143
63_75_100_200_100_149 50 150 100 2064333 71599465500 34684.1 20643.3 715994655 3.7937e+09
63_75_100_200_150_199 50 150 0.514037 0.12139 0.664621 10.1657 221.275 3.3594
63_75_100_200_150_199 50 150 100 2065722 72026944500 34867.7 20657.2 720269445 3.77322e+09
63_75_100_200_200_249 50 150 0.498654 0.120828 0.650809 9.96323 308.209 3.23121
63_75_100_200_200_249 50 150 100 2066285 72078978000 34883.4 20662.8 720789780 3.63417e+09
63_75_100_200_250_299 50 150 0.565347 0.120046 0.658235 10.237 209.377 3.35773
63_75_100_200_250_299 50 150 100 2023986 70536508500 34850.3 20239.9 705365085 3.81921e+09
63_75_100_200_300_349 50 150 0.487247 0.11962 0.638478 9.91179 212.224 3.13097
63_75_100_200_300_349 50 150 100 2066177 71831827500 34765.6 20661.8 718318275 3.57707e+09
63_75_100_200_350_399 50 150 0.546891 0.120471 0.660352 10.2312 207.522 3.36746
63_75_100_200_350_399 50 150 100 2067078 71989240500 34826.6 20670.8 719892405 3.84951e+09
63_75_100_200_400_449 50 150 0.498789 0.120503 0.649622 9.9773 201.946 3.2378
63_75_100_200_400_449 50 150 100 2067678 71901234000 34773.9 20676.8 719012340 3.7401e+09
63_75_100_200_450_499 50 150 0.489951 0.118873 0.633145 9.92288 273.895 3.09602
63_75_100_200_450_499 50 150 100 2066390 71474641500 34589.1 20663.9 714746415 3.50743e+09
