0_785_1000_200_0_0 50 150 0.630925 0.267941 1.43645 10.0561 341.639 4.73542
0_785_1000_200_0_0 50 150 100 3703692 129300439500 34911.2 37036.9 1293004395 1.03694e+10
0_785_1000_200_1_1 50 150 0.630925 0.267941 1.43645 10.0561 341.639 4.73542
0_785_1000_200_1_1 50 150 100 3703692 129300439500 34911.2 37036.9 1293004395 1.03694e+10
0_785_1000_200_2_2 50 150 0.633976 0.26946 1.44315 10.0891 250.058 4.75906
0_785_1000_200_2_2 50 150 100 3702209 129646464000 35018.7 37022.1 1296464640 1.03491e+10
0_785_1000_200_3_3 50 150 0.631072 0.268292 1.43393 10.0568 250.032 4.72685
0_785_1000_200_3_3 50 150 100 3704245 129430053000 34941 37042.4 1294300530 1.04349e+10
0_785_1000_200_4_4 50 150 0.629472 0.266997 1.41717 10.0911 290.037 4.71497
0_785_1000_200_4_4 50 150 100 3701426 129414652500 34963.5 37014.3 1294146525 1.04216e+10
0_785_1000_200_5_5 50 150 0.627306 0.267379 1.40858 10.0447 292.73 4.68135
0_785_1000_200_5_5 50 150 100 3703974 128950987500 34814.2 37039.7 1289509875 1.01381e+10
0_785_1000_200_6_6 50 150 0.615437 0.264953 1.37234 9.93275 310.065 4.56435
0_785_1000_200_6_6 50 150 100 3700986 128841267000 34812.7 37009.9 1288412670 9.84143e+09
0_785_1000_200_7_7 50 150 0.631193 0.269105 1.43463 10.0565 250.012 4.72173
0_785_1000_200_7_7 50 150 100 3700218 129263545500 34934 37002.2 1292635455 1.04492e+10
0_785_1000_200_8_8 50 150 0.626841 0.267764 1.41349 10.0198 280.058 4.68082
0_785_1000_200_8_8 50 150 100 3702160 129482610000 34974.9 37021.6 1294826100 1.03927e+10
0_785_1000_200_9_9 50 150 0.630973 0.267553 1.4219 10.0711 400.024 4.71423
0_785_1000_200_9_9 50 150 100 3703321 129312777000 34918.1 37033.2 1293127770 1.02753e+10
