22_0_0_200_0_0 50 150 0.537479 0.214704 0.971123 9.86566 180.011 4.06018
22_0_0_200_0_0 50 150 100 2880958 75325230000 26145.9 28809.6 753252300 1.5839e+09
22_0_0_200_1_1 50 150 0.537479 0.214704 0.971123 9.86566 180.011 4.06018
22_0_0_200_1_1 50 150 100 2880958 75325230000 26145.9 28809.6 753252300 1.5839e+09
22_0_0_200_2_2 50 150 0.530353 0.214097 0.954657 9.83533 170.024 3.97762
22_0_0_200_2_2 50 150 100 2880957 75325189500 26145.9 28809.6 753251895 1.57105e+09
22_0_0_200_3_3 50 150 0.534155 0.214221 0.966731 9.86466 180.065 4.02323
22_0_0_200_3_3 50 150 100 2880963 75324946500 26145.8 28809.6 753249465 1.57367e+09
22_0_0_200_4_4 50 150 0.538005 0.214498 0.962599 9.88761 169.977 4.02804
22_0_0_200_4_4 50 150 100 2880958 75325015500 26145.8 28809.6 753250155 1.5833e+09
22_0_0_200_5_5 50 150 0.538264 0.214336 0.966704 9.89902 180.09 4.02922
22_0_0_200_5_5 50 150 100 2880965 75324262500 26145.5 28809.7 753242625 1.58607e+09
22_0_0_200_6_6 50 150 0.535719 0.214157 0.963213 9.90732 180.049 4.0388
22_0_0_200_6_6 50 150 100 2880959 75324844500 26145.8 28809.6 753248445 1.57659e+09
22_0_0_200_7_7 50 150 0.538141 0.214587 0.957991 9.90261 180.054 4.01936
22_0_0_200_7_7 50 150 100 2880958 75325252500 26145.9 28809.6 753252525 1.60489e+09
22_0_0_200_8_8 50 150 0.541133 0.214963 0.979483 9.9364 169.997 4.10033
22_0_0_200_8_8 50 150 100 2880958 75324015000 26145.5 28809.6 753240150 1.59791e+09
22_0_0_200_9_9 50 150 0.540703 0.214449 0.969546 9.94762 180.046 4.07705
22_0_0_200_9_9 50 150 100 2880958 75324523500 26145.7 28809.6 753245235 1.60953e+09
