64_8438_10000_200_0_49 50 150 0.486796 0.141664 0.705768 9.93448 169.936 3.33314
64_8438_10000_200_0_49 50 150 100 2100172 72478666500 34510.8 21001.7 724786665 3.82284e+09
64_8438_10000_200_50_99 50 150 0.510997 0.140664 0.694159 10.0527 205.654 3.32333
64_8438_10000_200_50_99 50 150 100 2100123 72653286000 34594.8 21001.2 726532860 4.21403e+09
64_8438_10000_200_100_149 50 150 0.508793 0.140389 0.706823 10.0781 214.586 3.3951
64_8438_10000_200_100_149 50 150 100 2099602 72450238500 34506.7 20996 724502385 4.01929e+09
64_8438_10000_200_150_199 50 150 0.5069 0.142074 0.710171 10.078 195.672 3.39808
64_8438_10000_200_150_199 50 150 100 2100953 72940062000 34717.6 21009.5 729400620 4.25545e+09
64_8438_10000_200_200_249 50 150 0.511123 0.142286 0.72176 10.0724 300.936 3.44273
64_8438_10000_200_200_249 50 150 100 2101644 72999364500 34734.4 21016.4 729993645 4.26497e+09
64_8438_10000_200_250_299 50 150 0.500882 0.142442 0.726149 10.0651 271.26 3.44742
64_8438_10000_200_250_299 50 150 100 2058738 71378037000 34670.8 20587.4 713780370 3.99466e+09
64_8438_10000_200_300_349 50 150 0.490641 0.141826 0.69575 9.86059 212.149 3.26055
64_8438_10000_200_300_349 50 150 100 2101525 72745978500 34615.8 21015.2 727459785 3.89341e+09
64_8438_10000_200_350_399 50 150 0.498618 0.14193 0.721687 10.0513 175.703 3.44192
64_8438_10000_200_350_399 50 150 100 2102532 72845319000 34646.5 21025.3 728453190 4.0373e+09
64_8438_10000_200_400_449 50 150 0.511178 0.14269 0.722767 10.0873 286.205 3.45486
64_8438_10000_200_400_449 50 150 100 2103012 72833253000 34632.8 21030.1 728332530 4.25852e+09
64_8438_10000_200_450_499 50 150 0.479983 0.139933 0.688692 9.77548 269.077 3.19243
64_8438_10000_200_450_499 50 150 100 2101713 72348076500 34423.4 21017.1 723480765 3.95848e+09
