5_4375_10000_640_0_0 160 480 0.431511 0.0686637 0.345092 6.00457 599.536 1.01484
5_4375_10000_640_0_0 160 480 320 225554 7834110000 34732.7 704.856 2.44816e+07 1.0931e+08
5_4375_10000_640_1_1 160 480 0.431511 0.0686637 0.345092 6.00457 599.536 1.01484
5_4375_10000_640_1_1 160 480 320 225554 7834110000 34732.7 704.856 2.44816e+07 1.0931e+08
5_4375_10000_640_2_2 160 480 0.342343 0.068979 0.356871 7.34512 395.694 1.24896
5_4375_10000_640_2_2 160 480 320 225642 7917006000 35086.6 705.131 2.47406e+07 9.44323e+07
5_4375_10000_640_3_3 160 480 0.346557 0.0690676 0.354001 6.3978 357.67 1.13365
5_4375_10000_640_3_3 160 480 320 225758 7933956000 35143.6 705.494 2.47936e+07 9.13201e+07
5_4375_10000_640_4_4 160 480 0.369968 0.0692842 0.357598 7.97405 312.322 1.37787
5_4375_10000_640_4_4 160 480 320 225101 7916361000 35168 703.441 2.47386e+07 8.79424e+07
5_4375_10000_640_5_5 160 480 0.259178 0.0679037 0.334896 4.73701 183.972 0.855559
5_4375_10000_640_5_5 160 480 320 225372 7777153500 34508.1 704.288 2.43036e+07 5.65648e+07
5_4375_10000_640_6_6 160 480 0.383455 0.0683433 0.352344 7.81546 426.095 1.28295
5_4375_10000_640_6_6 160 480 320 225568 7850398500 34802.8 704.9 2.45325e+07 1.00011e+08
5_4375_10000_640_7_7 160 480 0.472946 0.0685469 0.352414 6.77822 584.787 1.17659
5_4375_10000_640_7_7 160 480 320 225275 7942318500 35256.1 703.984 2.48197e+07 1.41119e+08
5_4375_10000_640_8_8 160 480 0.500482 0.069047 0.357592 7.11116 575.981 1.2709
5_4375_10000_640_8_8 160 480 320 224911 7931758500 35266.2 702.847 2.47867e+07 1.2473e+08
5_4375_10000_640_9_9 160 480 0.314175 0.0690806 0.359011 7.37853 215.354 1.26324
5_4375_10000_640_9_9 160 480 320 225131 7959829500 35356.4 703.534 2.48745e+07 8.12531e+07
