10_0_0_640_0_0 160 480 0.5429 0.0708702 0.457858 10.1441 606.144 2.83532
10_0_0_640_0_0 160 480 320 414734 14398626000 34717.7 1296.04 4.49957e+07 2.72344e+08
10_0_0_640_1_1 160 480 0.5429 0.0708702 0.457858 10.1441 606.144 2.83532
10_0_0_640_1_1 160 480 320 414734 14398626000 34717.7 1296.04 4.49957e+07 2.72344e+08
10_0_0_640_2_2 160 480 0.375741 0.0705606 0.434085 9.29539 225.392 2.36998
10_0_0_640_2_2 160 480 320 414916 14427085500 34771.1 1296.61 4.50846e+07 1.68979e+08
10_0_0_640_3_3 160 480 0.391304 0.0714373 0.435409 9.18754 455.771 2.32765
10_0_0_640_3_3 160 480 320 415098 14571274500 35103.2 1297.18 4.55352e+07 2.04632e+08
10_0_0_640_4_4 160 480 0.388782 0.0708007 0.427854 9.20343 426.697 2.32869
10_0_0_640_4_4 160 480 320 414691 14547360000 35080 1295.91 45460500 2.07403e+08
10_0_0_640_5_5 160 480 0.420512 0.0707355 0.428235 9.16823 584.467 2.30526
10_0_0_640_5_5 160 480 320 414616 14413710000 34764 1295.67 4.50428e+07 1.82659e+08
10_0_0_640_6_6 160 480 0.51644 0.0715517 0.459197 9.89838 603.281 2.68033
10_0_0_640_6_6 160 480 320 414362 14515353000 35030.6 1294.88 4.53605e+07 2.58044e+08
10_0_0_640_7_7 160 480 0.512123 0.0708729 0.438411 9.59572 735.906 2.47463
10_0_0_640_7_7 160 480 320 414264 14450178000 34881.6 1294.58 4.51568e+07 2.43184e+08
10_0_0_640_8_8 160 480 0.399044 0.0717997 0.439582 9.24537 515.759 2.40325
10_0_0_640_8_8 160 480 320 413625 14530798500 35130.4 1292.58 4.54087e+07 2.02941e+08
10_0_0_640_9_9 160 480 0.458884 0.0711704 0.45015 9.75434 602.809 2.58224
10_0_0_640_9_9 160 480 320 414136 14446581000 34883.7 1294.17 4.51456e+07 2.17029e+08
