7_5_10_100_0_0 25 75 0.602757 0.118739 0.614814 10.2866 191.355 3.01926
7_5_10_100_0_0 25 75 50 138760 4773165000 34398.7 2775.2 95463300 4.41091e+08
7_5_10_100_1_1 25 75 0.602757 0.118739 0.614814 10.2866 191.355 3.01926
7_5_10_100_1_1 25 75 50 138760 4773165000 34398.7 2775.2 95463300 4.41091e+08
7_5_10_100_2_2 25 75 0.550194 0.117432 0.610193 9.92219 140.348 2.89683
7_5_10_100_2_2 25 75 50 138236 4798474500 34712.2 2764.72 95969490 4.719e+08
7_5_10_100_3_3 25 75 0.710977 0.116851 0.628234 10.7811 184.213 3.27316
7_5_10_100_3_3 25 75 50 138219 4787830500 34639.5 2764.38 95756610 5.18229e+08
7_5_10_100_4_4 25 75 0.580081 0.118167 0.621573 10.2068 136.23 2.95474
7_5_10_100_4_4 25 75 50 137896 4866646500 35292.2 2757.92 97332930 4.87145e+08
7_5_10_100_5_5 25 75 0.638081 0.117303 0.607802 9.51076 201.904 2.78247
7_5_10_100_5_5 25 75 50 138228 4777914000 34565.5 2764.56 95558280 4.31187e+08
7_5_10_100_6_6 25 75 0.623004 0.117329 0.664529 10.4015 163.585 3.30857
7_5_10_100_6_6 25 75 50 138270 4747753500 34336.8 2765.4 94955070 5.16616e+08
7_5_10_100_7_7 25 75 0.528136 0.117704 0.604257 9.78536 127.244 2.79698
7_5_10_100_7_7 25 75 50 138230 4779733500 34578.1 2764.6 95594670 4.79487e+08
7_5_10_100_8_8 25 75 0.661394 0.117653 0.616211 10.3181 172.218 3.10525
7_5_10_100_8_8 25 75 50 138084 4886929500 35391 2761.68 97738590 5.57601e+08
7_5_10_100_9_9 25 75 0.575452 0.122378 0.627805 9.72726 143.613 2.87419
7_5_10_100_9_9 25 75 50 138050 4856128500 35176.6 2761 97122570 4.94991e+08
