0 1 1 0 25 0.0625
0 1 3 0 27 0.046875
0 1 4 0 28 0.046875
0 1 5 0 29 0.0625
0 1 6 0 30 0.0625
0 1 7 0 73 0.03125
0 1 8 0 74 0.046875
0 1 9 0 75 0.03125
0 1 10 0 76 0.03125
0 1 11 0 77 0.046875
0 1 12 0 78 0.03125
0 1 13 0 79 0.0625
0 1 14 0 52 0.046875
0 1 15 0 53 0.046875
0 1 16 0 54 0.015625
0 1 17 0 55 0.03125
0 1 18 0 56 0.046875
0 1 19 0 57 0.0625
0 1 20 0 58 0.0625
0 1 21 0 18 0.03125
0 1 22 0 19 0.046875
0 1 23 0 20 0.015625
0 1 24 0 21 0.015625
0 1 38 0 73 0.015625
1 2 2 1 26 0.0625
1 2 4 1 28 0.03125
1 2 5 1 29 0.03125
1 2 6 1 30 0.0625
1 2 7 1 73 0.0625
1 2 8 1 74 0.0625
1 2 9 1 75 0.0625
1 2 10 1 76 0.0625
1 2 11 1 77 0.0625
1 2 12 1 78 0.046875
1 2 13 1 79 0.0625
1 2 14 1 52 0.015625
1 2 15 1 53 0.046875
1 2 16 1 54 0.046875
1 2 17 1 55 0.015625
1 2 18 1 56 0.015625
1 2 19 1 57 0.046875
1 2 20 1 58 0.0625
1 2 21 1 18 0.015625
1 2 22 1 19 0.0625
1 2 23 1 20 0.046875
1 2 24 1 21 0.015625
2 3 1 2 25 0.015625
2 3 3 2 27 0.0625
2 3 5 2 29 0.0625
2 3 6 2 30 0.046875
2 3 7 2 73 0.03125
2 3 8 2 74 0.0625
2 3 9 2 75 0.046875
2 3 10 2 76 0.015625
2 3 11 2 77 0.0625
2 3 12 2 78 0.0625
2 3 13 2 79 0.0625
2 3 14 2 52 0.046875
2 3 15 2 53 0.015625
2 3 16 2 54 0.046875
2 3 17 2 55 0.046875
2 3 18 2 56 0.015625
2 3 19 2 57 0.0625
2 3 20 2 58 0.0625
2 3 21 2 18 0.03125
2 3 23 2 20 0.0625
2 3 24 2 21 0.0625
2 3 25 2 22 0.015625
3 4 1 3 25 0.015625
3 4 2 3 26 0.015625
3 4 4 3 28 0.046875
3 4 5 3 29 0.0625
3 4 6 3 30 0.0625
3 4 7 3 73 0.046875
3 4 8 3 74 0.0625
3 4 9 3 75 0.03125
3 4 10 3 76 0.0625
3 4 11 3 77 0.0625
3 4 12 3 78 0.0625
3 4 13 3 79 0.0625
3 4 15 3 53 0.0625
3 4 16 3 54 0.015625
3 4 17 3 55 0.046875
3 4 18 3 56 0.03125
3 4 19 3 57 0.015625
3 4 20 3 58 0.0625
3 4 21 3 18 0.0625
3 4 24 3 21 0.0625
3 4 25 3 22 0.03125
3 4 26 3 23 0.015625
4 5 0 4 24 0.03125
4 5 1 4 25 0.0625
4 5 2 4 26 0.03125
4 5 3 4 27 0.015625
4 5 5 4 29 0.0625
4 5 6 4 30 0.0625
4 5 7 4 73 0.0625
4 5 8 4 74 0.0625
4 5 10 4 76 0.0625
4 5 11 4 77 0.0625
4 5 12 4 78 0.0625
4 5 13 4 79 0.046875
4 5 14 4 52 0.015625
4 5 16 4 54 0.0625
4 5 17 4 55 0.015625
4 5 18 4 56 0.046875
4 5 19 4 57 0.046875
4 5 20 4 58 0.0625
4 5 21 4 18 0.046875
4 5 22 4 19 0.046875
4 5 26 4 23 0.03125
5 6 1 5 24 0.03125
5 6 4 5 25 0.03125
5 6 6 5 25 0.015625
5 6 11 5 26 0.0625
5 6 17 5 27 0.03125
5 6 20 5 28 0.046875
5 6 21 5 28 0.015625
5 6 23 5 29 0.03125
5 6 24 5 29 0.015625
5 6 25 5 30 0.0625
5 6 30 5 52 0.015625
5 6 32 5 53 0.015625
5 6 39 5 55 0.03125
5 6 40 5 55 0.015625
5 6 42 5 56 0.015625
5 6 44 5 57 0.015625
5 6 46 5 57 0.015625
5 6 47 5 58 0.0625
5 6 49 5 27 0.015625
5 6 54 5 73 0.046875
5 6 55 5 73 0.015625
5 6 56 5 74 0.015625
5 6 57 5 74 0.015625
5 6 60 5 75 0.046875
5 6 62 5 76 0.046875
5 6 63 5 77 0.015625
5 6 66 5 78 0.046875
5 6 67 5 78 0.015625
5 6 68 5 79 0.046875
5 6 70 5 52 0.015625
5 6 74 5 57 0.03125
5 6 83 5 20 0.015625
5 6 85 5 20 0.03125
5 6 109 5 77 0.015625
5 6 139 5 20 0.015625
5 6 151 5 74 0.015625
6 0 0 6 59 0.078125
6 0 2 6 59 0.09375
6 0 7 6 63 0.015625
6 0 8 6 63 0.046875
6 0 13 6 31 0.0625
6 0 15 6 31 0.015625
6 0 16 6 32 0.03125
6 0 17 6 32 0.046875
6 0 18 6 32 0.078125
6 0 26 6 34 0.015625
6 0 27 6 34 0.03125
6 0 30 6 35 0.046875
6 0 32 6 35 0.0625
6 0 34 6 35 0.0625
6 0 40 6 36 0.03125
6 0 44 6 37 0.015625
6 0 47 6 37 0.046875
6 0 78 6 70 0.046875
6 0 85 6 12 0.015625
6 0 94 6 17 0.140625
6 0 136 6 12 0.015625
6 7 1 6 60 0.09375
6 7 2 6 61 0.09375
6 7 3 6 62 0.0625
6 7 4 6 63 0.046875
6 7 5 6 64 0.09375
6 7 6 6 65 0.03125
6 7 7 6 31 0.046875
6 7 14 6 66 0.015625
6 7 15 6 67 0.015625
6 7 16 6 68 0.09375
6 7 17 6 69 0.09375
6 7 18 6 70 0.046875
6 7 19 6 71 0.078125
6 7 20 6 72 0.015625
6 7 21 6 12 0.046875
6 7 23 6 14 0.0625
6 7 25 6 16 0.046875
6 7 26 6 17 0.015625
7 8 0 7 59 0.0625
7 8 1 7 60 0.0625
7 8 2 7 61 0.0625
7 8 3 7 62 0.0625
7 8 4 7 63 0.03125
7 8 5 7 64 0.0625
7 8 6 7 65 0.0625
7 8 10 7 34 0.015625
7 8 14 7 66 0.03125
7 8 15 7 67 0.0625
7 8 16 7 68 0.0625
7 8 17 7 69 0.03125
7 8 18 7 70 0.03125
7 8 19 7 71 0.046875
7 8 20 7 72 0.03125
7 8 21 7 12 0.03125
7 8 22 7 13 0.03125
7 8 23 7 14 0.0625
7 8 24 7 15 0.0625
7 8 25 7 16 0.0625
7 8 26 7 17 0.03125
8 0 4 8 60 0.046875
8 0 6 8 63 0.0625
8 0 7 8 64 0.046875
8 0 14 8 31 0.09375
8 0 15 8 31 0.015625
8 0 16 8 31 0.046875
8 0 18 8 31 0.015625
8 0 19 8 32 0.046875
8 0 24 8 33 0.0625
8 0 34 8 35 0.015625
8 0 35 8 35 0.015625
8 0 37 8 35 0.03125
8 0 62 8 67 0.046875
8 0 64 8 67 0.078125
8 0 72 8 69 0.0625
8 0 74 8 70 0.046875
8 0 75 8 71 0.015625
8 0 86 8 13 0.0625
8 0 87 8 14 0.015625
8 0 89 8 15 0.125
8 0 92 8 17 0.03125
8 0 135 8 13 0.015625
8 9 0 8 59 0.078125
8 9 1 8 60 0.0625
8 9 2 8 61 0.03125
8 9 3 8 62 0.09375
8 9 4 8 63 0.03125
8 9 5 8 64 0.0625
8 9 6 8 65 0.09375
8 9 8 8 32 0.015625
8 9 14 8 66 0.046875
8 9 15 8 67 0.03125
8 9 16 8 68 0.078125
8 9 17 8 69 0.0625
8 9 18 8 70 0.03125
8 9 20 8 72 0.03125
8 9 21 8 12 0.046875
8 9 22 8 13 0.015625
8 9 23 8 14 0.046875
8 9 25 8 16 0.0625
8 9 26 8 17 0.078125
9 0 5 9 61 0.03125
9 0 8 9 61 0.09375
9 0 15 9 65 0.046875
9 0 16 9 31 0.125
9 0 18 9 31 0.046875
9 0 19 9 32 0.03125
9 0 20 9 32 0.015625
9 0 27 9 34 0.046875
9 0 64 9 67 0.140625
9 0 67 9 68 0.015625
9 0 71 9 69 0.046875
9 0 72 9 69 0.015625
9 0 75 9 71 0.078125
9 0 76 9 72 0.015625
9 0 78 9 72 0.046875
9 0 82 9 12 0.125
9 0 85 9 13 0.046875
9 0 135 9 12 0.03125
9 10 0 9 59 0.078125
9 10 1 9 60 0.09375
9 10 2 9 61 0.03125
9 10 3 9 62 0.09375
9 10 4 9 63 0.09375
9 10 5 9 64 0.03125
9 10 6 9 65 0.0625
9 10 14 9 66 0.09375
9 10 16 9 68 0.015625
9 10 17 9 69 0.03125
9 10 18 9 70 0.078125
9 10 19 9 71 0.046875
9 10 20 9 72 0.015625
9 10 22 9 13 0.03125
9 10 23 9 14 0.015625
9 10 24 9 15 0.03125
9 10 25 9 16 0.09375
9 10 26 9 17 0.0625
10 11 0 10 59 0.0625
10 11 1 10 60 0.0625
10 11 2 10 61 0.0625
10 11 3 10 62 0.0625
10 11 4 10 63 0.0625
10 11 5 10 64 0.0625
10 11 6 10 65 0.0625
10 11 7 10 31 0.015625
10 11 12 10 36 0.03125
10 11 14 10 66 0.0625
10 11 15 10 67 0.046875
10 11 16 10 68 0.0625
10 11 17 10 69 0.046875
10 11 18 10 70 0.046875
10 11 19 10 71 0.03125
10 11 20 10 72 0.046875
10 11 21 10 12 0.046875
10 11 23 10 14 0.015625
10 11 24 10 15 0.015625
10 11 25 10 16 0.03125
10 11 26 10 17 0.0625
11 7 0 11 59 0.171875
11 7 3 11 62 0.046875
11 7 6 11 65 0.03125
11 7 8 11 32 0.03125
11 7 14 11 66 0.140625
11 7 15 11 67 0.078125
11 7 20 11 72 0.078125
11 7 22 11 13 0.109375
11 7 24 11 15 0.171875
11 7 26 11 17 0.140625
11 12 0 11 12 0.09375
11 12 2 11 60 0.0625
11 12 3 11 61 0.09375
11 12 4 11 62 0.0625
11 12 5 11 63 0.09375
11 12 6 11 64 0.09375
11 12 7 11 65 0.0625
11 12 8 11 66 0.015625
11 12 9 11 67 0.046875
11 12 10 11 68 0.09375
11 12 11 11 69 0.0625
11 12 12 11 70 0.09375
11 12 13 11 71 0.015625
11 12 14 11 72 0.046875
11 12 50 11 13 0.03125
11 12 65 11 17 0.015625
11 12 70 11 60 0.015625
12 13 0 12 59 0.0625
12 13 1 12 60 0.046875
12 13 2 12 61 0.03125
12 13 3 12 62 0.0625
12 13 4 12 63 0.0625
12 13 5 12 64 0.015625
12 13 6 12 65 0.0625
12 13 7 12 6 0.03125
12 13 8 12 7 0.03125
12 13 9 12 8 0.015625
12 13 10 12 9 0.015625
12 13 11 12 10 0.046875
12 13 14 12 39 0.015625
12 13 15 12 40 0.03125
12 13 17 12 42 0.015625
12 13 18 12 43 0.03125
12 13 19 12 44 0.015625
12 13 20 12 66 0.0625
12 13 21 12 67 0.0625
12 13 22 12 68 0.0625
12 13 23 12 69 0.0625
12 13 24 12 70 0.046875
12 13 25 12 71 0.0625
12 13 26 12 72 0.046875
13 14 0 13 59 0.0625
13 14 1 13 60 0.015625
13 14 2 13 61 0.0625
13 14 3 13 62 0.0625
13 14 4 13 63 0.0625
13 14 5 13 64 0.03125
13 14 6 13 65 0.015625
13 14 7 13 6 0.015625
13 14 9 13 8 0.03125
13 14 10 13 9 0.046875
13 14 11 13 10 0.03125
13 14 12 13 11 0.046875
13 14 15 13 40 0.015625
13 14 18 13 43 0.03125
13 14 19 13 44 0.03125
13 14 20 13 66 0.0625
13 14 21 13 67 0.0625
13 14 22 13 68 0.0625
13 14 23 13 69 0.0625
13 14 24 13 70 0.0625
13 14 25 13 71 0.0625
13 14 26 13 72 0.0625
14 15 0 14 59 0.0625
14 15 1 14 60 0.03125
14 15 2 14 61 0.0625
14 15 3 14 62 0.0625
14 15 4 14 63 0.0625
14 15 5 14 64 0.046875
14 15 6 14 65 0.046875
14 15 7 14 6 0.0625
14 15 10 14 9 0.03125
14 15 11 14 10 0.046875
14 15 19 14 44 0.0625
14 15 20 14 66 0.0625
14 15 21 14 67 0.0625
14 15 22 14 68 0.0625
14 15 23 14 69 0.0625
14 15 24 14 70 0.0625
14 15 25 14 71 0.046875
14 15 26 14 72 0.0625
15 9 0 15 9 0.171875
15 9 1 15 59 0.015625
15 9 2 15 60 0.046875
15 9 3 15 61 0.09375
15 9 5 15 63 0.125
15 9 6 15 64 0.03125
15 9 8 15 66 0.015625
15 9 9 15 67 0.125
15 9 11 15 69 0.0625
15 9 13 15 71 0.171875
15 9 17 15 60 0.015625
15 9 31 15 65 0.015625
15 9 47 15 10 0.0625
15 9 72 15 44 0.015625
15 9 76 15 69 0.03125
15 16 0 15 59 0.078125
15 16 1 15 60 0.046875
15 16 2 15 61 0.046875
15 16 3 15 62 0.09375
15 16 4 15 63 0.015625
15 16 5 15 64 0.078125
15 16 6 15 65 0.078125
15 16 12 15 11 0.0625
15 16 15 15 40 0.046875
15 16 16 15 41 0.015625
15 16 17 15 42 0.015625
15 16 20 15 66 0.078125
15 16 21 15 67 0.03125
15 16 22 15 68 0.078125
15 16 23 15 69 0.046875
15 16 24 15 70 0.09375
15 16 26 15 72 0.09375
16 17 0 16 59 0.0625
16 17 1 16 60 0.046875
16 17 2 16 61 0.0625
16 17 3 16 62 0.0625
16 17 4 16 63 0.0625
16 17 5 16 64 0.03125
16 17 6 16 65 0.0625
16 17 8 16 7 0.015625
16 17 10 16 9 0.015625
16 17 13 16 38 0.015625
16 17 14 16 39 0.046875
16 17 17 16 42 0.03125
16 17 18 16 43 0.046875
16 17 19 16 44 0.046875
16 17 20 16 66 0.0625
16 17 21 16 67 0.0625
16 17 22 16 68 0.0625
16 17 23 16 69 0.03125
16 17 24 16 70 0.046875
16 17 25 16 71 0.0625
16 17 26 16 72 0.0625
17 18 0 17 38 0.046875
17 18 1 17 39 0.0625
17 18 5 17 40 0.0625
17 18 7 17 42 0.03125
17 18 8 17 42 0.03125
17 18 10 17 43 0.03125
17 18 11 17 44 0.015625
17 18 13 17 44 0.03125
17 18 17 17 66 0.046875
17 18 21 17 67 0.046875
17 18 23 17 68 0.015625
17 18 25 17 69 0.046875
17 18 28 17 71 0.046875
17 18 30 17 72 0.0625
17 18 33 17 59 0.03125
17 18 37 17 59 0.03125
17 18 47 17 62 0.0625
17 18 53 17 64 0.015625
17 18 55 17 64 0.015625
17 18 56 17 64 0.015625
17 18 59 17 65 0.03125
17 18 79 17 41 0.03125
17 18 80 17 43 0.015625
17 18 85 17 60 0.015625
17 18 86 17 60 0.015625
17 18 97 17 6 0.015625
17 18 101 17 8 0.015625
17 18 107 17 10 0.015625
17 18 122 17 68 0.03125
17 18 124 17 68 0.015625
17 18 134 17 70 0.015625
17 18 137 17 71 0.015625
17 18 187 17 63 0.015625
18 10 0 18 52 0.0625
18 10 3 18 53 0.03125
18 10 4 18 53 0.0625
18 10 7 18 54 0.109375
18 10 9 18 55 0.015625
18 10 14 18 57 0.171875
18 10 17 18 45 0.078125
18 10 19 18 46 0.03125
18 10 25 18 49 0.078125
18 10 26 18 49 0.03125
18 10 28 18 50 0.015625
18 10 31 18 51 0.078125
18 10 37 18 0 0.03125
18 10 41 18 1 0.015625
18 10 42 18 1 0.046875
18 10 48 18 3 0.046875
18 10 50 18 5 0.015625
18 10 83 18 0 0.03125
18 10 109 18 75 0.046875
18 19 0 18 0 0.015625
18 19 2 18 2 0.046875
18 19 6 18 73 0.09375
18 19 7 18 74 0.09375
18 19 8 18 75 0.0625
18 19 9 18 76 0.0625
18 19 10 18 77 0.09375
18 19 11 18 78 0.078125
18 19 12 18 79 0.09375
18 19 19 18 58 0.09375
18 19 20 18 45 0.046875
18 19 21 18 46 0.0625
18 19 23 18 48 0.03125
18 19 24 18 49 0.03125
18 19 25 18 50 0.078125
18 19 26 18 51 0.015625
19 20 0 19 0 0.046875
19 20 3 19 3 0.0625
19 20 4 19 4 0.0625
19 20 6 19 73 0.046875
19 20 7 19 74 0.0625
19 20 8 19 75 0.0625
19 20 9 19 76 0.0625
19 20 10 19 77 0.0625
19 20 11 19 78 0.0625
19 20 12 19 79 0.0625
19 20 15 19 54 0.03125
19 20 17 19 56 0.015625
19 20 18 19 57 0.046875
19 20 19 19 58 0.0625
19 20 20 19 45 0.0625
19 20 21 19 46 0.046875
19 20 23 19 48 0.03125
19 20 24 19 49 0.0625
19 20 25 19 50 0.03125
19 20 67 19 50 0.015625
20 21 0 20 0 0.03125
20 21 1 20 1 0.046875
20 21 4 20 4 0.0625
20 21 5 20 5 0.0625
20 21 6 20 73 0.046875
20 21 7 20 74 0.0625
20 21 8 20 75 0.0625
20 21 9 20 76 0.0625
20 21 10 20 77 0.03125
20 21 11 20 78 0.0625
20 21 12 20 79 0.0625
20 21 16 20 55 0.03125
20 21 19 20 58 0.0625
20 21 20 20 45 0.03125
20 21 21 20 46 0.0625
20 21 22 20 47 0.046875
20 21 23 20 48 0.015625
20 21 24 20 49 0.0625
20 21 25 20 50 0.0625
20 21 26 20 51 0.03125
21 16 0 21 74 0.09375
21 16 4 21 77 0.046875
21 16 6 21 78 0.046875
21 16 7 21 79 0.09375
21 16 9 21 46 0.015625
21 16 10 21 46 0.109375
21 16 16 21 47 0.015625
21 16 22 21 49 0.015625
21 16 23 21 49 0.09375
21 16 24 21 49 0.03125
21 16 28 21 50 0.0625
21 16 29 21 51 0.171875
21 16 39 21 2 0.03125
21 16 52 21 52 0.015625
21 16 66 21 56 0.09375
21 16 76 21 58 0.0625
21 22 0 21 0 0.078125
21 22 1 21 1 0.0625
21 22 2 21 2 0.046875
21 22 5 21 5 0.09375
21 22 6 21 73 0.09375
21 22 7 21 74 0.046875
21 22 8 21 75 0.078125
21 22 9 21 76 0.09375
21 22 10 21 77 0.0625
21 22 11 21 78 0.0625
21 22 12 21 79 0.03125
21 22 19 21 58 0.03125
21 22 20 21 45 0.078125
21 22 21 21 46 0.03125
21 22 23 21 48 0.046875
21 22 25 21 50 0.0625
22 12 1 22 73 0.09375
22 12 2 22 74 0.015625
22 12 5 22 75 0.0625
22 12 7 22 78 0.078125
22 12 10 22 45 0.015625
22 12 11 22 45 0.09375
22 12 12 22 46 0.046875
22 12 16 22 47 0.0625
22 12 19 22 47 0.0625
22 12 22 22 48 0.015625
22 12 23 22 49 0.03125
22 12 24 22 49 0.0625
22 12 25 22 49 0.09375
22 12 28 22 50 0.078125
22 12 34 22 0 0.0625
22 12 50 22 5 0.015625
22 12 63 22 54 0.0625
22 12 77 22 58 0.015625
22 12 78 22 58 0.015625
22 12 83 22 51 0.015625
22 23 0 22 0 0.03125
22 23 1 22 1 0.0625
22 23 2 22 2 0.0625
22 23 3 22 3 0.03125
22 23 4 22 4 0.015625
22 23 5 22 5 0.046875
22 23 6 22 73 0.03125
22 23 7 22 74 0.046875
22 23 8 22 75 0.03125
22 23 9 22 76 0.0625
22 23 10 22 77 0.0625
22 23 11 22 78 0.03125
22 23 12 22 79 0.0625
22 23 13 22 52 0.015625
22 23 14 22 53 0.0625
22 23 15 22 54 0.03125
22 23 16 22 55 0.0625
22 23 17 22 56 0.046875
22 23 18 22 57 0.015625
22 23 19 22 58 0.046875
22 23 20 22 45 0.015625
22 23 21 22 46 0.046875
22 23 23 22 48 0.015625
22 23 25 22 50 0.03125
22 23 26 22 51 0.03125
23 24 0 23 0 0.03125
23 24 1 23 1 0.0625
23 24 2 23 2 0.0625
23 24 3 23 3 0.0625
23 24 4 23 4 0.03125
23 24 5 23 5 0.015625
23 24 6 23 52 0.03125
23 24 7 23 53 0.0625
23 24 8 23 54 0.0625
23 24 9 23 55 0.046875
23 24 10 23 56 0.0625
23 24 11 23 57 0.0625
23 24 12 23 58 0.0625
23 24 17 23 76 0.015625
23 24 86 23 73 0.015625
23 24 88 23 73 0.015625
23 24 93 23 74 0.03125
23 24 96 23 75 0.046875
23 24 97 23 75 0.015625
23 24 116 23 45 0.015625
23 24 117 23 45 0.015625
23 24 122 23 46 0.015625
23 24 133 23 49 0.015625
23 24 137 23 49 0.03125
23 24 141 23 50 0.015625
23 24 144 23 51 0.03125
23 24 152 23 74 0.015625
23 24 154 23 76 0.015625
23 24 156 23 77 0.015625
23 24 162 23 45 0.015625
24 25 1 24 1 0.0625
24 25 2 24 2 0.03125
24 25 3 24 3 0.03125
24 25 5 24 5 0.015625
24 25 6 24 59 0.046875
24 25 7 24 60 0.0625
24 25 8 24 61 0.0625
24 25 9 24 62 0.0625
24 25 10 24 63 0.015625
24 25 11 24 64 0.0625
24 25 12 24 65 0.0625
24 25 13 24 52 0.0625
24 25 15 24 54 0.046875
24 25 16 24 55 0.046875
24 25 17 24 56 0.0625
24 25 18 24 57 0.0625
24 25 20 24 31 0.03125
24 25 21 24 32 0.015625
24 25 22 24 33 0.03125
24 25 23 24 34 0.03125
24 25 25 24 36 0.03125
24 25 28 24 32 0.015625
24 25 31 24 37 0.046875
25 26 2 25 2 0.0625
25 26 3 25 3 0.03125
25 26 4 25 4 0.03125
25 26 6 25 59 0.015625
25 26 7 25 60 0.0625
25 26 8 25 61 0.0625
25 26 9 25 62 0.0625
25 26 10 25 63 0.0625
25 26 11 25 64 0.046875
25 26 12 25 65 0.046875
25 26 13 25 52 0.0625
25 26 14 25 53 0.0625
25 26 16 25 55 0.046875
25 26 17 25 56 0.0625
25 26 18 25 57 0.0625
25 26 19 25 58 0.0625
25 26 20 25 31 0.03125
25 26 22 25 33 0.015625
25 26 23 25 34 0.03125
25 26 24 25 35 0.03125
25 26 25 25 36 0.015625
25 26 26 25 37 0.03125
26 27 1 26 1 0.03125
26 27 3 26 3 0.0625
26 27 4 26 4 0.03125
26 27 5 26 5 0.015625
26 27 6 26 59 0.046875
26 27 7 26 60 0.0625
26 27 9 26 62 0.0625
26 27 10 26 63 0.0625
26 27 11 26 64 0.03125
26 27 12 26 65 0.0625
26 27 14 26 53 0.046875
26 27 15 26 54 0.0625
26 27 17 26 56 0.0625
26 27 18 26 57 0.0625
26 27 19 26 58 0.0625
26 27 20 26 31 0.0625
26 27 21 26 32 0.0625
26 27 22 26 33 0.015625
26 27 23 26 34 0.015625
26 27 24 26 35 0.03125
26 27 25 26 36 0.03125
26 27 26 26 37 0.015625
27 28 1 27 1 0.015625
27 28 2 27 2 0.0625
27 28 4 27 4 0.046875
27 28 6 27 59 0.0625
27 28 7 27 60 0.046875
27 28 8 27 61 0.0625
27 28 9 27 62 0.0625
27 28 10 27 63 0.0625
27 28 11 27 64 0.046875
27 28 12 27 65 0.0625
27 28 13 27 52 0.03125
27 28 15 27 54 0.046875
27 28 16 27 55 0.0625
27 28 18 27 57 0.0625
27 28 19 27 58 0.046875
27 28 20 27 31 0.03125
27 28 21 27 32 0.046875
27 28 22 27 33 0.046875
27 28 23 27 34 0.015625
27 28 24 27 35 0.015625
27 28 25 27 36 0.03125
27 28 26 27 37 0.03125
28 19 2 28 2 0.0625
28 19 3 28 3 0.171875
28 19 4 28 4 0.046875
28 19 5 28 5 0.171875
28 19 6 28 52 0.03125
28 19 7 28 53 0.171875
28 19 8 28 54 0.015625
28 19 9 28 55 0.140625
28 19 10 28 56 0.109375
28 19 11 28 57 0.015625
28 19 96 28 63 0.03125
28 19 114 28 32 0.015625
28 19 121 28 34 0.015625
28 29 6 28 59 0.078125
28 29 7 28 60 0.09375
28 29 8 28 61 0.09375
28 29 9 28 62 0.0625
28 29 10 28 63 0.015625
28 29 11 28 64 0.015625
28 29 12 28 65 0.03125
28 29 13 28 52 0.078125
28 29 17 28 56 0.03125
28 29 18 28 57 0.0625
28 29 19 28 58 0.09375
28 29 20 28 31 0.015625
28 29 21 28 32 0.078125
28 29 22 28 33 0.078125
28 29 23 28 34 0.078125
28 29 24 28 35 0.046875
28 29 26 28 37 0.046875
29 30 2 29 2 0.015625
29 30 6 29 59 0.0625
29 30 7 29 60 0.0625
29 30 8 29 61 0.03125
29 30 9 29 62 0.0625
29 30 10 29 63 0.0625
29 30 11 29 64 0.0625
29 30 12 29 65 0.03125
29 30 13 29 52 0.046875
29 30 14 29 53 0.046875
29 30 15 29 54 0.03125
29 30 16 29 55 0.046875
29 30 17 29 56 0.03125
29 30 18 29 57 0.0625
29 30 19 29 58 0.0625
29 30 20 29 31 0.0625
29 30 21 29 32 0.0625
29 30 22 29 33 0.015625
29 30 23 29 34 0.046875
29 30 24 29 35 0.0625
29 30 26 29 37 0.03125
30 31 0 30 31 0.0625
30 31 1 30 59 0.0625
30 31 3 30 61 0.0625
30 31 4 30 62 0.0625
30 31 5 30 63 0.0625
30 31 6 30 64 0.0625
30 31 7 30 65 0.0625
30 31 8 30 52 0.046875
30 31 9 30 53 0.046875
30 31 10 30 54 0.046875
30 31 11 30 55 0.03125
30 31 12 30 56 0.046875
30 31 13 30 57 0.03125
30 31 14 30 58 0.0625
30 31 25 30 3 0.015625
30 31 46 30 52 0.015625
30 31 60 30 32 0.046875
30 31 61 30 33 0.03125
30 31 62 30 33 0.015625
30 31 65 30 33 0.03125
30 31 73 30 35 0.015625
30 31 76 30 35 0.03125
30 31 79 30 36 0.046875
31 22 0 31 52 0.09375
31 22 1 31 53 0.09375
31 22 2 31 54 0.09375
31 22 3 31 55 0.0625
31 22 4 31 56 0.03125
31 22 5 31 57 0.0625
31 22 6 31 58 0.046875
31 22 7 31 24 0.078125
31 22 12 31 25 0.015625
31 22 16 31 26 0.03125
31 22 72 31 63 0.03125
31 22 84 31 6 0.046875
31 22 87 31 8 0.078125
31 22 90 31 9 0.015625
31 22 92 31 10 0.015625
31 22 108 31 60 0.03125
31 22 109 31 60 0.03125
31 22 114 31 61 0.046875
31 22 116 31 61 0.046875
31 22 118 31 63 0.03125
31 22 123 31 64 0.015625
31 32 14 31 59 0.15625
31 32 15 31 60 0.03125
31 32 17 31 62 0.171875
31 32 18 31 63 0.046875
31 32 19 31 64 0.140625
31 32 20 31 65 0.046875
31 32 22 31 7 0.078125
31 32 24 31 9 0.125
31 32 25 31 10 0.09375
31 32 26 31 11 0.109375
32 33 0 32 24 0.046875
32 33 1 32 25 0.0625
32 33 2 32 26 0.0625
32 33 4 32 28 0.015625
32 33 5 32 29 0.015625
32 33 12 32 57 0.03125
32 33 13 32 58 0.03125
32 33 14 32 59 0.09375
32 33 15 32 60 0.078125
32 33 16 32 61 0.09375
32 33 17 32 62 0.09375
32 33 18 32 63 0.09375
32 33 19 32 64 0.09375
32 33 20 32 65 0.046875
32 33 22 32 7 0.0625
32 33 23 32 8 0.046875
32 33 24 32 9 0.03125
33 34 0 33 24 0.03125
33 34 1 33 25 0.03125
33 34 2 33 26 0.046875
33 34 3 33 27 0.03125
33 34 6 33 30 0.03125
33 34 7 33 52 0.03125
33 34 12 33 57 0.015625
33 34 13 33 58 0.0625
33 34 14 33 59 0.0625
33 34 15 33 60 0.0625
33 34 16 33 61 0.0625
33 34 17 33 62 0.0625
33 34 18 33 63 0.0625
33 34 19 33 64 0.0625
33 34 20 33 65 0.0625
33 34 21 33 6 0.03125
33 34 22 33 7 0.03125
33 34 23 33 8 0.0625
33 34 24 33 9 0.046875
33 34 25 33 10 0.046875
33 34 26 33 11 0.0625
34 35 0 34 24 0.046875
34 35 1 34 25 0.015625
34 35 2 34 26 0.03125
34 35 3 34 27 0.046875
34 35 4 34 28 0.015625
34 35 7 34 52 0.015625
34 35 8 34 53 0.03125
34 35 9 34 54 0.03125
34 35 11 34 56 0.03125
34 35 12 34 57 0.03125
34 35 13 34 58 0.046875
34 35 14 34 59 0.03125
34 35 15 34 60 0.0625
34 35 16 34 61 0.0625
34 35 17 34 62 0.0625
34 35 18 34 63 0.0625
34 35 19 34 64 0.0625
34 35 20 34 65 0.0625
34 35 22 34 7 0.0625
34 35 23 34 8 0.03125
34 35 24 34 9 0.0625
34 35 25 34 10 0.046875
34 35 26 34 11 0.046875
35 36 0 35 24 0.03125
35 36 1 35 25 0.046875
35 36 2 35 26 0.015625
35 36 3 35 27 0.015625
35 36 4 35 28 0.046875
35 36 5 35 29 0.015625
35 36 7 35 52 0.03125
35 36 8 35 53 0.03125
35 36 10 35 55 0.03125
35 36 12 35 57 0.015625
35 36 13 35 58 0.0625
35 36 14 35 59 0.0625
35 36 15 35 60 0.0625
35 36 16 35 61 0.0625
35 36 17 35 62 0.0625
35 36 18 35 63 0.0625
35 36 19 35 64 0.0625
35 36 20 35 65 0.046875
35 36 22 35 7 0.046875
35 36 23 35 8 0.0625
35 36 24 35 9 0.0625
35 36 25 35 10 0.015625
35 36 26 35 11 0.046875
36 29 0 36 29 0.171875
36 29 2 36 53 0.09375
36 29 3 36 54 0.125
36 29 4 36 55 0.109375
36 29 5 36 56 0.109375
36 29 6 36 57 0.03125
36 29 11 36 62 0.046875
36 29 12 36 63 0.046875
36 29 13 36 64 0.140625
36 29 14 36 65 0.125
36 37 0 36 24 0.03125
36 37 1 36 25 0.046875
36 37 2 36 26 0.0625
36 37 3 36 27 0.03125
36 37 4 36 28 0.03125
36 37 6 36 30 0.078125
36 37 10 36 55 0.015625
36 37 12 36 57 0.0625
36 37 13 36 58 0.09375
36 37 14 36 59 0.09375
36 37 16 36 61 0.09375
36 37 17 36 62 0.0625
36 37 18 36 63 0.0625
36 37 19 36 64 0.015625
36 37 20 36 65 0.03125
36 37 22 36 7 0.046875
36 37 23 36 8 0.0625
36 37 24 36 9 0.0625
36 37 26 36 11 0.015625
37 32 0 37 24 0.09375
37 32 1 37 25 0.171875
37 32 3 37 27 0.03125
37 32 6 37 30 0.015625
37 32 8 37 53 0.015625
37 32 10 37 55 0.015625
37 32 11 37 56 0.03125
37 32 14 37 59 0.015625
37 32 15 37 60 0.140625
37 32 16 37 61 0.171875
37 32 18 37 63 0.125
37 32 19 37 64 0.03125
37 32 20 37 65 0.03125
37 32 22 37 7 0.09375
37 32 25 37 10 0.015625
37 38 0 37 59 0.078125
37 38 4 37 64 0.046875
37 38 5 37 64 0.015625
37 38 9 37 6 0.015625
37 38 10 37 6 0.015625
37 38 12 37 7 0.046875
37 38 13 37 8 0.0625
37 38 14 37 8 0.015625
37 38 15 37 9 0.015625
37 38 16 37 9 0.0625
37 38 20 37 10 0.046875
37 38 22 37 11 0.078125
37 38 26 37 11 0.015625
37 38 27 37 24 0.015625
37 38 28 37 24 0.015625
37 38 35 37 26 0.015625
37 38 36 37 26 0.03125
37 38 38 37 27 0.046875
37 38 44 37 28 0.03125
37 38 46 37 29 0.03125
37 38 51 37 52 0.015625
37 38 58 37 54 0.03125
37 38 68 37 58 0.015625
37 38 69 37 62 0.015625
37 38 71 37 62 0.0625
37 38 73 37 63 0.03125
37 38 76 37 64 0.015625
37 38 77 37 65 0.078125
37 38 88 37 24 0.015625
37 38 128 37 60 0.015625
38 39 0 38 73 0.0625
38 39 1 38 74 0.015625
38 39 3 38 76 0.0625
38 39 5 38 78 0.046875
38 39 6 38 79 0.0625
38 39 7 38 12 0.03125
38 39 8 38 13 0.0625
38 39 9 38 14 0.046875
38 39 10 38 15 0.0625
38 39 13 38 66 0.0625
38 39 14 38 67 0.0625
38 39 15 38 68 0.0625
38 39 16 38 69 0.0625
38 39 17 38 70 0.03125
38 39 18 38 71 0.0625
38 39 19 38 72 0.0625
38 39 24 38 49 0.015625
38 39 25 38 50 0.0625
38 39 26 38 51 0.0625
39 40 0 39 73 0.046875
39 40 1 39 74 0.0625
39 40 2 39 75 0.0625
39 40 4 39 77 0.0625
39 40 5 39 78 0.046875
39 40 7 39 12 0.03125
39 40 8 39 13 0.03125
39 40 9 39 14 0.0625
39 40 11 39 16 0.015625
39 40 13 39 66 0.0625
39 40 14 39 67 0.0625
39 40 15 39 68 0.0625
39 40 16 39 69 0.0625
39 40 17 39 70 0.046875
39 40 18 39 71 0.0625
39 40 19 39 72 0.0625
39 40 20 39 45 0.046875
39 40 24 39 49 0.015625
39 40 25 39 50 0.03125
39 40 26 39 51 0.046875
39 40 32 39 51 0.015625
40 33 2 40 12 0.0625
40 33 7 40 14 0.109375
40 33 10 40 15 0.046875
40 33 12 40 16 0.03125
40 33 14 40 17 0.078125
40 33 16 40 17 0.015625
40 33 20 40 67 0.015625
40 33 21 40 68 0.015625
40 33 22 40 68 0.09375
40 33 29 40 71 0.015625
40 33 30 40 72 0.109375
40 33 35 40 73 0.046875
40 33 40 40 75 0.03125
40 33 44 40 77 0.03125
40 33 59 40 12 0.03125
40 33 65 40 17 0.078125
40 33 74 40 45 0.03125
40 33 76 40 45 0.046875
40 33 91 40 50 0.09375
40 33 155 40 74 0.015625
40 41 0 40 73 0.015625
40 41 1 40 74 0.078125
40 41 2 40 75 0.078125
40 41 3 40 76 0.078125
40 41 4 40 77 0.078125
40 41 5 40 78 0.015625
40 41 6 40 79 0.03125
40 41 7 40 12 0.015625
40 41 8 40 13 0.046875
40 41 10 40 15 0.0625
40 41 13 40 66 0.078125
40 41 14 40 67 0.078125
40 41 15 40 68 0.03125
40 41 16 40 69 0.09375
40 41 17 40 70 0.09375
40 41 19 40 72 0.03125
40 41 24 40 49 0.078125
40 41 25 40 50 0.015625
41 37 1 41 12 0.015625
41 37 6 41 14 0.046875
41 37 8 41 15 0.015625
41 37 10 41 15 0.015625
41 37 12 41 16 0.046875
41 37 13 41 17 0.078125
41 37 14 41 17 0.03125
41 37 15 41 17 0.03125
41 37 18 41 66 0.03125
41 37 20 41 67 0.078125
41 37 21 41 68 0.015625
41 37 24 41 70 0.03125
41 37 25 41 71 0.015625
41 37 26 41 71 0.0625
41 37 27 41 72 0.03125
41 37 28 41 72 0.0625
41 37 29 41 72 0.015625
41 37 60 41 12 0.03125
41 37 67 41 66 0.125
41 37 69 41 67 0.046875
41 37 70 41 70 0.109375
41 37 76 41 46 0.015625
41 37 85 41 50 0.03125
41 37 140 41 49 0.015625
41 42 0 41 73 0.015625
41 42 1 41 74 0.015625
41 42 2 41 75 0.03125
41 42 3 41 76 0.09375
41 42 4 41 77 0.046875
41 42 5 41 78 0.015625
41 42 6 41 79 0.09375
41 42 7 41 12 0.0625
41 42 8 41 13 0.03125
41 42 9 41 14 0.0625
41 42 10 41 15 0.0625
41 42 13 41 66 0.015625
41 42 14 41 67 0.03125
41 42 15 41 68 0.078125
41 42 16 41 69 0.015625
41 42 17 41 70 0.015625
41 42 18 41 71 0.046875
41 42 19 41 72 0.03125
41 42 22 41 47 0.015625
41 42 24 41 49 0.078125
41 42 25 41 50 0.078125
41 42 26 41 51 0.0625
42 43 0 42 73 0.03125
42 43 1 42 74 0.046875
42 43 4 42 77 0.0625
42 43 5 42 78 0.0625
42 43 6 42 79 0.0625
42 43 7 42 12 0.03125
42 43 9 42 14 0.046875
42 43 10 42 15 0.046875
42 43 11 42 16 0.015625
42 43 12 42 17 0.015625
42 43 13 42 66 0.0625
42 43 14 42 67 0.046875
42 43 15 42 68 0.0625
42 43 16 42 69 0.0625
42 43 17 42 70 0.046875
42 43 18 42 71 0.0625
42 43 19 42 72 0.0625
42 43 24 42 49 0.0625
42 43 25 42 50 0.046875
42 43 26 42 51 0.0625
43 44 0 43 73 0.0625
43 44 1 43 74 0.046875
43 44 2 43 75 0.03125
43 44 3 43 76 0.046875
43 44 4 43 77 0.046875
43 44 5 43 78 0.046875
43 44 6 43 79 0.0625
43 44 7 43 12 0.03125
43 44 8 43 13 0.015625
43 44 10 43 15 0.046875
43 44 13 43 66 0.0625
43 44 14 43 67 0.0625
43 44 15 43 68 0.0625
43 44 16 43 69 0.0625
43 44 17 43 70 0.0625
43 44 18 43 71 0.0625
43 44 19 43 72 0.0625
43 44 20 43 45 0.046875
43 44 25 43 50 0.046875
43 44 26 43 51 0.03125
44 45 0 44 45 0.0625
44 45 1 44 73 0.0625
44 45 2 44 74 0.046875
44 45 3 44 75 0.0625
44 45 4 44 76 0.0625
44 45 5 44 77 0.0625
44 45 6 44 78 0.03125
44 45 7 44 79 0.0625
44 45 9 44 67 0.046875
44 45 10 44 68 0.0625
44 45 11 44 69 0.0625
44 45 12 44 70 0.0625
44 45 13 44 71 0.0625
44 45 14 44 72 0.046875
44 45 39 44 66 0.046875
44 45 47 44 46 0.015625
44 45 58 44 49 0.015625
44 45 60 44 49 0.03125
44 45 62 44 50 0.03125
44 45 66 44 50 0.015625
44 45 71 44 51 0.046875
45 46 0 45 73 0.046875
45 46 1 45 74 0.046875
45 46 2 45 75 0.0625
45 46 3 45 76 0.0625
45 46 4 45 77 0.0625
45 46 5 45 78 0.046875
45 46 6 45 79 0.0625
45 46 12 45 23 0.03125
45 46 13 45 66 0.0625
45 46 14 45 67 0.03125
45 46 15 45 68 0.046875
45 46 16 45 69 0.046875
45 46 17 45 70 0.046875
45 46 18 45 71 0.046875
45 46 20 45 38 0.0625
45 46 21 45 39 0.0625
45 46 23 45 41 0.046875
45 46 24 45 42 0.046875
45 46 25 45 43 0.0625
45 46 26 45 44 0.015625
46 47 0 46 73 0.0625
46 47 1 46 74 0.0625
46 47 2 46 75 0.03125
46 47 3 46 76 0.046875
46 47 4 46 77 0.0625
46 47 5 46 78 0.046875
46 47 6 46 79 0.0625
46 47 12 46 23 0.015625
46 47 13 46 66 0.046875
46 47 15 46 68 0.0625
46 47 16 46 69 0.015625
46 47 17 46 70 0.03125
46 47 18 46 71 0.0625
46 47 19 46 72 0.046875
46 47 20 46 38 0.03125
46 47 21 46 39 0.0625
46 47 22 46 40 0.0625
46 47 23 46 41 0.03125
46 47 24 46 42 0.046875
46 47 25 46 43 0.046875
46 47 26 46 44 0.0625
47 38 0 47 38 0.171875
47 38 2 47 74 0.046875
47 38 3 47 75 0.15625
47 38 5 47 77 0.046875
47 38 6 47 78 0.09375
47 38 7 47 79 0.03125
47 38 8 47 66 0.03125
47 38 10 47 68 0.046875
47 38 11 47 69 0.171875
47 38 20 47 78 0.046875
47 38 24 47 19 0.125
47 38 52 47 40 0.03125
47 48 0 47 73 0.0625
47 48 1 47 74 0.03125
47 48 3 47 76 0.0625
47 48 4 47 77 0.046875
47 48 6 47 79 0.046875
47 48 9 47 20 0.03125
47 48 10 47 21 0.015625
47 48 11 47 22 0.03125
47 48 12 47 23 0.046875
47 48 13 47 66 0.03125
47 48 14 47 67 0.0625
47 48 15 47 68 0.046875
47 48 17 47 70 0.0625
47 48 18 47 71 0.0625
47 48 19 47 72 0.0625
47 48 21 47 39 0.0625
47 48 22 47 40 0.046875
47 48 23 47 41 0.0625
47 48 24 47 42 0.03125
47 48 25 47 43 0.0625
47 48 26 47 44 0.03125
48 41 0 48 41 0.171875
48 41 3 48 75 0.015625
48 41 7 48 79 0.125
48 41 10 48 68 0.09375
48 41 13 48 71 0.171875
48 41 14 48 72 0.109375
48 41 25 48 19 0.015625
48 41 46 48 38 0.078125
48 41 51 48 38 0.015625
48 41 56 48 39 0.015625
48 41 61 48 40 0.015625
48 41 66 48 43 0.015625
48 41 69 48 44 0.09375
48 41 70 48 44 0.0625
48 42 0 48 42 0.171875
48 42 2 48 74 0.0625
48 42 5 48 77 0.015625
48 42 9 48 67 0.125
48 42 10 48 68 0.015625
48 42 11 48 69 0.046875
48 42 12 48 70 0.125
48 42 14 48 72 0.0625
48 42 23 48 19 0.046875
48 42 25 48 19 0.03125
48 42 27 48 20 0.0625
48 42 59 48 39 0.03125
48 42 60 48 40 0.140625
48 42 71 48 43 0.015625
48 42 112 48 22 0.046875
48 49 0 48 73 0.09375
48 49 1 48 74 0.0625
48 49 2 48 75 0.078125
48 49 3 48 76 0.09375
48 49 4 48 77 0.078125
48 49 5 48 78 0.078125
48 49 6 48 79 0.03125
48 49 10 48 21 0.015625
48 49 13 48 66 0.09375
48 49 14 48 67 0.015625
48 49 15 48 68 0.03125
48 49 16 48 69 0.0625
48 49 17 48 70 0.015625
48 49 20 48 38 0.046875
48 49 21 48 39 0.0625
48 49 25 48 43 0.078125
48 49 30 48 23 0.0625
49 50 0 49 73 0.09375
49 50 1 49 74 0.078125
49 50 2 49 75 0.09375
49 50 3 49 76 0.046875
49 50 4 49 77 0.0625
49 50 5 49 78 0.046875
49 50 6 49 79 0.09375
49 50 12 49 23 0.046875
49 50 13 49 66 0.09375
49 50 14 49 67 0.0625
49 50 15 49 68 0.078125
49 50 16 49 69 0.046875
49 50 17 49 70 0.0625
49 50 18 49 71 0.015625
49 50 19 49 72 0.0625
49 50 22 49 40 0.015625
50 51 0 50 73 0.0625
50 51 1 50 74 0.09375
50 51 2 50 75 0.09375
50 51 3 50 76 0.078125
50 51 4 50 77 0.078125
50 51 5 50 78 0.03125
50 51 6 50 79 0.078125
50 51 12 50 23 0.03125
50 51 13 50 66 0.09375
50 51 14 50 67 0.015625
50 51 15 50 68 0.0625
50 51 16 50 69 0.09375
50 51 17 50 70 0.0625
50 51 18 50 71 0.046875
50 51 19 50 72 0.03125
50 51 22 50 40 0.03125
50 51 23 50 41 0.015625
51 52 0 51 18 0.046875
51 52 1 51 19 0.0625
51 52 2 51 20 0.09375
51 52 3 51 21 0.046875
51 52 4 51 22 0.046875
51 52 7 51 73 0.03125
51 52 8 51 73 0.015625
51 52 9 51 74 0.03125
51 52 10 51 75 0.046875
51 52 11 51 76 0.046875
51 52 12 51 76 0.015625
51 52 14 51 77 0.015625
51 52 16 51 78 0.03125
51 52 17 51 78 0.015625
51 52 19 51 78 0.046875
51 52 26 51 73 0.03125
51 52 32 51 79 0.09375
51 52 56 51 66 0.046875
51 52 59 51 67 0.015625
51 52 60 51 68 0.078125
51 52 61 51 69 0.03125
51 52 62 51 70 0.03125
51 52 78 51 40 0.015625
51 52 84 51 44 0.03125
51 52 107 51 67 0.03125
52 53 0 52 0 0.015625
52 53 1 52 24 0.03125
52 53 4 52 27 0.078125
52 53 6 52 29 0.015625
52 53 9 52 2 0.0625
52 53 11 52 4 0.09375
52 53 12 52 5 0.0625
52 53 14 52 32 0.0625
52 53 15 52 33 0.09375
52 53 16 52 34 0.03125
52 53 17 52 35 0.03125
52 53 18 52 36 0.046875
52 53 19 52 37 0.078125
52 53 20 52 18 0.03125
52 53 21 52 19 0.078125
52 53 22 52 20 0.09375
52 53 23 52 21 0.09375
53 54 0 53 0 0.0625
53 54 2 53 25 0.09375
53 54 4 53 27 0.015625
53 54 5 53 28 0.078125
53 54 6 53 29 0.03125
53 54 7 53 30 0.015625
53 54 8 53 1 0.015625
53 54 10 53 3 0.0625
53 54 12 53 5 0.09375
53 54 14 53 32 0.078125
53 54 15 53 33 0.078125
53 54 16 53 34 0.046875
53 54 17 53 35 0.046875
53 54 18 53 36 0.03125
53 54 19 53 37 0.0625
53 54 20 53 18 0.015625
53 54 22 53 20 0.078125
53 54 23 53 21 0.09375
54 55 0 54 0 0.046875
54 55 3 54 26 0.09375
54 55 5 54 28 0.015625
54 55 6 54 29 0.015625
54 55 7 54 30 0.046875
54 55 8 54 1 0.0625
54 55 9 54 2 0.03125
54 55 11 54 4 0.0625
54 55 14 54 32 0.0625
54 55 15 54 33 0.09375
54 55 16 54 34 0.078125
54 55 17 54 35 0.03125
54 55 19 54 37 0.078125
54 55 20 54 18 0.078125
54 55 21 54 19 0.078125
54 55 22 54 20 0.046875
54 55 23 54 21 0.078125
55 56 0 55 0 0.015625
55 56 4 55 27 0.09375
55 56 6 55 29 0.03125
55 56 7 55 30 0.015625
55 56 8 55 1 0.046875
55 56 9 55 2 0.0625
55 56 10 55 3 0.015625
55 56 12 55 5 0.0625
55 56 13 55 31 0.03125
55 56 14 55 32 0.078125
55 56 15 55 33 0.09375
55 56 16 55 34 0.03125
55 56 17 55 35 0.046875
55 56 18 55 36 0.03125
55 56 19 55 37 0.078125
55 56 20 55 18 0.09375
55 56 21 55 19 0.015625
55 56 22 55 20 0.078125
55 56 23 55 21 0.046875
55 56 24 55 22 0.03125
56 48 0 56 18 0.09375
56 48 1 56 19 0.0625
56 48 3 56 21 0.046875
56 48 5 56 23 0.015625
56 48 6 56 0 0.03125
56 48 7 56 0 0.0625
56 48 15 56 3 0.09375
56 48 20 56 4 0.0625
56 48 25 56 23 0.03125
56 48 26 56 0 0.046875
56 48 49 56 1 0.03125
56 48 50 56 2 0.046875
56 48 52 56 2 0.078125
56 48 55 56 5 0.015625
56 48 57 56 32 0.0625
56 48 66 56 35 0.03125
56 48 105 56 28 0.046875
56 48 135 56 34 0.078125
56 48 142 56 36 0.0625
56 57 5 56 28 0.03125
56 57 7 56 30 0.0625
56 57 10 56 3 0.03125
56 57 11 56 4 0.015625
56 57 13 56 31 0.046875
56 57 14 56 32 0.078125
56 57 15 56 33 0.109375
56 57 16 56 34 0.09375
56 57 17 56 35 0.015625
56 57 18 56 36 0.015625
56 57 19 56 37 0.171875
56 57 22 56 20 0.109375
56 57 23 56 21 0.125
56 57 24 56 22 0.09375
57 47 0 57 18 0.171875
57 47 1 57 19 0.15625
57 47 2 57 20 0.03125
57 47 3 57 21 0.15625
57 47 4 57 22 0.046875
57 47 5 57 23 0.140625
57 47 7 57 0 0.046875
57 47 21 57 4 0.09375
57 47 51 57 5 0.015625
57 47 55 57 33 0.046875
57 47 63 57 36 0.03125
57 47 128 57 31 0.015625
57 47 138 57 34 0.03125
57 47 143 57 36 0.015625
