6_5625_10000_100_0_0 25 75 0.668085 0.102656 0.52959 10.329 169.018 2.5632
6_5625_10000_100_0_0 25 75 50 121391 4182115500 34451.6 2427.82 83642310 4.08078e+08
6_5625_10000_100_1_1 25 75 0.668085 0.102656 0.52959 10.329 169.018 2.5632
6_5625_10000_100_1_1 25 75 50 121391 4182115500 34451.6 2427.82 83642310 4.08078e+08
6_5625_10000_100_2_2 25 75 0.606323 0.0999076 0.499526 9.52799 170.187 2.13623
6_5625_10000_100_2_2 25 75 50 120990 4185390000 34592.9 2419.8 83707800 3.96012e+08
6_5625_10000_100_3_3 25 75 0.561863 0.103167 0.524504 9.12642 144.108 2.23407
6_5625_10000_100_3_3 25 75 50 120840 4194636000 34712.3 2416.8 83892720 3.21391e+08
6_5625_10000_100_4_4 25 75 0.741747 0.104862 0.567648 10.4571 200.784 2.80298
6_5625_10000_100_4_4 25 75 50 120678 4256427000 35270.9 2413.56 85128540 4.76494e+08
6_5625_10000_100_5_5 25 75 0.665043 0.100742 0.506409 10.1165 217.86 2.30093
6_5625_10000_100_5_5 25 75 50 120984 4194601500 34670.7 2419.68 83892030 4.02709e+08
6_5625_10000_100_6_6 25 75 0.603366 0.100553 0.497376 9.70473 131.095 2.09372
6_5625_10000_100_6_6 25 75 50 120970 4116514500 34029.2 2419.4 82330290 2.96126e+08
6_5625_10000_100_7_7 25 75 0.722552 0.103006 0.513466 10.2041 196.097 2.39741
6_5625_10000_100_7_7 25 75 50 120985 4197421500 34693.7 2419.7 83948430 4.43646e+08
6_5625_10000_100_8_8 25 75 0.703226 0.105418 0.528433 10.1306 177.579 2.44639
6_5625_10000_100_8_8 25 75 50 120905 4257619500 35214.6 2418.1 85152390 4.07944e+08
6_5625_10000_100_9_9 25 75 0.85362 0.10484 0.57331 10.9026 193.268 2.9006
6_5625_10000_100_9_9 25 75 50 120735 4228623000 35024 2414.7 84572460 4.72243e+08
