14_25_100_200_0_0 50 150 1.10677 0.108853 0.477982 10.256 1079.55 1.98229
14_25_100_200_0_0 50 150 100 1918426 46712250000 24349.3 19184.3 467122500 1.5032e+09
14_25_100_200_1_1 50 150 1.10677 0.108853 0.477982 10.256 1079.55 1.98229
14_25_100_200_1_1 50 150 100 1918426 46712250000 24349.3 19184.3 467122500 1.5032e+09
14_25_100_200_2_2 50 150 1.08486 0.108588 0.479768 10.2629 577.277 1.97182
14_25_100_200_2_2 50 150 100 1918419 46714213500 24350.4 19184.2 467142135 1.51445e+09
14_25_100_200_3_3 50 150 1.14033 0.10876 0.478938 10.1404 1083.08 1.93601
14_25_100_200_3_3 50 150 100 1918426 46714516500 24350.4 19184.3 467145165 1.56202e+09
14_25_100_200_4_4 50 150 1.13699 0.108628 0.483163 10.325 605.534 2.04174
14_25_100_200_4_4 50 150 100 1918421 46714351500 24350.4 19184.2 467143515 1.54752e+09
14_25_100_200_5_5 50 150 1.10896 0.109062 0.485096 10.3388 1080.11 2.04495
14_25_100_200_5_5 50 150 100 1918424 46714353000 24350.4 19184.2 467143530 1.52482e+09
14_25_100_200_6_6 50 150 1.15641 0.108998 0.482635 10.3352 1080.58 2.0284
14_25_100_200_6_6 50 150 100 1918424 46714171500 24350.3 19184.2 467141715 1.51393e+09
14_25_100_200_7_7 50 150 1.13 0.108739 0.480912 10.3485 1079.43 2.04079
14_25_100_200_7_7 50 150 100 1918424 46714233000 24350.3 19184.2 467142330 1.56461e+09
14_25_100_200_8_8 50 150 1.14147 0.108921 0.486194 10.4185 1078.95 2.08055
14_25_100_200_8_8 50 150 100 1918423 46714443000 24350.4 19184.2 467144430 1.52723e+09
14_25_100_200_9_9 50 150 1.14721 0.108802 0.488474 10.8218 597.854 2.21234
14_25_100_200_9_9 50 150 100 1918426 46714039500 24350.2 19184.3 467140395 1.52923e+09
