1_275_1000_240_0_0 60 180 0.771086 0.159805 0.673592 9.89599 2110.71 2.67085
1_275_1000_240_0_0 60 180 120 4002132 102862624500 25702 33351.1 8.57189e+08 2.24933e+09
1_275_1000_240_1_1 60 180 0.771086 0.159805 0.673592 9.89599 2110.71 2.67085
1_275_1000_240_1_1 60 180 120 4002132 102862624500 25702 33351.1 8.57189e+08 2.24933e+09
1_275_1000_240_2_2 60 180 0.747398 0.159605 0.669893 10.002 1098.85 2.67202
1_275_1000_240_2_2 60 180 120 4002980 102876745500 25700 33358.2 8.57306e+08 2.24116e+09
1_275_1000_240_3_3 60 180 0.739757 0.15989 0.672473 9.97365 2107.91 2.70338
1_275_1000_240_3_3 60 180 120 4002759 102803497500 25683.2 33356.3 8.56696e+08 2.2452e+09
1_275_1000_240_4_4 60 180 0.798973 0.159484 0.674141 10.0961 2118.55 2.73191
1_275_1000_240_4_4 60 180 120 4002548 102898819500 25708.3 33354.6 8.5749e+08 2.33104e+09
1_275_1000_240_5_5 60 180 0.723727 0.159986 0.674398 9.922 1097.51 2.68907
1_275_1000_240_5_5 60 180 120 4002645 102777820500 25677.5 33355.4 8.56482e+08 2.22589e+09
1_275_1000_240_6_6 60 180 0.716829 0.160372 0.679324 9.99803 1089.68 2.73764
1_275_1000_240_6_6 60 180 120 4002203 102893844000 25709.3 33351.7 857448700 2.22557e+09
1_275_1000_240_7_7 60 180 0.77584 0.159443 0.671027 10.0035 2127.94 2.68906
1_275_1000_240_7_7 60 180 120 4001797 102817366500 25692.8 33348.3 8.56811e+08 2.24993e+09
1_275_1000_240_8_8 60 180 0.747224 0.159668 0.672442 9.90474 1099.44 2.68625
1_275_1000_240_8_8 60 180 120 4001795 102815992500 25692.5 33348.3 8.568e+08 2.27666e+09
1_275_1000_240_9_9 60 180 0.761783 0.158835 0.66669 9.94642 2129.98 2.64024
1_275_1000_240_9_9 60 180 120 4000416 102579975000 25642.3 33336.8 854833125 2.20797e+09
