10_875_1000_1000_0_0 250 750 0.609381 0.111644 4.63553 9.92691 230.021 7.27532
10_875_1000_1000_0_0 250 750 500 3425244 45207894000 13198.4 6850.49 90415788 8.90026e+07
10_875_1000_1000_1_1 250 750 0.609381 0.111644 4.63553 9.92691 230.021 7.27532
10_875_1000_1000_1_1 250 750 500 3425244 45207894000 13198.4 6850.49 90415788 8.90026e+07
10_875_1000_1000_2_2 250 750 0.608673 0.111644 4.64771 9.93412 140.066 7.29588
10_875_1000_1000_2_2 250 750 500 3425403 45204394500 13196.8 6850.81 90408789 8.8623e+07
10_875_1000_1000_3_3 250 750 0.607534 0.111644 4.59537 9.9197 279.991 7.2508
10_875_1000_1000_3_3 250 750 500 3425028 45197508000 13196.2 6850.06 90395016 8.88253e+07
10_875_1000_1000_4_4 250 750 0.606383 0.111644 4.57666 9.91261 999.998 7.22891
10_875_1000_1000_4_4 250 750 500 3425149 45202758000 13197.3 6850.3 90405516 8.82677e+07
10_875_1000_1000_5_5 250 750 0.606881 0.111644 4.58169 9.92499 280.07 7.2505
10_875_1000_1000_5_5 250 750 500 3425123 45202999500 13197.5 6850.25 90405999 8.8567e+07
10_875_1000_1000_6_6 250 750 0.608688 0.111644 4.66351 9.94862 180.078 7.2909
10_875_1000_1000_6_6 250 750 500 3425219 45207121500 13198.3 6850.44 90414243 8.86825e+07
10_875_1000_1000_7_7 250 750 0.61341 0.111644 4.69664 9.95304 110.031 7.35122
10_875_1000_1000_7_7 250 750 500 3425445 45211138500 13198.6 6850.89 90422277 8.97095e+07
10_875_1000_1000_8_8 250 750 0.609213 0.111644 4.58586 9.92957 670.029 7.26332
10_875_1000_1000_8_8 250 750 500 3425106 45204957000 13198.1 6850.21 90409914 8.88825e+07
10_875_1000_1000_9_9 250 750 0.612296 0.111644 4.6961 9.92496 210.006 7.31143
10_875_1000_1000_9_9 250 750 500 3425355 45206289000 13197.5 6850.71 90412578 8.94781e+07
