15_5_10_640_0_0 160 480 1.02476 0.089191 0.513513 10.7885 1078.7 2.96519
15_5_10_640_0_0 160 480 320 643289 22482634500 34949.5 2010.28 7.02582e+07 6.68111e+08
15_5_10_640_1_1 160 480 1.02476 0.089191 0.513513 10.7885 1078.7 2.96519
15_5_10_640_1_1 160 480 320 643289 22482634500 34949.5 2010.28 7.02582e+07 6.68111e+08
15_5_10_640_2_2 160 480 0.928984 0.0894707 0.523111 10.5463 690.967 2.98673
15_5_10_640_2_2 160 480 320 643278 22481169000 34947.8 2010.24 7.02537e+07 6.4533e+08
15_5_10_640_3_3 160 480 0.878323 0.0898393 0.496946 10.1433 738.394 2.66719
15_5_10_640_3_3 160 480 320 643206 22538167500 35040.4 2010.02 7.04318e+07 6.06154e+08
15_5_10_640_4_4 160 480 0.880928 0.0907401 0.523218 10.388 1071.63 2.94069
15_5_10_640_4_4 160 480 320 643026 22625266500 35185.6 2009.46 7.0704e+07 6.25391e+08
15_5_10_640_5_5 160 480 1.08456 0.0893772 0.522877 11.312 755.599 3.15436
15_5_10_640_5_5 160 480 320 643133 22465402500 34931.2 2009.79 7.02044e+07 6.96957e+08
15_5_10_640_6_6 160 480 0.967234 0.0885797 0.491966 10.1912 1087.01 2.65351
15_5_10_640_6_6 160 480 320 642627 22445977500 34928.5 2008.21 7.01437e+07 6.71501e+08
15_5_10_640_7_7 160 480 0.838252 0.0894844 0.507188 10.3974 779.578 2.81244
15_5_10_640_7_7 160 480 320 641974 22443907500 34960.8 2006.17 7.01372e+07 5.34966e+08
15_5_10_640_8_8 160 480 0.787154 0.0904641 0.529998 11.0395 761.521 3.13928
15_5_10_640_8_8 160 480 320 641909 22533570000 35104 2005.97 7.04174e+07 5.5813e+08
15_5_10_640_9_9 160 480 1.09612 0.0895284 0.516812 10.6436 758.813 2.94475
15_5_10_640_9_9 160 480 320 642544 22434249000 34914.7 2007.95 7.0107e+07 7.47486e+08
