31_5_10_100_0_0 25 75 0.538845 0.178266 1.1948 10.1413 74.2563 4.82148
31_5_10_100_0_0 25 75 50 142548 4912902000 34464.9 2850.96 98258040 5.9384e+08
31_5_10_100_1_1 25 75 0.538845 0.178266 1.1948 10.1413 74.2563 4.82148
31_5_10_100_1_1 25 75 50 142548 4912902000 34464.9 2850.96 98258040 5.9384e+08
31_5_10_100_2_2 25 75 0.555978 0.175123 1.22176 10.2977 82.9252 5.01062
31_5_10_100_2_2 25 75 50 142010 4948977000 34849.5 2840.2 98979540 6.78569e+08
31_5_10_100_3_3 25 75 0.597612 0.181455 1.49254 10.6106 79.8975 5.64909
31_5_10_100_3_3 25 75 50 141968 4920946500 34662.4 2839.36 98418930 6.87788e+08
31_5_10_100_4_4 25 75 0.579643 0.178308 1.37298 10.4381 85.2972 5.35788
31_5_10_100_4_4 25 75 50 141778 5011873500 35350.1 2835.56 100237470 7.34502e+08
31_5_10_100_5_5 25 75 0.550286 0.176327 1.26935 10.1379 75.9099 5.03833
31_5_10_100_5_5 25 75 50 142083 4934293500 34728.2 2841.66 98685870 6.33308e+08
31_5_10_100_6_6 25 75 0.52843 0.173429 1.16253 9.99301 84.4958 4.79843
31_5_10_100_6_6 25 75 50 142183 4866289500 34225.5 2843.66 97325790 6.34225e+08
31_5_10_100_7_7 25 75 0.559762 0.173072 1.23146 10.4132 81.6495 5.00651
31_5_10_100_7_7 25 75 50 142147 4937404500 34734.5 2842.94 98748090 7.21025e+08
31_5_10_100_8_8 25 75 0.549712 0.178724 1.23156 10.1958 83.0141 4.98847
31_5_10_100_8_8 25 75 50 142120 4996458000 35156.6 2842.4 99929160 6.74414e+08
31_5_10_100_9_9 25 75 0.557488 0.180788 1.34833 10.1022 79.375 5.13124
31_5_10_100_9_9 25 75 50 141720 4962505500 35016.3 2834.4 99250110 6.58113e+08
