1_1125_10000_240_0_0 60 180 0.646741 0.14281 0.666256 10.0374 563.273 2.81031
1_1125_10000_240_0_0 60 180 120 3491499 89818353000 25724.9 29095.8 748486275 1.49394e+09
1_1125_10000_240_1_1 60 180 0.646741 0.14281 0.666256 10.0374 563.273 2.81031
1_1125_10000_240_1_1 60 180 120 3491499 89818353000 25724.9 29095.8 748486275 1.49394e+09
1_1125_10000_240_2_2 60 180 0.636436 0.142796 0.668416 10.0077 517.913 2.79506
1_1125_10000_240_2_2 60 180 120 3492156 89639763000 25668.9 29101.3 746998025 1.43818e+09
1_1125_10000_240_3_3 60 180 0.631249 0.142824 0.666881 10.024 515.533 2.8074
1_1125_10000_240_3_3 60 180 120 3491995 89723998500 25694.2 29100 7.477e+08 1.45868e+09
1_1125_10000_240_4_4 60 180 0.657628 0.14341 0.671123 10.0531 516.408 2.8459
1_1125_10000_240_4_4 60 180 120 3492507 89790297000 25709.4 29104.2 748252475 1.48803e+09
1_1125_10000_240_5_5 60 180 0.648294 0.143271 0.675253 10.0513 536.91 2.89466
1_1125_10000_240_5_5 60 180 120 3491762 89594857500 25658.9 29098 7.46624e+08 1.44922e+09
1_1125_10000_240_6_6 60 180 0.648008 0.143728 0.676629 9.97734 517.178 2.87291
1_1125_10000_240_6_6 60 180 120 3491447 89727711000 25699.3 29095.4 747730925 1.48409e+09
1_1125_10000_240_7_7 60 180 0.652307 0.142895 0.67764 10.1497 460.067 2.94534
1_1125_10000_240_7_7 60 180 120 3491324 89715540000 25696.7 29094.4 747629500 1.46852e+09
1_1125_10000_240_8_8 60 180 0.636222 0.142531 0.663706 9.81651 466.405 2.72953
1_1125_10000_240_8_8 60 180 120 3492466 89729940000 25692.4 29103.9 747749500 1.45344e+09
1_1125_10000_240_9_9 60 180 0.658167 0.14242 0.673122 10.1697 530.039 2.92116
1_1125_10000_240_9_9 60 180 120 3492197 89636016000 25667.5 29101.6 746966800 1.48218e+09
