m_scalability_leafspine_40_1.log	0.2274561531364598	0.121561	1.95174	19.5586
m_scalability_dring_40_1.log	0.23190548763140062	0.121962	2.14536	20.5651
m_scalability_leafspine_60_1.log	0.25101890838799706	0.134792	2.54905	21.6507
m_scalability_dring_60_1.log	0.2337030101483467	0.122811	2.10754	20.9003
m_scalability_leafspine_80_1.log	0.2487721884990135	0.133748	2.47186	21.7643
m_scalability_dring_80_1.log	0.23529850988829348	0.125515	2.13187	20.3101
m_scalability_leafspine_100_1.log	0.25371614989558505	0.13561	2.67343	21.6687
m_scalability_dring_100_1.log	0.23939313154597106	0.126247	2.24671	20.894
m_scalability_leafspine_120_1.log	0.24420435791584463	0.130282	2.39707	20.9806
m_scalability_dring_120_1.log	0.22476241855789342	0.119398	1.89497	19.7477
m_scalability_leafspine_40_2.log	0.23570153696941817	0.12578	2.18222	20.6217
m_scalability_dring_40_2.log	0.22805308513647468	0.120327	2.00138	19.8765
m_scalability_leafspine_40_3.log	0.23134434346598245	0.124825	2.1006	18.7034
m_scalability_dring_40_3.log	0.2332812957085611	0.123149	2.1228	19.9442
m_scalability_leafspine_40_4.log	0.23299256670790475	0.124645	2.11381	20.66
m_scalability_dring_40_4.log	0.23323989694721645	0.123489	2.08397	21.3335
m_scalability_leafspine_40_5.log	0.2368096047869767	0.126085	2.29229	19.3136
m_scalability_dring_40_5.log	0.23123987045514585	0.12132	2.15492	19.1705
m_scalability_leafspine_60_2.log	0.25150433509004017	0.133722	2.61818	22.317
m_scalability_dring_60_2.log	0.2367645803151594	0.124232	2.18737	21.5216
m_scalability_leafspine_60_3.log	0.2472902977854978	0.133384	2.45377	20.7619
m_scalability_dring_60_3.log	0.23814848732442023	0.125445	2.19788	21.2758
m_scalability_leafspine_60_4.log	0.25280767806573445	0.13573	2.67819	22.3517
m_scalability_dring_60_4.log	0.2339181990855294	0.123152	2.12289	21.1458
m_scalability_leafspine_60_5.log	0.25159491885224744	0.134463	2.61119	21.1742
m_scalability_dring_60_5.log	0.23263825214035688	0.123431	2.03234	20.8197
m_scalability_leafspine_80_2.log	0.2506408722963265	0.134696	2.51369	21.711
m_scalability_dring_80_2.log	0.23625703827837546	0.125106	2.13114	20.5898
m_scalability_leafspine_80_3.log	0.25257987372757756	0.135979	2.59805	21.3778
m_scalability_dring_80_3.log	0.23610683979050132	0.124776	2.144	20.9143
m_scalability_leafspine_80_4.log	0.2478137211030355	0.133382	2.47024	20.7856
m_scalability_dring_80_4.log	0.23474231958473743	0.125126	2.097	20.5801
m_scalability_leafspine_80_5.log	0.2475911167272159	0.133266	2.45445	20.8315
m_scalability_dring_80_5.log	0.23474852689148698	0.125373	2.08992	20.7146
m_scalability_leafspine_100_2.log	0.2507333891762763	0.134718	2.53186	21.3486
m_scalability_dring_100_2.log	0.2379607821202088	0.125696	2.18693	20.8913
m_scalability_leafspine_100_3.log	0.25317883033145994	0.135437	2.63438	21.6511
m_scalability_dring_100_3.log	0.23809500828357744	0.125597	2.20965	20.8637
m_scalability_leafspine_100_4.log	0.2511947421386223	0.135022	2.55548	21.5404
m_scalability_dring_100_4.log	0.23761024610283885	0.125798	2.18352	20.88
m_scalability_leafspine_100_5.log	0.25141112193349785	0.135205	2.58939	21.532
m_scalability_dring_100_5.log	0.23808600976229657	0.125877	2.1936	20.9955
m_scalability_leafspine_120_2.log	0.2405100838199904	0.129383	2.2898	20.3792
m_scalability_dring_120_2.log	0.22637626163919689	0.119637	1.96475	20.1598
m_scalability_leafspine_120_3.log	0.24296532313277303	0.130219	2.37395	21.0032
m_scalability_dring_120_3.log	0.2258501116825105	0.119418	1.93636	19.7664
m_scalability_leafspine_120_4.log	0.24369456186923433	0.130123	2.37718	20.8793
m_scalability_dring_120_4.log	0.22636903191574745	0.119769	1.95819	19.8331
m_scalability_leafspine_120_5.log	0.24267488172484228	0.129754	2.35826	20.6148
m_scalability_dring_120_5.log	0.2273032509057594	0.120154	1.9586	20.2918
