25_0_0_640_0_0 160 480 0.524644 0.175931 1.04536 10.0257 690.053 4.42429
25_0_0_640_0_0 160 480 320 1037254 36507039000 35195.9 3241.42 1.14084e+08 7.21175e+08
25_0_0_640_1_1 160 480 0.524644 0.175931 1.04536 10.0257 690.053 4.42429
25_0_0_640_1_1 160 480 320 1037254 36507039000 35195.9 3241.42 1.14084e+08 7.21175e+08
25_0_0_640_2_2 160 480 0.507436 0.173662 0.998621 9.91294 150.471 4.23653
25_0_0_640_2_2 160 480 320 1036956 36281806500 34988.8 3240.49 1.13381e+08 6.93847e+08
25_0_0_640_3_3 160 480 0.526475 0.176319 1.04077 10.0589 268.455 4.42683
25_0_0_640_3_3 160 480 320 1037200 36455529000 35148 3241.25 1.13924e+08 7.43809e+08
25_0_0_640_4_4 160 480 0.527397 0.17479 1.03146 10.0587 214.05 4.41119
25_0_0_640_4_4 160 480 320 1036918 36366669000 35071.9 3240.37 1.13646e+08 7.29225e+08
25_0_0_640_5_5 160 480 0.513763 0.17262 0.984614 9.92549 257.946 4.2314
25_0_0_640_5_5 160 480 320 1036732 36173230500 34891.6 3239.79 1.13041e+08 6.88717e+08
25_0_0_640_6_6 160 480 0.531384 0.176549 1.07466 10.0937 811.236 4.52563
25_0_0_640_6_6 160 480 320 1036724 36393246000 35104.1 3239.76 1.13729e+08 7.23192e+08
25_0_0_640_7_7 160 480 0.530986 0.176928 1.05664 10.0972 250.059 4.47133
25_0_0_640_7_7 160 480 320 1036398 36460038000 35179.6 3238.74 1.13938e+08 7.37853e+08
25_0_0_640_8_8 160 480 0.509782 0.174787 1.00713 9.91072 134.399 4.25961
25_0_0_640_8_8 160 480 320 1036390 36307159500 35032.3 3238.72 1.1346e+08 6.85774e+08
25_0_0_640_9_9 160 480 0.536569 0.175554 1.05391 10.1567 221.261 4.49642
25_0_0_640_9_9 160 480 320 1036633 36392427000 35106.4 3239.48 1.13726e+08 7.69412e+08
