16_25_100_640_0_0 160 480 0.456597 0.102091 0.633533 10.1737 209.993 3.66125
16_25_100_640_0_0 160 480 320 674663 23527125000 34872.4 2108.32 7.35223e+07 3.40138e+08
16_25_100_640_1_1 160 480 0.456597 0.102091 0.633533 10.1737 209.993 3.66125
16_25_100_640_1_1 160 480 320 674663 23527125000 34872.4 2108.32 7.35223e+07 3.40138e+08
16_25_100_640_2_2 160 480 0.468205 0.103585 0.658942 10.2846 172.584 3.7498
16_25_100_640_2_2 160 480 320 674303 23546484000 34919.7 2107.2 7.35828e+07 3.5345e+08
16_25_100_640_3_3 160 480 0.439136 0.103879 0.615012 10.018 212.899 3.40305
16_25_100_640_3_3 160 480 320 674053 23643526500 35076.7 2106.42 7.3886e+07 3.30022e+08
16_25_100_640_4_4 160 480 0.433798 0.101889 0.600857 9.92643 819.955 3.34297
16_25_100_640_4_4 160 480 320 674176 23651521500 35082.1 2106.8 7.3911e+07 3.40726e+08
16_25_100_640_5_5 160 480 0.422527 0.101336 0.58829 9.71007 181.713 3.18537
16_25_100_640_5_5 160 480 320 674001 23509368000 34880.3 2106.25 73466775 3.1618e+08
16_25_100_640_6_6 160 480 0.465342 0.10265 0.613913 10.0382 320.977 3.43253
16_25_100_640_6_6 160 480 320 673668 23510146500 34898.7 2105.21 7.34692e+07 3.29403e+08
16_25_100_640_7_7 160 480 0.440765 0.102646 0.615974 10.0198 136.611 3.40203
16_25_100_640_7_7 160 480 320 673240 23539362000 34964.3 2103.88 7.35605e+07 3.30957e+08
16_25_100_640_8_8 160 480 0.453531 0.101751 0.619136 10.0656 250.636 3.51556
16_25_100_640_8_8 160 480 320 673347 23477515500 34866.9 2104.21 7.33672e+07 3.56742e+08
16_25_100_640_9_9 160 480 0.442546 0.102923 0.617235 10.0372 298.957 3.45308
16_25_100_640_9_9 160 480 320 673719 23521405500 34912.8 2105.37 7.35044e+07 3.33694e+08
