8_125_1000_1000_0_0 250 750 0.560123 0.120875 1.97633 9.99977 88.6775 5.6967
8_125_1000_1000_0_0 250 750 500 600745 21099813000 35122.7 1201.49 42199626 3.3964e+08
8_125_1000_1000_1_1 250 750 0.560123 0.120875 1.97633 9.99977 88.6775 5.6967
8_125_1000_1000_1_1 250 750 500 600745 21099813000 35122.7 1201.49 42199626 3.3964e+08
8_125_1000_1000_2_2 250 750 0.555793 0.120793 1.91313 9.99356 1629.97 5.54284
8_125_1000_1000_2_2 250 750 500 599317 20679601500 34505.3 1198.63 41359203 3.10844e+08
8_125_1000_1000_3_3 250 750 0.545895 0.120584 1.90618 9.83491 112.707 5.50915
8_125_1000_1000_3_3 250 750 500 599096 20630188500 34435.5 1198.19 41260377 3.0334e+08
8_125_1000_1000_4_4 250 750 0.56715 0.121526 2.10135 9.97034 117.935 5.79886
8_125_1000_1000_4_4 250 750 500 598382 21176122500 35389 1196.76 42352245 3.38277e+08
8_125_1000_1000_5_5 250 750 0.573138 0.12123 2.04839 10.2106 1119.84 5.80271
8_125_1000_1000_5_5 250 750 500 597843 21027283500 35171.9 1195.69 42054567 3.29172e+08
8_125_1000_1000_6_6 250 750 0.565271 0.120744 2.06687 9.99618 609.96 5.74441
8_125_1000_1000_6_6 250 750 500 597995 20704563000 34623.3 1195.99 41409126 3.31189e+08
8_125_1000_1000_7_7 250 750 0.558856 0.120599 1.91477 10.0185 727.75 5.62263
8_125_1000_1000_7_7 250 750 500 599054 20767608000 34667.3 1198.11 41535216 3.25066e+08
8_125_1000_1000_8_8 250 750 0.550209 0.121213 1.92579 9.98317 108.741 5.58044
8_125_1000_1000_8_8 250 750 500 600655 20822892000 34667 1201.31 41645784 3.12098e+08
8_125_1000_1000_9_9 250 750 0.556675 0.120649 1.96474 9.99602 676.602 5.64138
8_125_1000_1000_9_9 250 750 500 597666 20712828000 34656.2 1195.33 41425656 3.10153e+08
