7_375_1000_1000_0_0 250 750 0.54749 0.120472 1.63757 10.0599 459.735 5.32781
7_375_1000_1000_0_0 250 750 500 545268 19120443000 35066.1 1090.54 38240886 2.89709e+08
7_375_1000_1000_1_1 250 750 0.54749 0.120472 1.63757 10.0599 459.735 5.32781
7_375_1000_1000_1_1 250 750 500 545268 19120443000 35066.1 1090.54 38240886 2.89709e+08
7_375_1000_1000_2_2 250 750 0.522462 0.11994 1.53666 9.87373 929.95 5.02421
7_375_1000_1000_2_2 250 750 500 543995 18775965000 34515 1087.99 37551930 2.59616e+08
7_375_1000_1000_3_3 250 750 0.541605 0.119807 1.64125 9.94412 345.01 5.1892
7_375_1000_1000_3_3 250 750 500 543877 18702115500 34386.7 1087.75 37404231 2.79868e+08
7_375_1000_1000_4_4 250 750 0.559027 0.120614 1.66712 10.0411 186.496 5.3523
7_375_1000_1000_4_4 250 750 500 543096 19252411500 35449.4 1086.19 38504823 3.06226e+08
7_375_1000_1000_5_5 250 750 0.560927 0.121001 1.72819 10.2403 188.73 5.48532
7_375_1000_1000_5_5 250 750 500 542621 19118505000 35233.6 1085.24 38237010 2.98751e+08
7_375_1000_1000_6_6 250 750 0.54901 0.119705 1.62398 10.1298 126.26 5.32108
7_375_1000_1000_6_6 250 750 500 542675 18799938000 34643.1 1085.35 37599876 2.86612e+08
7_375_1000_1000_7_7 250 750 0.517801 0.119441 1.52239 9.78324 135.41 5.02201
7_375_1000_1000_7_7 250 750 500 543860 18865794000 34688.7 1087.72 37731588 2.72463e+08
7_375_1000_1000_8_8 250 750 0.524912 0.120186 1.57977 9.93601 114.65 5.07645
7_375_1000_1000_8_8 250 750 500 545221 18898257000 34661.6 1090.44 37796514 2.6213e+08
7_375_1000_1000_9_9 250 750 0.600306 0.119804 1.67806 10.265 576.597 5.45116
7_375_1000_1000_9_9 250 750 500 542460 18772614000 34606.4 1084.92 37545228 2.75547e+08
