1_225_1000_320_0_0 80 240 0.630445 0.145541 0.735307 10.4005 390.029 2.8469
1_225_1000_320_0_0 80 240 160 2762863 74006059500 26786 17267.9 4.62538e+08 1.63018e+09
1_225_1000_320_1_1 80 240 0.630445 0.145541 0.735307 10.4005 390.029 2.8469
1_225_1000_320_1_1 80 240 160 2762863 74006059500 26786 17267.9 4.62538e+08 1.63018e+09
1_225_1000_320_2_2 80 240 0.654056 0.145291 0.730486 10.5142 396.536 2.84547
1_225_1000_320_2_2 80 240 160 2762858 74006020500 26786 17267.9 4.62538e+08 1.67376e+09
1_225_1000_320_3_3 80 240 0.6087 0.146227 0.731827 10.329 394.049 2.82856
1_225_1000_320_3_3 80 240 160 2762864 74006076000 26786 17267.9 462537975 1.57747e+09
1_225_1000_320_4_4 80 240 0.608595 0.145567 0.729895 10.3001 428.107 2.8152
1_225_1000_320_4_4 80 240 160 2762856 74005971000 26786 17267.8 4.62537e+08 1.55268e+09
1_225_1000_320_5_5 80 240 0.631514 0.145419 0.730959 10.4453 400.096 2.85759
1_225_1000_320_5_5 80 240 160 2762861 74005759500 26785.9 17267.9 4.62536e+08 1.61702e+09
1_225_1000_320_6_6 80 240 0.640536 0.146011 0.727518 10.3284 388.103 2.76122
1_225_1000_320_6_6 80 240 160 2762856 74005857000 26786 17267.8 4.62537e+08 1.58172e+09
1_225_1000_320_7_7 80 240 0.650786 0.146055 0.734997 10.4372 419.042 2.86121
1_225_1000_320_7_7 80 240 160 2762861 74006028000 26786 17267.9 462537675 1.64047e+09
1_225_1000_320_8_8 80 240 0.603096 0.146493 0.74519 10.3838 339.385 2.91027
1_225_1000_320_8_8 80 240 160 2762862 74005990500 26786 17267.9 4.62537e+08 1.55462e+09
1_225_1000_320_9_9 80 240 0.612497 0.145907 0.729578 10.3188 391.155 2.79498
1_225_1000_320_9_9 80 240 160 2762861 74006052000 26786 17267.9 462537825 1.55748e+09
