0_45625_100000_100_0_0 25 75 0.618153 0.129882 0.637303 10.4055 190.462 2.28723
0_45625_100000_100_0_0 25 75 50 1100793 24987409500 22699.5 22015.9 499748190 9.82478e+08
0_45625_100000_100_1_1 25 75 0.618153 0.129882 0.637303 10.4055 190.462 2.28723
0_45625_100000_100_1_1 25 75 50 1100793 24987409500 22699.5 22015.9 499748190 9.82478e+08
0_45625_100000_100_2_2 25 75 0.556215 0.130191 0.626455 10.0085 165.033 2.1115
0_45625_100000_100_2_2 25 75 50 1100791 24986466000 22698.6 22015.8 499729320 8.79528e+08
0_45625_100000_100_3_3 25 75 0.587283 0.130238 0.631808 10.3037 174.647 2.26112
0_45625_100000_100_3_3 25 75 50 1100794 24987405000 22699.4 22015.9 499748100 8.94061e+08
0_45625_100000_100_4_4 25 75 0.568938 0.130144 0.629881 10.1148 180.747 2.17267
0_45625_100000_100_4_4 25 75 50 1100793 24987396000 22699.5 22015.9 499747920 8.95281e+08
0_45625_100000_100_5_5 25 75 0.550169 0.130406 0.626542 9.9959 182.739 2.11912
0_45625_100000_100_5_5 25 75 50 1100794 24987402000 22699.4 22015.9 499748040 8.95644e+08
0_45625_100000_100_6_6 25 75 0.584114 0.129007 0.626777 10.0378 191.297 2.1413
0_45625_100000_100_6_6 25 75 50 1100793 24987414000 22699.5 22015.9 499748280 8.90604e+08
0_45625_100000_100_7_7 25 75 0.54165 0.129667 0.624341 9.86359 173.579 2.0867
0_45625_100000_100_7_7 25 75 50 1100792 24987388500 22699.5 22015.8 499747770 8.32847e+08
0_45625_100000_100_8_8 25 75 0.52239 0.131612 0.638515 9.87222 172.661 2.18425
0_45625_100000_100_8_8 25 75 50 1100793 24987406500 22699.5 22015.9 499748130 8.3466e+08
0_45625_100000_100_9_9 25 75 0.563605 0.130389 0.632959 10.117 192.073 2.15444
0_45625_100000_100_9_9 25 75 50 1100794 24987354000 22699.4 22015.9 499747080 8.92663e+08
