30_0_0_200_0_0 50 150 0.508407 0.176326 1.03693 9.82254 125.555 4.297
30_0_0_200_0_0 50 150 100 553179 19304701500 34897.7 5531.79 193047015 1.20502e+09
30_0_0_200_1_1 50 150 0.508407 0.176326 1.03693 9.82254 125.555 4.297
30_0_0_200_1_1 50 150 100 553179 19304701500 34897.7 5531.79 193047015 1.20502e+09
30_0_0_200_2_2 50 150 0.498818 0.178592 1.03247 9.6445 90.508 4.17494
30_0_0_200_2_2 50 150 100 553098 19277437500 34853.6 5530.98 192774375 1.16206e+09
30_0_0_200_3_3 50 150 0.507274 0.176745 1.05917 9.75424 91.6985 4.30177
30_0_0_200_3_3 50 150 100 553107 19311936000 34915.4 5531.07 193119360 1.22619e+09
30_0_0_200_4_4 50 150 0.513029 0.180176 1.08205 9.776 110.714 4.35941
30_0_0_200_4_4 50 150 100 552795 19438924500 35164.8 5527.95 194389245 1.29491e+09
30_0_0_200_5_5 50 150 0.515335 0.178924 1.06412 9.82149 112.578 4.3575
30_0_0_200_5_5 50 150 100 552737 19283739000 34887.7 5527.37 192837390 1.18978e+09
30_0_0_200_6_6 50 150 0.518455 0.181881 1.13524 9.76238 135.842 4.46455
30_0_0_200_6_6 50 150 100 552296 19316610000 34975.1 5522.96 193166100 1.23656e+09
30_0_0_200_7_7 50 150 0.509854 0.178889 1.08728 9.79943 122.487 4.35828
30_0_0_200_7_7 50 150 100 551939 19164108000 34721.4 5519.39 191641080 1.1934e+09
30_0_0_200_8_8 50 150 0.508835 0.180723 1.07666 9.71297 90.3927 4.29223
30_0_0_200_8_8 50 150 100 551842 19378746000 35116.5 5518.42 193787460 1.19292e+09
30_0_0_200_9_9 50 150 0.502059 0.17755 1.04399 9.68375 180.034 4.20031
30_0_0_200_9_9 50 150 100 552408 19177893000 34716.9 5524.08 191778930 1.17939e+09
