14_75_100_640_0_0 160 480 0.638521 0.111648 0.543392 10.1162 697.888 2.68061
14_75_100_640_0_0 160 480 320 612183 21396357000 34950.9 1913.07 6.68636e+07 5.6664e+08
14_75_100_640_1_1 160 480 0.638521 0.111648 0.543392 10.1162 697.888 2.68061
14_75_100_640_1_1 160 480 320 612183 21396357000 34950.9 1913.07 6.68636e+07 5.6664e+08
14_75_100_640_2_2 160 480 0.421127 0.112062 0.526311 8.72874 603.6 2.24331
14_75_100_640_2_2 160 480 320 611980 21299959500 34805 1912.44 6.65624e+07 3.96143e+08
14_75_100_640_3_3 160 480 0.526455 0.112364 0.546944 9.78469 577.894 2.63996
14_75_100_640_3_3 160 480 320 612128 21460008000 35058 1912.9 67062525 4.8082e+08
14_75_100_640_4_4 160 480 0.521033 0.113073 0.547733 9.75893 598.329 2.63324
14_75_100_640_4_4 160 480 320 611652 21469378500 35100.6 1911.41 6.70918e+07 4.34584e+08
14_75_100_640_5_5 160 480 0.486051 0.111656 0.526628 9.10681 630.325 2.30003
14_75_100_640_5_5 160 480 320 611981 21312330000 34825.1 1912.44 6.6601e+07 3.96964e+08
14_75_100_640_6_6 160 480 0.471016 0.112624 0.541328 9.23346 461.841 2.48712
14_75_100_640_6_6 160 480 320 611336 21352434000 34927.5 1910.42 6.67264e+07 4.37137e+08
14_75_100_640_7_7 160 480 0.557864 0.110519 0.522984 9.54474 644.441 2.40215
14_75_100_640_7_7 160 480 320 611246 21307779000 34859.6 1910.14 6.65868e+07 4.76206e+08
14_75_100_640_8_8 160 480 0.514353 0.113889 0.547414 9.70399 573.428 2.60566
14_75_100_640_8_8 160 480 320 610817 21419167500 35066.4 1908.8 6.69349e+07 4.39429e+08
14_75_100_640_9_9 160 480 0.620364 0.111776 0.540658 9.87094 899.644 2.63218
14_75_100_640_9_9 160 480 320 611423 21313407000 34858.7 1910.7 6.66044e+07 5.06925e+08
