8_25_100_1000_0_0 250 750 0.56319 0.126993 1.92331 9.97484 249.928 5.60149
8_25_100_1000_0_0 250 750 500 610271 21420015000 35099.2 1220.54 42840030 3.50201e+08
8_25_100_1000_1_1 250 750 0.56319 0.126993 1.92331 9.97484 249.928 5.60149
8_25_100_1000_1_1 250 750 500 610271 21420015000 35099.2 1220.54 42840030 3.50201e+08
8_25_100_1000_2_2 250 750 0.551723 0.126438 1.80584 9.87679 640.182 5.39677
8_25_100_1000_2_2 250 750 500 608499 21007402500 34523.3 1217 42014805 3.17454e+08
8_25_100_1000_3_3 250 750 0.549908 0.126202 1.83558 9.84023 178.029 5.37167
8_25_100_1000_3_3 250 750 500 608478 20932483500 34401.4 1216.96 41864967 3.15118e+08
8_25_100_1000_4_4 250 750 0.570296 0.127316 2.02947 9.97488 157.917 5.70688
8_25_100_1000_4_4 250 750 500 607520 21504435000 35397.1 1215.04 43008870 3.59561e+08
8_25_100_1000_5_5 250 750 0.561171 0.127082 1.89504 10.0591 92.8884 5.54284
8_25_100_1000_5_5 250 750 500 606934 21370182000 35210.1 1213.87 42740364 3.47742e+08
8_25_100_1000_6_6 250 750 0.554489 0.126567 1.89651 9.9107 103.442 5.465
8_25_100_1000_6_6 250 750 500 607276 20995998000 34574.1 1214.55 41991996 3.39076e+08
8_25_100_1000_7_7 250 750 0.551842 0.126116 1.78018 9.9004 216.434 5.42726
8_25_100_1000_7_7 250 750 500 608015 21080472000 34671 1216.03 42160944 3.45065e+08
8_25_100_1000_8_8 250 750 0.558739 0.12724 1.92381 9.95529 216.393 5.54422
8_25_100_1000_8_8 250 750 500 609948 21214990500 34781.6 1219.9 42429981 3.28424e+08
8_25_100_1000_9_9 250 750 0.560122 0.1265 1.93625 9.91422 586.618 5.53866
8_25_100_1000_9_9 250 750 500 606853 21050202000 34687.5 1213.71 42100404 3.25449e+08
