23_25_100_200_0_0 50 150 0.642757 0.122976 0.581604 9.86397 319.178 2.60376
23_25_100_200_0_0 50 150 100 857291 30030468000 35029.5 8572.91 300304680 1.78081e+09
23_25_100_200_1_1 50 150 0.642757 0.122976 0.581604 9.86397 319.178 2.60376
23_25_100_200_1_1 50 150 100 857291 30030468000 35029.5 8572.91 300304680 1.78081e+09
23_25_100_200_2_2 50 150 0.67603 0.122623 0.572616 9.89618 312.89 2.55655
23_25_100_200_2_2 50 150 100 856375 29999952000 35031.3 8563.75 299999520 1.88686e+09
23_25_100_200_3_3 50 150 0.685126 0.12373 0.583075 10.0238 340.022 2.67321
23_25_100_200_3_3 50 150 100 856615 30114819000 35155.6 8566.15 301148190 1.89682e+09
23_25_100_200_4_4 50 150 0.69815 0.123526 0.574244 10.0412 329.389 2.59962
23_25_100_200_4_4 50 150 100 856625 30085462500 35120.9 8566.25 300854625 1.86594e+09
23_25_100_200_5_5 50 150 0.675347 0.122436 0.569123 9.9516 310.15 2.59319
23_25_100_200_5_5 50 150 100 855999 29891194500 34919.7 8559.99 298911945 1.85116e+09
23_25_100_200_6_6 50 150 0.658297 0.123532 0.571209 9.84926 307.985 2.53813
23_25_100_200_6_6 50 150 100 856006 29933310000 34968.6 8560.06 299333100 1.82002e+09
23_25_100_200_7_7 50 150 0.632073 0.123046 0.564863 9.7488 301.547 2.49328
23_25_100_200_7_7 50 150 100 855913 30012999000 35065.5 8559.13 300129990 1.89103e+09
23_25_100_200_8_8 50 150 0.681802 0.122986 0.571132 9.77093 323.379 2.54169
23_25_100_200_8_8 50 150 100 855743 29827455000 34855.6 8557.43 298274550 1.83151e+09
23_25_100_200_9_9 50 150 0.638087 0.122869 0.575237 9.76784 324.924 2.57672
23_25_100_200_9_9 50 150 100 856608 30029293500 35056.1 8566.08 300292935 1.80467e+09
