7_625_1000_1000_0_0 250 750 0.55551 0.117757 1.6757 9.97588 288.549 5.30486
7_625_1000_1000_0_0 250 750 500 563765 19815411000 35148.4 1127.53 39630822 3.25989e+08
7_625_1000_1000_1_1 250 750 0.55551 0.117757 1.6757 9.97588 288.549 5.30486
7_625_1000_1000_1_1 250 750 500 563765 19815411000 35148.4 1127.53 39630822 3.25989e+08
7_625_1000_1000_2_2 250 750 0.513316 0.117088 1.5572 9.63985 290.217 4.9758
7_625_1000_1000_2_2 250 750 500 562679 19436952000 34543.6 1125.36 38873904 2.74587e+08
7_625_1000_1000_3_3 250 750 0.52392 0.117235 1.63964 9.74685 331.612 5.10577
7_625_1000_1000_3_3 250 750 500 562310 19324755000 34366.7 1124.62 38649510 2.77655e+08
7_625_1000_1000_4_4 250 750 0.550891 0.11835 1.70236 9.9186 264.17 5.33185
7_625_1000_1000_4_4 250 750 500 561526 19877268000 35398.7 1123.05 39754536 3.18645e+08
7_625_1000_1000_5_5 250 750 0.531764 0.118111 1.63232 10.0037 1119.84 5.18976
7_625_1000_1000_5_5 250 750 500 561175 19747951500 35190.4 1122.35 39495903 2.95394e+08
7_625_1000_1000_6_6 250 750 0.526249 0.117558 1.62356 9.73706 130.819 5.09853
7_625_1000_1000_6_6 250 750 500 561009 19447738500 34665.6 1122.02 38895477 3.04887e+08
7_625_1000_1000_7_7 250 750 0.511898 0.11702 1.51122 9.67254 807.781 4.92527
7_625_1000_1000_7_7 250 750 500 562075 19518795000 34726.3 1124.15 39037590 2.90585e+08
7_625_1000_1000_8_8 250 750 0.519125 0.118206 1.57633 9.85611 219.447 5.07013
7_625_1000_1000_8_8 250 750 500 563554 19551877500 34693.9 1127.11 39103755 2.75592e+08
7_625_1000_1000_9_9 250 750 0.52169 0.117215 1.54844 9.82742 238.167 5.04613
7_625_1000_1000_9_9 250 750 500 560690 19407864000 34614.3 1121.38 38815728 2.81178e+08
