0_240625_1000000_100_0_0 25 75 0.697255 0.329404 1.61147 10.0703 170.058 4.8064
0_240625_1000000_100_0_0 25 75 50 983115 34387410000 34978 19662.3 687748200 5.9303e+09
0_240625_1000000_100_1_1 25 75 0.697255 0.329404 1.61147 10.0703 170.058 4.8064
0_240625_1000000_100_1_1 25 75 50 983115 34387410000 34978 19662.3 687748200 5.9303e+09
0_240625_1000000_100_2_2 25 75 0.69415 0.328526 1.62875 10.0065 100.09 4.80574
0_240625_1000000_100_2_2 25 75 50 980111 34343314500 35040.2 19602.2 686866290 5.9312e+09
0_240625_1000000_100_3_3 25 75 0.680175 0.326693 1.54425 9.94759 93.1107 4.62924
0_240625_1000000_100_3_3 25 75 50 980294 33983151000 34666.3 19605.9 679663020 5.5202e+09
0_240625_1000000_100_4_4 25 75 0.689362 0.327604 1.60468 10.0048 85.1408 4.75873
0_240625_1000000_100_4_4 25 75 50 981973 34170964500 34798.3 19639.5 683419290 5.56337e+09
0_240625_1000000_100_5_5 25 75 0.694203 0.325581 1.60695 10.0973 184.361 4.81921
0_240625_1000000_100_5_5 25 75 50 982574 34055541000 34659.5 19651.5 681110820 5.67098e+09
0_240625_1000000_100_6_6 25 75 0.673752 0.324277 1.53266 9.84676 209.996 4.59023
0_240625_1000000_100_6_6 25 75 50 979708 33925497000 34628.2 19594.2 678509940 5.33211e+09
0_240625_1000000_100_7_7 25 75 0.709303 0.330255 1.67904 10.2108 210.076 4.97833
0_240625_1000000_100_7_7 25 75 50 983485 34412082000 34989.9 19669.7 688241640 5.97775e+09
0_240625_1000000_100_8_8 25 75 0.685776 0.325936 1.56861 9.94968 210.032 4.69221
0_240625_1000000_100_8_8 25 75 50 982637 34179198000 34783.1 19652.7 683583960 5.71866e+09
0_240625_1000000_100_9_9 25 75 0.68817 0.325334 1.57754 10.0518 140.036 4.74864
0_240625_1000000_100_9_9 25 75 50 982405 34203222000 34815.8 19648.1 684064440 5.65271e+09
