4_875_1000_100_0_0 25 75 0.420057 0.152772 0.766989 8.79228 53.5324 3.21432
4_875_1000_100_0_0 25 75 50 90129 3140568000 34845.3 1802.58 62811360 3.04801e+08
4_875_1000_100_1_1 25 75 0.420057 0.152772 0.766989 8.79228 53.5324 3.21432
4_875_1000_100_1_1 25 75 50 90129 3140568000 34845.3 1802.58 62811360 3.04801e+08
4_875_1000_100_2_2 25 75 0.4293 0.147728 0.769405 9.23459 73.9018 3.34634
4_875_1000_100_2_2 25 75 50 89785 3101743500 34546.3 1795.7 62034870 3.09759e+08
4_875_1000_100_3_3 25 75 0.456335 0.152506 0.852052 9.35104 64.0464 3.70345
4_875_1000_100_3_3 25 75 50 89914 3130161000 34812.8 1798.28 62603220 3.59251e+08
4_875_1000_100_4_4 25 75 0.444215 0.153506 0.833197 9.32246 64.6024 3.61842
4_875_1000_100_4_4 25 75 50 89737 3149968500 35102.2 1794.74 62999370 3.36628e+08
4_875_1000_100_5_5 25 75 0.434666 0.145477 0.758621 9.1166 76.9422 3.39104
4_875_1000_100_5_5 25 75 50 89730 3117859500 34747.1 1794.6 62357190 3.34143e+08
4_875_1000_100_6_6 25 75 0.425939 0.143652 0.769982 8.88727 70.2337 3.33826
4_875_1000_100_6_6 25 75 50 89680 3082359000 34370.6 1793.6 61647180 3.08924e+08
4_875_1000_100_7_7 25 75 0.41949 0.150386 0.762327 8.76776 71.9947 3.19223
4_875_1000_100_7_7 25 75 50 89810 3072646500 34212.7 1796.2 61452930 3.04074e+08
4_875_1000_100_8_8 25 75 0.444402 0.155008 0.821393 9.12633 64.8856 3.59226
4_875_1000_100_8_8 25 75 50 90052 3172861500 35233.7 1801.04 63457230 3.38012e+08
4_875_1000_100_9_9 25 75 0.42473 0.155251 0.853935 8.69962 44.3291 3.35962
4_875_1000_100_9_9 25 75 50 89861 3063787500 34094.7 1797.22 61275750 2.4736e+08
