11_75_100_1000_0_0 250 750 0.638837 0.117439 4.95939 10.021 480.085 7.47223
11_75_100_1000_0_0 250 750 500 3700463 48834976500 13197 7400.93 97669953 1.00561e+08
11_75_100_1000_1_1 250 750 0.638837 0.117439 4.95939 10.021 480.085 7.47223
11_75_100_1000_1_1 250 750 500 3700463 48834976500 13197 7400.93 97669953 1.00561e+08
11_75_100_1000_2_2 250 750 0.644538 0.117384 5.0186 10.0489 740.053 7.5191
11_75_100_1000_2_2 250 750 500 3700998 48842041500 13197 7402 97684083 1.01223e+08
11_75_100_1000_3_3 250 750 0.640432 0.117489 4.97011 10.0337 280.026 7.48643
11_75_100_1000_3_3 250 750 500 3700679 48830502000 13195 7401.36 97661004 1.01058e+08
11_75_100_1000_4_4 250 750 0.640139 0.117445 4.97566 10.0322 209.987 7.4777
11_75_100_1000_4_4 250 750 500 3701143 48842763000 13196.7 7402.29 97685526 1.00673e+08
11_75_100_1000_5_5 250 750 0.63829 0.117399 4.94397 10.0177 720.025 7.4545
11_75_100_1000_5_5 250 750 500 3700735 48838209000 13196.9 7401.47 97676418 1.00768e+08
11_75_100_1000_6_6 250 750 0.641293 0.117355 5.01651 10.0485 243.088 7.5054
11_75_100_1000_6_6 250 750 500 3700837 48840465000 13197.1 7401.67 97680930 1.00934e+08
11_75_100_1000_7_7 250 750 0.641254 0.117413 4.99084 10.059 111.942 7.52442
11_75_100_1000_7_7 250 750 500 3701061 48838530000 13195.8 7402.12 97677060 1.01428e+08
11_75_100_1000_8_8 250 750 0.639946 0.11754 4.93705 10.0233 240.127 7.47165
11_75_100_1000_8_8 250 750 500 3700544 48833517000 13196.3 7401.09 97667034 1.00662e+08
11_75_100_1000_9_9 250 750 0.644292 0.117406 5.03492 10.036 750.019 7.52398
11_75_100_1000_9_9 250 750 500 3700544 48835281000 13196.8 7401.09 97670562 1.01632e+08
