1_71875_100000_100_0_0 25 75 0.527717 0.109442 0.58873 9.70575 182.015 2.88882
1_71875_100000_100_0_0 25 75 50 388409 13585978500 34978.5 7768.18 271719570 1.40971e+09
1_71875_100000_100_1_1 25 75 0.527717 0.109442 0.58873 9.70575 182.015 2.88882
1_71875_100000_100_1_1 25 75 50 388409 13585978500 34978.5 7768.18 271719570 1.40971e+09
1_71875_100000_100_2_2 25 75 0.630828 0.109839 0.614096 10.2804 203.904 3.19546
1_71875_100000_100_2_2 25 75 50 388337 13551814500 34897 7766.74 271036290 1.41464e+09
1_71875_100000_100_3_3 25 75 0.626308 0.10815 0.606621 10.7628 196.112 3.27721
1_71875_100000_100_3_3 25 75 50 387582 13498552500 34827.6 7751.64 269971050 1.44778e+09
1_71875_100000_100_4_4 25 75 0.605308 0.108796 0.61761 10.6046 198.792 3.30165
1_71875_100000_100_4_4 25 75 50 388289 13543612500 34880.2 7765.78 270872250 1.51278e+09
1_71875_100000_100_5_5 25 75 0.633491 0.108363 0.628604 10.7453 224.99 3.36961
1_71875_100000_100_5_5 25 75 50 388156 13547820000 34903 7763.12 270956400 1.44126e+09
1_71875_100000_100_6_6 25 75 0.59997 0.109998 0.614582 10.3946 208.985 3.21563
1_71875_100000_100_6_6 25 75 50 387439 13625652000 35168.5 7748.78 272513040 1.37603e+09
1_71875_100000_100_7_7 25 75 0.573646 0.108633 0.603842 10.4867 209.253 3.17196
1_71875_100000_100_7_7 25 75 50 387702 13506843000 34838.2 7754.04 270136860 1.41709e+09
1_71875_100000_100_8_8 25 75 0.619812 0.110917 0.641975 10.7802 209.104 3.42866
1_71875_100000_100_8_8 25 75 50 387545 13582789500 35048.3 7750.9 271655790 1.44564e+09
1_71875_100000_100_9_9 25 75 0.58838 0.107972 0.610351 10.3018 210.038 3.14364
1_71875_100000_100_9_9 25 75 50 388195 13458271500 34668.8 7763.9 269165430 1.35032e+09
