39_5_10_100_0_0 25 75 0.530224 0.138739 0.716422 10.3336 109.861 3.45276
39_5_10_100_0_0 25 75 50 45633 1559404500 34172.7 912.66 31188090 1.7493e+08
39_5_10_100_1_1 25 75 0.530224 0.138739 0.716422 10.3336 109.861 3.45276
39_5_10_100_1_1 25 75 50 45633 1559404500 34172.7 912.66 31188090 1.7493e+08
39_5_10_100_2_2 25 75 0.471791 0.143829 0.761722 9.74249 76.4437 3.51996
39_5_10_100_2_2 25 75 50 45515 1598196000 35113.6 910.3 31963920 1.67962e+08
39_5_10_100_3_3 25 75 0.574404 0.146429 0.874415 10.5499 95.4398 4.19921
39_5_10_100_3_3 25 75 50 45553 1521418500 33398.9 911.06 30428370 1.45173e+08
39_5_10_100_4_4 25 75 0.565371 0.148755 0.835509 10.0022 95.1541 3.9159
39_5_10_100_4_4 25 75 50 45442 1613368500 35503.9 908.84 32267370 1.97459e+08
39_5_10_100_5_5 25 75 0.410342 0.140492 0.687311 8.28591 65.5109 2.69737
39_5_10_100_5_5 25 75 50 45451 1607332500 35364.1 909.02 32146650 1.4541e+08
39_5_10_100_6_6 25 75 0.481026 0.135786 0.74955 9.99403 83.432 3.39452
39_5_10_100_6_6 25 75 50 45442 1542027000 33934 908.84 30840540 1.5714e+08
39_5_10_100_7_7 25 75 0.576847 0.14394 0.855983 10.8081 114.198 4.10156
39_5_10_100_7_7 25 75 50 45608 1565962500 34335.3 912.16 31319250 1.76169e+08
39_5_10_100_8_8 25 75 0.469604 0.139643 0.799275 9.98067 86.4287 3.63908
39_5_10_100_8_8 25 75 50 45640 1541158500 33767.7 912.8 30823170 1.44246e+08
39_5_10_100_9_9 25 75 0.420883 0.145232 0.700744 8.8949 50.7218 2.96629
39_5_10_100_9_9 25 75 50 45391 1524421500 33584.2 907.82 30488430 1.12607e+08
