6_75_100_100_0_0 25 75 0.5674 0.167573 0.596029 9.99653 124.524 2.40337
6_75_100_100_0_0 25 75 50 1094872 23583829500 21540.3 21897.4 471676590 7.00144e+08
6_75_100_100_1_1 25 75 0.5674 0.167573 0.596029 9.99653 124.524 2.40337
6_75_100_100_1_1 25 75 50 1094872 23583829500 21540.3 21897.4 471676590 7.00144e+08
6_75_100_100_2_2 25 75 0.51907 0.168113 0.591666 9.44537 183.265 2.22826
6_75_100_100_2_2 25 75 50 1094870 23584072500 21540.5 21897.4 471681450 6.28952e+08
6_75_100_100_3_3 25 75 0.515736 0.169669 0.598185 9.58805 133.169 2.3263
6_75_100_100_3_3 25 75 50 1094873 23584071000 21540.5 21897.5 471681420 6.07441e+08
6_75_100_100_4_4 25 75 0.559229 0.167586 0.591693 9.88535 184.763 2.36722
6_75_100_100_4_4 25 75 50 1094872 23584281000 21540.7 21897.4 471685620 6.63724e+08
6_75_100_100_5_5 25 75 0.545903 0.167822 0.591644 9.90677 121.427 2.38854
6_75_100_100_5_5 25 75 50 1094872 23584293000 21540.7 21897.4 471685860 6.70557e+08
6_75_100_100_6_6 25 75 0.514824 0.167913 0.589493 9.37918 132.879 2.19204
6_75_100_100_6_6 25 75 50 1094872 23584267500 21540.7 21897.4 471685350 6.19183e+08
6_75_100_100_7_7 25 75 0.544739 0.168734 0.606589 9.86201 123.302 2.48098
6_75_100_100_7_7 25 75 50 1094870 23584258500 21540.7 21897.4 471685170 6.72102e+08
6_75_100_100_8_8 25 75 0.5553 0.167139 0.587143 9.74214 169.53 2.28646
6_75_100_100_8_8 25 75 50 1094873 23584252500 21540.6 21897.5 471685050 6.69202e+08
6_75_100_100_9_9 25 75 0.547487 0.168181 0.595309 9.76914 164.654 2.3363
6_75_100_100_9_9 25 75 50 1094873 23584285500 21540.7 21897.5 471685710 6.72738e+08
