20_0_0_100_0_0 25 75 0.444527 0.104524 0.662753 9.94282 44.5204 3.54942
20_0_0_100_0_0 25 75 50 14818 518319000 34979 296.36 10366380 3.67178e+07
20_0_0_100_1_1 25 75 0.444527 0.104524 0.662753 9.94282 44.5204 3.54942
20_0_0_100_1_1 25 75 50 14818 518319000 34979 296.36 10366380 3.67178e+07
20_0_0_100_2_2 25 75 0.372365 0.102651 0.573827 8.78589 47.3568 2.97249
20_0_0_100_2_2 25 75 50 14886 537984000 36140.3 297.72 10759680 3.75941e+07
20_0_0_100_3_3 25 75 0.524434 0.0968024 0.759791 10.3423 85.5941 4.45587
20_0_0_100_3_3 25 75 50 14775 478627500 32394.4 295.5 9572550 5.19885e+07
20_0_0_100_4_4 25 75 0.539163 0.103403 0.728975 10.6702 74.4202 4.01858
20_0_0_100_4_4 25 75 50 14700 545238000 37091 294 10904760 4.83393e+07
20_0_0_100_5_5 25 75 0.537584 0.099576 0.560593 11.5867 76.1719 3.55319
20_0_0_100_5_5 25 75 50 14923 536778000 35969.8 298.46 10735560 4.25113e+07
20_0_0_100_6_6 25 75 0.626134 0.10289 0.812423 14.6968 68.5822 5.35214
20_0_0_100_6_6 25 75 50 14881 523423500 35173.9 297.62 10468470 7.35681e+07
20_0_0_100_7_7 25 75 0.417361 0.105944 0.65052 9.21535 76.1004 3.20367
20_0_0_100_7_7 25 75 50 14840 537778500 36238.4 296.8 10755570 4.98831e+07
20_0_0_100_8_8 25 75 0.563883 0.101826 0.723702 11.7145 69.7332 4.38057
20_0_0_100_8_8 25 75 50 14808 504642000 34079 296.16 10092840 4.09488e+07
20_0_0_100_9_9 25 75 0.442459 0.0977194 0.598949 9.67813 69.7163 3.27775
20_0_0_100_9_9 25 75 50 14640 506110500 34570.4 292.8 10122210 4.63603e+07
