6_625_1000_640_0_0 160 480 2.32472 0.0709585 0.372527 10.4992 758.114 1.85658
6_625_1000_640_0_0 160 480 320 275026 9557812500 34752.4 859.456 2.98682e+07 3.53404e+08
6_625_1000_640_1_1 160 480 2.32472 0.0709585 0.372527 10.4992 758.114 1.85658
6_625_1000_640_1_1 160 480 320 275026 9557812500 34752.4 859.456 2.98682e+07 3.53404e+08
6_625_1000_640_2_2 160 480 1.46717 0.0723315 0.373847 8.82391 1076.68 1.52604
6_625_1000_640_2_2 160 480 320 274752 9611574000 34982.7 858.6 3.00362e+07 2.28068e+08
6_625_1000_640_3_3 160 480 1.89215 0.071197 0.357312 7.97931 1093.98 1.26558
6_625_1000_640_3_3 160 480 320 275203 9614746500 34936.9 860.009 3.00461e+07 2.9573e+08
6_625_1000_640_4_4 160 480 1.72401 0.072276 0.373749 8.93581 761.339 1.55997
6_625_1000_640_4_4 160 480 320 274748 9654753000 35140.4 858.587 3.01711e+07 2.65557e+08
6_625_1000_640_5_5 160 480 1.71824 0.0711366 0.368703 8.78138 1079.78 1.46848
6_625_1000_640_5_5 160 480 320 274551 9564496500 34836.9 857.972 2.98891e+07 2.67763e+08
6_625_1000_640_6_6 160 480 2.26144 0.0712186 0.376117 10.4199 1086.77 1.86955
6_625_1000_640_6_6 160 480 320 274941 9559098000 34767.8 859.191 2.98722e+07 3.14598e+08
6_625_1000_640_7_7 160 480 2.42498 0.07131 0.377038 10.2727 1083.47 1.81071
6_625_1000_640_7_7 160 480 320 274368 9591577500 34958.8 857.4 2.99737e+07 3.87466e+08
6_625_1000_640_8_8 160 480 1.78787 0.0716204 0.372775 9.66135 895.49 1.65829
6_625_1000_640_8_8 160 480 320 274115 9609595500 35056.8 856.609 3.003e+07 2.78785e+08
6_625_1000_640_9_9 160 480 1.38127 0.07189 0.368425 9.04777 1078.54 1.45234
6_625_1000_640_9_9 160 480 320 274383 9604198500 35002.9 857.447 3.00131e+07 1.90245e+08
