0_875_1000_100_0_0 25 75 0.580305 0.21112 1.30727 10.1358 210.015 4.84839
0_875_1000_100_0_0 25 75 50 574187 20188671000 35160.4 11483.7 403773420 2.91845e+09
0_875_1000_100_1_1 25 75 0.580305 0.21112 1.30727 10.1358 210.015 4.84839
0_875_1000_100_1_1 25 75 50 574187 20188671000 35160.4 11483.7 403773420 2.91845e+09
0_875_1000_100_2_2 25 75 0.577723 0.211589 1.32807 10.1344 110.02 4.89926
0_875_1000_100_2_2 25 75 50 572972 20101678500 35083.2 11459.4 402033570 2.84999e+09
0_875_1000_100_3_3 25 75 0.575742 0.209153 1.33671 10.0902 110.027 4.88648
0_875_1000_100_3_3 25 75 50 574060 20038107000 34905.9 11481.2 400762140 2.75032e+09
0_875_1000_100_4_4 25 75 0.581413 0.211314 1.31999 10.1501 89.38 4.92249
0_875_1000_100_4_4 25 75 50 572956 20310558000 35448.7 11459.1 406211160 3.0455e+09
0_875_1000_100_5_5 25 75 0.570433 0.208494 1.27961 10.0242 210.023 4.78748
0_875_1000_100_5_5 25 75 50 573139 20250510000 35332.6 11462.8 405010200 2.98664e+09
0_875_1000_100_6_6 25 75 0.580118 0.209854 1.32355 10.126 100.384 4.9064
0_875_1000_100_6_6 25 75 50 573936 20075370000 34978.4 11478.7 401507400 2.91801e+09
0_875_1000_100_7_7 25 75 0.593992 0.209909 1.38624 10.3308 92.2823 5.11101
0_875_1000_100_7_7 25 75 50 574500 20062185000 34921.1 11490 401243700 2.87974e+09
0_875_1000_100_8_8 25 75 0.57766 0.209919 1.3183 10.1327 129.929 4.91212
0_875_1000_100_8_8 25 75 50 573838 20193480000 35190.2 11476.8 403869600 2.89963e+09
0_875_1000_100_9_9 25 75 0.565762 0.207943 1.25362 10.0164 110.029 4.69283
0_875_1000_100_9_9 25 75 50 574010 19978339500 34804.9 11480.2 399566790 2.66343e+09
