1_475_1000_240_0_0 60 180 0.564141 0.186416 0.874858 9.45248 580.024 3.03017
1_475_1000_240_0_0 60 180 120 4147886 112808562000 27196.6 34565.7 940071350 2.54293e+09
1_475_1000_240_1_1 60 180 0.564141 0.186416 0.874858 9.45248 580.024 3.03017
1_475_1000_240_1_1 60 180 120 4147886 112808562000 27196.6 34565.7 940071350 2.54293e+09
1_475_1000_240_2_2 60 180 0.550505 0.186506 0.866943 9.36028 522.323 2.95677
1_475_1000_240_2_2 60 180 120 4147890 112808947500 27196.7 34565.8 9.40075e+08 2.51316e+09
1_475_1000_240_3_3 60 180 0.542447 0.186285 0.866407 9.27732 484.064 2.94572
1_475_1000_240_3_3 60 180 120 4147892 112808947500 27196.7 34565.8 9.40075e+08 2.50204e+09
1_475_1000_240_4_4 60 180 0.556319 0.185875 0.87087 9.41215 603.1 3.01002
1_475_1000_240_4_4 60 180 120 4147889 112809141000 27196.8 34565.7 940076175 2.543e+09
1_475_1000_240_5_5 60 180 0.549826 0.186538 0.869891 9.30607 468.144 2.95534
1_475_1000_240_5_5 60 180 120 4147896 112809222000 27196.7 34565.8 940076850 2.5443e+09
1_475_1000_240_6_6 60 180 0.54933 0.18612 0.86469 9.33154 521.304 2.94651
1_475_1000_240_6_6 60 180 120 4147887 112808980500 27196.7 34565.7 9.40075e+08 2.53202e+09
1_475_1000_240_7_7 60 180 0.550315 0.185958 0.859101 9.18985 475.482 2.89775
1_475_1000_240_7_7 60 180 120 4147892 112809192000 27196.8 34565.8 940076600 2.51291e+09
1_475_1000_240_8_8 60 180 0.543541 0.186079 0.861638 9.19516 476.331 2.91468
1_475_1000_240_8_8 60 180 120 4147886 112809091500 27196.8 34565.7 9.40076e+08 2.49617e+09
1_475_1000_240_9_9 60 180 0.554667 0.186489 0.868876 9.35988 521.387 2.98723
1_475_1000_240_9_9 60 180 120 4147888 112809162000 27196.8 34565.7 940076350 2.53867e+09
