47_0_0_200_0_49 50 150 0.467325 0.134178 0.769652 9.79061 152.206 3.6061
47_0_0_200_0_49 50 150 100 1521098 53834176500 35391.7 15211 538341765 2.82894e+09
47_0_0_200_50_99 50 150 0.483944 0.13343 0.764355 9.97366 237.33 3.67785
47_0_0_200_50_99 50 150 100 1521515 53995045500 35487.7 15215.1 539950455 2.93459e+09
47_0_0_200_100_149 50 150 0.455732 0.133002 0.733317 9.71454 232.762 3.48261
47_0_0_200_100_149 50 150 100 1521699 53762517000 35330.6 15217 537625170 2.77955e+09
47_0_0_200_150_199 50 150 0.464157 0.134825 0.754151 9.75455 445.901 3.54232
47_0_0_200_150_199 50 150 100 1522803 54180123000 35579.2 15228 541801230 2.72166e+09
47_0_0_200_200_249 50 150 0.465629 0.134945 0.767226 9.78867 220.121 3.60962
47_0_0_200_200_249 50 150 100 1523171 54193762500 35579.6 15231.7 541937625 2.76696e+09
47_0_0_200_250_299 50 150 0.460707 0.134192 0.742256 9.68837 209.921 3.48462
47_0_0_200_250_299 50 150 100 1522226 54085945500 35530.8 15222.3 540859455 2.80382e+09
47_0_0_200_300_349 50 150 0.480805 0.13417 0.765451 9.94149 167.655 3.64384
47_0_0_200_300_349 50 150 100 1523661 53951871000 35409.4 15236.6 539518710 2.78275e+09
47_0_0_200_350_399 50 150 0.481056 0.135404 0.787144 9.9438 170.007 3.7349
47_0_0_200_350_399 50 150 100 1523526 54023847000 35459.7 15235.3 540238470 2.9945e+09
47_0_0_200_400_449 50 150 0.468607 0.1342 0.758317 9.83407 180.814 3.5632
47_0_0_200_400_449 50 150 100 1523785 54105441000 35507.3 15237.9 541054410 2.86473e+09
47_0_0_200_450_499 50 150 0.461749 0.134392 0.757837 9.7195 134.586 3.58919
47_0_0_200_450_499 50 150 100 1523173 53547915000 35155.5 15231.7 535479150 2.71704e+09
