0_4375_10000_100_0_0 25 75 0.477831 0.128817 0.659941 9.86157 134.422 2.30582
0_4375_10000_100_0_0 25 75 50 1060343 23971701000 22607.5 21206.9 479434020 7.98157e+08
0_4375_10000_100_1_1 25 75 0.477831 0.128817 0.659941 9.86157 134.422 2.30582
0_4375_10000_100_1_1 25 75 50 1060343 23971701000 22607.5 21206.9 479434020 7.98157e+08
0_4375_10000_100_2_2 25 75 0.476129 0.128329 0.653931 9.89101 120.147 2.23429
0_4375_10000_100_2_2 25 75 50 1060343 23971990500 22607.8 21206.9 479439810 8.18e+08
0_4375_10000_100_3_3 25 75 0.481107 0.129096 0.660425 9.97623 112.163 2.32502
0_4375_10000_100_3_3 25 75 50 1060339 23971330500 22607.2 21206.8 479426610 8.3121e+08
0_4375_10000_100_4_4 25 75 0.492663 0.12946 0.653917 10.0769 124.913 2.29203
0_4375_10000_100_4_4 25 75 50 1060341 23971305000 22607.2 21206.8 479426100 8.06972e+08
0_4375_10000_100_5_5 25 75 0.498861 0.128345 0.65771 10.0729 119.767 2.35666
0_4375_10000_100_5_5 25 75 50 1060340 23971888500 22607.7 21206.8 479437770 8.41372e+08
0_4375_10000_100_6_6 25 75 0.506435 0.128121 0.652087 10.2493 114.623 2.33922
0_4375_10000_100_6_6 25 75 50 1060342 23971980000 22607.8 21206.8 479439600 8.36423e+08
0_4375_10000_100_7_7 25 75 0.51365 0.128031 0.646949 10.0726 134.951 2.25443
0_4375_10000_100_7_7 25 75 50 1060343 23971992000 22607.8 21206.9 479439840 8.56029e+08
0_4375_10000_100_8_8 25 75 0.475761 0.128734 0.651124 9.8967 113.33 2.21544
0_4375_10000_100_8_8 25 75 50 1060342 23971947000 22607.8 21206.8 479438940 7.96468e+08
0_4375_10000_100_9_9 25 75 0.468359 0.129416 0.658584 9.77979 112.982 2.26054
0_4375_10000_100_9_9 25 75 50 1060343 23971999500 22607.8 21206.9 479439990 7.872e+08
