0_48125_100000_100_0_0 25 75 0.568217 0.0922221 0.56163 9.72625 295.599 1.84488
0_48125_100000_100_0_0 25 75 50 1144941 26318755500 22987 22898.8 526375110 1.04743e+09
0_48125_100000_100_1_1 25 75 0.568217 0.0922221 0.56163 9.72625 295.599 1.84488
0_48125_100000_100_1_1 25 75 50 1144941 26318755500 22987 22898.8 526375110 1.04743e+09
0_48125_100000_100_2_2 25 75 0.585901 0.0927361 0.561969 9.72108 304.506 1.80704
0_48125_100000_100_2_2 25 75 50 1144940 26319127500 22987.3 22898.8 526382550 1.05601e+09
0_48125_100000_100_3_3 25 75 0.543265 0.0918688 0.547527 9.33227 295.499 1.65968
0_48125_100000_100_3_3 25 75 50 1144940 26319133500 22987.3 22898.8 526382670 1.0314e+09
0_48125_100000_100_4_4 25 75 0.566162 0.0922272 0.555761 9.57641 194.007 1.75438
0_48125_100000_100_4_4 25 75 50 1144941 26319112500 22987.3 22898.8 526382250 1.04586e+09
0_48125_100000_100_5_5 25 75 0.541545 0.0925339 0.557847 9.62577 223.551 1.79007
0_48125_100000_100_5_5 25 75 50 1144939 26319126000 22987.4 22898.8 526382520 1.03427e+09
0_48125_100000_100_6_6 25 75 0.557366 0.0927286 0.560543 9.5886 181.661 1.78782
0_48125_100000_100_6_6 25 75 50 1144941 26319145500 22987.3 22898.8 526382910 1.01233e+09
0_48125_100000_100_7_7 25 75 0.538757 0.0922547 0.551222 9.1812 295.029 1.67612
0_48125_100000_100_7_7 25 75 50 1144941 26319121500 22987.3 22898.8 526382430 9.85282e+08
0_48125_100000_100_8_8 25 75 0.557275 0.0923786 0.561745 9.73041 194.861 1.8391
0_48125_100000_100_8_8 25 75 50 1144941 26319120000 22987.3 22898.8 526382400 1.02576e+09
0_48125_100000_100_9_9 25 75 0.553658 0.0927687 0.560508 9.71522 194.913 1.81417
0_48125_100000_100_9_9 25 75 50 1144939 26319090000 22987.3 22898.8 526381800 1.00179e+09
