0_4625_10000_320_0_0 80 240 0.719865 0.0644282 0.455088 8.60314 367.115 1.12732
0_4625_10000_320_0_0 80 240 160 1039382 27003438000 25980.3 6496.14 1.68771e+08 4.08696e+08
0_4625_10000_320_1_1 80 240 0.719865 0.0644282 0.455088 8.60314 367.115 1.12732
0_4625_10000_320_1_1 80 240 160 1039382 27003438000 25980.3 6496.14 1.68771e+08 4.08696e+08
0_4625_10000_320_2_2 80 240 0.866748 0.0645806 0.474887 9.73917 425.815 1.355
0_4625_10000_320_2_2 80 240 160 1039606 27117364500 26084.3 6497.54 1.69484e+08 5.43909e+08
0_4625_10000_320_3_3 80 240 0.855857 0.0646713 0.467258 9.61164 400.022 1.28923
0_4625_10000_320_3_3 80 240 160 1040006 27147400500 26103.1 6500.04 1.69671e+08 5.14877e+08
0_4625_10000_320_4_4 80 240 0.990787 0.0645802 0.475145 10.6194 569.835 1.52784
0_4625_10000_320_4_4 80 240 160 1039604 27096325500 26064.1 6497.52 1.69352e+08 5.57436e+08
0_4625_10000_320_5_5 80 240 0.955625 0.0644305 0.482332 10.3702 560.365 1.51651
0_4625_10000_320_5_5 80 240 160 1040379 26994661500 25946.9 6502.37 1.68717e+08 5.25607e+08
0_4625_10000_320_6_6 80 240 0.87174 0.0646421 0.477404 10.1188 429.005 1.40123
0_4625_10000_320_6_6 80 240 160 1038711 27082176000 26072.9 6491.94 169263600 5.43685e+08
0_4625_10000_320_7_7 80 240 0.838404 0.0645424 0.472343 10.0636 431.95 1.40849
0_4625_10000_320_7_7 80 240 160 1040189 27093754500 26047 6501.18 1.69336e+08 4.92018e+08
0_4625_10000_320_8_8 80 240 0.858074 0.0645374 0.463294 9.51211 426.586 1.24726
0_4625_10000_320_8_8 80 240 160 1038645 27066574500 26059.5 6491.53 1.69166e+08 4.70686e+08
0_4625_10000_320_9_9 80 240 0.967772 0.0645257 0.477245 10.6175 402.103 1.52624
0_4625_10000_320_9_9 80 240 160 1039197 27174540000 26149.6 6494.98 169840875 5.17803e+08
