0_43125_100000_100_0_0 25 75 0.48246 0.0889599 0.468664 9.06166 302.403 1.47051
0_43125_100000_100_0_0 25 75 50 1245196 28589865000 22960.1 24903.9 571797300 1.04715e+09
0_43125_100000_100_1_1 25 75 0.48246 0.0889599 0.468664 9.06166 302.403 1.47051
0_43125_100000_100_1_1 25 75 50 1245196 28589865000 22960.1 24903.9 571797300 1.04715e+09
0_43125_100000_100_2_2 25 75 0.484983 0.0886173 0.467667 9.26262 187.446 1.50481
0_43125_100000_100_2_2 25 75 50 1245196 28588185000 22958.8 24903.9 571763700 1.05824e+09
0_43125_100000_100_3_3 25 75 0.464311 0.0888557 0.472013 8.89467 567.593 1.476
0_43125_100000_100_3_3 25 75 50 1245196 28589874000 22960.1 24903.9 571797480 1.00642e+09
0_43125_100000_100_4_4 25 75 0.473784 0.0888711 0.461205 8.58775 321.142 1.39322
0_43125_100000_100_4_4 25 75 50 1245196 28589860500 22960.1 24903.9 571797210 1.01089e+09
0_43125_100000_100_5_5 25 75 0.493611 0.0886837 0.459135 8.61284 310.108 1.40731
0_43125_100000_100_5_5 25 75 50 1245196 28589878500 22960.1 24903.9 571797570 1.03629e+09
0_43125_100000_100_6_6 25 75 0.501696 0.0886414 0.462056 9.12474 207.848 1.49374
0_43125_100000_100_6_6 25 75 50 1245194 28589842500 22960.2 24903.9 571796850 1.05138e+09
0_43125_100000_100_7_7 25 75 0.500991 0.0887262 0.469049 9.19096 306.933 1.52765
0_43125_100000_100_7_7 25 75 50 1245195 28589842500 22960.1 24903.9 571796850 1.04372e+09
0_43125_100000_100_8_8 25 75 0.506419 0.0885695 0.462364 9.3756 188.608 1.50082
0_43125_100000_100_8_8 25 75 50 1245195 28589389500 22959.8 24903.9 571787790 1.11193e+09
0_43125_100000_100_9_9 25 75 0.504813 0.0886496 0.468315 9.18258 308.293 1.52472
0_43125_100000_100_9_9 25 75 50 1245192 28589628000 22960 24903.8 571792560 1.08986e+09
