16_25_100_640_0_0 160 480 0.466797 0.0966392 0.59172 10.0844 410.511 3.42984
16_25_100_640_0_0 160 480 320 674663 23526877500 34872 2108.32 7.35215e+07 3.59127e+08
16_25_100_640_1_1 160 480 0.466797 0.0966392 0.59172 10.0844 410.511 3.42984
16_25_100_640_1_1 160 480 320 674663 23526877500 34872 2108.32 7.35215e+07 3.59127e+08
16_25_100_640_2_2 160 480 0.441748 0.0979214 0.589042 10.0953 730.024 3.34319
16_25_100_640_2_2 160 480 320 674303 23555838000 34933.6 2107.2 7.3612e+07 3.56084e+08
16_25_100_640_3_3 160 480 0.450581 0.098187 0.59053 10.1103 249.37 3.39656
16_25_100_640_3_3 160 480 320 674053 23639817000 35071.2 2106.42 7.38744e+07 3.8092e+08
16_25_100_640_4_4 160 480 0.421546 0.0964029 0.574642 9.81121 279.146 3.18172
16_25_100_640_4_4 160 480 320 674176 23641260000 35066.9 2106.8 7.38789e+07 3.45507e+08
16_25_100_640_5_5 160 480 0.447059 0.0977014 0.6011 10.0734 290.067 3.44871
16_25_100_640_5_5 160 480 320 674001 23509369500 34880.3 2106.25 7.34668e+07 3.42461e+08
16_25_100_640_6_6 160 480 0.427312 0.096854 0.578927 9.74522 176.153 3.17414
16_25_100_640_6_6 160 480 320 673668 23512950000 34902.9 2105.21 7.3478e+07 3.41732e+08
16_25_100_640_7_7 160 480 0.420377 0.0975522 0.572811 9.76271 150.424 3.164
16_25_100_640_7_7 160 480 320 673240 23530479000 34951.1 2103.88 7.35327e+07 3.35798e+08
16_25_100_640_8_8 160 480 0.444479 0.0967702 0.580246 10.1049 229.407 3.31075
16_25_100_640_8_8 160 480 320 673347 23477523000 34866.9 2104.21 7.33673e+07 3.42858e+08
16_25_100_640_9_9 160 480 0.414174 0.0956186 0.555142 9.70256 231.97 3.0468
16_25_100_640_9_9 160 480 320 673719 23521405500 34912.8 2105.37 7.35044e+07 3.15668e+08
