7_0_0_100_0_0 25 75 0.462048 0.106028 0.517691 9.50252 113.961 2.25168
7_0_0_100_0_0 25 75 50 129516 4462297500 34453.6 2590.32 89245950 3.61407e+08
7_0_0_100_1_1 25 75 0.462048 0.106028 0.517691 9.50252 113.961 2.25168
7_0_0_100_1_1 25 75 50 129516 4462297500 34453.6 2590.32 89245950 3.61407e+08
7_0_0_100_2_2 25 75 0.532566 0.104623 0.507117 9.34007 134.513 2.13788
7_0_0_100_2_2 25 75 50 128918 4481917500 34765.6 2578.36 89638350 3.90449e+08
7_0_0_100_3_3 25 75 0.547956 0.106364 0.531395 10.3517 124.613 2.50595
7_0_0_100_3_3 25 75 50 128995 4483144500 34754.4 2579.9 89662890 4.1025e+08
7_0_0_100_4_4 25 75 0.593681 0.106301 0.52133 10.079 171.445 2.38619
7_0_0_100_4_4 25 75 50 128795 4545529500 35292.7 2575.9 90910590 4.3064e+08
7_0_0_100_5_5 25 75 0.660555 0.103511 0.526485 10.364 143.127 2.56126
7_0_0_100_5_5 25 75 50 128882 4444765500 34487.1 2577.64 88895310 4.27045e+08
7_0_0_100_6_6 25 75 0.538442 0.10434 0.511649 9.55932 176.232 2.19455
7_0_0_100_6_6 25 75 50 128955 4421790000 34289.4 2579.1 88435800 3.66207e+08
7_0_0_100_7_7 25 75 0.581624 0.105194 0.531473 10.451 163.937 2.6114
7_0_0_100_7_7 25 75 50 129054 4474284000 34669.9 2581.08 89485680 4.69478e+08
7_0_0_100_8_8 25 75 0.53549 0.108023 0.544226 9.61904 122.55 2.42105
7_0_0_100_8_8 25 75 50 128904 4571089500 35461.2 2578.08 91421790 4.48078e+08
7_0_0_100_9_9 25 75 0.51527 0.106951 0.532951 9.75873 122.767 2.39261
7_0_0_100_9_9 25 75 50 128765 4523778000 35132 2575.3 90475560 3.96152e+08
