7_96875_100000_1000_0_0 250 750 0.563511 0.118349 2.18815 9.99574 91.6399 5.71948
7_96875_100000_1000_0_0 250 750 500 589343 20682481500 35094.1 1178.69 41364963 3.3068e+08
7_96875_100000_1000_1_1 250 750 0.563511 0.118349 2.18815 9.99574 91.6399 5.71948
7_96875_100000_1000_1_1 250 750 500 589343 20682481500 35094.1 1178.69 41364963 3.3068e+08
7_96875_100000_1000_2_2 250 750 0.560091 0.118149 2.16209 9.99055 640.066 5.69609
7_96875_100000_1000_2_2 250 750 500 587716 20278933500 34504.6 1175.43 40557867 2.96445e+08
7_96875_100000_1000_3_3 250 750 0.555588 0.117996 2.12976 9.95045 148.024 5.61494
7_96875_100000_1000_3_3 250 750 500 587611 20253289500 34467.2 1175.22 40506579 3.01559e+08
7_96875_100000_1000_4_4 250 750 0.578317 0.119179 2.18014 10.0341 586.08 5.77693
7_96875_100000_1000_4_4 250 750 500 586798 20768515500 35393 1173.6 41537031 3.35404e+08
7_96875_100000_1000_5_5 250 750 0.565781 0.118603 2.19171 10.0829 195.384 5.74426
7_96875_100000_1000_5_5 250 750 500 586387 20640139500 35198.8 1172.77 41280279 3.23306e+08
7_96875_100000_1000_6_6 250 750 0.567135 0.118123 2.18833 10.0716 159.976 5.75654
7_96875_100000_1000_6_6 250 750 500 586458 20284845000 34588.7 1172.92 40569690 3.22083e+08
7_96875_100000_1000_7_7 250 750 0.562399 0.11796 2.12138 10.0614 169.331 5.72836
7_96875_100000_1000_7_7 250 750 500 587555 20372145000 34672.7 1175.11 40744290 3.17867e+08
7_96875_100000_1000_8_8 250 750 0.562549 0.118458 2.24312 10.024 94.446 5.7608
7_96875_100000_1000_8_8 250 750 500 588985 20441565000 34706.4 1177.97 40883130 3.01101e+08
7_96875_100000_1000_9_9 250 750 0.556157 0.117887 2.09704 9.97817 676.6 5.62711
7_96875_100000_1000_9_9 250 750 500 586092 20311146000 34655.2 1172.18 40622292 3.03935e+08
