14_5312_10000_640_0_0 160 480 0.420806 0.127192 0.71388 9.50407 200.971 3.52298
14_5312_10000_640_0_0 160 480 320 603020 21070813500 34942.1 1884.44 6.58463e+07 2.71916e+08
14_5312_10000_640_1_1 160 480 0.420806 0.127192 0.71388 9.50407 200.971 3.52298
14_5312_10000_640_1_1 160 480 320 603020 21070813500 34942.1 1884.44 6.58463e+07 2.71916e+08
14_5312_10000_640_2_2 160 480 0.441286 0.128054 0.760057 9.80368 77.192 3.77782
14_5312_10000_640_2_2 160 480 320 603009 21000202500 34825.7 1884.4 6.56256e+07 2.92495e+08
14_5312_10000_640_3_3 160 480 0.440828 0.130945 0.778638 9.76472 170.339 3.85407
14_5312_10000_640_3_3 160 480 320 603158 21173181000 35103.9 1884.87 6.61662e+07 2.95336e+08
14_5312_10000_640_4_4 160 480 0.44295 0.13063 0.79156 9.66147 155.895 3.83968
14_5312_10000_640_4_4 160 480 320 602611 21196101000 35173.8 1883.16 6.62378e+07 3.1574e+08
14_5312_10000_640_5_5 160 480 0.431244 0.128008 0.744732 9.53647 177.494 3.66125
14_5312_10000_640_5_5 160 480 320 602899 21015778500 34857.9 1884.06 6.56743e+07 2.93859e+08
14_5312_10000_640_6_6 160 480 0.425578 0.128679 0.749589 9.42921 310.2 3.54986
14_5312_10000_640_6_6 160 480 320 602295 21029802000 34916.1 1882.17 6.57181e+07 2.85446e+08
14_5312_10000_640_7_7 160 480 0.430332 0.127613 0.75289 9.53244 81.4911 3.66626
14_5312_10000_640_7_7 160 480 320 601827 21007908000 34906.9 1880.71 6.56497e+07 2.89267e+08
14_5312_10000_640_8_8 160 480 0.443261 0.131117 0.777501 9.74442 359.603 3.80619
14_5312_10000_640_8_8 160 480 320 601825 21130455000 35110.6 1880.7 6.60327e+07 3.03691e+08
14_5312_10000_640_9_9 160 480 0.448753 0.12932 0.785824 9.70338 379.984 3.84821
14_5312_10000_640_9_9 160 480 320 602560 21034864500 34909.2 1883 6.5734e+07 2.9537e+08
