5_125_1000_100_0_0 25 75 0.553578 0.208153 1.21878 9.89768 219.862 4.58076
5_125_1000_100_0_0 25 75 50 847478 29799331500 35162.4 16949.6 595986630 4.07843e+09
5_125_1000_100_1_1 25 75 0.553578 0.208153 1.21878 9.89768 219.862 4.58076
5_125_1000_100_1_1 25 75 50 847478 29799331500 35162.4 16949.6 595986630 4.07843e+09
5_125_1000_100_2_2 25 75 0.540653 0.206677 1.15145 9.76421 86.1193 4.35072
5_125_1000_100_2_2 25 75 50 847019 29670027000 35028.8 16940.4 593400540 3.99014e+09
5_125_1000_100_3_3 25 75 0.55923 0.208143 1.24258 9.98709 240.049 4.6579
5_125_1000_100_3_3 25 75 50 847691 29912260500 35286.8 16953.8 598245210 4.25012e+09
5_125_1000_100_4_4 25 75 0.552068 0.206328 1.1971 9.95183 90.0689 4.54813
5_125_1000_100_4_4 25 75 50 847594 29693241000 35032.4 16951.9 593864820 3.9983e+09
5_125_1000_100_5_5 25 75 0.552462 0.207875 1.20374 9.90063 129.931 4.55257
5_125_1000_100_5_5 25 75 50 847043 29676903000 35035.9 16940.9 593538060 4.05428e+09
5_125_1000_100_6_6 25 75 0.55691 0.2091 1.24276 9.94551 189.895 4.60043
5_125_1000_100_6_6 25 75 50 846682 29770885500 35161.8 16933.6 595417710 4.13635e+09
5_125_1000_100_7_7 25 75 0.551119 0.20678 1.22081 9.80069 111.971 4.50898
5_125_1000_100_7_7 25 75 50 846544 29788734000 35188.6 16930.9 595774680 4.20407e+09
5_125_1000_100_8_8 25 75 0.544786 0.205652 1.17979 9.85724 119.901 4.43946
5_125_1000_100_8_8 25 75 50 846466 29459158500 34802.5 16929.3 589183170 3.92648e+09
5_125_1000_100_9_9 25 75 0.550009 0.20802 1.18447 9.88316 169.789 4.49131
5_125_1000_100_9_9 25 75 50 846857 29732437500 35109.2 16937.1 594648750 4.04093e+09
