2_825_1000_400_1_1 100 300 0.931633 0.220826 4.21235 15.7929 501.145 8.7239
2_825_1000_400_1_1 100 300 200 6560863 171257550000 26102.9 32804.3 856287750 5.50171e+09
2_825_1000_400_2_2 100 300 0.929954 0.220315 4.20521 15.8128 465.519 8.72134
2_825_1000_400_2_2 100 300 200 6561143 171201447000 26093.2 32805.7 856007235 5.50148e+09
2_825_1000_400_3_3 100 300 0.910568 0.219986 4.11726 15.1603 465.977 8.5851
2_825_1000_400_3_3 100 300 200 6560384 171123144000 26084.3 32801.9 855615720 5.27781e+09
2_825_1000_400_4_4 100 300 0.921697 0.220115 4.14428 15.4274 467.227 8.63433
2_825_1000_400_4_4 100 300 200 6559907 171095761500 26082 32799.5 8.55479e+08 5.37169e+09
2_825_1000_400_5_5 100 300 0.916231 0.219982 4.14214 15.3949 481.404 8.6119
2_825_1000_400_5_5 100 300 200 6560738 171045225000 26071 32803.7 855226125 5.31671e+09
2_825_1000_400_6_6 100 300 0.919785 0.220548 4.12477 15.4401 501.981 8.63278
2_825_1000_400_6_6 100 300 200 6559931 171170215500 26093.3 32799.7 8.55851e+08 5.39674e+09
2_825_1000_400_7_7 100 300 0.917859 0.219816 4.16719 15.3849 502.764 8.64154
2_825_1000_400_7_7 100 300 200 6559775 171068373000 26078.4 32798.9 855341865 5.44325e+09
2_825_1000_400_8_8 100 300 0.926087 0.220107 4.1285 15.7711 480.035 8.69186
2_825_1000_400_8_8 100 300 200 6559816 171183361500 26095.8 32799.1 8.55917e+08 5.47782e+09
2_825_1000_400_9_9 100 300 0.931042 0.220031 4.19353 15.6348 464.655 8.68379
2_825_1000_400_9_9 100 300 200 6560510 171105508500 26081.1 32802.6 8.55528e+08 5.5033e+09
