55_9375_10000_1000_50_99 250 750 12.4784 9.5187 30.4627 59.3798 4560.01 38.4187
55_9375_10000_1000_50_99 250 750 500 3228650 97556794500 30216 6457.3 195113589 4.78685e+09
55_9375_10000_1000_100_149 250 750 12.5243 9.50298 30.4185 60.0239 2190.02 38.3927
55_9375_10000_1000_100_149 250 750 500 3214819 98091682500 30512.3 6429.64 196183365 4.95153e+09
55_9375_10000_1000_150_199 250 750 12.5809 9.54836 30.5941 63.5098 2610.02 39.2215
55_9375_10000_1000_150_199 250 750 500 3222177 99740830500 30954.5 6444.35 199481661 5.23434e+09
55_9375_10000_1000_200_249 250 750 12.5407 9.48764 30.366 59.5979 3910.07 38.2623
55_9375_10000_1000_200_249 250 750 500 3230503 97779493500 30267.6 6461.01 195558987 4.8657e+09
55_9375_10000_1000_250_299 250 750 12.4009 9.51135 30.3612 59.8207 2420.01 38.2348
55_9375_10000_1000_250_299 250 750 500 3152883 96920164500 30740.2 6305.77 193840329 4.986e+09
55_9375_10000_1000_300_349 250 750 12.5654 9.52911 30.5026 60.2957 2880 38.7282
55_9375_10000_1000_300_349 250 750 500 3211947 97613488500 30390.8 6423.89 195226977 4.92929e+09
55_9375_10000_1000_350_399 250 750 12.5021 9.53717 30.5577 60.0424 3959.9 38.6423
55_9375_10000_1000_350_399 250 750 500 3236893 97452478500 30106.8 6473.79 194904957 4.70661e+09
55_9375_10000_1000_400_449 250 750 12.6606 9.50096 30.5344 63.6247 3980 39.235
55_9375_10000_1000_400_449 250 750 500 3227135 99733761000 30904.7 6454.27 199467522 5.27417e+09
55_9375_10000_1000_450_499 250 750 12.5789 9.55269 30.4771 60.3799 3109.97 38.7878
55_9375_10000_1000_450_499 250 750 500 3196262 99311544000 31071.2 6392.52 198623088 5.61702e+09
