0_375_1000_100_0_0 25 75 0.627779 0.273563 1.39695 10.0223 200.031 4.67482
0_375_1000_100_0_0 25 75 50 1530819 53115730500 34697.6 30616.4 1062314610 7.67304e+09
0_375_1000_100_1_1 25 75 0.627779 0.273563 1.39695 10.0223 200.031 4.67482
0_375_1000_100_1_1 25 75 50 1530819 53115730500 34697.6 30616.4 1062314610 7.67304e+09
0_375_1000_100_2_2 25 75 0.656214 0.279304 1.53549 10.2642 221.254 5.02852
0_375_1000_100_2_2 25 75 50 1530746 53322877500 34834.6 30614.9 1066457550 8.05285e+09
0_375_1000_100_3_3 25 75 0.640106 0.275696 1.45336 10.1403 119.993 4.81732
0_375_1000_100_3_3 25 75 50 1530743 53361237000 34859.7 30614.9 1067224740 7.97872e+09
0_375_1000_100_4_4 25 75 0.643012 0.276068 1.46416 10.1572 210.016 4.84954
0_375_1000_100_4_4 25 75 50 1528401 53220870000 34821.3 30568 1064417400 8.07212e+09
0_375_1000_100_5_5 25 75 0.640674 0.275963 1.45341 10.1171 195.762 4.82789
0_375_1000_100_5_5 25 75 50 1528513 53319277500 34883.1 30570.3 1066385550 8.02571e+09
0_375_1000_100_6_6 25 75 0.650923 0.278366 1.51154 10.1886 140.054 4.94836
0_375_1000_100_6_6 25 75 50 1528832 53602263000 35060.9 30576.6 1072045260 8.24491e+09
0_375_1000_100_7_7 25 75 0.640644 0.274385 1.44624 10.1607 211.691 4.83263
0_375_1000_100_7_7 25 75 50 1529347 53359102500 34890.1 30586.9 1067182050 7.99315e+09
0_375_1000_100_8_8 25 75 0.63508 0.274986 1.43788 10.0859 221.746 4.76615
0_375_1000_100_8_8 25 75 50 1530415 52861639500 34540.7 30608.3 1057232790 7.61654e+09
0_375_1000_100_9_9 25 75 0.652829 0.277614 1.51118 10.2351 160.024 4.96358
0_375_1000_100_9_9 25 75 50 1531357 53273098500 34788.2 30627.1 1065461970 8.02388e+09
