19_0_0_640_0_0 160 480 0.499607 0.159359 0.753447 9.78062 393.036 3.37975
19_0_0_640_0_0 160 480 320 788713 27637422000 35041.2 2464.73 8.63669e+07 5.62156e+08
19_0_0_640_1_1 160 480 0.499607 0.159359 0.753447 9.78062 393.036 3.37975
19_0_0_640_1_1 160 480 320 788713 27637422000 35041.2 2464.73 8.63669e+07 5.62156e+08
19_0_0_640_2_2 160 480 0.536158 0.157803 0.748841 9.84091 649.546 3.42529
19_0_0_640_2_2 160 480 320 788441 27545722500 34936.9 2463.88 8.60804e+07 6.06311e+08
19_0_0_640_3_3 160 480 0.488414 0.159849 0.749403 9.68063 363.382 3.31103
19_0_0_640_3_3 160 480 320 788633 27701655000 35126.2 2464.48 8.65677e+07 5.53737e+08
19_0_0_640_4_4 160 480 0.465937 0.160122 0.759387 9.49109 205.312 3.3244
19_0_0_640_4_4 160 480 320 788577 27645700500 35057.7 2464.3 8.63928e+07 4.96621e+08
19_0_0_640_5_5 160 480 0.471682 0.157454 0.736532 9.46119 314.824 3.22283
19_0_0_640_5_5 160 480 320 788022 27481270500 34873.7 2462.57 8.5879e+07 4.99343e+08
19_0_0_640_6_6 160 480 0.54153 0.161122 0.810096 10.1044 577.867 3.73175
19_0_0_640_6_6 160 480 320 787471 27526893000 34956.1 2460.85 8.60215e+07 6.2409e+08
19_0_0_640_7_7 160 480 0.502739 0.158602 0.740895 9.63073 519.262 3.25148
19_0_0_640_7_7 160 480 320 787414 27626739000 35085.4 2460.67 8.63336e+07 5.72513e+08
19_0_0_640_8_8 160 480 0.529085 0.157782 0.760882 9.89971 562.794 3.4552
19_0_0_640_8_8 160 480 320 787431 27466105500 34880.7 2460.72 8.58316e+07 5.37322e+08
19_0_0_640_9_9 160 480 0.495048 0.159725 0.755281 9.76637 399.569 3.39422
19_0_0_640_9_9 160 480 320 788082 27631498500 35061.7 2462.76 8.63484e+07 5.54353e+08
