12 58 0 12 6 0.015625
12 58 1 12 6 0.015625
12 58 2 12 6 0.015625
12 58 3 12 6 0.015625
12 58 4 12 6 0.015625
12 58 5 12 6 0.015625
12 58 6 12 6 0.015625
12 58 7 12 7 0.015625
12 58 8 12 7 0.015625
12 58 9 12 7 0.015625
12 58 10 12 7 0.015625
12 58 11 12 7 0.015625
12 58 12 12 7 0.015625
12 58 13 12 7 0.015625
12 58 14 12 8 0.015625
12 58 15 12 8 0.015625
12 58 16 12 8 0.015625
12 58 17 12 8 0.015625
12 58 18 12 8 0.015625
12 58 19 12 8 0.015625
12 58 20 12 8 0.015625
12 58 21 12 9 0.015625
12 58 22 12 9 0.015625
12 58 23 12 9 0.015625
12 58 24 12 9 0.015625
12 58 25 12 9 0.015625
12 58 26 12 9 0.015625
12 58 27 12 9 0.015625
12 58 28 12 10 0.015625
12 58 29 12 10 0.015625
12 58 30 12 10 0.015625
12 58 31 12 10 0.015625
12 58 32 12 10 0.015625
12 58 33 12 10 0.015625
12 58 34 12 10 0.015625
12 58 35 12 11 0.015625
12 58 36 12 11 0.015625
12 58 37 12 11 0.015625
12 58 38 12 11 0.015625
12 58 39 12 11 0.015625
12 58 40 12 11 0.015625
12 58 41 12 11 0.015625
12 58 43 12 59 0.015625
12 58 44 12 59 0.015625
12 58 45 12 59 0.015625
12 58 46 12 59 0.015625
12 58 47 12 59 0.015625
12 58 71 12 61 0.015625
12 58 72 12 61 0.015625
12 58 73 12 61 0.015625
12 58 74 12 61 0.015625
12 58 75 12 61 0.015625
12 58 85 12 62 0.015625
12 58 86 12 62 0.015625
12 58 87 12 62 0.015625
12 58 88 12 62 0.015625
12 58 89 12 62 0.015625
12 58 112 12 64 0.015625
12 58 113 12 64 0.015625
12 58 114 12 64 0.015625
12 58 115 12 64 0.015625
12 58 116 12 64 0.015625
12 58 117 12 64 0.015625
12 58 118 12 64 0.015625
