15 74 90 15 68 0.484375
15 74 131 15 71 0.2578125
15 74 133 15 71 0.2578125
15 75 4 15 42 0.140625
15 75 20 15 39 0.21875
15 75 30 15 41 0.21875
15 75 46 15 43 0.203125
15 75 118 15 70 0.21875
16 74 98 16 69 0.265625
16 74 116 16 70 0.21875
16 74 131 16 71 0.125
16 74 133 16 71 0.125
16 74 153 16 72 0.265625
16 75 0 16 38 0.109375
16 75 1 16 39 0.109375
16 75 3 16 41 0.109375
16 75 5 16 43 0.09375
16 75 22 16 40 0.109375
16 75 35 16 42 0.109375
16 75 54 16 44 0.109375
16 75 60 16 66 0.03125
16 75 80 16 67 0.109375
16 75 86 16 68 0.109375
