0_33125_100000_100_0_0 25 75 0.640027 0.290163 1.39605 9.88281 182.81 4.50054
0_33125_100000_100_0_0 25 75 50 865143 30499176000 35253.3 17302.9 609983520 4.75088e+09
0_33125_100000_100_1_1 25 75 0.640027 0.290163 1.39605 9.88281 182.81 4.50054
0_33125_100000_100_1_1 25 75 50 865143 30499176000 35253.3 17302.9 609983520 4.75088e+09
0_33125_100000_100_2_2 25 75 0.629995 0.285077 1.34696 9.93941 220.043 4.38246
0_33125_100000_100_2_2 25 75 50 863400 30124134000 34890.1 17268 602482680 4.55578e+09
0_33125_100000_100_3_3 25 75 0.634309 0.286328 1.36474 9.84158 230.021 4.42726
0_33125_100000_100_3_3 25 75 50 865231 30474933000 35221.7 17304.6 609498660 4.74643e+09
0_33125_100000_100_4_4 25 75 0.634629 0.288168 1.38484 9.88749 131.255 4.4379
0_33125_100000_100_4_4 25 75 50 865316 30303348000 35020 17306.3 606066960 4.42567e+09
0_33125_100000_100_5_5 25 75 0.626088 0.285028 1.33778 9.79139 209.966 4.34337
0_33125_100000_100_5_5 25 75 50 867082 30147357000 34768.7 17341.6 602947140 4.46824e+09
0_33125_100000_100_6_6 25 75 0.633047 0.287019 1.38466 9.88212 160.048 4.42528
0_33125_100000_100_6_6 25 75 50 864640 30247318500 34982.6 17292.8 604946370 4.48089e+09
0_33125_100000_100_7_7 25 75 0.629529 0.286042 1.35448 9.91321 110.074 4.40315
0_33125_100000_100_7_7 25 75 50 865696 30333805500 35039.8 17313.9 606676110 4.56717e+09
0_33125_100000_100_8_8 25 75 0.639057 0.288288 1.39427 9.99878 180.047 4.50674
0_33125_100000_100_8_8 25 75 50 865392 30318000000 35033.8 17307.8 606360000 4.57724e+09
0_33125_100000_100_9_9 25 75 0.638583 0.287233 1.38949 9.97611 130.024 4.50047
0_33125_100000_100_9_9 25 75 50 865696 30446236500 35169.7 17313.9 608924730 4.65646e+09
