4 68 0 4 68 0.046875
4 68 2 4 25 0.03125
4 68 3 4 42 0.046875
4 68 4 4 71 0.046875
4 68 5 4 50 0.03125
4 68 6 4 13 0.046875
4 68 7 4 47 0.015625
4 68 8 4 54 0.046875
4 68 13 4 56 0.015625
4 68 17 4 46 0.03125
4 68 18 4 73 0.015625
4 68 20 4 57 0.015625
4 68 22 4 25 0.015625
4 68 25 4 6 0.015625
4 68 29 4 10 0.015625
4 68 31 4 10 0.015625
4 68 32 4 10 0.015625
4 68 33 4 10 0.015625
4 68 36 4 47 0.015625
4 68 41 4 55 0.015625
4 68 42 4 55 0.015625
4 68 43 4 38 0.015625
4 68 44 4 38 0.015625
4 68 45 4 38 0.015625
4 68 46 4 31 0.015625
4 68 48 4 45 0.015625
4 68 54 4 3 0.015625
4 68 59 4 56 0.015625
4 68 61 4 73 0.015625
4 68 62 4 57 0.015625
4 68 63 4 22 0.015625
4 68 65 4 22 0.015625
4 68 66 4 5 0.015625
4 68 70 4 5 0.015625
4 68 72 4 23 0.03125
4 68 75 4 50 0.015625
4 68 77 4 6 0.015625
4 68 78 4 21 0.015625
4 68 80 4 21 0.015625
4 68 84 4 60 0.015625
4 68 88 4 33 0.015625
4 68 89 4 33 0.015625
4 68 90 4 55 0.015625
4 68 91 4 31 0.015625
4 68 96 4 45 0.015625
4 68 100 4 73 0.015625
4 68 107 4 60 0.015625
4 68 110 4 45 0.015625
4 68 111 4 8 0.03125
