0_122657_1000000_200_0 50 150 0.385333 0.0760875 0.480707 5.26599 239.731 1.03601
0_122657_1000000_200_0 50 150 100 548043 18911575500 34507.5 5480.43 189115755 6.92547e+08
0_122657_1000000_200_1 50 150 0.385333 0.0760875 0.480707 5.26599 239.731 1.03601
0_122657_1000000_200_1 50 150 100 548043 18911575500 34507.5 5480.43 189115755 6.92547e+08
0_122657_1000000_200_2 50 150 0.437732 0.0765429 0.49502 6.22931 304.309 1.17872
0_122657_1000000_200_2 50 150 100 546497 18978720000 34727.9 5464.97 189787200 7.65268e+08
0_122657_1000000_200_3 50 150 0.441806 0.0761832 0.48771 5.81111 318.874 1.11386
0_122657_1000000_200_3 50 150 100 548267 19131517500 34894.5 5482.67 191315175 7.39135e+08
0_122657_1000000_200_4 50 150 0.395689 0.0753725 0.475308 5.03395 299.641 1.01557
0_122657_1000000_200_4 50 150 100 547981 18911734500 34511.7 5479.81 189117345 7.0084e+08
0_122657_1000000_200_5 50 150 0.430052 0.0760693 0.494493 6.25823 225.457 1.1764
0_122657_1000000_200_5 50 150 100 547303 18779241000 34312.3 5473.03 187792410 6.86026e+08
0_122657_1000000_200_6 50 150 0.412094 0.0765374 0.48841 5.2397 298.507 1.07654
0_122657_1000000_200_6 50 150 100 546786 18990600000 34731.3 5467.86 189906000 6.82152e+08
0_122657_1000000_200_7 50 150 0.376694 0.0778727 0.503494 5.53433 206.421 1.13964
0_122657_1000000_200_7 50 150 100 547386 19499997000 35623.9 5473.86 194999970 7.54997e+08
0_122657_1000000_200_8 50 150 0.490978 0.0762943 0.489186 6.47653 310.204 1.16451
0_122657_1000000_200_8 50 150 100 548086 18965313000 34602.8 5480.86 189653130 7.46049e+08
0_122657_1000000_200_9 50 150 0.41754 0.0766664 0.492584 5.7202 215.035 1.12888
0_122657_1000000_200_9 50 150 100 547322 19181958000 35046.9 5473.22 191819580 8.22808e+08
