16_25_100_640_0_0 160 480 0.559412 0.170951 0.933586 10.4045 268.906 4.32119
16_25_100_640_0_0 160 480 320 674663 23527141500 34872.4 2108.32 7.35223e+07 5.30672e+08
16_25_100_640_1_1 160 480 0.559412 0.170951 0.933586 10.4045 268.906 4.32119
16_25_100_640_1_1 160 480 320 674663 23527141500 34872.4 2108.32 7.35223e+07 5.30672e+08
16_25_100_640_2_2 160 480 0.509451 0.170442 0.843881 9.7823 609.757 3.66817
16_25_100_640_2_2 160 480 320 674303 23555835000 34933.6 2107.2 7.3612e+07 4.65874e+08
16_25_100_640_3_3 160 480 0.555671 0.17208 0.877283 10.2514 464.914 3.99347
16_25_100_640_3_3 160 480 320 674053 23643528000 35076.7 2106.42 73886025 5.50255e+08
16_25_100_640_4_4 160 480 0.537847 0.171645 0.870145 10.083 296.934 3.95181
16_25_100_640_4_4 160 480 320 674176 23651518500 35082.1 2106.8 7.3911e+07 5.23676e+08
16_25_100_640_5_5 160 480 0.570032 0.171414 0.884256 10.2876 569.623 4.03369
16_25_100_640_5_5 160 480 320 674001 23509368000 34880.3 2106.25 73466775 5.13347e+08
16_25_100_640_6_6 160 480 0.533217 0.171965 0.876684 10.1356 782.409 3.96781
16_25_100_640_6_6 160 480 320 673668 23512948500 34902.9 2105.21 7.3478e+07 4.69662e+08
16_25_100_640_7_7 160 480 0.558826 0.170456 0.87803 10.3158 456.744 3.99036
16_25_100_640_7_7 160 480 320 673240 23539365000 34964.3 2103.88 7.35605e+07 5.88753e+08
16_25_100_640_8_8 160 480 0.549944 0.171293 0.870267 10.2112 398.824 3.93002
16_25_100_640_8_8 160 480 320 673347 23477527500 34866.9 2104.21 7.33673e+07 4.86894e+08
16_25_100_640_9_9 160 480 0.560352 0.169251 0.867299 10.3656 441.806 4.02094
16_25_100_640_9_9 160 480 320 673719 23515414500 34903.9 2105.37 7.34857e+07 5.64184e+08
