0_5375_10000_200_0_0 50 150 0.551798 0.221966 1.11919 9.70073 170.401 3.9255
0_5375_10000_200_0_0 50 150 100 2398689 83660331000 34877.5 23986.9 836603310 5.86041e+09
0_5375_10000_200_1_1 50 150 0.551798 0.221966 1.11919 9.70073 170.401 3.9255
0_5375_10000_200_1_1 50 150 100 2398689 83660331000 34877.5 23986.9 836603310 5.86041e+09
0_5375_10000_200_2_2 50 150 0.54951 0.221062 1.10919 9.64931 240.008 3.92187
0_5375_10000_200_2_2 50 150 100 2397536 83728453500 34922.7 23975.4 837284535 5.73414e+09
0_5375_10000_200_3_3 50 150 0.554278 0.220927 1.11511 9.75682 250.027 3.95822
0_5375_10000_200_3_3 50 150 100 2400104 84011427000 35003.2 24001 840114270 5.97871e+09
0_5375_10000_200_4_4 50 150 0.550087 0.220374 1.10369 9.71244 240.047 3.88599
0_5375_10000_200_4_4 50 150 100 2398756 83986369500 35012.5 23987.6 839863695 6.07925e+09
0_5375_10000_200_5_5 50 150 0.550961 0.218722 1.09797 9.75135 340.048 3.93236
0_5375_10000_200_5_5 50 150 100 2400698 83400217500 34740 24007 834002175 5.77128e+09
0_5375_10000_200_6_6 50 150 0.555316 0.221083 1.11926 9.7005 180.033 3.95801
0_5375_10000_200_6_6 50 150 100 2398845 83899323000 34974.9 23988.5 838993230 6.23571e+09
0_5375_10000_200_7_7 50 150 0.55892 0.222229 1.1349 9.7434 213.168 3.9858
0_5375_10000_200_7_7 50 150 100 2395772 83880504000 35011.9 23957.7 838805040 6.14559e+09
0_5375_10000_200_8_8 50 150 0.557656 0.221338 1.12813 9.73611 310.039 3.99683
0_5375_10000_200_8_8 50 150 100 2399740 83792913000 34917.5 23997.4 837929130 6.1675e+09
0_5375_10000_200_9_9 50 150 0.562345 0.221758 1.13504 9.78494 433.703 4.02452
0_5375_10000_200_9_9 50 150 100 2400117 83945554500 34975.6 24001.2 839455545 6.17038e+09
