15_75_100_640_0_0 160 480 0.687148 0.135361 0.627442 10.1942 655.673 2.96251
15_75_100_640_0_0 160 480 320 653802 22859776500 34964.4 2043.13 7.14368e+07 5.95038e+08
15_75_100_640_1_1 160 480 0.687148 0.135361 0.627442 10.1942 655.673 2.96251
15_75_100_640_1_1 160 480 320 653802 22859776500 34964.4 2043.13 7.14368e+07 5.95038e+08
15_75_100_640_2_2 160 480 0.654462 0.135443 0.625138 10.0511 605.002 2.8624
15_75_100_640_2_2 160 480 320 653632 22849219500 34957.3 2042.6 7.14038e+07 6.50628e+08
15_75_100_640_3_3 160 480 0.789156 0.135288 0.6262 10.5822 701.502 3.0427
15_75_100_640_3_3 160 480 320 653479 22927305000 35085 2042.12 7.16478e+07 6.97427e+08
15_75_100_640_4_4 160 480 0.569742 0.13608 0.617995 9.65445 694.179 2.69928
15_75_100_640_4_4 160 480 320 653339 22973457000 35163.1 2041.68 7.17921e+07 5.19886e+08
15_75_100_640_5_5 160 480 0.574079 0.133995 0.606499 9.64722 625.159 2.67825
15_75_100_640_5_5 160 480 320 653496 22778409000 34856.2 2042.17 7.11825e+07 5.63159e+08
15_75_100_640_6_6 160 480 0.673764 0.134285 0.604544 10.0336 667.741 2.67579
15_75_100_640_6_6 160 480 320 652956 22800169500 34918.4 2040.49 7.12505e+07 5.89252e+08
15_75_100_640_7_7 160 480 0.714136 0.133801 0.605625 10.0863 703.798 2.75629
15_75_100_640_7_7 160 480 320 652584 22761196500 34878.6 2039.33 7.11287e+07 6.51043e+08
15_75_100_640_8_8 160 480 0.577434 0.135578 0.617224 9.72141 685.853 2.72012
15_75_100_640_8_8 160 480 320 652450 22810315500 34961 2038.91 7.12822e+07 5.30387e+08
15_75_100_640_9_9 160 480 0.617612 0.135568 0.620465 10.0579 639.937 2.81577
15_75_100_640_9_9 160 480 320 652886 22867545000 35025.3 2040.27 7.14611e+07 5.75721e+08
