21_75_100_200_0_0 50 150 0.557629 0.221728 1.01195 9.84824 220.003 3.98896
21_75_100_200_0_0 50 150 100 2727691 70852923000 25975.4 27276.9 708529230 1.48601e+09
21_75_100_200_1_1 50 150 0.557629 0.221728 1.01195 9.84824 220.003 3.98896
21_75_100_200_1_1 50 150 100 2727691 70852923000 25975.4 27276.9 708529230 1.48601e+09
21_75_100_200_2_2 50 150 0.553893 0.222745 1.01564 9.83398 219.997 3.96057
21_75_100_200_2_2 50 150 100 2727685 70852996500 25975.5 27276.8 708529965 1.4882e+09
21_75_100_200_3_3 50 150 0.569488 0.222332 1.03335 9.96142 210.015 4.12213
21_75_100_200_3_3 50 150 100 2727682 70852618500 25975.4 27276.8 708526185 1.54188e+09
21_75_100_200_4_4 50 150 0.554039 0.221747 1.00912 9.84963 209.661 3.97727
21_75_100_200_4_4 50 150 100 2727685 70852867500 25975.5 27276.8 708528675 1.49245e+09
21_75_100_200_5_5 50 150 0.546831 0.22214 1.01202 9.79305 180.013 3.97901
21_75_100_200_5_5 50 150 100 2727682 70852821000 25975.5 27276.8 708528210 1.4617e+09
21_75_100_200_6_6 50 150 0.568942 0.223043 1.02376 9.92261 210.058 4.03231
21_75_100_200_6_6 50 150 100 2727681 70852945500 25975.5 27276.8 708529455 1.53098e+09
21_75_100_200_7_7 50 150 0.555851 0.222546 1.02994 9.83157 219.986 4.03852
21_75_100_200_7_7 50 150 100 2727689 70852951500 25975.5 27276.9 708529515 1.4848e+09
21_75_100_200_8_8 50 150 0.559235 0.222056 1.02332 9.91538 220.021 4.05962
21_75_100_200_8_8 50 150 100 2727684 70853014500 25975.5 27276.8 708530145 1.52592e+09
21_75_100_200_9_9 50 150 0.554472 0.222656 1.01681 9.8314 211.248 3.99702
21_75_100_200_9_9 50 150 100 2727685 70852797000 25975.4 27276.8 708527970 1.50019e+09
