2 4 0 2 24 0.015625
2 4 2 2 26 0.078125
2 4 3 2 27 0.03125
2 4 4 2 28 0.015625
2 4 5 2 29 0.078125
2 4 6 2 30 0.0625
2 4 14 2 52 0.0625
2 4 15 2 53 0.015625
2 4 16 2 54 0.015625
2 4 21 2 18 0.015625
2 4 22 2 19 0.015625
2 4 24 2 21 0.015625
2 4 25 2 22 0.015625
2 4 27 2 27 0.015625
2 4 28 2 55 0.046875
2 4 30 2 24 0.015625
2 4 31 2 24 0.015625
2 4 32 2 25 0.03125
2 4 33 2 26 0.015625
2 4 34 2 27 0.078125
2 4 36 2 29 0.015625
2 4 37 2 73 0.015625
2 4 38 2 73 0.015625
2 4 39 2 75 0.015625
2 4 40 2 75 0.015625
2 4 41 2 75 0.015625
2 4 42 2 76 0.015625
2 4 45 2 76 0.03125
2 4 46 2 77 0.015625
2 4 50 2 56 0.015625
2 4 53 2 58 0.015625
2 4 54 2 18 0.015625
2 4 55 2 19 0.015625
2 4 61 2 19 0.046875
2 4 63 2 24 0.015625
2 4 64 2 21 0.015625
2 4 65 2 28 0.015625
2 4 66 2 18 0.015625
2 4 67 2 19 0.015625
2 20 0 2 20 0.015625
2 20 7 2 79 0.015625
2 20 14 2 58 0.015625
2 20 19 2 24 0.015625
2 20 26 2 27 0.015625
2 20 32 2 30 0.015625
2 20 42 2 79 0.015625
2 20 47 2 18 0.015625
2 20 48 2 18 0.015625
2 20 51 2 18 0.015625
2 20 52 2 19 0.015625
2 20 54 2 19 0.015625
2 20 55 2 19 0.015625
2 20 61 2 22 0.015625
2 20 67 2 24 0.015625
2 20 68 2 24 0.015625
2 20 70 2 25 0.015625
2 20 72 2 29 0.015625
2 20 78 2 76 0.015625
2 20 79 2 76 0.015625
2 20 80 2 76 0.015625
2 20 83 2 77 0.015625
2 20 85 2 78 0.015625
2 20 86 2 79 0.015625
2 20 88 2 79 0.015625
2 20 91 2 79 0.015625
2 20 95 2 57 0.015625
2 20 98 2 58 0.015625
2 20 100 2 18 0.015625
2 20 101 2 19 0.015625
2 20 106 2 25 0.015625
2 20 108 2 26 0.015625
2 20 111 2 27 0.015625
2 20 117 2 76 0.015625
2 20 118 2 78 0.015625
2 20 121 2 19 0.015625
2 20 123 2 22 0.015625
2 20 128 2 24 0.015625
2 20 129 2 24 0.015625
2 20 131 2 25 0.015625
2 20 132 2 25 0.015625
2 20 134 2 27 0.015625
2 20 135 2 27 0.015625
2 20 137 2 30 0.015625
2 20 139 2 74 0.015625
2 20 141 2 55 0.015625
2 20 142 2 56 0.015625
2 20 146 2 24 0.015625
2 20 148 2 25 0.015625
2 20 149 2 25 0.015625
2 20 150 2 26 0.015625
2 20 151 2 27 0.015625
2 20 153 2 30 0.015625
2 20 154 2 30 0.015625
2 20 155 2 74 0.015625
2 20 156 2 75 0.03125
2 20 158 2 53 0.015625
2 20 159 2 56 0.015625
2 20 160 2 57 0.015625
2 20 162 2 18 0.015625
2 20 163 2 19 0.015625
2 20 168 2 18 0.015625
2 20 169 2 18 0.015625
2 23 11 2 55 0.015625
2 23 14 2 58 0.015625
2 23 20 2 24 0.015625
2 23 25 2 26 0.015625
2 23 31 2 28 0.015625
2 23 32 2 29 0.015625
2 23 33 2 30 0.015625
2 23 39 2 75 0.015625
2 23 42 2 77 0.015625
2 23 44 2 78 0.015625
2 23 45 2 79 0.015625
2 23 48 2 56 0.015625
2 23 49 2 18 0.015625
2 23 51 2 18 0.015625
2 23 53 2 18 0.015625
2 23 55 2 18 0.015625
2 23 56 2 19 0.015625
2 23 57 2 19 0.015625
2 23 58 2 19 0.015625
2 23 59 2 19 0.015625
2 23 71 2 22 0.015625
2 23 75 2 24 0.015625
2 23 82 2 73 0.015625
2 23 85 2 75 0.015625
2 23 86 2 76 0.015625
2 23 87 2 76 0.015625
2 23 89 2 76 0.015625
2 23 91 2 77 0.015625
2 23 92 2 79 0.015625
2 23 99 2 18 0.015625
2 23 100 2 19 0.015625
2 23 103 2 24 0.015625
2 23 104 2 25 0.015625
2 23 105 2 26 0.015625
2 23 106 2 27 0.015625
2 23 109 2 73 0.015625
2 23 112 2 75 0.015625
2 23 114 2 78 0.015625
2 23 115 2 55 0.015625
2 23 116 2 19 0.015625
2 23 120 2 24 0.015625
2 23 121 2 24 0.015625
2 23 127 2 27 0.015625
2 23 128 2 27 0.015625
2 23 130 2 30 0.015625
2 23 131 2 73 0.015625
2 23 132 2 74 0.015625
2 23 133 2 55 0.015625
2 23 135 2 56 0.015625
2 23 138 2 21 0.015625
2 23 141 2 25 0.015625
2 23 144 2 27 0.015625
2 23 145 2 28 0.015625
2 23 146 2 30 0.015625
2 23 148 2 74 0.015625
2 23 149 2 75 0.03125
2 23 150 2 53 0.015625
2 23 151 2 56 0.015625
2 23 152 2 57 0.015625
2 23 155 2 19 0.015625
2 23 158 2 29 0.015625
2 23 161 2 18 0.015625
2 23 162 2 18 0.015625
2 35 5 2 29 0.015625
2 35 6 2 30 0.015625
2 35 9 2 54 0.015625
2 35 13 2 58 0.015625
2 35 15 2 24 0.015625
2 35 17 2 25 0.015625
2 35 21 2 28 0.015625
2 35 22 2 18 0.015625
2 35 28 2 21 0.015625
2 35 33 2 24 0.015625
2 35 35 2 27 0.015625
2 35 37 2 29 0.015625
2 35 38 2 30 0.015625
2 35 39 2 73 0.015625
2 35 49 2 78 0.015625
2 35 53 2 79 0.015625
2 35 54 2 52 0.015625
2 35 57 2 56 0.015625
2 35 63 2 19 0.015625
2 35 69 2 24 0.015625
2 35 72 2 74 0.015625
2 35 78 2 75 0.015625
2 35 79 2 75 0.015625
2 35 81 2 75 0.015625
2 35 90 2 77 0.015625
2 35 91 2 77 0.015625
2 35 97 2 79 0.015625
2 35 99 2 79 0.015625
2 35 100 2 79 0.015625
2 35 102 2 56 0.015625
2 35 103 2 58 0.015625
2 35 106 2 18 0.015625
2 35 107 2 19 0.015625
2 35 108 2 19 0.015625
2 35 109 2 19 0.015625
2 35 110 2 19 0.015625
2 35 113 2 19 0.015625
2 35 125 2 25 0.015625
2 35 126 2 26 0.015625
2 35 130 2 73 0.015625
2 35 131 2 73 0.015625
2 35 136 2 75 0.015625
2 35 137 2 75 0.015625
2 35 139 2 76 0.015625
2 35 140 2 76 0.015625
2 35 142 2 77 0.015625
2 35 145 2 78 0.015625
2 35 146 2 78 0.015625
2 35 147 2 79 0.015625
2 35 148 2 79 0.015625
2 35 150 2 54 0.015625
2 35 156 2 56 0.015625
2 35 158 2 18 0.015625
2 35 161 2 18 0.015625
2 35 163 2 19 0.015625
2 35 168 2 21 0.015625
2 35 169 2 22 0.015625
2 35 171 2 22 0.015625
2 35 175 2 25 0.015625
2 35 177 2 27 0.015625
2 35 179 2 73 0.015625
2 35 181 2 76 0.015625
2 35 188 2 18 0.015625
2 35 192 2 24 0.015625
3 4 2 3 26 0.046875
3 4 3 3 27 0.03125
3 4 4 3 28 0.015625
3 4 5 3 29 0.0625
3 4 6 3 30 0.046875
3 4 14 3 52 0.046875
3 4 20 3 58 0.015625
3 4 21 3 18 0.015625
3 4 25 3 22 0.03125
3 4 27 3 27 0.015625
3 4 28 3 27 0.015625
3 4 29 3 77 0.015625
3 4 30 3 55 0.0625
3 4 31 3 21 0.03125
3 4 32 3 24 0.015625
3 4 33 3 24 0.015625
3 4 34 3 25 0.03125
3 4 35 3 27 0.015625
3 4 38 3 30 0.015625
3 4 40 3 30 0.03125
3 4 42 3 73 0.015625
3 4 43 3 73 0.015625
3 4 44 3 73 0.015625
3 4 46 3 74 0.015625
3 4 47 3 74 0.015625
3 4 48 3 74 0.015625
3 4 50 3 75 0.015625
3 4 51 3 75 0.015625
3 4 53 3 77 0.015625
3 4 57 3 55 0.015625
3 4 58 3 56 0.015625
3 4 59 3 56 0.015625
3 4 60 3 57 0.015625
3 4 61 3 21 0.015625
3 4 62 3 21 0.015625
3 4 66 3 27 0.015625
3 4 67 3 29 0.015625
3 4 69 3 53 0.015625
3 4 70 3 57 0.015625
3 4 72 3 30 0.015625
3 4 73 3 30 0.015625
3 4 74 3 73 0.015625
3 4 76 3 28 0.015625
3 4 78 3 58 0.015625
3 4 79 3 18 0.015625
3 4 80 3 19 0.015625
3 4 81 3 22 0.015625
3 20 1 3 73 0.015625
3 20 7 3 79 0.015625
3 20 14 3 58 0.015625
3 20 19 3 24 0.015625
3 20 24 3 27 0.015625
3 20 34 3 74 0.015625
3 20 36 3 77 0.015625
3 20 47 3 18 0.015625
3 20 48 3 18 0.015625
3 20 50 3 18 0.015625
3 20 53 3 19 0.015625
3 20 55 3 19 0.015625
3 20 61 3 22 0.015625
3 20 68 3 24 0.015625
3 20 69 3 24 0.015625
3 20 70 3 25 0.015625
3 20 72 3 25 0.015625
3 20 74 3 27 0.015625
3 20 82 3 74 0.015625
3 20 83 3 74 0.015625
3 20 85 3 74 0.015625
3 20 86 3 76 0.015625
3 20 89 3 77 0.015625
3 20 90 3 78 0.015625
3 20 97 3 57 0.015625
3 20 98 3 57 0.015625
3 20 101 3 18 0.015625
3 20 102 3 19 0.015625
3 20 104 3 25 0.015625
3 20 106 3 26 0.015625
3 20 108 3 27 0.015625
3 20 110 3 30 0.015625
3 20 117 3 77 0.015625
3 20 119 3 78 0.015625
3 20 123 3 19 0.015625
3 20 126 3 22 0.015625
3 20 130 3 24 0.015625
3 20 131 3 24 0.015625
3 20 133 3 25 0.015625
3 20 135 3 26 0.015625
3 20 137 3 27 0.015625
3 20 138 3 27 0.015625
3 20 139 3 29 0.015625
3 20 141 3 30 0.015625
3 20 142 3 30 0.015625
3 20 144 3 73 0.015625
3 20 145 3 74 0.015625
3 20 151 3 24 0.015625
3 20 152 3 24 0.015625
3 20 154 3 25 0.015625
3 20 155 3 26 0.015625
3 20 156 3 27 0.015625
3 20 160 3 30 0.015625
3 20 161 3 30 0.015625
3 20 163 3 74 0.015625
3 20 164 3 56 0.015625
3 20 166 3 58 0.015625
3 20 168 3 18 0.015625
3 20 169 3 19 0.015625
3 20 170 3 21 0.015625
3 20 172 3 22 0.015625
3 20 176 3 18 0.015625
3 20 177 3 18 0.015625
3 20 179 3 21 0.015625
3 23 11 3 55 0.015625
3 23 14 3 58 0.015625
3 23 18 3 24 0.03125
3 23 22 3 26 0.015625
3 23 27 3 28 0.015625
3 23 30 3 30 0.015625
3 23 34 3 74 0.015625
3 23 35 3 75 0.015625
3 23 37 3 77 0.015625
3 23 38 3 77 0.015625
3 23 39 3 77 0.015625
3 23 46 3 56 0.015625
3 23 48 3 18 0.015625
3 23 51 3 18 0.015625
3 23 52 3 19 0.015625
3 23 53 3 19 0.015625
3 23 55 3 19 0.015625
3 23 62 3 21 0.015625
3 23 65 3 22 0.015625
3 23 66 3 22 0.015625
3 23 68 3 22 0.015625
3 23 71 3 24 0.015625
3 23 73 3 25 0.015625
3 23 80 3 73 0.015625
3 23 83 3 73 0.015625
3 23 86 3 74 0.015625
3 23 94 3 57 0.015625
3 23 95 3 18 0.015625
3 23 97 3 25 0.015625
3 23 98 3 26 0.015625
3 23 99 3 27 0.015625
3 23 100 3 27 0.015625
3 23 104 3 73 0.015625
3 23 105 3 74 0.015625
3 23 108 3 75 0.015625
3 23 109 3 77 0.015625
3 23 110 3 78 0.015625
3 23 111 3 55 0.015625
3 23 113 3 57 0.015625
3 23 114 3 19 0.015625
3 23 115 3 21 0.015625
3 23 118 3 22 0.015625
3 23 120 3 24 0.015625
3 23 121 3 24 0.015625
3 23 126 3 26 0.015625
3 23 128 3 27 0.015625
3 23 129 3 27 0.015625
3 23 132 3 29 0.015625
3 23 134 3 30 0.015625
3 23 136 3 73 0.015625
3 23 137 3 74 0.015625
3 23 145 3 27 0.015625
3 23 146 3 28 0.015625
3 23 148 3 30 0.015625
3 23 149 3 30 0.015625
3 23 150 3 30 0.015625
3 23 152 3 74 0.015625
3 23 153 3 56 0.015625
3 23 154 3 58 0.015625
3 23 157 3 19 0.015625
3 23 162 3 29 0.015625
3 23 165 3 18 0.015625
3 23 166 3 18 0.015625
3 35 6 3 30 0.015625
3 35 9 3 54 0.015625
3 35 13 3 58 0.015625
3 35 14 3 24 0.015625
3 35 16 3 25 0.015625
3 35 20 3 28 0.015625
3 35 23 3 30 0.015625
3 35 24 3 18 0.015625
3 35 30 3 21 0.015625
3 35 34 3 24 0.015625
3 35 35 3 24 0.015625
3 35 38 3 27 0.015625
3 35 40 3 30 0.015625
3 35 42 3 30 0.015625
3 35 54 3 78 0.015625
3 35 56 3 78 0.015625
3 35 59 3 79 0.015625
3 35 60 3 52 0.015625
3 35 63 3 56 0.015625
3 35 64 3 57 0.015625
3 35 67 3 19 0.015625
3 35 75 3 73 0.015625
3 35 76 3 73 0.015625
3 35 84 3 74 0.015625
3 35 85 3 74 0.015625
3 35 88 3 75 0.015625
3 35 89 3 75 0.015625
3 35 90 3 75 0.015625
3 35 95 3 77 0.015625
3 35 98 3 77 0.015625
3 35 109 3 58 0.015625
3 35 113 3 18 0.015625
3 35 114 3 19 0.015625
3 35 115 3 19 0.015625
3 35 128 3 30 0.015625
3 35 132 3 73 0.015625
3 35 133 3 73 0.015625
3 35 137 3 74 0.015625
3 35 138 3 74 0.015625
3 35 140 3 75 0.015625
3 35 142 3 76 0.015625
3 35 143 3 77 0.015625
3 35 145 3 78 0.015625
3 35 146 3 78 0.015625
3 35 147 3 78 0.015625
3 35 149 3 79 0.015625
3 35 151 3 54 0.015625
3 35 152 3 54 0.015625
3 35 154 3 55 0.015625
3 35 157 3 18 0.015625
3 35 162 3 22 0.015625
3 35 163 3 22 0.015625
3 35 167 3 25 0.015625
3 35 169 3 27 0.015625
3 35 171 3 74 0.015625
3 35 172 3 76 0.015625
3 35 176 3 56 0.015625
3 35 178 3 57 0.015625
3 35 179 3 18 0.015625
3 35 181 3 21 0.015625
3 35 183 3 21 0.015625
3 35 186 3 24 0.015625
3 35 187 3 27 0.015625
3 35 189 3 21 0.015625
6 4 6 6 62 0.015625
6 4 7 6 62 0.015625
6 4 8 6 62 0.015625
6 4 10 6 63 0.015625
6 4 11 6 64 0.015625
6 4 12 6 65 0.015625
6 4 14 6 31 0.015625
6 4 19 6 33 0.015625
6 4 28 6 36 0.015625
6 4 33 6 37 0.015625
6 4 38 6 61 0.015625
6 4 40 6 31 0.015625
6 4 42 6 31 0.015625
6 4 43 6 32 0.015625
6 4 44 6 33 0.015625
6 4 45 6 34 0.015625
6 4 47 6 36 0.015625
6 4 49 6 66 0.015625
6 4 60 6 68 0.015625
6 4 89 6 15 0.015625
6 4 101 6 62 0.015625
6 4 102 6 62 0.015625
6 4 104 6 63 0.015625
6 4 105 6 63 0.015625
6 4 107 6 64 0.015625
6 4 112 6 32 0.015625
6 4 113 6 32 0.015625
6 4 114 6 32 0.015625
6 4 115 6 33 0.015625
6 4 122 6 36 0.015625
6 4 123 6 36 0.015625
6 4 127 6 68 0.015625
6 4 130 6 68 0.015625
6 4 132 6 70 0.015625
6 4 133 6 70 0.015625
6 4 134 6 70 0.015625
6 4 136 6 72 0.015625
6 4 137 6 12 0.015625
6 4 138 6 12 0.015625
6 4 139 6 12 0.015625
6 4 140 6 13 0.015625
6 4 141 6 14 0.015625
6 4 142 6 14 0.015625
6 4 143 6 14 0.015625
6 4 145 6 15 0.015625
6 4 153 6 61 0.015625
6 4 161 6 34 0.015625
6 4 163 6 66 0.015625
6 4 164 6 67 0.015625
6 4 166 6 67 0.015625
6 4 168 6 68 0.015625
6 4 170 6 70 0.015625
6 4 172 6 12 0.015625
6 4 175 6 15 0.015625
6 4 176 6 15 0.015625
6 4 180 6 59 0.015625
6 4 182 6 62 0.015625
6 4 183 6 63 0.015625
6 4 185 6 64 0.015625
6 4 192 6 12 0.015625
6 4 193 6 12 0.015625
6 4 195 6 14 0.015625
6 4 198 6 31 0.015625
6 4 199 6 70 0.015625
6 20 3 6 32 0.015625
6 20 6 6 33 0.015625
6 20 9 6 34 0.015625
6 20 16 6 36 0.015625
6 20 17 6 36 0.015625
6 20 20 6 37 0.015625
6 20 28 6 68 0.015625
6 20 42 6 62 0.015625
6 20 43 6 62 0.015625
6 20 44 6 62 0.015625
6 20 45 6 63 0.015625
6 20 51 6 65 0.015625
6 20 53 6 32 0.015625
6 20 54 6 32 0.015625
6 20 56 6 36 0.015625
6 20 58 6 36 0.015625
6 20 62 6 66 0.015625
6 20 65 6 68 0.015625
6 20 68 6 70 0.015625
6 20 69 6 70 0.015625
6 20 70 6 70 0.015625
6 20 75 6 72 0.015625
6 20 77 6 12 0.015625
6 20 78 6 12 0.015625
6 20 80 6 13 0.015625
6 20 86 6 14 0.015625
6 20 89 6 15 0.015625
6 20 98 6 62 0.015625
6 20 105 6 31 0.015625
6 20 106 6 32 0.015625
6 20 107 6 32 0.015625
6 20 110 6 33 0.015625
6 20 111 6 33 0.015625
6 20 114 6 34 0.015625
6 20 116 6 34 0.015625
6 20 124 6 66 0.015625
6 20 127 6 67 0.015625
6 20 131 6 68 0.015625
6 20 132 6 70 0.015625
6 20 136 6 12 0.015625
6 20 137 6 13 0.015625
6 20 139 6 14 0.015625
6 20 142 6 14 0.015625
6 20 143 6 15 0.015625
6 20 150 6 60 0.015625
6 20 158 6 63 0.015625
6 20 160 6 63 0.015625
6 20 163 6 31 0.015625
6 20 164 6 32 0.015625
6 20 166 6 34 0.015625
6 20 167 6 36 0.015625
6 20 168 6 67 0.015625
6 20 169 6 67 0.015625
6 20 170 6 68 0.015625
6 20 172 6 12 0.015625
6 20 174 6 12 0.015625
6 20 177 6 15 0.015625
6 20 179 6 15 0.015625
6 20 186 6 37 0.015625
6 20 188 6 68 0.015625
6 20 190 6 70 0.015625
6 20 193 6 14 0.015625
6 20 194 6 14 0.015625
6 20 199 6 12 0.015625
6 23 1 6 31 0.015625
6 23 4 6 33 0.015625
6 23 5 6 33 0.015625
6 23 13 6 36 0.015625
6 23 15 6 37 0.015625
6 23 26 6 68 0.015625
6 23 40 6 62 0.015625
6 23 41 6 62 0.015625
6 23 42 6 62 0.015625
6 23 44 6 63 0.015625
6 23 49 6 65 0.015625
6 23 54 6 36 0.015625
6 23 56 6 36 0.015625
6 23 57 6 37 0.015625
6 23 61 6 67 0.015625
6 23 63 6 68 0.015625
6 23 64 6 68 0.015625
6 23 66 6 70 0.015625
6 23 67 6 70 0.015625
6 23 76 6 12 0.015625
6 23 79 6 13 0.015625
6 23 84 6 14 0.015625
6 23 85 6 14 0.015625
6 23 92 6 17 0.015625
6 23 94 6 59 0.015625
6 23 100 6 62 0.015625
6 23 101 6 63 0.015625
6 23 102 6 63 0.015625
6 23 105 6 64 0.015625
6 23 108 6 31 0.015625
6 23 110 6 32 0.015625
6 23 111 6 32 0.015625
6 23 113 6 32 0.015625
6 23 114 6 33 0.015625
6 23 115 6 33 0.015625
6 23 120 6 34 0.015625
6 23 125 6 36 0.015625
6 23 130 6 67 0.015625
6 23 137 6 70 0.015625
6 23 139 6 70 0.015625
6 23 140 6 70 0.015625
6 23 142 6 72 0.015625
6 23 143 6 12 0.015625
6 23 144 6 12 0.015625
6 23 150 6 14 0.015625
6 23 152 6 15 0.015625
6 23 153 6 15 0.015625
6 23 155 6 16 0.015625
6 23 159 6 60 0.015625
6 23 162 6 61 0.015625
6 23 167 6 64 0.015625
6 23 170 6 32 0.015625
6 23 171 6 33 0.015625
6 23 172 6 34 0.015625
6 23 173 6 36 0.015625
6 23 175 6 67 0.015625
6 23 177 6 68 0.015625
6 23 178 6 12 0.015625
6 23 179 6 15 0.015625
6 23 180 6 15 0.015625
6 23 190 6 68 0.015625
6 23 191 6 70 0.015625
6 23 195 6 14 0.015625
6 23 198 6 12 0.015625
6 35 14 6 62 0.015625
6 35 15 6 62 0.015625
6 35 16 6 62 0.015625
6 35 17 6 63 0.015625
6 35 18 6 63 0.015625
6 35 19 6 63 0.015625
6 35 28 6 32 0.015625
6 35 30 6 33 0.015625
6 35 31 6 33 0.015625
6 35 41 6 36 0.015625
6 35 42 6 36 0.015625
6 35 43 6 36 0.015625
6 35 45 6 36 0.015625
6 35 49 6 37 0.015625
6 35 50 6 37 0.015625
6 35 74 6 32 0.015625
6 35 82 6 13 0.015625
6 35 83 6 13 0.015625
6 35 85 6 14 0.015625
6 35 86 6 15 0.015625
6 35 87 6 15 0.015625
6 35 92 6 63 0.015625
6 35 94 6 32 0.015625
6 35 96 6 32 0.015625
6 35 97 6 34 0.015625
6 35 98 6 36 0.015625
6 35 101 6 67 0.015625
6 35 102 6 67 0.015625
6 35 103 6 67 0.015625
6 35 105 6 68 0.015625
6 35 110 6 68 0.015625
6 35 111 6 69 0.015625
6 35 116 6 72 0.015625
6 35 120 6 12 0.015625
6 35 121 6 12 0.015625
6 35 122 6 14 0.015625
6 35 123 6 14 0.015625
6 35 124 6 14 0.015625
6 35 128 6 16 0.015625
6 35 132 6 34 0.015625
6 35 133 6 36 0.015625
6 35 138 6 67 0.015625
6 35 139 6 67 0.015625
6 35 140 6 67 0.015625
6 35 146 6 69 0.015625
6 35 150 6 70 0.015625
6 35 151 6 70 0.015625
6 35 152 6 70 0.015625
6 35 153 6 70 0.015625
6 35 155 6 71 0.015625
6 35 156 6 12 0.015625
6 35 158 6 12 0.015625
6 35 159 6 12 0.015625
6 35 163 6 14 0.015625
6 35 164 6 15 0.015625
6 35 165 6 15 0.015625
6 35 170 6 59 0.015625
6 35 173 6 60 0.015625
6 35 176 6 63 0.015625
6 35 184 6 70 0.015625
6 35 189 6 14 0.015625
6 35 190 6 17 0.015625
6 35 196 6 67 0.015625
6 35 199 6 14 0.015625
12 4 2 12 60 0.015625
12 4 3 12 61 0.015625
12 4 5 12 62 0.015625
12 4 8 12 63 0.015625
12 4 10 12 64 0.015625
12 4 29 12 59 0.015625
12 4 30 12 60 0.015625
12 4 31 12 61 0.015625
12 4 32 12 61 0.015625
12 4 33 12 61 0.015625
12 4 39 12 6 0.015625
12 4 40 12 6 0.015625
12 4 41 12 6 0.015625
12 4 44 12 8 0.015625
12 4 49 12 9 0.015625
12 4 52 12 10 0.015625
12 4 57 12 38 0.015625
12 4 63 12 66 0.015625
12 4 66 12 67 0.015625
12 4 70 12 68 0.015625
12 4 72 12 68 0.015625
12 4 74 12 71 0.015625
12 4 76 12 71 0.015625
12 4 77 12 71 0.015625
12 4 85 12 60 0.015625
12 4 86 12 60 0.015625
12 4 87 12 60 0.015625
12 4 91 12 62 0.015625
12 4 96 12 64 0.015625
12 4 105 12 7 0.015625
12 4 117 12 38 0.015625
12 4 118 12 38 0.015625
12 4 121 12 39 0.015625
12 4 123 12 39 0.015625
12 4 126 12 39 0.015625
12 4 128 12 40 0.015625
12 4 131 12 41 0.015625
12 4 132 12 42 0.015625
12 4 133 12 42 0.015625
12 4 138 12 44 0.015625
12 4 139 12 66 0.015625
12 4 142 12 67 0.015625
12 4 144 12 68 0.015625
12 4 147 12 68 0.015625
12 4 151 12 71 0.015625
12 4 154 12 72 0.015625
12 4 157 12 61 0.015625
12 4 165 12 8 0.015625
12 4 166 12 8 0.015625
12 4 168 12 10 0.015625
12 4 169 12 10 0.015625
12 4 170 12 10 0.015625
12 4 171 12 39 0.015625
12 4 172 12 39 0.015625
12 4 175 12 40 0.015625
12 4 181 12 67 0.015625
12 4 182 12 67 0.015625
12 4 185 12 70 0.015625
12 4 187 12 62 0.015625
12 4 188 12 63 0.015625
12 4 191 12 7 0.015625
12 4 192 12 38 0.015625
12 4 193 12 40 0.015625
12 4 196 12 67 0.015625
12 20 8 12 41 0.015625
12 20 12 12 41 0.015625
12 20 13 12 42 0.015625
12 20 16 12 42 0.015625
12 20 19 12 43 0.015625
12 20 24 12 44 0.015625
12 20 29 12 68 0.015625
12 20 37 12 59 0.015625
12 20 39 12 60 0.015625
12 20 40 12 60 0.015625
12 20 41 12 60 0.015625
12 20 42 12 61 0.015625
12 20 43 12 61 0.015625
12 20 44 12 61 0.015625
12 20 45 12 61 0.015625
12 20 48 12 62 0.015625
12 20 50 12 64 0.015625
12 20 55 12 65 0.015625
12 20 57 12 6 0.015625
12 20 58 12 6 0.015625
12 20 64 12 10 0.015625
12 20 68 12 39 0.015625
12 20 76 12 67 0.015625
12 20 77 12 68 0.015625
12 20 78 12 70 0.015625
12 20 80 12 71 0.015625
12 20 82 12 59 0.015625
12 20 92 12 64 0.015625
12 20 95 12 6 0.015625
12 20 97 12 6 0.015625
12 20 98 12 6 0.015625
12 20 100 12 7 0.015625
12 20 106 12 10 0.015625
12 20 109 12 10 0.015625
12 20 114 12 38 0.015625
12 20 115 12 38 0.015625
12 20 118 12 39 0.015625
12 20 121 12 39 0.015625
12 20 122 12 40 0.015625
12 20 123 12 40 0.015625
12 20 129 12 44 0.015625
12 20 130 12 66 0.015625
12 20 133 12 67 0.015625
12 20 134 12 67 0.015625
12 20 136 12 68 0.015625
12 20 138 12 68 0.015625
12 20 143 12 71 0.015625
12 20 144 12 71 0.015625
12 20 145 12 72 0.015625
12 20 164 12 8 0.015625
12 20 165 12 8 0.015625
12 20 166 12 8 0.015625
12 20 168 12 8 0.015625
12 20 171 12 10 0.015625
12 20 172 12 10 0.015625
12 20 174 12 39 0.015625
12 20 180 12 44 0.015625
12 20 181 12 66 0.015625
12 20 184 12 70 0.015625
12 20 186 12 6 0.015625
12 20 187 12 38 0.015625
12 20 190 12 44 0.015625
12 20 194 12 70 0.015625
12 20 196 12 42 0.015625
12 23 2 12 38 0.015625
12 23 3 12 38 0.015625
12 23 8 12 41 0.015625
12 23 9 12 41 0.015625
12 23 25 12 67 0.015625
12 23 28 12 68 0.015625
12 23 34 12 59 0.015625
12 23 37 12 60 0.015625
12 23 40 12 61 0.015625
12 23 41 12 61 0.015625
12 23 46 12 62 0.015625
12 23 47 12 62 0.015625
12 23 50 12 63 0.015625
12 23 57 12 6 0.015625
12 23 62 12 8 0.015625
12 23 64 12 9 0.015625
12 23 70 12 39 0.015625
12 23 76 12 44 0.015625
12 23 77 12 44 0.015625
12 23 78 12 67 0.015625
12 23 79 12 67 0.015625
12 23 80 12 68 0.015625
12 23 81 12 70 0.015625
12 23 85 12 59 0.015625
12 23 88 12 60 0.015625
12 23 89 12 60 0.015625
12 23 96 12 64 0.015625
12 23 99 12 6 0.015625
12 23 100 12 6 0.015625
12 23 107 12 10 0.015625
12 23 110 12 10 0.015625
12 23 115 12 38 0.015625
12 23 116 12 38 0.015625
12 23 119 12 39 0.015625
12 23 122 12 39 0.015625
12 23 124 12 40 0.015625
12 23 126 12 42 0.015625
12 23 128 12 44 0.015625
12 23 132 12 67 0.015625
12 23 133 12 67 0.015625
12 23 135 12 67 0.015625
12 23 136 12 68 0.015625
12 23 137 12 68 0.015625
12 23 139 12 69 0.015625
12 23 142 12 70 0.015625
12 23 144 12 71 0.015625
12 23 145 12 71 0.015625
12 23 147 12 72 0.015625
12 23 150 12 61 0.015625
12 23 152 12 61 0.015625
12 23 153 12 62 0.015625
12 23 159 12 64 0.015625
12 23 161 12 6 0.015625
12 23 164 12 8 0.015625
12 23 171 12 10 0.015625
12 23 172 12 10 0.015625
12 23 178 12 40 0.015625
12 23 179 12 42 0.015625
12 23 183 12 67 0.015625
12 23 184 12 68 0.015625
12 23 187 12 6 0.015625
12 23 189 12 38 0.015625
12 23 196 12 70 0.015625
12 23 198 12 42 0.015625
12 35 14 12 61 0.015625
12 35 17 12 62 0.015625
12 35 19 12 63 0.015625
12 35 30 12 61 0.015625
12 35 31 12 61 0.015625
12 35 32 12 61 0.015625
12 35 37 12 6 0.015625
12 35 38 12 6 0.015625
12 35 39 12 6 0.015625
12 35 40 12 6 0.015625
12 35 42 12 8 0.015625
12 35 43 12 8 0.015625
12 35 44 12 8 0.015625
12 35 45 12 8 0.015625
12 35 46 12 10 0.015625
12 35 47 12 10 0.015625
12 35 48 12 10 0.015625
12 35 55 12 41 0.015625
12 35 59 12 44 0.015625
12 35 67 12 59 0.015625
12 35 68 12 60 0.015625
12 35 69 12 60 0.015625
12 35 70 12 65 0.015625
12 35 71 12 8 0.015625
12 35 74 12 38 0.015625
12 35 76 12 38 0.015625
12 35 77 12 38 0.015625
12 35 78 12 38 0.015625
12 35 81 12 39 0.015625
12 35 84 12 39 0.015625
12 35 89 12 39 0.015625
12 35 91 12 40 0.015625
12 35 92 12 40 0.015625
12 35 97 12 41 0.015625
12 35 101 12 41 0.015625
12 35 104 12 42 0.015625
12 35 106 12 42 0.015625
12 35 113 12 44 0.015625
12 35 115 12 66 0.015625
12 35 119 12 67 0.015625
12 35 121 12 68 0.015625
12 35 122 12 68 0.015625
12 35 124 12 69 0.015625
12 35 129 12 71 0.015625
12 35 134 12 8 0.015625
12 35 137 12 38 0.015625
12 35 139 12 39 0.015625
12 35 141 12 40 0.015625
12 35 143 12 40 0.015625
12 35 147 12 43 0.015625
12 35 148 12 43 0.015625
12 35 152 12 67 0.015625
12 35 153 12 67 0.015625
12 35 154 12 67 0.015625
12 35 157 12 67 0.015625
12 35 159 12 68 0.015625
12 35 167 12 70 0.015625
12 35 168 12 71 0.015625
12 35 169 12 71 0.015625
12 35 175 12 63 0.015625
12 35 177 12 7 0.015625
12 35 180 12 10 0.015625
12 35 181 12 38 0.015625
12 35 188 12 71 0.015625
17 4 2 17 59 0.015625
17 4 4 17 63 0.015625
17 4 5 17 63 0.015625
17 4 6 17 63 0.015625
17 4 7 17 64 0.015625
17 4 31 17 61 0.015625
17 4 32 17 61 0.015625
17 4 33 17 63 0.015625
17 4 39 17 6 0.015625
17 4 40 17 6 0.015625
17 4 42 17 6 0.015625
17 4 46 17 8 0.015625
17 4 49 17 8 0.015625
17 4 53 17 9 0.015625
17 4 58 17 40 0.015625
17 4 61 17 42 0.015625
17 4 63 17 66 0.015625
17 4 69 17 68 0.015625
17 4 71 17 68 0.015625
17 4 74 17 71 0.015625
17 4 76 17 71 0.015625
17 4 92 17 62 0.015625
17 4 95 17 63 0.015625
17 4 97 17 64 0.015625
17 4 103 17 7 0.015625
17 4 111 17 9 0.015625
17 4 113 17 10 0.015625
17 4 118 17 38 0.015625
17 4 119 17 38 0.015625
17 4 120 17 39 0.015625
17 4 121 17 39 0.015625
17 4 123 17 39 0.015625
17 4 124 17 40 0.015625
17 4 125 17 40 0.015625
17 4 129 17 42 0.015625
17 4 130 17 42 0.015625
17 4 131 17 43 0.015625
17 4 133 17 44 0.015625
17 4 136 17 44 0.015625
17 4 137 17 66 0.015625
17 4 140 17 66 0.015625
17 4 144 17 68 0.015625
17 4 150 17 71 0.015625
17 4 152 17 72 0.015625
17 4 153 17 72 0.015625
17 4 154 17 72 0.015625
17 4 157 17 61 0.015625
17 4 163 17 6 0.015625
17 4 164 17 8 0.015625
17 4 167 17 10 0.015625
17 4 168 17 10 0.015625
17 4 170 17 39 0.015625
17 4 171 17 39 0.015625
17 4 172 17 40 0.015625
17 4 174 17 40 0.015625
17 4 176 17 44 0.015625
17 4 177 17 66 0.015625
17 4 180 17 68 0.015625
17 4 183 17 71 0.015625
17 4 186 17 62 0.015625
17 4 187 17 63 0.015625
17 4 189 17 64 0.015625
17 4 190 17 7 0.015625
17 4 191 17 42 0.015625
17 20 4 17 39 0.015625
17 20 9 17 41 0.015625
17 20 12 17 41 0.015625
17 20 13 17 42 0.015625
17 20 16 17 42 0.015625
17 20 17 17 42 0.015625
17 20 26 17 44 0.015625
17 20 32 17 68 0.015625
17 20 44 17 61 0.015625
17 20 45 17 61 0.015625
17 20 48 17 63 0.015625
17 20 51 17 64 0.015625
17 20 53 17 64 0.015625
17 20 54 17 64 0.015625
17 20 59 17 65 0.015625
17 20 61 17 6 0.015625
17 20 62 17 6 0.015625
17 20 64 17 7 0.015625
17 20 66 17 7 0.015625
17 20 81 17 44 0.015625
17 20 84 17 68 0.015625
17 20 85 17 68 0.015625
17 20 88 17 72 0.015625
17 20 96 17 64 0.015625
17 20 98 17 6 0.015625
17 20 100 17 6 0.015625
17 20 101 17 6 0.015625
17 20 103 17 7 0.015625
17 20 108 17 9 0.015625
17 20 111 17 9 0.015625
17 20 112 17 10 0.015625
17 20 114 17 10 0.015625
17 20 116 17 11 0.015625
17 20 117 17 38 0.015625
17 20 118 17 38 0.015625
17 20 120 17 39 0.015625
17 20 121 17 39 0.015625
17 20 122 17 39 0.015625
17 20 123 17 40 0.015625
17 20 124 17 40 0.015625
17 20 129 17 44 0.015625
17 20 130 17 66 0.015625
17 20 136 17 68 0.015625
17 20 140 17 71 0.015625
17 20 142 17 71 0.015625
17 20 143 17 72 0.015625
17 20 144 17 72 0.015625
17 20 163 17 8 0.015625
17 20 164 17 8 0.015625
17 20 165 17 8 0.015625
17 20 169 17 10 0.015625
17 20 170 17 10 0.015625
17 20 172 17 39 0.015625
17 20 173 17 40 0.015625
17 20 175 17 40 0.015625
17 20 178 17 44 0.015625
17 20 179 17 66 0.015625
17 20 180 17 66 0.015625
17 20 186 17 39 0.015625
17 20 188 17 44 0.015625
17 20 190 17 66 0.015625
17 20 192 17 70 0.015625
17 20 193 17 71 0.015625
17 20 196 17 42 0.015625
17 23 2 17 38 0.015625
17 23 9 17 41 0.015625
17 23 12 17 42 0.015625
17 23 31 17 68 0.015625
17 23 37 17 72 0.015625
17 23 41 17 59 0.015625
17 23 46 17 61 0.015625
17 23 49 17 62 0.015625
17 23 52 17 63 0.015625
17 23 53 17 63 0.015625
17 23 54 17 63 0.015625
17 23 55 17 64 0.015625
17 23 64 17 6 0.015625
17 23 67 17 7 0.015625
17 23 71 17 8 0.015625
17 23 76 17 9 0.015625
17 23 81 17 10 0.015625
17 23 86 17 42 0.015625
17 23 87 17 44 0.015625
17 23 88 17 44 0.015625
17 23 89 17 44 0.015625
17 23 90 17 68 0.015625
17 23 91 17 68 0.015625
17 23 94 17 72 0.015625
17 23 98 17 60 0.015625
17 23 100 17 63 0.015625
17 23 103 17 64 0.015625
17 23 105 17 6 0.015625
17 23 106 17 6 0.015625
17 23 109 17 7 0.015625
17 23 114 17 9 0.015625
17 23 115 17 10 0.015625
17 23 119 17 11 0.015625
17 23 120 17 38 0.015625
17 23 121 17 38 0.015625
17 23 123 17 39 0.015625
17 23 125 17 39 0.015625
17 23 127 17 40 0.015625
17 23 129 17 42 0.015625
17 23 132 17 44 0.015625
17 23 140 17 69 0.015625
17 23 142 17 71 0.015625
17 23 143 17 71 0.015625
17 23 144 17 71 0.015625
17 23 145 17 72 0.015625
17 23 146 17 72 0.015625
17 23 147 17 72 0.015625
17 23 150 17 61 0.015625
17 23 153 17 62 0.015625
17 23 156 17 63 0.015625
17 23 158 17 64 0.015625
17 23 159 17 64 0.015625
17 23 163 17 8 0.015625
17 23 169 17 10 0.015625
17 23 170 17 10 0.015625
17 23 171 17 10 0.015625
17 23 177 17 40 0.015625
17 23 178 17 42 0.015625
17 23 181 17 66 0.015625
17 23 184 17 68 0.015625
17 23 190 17 39 0.015625
17 23 194 17 66 0.015625
17 23 198 17 42 0.015625
17 23 199 17 67 0.015625
17 35 10 17 9 0.015625
17 35 14 17 59 0.015625
17 35 20 17 63 0.015625
17 35 22 17 64 0.015625
17 35 30 17 61 0.015625
17 35 33 17 62 0.015625
17 35 35 17 64 0.015625
17 35 38 17 6 0.015625
17 35 39 17 6 0.015625
17 35 40 17 6 0.015625
17 35 44 17 7 0.015625
17 35 45 17 7 0.015625
17 35 46 17 8 0.015625
17 35 48 17 8 0.015625
17 35 49 17 8 0.015625
17 35 50 17 8 0.015625
17 35 53 17 10 0.015625
17 35 59 17 41 0.015625
17 35 63 17 44 0.015625
17 35 64 17 66 0.015625
17 35 71 17 71 0.015625
17 35 73 17 59 0.015625
17 35 74 17 60 0.015625
17 35 78 17 65 0.015625
17 35 79 17 7 0.015625
17 35 85 17 38 0.015625
17 35 87 17 39 0.015625
17 35 89 17 39 0.015625
17 35 93 17 39 0.015625
17 35 95 17 40 0.015625
17 35 96 17 40 0.015625
17 35 102 17 41 0.015625
17 35 108 17 42 0.015625
17 35 110 17 42 0.015625
17 35 116 17 44 0.015625
17 35 118 17 44 0.015625
17 35 120 17 66 0.015625
17 35 123 17 66 0.015625
17 35 124 17 66 0.015625
17 35 125 17 66 0.015625
17 35 128 17 68 0.015625
17 35 136 17 71 0.015625
17 35 139 17 72 0.015625
17 35 140 17 72 0.015625
17 35 141 17 72 0.015625
17 35 143 17 8 0.015625
17 35 146 17 39 0.015625
17 35 148 17 40 0.015625
17 35 153 17 42 0.015625
17 35 154 17 42 0.015625
17 35 155 17 42 0.015625
17 35 156 17 43 0.015625
17 35 159 17 66 0.015625
17 35 160 17 67 0.015625
17 35 161 17 67 0.015625
17 35 163 17 68 0.015625
17 35 172 17 71 0.015625
17 35 176 17 60 0.015625
17 35 179 17 63 0.015625
17 35 181 17 7 0.015625
17 35 182 17 9 0.015625
17 35 183 17 9 0.015625
17 35 190 17 71 0.015625
17 35 194 17 42 0.015625
24 4 20 24 3 0.015625
24 4 31 24 64 0.015625
24 4 36 24 54 0.015625
24 4 37 24 54 0.015625
24 4 38 24 54 0.015625
24 4 41 24 56 0.015625
24 4 42 24 56 0.015625
24 4 43 24 57 0.015625
24 4 50 24 33 0.015625
24 4 51 24 33 0.015625
24 4 58 24 61 0.015625
24 4 61 24 55 0.015625
24 4 63 24 58 0.015625
24 4 68 24 32 0.015625
24 4 69 24 33 0.015625
24 4 70 24 34 0.015625
24 4 73 24 36 0.015625
24 4 77 24 0 0.015625
24 4 88 24 61 0.015625
24 4 90 24 62 0.015625
24 4 91 24 63 0.015625
24 4 97 24 64 0.015625
24 4 102 24 65 0.015625
24 4 103 24 65 0.015625
24 4 110 24 54 0.015625
24 4 111 24 55 0.015625
24 4 112 24 57 0.015625
24 4 115 24 32 0.015625
24 4 118 24 32 0.015625
24 4 125 24 0 0.015625
24 4 126 24 3 0.015625
24 4 127 24 5 0.015625
24 4 128 24 5 0.015625
24 4 133 24 60 0.015625
24 4 136 24 61 0.015625
24 4 137 24 61 0.015625
24 4 138 24 61 0.015625
24 4 145 24 63 0.015625
24 4 151 24 65 0.015625
24 4 153 24 52 0.015625
24 4 156 24 55 0.015625
24 4 159 24 31 0.015625
24 4 163 24 33 0.015625
24 4 164 24 33 0.015625
24 4 165 24 34 0.015625
24 4 166 24 34 0.015625
24 4 170 24 0 0.015625
24 4 172 24 3 0.015625
24 4 173 24 5 0.015625
24 4 174 24 59 0.015625
24 4 176 24 60 0.015625
24 4 177 24 62 0.015625
24 4 178 24 62 0.015625
24 4 179 24 62 0.015625
24 4 182 24 63 0.015625
24 4 183 24 63 0.015625
24 4 187 24 55 0.015625
24 4 189 24 34 0.015625
24 4 190 24 37 0.015625
24 4 193 24 2 0.015625
24 4 194 24 5 0.015625
24 4 195 24 56 0.015625
24 4 196 24 33 0.015625
24 4 197 24 33 0.015625
24 20 12 24 58 0.015625
24 20 13 24 0 0.015625
24 20 14 24 1 0.015625
24 20 24 24 56 0.015625
24 20 31 24 36 0.015625
24 20 33 24 37 0.015625
24 20 35 24 0 0.015625
24 20 36 24 3 0.015625
24 20 43 24 61 0.015625
24 20 44 24 61 0.015625
24 20 46 24 64 0.015625
24 20 49 24 65 0.015625
24 20 55 24 53 0.015625
24 20 59 24 54 0.015625
24 20 64 24 55 0.015625
24 20 65 24 55 0.015625
24 20 66 24 56 0.015625
24 20 70 24 58 0.015625
24 20 72 24 31 0.015625
24 20 73 24 32 0.015625
24 20 77 24 0 0.015625
24 20 78 24 2 0.015625
24 20 79 24 3 0.015625
24 20 81 24 5 0.015625
24 20 82 24 59 0.015625
24 20 87 24 60 0.015625
24 20 88 24 60 0.015625
24 20 90 24 61 0.015625
24 20 92 24 62 0.015625
24 20 94 24 62 0.015625
24 20 99 24 63 0.015625
24 20 102 24 64 0.015625
24 20 110 24 65 0.015625
24 20 115 24 31 0.015625
24 20 116 24 32 0.015625
24 20 118 24 32 0.015625
24 20 120 24 32 0.015625
24 20 123 24 34 0.015625
24 20 124 24 34 0.015625
24 20 127 24 34 0.015625
24 20 136 24 59 0.015625
24 20 138 24 61 0.015625
24 20 139 24 61 0.015625
24 20 141 24 61 0.015625
24 20 142 24 62 0.015625
24 20 146 24 63 0.015625
24 20 148 24 63 0.015625
24 20 151 24 55 0.015625
24 20 153 24 31 0.015625
24 20 157 24 32 0.015625
24 20 158 24 33 0.015625
24 20 159 24 33 0.015625
24 20 161 24 36 0.015625
24 20 164 24 5 0.015625
24 20 165 24 5 0.015625
24 20 170 24 62 0.015625
24 20 172 24 63 0.015625
24 20 175 24 64 0.015625
24 20 176 24 65 0.015625
24 20 179 24 55 0.015625
24 20 180 24 55 0.015625
24 20 181 24 58 0.015625
24 20 183 24 34 0.015625
24 20 188 24 33 0.015625
24 23 0 24 0 0.015625
24 23 4 24 4 0.015625
24 23 9 24 55 0.015625
24 23 12 24 58 0.015625
24 23 13 24 0 0.015625
24 23 14 24 1 0.015625
24 23 35 24 0 0.015625
24 23 37 24 3 0.015625
24 23 47 24 65 0.015625
24 23 49 24 53 0.015625
24 23 52 24 54 0.015625
24 23 53 24 54 0.015625
24 23 54 24 54 0.015625
24 23 55 24 55 0.015625
24 23 57 24 55 0.015625
24 23 59 24 56 0.015625
24 23 61 24 57 0.015625
24 23 64 24 58 0.015625
24 23 68 24 33 0.015625
24 23 70 24 0 0.015625
24 23 72 24 3 0.015625
24 23 78 24 60 0.015625
24 23 80 24 60 0.015625
24 23 84 24 61 0.015625
24 23 85 24 62 0.015625
24 23 87 24 62 0.015625
24 23 89 24 62 0.015625
24 23 97 24 64 0.015625
24 23 99 24 64 0.015625
24 23 102 24 64 0.015625
24 23 103 24 65 0.015625
24 23 106 24 65 0.015625
24 23 107 24 65 0.015625
24 23 110 24 57 0.015625
24 23 111 24 31 0.015625
24 23 112 24 31 0.015625
24 23 113 24 32 0.015625
24 23 114 24 32 0.015625
24 23 116 24 32 0.015625
24 23 118 24 32 0.015625
24 23 122 24 34 0.015625
24 23 124 24 34 0.015625
24 23 126 24 34 0.015625
24 23 132 24 36 0.015625
24 23 138 24 61 0.015625
24 23 139 24 61 0.015625
24 23 145 24 63 0.015625
24 23 146 24 64 0.015625
24 23 148 24 64 0.015625
24 23 153 24 31 0.015625
24 23 157 24 33 0.015625
24 23 158 24 33 0.015625
24 23 159 24 33 0.015625
24 23 163 24 5 0.015625
24 23 168 24 62 0.015625
24 23 173 24 63 0.015625
24 23 174 24 64 0.015625
24 23 176 24 54 0.015625
24 23 177 24 55 0.015625
24 23 178 24 55 0.015625
24 23 179 24 58 0.015625
24 23 180 24 33 0.015625
24 23 181 24 34 0.015625
24 23 183 24 37 0.015625
24 35 10 24 54 0.015625
24 35 14 24 58 0.015625
24 35 15 24 0 0.015625
24 35 16 24 0 0.015625
24 35 18 24 1 0.015625
24 35 19 24 1 0.015625
24 35 28 24 62 0.015625
24 35 29 24 62 0.015625
24 35 30 24 62 0.015625
24 35 34 24 63 0.015625
24 35 39 24 54 0.015625
24 35 40 24 54 0.015625
24 35 42 24 56 0.015625
24 35 43 24 57 0.015625
24 35 49 24 32 0.015625
24 35 52 24 32 0.015625
24 35 53 24 33 0.015625
24 35 54 24 33 0.015625
24 35 55 24 33 0.015625
24 35 57 24 33 0.015625
24 35 65 24 37 0.015625
24 35 76 24 61 0.015625
24 35 77 24 63 0.015625
24 35 78 24 63 0.015625
24 35 83 24 54 0.015625
24 35 85 24 55 0.015625
24 35 86 24 56 0.015625
24 35 88 24 58 0.015625
24 35 89 24 32 0.015625
24 35 91 24 32 0.015625
24 35 92 24 33 0.015625
24 35 94 24 1 0.015625
24 35 99 24 3 0.015625
24 35 100 24 3 0.015625
24 35 107 24 60 0.015625
24 35 108 24 60 0.015625
24 35 110 24 63 0.015625
24 35 111 24 64 0.015625
24 35 114 24 33 0.015625
24 35 115 24 34 0.015625
24 35 116 24 34 0.015625
24 35 120 24 0 0.015625
24 35 121 24 0 0.015625
24 35 123 24 2 0.015625
24 35 126 24 5 0.015625
24 35 128 24 61 0.015625
24 35 129 24 62 0.015625
24 35 130 24 62 0.015625
24 35 137 24 54 0.015625
24 35 141 24 56 0.015625
24 35 143 24 2 0.015625
24 35 144 24 3 0.015625
24 35 147 24 5 0.015625
24 35 150 24 63 0.015625
24 35 151 24 64 0.015625
24 35 152 24 55 0.015625
24 35 157 24 32 0.015625
24 35 159 24 36 0.015625
24 35 160 24 2 0.015625
24 35 161 24 5 0.015625
24 35 164 24 56 0.015625
24 35 166 24 32 0.015625
24 35 167 24 34 0.015625
24 35 168 24 34 0.015625
30 4 1 30 52 0.015625
30 4 20 30 3 0.015625
30 4 33 30 59 0.015625
30 4 36 30 64 0.015625
30 4 41 30 54 0.015625
30 4 48 30 58 0.015625
30 4 52 30 33 0.015625
30 4 55 30 34 0.015625
30 4 60 30 37 0.015625
30 4 61 30 37 0.015625
30 4 62 30 37 0.015625
30 4 66 30 61 0.015625
30 4 68 30 55 0.015625
30 4 70 30 31 0.015625
30 4 72 30 32 0.015625
30 4 75 30 32 0.015625
30 4 76 30 32 0.015625
30 4 77 30 34 0.015625
30 4 80 30 36 0.015625
30 4 83 30 0 0.015625
30 4 84 30 1 0.015625
30 4 95 30 61 0.015625
30 4 97 30 61 0.015625
30 4 102 30 62 0.015625
30 4 108 30 65 0.015625
30 4 112 30 52 0.015625
30 4 113 30 52 0.015625
30 4 118 30 57 0.015625
30 4 121 30 32 0.015625
30 4 122 30 32 0.015625
30 4 123 30 32 0.015625
30 4 124 30 32 0.015625
30 4 131 30 37 0.015625
30 4 132 30 0 0.015625
30 4 133 30 3 0.015625
30 4 134 30 5 0.015625
30 4 135 30 5 0.015625
30 4 136 30 5 0.015625
30 4 137 30 59 0.015625
30 4 141 30 60 0.015625
30 4 142 30 60 0.015625
30 4 145 30 61 0.015625
30 4 146 30 61 0.015625
30 4 147 30 61 0.015625
30 4 148 30 61 0.015625
30 4 156 30 65 0.015625
30 4 157 30 52 0.015625
30 4 161 30 31 0.015625
30 4 167 30 34 0.015625
30 4 168 30 34 0.015625
30 4 173 30 37 0.015625
30 4 175 30 3 0.015625
30 4 176 30 5 0.015625
30 4 177 30 60 0.015625
30 4 178 30 60 0.015625
30 4 181 30 63 0.015625
30 4 183 30 64 0.015625
30 4 186 30 54 0.015625
30 4 187 30 55 0.015625
30 4 189 30 33 0.015625
30 4 192 30 37 0.015625
30 4 196 30 2 0.015625
30 4 197 30 5 0.015625
30 4 199 30 56 0.015625
30 20 14 30 1 0.015625
30 20 20 30 3 0.015625
30 20 35 30 37 0.015625
30 20 36 30 37 0.015625
30 20 37 30 37 0.015625
30 20 38 30 0 0.015625
30 20 39 30 3 0.015625
30 20 42 30 5 0.015625
30 20 45 30 59 0.015625
30 20 47 30 61 0.015625
30 20 48 30 61 0.015625
30 20 49 30 62 0.015625
30 20 50 30 64 0.015625
30 20 53 30 65 0.015625
30 20 56 30 52 0.015625
30 20 64 30 55 0.015625
30 20 66 30 56 0.015625
30 20 72 30 32 0.015625
30 20 78 30 37 0.015625
30 20 79 30 37 0.015625
30 20 80 30 37 0.015625
30 20 81 30 0 0.015625
30 20 82 30 2 0.015625
30 20 83 30 3 0.015625
30 20 86 30 5 0.015625
30 20 87 30 59 0.015625
30 20 96 30 60 0.015625
30 20 97 30 60 0.015625
30 20 104 30 63 0.015625
30 20 109 30 64 0.015625
30 20 117 30 31 0.015625
30 20 118 30 31 0.015625
30 20 119 30 31 0.015625
30 20 120 30 32 0.015625
30 20 122 30 32 0.015625
30 20 125 30 32 0.015625
30 20 127 30 33 0.015625
30 20 128 30 34 0.015625
30 20 129 30 34 0.015625
30 20 130 30 34 0.015625
30 20 132 30 34 0.015625
30 20 133 30 34 0.015625
30 20 139 30 1 0.015625
30 20 141 30 59 0.015625
30 20 142 30 60 0.015625
30 20 146 30 61 0.015625
30 20 152 30 63 0.015625
30 20 157 30 54 0.015625
30 20 159 30 55 0.015625
30 20 161 30 31 0.015625
30 20 165 30 32 0.015625
30 20 167 30 36 0.015625
30 20 169 30 37 0.015625
30 20 171 30 5 0.015625
30 20 174 30 61 0.015625
30 20 175 30 61 0.015625
30 20 176 30 63 0.015625
30 20 178 30 52 0.015625
30 20 179 30 52 0.015625
30 20 180 30 55 0.015625
30 20 183 30 33 0.015625
30 20 185 30 34 0.015625
30 20 187 30 37 0.015625
30 20 188 30 37 0.015625
30 23 0 30 0 0.015625
30 23 4 30 4 0.015625
30 23 6 30 52 0.015625
30 23 9 30 55 0.015625
30 23 14 30 1 0.015625
30 23 20 30 3 0.015625
30 23 39 30 3 0.015625
30 23 44 30 5 0.015625
30 23 46 30 59 0.015625
30 23 54 30 65 0.015625
30 23 55 30 52 0.015625
30 23 56 30 52 0.015625
30 23 58 30 52 0.015625
30 23 59 30 54 0.015625
30 23 62 30 55 0.015625
30 23 64 30 56 0.015625
30 23 70 30 33 0.015625
30 23 71 30 33 0.015625
30 23 75 30 37 0.015625
30 23 78 30 3 0.015625
30 23 79 30 3 0.015625
30 23 83 30 59 0.015625
30 23 84 30 59 0.015625
30 23 86 30 60 0.015625
30 23 88 30 60 0.015625
30 23 90 30 60 0.015625
30 23 93 30 61 0.015625
30 23 95 30 61 0.015625
30 23 97 30 62 0.015625
30 23 107 30 64 0.015625
30 23 109 30 64 0.015625
30 23 114 30 31 0.015625
30 23 116 30 31 0.015625
30 23 117 30 31 0.015625
30 23 118 30 32 0.015625
30 23 119 30 32 0.015625
30 23 121 30 32 0.015625
30 23 122 30 32 0.015625
30 23 124 30 32 0.015625
30 23 127 30 33 0.015625
30 23 128 30 34 0.015625
30 23 129 30 34 0.015625
30 23 130 30 34 0.015625
30 23 133 30 34 0.015625
30 23 139 30 36 0.015625
30 23 140 30 37 0.015625
30 23 141 30 1 0.015625
30 23 146 30 60 0.015625
30 23 149 30 61 0.015625
30 23 150 30 61 0.015625
30 23 151 30 62 0.015625
30 23 157 30 64 0.015625
30 23 159 30 64 0.015625
30 23 162 30 54 0.015625
30 23 166 30 31 0.015625
30 23 171 30 36 0.015625
30 23 173 30 37 0.015625
30 23 175 30 5 0.015625
30 23 178 30 61 0.015625
30 23 181 30 52 0.015625
30 23 183 30 55 0.015625
30 23 185 30 32 0.015625
30 23 188 30 34 0.015625
30 23 189 30 37 0.015625
30 35 1 30 59 0.015625
30 35 2 30 60 0.015625
30 35 10 30 54 0.015625
30 35 15 30 0 0.015625
30 35 16 30 0 0.015625
30 35 20 30 1 0.015625
30 35 21 30 1 0.015625
30 35 31 30 59 0.015625
30 35 42 30 31 0.015625
30 35 44 30 31 0.015625
30 35 46 30 32 0.015625
30 35 50 30 32 0.015625
30 35 53 30 33 0.015625
30 35 57 30 34 0.015625
30 35 64 30 37 0.015625
30 35 65 30 37 0.015625
30 35 66 30 37 0.015625
30 35 67 30 37 0.015625
30 35 68 30 37 0.015625
30 35 72 30 5 0.015625
30 35 75 30 59 0.015625
30 35 76 30 59 0.015625
30 35 77 30 59 0.015625
30 35 78 30 60 0.015625
30 35 79 30 61 0.015625
30 35 80 30 61 0.015625
30 35 82 30 63 0.015625
30 35 83 30 52 0.015625
30 35 87 30 56 0.015625
30 35 89 30 32 0.015625
30 35 90 30 32 0.015625
30 35 92 30 32 0.015625
30 35 98 30 3 0.015625
30 35 103 30 60 0.015625
30 35 104 30 60 0.015625
30 35 106 30 64 0.015625
30 35 107 30 52 0.015625
30 35 113 30 33 0.015625
30 35 114 30 34 0.015625
30 35 115 30 34 0.015625
30 35 119 30 0 0.015625
30 35 120 30 1 0.015625
30 35 121 30 1 0.015625
30 35 123 30 2 0.015625
30 35 126 30 5 0.015625
30 35 128 30 61 0.015625
30 35 134 30 54 0.015625
30 35 135 30 54 0.015625
30 35 138 30 56 0.015625
30 35 140 30 37 0.015625
30 35 141 30 0 0.015625
30 35 143 30 2 0.015625
30 35 144 30 3 0.015625
30 35 145 30 3 0.015625
30 35 148 30 5 0.015625
30 35 150 30 5 0.015625
30 35 154 30 64 0.015625
30 35 157 30 55 0.015625
30 35 162 30 2 0.015625
30 35 163 30 5 0.015625
30 35 167 30 56 0.015625
30 35 169 30 32 0.015625
30 35 170 30 34 0.015625
30 35 171 30 34 0.015625
31 4 2 31 26 0.015625
31 4 5 31 29 0.015625
31 4 6 31 30 0.015625
31 4 7 31 52 0.015625
31 4 20 31 55 0.015625
31 4 26 31 59 0.015625
31 4 28 31 63 0.015625
31 4 29 31 64 0.015625
31 4 30 31 24 0.015625
31 4 33 31 24 0.015625
31 4 34 31 24 0.015625
31 4 41 31 30 0.015625
31 4 47 31 55 0.015625
31 4 58 31 61 0.015625
31 4 62 31 6 0.015625
31 4 64 31 8 0.015625
31 4 66 31 9 0.015625
31 4 68 31 11 0.015625
31 4 70 31 25 0.015625
31 4 72 31 52 0.015625
31 4 74 31 57 0.015625
31 4 75 31 57 0.015625
31 4 84 31 62 0.015625
31 4 87 31 62 0.015625
31 4 92 31 64 0.015625
31 4 93 31 64 0.015625
31 4 95 31 64 0.015625
31 4 96 31 64 0.015625
31 4 97 31 65 0.015625
31 4 100 31 65 0.015625
31 4 101 31 6 0.015625
31 4 106 31 7 0.015625
31 4 111 31 7 0.015625
31 4 112 31 7 0.015625
31 4 114 31 8 0.015625
31 4 122 31 10 0.015625
31 4 132 31 24 0.015625
31 4 134 31 25 0.015625
31 4 135 31 25 0.015625
31 4 136 31 27 0.015625
31 4 145 31 60 0.015625
31 4 146 31 61 0.015625
31 4 151 31 64 0.015625
31 4 153 31 64 0.015625
31 4 154 31 65 0.015625
31 4 156 31 6 0.015625
31 4 158 31 6 0.015625
31 4 159 31 7 0.015625
31 4 160 31 7 0.015625
31 4 165 31 10 0.015625
31 4 166 31 10 0.015625
31 4 168 31 10 0.015625
31 4 170 31 10 0.015625
31 4 172 31 25 0.015625
31 4 173 31 26 0.015625
31 4 175 31 30 0.015625
31 4 177 31 62 0.015625
31 4 178 31 62 0.015625
31 4 180 31 63 0.015625
31 4 182 31 6 0.015625
31 4 183 31 6 0.015625
31 4 184 31 8 0.015625
31 4 185 31 9 0.015625
31 4 189 31 63 0.015625
31 20 11 31 24 0.015625
31 20 20 31 29 0.015625
31 20 24 31 30 0.015625
31 20 29 31 24 0.015625
31 20 30 31 24 0.015625
31 20 32 31 24 0.015625
31 20 33 31 24 0.015625
31 20 34 31 25 0.015625
31 20 41 31 30 0.015625
31 20 43 31 30 0.015625
31 20 45 31 53 0.015625
31 20 48 31 55 0.015625
31 20 49 31 55 0.015625
31 20 51 31 56 0.015625
31 20 62 31 61 0.015625
31 20 63 31 61 0.015625
31 20 64 31 62 0.015625
31 20 65 31 64 0.015625
31 20 68 31 64 0.015625
31 20 79 31 8 0.015625
31 20 89 31 24 0.015625
31 20 91 31 25 0.015625
31 20 92 31 25 0.015625
31 20 95 31 27 0.015625
31 20 96 31 27 0.015625
31 20 100 31 59 0.015625
31 20 107 31 62 0.015625
31 20 110 31 63 0.015625
31 20 113 31 63 0.015625
31 20 114 31 64 0.015625
31 20 115 31 64 0.015625
31 20 116 31 64 0.015625
31 20 121 31 6 0.015625
31 20 124 31 7 0.015625
31 20 126 31 7 0.015625
31 20 135 31 11 0.015625
31 20 139 31 24 0.015625
31 20 140 31 26 0.015625
31 20 141 31 26 0.015625
31 20 144 31 27 0.015625
31 20 148 31 55 0.015625
31 20 150 31 60 0.015625
31 20 153 31 62 0.015625
31 20 154 31 62 0.015625
31 20 159 31 64 0.015625
31 20 161 31 64 0.015625
31 20 164 31 6 0.015625
31 20 168 31 7 0.015625
31 20 170 31 8 0.015625
31 20 171 31 8 0.015625
31 20 172 31 8 0.015625
31 20 176 31 10 0.015625
31 20 177 31 10 0.015625
31 20 180 31 25 0.015625
31 20 183 31 30 0.015625
31 20 185 31 52 0.015625
31 20 186 31 53 0.015625
31 20 187 31 59 0.015625
31 20 190 31 63 0.015625
31 20 192 31 6 0.015625
31 20 193 31 7 0.015625
31 20 195 31 25 0.015625
31 20 197 31 26 0.015625
31 20 199 31 6 0.015625
31 23 3 31 55 0.015625
31 23 11 31 24 0.015625
31 23 12 31 26 0.015625
31 23 20 31 28 0.015625
31 23 24 31 30 0.015625
31 23 25 31 30 0.015625
31 23 29 31 56 0.015625
31 23 30 31 24 0.015625
31 23 31 31 24 0.015625
31 23 33 31 24 0.015625
31 23 35 31 25 0.015625
31 23 36 31 26 0.015625
31 23 40 31 30 0.015625
31 23 47 31 55 0.015625
31 23 49 31 55 0.015625
31 23 52 31 56 0.015625
31 23 64 31 62 0.015625
31 23 68 31 64 0.015625
31 23 74 31 7 0.015625
31 23 78 31 8 0.015625
31 23 81 31 8 0.015625
31 23 83 31 9 0.015625
31 23 87 31 10 0.015625
31 23 91 31 11 0.015625
31 23 92 31 24 0.015625
31 23 93 31 24 0.015625
31 23 94 31 25 0.015625
31 23 96 31 27 0.015625
31 23 101 31 59 0.015625
31 23 105 31 60 0.015625
31 23 109 31 62 0.015625
31 23 110 31 62 0.015625
31 23 111 31 62 0.015625
31 23 114 31 63 0.015625
31 23 115 31 63 0.015625
31 23 116 31 63 0.015625
31 23 120 31 64 0.015625
31 23 121 31 64 0.015625
31 23 125 31 6 0.015625
31 23 132 31 7 0.015625
31 23 142 31 11 0.015625
31 23 144 31 24 0.015625
31 23 146 31 26 0.015625
31 23 147 31 26 0.015625
31 23 148 31 27 0.015625
31 23 152 31 28 0.015625
31 23 158 31 60 0.015625
31 23 159 31 61 0.015625
31 23 160 31 62 0.015625
31 23 164 31 64 0.015625
31 23 165 31 64 0.015625
31 23 168 31 6 0.015625
31 23 169 31 6 0.015625
31 23 173 31 8 0.015625
31 23 174 31 8 0.015625
31 23 175 31 8 0.015625
31 23 178 31 10 0.015625
31 23 180 31 10 0.015625
31 23 183 31 27 0.015625
31 23 185 31 30 0.015625
31 23 187 31 53 0.015625
31 23 188 31 59 0.015625
31 23 191 31 6 0.015625
31 23 194 31 25 0.015625
31 35 0 31 24 0.015625
31 35 1 31 25 0.015625
31 35 2 31 26 0.015625
31 35 4 31 28 0.015625
31 35 5 31 29 0.03125
31 35 6 31 30 0.03125
31 35 7 31 52 0.015625
31 35 9 31 54 0.046875
31 35 10 31 55 0.03125
31 35 13 31 58 0.015625
31 35 14 31 59 0.015625
31 35 15 31 60 0.015625
31 35 17 31 62 0.015625
31 35 19 31 64 0.015625
31 35 20 31 65 0.015625
31 35 22 31 7 0.015625
31 35 26 31 11 0.015625
31 35 27 31 24 0.015625
31 35 28 31 25 0.03125
31 35 30 31 62 0.03125
31 35 31 31 6 0.015625
31 35 34 31 24 0.015625
31 35 35 31 24 0.015625
31 35 36 31 24 0.015625
31 35 38 31 28 0.015625
31 35 39 31 29 0.015625
31 35 40 31 30 0.015625
31 35 41 31 30 0.015625
31 35 42 31 30 0.015625
31 35 43 31 52 0.015625
31 35 46 31 56 0.015625
31 35 49 31 64 0.015625
31 35 50 31 64 0.015625
31 35 51 31 65 0.015625
31 35 52 31 7 0.015625
31 35 53 31 7 0.015625
31 35 54 31 9 0.015625
31 35 55 31 9 0.015625
31 35 56 31 10 0.015625
31 35 57 31 11 0.015625
31 35 58 31 11 0.015625
31 35 60 31 25 0.015625
31 35 61 31 27 0.03125
31 35 62 31 53 0.015625
31 35 63 31 55 0.015625
31 35 64 31 55 0.015625
31 35 65 31 55 0.015625
31 35 66 31 8 0.03125
31 35 67 31 11 0.015625
31 35 69 31 25 0.015625
31 35 70 31 55 0.015625
31 35 71 31 57 0.015625
31 35 72 31 62 0.015625
31 35 73 31 65 0.015625
31 35 74 31 7 0.015625
34 4 2 34 26 0.015625
34 4 5 34 29 0.015625
34 4 6 34 30 0.015625
34 4 7 34 52 0.015625
34 4 20 34 57 0.015625
34 4 24 34 59 0.015625
34 4 27 34 63 0.015625
34 4 28 34 64 0.015625
34 4 29 34 24 0.015625
34 4 31 34 24 0.015625
34 4 32 34 24 0.015625
34 4 33 34 26 0.015625
34 4 34 34 27 0.015625
34 4 42 34 52 0.015625
34 4 48 34 55 0.015625
34 4 50 34 56 0.015625
34 4 53 34 58 0.015625
34 4 55 34 61 0.015625
34 4 57 34 65 0.015625
34 4 61 34 6 0.015625
34 4 69 34 11 0.015625
34 4 72 34 54 0.015625
34 4 82 34 62 0.015625
34 4 84 34 62 0.015625
34 4 88 34 63 0.015625
34 4 93 34 64 0.015625
34 4 94 34 64 0.015625
34 4 95 34 65 0.015625
34 4 97 34 65 0.015625
34 4 98 34 6 0.015625
34 4 99 34 6 0.015625
34 4 103 34 7 0.015625
34 4 104 34 7 0.015625
34 4 109 34 7 0.015625
34 4 110 34 7 0.015625
34 4 114 34 8 0.015625
34 4 123 34 10 0.015625
34 4 128 34 24 0.015625
34 4 131 34 25 0.015625
34 4 132 34 25 0.015625
34 4 134 34 27 0.015625
34 4 138 34 54 0.015625
34 4 146 34 60 0.015625
34 4 148 34 61 0.015625
34 4 149 34 61 0.015625
34 4 154 34 64 0.015625
34 4 155 34 65 0.015625
34 4 157 34 6 0.015625
34 4 159 34 6 0.015625
34 4 161 34 7 0.015625
34 4 167 34 10 0.015625
34 4 169 34 10 0.015625
34 4 170 34 10 0.015625
34 4 171 34 10 0.015625
34 4 173 34 25 0.015625
34 4 175 34 26 0.015625
34 4 178 34 62 0.015625
34 4 181 34 63 0.015625
34 4 183 34 6 0.015625
34 4 184 34 6 0.015625
34 4 187 34 59 0.015625
34 4 189 34 63 0.015625
34 4 191 34 29 0.015625
34 4 192 34 59 0.015625
34 20 5 34 57 0.015625
34 20 6 34 58 0.015625
34 20 8 34 24 0.015625
34 20 21 34 30 0.015625
34 20 27 34 57 0.015625
34 20 28 34 24 0.015625
34 20 29 34 24 0.015625
34 20 31 34 24 0.015625
34 20 32 34 25 0.015625
34 20 37 34 28 0.015625
34 20 44 34 54 0.015625
34 20 45 34 54 0.015625
34 20 49 34 55 0.015625
34 20 54 34 58 0.015625
34 20 59 34 61 0.015625
34 20 60 34 61 0.015625
34 20 61 34 62 0.015625
34 20 62 34 64 0.015625
34 20 65 34 64 0.015625
34 20 66 34 65 0.015625
34 20 68 34 65 0.015625
34 20 79 34 10 0.015625
34 20 86 34 24 0.015625
34 20 89 34 25 0.015625
34 20 91 34 25 0.015625
34 20 94 34 27 0.015625
34 20 95 34 27 0.015625
34 20 96 34 59 0.015625
34 20 97 34 59 0.015625
34 20 109 34 64 0.015625
34 20 110 34 64 0.015625
34 20 111 34 64 0.015625
34 20 116 34 6 0.015625
34 20 118 34 7 0.015625
34 20 119 34 7 0.015625
34 20 122 34 7 0.015625
34 20 123 34 7 0.015625
34 20 130 34 10 0.015625
34 20 133 34 11 0.015625
34 20 137 34 26 0.015625
34 20 138 34 27 0.015625
34 20 143 34 29 0.015625
34 20 145 34 55 0.015625
34 20 146 34 58 0.015625
34 20 149 34 60 0.015625
34 20 153 34 61 0.015625
34 20 159 34 63 0.015625
34 20 165 34 6 0.015625
34 20 169 34 7 0.015625
34 20 171 34 8 0.015625
34 20 172 34 8 0.015625
34 20 173 34 8 0.015625
34 20 174 34 8 0.015625
34 20 177 34 10 0.015625
34 20 182 34 27 0.015625
34 20 184 34 53 0.015625
34 20 185 34 59 0.015625
34 20 189 34 63 0.015625
34 20 191 34 6 0.015625
34 20 193 34 10 0.015625
34 20 194 34 25 0.015625
34 20 196 34 26 0.015625
34 20 198 34 59 0.015625
34 20 199 34 6 0.015625
34 23 3 34 55 0.015625
34 23 6 34 58 0.015625
34 23 9 34 24 0.015625
34 23 13 34 26 0.015625
34 23 24 34 30 0.015625
34 23 26 34 52 0.015625
34 23 29 34 56 0.015625
34 23 30 34 57 0.015625
34 23 31 34 24 0.015625
34 23 32 34 24 0.015625
34 23 35 34 25 0.015625
34 23 47 34 54 0.015625
34 23 49 34 54 0.015625
34 23 51 34 55 0.015625
34 23 57 34 58 0.015625
34 23 63 34 62 0.015625
34 23 67 34 64 0.015625
34 23 72 34 6 0.015625
34 23 77 34 7 0.015625
34 23 78 34 7 0.015625
34 23 86 34 10 0.015625
34 23 91 34 24 0.015625
34 23 92 34 24 0.015625
34 23 93 34 25 0.015625
34 23 94 34 25 0.015625
34 23 96 34 27 0.015625
34 23 101 34 59 0.015625
34 23 103 34 59 0.015625
34 23 104 34 60 0.015625
34 23 105 34 60 0.015625
34 23 106 34 60 0.015625
34 23 109 34 62 0.015625
34 23 110 34 62 0.015625
34 23 112 34 63 0.015625
34 23 115 34 63 0.015625
34 23 119 34 64 0.015625
34 23 120 34 64 0.015625
34 23 124 34 6 0.015625
34 23 127 34 7 0.015625
34 23 129 34 7 0.015625
34 23 130 34 7 0.015625
34 23 134 34 10 0.015625
34 23 136 34 10 0.015625
34 23 141 34 24 0.015625
34 23 143 34 26 0.015625
34 23 144 34 26 0.015625
34 23 145 34 27 0.015625
34 23 158 34 60 0.015625
34 23 159 34 61 0.015625
34 23 160 34 61 0.015625
34 23 161 34 61 0.015625
34 23 162 34 62 0.015625
34 23 163 34 62 0.015625
34 23 166 34 63 0.015625
34 23 167 34 63 0.015625
34 23 171 34 6 0.015625
34 23 174 34 8 0.015625
34 23 175 34 8 0.015625
34 23 181 34 10 0.015625
34 23 186 34 27 0.015625
34 23 188 34 53 0.015625
34 23 189 34 59 0.015625
34 23 191 34 62 0.015625
34 23 193 34 6 0.015625
34 35 0 34 24 0.015625
34 35 1 34 25 0.015625
34 35 2 34 26 0.015625
34 35 3 34 27 0.015625
34 35 4 34 28 0.015625
34 35 5 34 29 0.03125
34 35 6 34 30 0.03125
34 35 7 34 52 0.015625
34 35 8 34 53 0.015625
34 35 9 34 54 0.046875
34 35 10 34 55 0.015625
34 35 13 34 58 0.03125
34 35 14 34 59 0.015625
34 35 15 34 60 0.015625
34 35 17 34 62 0.015625
34 35 19 34 64 0.015625
34 35 20 34 65 0.015625
34 35 22 34 7 0.015625
34 35 26 34 11 0.015625
34 35 27 34 24 0.015625
34 35 28 34 25 0.03125
34 35 29 34 27 0.015625
34 35 30 34 59 0.015625
34 35 32 34 62 0.015625
34 35 33 34 63 0.015625
34 35 34 34 7 0.015625
34 35 36 34 25 0.015625
34 35 38 34 28 0.015625
34 35 40 34 52 0.015625
34 35 42 34 54 0.015625
34 35 43 34 54 0.015625
34 35 44 34 54 0.015625
34 35 47 34 56 0.015625
34 35 48 34 58 0.015625
34 35 49 34 59 0.015625
34 35 50 34 59 0.015625
34 35 51 34 59 0.015625
34 35 52 34 62 0.015625
34 35 53 34 62 0.015625
34 35 54 34 63 0.015625
34 35 55 34 63 0.015625
34 35 56 34 64 0.015625
34 35 58 34 65 0.015625
34 35 59 34 7 0.015625
34 35 60 34 7 0.03125
34 35 61 34 8 0.015625
34 35 62 34 8 0.015625
34 35 64 34 8 0.015625
34 35 65 34 10 0.015625
34 35 66 34 11 0.015625
34 35 68 34 27 0.03125
34 35 69 34 55 0.015625
34 35 70 34 55 0.015625
34 35 71 34 53 0.015625
34 35 72 34 54 0.015625
34 35 73 34 65 0.015625
36 4 2 36 26 0.015625
36 4 5 36 29 0.015625
36 4 6 36 30 0.015625
36 4 7 36 52 0.015625
36 4 18 36 55 0.015625
36 4 19 36 56 0.015625
36 4 26 36 59 0.015625
36 4 28 36 63 0.015625
36 4 30 36 64 0.015625
36 4 31 36 24 0.015625
36 4 33 36 24 0.015625
36 4 34 36 26 0.015625
36 4 35 36 26 0.015625
36 4 39 36 29 0.015625
36 4 42 36 55 0.015625
36 4 43 36 55 0.015625
36 4 50 36 57 0.015625
36 4 59 36 6 0.015625
36 4 60 36 8 0.015625
36 4 65 36 11 0.015625
36 4 66 36 25 0.015625
36 4 70 36 57 0.015625
36 4 77 36 62 0.015625
36 4 79 36 62 0.015625
36 4 81 36 63 0.015625
36 4 84 36 63 0.015625
36 4 85 36 64 0.015625
36 4 86 36 64 0.015625
36 4 88 36 64 0.015625
36 4 89 36 64 0.015625
36 4 95 36 6 0.015625
36 4 96 36 6 0.015625
36 4 103 36 7 0.015625
36 4 106 36 7 0.015625
36 4 108 36 8 0.015625
36 4 117 36 10 0.015625
36 4 125 36 24 0.015625
36 4 127 36 24 0.015625
36 4 128 36 25 0.015625
36 4 129 36 25 0.015625
36 4 131 36 27 0.015625
36 4 142 36 61 0.015625
36 4 148 36 64 0.015625
36 4 149 36 65 0.015625
36 4 151 36 6 0.015625
36 4 153 36 6 0.015625
36 4 154 36 7 0.015625
36 4 155 36 7 0.015625
36 4 156 36 7 0.015625
36 4 161 36 10 0.015625
36 4 162 36 10 0.015625
36 4 163 36 10 0.015625
36 4 165 36 25 0.015625
36 4 166 36 25 0.015625
36 4 167 36 26 0.015625
36 4 173 36 62 0.015625
36 4 174 36 62 0.015625
36 4 176 36 63 0.015625
36 4 178 36 6 0.015625
36 4 179 36 6 0.015625
36 4 182 36 59 0.015625
36 4 184 36 63 0.015625
36 4 186 36 28 0.015625
36 4 187 36 29 0.015625
36 20 10 36 24 0.015625
36 20 13 36 26 0.015625
36 20 21 36 30 0.015625
36 20 27 36 57 0.015625
36 20 29 36 24 0.015625
36 20 30 36 24 0.015625
36 20 32 36 24 0.015625
36 20 33 36 25 0.015625
36 20 35 36 25 0.015625
36 20 38 36 29 0.015625
36 20 42 36 54 0.015625
36 20 46 36 55 0.015625
36 20 51 36 57 0.015625
36 20 59 36 61 0.015625
36 20 61 36 62 0.015625
36 20 62 36 63 0.015625
36 20 64 36 64 0.015625
36 20 66 36 64 0.015625
36 20 77 36 8 0.015625
36 20 80 36 10 0.015625
36 20 87 36 25 0.015625
36 20 92 36 27 0.015625
36 20 93 36 27 0.015625
36 20 96 36 59 0.015625
36 20 101 36 62 0.015625
36 20 104 36 63 0.015625
36 20 107 36 63 0.015625
36 20 108 36 64 0.015625
36 20 109 36 64 0.015625
36 20 111 36 64 0.015625
36 20 116 36 6 0.015625
36 20 119 36 7 0.015625
36 20 122 36 8 0.015625
36 20 126 36 10 0.015625
36 20 128 36 10 0.015625
36 20 129 36 10 0.015625
36 20 132 36 11 0.015625
36 20 136 36 24 0.015625
36 20 137 36 26 0.015625
36 20 138 36 26 0.015625
36 20 139 36 27 0.015625
36 20 141 36 27 0.015625
36 20 145 36 29 0.015625
36 20 147 36 55 0.015625
36 20 148 36 57 0.015625
36 20 155 36 62 0.015625
36 20 156 36 62 0.015625
36 20 161 36 64 0.015625
36 20 164 36 6 0.015625
36 20 167 36 7 0.015625
36 20 170 36 8 0.015625
36 20 171 36 8 0.015625
36 20 172 36 8 0.015625
36 20 176 36 10 0.015625
36 20 177 36 11 0.015625
36 20 179 36 25 0.015625
36 20 184 36 52 0.015625
36 20 186 36 59 0.015625
36 20 189 36 63 0.015625
36 20 191 36 6 0.015625
36 20 192 36 7 0.015625
36 20 194 36 25 0.015625
36 20 196 36 26 0.015625
36 20 199 36 6 0.015625
36 23 3 36 55 0.015625
36 23 9 36 24 0.015625
36 23 10 36 26 0.015625
36 23 21 36 30 0.015625
36 23 23 36 55 0.015625
36 23 26 36 56 0.015625
36 23 27 36 57 0.015625
36 23 29 36 24 0.015625
36 23 30 36 24 0.015625
36 23 34 36 25 0.015625
36 23 36 36 26 0.015625
36 23 39 36 30 0.015625
36 23 44 36 55 0.015625
36 23 46 36 55 0.015625
36 23 47 36 55 0.015625
36 23 51 36 57 0.015625
36 23 52 36 57 0.015625
36 23 61 36 62 0.015625
36 23 63 36 63 0.015625
36 23 66 36 64 0.015625
36 23 71 36 6 0.015625
36 23 74 36 7 0.015625
36 23 76 36 8 0.015625
36 23 78 36 8 0.015625
36 23 80 36 9 0.015625
36 23 82 36 10 0.015625
36 23 86 36 25 0.015625
36 23 89 36 27 0.015625
36 23 96 36 60 0.015625
36 23 98 36 60 0.015625
36 23 101 36 62 0.015625
36 23 102 36 62 0.015625
36 23 103 36 62 0.015625
36 23 105 36 63 0.015625
36 23 107 36 63 0.015625
36 23 108 36 63 0.015625
36 23 112 36 64 0.015625
36 23 113 36 64 0.015625
36 23 114 36 64 0.015625
36 23 118 36 6 0.015625
36 23 122 36 7 0.015625
36 23 124 36 7 0.015625
36 23 129 36 10 0.015625
36 23 132 36 10 0.015625
36 23 140 36 24 0.015625
36 23 142 36 26 0.015625
36 23 143 36 26 0.015625
36 23 144 36 27 0.015625
36 23 149 36 28 0.015625
36 23 161 36 62 0.015625
36 23 162 36 62 0.015625
36 23 165 36 64 0.015625
36 23 167 36 6 0.015625
36 23 168 36 6 0.015625
36 23 172 36 7 0.015625
36 23 173 36 8 0.015625
36 23 174 36 8 0.015625
36 23 175 36 8 0.015625
36 23 179 36 10 0.015625
36 23 180 36 11 0.015625
36 23 184 36 25 0.015625
36 23 189 36 59 0.015625
36 23 192 36 6 0.015625
36 23 195 36 25 0.015625
36 35 1 36 25 0.015625
36 35 2 36 26 0.015625
36 35 3 36 27 0.015625
36 35 4 36 28 0.015625
36 35 5 36 29 0.03125
36 35 6 36 30 0.03125
36 35 7 36 52 0.015625
36 35 9 36 54 0.109375
36 35 10 36 55 0.015625
36 35 13 36 58 0.015625
36 35 14 36 59 0.015625
36 35 15 36 60 0.015625
36 35 17 36 62 0.015625
36 35 18 36 63 0.015625
36 35 19 36 64 0.015625
36 35 20 36 65 0.015625
36 35 22 36 7 0.015625
36 35 23 36 8 0.015625
36 35 24 36 9 0.015625
36 35 25 36 10 0.015625
36 35 26 36 11 0.015625
36 35 27 36 24 0.015625
36 35 28 36 25 0.03125
36 35 29 36 62 0.015625
36 35 30 36 63 0.015625
36 35 31 36 6 0.015625
36 35 32 36 24 0.015625
36 35 33 36 25 0.015625
36 35 35 36 28 0.015625
36 35 36 36 29 0.015625
36 35 37 36 52 0.015625
36 35 38 36 54 0.015625
36 35 39 36 55 0.015625
36 35 41 36 56 0.03125
36 35 42 36 57 0.03125
36 35 45 36 58 0.015625
36 35 48 36 63 0.015625
36 35 49 36 64 0.03125
36 35 50 36 65 0.015625
36 35 51 36 7 0.015625
36 35 52 36 7 0.015625
36 35 53 36 7 0.015625
36 35 54 36 8 0.015625
36 35 55 36 10 0.015625
36 35 56 36 10 0.015625
36 35 58 36 25 0.015625
36 35 59 36 27 0.015625
36 35 62 36 55 0.015625
36 35 63 36 28 0.015625
36 35 64 36 55 0.015625
36 35 65 36 55 0.015625
36 35 66 36 55 0.015625
44 4 27 44 74 0.015625
44 4 29 44 75 0.015625
44 4 30 44 75 0.015625
44 4 33 44 76 0.015625
44 4 34 44 76 0.015625
44 4 39 44 77 0.015625
44 4 43 44 12 0.015625
44 4 45 44 13 0.015625
44 4 52 44 15 0.015625
44 4 54 44 17 0.015625
44 4 55 44 17 0.015625
44 4 56 44 66 0.015625
44 4 68 44 71 0.015625
44 4 69 44 71 0.015625
44 4 74 44 72 0.015625
44 4 76 44 45 0.015625
44 4 88 44 12 0.015625
44 4 89 44 13 0.015625
44 4 91 44 13 0.015625
44 4 93 44 14 0.015625
44 4 94 44 14 0.015625
44 4 96 44 15 0.015625
44 4 97 44 15 0.015625
44 4 98 44 15 0.015625
44 4 100 44 16 0.015625
44 4 103 44 17 0.015625
44 4 105 44 66 0.015625
44 4 109 44 68 0.015625
44 4 114 44 68 0.015625
44 4 118 44 70 0.015625
44 4 120 44 71 0.015625
44 4 121 44 72 0.015625
44 4 122 44 72 0.015625
44 4 123 44 72 0.015625
44 4 124 44 72 0.015625
44 4 125 44 46 0.015625
44 4 132 44 76 0.015625
44 4 133 44 76 0.015625
44 4 134 44 77 0.015625
44 4 135 44 77 0.015625
44 4 136 44 78 0.015625
44 4 142 44 13 0.015625
44 4 144 44 14 0.015625
44 4 145 44 15 0.015625
44 4 148 44 17 0.015625
44 4 151 44 66 0.015625
44 4 152 44 66 0.015625
44 4 153 44 66 0.015625
44 4 155 44 67 0.015625
44 4 157 44 68 0.015625
44 4 164 44 71 0.015625
44 4 168 44 45 0.015625
44 4 169 44 46 0.015625
44 4 175 44 50 0.015625
44 4 177 44 75 0.015625
44 4 180 44 77 0.015625
44 4 183 44 67 0.015625
44 4 184 44 68 0.015625
44 4 188 44 71 0.015625
44 4 190 44 46 0.015625
44 4 192 44 48 0.015625
44 4 194 44 50 0.015625
44 4 198 44 51 0.015625
44 4 199 44 51 0.015625
44 20 34 44 76 0.015625
44 20 35 44 76 0.015625
44 20 46 44 14 0.015625
44 20 49 44 17 0.015625
44 20 51 44 66 0.015625
44 20 58 44 71 0.015625
44 20 59 44 72 0.015625
44 20 65 44 45 0.015625
44 20 67 44 46 0.015625
44 20 72 44 49 0.015625
44 20 74 44 51 0.015625
44 20 76 44 51 0.015625
44 20 82 44 76 0.015625
44 20 84 44 77 0.015625
44 20 85 44 77 0.015625
44 20 86 44 78 0.015625
44 20 91 44 13 0.015625
44 20 92 44 13 0.015625
44 20 94 44 13 0.015625
44 20 96 44 14 0.015625
44 20 97 44 14 0.015625
44 20 98 44 15 0.015625
44 20 99 44 15 0.015625
44 20 105 44 17 0.015625
44 20 106 44 17 0.015625
44 20 107 44 17 0.015625
44 20 108 44 66 0.015625
44 20 109 44 66 0.015625
44 20 114 44 67 0.015625
44 20 115 44 68 0.015625
44 20 116 44 68 0.015625
44 20 118 44 68 0.015625
44 20 123 44 71 0.015625
44 20 124 44 71 0.015625
44 20 125 44 71 0.015625
44 20 127 44 71 0.015625
44 20 128 44 72 0.015625
44 20 131 44 72 0.015625
44 20 133 44 72 0.015625
44 20 135 44 76 0.015625
44 20 136 44 79 0.015625
44 20 139 44 12 0.015625
44 20 141 44 13 0.015625
44 20 142 44 13 0.015625
44 20 143 44 13 0.015625
44 20 145 44 14 0.015625
44 20 148 44 15 0.015625
44 20 149 44 15 0.015625
44 20 154 44 66 0.015625
44 20 155 44 66 0.015625
44 20 158 44 67 0.015625
44 20 160 44 68 0.015625
44 20 161 44 68 0.015625
44 20 165 44 69 0.015625
44 20 167 44 71 0.015625
44 20 168 44 72 0.015625
44 20 175 44 50 0.015625
44 20 179 44 17 0.015625
44 20 186 44 71 0.015625
44 20 189 44 50 0.015625
44 20 190 44 51 0.015625
44 20 191 44 75 0.015625
44 20 193 44 72 0.015625
44 20 194 44 46 0.015625
44 23 21 44 77 0.015625
44 23 24 44 79 0.015625
44 23 28 44 67 0.015625
44 23 34 44 74 0.015625
44 23 36 44 74 0.015625
44 23 41 44 79 0.015625
44 23 46 44 14 0.015625
44 23 47 44 14 0.015625
44 23 48 44 14 0.015625
44 23 51 44 15 0.015625
44 23 52 44 15 0.015625
44 23 55 44 17 0.015625
44 23 58 44 66 0.015625
44 23 64 44 71 0.015625
44 23 66 44 72 0.015625
44 23 71 44 45 0.015625
44 23 72 44 45 0.015625
44 23 74 44 46 0.015625
44 23 75 44 46 0.015625
44 23 77 44 47 0.015625
44 23 80 44 49 0.015625
44 23 81 44 51 0.015625
44 23 82 44 51 0.015625
44 23 83 44 51 0.015625
44 23 88 44 76 0.015625
44 23 89 44 78 0.015625
44 23 93 44 13 0.015625
44 23 94 44 13 0.015625
44 23 95 44 13 0.015625
44 23 97 44 14 0.015625
44 23 99 44 15 0.015625
44 23 100 44 15 0.015625
44 23 103 44 16 0.015625
44 23 105 44 17 0.015625
44 23 110 44 66 0.015625
44 23 113 44 67 0.015625
44 23 114 44 67 0.015625
44 23 115 44 68 0.015625
44 23 116 44 68 0.015625
44 23 117 44 68 0.015625
44 23 122 44 70 0.015625
44 23 127 44 71 0.015625
44 23 128 44 71 0.015625
44 23 129 44 72 0.015625
44 23 130 44 72 0.015625
44 23 132 44 72 0.015625
44 23 133 44 72 0.015625
44 23 142 44 13 0.015625
44 23 145 44 15 0.015625
44 23 146 44 15 0.015625
44 23 152 44 66 0.015625
44 23 153 44 66 0.015625
44 23 154 44 67 0.015625
44 23 156 44 68 0.015625
44 23 157 44 68 0.015625
44 23 160 44 68 0.015625
44 23 165 44 71 0.015625
44 23 168 44 45 0.015625
44 23 183 44 17 0.015625
44 23 184 44 66 0.015625
44 23 185 44 69 0.015625
44 23 190 44 51 0.015625
44 23 191 44 75 0.015625
44 23 193 44 46 0.015625
44 35 3 44 13 0.015625
44 35 6 44 13 0.015625
44 35 16 44 17 0.015625
44 35 21 44 68 0.015625
44 35 37 44 75 0.015625
44 35 38 44 75 0.015625
44 35 41 44 75 0.015625
44 35 43 44 76 0.015625
44 35 44 44 76 0.015625
44 35 51 44 78 0.015625
44 35 54 44 78 0.015625
44 35 57 44 79 0.015625
44 35 58 44 79 0.015625
44 35 59 44 79 0.015625
44 35 60 44 13 0.015625
44 35 61 44 15 0.015625
44 35 62 44 15 0.015625
44 35 64 44 66 0.015625
44 35 72 44 71 0.015625
44 35 74 44 45 0.015625
44 35 79 44 47 0.015625
44 35 83 44 49 0.015625
44 35 88 44 74 0.015625
44 35 92 44 75 0.015625
44 35 96 44 77 0.015625
44 35 102 44 12 0.015625
44 35 105 44 14 0.015625
44 35 106 44 15 0.015625
44 35 107 44 15 0.015625
44 35 110 44 17 0.015625
44 35 113 44 66 0.015625
44 35 116 44 68 0.015625
44 35 117 44 68 0.015625
44 35 118 44 68 0.015625
44 35 122 44 71 0.015625
44 35 125 44 72 0.015625
44 35 126 44 72 0.015625
44 35 128 44 72 0.015625
44 35 136 44 46 0.015625
44 35 147 44 73 0.015625
44 35 151 44 76 0.015625
44 35 153 44 78 0.015625
44 35 155 44 79 0.015625
44 35 159 44 15 0.015625
44 35 161 44 16 0.015625
44 35 162 44 17 0.015625
44 35 165 44 66 0.015625
44 35 166 44 67 0.015625
44 35 167 44 67 0.015625
44 35 169 44 69 0.015625
44 35 170 44 70 0.015625
44 35 171 44 70 0.015625
44 35 173 44 71 0.015625
44 35 174 44 71 0.015625
44 35 178 44 45 0.015625
44 35 179 44 46 0.015625
44 35 181 44 47 0.015625
44 35 187 44 51 0.015625
44 35 189 44 77 0.015625
44 35 190 44 77 0.015625
44 35 191 44 12 0.015625
44 35 192 44 14 0.015625
44 35 195 44 14 0.015625
44 35 198 44 72 0.015625
46 4 13 46 18 0.015625
46 4 20 46 22 0.015625
46 4 39 46 75 0.015625
46 4 40 46 75 0.015625
46 4 45 46 76 0.015625
46 4 46 46 76 0.015625
46 4 47 46 76 0.015625
46 4 53 46 18 0.015625
46 4 54 46 21 0.015625
46 4 55 46 21 0.015625
46 4 67 46 38 0.015625
46 4 68 46 38 0.015625
46 4 83 46 67 0.015625
46 4 84 46 67 0.015625
46 4 89 46 69 0.015625
46 4 91 46 70 0.015625
46 4 93 46 70 0.015625
46 4 95 46 71 0.015625
46 4 103 46 38 0.015625
46 4 104 46 38 0.015625
46 4 106 46 39 0.015625
46 4 107 46 39 0.015625
46 4 108 46 39 0.015625
46 4 110 46 39 0.015625
46 4 111 46 40 0.015625
46 4 117 46 41 0.015625
46 4 118 46 42 0.015625
46 4 119 46 42 0.015625
46 4 121 46 42 0.015625
46 4 122 46 42 0.015625
46 4 126 46 44 0.015625
46 4 127 46 44 0.015625
46 4 129 46 44 0.015625
46 4 130 46 76 0.015625
46 4 131 46 76 0.015625
46 4 132 46 77 0.015625
46 4 133 46 77 0.015625
46 4 134 46 79 0.015625
46 4 143 46 68 0.015625
46 4 147 46 69 0.015625
46 4 150 46 69 0.015625
46 4 151 46 69 0.015625
46 4 152 46 70 0.015625
46 4 153 46 70 0.015625
46 4 154 46 70 0.015625
46 4 160 46 39 0.015625
46 4 162 46 40 0.015625
46 4 163 46 40 0.015625
46 4 165 46 41 0.015625
46 4 167 46 42 0.015625
46 4 168 46 42 0.015625
46 4 170 46 43 0.015625
46 4 173 46 44 0.015625
46 4 175 46 75 0.015625
46 4 177 46 77 0.015625
46 4 178 46 79 0.015625
46 4 183 46 22 0.015625
46 4 184 46 67 0.015625
46 4 185 46 67 0.015625
46 4 186 46 69 0.015625
46 4 189 46 39 0.015625
46 4 191 46 41 0.015625
46 4 193 46 42 0.015625
46 4 194 46 42 0.015625
46 20 19 46 18 0.015625
46 20 33 46 22 0.015625
46 20 49 46 39 0.015625
46 20 65 46 44 0.015625
46 20 66 46 76 0.015625
46 20 67 46 76 0.015625
46 20 69 46 78 0.015625
46 20 72 46 66 0.015625
46 20 73 46 70 0.015625
46 20 74 46 70 0.015625
46 20 80 46 42 0.015625
46 20 90 46 18 0.015625
46 20 96 46 66 0.015625
46 20 100 46 68 0.015625
46 20 101 46 68 0.015625
46 20 104 46 69 0.015625
46 20 108 46 70 0.015625
46 20 109 46 71 0.015625
46 20 115 46 38 0.015625
46 20 118 46 39 0.015625
46 20 121 46 39 0.015625
46 20 122 46 40 0.015625
46 20 123 46 40 0.015625
46 20 124 46 40 0.015625
46 20 126 46 41 0.015625
46 20 127 46 41 0.015625
46 20 130 46 42 0.015625
46 20 133 46 44 0.015625
46 20 134 46 44 0.015625
46 20 135 46 44 0.015625
46 20 136 46 76 0.015625
46 20 137 46 66 0.015625
46 20 138 46 66 0.015625
46 20 139 46 67 0.015625
46 20 141 46 67 0.015625
46 20 142 46 67 0.015625
46 20 143 46 68 0.015625
46 20 146 46 69 0.015625
46 20 148 46 69 0.015625
46 20 149 46 69 0.015625
46 20 151 46 70 0.015625
46 20 153 46 71 0.015625
46 20 154 46 72 0.015625
46 20 156 46 38 0.015625
46 20 157 46 39 0.015625
46 20 158 46 39 0.015625
46 20 159 46 40 0.015625
46 20 160 46 40 0.015625
46 20 163 46 42 0.015625
46 20 174 46 21 0.015625
46 20 179 46 70 0.015625
46 20 180 46 70 0.015625
46 20 183 46 40 0.015625
46 20 185 46 42 0.015625
46 20 186 46 42 0.015625
46 20 187 46 42 0.015625
46 20 188 46 43 0.015625
46 20 189 46 43 0.015625
46 20 190 46 44 0.015625
46 20 191 46 44 0.015625
46 20 192 46 44 0.015625
46 20 193 46 18 0.015625
46 20 194 46 22 0.015625
46 20 198 46 73 0.015625
46 23 12 46 75 0.015625
46 23 13 46 76 0.015625
46 23 14 46 76 0.015625
46 23 15 46 76 0.015625
46 23 18 46 78 0.015625
46 23 22 46 18 0.015625
46 23 45 46 38 0.015625
46 23 51 46 41 0.015625
46 23 53 46 41 0.015625
46 23 60 46 44 0.015625
46 23 63 46 44 0.015625
46 23 64 46 76 0.015625
46 23 65 46 76 0.015625
46 23 68 46 18 0.015625
46 23 70 46 70 0.015625
46 23 71 46 70 0.015625
46 23 76 46 42 0.015625
46 23 77 46 42 0.015625
46 23 79 46 42 0.015625
46 23 80 46 44 0.015625
46 23 86 46 18 0.015625
46 23 92 46 21 0.015625
46 23 105 46 68 0.015625
46 23 106 46 69 0.015625
46 23 108 46 69 0.015625
46 23 111 46 70 0.015625
46 23 112 46 70 0.015625
46 23 120 46 38 0.015625
46 23 123 46 39 0.015625
46 23 125 46 39 0.015625
46 23 126 46 40 0.015625
46 23 131 46 41 0.015625
46 23 132 46 41 0.015625
46 23 133 46 42 0.015625
46 23 137 46 42 0.015625
46 23 139 46 44 0.015625
46 23 140 46 44 0.015625
46 23 141 46 44 0.015625
46 23 142 46 76 0.015625
46 23 144 46 67 0.015625
46 23 146 46 67 0.015625
46 23 147 46 67 0.015625
46 23 148 46 68 0.015625
46 23 150 46 69 0.015625
46 23 151 46 69 0.015625
46 23 153 46 69 0.015625
46 23 156 46 71 0.015625
46 23 163 46 40 0.015625
46 23 164 46 42 0.015625
46 23 165 46 42 0.015625
46 23 174 46 21 0.015625
46 23 176 46 69 0.015625
46 23 177 46 70 0.015625
46 23 179 46 38 0.015625
46 23 180 46 39 0.015625
46 23 181 46 40 0.015625
46 23 182 46 40 0.015625
46 23 186 46 42 0.015625
46 23 187 46 43 0.015625
46 23 188 46 43 0.015625
46 23 189 46 44 0.015625
46 23 192 46 18 0.015625
46 23 194 46 22 0.015625
46 23 199 46 73 0.015625
46 35 0 46 18 0.015625
46 35 7 46 21 0.015625
46 35 20 46 69 0.015625
46 35 30 46 75 0.015625
46 35 31 46 75 0.015625
46 35 35 46 76 0.015625
46 35 36 46 76 0.015625
46 35 37 46 76 0.015625
46 35 42 46 78 0.015625
46 35 45 46 78 0.015625
46 35 49 46 21 0.015625
46 35 61 46 69 0.015625
46 35 62 46 69 0.015625
46 35 65 46 71 0.015625
46 35 70 46 38 0.015625
46 35 79 46 43 0.015625
46 35 81 46 43 0.015625
46 35 84 46 44 0.015625
46 35 85 46 44 0.015625
46 35 88 46 74 0.015625
46 35 92 46 76 0.015625
46 35 98 46 78 0.015625
46 35 105 46 18 0.015625
46 35 109 46 21 0.015625
46 35 115 46 67 0.015625
46 35 118 46 69 0.015625
46 35 119 46 70 0.015625
46 35 128 46 38 0.015625
46 35 132 46 39 0.015625
46 35 133 46 39 0.015625
46 35 135 46 39 0.015625
46 35 136 46 40 0.015625
46 35 138 46 41 0.015625
46 35 139 46 41 0.015625
46 35 141 46 41 0.015625
46 35 142 46 42 0.015625
46 35 145 46 42 0.015625
46 35 146 46 42 0.015625
46 35 149 46 44 0.015625
46 35 150 46 44 0.015625
46 35 151 46 44 0.015625
46 35 153 46 73 0.015625
46 35 156 46 75 0.015625
46 35 157 46 76 0.015625
46 35 158 46 76 0.015625
46 35 159 46 77 0.015625
46 35 162 46 18 0.015625
46 35 168 46 67 0.015625
46 35 171 46 69 0.015625
46 35 172 46 70 0.015625
46 35 175 46 38 0.015625
46 35 176 46 39 0.015625
46 35 179 46 40 0.015625
46 35 181 46 42 0.015625
46 35 182 46 42 0.015625
46 35 183 46 43 0.015625
46 35 184 46 44 0.015625
46 35 186 46 73 0.015625
46 35 187 46 77 0.015625
46 35 189 46 21 0.015625
46 35 191 46 67 0.015625
46 35 195 46 40 0.015625
46 35 197 46 44 0.015625
46 35 199 46 42 0.015625
52 4 0 52 4 0.015625
52 4 3 52 26 0.015625
52 4 5 52 28 0.015625
52 4 6 52 29 0.015625
52 4 7 52 30 0.015625
52 4 18 52 29 0.015625
52 4 19 52 30 0.015625
52 4 20 52 1 0.015625
52 4 23 52 1 0.015625
52 4 24 52 1 0.015625
52 4 32 52 3 0.015625
52 4 40 52 33 0.015625
52 4 41 52 34 0.015625
52 4 62 52 29 0.015625
52 4 63 52 30 0.015625
52 4 65 52 32 0.015625
52 4 69 52 32 0.015625
52 4 70 52 34 0.015625
52 4 82 52 0 0.015625
52 4 84 52 0 0.015625
52 4 85 52 25 0.015625
52 4 87 52 1 0.015625
52 4 89 52 3 0.015625
52 4 92 52 5 0.015625
52 4 93 52 5 0.015625
52 4 94 52 5 0.015625
52 4 99 52 32 0.015625
52 4 100 52 32 0.015625
52 4 101 52 32 0.015625
52 4 108 52 36 0.015625
52 4 118 52 0 0.015625
52 4 119 52 24 0.015625
52 4 120 52 24 0.015625
52 4 121 52 24 0.015625
52 4 126 52 30 0.015625
52 4 127 52 3 0.015625
52 4 128 52 5 0.015625
52 4 130 52 31 0.015625
52 4 131 52 31 0.015625
52 4 132 52 31 0.015625
52 4 134 52 32 0.015625
52 4 137 52 32 0.015625
52 4 140 52 33 0.015625
52 4 141 52 33 0.015625
52 4 144 52 34 0.015625
52 4 148 52 34 0.015625
52 4 150 52 36 0.015625
52 4 152 52 36 0.015625
52 4 154 52 0 0.015625
52 4 156 52 24 0.015625
52 4 157 52 24 0.015625
52 4 158 52 30 0.015625
52 4 160 52 3 0.015625
52 4 161 52 5 0.015625
52 4 162 52 5 0.015625
52 4 165 52 36 0.015625
52 4 166 52 36 0.015625
52 4 167 52 37 0.015625
52 4 171 52 25 0.015625
52 4 172 52 29 0.015625
52 4 173 52 29 0.015625
52 4 175 52 2 0.015625
52 4 178 52 30 0.015625
52 4 179 52 5 0.015625
52 20 20 52 29 0.015625
52 20 22 52 30 0.015625
52 20 35 52 33 0.015625
52 20 42 52 36 0.015625
52 20 48 52 18 0.015625
52 20 58 52 22 0.015625
52 20 61 52 22 0.015625
52 20 67 52 0 0.015625
52 20 68 52 24 0.015625
52 20 69 52 24 0.015625
52 20 70 52 25 0.015625
52 20 72 52 25 0.015625
52 20 73 52 30 0.015625
52 20 75 52 3 0.015625
52 20 77 52 5 0.015625
52 20 80 52 36 0.015625
52 20 85 52 25 0.015625
52 20 88 52 26 0.015625
52 20 90 52 27 0.015625
52 20 92 52 30 0.015625
52 20 94 52 3 0.015625
52 20 95 52 3 0.015625
52 20 97 52 5 0.015625
52 20 98 52 5 0.015625
52 20 99 52 5 0.015625
52 20 101 52 31 0.015625
52 20 102 52 31 0.015625
52 20 104 52 32 0.015625
52 20 107 52 32 0.015625
52 20 112 52 34 0.015625
52 20 114 52 34 0.015625
52 20 116 52 34 0.015625
52 20 125 52 19 0.015625
52 20 127 52 21 0.015625
52 20 133 52 24 0.015625
52 20 139 52 29 0.015625
52 20 140 52 30 0.015625
52 20 141 52 30 0.015625
52 20 143 52 5 0.015625
52 20 146 52 31 0.015625
52 20 147 52 31 0.015625
52 20 149 52 32 0.015625
52 20 152 52 32 0.015625
52 20 156 52 33 0.015625
52 20 161 52 36 0.015625
52 20 162 52 36 0.015625
52 20 163 52 36 0.015625
52 20 164 52 36 0.015625
52 20 166 52 36 0.015625
52 20 167 52 37 0.015625
52 20 170 52 22 0.015625
52 20 171 52 0 0.015625
52 20 172 52 24 0.015625
52 20 173 52 24 0.015625
52 20 175 52 25 0.015625
52 20 176 52 26 0.015625
52 20 178 52 30 0.015625
52 20 179 52 30 0.015625
52 20 182 52 5 0.015625
52 20 183 52 32 0.015625
52 20 185 52 34 0.015625
52 20 189 52 21 0.015625
52 20 193 52 29 0.015625
52 20 195 52 3 0.015625
52 23 1 52 0 0.015625
52 23 5 52 4 0.015625
52 23 7 52 0 0.015625
52 23 12 52 25 0.015625
52 23 20 52 28 0.015625
52 23 22 52 29 0.015625
52 23 27 52 2 0.015625
52 23 29 52 3 0.015625
52 23 35 52 33 0.015625
52 23 47 52 18 0.015625
52 23 50 52 18 0.015625
52 23 65 52 22 0.015625
52 23 74 52 24 0.015625
52 23 77 52 25 0.015625
52 23 81 52 3 0.015625
52 23 84 52 5 0.015625
52 23 87 52 36 0.015625
52 23 90 52 24 0.015625
52 23 92 52 26 0.015625
52 23 93 52 27 0.015625
52 23 96 52 1 0.015625
52 23 97 52 3 0.015625
52 23 98 52 3 0.015625
52 23 100 52 5 0.015625
52 23 101 52 5 0.015625
52 23 102 52 31 0.015625
52 23 104 52 31 0.015625
52 23 105 52 32 0.015625
52 23 112 52 33 0.015625
52 23 115 52 34 0.015625
52 23 116 52 34 0.015625
52 23 130 52 24 0.015625
52 23 131 52 24 0.015625
52 23 132 52 24 0.015625
52 23 136 52 29 0.015625
52 23 137 52 30 0.015625
52 23 138 52 30 0.015625
52 23 143 52 31 0.015625
52 23 144 52 31 0.015625
52 23 145 52 32 0.015625
52 23 148 52 32 0.015625
52 23 149 52 32 0.015625
52 23 151 52 33 0.015625
52 23 152 52 33 0.015625
52 23 153 52 34 0.015625
52 23 155 52 34 0.015625
52 23 157 52 36 0.015625
52 23 159 52 36 0.015625
52 23 160 52 36 0.015625
52 23 162 52 36 0.015625
52 23 165 52 37 0.015625
52 23 166 52 22 0.015625
52 23 167 52 0 0.015625
52 23 171 52 25 0.015625
52 23 173 52 30 0.015625
52 23 176 52 30 0.015625
52 23 177 52 2 0.015625
52 23 178 52 5 0.015625
52 23 179 52 5 0.015625
52 23 180 52 32 0.015625
52 23 184 52 34 0.015625
52 23 185 52 36 0.015625
52 23 192 52 29 0.015625
52 23 193 52 29 0.015625
52 35 6 52 29 0.015625
52 35 9 52 0 0.015625
52 35 12 52 24 0.015625
52 35 15 52 25 0.015625
52 35 17 52 29 0.015625
52 35 20 52 1 0.015625
52 35 21 52 1 0.015625
52 35 23 52 3 0.015625
52 35 35 52 31 0.015625
52 35 36 52 32 0.015625
52 35 40 52 32 0.015625
52 35 42 52 33 0.015625
52 35 47 52 34 0.015625
52 35 55 52 36 0.015625
52 35 63 52 21 0.015625
52 35 70 52 30 0.015625
52 35 74 52 2 0.015625
52 35 76 52 3 0.015625
52 35 81 52 32 0.015625
52 35 84 52 32 0.015625
52 35 88 52 0 0.015625
52 35 91 52 24 0.015625
52 35 95 52 3 0.015625
52 35 100 52 5 0.015625
52 35 102 52 32 0.015625
52 35 106 52 36 0.015625
52 35 107 52 36 0.015625
52 35 121 52 21 0.015625
52 35 122 52 22 0.015625
52 35 123 52 22 0.015625
52 35 129 52 0 0.015625
52 35 130 52 0 0.015625
52 35 131 52 30 0.015625
52 35 132 52 30 0.015625
52 35 133 52 1 0.015625
52 35 135 52 2 0.015625
52 35 138 52 5 0.015625
52 35 139 52 5 0.015625
52 35 140 52 5 0.015625
52 35 142 52 34 0.015625
52 35 146 52 18 0.015625
52 35 155 52 22 0.015625
52 35 159 52 24 0.015625
52 35 163 52 30 0.015625
52 35 164 52 1 0.015625
52 35 165 52 3 0.015625
52 35 166 52 3 0.015625
52 35 169 52 5 0.015625
52 35 170 52 5 0.015625
52 35 171 52 5 0.015625
52 35 172 52 31 0.015625
52 35 174 52 32 0.015625
52 35 176 52 32 0.015625
52 35 178 52 34 0.015625
52 35 179 52 36 0.015625
52 35 180 52 36 0.015625
52 35 181 52 36 0.015625
52 35 183 52 18 0.015625
52 35 189 52 21 0.015625
52 35 190 52 21 0.015625
52 35 193 52 30 0.015625
52 35 194 52 5 0.015625
52 35 195 52 31 0.015625
52 35 198 52 36 0.015625
54 4 3 54 26 0.015625
54 4 5 54 28 0.015625
54 4 6 54 29 0.015625
54 4 7 54 30 0.015625
54 4 12 54 22 0.015625
54 4 14 54 0 0.015625
54 4 21 54 27 0.015625
54 4 22 54 29 0.015625
54 4 24 54 30 0.015625
54 4 26 54 1 0.015625
54 4 30 54 1 0.015625
54 4 38 54 3 0.015625
54 4 45 54 33 0.015625
54 4 46 54 34 0.015625
54 4 64 54 22 0.015625
54 4 70 54 30 0.015625
54 4 71 54 31 0.015625
54 4 77 54 32 0.015625
54 4 78 54 34 0.015625
54 4 90 54 0 0.015625
54 4 92 54 0 0.015625
54 4 93 54 25 0.015625
54 4 94 54 1 0.015625
54 4 97 54 3 0.015625
54 4 100 54 5 0.015625
54 4 102 54 32 0.015625
54 4 103 54 32 0.015625
54 4 111 54 36 0.015625
54 4 114 54 19 0.015625
54 4 121 54 0 0.015625
54 4 122 54 24 0.015625
54 4 125 54 27 0.015625
54 4 126 54 27 0.015625
54 4 129 54 29 0.015625
54 4 131 54 3 0.015625
54 4 132 54 3 0.015625
54 4 133 54 5 0.015625
54 4 134 54 5 0.015625
54 4 135 54 31 0.015625
54 4 136 54 31 0.015625
54 4 137 54 31 0.015625
54 4 138 54 31 0.015625
54 4 141 54 32 0.015625
54 4 142 54 33 0.015625
54 4 144 54 33 0.015625
54 4 145 54 33 0.015625
54 4 147 54 34 0.015625
54 4 149 54 34 0.015625
54 4 151 54 36 0.015625
54 4 155 54 0 0.015625
54 4 158 54 2 0.015625
54 4 160 54 5 0.015625
54 4 163 54 36 0.015625
54 4 164 54 37 0.015625
54 4 166 54 22 0.015625
54 4 169 54 25 0.015625
54 4 170 54 29 0.015625
54 4 171 54 29 0.015625
54 4 172 54 2 0.015625
54 4 174 54 5 0.015625
54 4 175 54 5 0.015625
54 4 177 54 18 0.015625
54 4 178 54 30 0.015625
54 4 179 54 5 0.015625
54 20 4 54 3 0.015625
54 20 8 54 0 0.015625
54 20 11 54 24 0.015625
54 20 29 54 1 0.015625
54 20 32 54 3 0.015625
54 20 33 54 3 0.015625
54 20 39 54 33 0.015625
54 20 41 54 34 0.015625
54 20 54 54 18 0.015625
54 20 59 54 18 0.015625
54 20 61 54 19 0.015625
54 20 63 54 19 0.015625
54 20 64 54 19 0.015625
54 20 66 54 21 0.015625
54 20 69 54 22 0.015625
54 20 72 54 22 0.015625
54 20 78 54 0 0.015625
54 20 79 54 24 0.015625
54 20 80 54 25 0.015625
54 20 82 54 25 0.015625
54 20 83 54 30 0.015625
54 20 85 54 3 0.015625
54 20 88 54 5 0.015625
54 20 89 54 32 0.015625
54 20 96 54 24 0.015625
54 20 100 54 26 0.015625
54 20 101 54 27 0.015625
54 20 102 54 3 0.015625
54 20 105 54 5 0.015625
54 20 106 54 5 0.015625
54 20 107 54 31 0.015625
54 20 108 54 31 0.015625
54 20 110 54 32 0.015625
54 20 114 54 32 0.015625
54 20 116 54 34 0.015625
54 20 117 54 34 0.015625
54 20 119 54 34 0.015625
54 20 124 54 18 0.015625
54 20 125 54 19 0.015625
54 20 138 54 27 0.015625
54 20 140 54 29 0.015625
54 20 142 54 29 0.015625
54 20 143 54 30 0.015625
54 20 144 54 30 0.015625
54 20 150 54 31 0.015625
54 20 154 54 33 0.015625
54 20 160 54 36 0.015625
54 20 161 54 36 0.015625
54 20 163 54 36 0.015625
54 20 165 54 36 0.015625
54 20 166 54 37 0.015625
54 20 167 54 0 0.015625
54 20 168 54 24 0.015625
54 20 170 54 25 0.015625
54 20 173 54 30 0.015625
54 20 177 54 5 0.015625
54 20 178 54 5 0.015625
54 20 179 54 31 0.015625
54 20 183 54 37 0.015625
54 20 185 54 18 0.015625
54 20 186 54 22 0.015625
54 20 191 54 29 0.015625
54 20 193 54 3 0.015625
54 20 195 54 18 0.015625
54 23 1 54 0 0.015625
54 23 7 54 0 0.015625
54 23 8 54 0 0.015625
54 23 11 54 24 0.015625
54 23 14 54 25 0.015625
54 23 18 54 27 0.015625
54 23 30 54 1 0.015625
54 23 33 54 3 0.015625
54 23 37 54 31 0.015625
54 23 41 54 33 0.015625
54 23 42 54 34 0.015625
54 23 52 54 18 0.015625
54 23 55 54 18 0.015625
54 23 60 54 18 0.015625
54 23 61 54 19 0.015625
54 23 63 54 19 0.015625
54 23 75 54 22 0.015625
54 23 81 54 24 0.015625
54 23 84 54 25 0.015625
54 23 88 54 3 0.015625
54 23 93 54 5 0.015625
54 23 96 54 36 0.015625
54 23 97 54 19 0.015625
54 23 100 54 24 0.015625
54 23 102 54 26 0.015625
54 23 103 54 27 0.015625
54 23 104 54 3 0.015625
54 23 106 54 5 0.015625
54 23 108 54 31 0.015625
54 23 109 54 32 0.015625
54 23 111 54 32 0.015625
54 23 114 54 32 0.015625
54 23 116 54 32 0.015625
54 23 117 54 33 0.015625
54 23 118 54 34 0.015625
54 23 121 54 34 0.015625
54 23 125 54 19 0.015625
54 23 130 54 24 0.015625
54 23 131 54 24 0.015625
54 23 134 54 26 0.015625
54 23 135 54 27 0.015625
54 23 136 54 27 0.015625
54 23 139 54 29 0.015625
54 23 140 54 29 0.015625
54 23 142 54 30 0.015625
54 23 143 54 30 0.015625
54 23 144 54 2 0.015625
54 23 149 54 31 0.015625
54 23 157 54 34 0.015625
54 23 159 54 36 0.015625
54 23 161 54 36 0.015625
54 23 162 54 36 0.015625
54 23 163 54 36 0.015625
54 23 167 54 0 0.015625
54 23 171 54 27 0.015625
54 23 172 54 30 0.015625
54 23 177 54 5 0.015625
54 23 178 54 5 0.015625
54 23 179 54 31 0.015625
54 23 182 54 36 0.015625
54 23 183 54 37 0.015625
54 23 187 54 22 0.015625
54 23 195 54 5 0.015625
54 23 196 54 18 0.015625
54 35 0 54 35 0.015625
54 35 6 54 29 0.015625
54 35 7 54 30 0.015625
54 35 9 54 0 0.015625
54 35 15 54 25 0.015625
54 35 19 54 27 0.015625
54 35 21 54 29 0.015625
54 35 26 54 1 0.015625
54 35 29 54 1 0.015625
54 35 30 54 3 0.015625
54 35 41 54 31 0.015625
54 35 43 54 31 0.015625
54 35 48 54 33 0.015625
54 35 53 54 34 0.015625
54 35 68 54 18 0.015625
54 35 73 54 21 0.015625
54 35 80 54 30 0.015625
54 35 84 54 2 0.015625
54 35 86 54 3 0.015625
54 35 89 54 31 0.015625
54 35 90 54 32 0.015625
54 35 91 54 32 0.015625
54 35 94 54 0 0.015625
54 35 97 54 29 0.015625
54 35 98 54 1 0.015625
54 35 102 54 3 0.015625
54 35 106 54 5 0.015625
54 35 108 54 32 0.015625
54 35 110 54 33 0.015625
54 35 111 54 33 0.015625
54 35 114 54 34 0.015625
54 35 116 54 36 0.015625
54 35 121 54 18 0.015625
54 35 122 54 18 0.015625
54 35 130 54 22 0.015625
54 35 131 54 22 0.015625
54 35 139 54 0 0.015625
54 35 140 54 0 0.015625
54 35 141 54 25 0.015625
54 35 143 54 1 0.015625
54 35 145 54 2 0.015625
54 35 150 54 5 0.015625
54 35 151 54 5 0.015625
54 35 152 54 5 0.015625
54 35 153 54 34 0.015625
54 35 155 54 18 0.015625
54 35 157 54 18 0.015625
54 35 158 54 19 0.015625
54 35 164 54 22 0.015625
54 35 171 54 30 0.015625
54 35 172 54 3 0.015625
54 35 175 54 5 0.015625
54 35 176 54 5 0.015625
54 35 177 54 5 0.015625
54 35 179 54 32 0.015625
54 35 180 54 32 0.015625
54 35 182 54 36 0.015625
54 35 184 54 18 0.015625
54 35 185 54 18 0.015625
54 35 186 54 19 0.015625
54 35 188 54 21 0.015625
54 35 194 54 5 0.015625
54 35 195 54 5 0.015625
54 35 196 54 31 0.015625
56 4 3 56 26 0.015625
56 4 6 56 29 0.015625
56 4 7 56 30 0.015625
56 4 15 56 0 0.015625
56 4 21 56 29 0.015625
56 4 23 56 1 0.015625
56 4 26 56 1 0.015625
56 4 30 56 2 0.015625
56 4 41 56 33 0.015625
56 4 42 56 34 0.015625
56 4 43 56 34 0.015625
56 4 50 56 37 0.015625
56 4 61 56 29 0.015625
56 4 63 56 31 0.015625
56 4 67 56 32 0.015625
56 4 68 56 34 0.015625
56 4 69 56 34 0.015625
56 4 73 56 36 0.015625
56 4 78 56 0 0.015625
56 4 80 56 0 0.015625
56 4 82 56 25 0.015625
56 4 83 56 29 0.015625
56 4 84 56 1 0.015625
56 4 89 56 5 0.015625
56 4 90 56 5 0.015625
56 4 91 56 5 0.015625
56 4 93 56 31 0.015625
56 4 94 56 32 0.015625
56 4 95 56 32 0.015625
56 4 96 56 32 0.015625
56 4 103 56 36 0.015625
56 4 104 56 36 0.015625
56 4 105 56 37 0.015625
56 4 106 56 18 0.015625
56 4 107 56 18 0.015625
56 4 115 56 0 0.015625
56 4 116 56 24 0.015625
56 4 117 56 24 0.015625
56 4 119 56 25 0.015625
56 4 123 56 29 0.015625
56 4 125 56 30 0.015625
56 4 126 56 5 0.015625
56 4 127 56 5 0.015625
56 4 129 56 31 0.015625
56 4 131 56 31 0.015625
56 4 132 56 31 0.015625
56 4 134 56 33 0.015625
56 4 136 56 33 0.015625
56 4 138 56 34 0.015625
56 4 139 56 34 0.015625
56 4 140 56 34 0.015625
56 4 149 56 24 0.015625
56 4 150 56 24 0.015625
56 4 153 56 3 0.015625
56 4 154 56 5 0.015625
56 4 158 56 36 0.015625
56 4 162 56 25 0.015625
56 4 163 56 29 0.015625
56 4 164 56 29 0.015625
56 4 166 56 2 0.015625
56 4 168 56 5 0.015625
56 4 169 56 33 0.015625
56 4 170 56 18 0.015625
56 4 171 56 25 0.015625
56 20 9 56 0 0.015625
56 20 14 56 24 0.015625
56 20 22 56 28 0.015625
56 20 24 56 29 0.015625
56 20 27 56 1 0.015625
56 20 36 56 33 0.015625
56 20 39 56 34 0.015625
56 20 47 56 18 0.015625
56 20 50 56 18 0.015625
56 20 54 56 18 0.015625
56 20 64 56 22 0.015625
56 20 70 56 24 0.015625
56 20 71 56 24 0.015625
56 20 72 56 25 0.015625
56 20 74 56 25 0.015625
56 20 79 56 5 0.015625
56 20 80 56 32 0.015625
56 20 85 56 25 0.015625
56 20 86 56 25 0.015625
56 20 90 56 26 0.015625
56 20 93 56 30 0.015625
56 20 94 56 3 0.015625
56 20 97 56 5 0.015625
56 20 101 56 31 0.015625
56 20 102 56 31 0.015625
56 20 104 56 32 0.015625
56 20 105 56 32 0.015625
56 20 107 56 33 0.015625
56 20 108 56 34 0.015625
56 20 109 56 34 0.015625
56 20 110 56 34 0.015625
56 20 118 56 36 0.015625
56 20 119 56 37 0.015625
56 20 120 56 37 0.015625
56 20 134 56 29 0.015625
56 20 135 56 29 0.015625
56 20 137 56 29 0.015625
56 20 138 56 30 0.015625
56 20 140 56 5 0.015625
56 20 145 56 31 0.015625
56 20 146 56 32 0.015625
56 20 147 56 32 0.015625
56 20 148 56 33 0.015625
56 20 150 56 34 0.015625
56 20 154 56 36 0.015625
56 20 155 56 36 0.015625
56 20 156 56 36 0.015625
56 20 161 56 37 0.015625
56 20 162 56 0 0.015625
56 20 163 56 24 0.015625
56 20 164 56 24 0.015625
56 20 165 56 24 0.015625
56 20 168 56 25 0.015625
56 20 169 56 26 0.015625
56 20 173 56 30 0.015625
56 20 176 56 5 0.015625
56 20 177 56 5 0.015625
56 20 179 56 33 0.015625
56 20 181 56 34 0.015625
56 20 184 56 37 0.015625
56 20 186 56 18 0.015625
56 20 191 56 29 0.015625
56 20 194 56 3 0.015625
56 20 196 56 18 0.015625
56 23 9 56 0 0.015625
56 23 12 56 24 0.015625
56 23 15 56 25 0.015625
56 23 22 56 28 0.015625
56 23 24 56 29 0.015625
56 23 29 56 1 0.015625
56 23 30 56 2 0.015625
56 23 37 56 33 0.015625
56 23 38 56 33 0.015625
56 23 49 56 18 0.015625
56 23 52 56 18 0.015625
56 23 54 56 18 0.015625
56 23 56 56 18 0.015625
56 23 74 56 24 0.015625
56 23 77 56 25 0.015625
56 23 84 56 5 0.015625
56 23 87 56 36 0.015625
56 23 91 56 26 0.015625
56 23 92 56 27 0.015625
56 23 93 56 29 0.015625
56 23 95 56 3 0.015625
56 23 97 56 5 0.015625
56 23 98 56 5 0.015625
56 23 99 56 31 0.015625
56 23 101 56 31 0.015625
56 23 102 56 31 0.015625
56 23 103 56 31 0.015625
56 23 104 56 32 0.015625
56 23 106 56 32 0.015625
56 23 107 56 32 0.015625
56 23 109 56 33 0.015625
56 23 112 56 34 0.015625
56 23 114 56 34 0.015625
56 23 115 56 34 0.015625
56 23 120 56 36 0.015625
56 23 121 56 36 0.015625
56 23 122 56 37 0.015625
56 23 125 56 18 0.015625
56 23 131 56 24 0.015625
56 23 136 56 26 0.015625
56 23 137 56 27 0.015625
56 23 140 56 29 0.015625
56 23 141 56 29 0.015625
56 23 147 56 31 0.015625
56 23 149 56 31 0.015625
56 23 151 56 32 0.015625
56 23 152 56 33 0.015625
56 23 153 56 33 0.015625
56 23 154 56 34 0.015625
56 23 155 56 34 0.015625
56 23 157 56 36 0.015625
56 23 159 56 36 0.015625
56 23 162 56 37 0.015625
56 23 165 56 0 0.015625
56 23 176 56 30 0.015625
56 23 178 56 2 0.015625
56 23 179 56 5 0.015625
56 23 180 56 5 0.015625
56 23 182 56 33 0.015625
56 23 184 56 34 0.015625
56 23 186 56 37 0.015625
56 23 192 56 29 0.015625
56 23 196 56 18 0.015625
56 23 197 56 18 0.015625
56 35 6 56 29 0.015625
56 35 9 56 0 0.015625
56 35 14 56 25 0.015625
56 35 17 56 28 0.015625
56 35 19 56 29 0.015625
56 35 23 56 1 0.015625
56 35 24 56 1 0.015625
56 35 25 56 1 0.015625
56 35 38 56 31 0.015625
56 35 39 56 32 0.015625
56 35 41 56 33 0.015625
56 35 42 56 33 0.015625
56 35 47 56 34 0.015625
56 35 48 56 34 0.015625
56 35 50 56 34 0.015625
56 35 57 56 37 0.015625
56 35 62 56 18 0.015625
56 35 73 56 30 0.015625
56 35 75 56 1 0.015625
56 35 76 56 1 0.015625
56 35 82 56 32 0.015625
56 35 83 56 32 0.015625
56 35 86 56 0 0.015625
56 35 89 56 29 0.015625
56 35 93 56 3 0.015625
56 35 100 56 5 0.015625
56 35 102 56 31 0.015625
56 35 104 56 33 0.015625
56 35 107 56 34 0.015625
56 35 109 56 36 0.03125
56 35 112 56 37 0.015625
56 35 113 56 37 0.015625
56 35 116 56 18 0.015625
56 35 117 56 18 0.015625
56 35 118 56 18 0.015625
56 35 119 56 19 0.015625
56 35 128 56 22 0.015625
56 35 136 56 0 0.015625
56 35 137 56 25 0.015625
56 35 139 56 1 0.015625
56 35 141 56 2 0.015625
56 35 147 56 5 0.015625
56 35 148 56 34 0.015625
56 35 149 56 36 0.015625
56 35 153 56 18 0.015625
56 35 160 56 22 0.015625
56 35 161 56 22 0.015625
56 35 164 56 24 0.015625
56 35 167 56 25 0.015625
56 35 169 56 3 0.015625
56 35 170 56 3 0.015625
56 35 173 56 5 0.015625
56 35 174 56 5 0.015625
56 35 176 56 31 0.015625
56 35 181 56 36 0.015625
56 35 182 56 37 0.015625
56 35 184 56 18 0.015625
56 35 185 56 19 0.015625
56 35 189 56 21 0.015625
56 35 191 56 24 0.015625
56 35 195 56 31 0.015625
56 35 197 56 34 0.015625
56 35 198 56 37 0.015625
60 4 2 60 26 0.015625
60 4 3 60 27 0.015625
60 4 6 60 30 0.015625
60 4 7 60 24 0.015625
60 4 8 60 24 0.015625
60 4 9 60 25 0.015625
60 4 11 60 27 0.015625
60 4 12 60 29 0.015625
60 4 18 60 33 0.015625
60 4 19 60 34 0.015625
60 4 20 60 34 0.015625
60 4 30 60 24 0.015625
60 4 37 60 30 0.015625
60 4 44 60 34 0.015625
60 4 47 60 36 0.015625
60 4 49 60 36 0.015625
60 4 50 60 12 0.015625
60 4 51 60 12 0.015625
60 4 74 60 6 0.015625
60 4 75 60 6 0.015625
60 4 76 60 6 0.015625
60 4 83 60 11 0.015625
60 4 86 60 30 0.015625
60 4 89 60 31 0.015625
60 4 92 60 33 0.015625
60 4 95 60 33 0.015625
60 4 96 60 34 0.015625
60 4 100 60 37 0.015625
60 4 101 60 12 0.015625
60 4 102 60 12 0.015625
60 4 103 60 12 0.015625
60 4 106 60 13 0.015625
60 4 109 60 14 0.015625
60 4 112 60 14 0.015625
60 4 118 60 16 0.015625
60 4 119 60 16 0.015625
60 4 122 60 17 0.015625
60 4 124 60 6 0.015625
60 4 131 60 8 0.015625
60 4 139 60 10 0.015625
60 4 140 60 10 0.015625
60 4 147 60 24 0.015625
60 4 148 60 25 0.015625
60 4 150 60 31 0.015625
60 4 151 60 31 0.015625
60 4 155 60 34 0.015625
60 4 156 60 34 0.015625
60 4 158 60 36 0.015625
60 4 161 60 12 0.015625
60 4 162 60 13 0.015625
60 4 163 60 13 0.015625
60 4 169 60 17 0.015625
60 4 176 60 9 0.015625
60 4 179 60 10 0.015625
60 4 181 60 10 0.015625
60 4 183 60 26 0.015625
60 4 188 60 12 0.015625
60 4 191 60 6 0.015625
60 4 192 60 6 0.015625
60 4 193 60 9 0.015625
60 4 194 60 10 0.015625
60 4 196 60 10 0.015625
60 4 197 60 25 0.015625
60 4 198 60 31 0.015625
60 20 0 60 24 0.015625
60 20 22 60 31 0.015625
60 20 27 60 33 0.015625
60 20 28 60 34 0.015625
60 20 30 60 34 0.015625
60 20 31 60 34 0.015625
60 20 37 60 36 0.015625
60 20 39 60 24 0.015625
60 20 40 60 25 0.015625
60 20 41 60 25 0.015625
60 20 50 60 36 0.015625
60 20 52 60 37 0.015625
60 20 53 60 12 0.015625
60 20 54 60 12 0.015625
60 20 55 60 12 0.015625
60 20 56 60 12 0.015625
60 20 59 60 13 0.015625
60 20 70 60 14 0.015625
60 20 78 60 17 0.015625
60 20 83 60 17 0.015625
60 20 84 60 17 0.015625
60 20 86 60 6 0.015625
60 20 92 60 8 0.015625
60 20 99 60 24 0.015625
60 20 100 60 25 0.015625
60 20 104 60 27 0.015625
60 20 105 60 27 0.015625
60 20 107 60 30 0.015625
60 20 109 60 31 0.015625
60 20 111 60 32 0.015625
60 20 114 60 33 0.015625
60 20 116 60 34 0.015625
60 20 117 60 34 0.015625
60 20 118 60 34 0.015625
60 20 120 60 34 0.015625
60 20 124 60 12 0.015625
60 20 127 60 13 0.015625
60 20 138 60 6 0.015625
60 20 139 60 7 0.015625
60 20 144 60 10 0.015625
60 20 147 60 10 0.015625
60 20 148 60 11 0.015625
60 20 152 60 26 0.015625
60 20 153 60 27 0.015625
60 20 155 60 29 0.015625
60 20 156 60 30 0.015625
60 20 159 60 31 0.015625
60 20 160 60 33 0.015625
60 20 161 60 33 0.015625
60 20 164 60 36 0.015625
60 20 166 60 12 0.015625
60 20 169 60 15 0.015625
60 20 171 60 16 0.015625
60 20 174 60 6 0.015625
60 20 177 60 7 0.015625
60 20 178 60 8 0.015625
60 20 179 60 8 0.015625
60 20 181 60 9 0.015625
60 20 182 60 10 0.015625
60 20 183 60 10 0.015625
60 20 188 60 25 0.015625
60 20 191 60 31 0.015625
60 20 195 60 6 0.015625
60 20 198 60 6 0.015625
60 23 17 60 28 0.015625
60 23 20 60 29 0.015625
60 23 22 60 30 0.015625
60 23 23 60 30 0.015625
60 23 24 60 31 0.015625
60 23 26 60 33 0.015625
60 23 28 60 33 0.015625
60 23 29 60 34 0.015625
60 23 41 60 25 0.015625
60 23 51 60 36 0.015625
60 23 52 60 37 0.015625
60 23 53 60 12 0.015625
60 23 54 60 12 0.015625
60 23 55 60 12 0.015625
60 23 56 60 12 0.015625
60 23 60 60 13 0.015625
60 23 62 60 13 0.015625
60 23 71 60 14 0.015625
60 23 75 60 16 0.015625
60 23 77 60 16 0.015625
60 23 79 60 17 0.015625
60 23 80 60 17 0.015625
60 23 84 60 17 0.015625
60 23 85 60 17 0.015625
60 23 86 60 6 0.015625
60 23 87 60 6 0.015625
60 23 91 60 7 0.015625
60 23 95 60 8 0.015625
60 23 103 60 24 0.015625
60 23 104 60 25 0.015625
60 23 107 60 27 0.015625
60 23 112 60 30 0.015625
60 23 113 60 31 0.015625
60 23 114 60 31 0.015625
60 23 121 60 33 0.015625
60 23 123 60 34 0.015625
60 23 124 60 34 0.015625
60 23 125 60 34 0.015625
60 23 127 60 34 0.015625
60 23 129 60 36 0.015625
60 23 130 60 36 0.015625
60 23 132 60 12 0.015625
60 23 133 60 13 0.015625
60 23 134 60 13 0.015625
60 23 136 60 14 0.015625
60 23 143 60 6 0.015625
60 23 145 60 7 0.015625
60 23 148 60 10 0.015625
60 23 154 60 24 0.015625
60 23 156 60 26 0.015625
60 23 159 60 30 0.015625
60 23 161 60 31 0.015625
60 23 163 60 33 0.015625
60 23 164 60 33 0.015625
60 23 165 60 34 0.015625
60 23 166 60 36 0.015625
60 23 167 60 12 0.015625
60 23 176 60 6 0.015625
60 23 179 60 8 0.015625
60 23 182 60 9 0.015625
60 23 183 60 10 0.015625
60 23 186 60 10 0.015625
60 23 189 60 27 0.015625
60 23 196 60 6 0.015625
60 35 6 60 29 0.015625
60 35 7 60 30 0.015625
60 35 14 60 24 0.015625
60 35 15 60 24 0.015625
60 35 18 60 25 0.015625
60 35 21 60 27 0.015625
60 35 22 60 28 0.015625
60 35 28 60 31 0.015625
60 35 32 60 33 0.015625
60 35 34 60 33 0.015625
60 35 35 60 33 0.015625
60 35 37 60 34 0.015625
60 35 38 60 34 0.015625
60 35 43 60 36 0.015625
60 35 47 60 36 0.015625
60 35 54 60 13 0.015625
60 35 67 60 6 0.015625
60 35 68 60 6 0.015625
60 35 72 60 24 0.015625
60 35 75 60 30 0.015625
60 35 76 60 30 0.015625
60 35 77 60 33 0.015625
60 35 78 60 13 0.015625
60 35 80 60 14 0.015625
60 35 85 60 17 0.015625
60 35 86 60 6 0.015625
60 35 87 60 6 0.015625
60 35 89 60 8 0.015625
60 35 90 60 8 0.03125
60 35 96 60 27 0.015625
60 35 97 60 30 0.015625
60 35 102 60 34 0.015625
60 35 103 60 34 0.015625
60 35 104 60 12 0.015625
60 35 105 60 12 0.015625
60 35 106 60 12 0.015625
60 35 107 60 13 0.015625
60 35 108 60 14 0.015625
60 35 111 60 16 0.015625
60 35 116 60 31 0.015625
60 35 117 60 34 0.015625
60 35 118 60 36 0.015625
60 35 120 60 37 0.015625
60 35 123 60 12 0.015625
60 35 125 60 12 0.015625
60 35 126 60 12 0.015625
60 35 128 60 13 0.015625
60 35 129 60 13 0.015625
60 35 133 60 14 0.015625
60 35 136 60 17 0.015625
60 35 137 60 17 0.015625
60 35 138 60 17 0.015625
60 35 139 60 7 0.015625
60 35 140 60 10 0.015625
60 35 147 60 36 0.015625
60 35 150 60 14 0.015625
60 35 153 60 9 0.015625
60 35 157 60 31 0.015625
60 35 158 60 31 0.015625
60 35 159 60 34 0.015625
60 35 160 60 34 0.015625
60 35 162 60 12 0.015625
60 35 164 60 10 0.015625
