21_75_100_200_0_0 50 150 0.568551 0.238806 1.12605 9.91038 180.053 4.32879
21_75_100_200_0_0 50 150 100 2851137 74476395000 26121.6 28511.4 744763950 1.62377e+09
21_75_100_200_1_1 50 150 0.568551 0.238806 1.12605 9.91038 180.053 4.32879
21_75_100_200_1_1 50 150 100 2851137 74476395000 26121.6 28511.4 744763950 1.62377e+09
21_75_100_200_2_2 50 150 0.570124 0.238773 1.12327 9.94588 180.022 4.35831
21_75_100_200_2_2 50 150 100 2851139 74476378500 26121.6 28511.4 744763785 1.60053e+09
21_75_100_200_3_3 50 150 0.55884 0.238237 1.10286 9.77428 160.034 4.22291
21_75_100_200_3_3 50 150 100 2851141 74476408500 26121.6 28511.4 744764085 1.57857e+09
21_75_100_200_4_4 50 150 0.562599 0.238129 1.11492 9.86724 169.982 4.29809
21_75_100_200_4_4 50 150 100 2851135 74476189500 26121.6 28511.3 744761895 1.60259e+09
21_75_100_200_5_5 50 150 0.567584 0.239748 1.13288 9.90602 209.754 4.37256
21_75_100_200_5_5 50 150 100 2851144 74476387500 26121.6 28511.4 744763875 1.60131e+09
21_75_100_200_6_6 50 150 0.565103 0.238083 1.11675 9.91671 180.082 4.32416
21_75_100_200_6_6 50 150 100 2851142 74476231500 26121.5 28511.4 744762315 1.60078e+09
21_75_100_200_7_7 50 150 0.558938 0.238019 1.09445 9.83694 160.033 4.21253
21_75_100_200_7_7 50 150 100 2851143 74476416000 26121.6 28511.4 744764160 1.6011e+09
21_75_100_200_8_8 50 150 0.561095 0.23823 1.10352 9.82744 190.041 4.24302
21_75_100_200_8_8 50 150 100 2851135 74476108500 26121.6 28511.3 744761085 1.58933e+09
21_75_100_200_9_9 50 150 0.566412 0.239074 1.12383 9.90604 180.043 4.32432
21_75_100_200_9_9 50 150 100 2851140 74475718500 26121.4 28511.4 744757185 1.59018e+09
