22_0_0_200_0_0 50 150 0.601282 0.246182 1.24257 10.125 169.981 4.72856
22_0_0_200_0_0 50 150 100 2880958 75325231500 26145.9 28809.6 753252315 1.75769e+09
22_0_0_200_1_1 50 150 0.601282 0.246182 1.24257 10.125 169.981 4.72856
22_0_0_200_1_1 50 150 100 2880958 75325231500 26145.9 28809.6 753252315 1.75769e+09
22_0_0_200_2_2 50 150 0.598949 0.246275 1.24974 10.1004 180.094 4.75683
22_0_0_200_2_2 50 150 100 2880957 75325182000 26145.9 28809.6 753251820 1.72305e+09
22_0_0_200_3_3 50 150 0.599683 0.246724 1.258 10.1108 180.031 4.75093
22_0_0_200_3_3 50 150 100 2880963 75324943500 26145.8 28809.6 753249435 1.71083e+09
22_0_0_200_4_4 50 150 0.604759 0.245934 1.26523 10.1843 170.043 4.81447
22_0_0_200_4_4 50 150 100 2880958 75325018500 26145.8 28809.6 753250185 1.75049e+09
22_0_0_200_5_5 50 150 0.594186 0.245494 1.22382 10.085 180.065 4.6529
22_0_0_200_5_5 50 150 100 2880965 75324288000 26145.5 28809.7 753242880 1.6803e+09
22_0_0_200_6_6 50 150 0.600795 0.24603 1.24906 10.1288 170.069 4.75866
22_0_0_200_6_6 50 150 100 2880959 75324910500 26145.8 28809.6 753249105 1.70986e+09
22_0_0_200_7_7 50 150 0.595704 0.246146 1.25705 10.0853 180.067 4.72908
22_0_0_200_7_7 50 150 100 2880958 75325269000 26145.9 28809.6 753252690 1.69098e+09
22_0_0_200_8_8 50 150 0.601066 0.246445 1.26164 10.1275 209.902 4.7983
22_0_0_200_8_8 50 150 100 2880958 75324000000 26145.5 28809.6 753240000 1.70864e+09
22_0_0_200_9_9 50 150 0.599692 0.245809 1.24863 10.1605 170.075 4.75522
22_0_0_200_9_9 50 150 100 2880958 75324535500 26145.7 28809.6 753245355 1.70195e+09
