31_75_100_100_0_0 25 75 0.414457 0.135694 0.61411 9.64713 52.0988 2.8102
31_75_100_100_0_0 25 75 50 24116 834883500 34619.5 482.32 16697670 6.67978e+07
31_75_100_100_1_1 25 75 0.414457 0.135694 0.61411 9.64713 52.0988 2.8102
31_75_100_100_1_1 25 75 50 24116 834883500 34619.5 482.32 16697670 6.67978e+07
31_75_100_100_2_2 25 75 0.380697 0.134227 0.613341 8.29559 42.531 2.66208
31_75_100_100_2_2 25 75 50 24146 833545500 34521.1 482.92 16670910 6.38277e+07
31_75_100_100_3_3 25 75 0.416307 0.142218 0.63047 8.95837 53.8084 2.89959
31_75_100_100_3_3 25 75 50 24107 812920500 33721.3 482.14 16258410 5.57015e+07
31_75_100_100_4_4 25 75 0.472952 0.151228 0.723479 9.98362 74.7886 3.77538
31_75_100_100_4_4 25 75 50 24131 874941000 36258 482.62 17498820 9.46219e+07
31_75_100_100_5_5 25 75 0.46995 0.148713 0.679556 9.775 66.219 3.47693
31_75_100_100_5_5 25 75 50 24131 857719500 35544.3 482.62 17154390 7.35002e+07
31_75_100_100_6_6 25 75 0.469792 0.147426 0.710253 10.1012 63.6932 3.49561
31_75_100_100_6_6 25 75 50 24205 836091000 34542.1 484.1 16721820 8.86143e+07
31_75_100_100_7_7 25 75 0.511479 0.157085 0.846055 10.1298 61.386 4.2662
31_75_100_100_7_7 25 75 50 24200 857551500 35436 484 17151030 8.28615e+07
31_75_100_100_8_8 25 75 0.393142 0.141342 0.63138 8.30824 34.1776 2.8504
31_75_100_100_8_8 25 75 50 24260 823819500 33957.9 485.2 16476390 4.811e+07
31_75_100_100_9_9 25 75 0.376103 0.123867 0.578986 8.86892 69.051 2.55049
31_75_100_100_9_9 25 75 50 23976 799278000 33336.6 479.52 15985560 6.3738e+07
