0_71875_100000_320_0_0 80 240 1.20147 0.0921558 0.495354 9.77046 612.271 1.5801
0_71875_100000_320_0_0 80 240 160 1669609 43489549500 26047.7 10435.1 2.7181e+08 1.04256e+09
0_71875_100000_320_1_1 80 240 1.20147 0.0921558 0.495354 9.77046 612.271 1.5801
0_71875_100000_320_1_1 80 240 160 1669609 43489549500 26047.7 10435.1 2.7181e+08 1.04256e+09
0_71875_100000_320_2_2 80 240 1.19299 0.0927045 0.507305 10.2491 631.728 1.74862
0_71875_100000_320_2_2 80 240 160 1667795 43578367500 26129.3 10423.7 2.72365e+08 1.01868e+09
0_71875_100000_320_3_3 80 240 1.1759 0.0924683 0.502333 10.068 587.149 1.70923
0_71875_100000_320_3_3 80 240 160 1669691 43605571500 26116 10435.6 2.72535e+08 1.01643e+09
0_71875_100000_320_4_4 80 240 1.28705 0.0923881 0.510158 10.4547 631.895 1.84144
0_71875_100000_320_4_4 80 240 160 1670283 43582798500 26093.1 10439.3 2.72392e+08 1.11168e+09
0_71875_100000_320_5_5 80 240 1.19622 0.0922981 0.501988 9.9901 1073.75 1.67154
0_71875_100000_320_5_5 80 240 160 1669629 43596831000 26111.7 10435.2 2.7248e+08 1.01021e+09
0_71875_100000_320_6_6 80 240 1.24763 0.0922459 0.503986 10.1308 590.811 1.71206
0_71875_100000_320_6_6 80 240 160 1668453 43534374000 26092.7 10427.8 2.7209e+08 1.07688e+09
0_71875_100000_320_7_7 80 240 1.15168 0.0917299 0.5005 10.0579 1081.29 1.67217
0_71875_100000_320_7_7 80 240 160 1668599 43346587500 25977.8 10428.7 2.70916e+08 9.74156e+08
0_71875_100000_320_8_8 80 240 1.25838 0.0920773 0.501112 10.21 1076.96 1.70189
0_71875_100000_320_8_8 80 240 160 1667915 43578052500 26127.3 10424.5 2.72363e+08 1.08734e+09
0_71875_100000_320_9_9 80 240 1.2118 0.0924577 0.50624 10.4728 579.57 1.8218
0_71875_100000_320_9_9 80 240 160 1668091 43430874000 26036.3 10425.6 2.71443e+08 1.06833e+09
