8_5_10_1000_0_0 250 750 0.587769 0.128589 2.12274 10.1533 310.059 5.85278
8_5_10_1000_0_0 250 750 500 628552 22075705500 35121.5 1257.1 44151411 3.78644e+08
8_5_10_1000_1_1 250 750 0.587769 0.128589 2.12274 10.1533 310.059 5.85278
8_5_10_1000_1_1 250 750 500 628552 22075705500 35121.5 1257.1 44151411 3.78644e+08
8_5_10_1000_2_2 250 750 0.577843 0.128439 2.11998 10.058 530.097 5.76674
8_5_10_1000_2_2 250 750 500 626911 21671512500 34568.7 1253.82 43343025 3.37779e+08
8_5_10_1000_3_3 250 750 0.56878 0.128112 2.02711 9.97205 107.787 5.62959
8_5_10_1000_3_3 250 750 500 626899 21611395500 34473.5 1253.8 43222791 3.50404e+08
8_5_10_1000_4_4 250 750 0.592533 0.129107 2.20294 10.0691 565.034 5.93888
8_5_10_1000_4_4 250 750 500 626085 22208319000 35471.7 1252.17 44416638 3.83111e+08
8_5_10_1000_5_5 250 750 0.584413 0.128691 2.11581 10.1902 260.005 5.85509
8_5_10_1000_5_5 250 750 500 625464 21963517500 35115.6 1250.93 43927035 3.63071e+08
8_5_10_1000_6_6 250 750 0.577247 0.128236 2.06702 10.0586 119.955 5.69142
8_5_10_1000_6_6 250 750 500 625751 21616908000 34545.5 1251.5 43233816 3.64736e+08
8_5_10_1000_7_7 250 750 0.575057 0.128201 1.97274 10.0181 567.762 5.67403
8_5_10_1000_7_7 250 750 500 626667 21783925500 34761.6 1253.33 43567851 3.68781e+08
8_5_10_1000_8_8 250 750 0.567757 0.128888 2.05714 9.96386 129.128 5.65816
8_5_10_1000_8_8 250 750 500 628206 21776787000 34665 1256.41 43553574 3.46814e+08
8_5_10_1000_9_9 250 750 0.574282 0.128243 2.06539 10.0715 186.746 5.73246
8_5_10_1000_9_9 250 750 500 625158 21643173000 34620.3 1250.32 43286346 3.46256e+08
