7_25_100_1000_0_0 250 750 0.554433 0.112198 1.96201 10.1272 249.685 5.70475
7_25_100_1000_0_0 250 750 500 536310 18829705500 35109.7 1072.62 37659411 2.72771e+08
7_25_100_1000_1_1 250 750 0.554433 0.112198 1.96201 10.1272 249.685 5.70475
7_25_100_1000_1_1 250 750 500 536310 18829705500 35109.7 1072.62 37659411 2.72771e+08
7_25_100_1000_2_2 250 750 0.542108 0.111884 1.84181 9.99784 580.061 5.50115
7_25_100_1000_2_2 250 750 500 534743 18461109000 34523.3 1069.49 36922218 2.49678e+08
7_25_100_1000_3_3 250 750 0.531629 0.111688 1.86116 9.8247 77.503 5.39669
7_25_100_1000_3_3 250 750 500 534738 18392374500 34395.1 1069.48 36784749 2.46837e+08
7_25_100_1000_4_4 250 750 0.559103 0.112528 2.00031 9.96367 564.878 5.76305
7_25_100_1000_4_4 250 750 500 533881 18897408000 35396.3 1067.76 37794816 2.76025e+08
7_25_100_1000_5_5 250 750 0.554847 0.112437 2.01632 10.2189 239.973 5.75267
7_25_100_1000_5_5 250 750 500 533345 18777193500 35206.5 1066.69 37554387 2.69822e+08
7_25_100_1000_6_6 250 750 0.553405 0.111873 1.97181 10.0432 89.088 5.65865
7_25_100_1000_6_6 250 750 500 533679 18449385000 34570.2 1067.36 36898770 2.67748e+08
7_25_100_1000_7_7 250 750 0.530593 0.111644 1.74001 9.93229 169.35 5.4105
7_25_100_1000_7_7 250 750 500 534288 18518356500 34659.9 1068.58 37036713 2.60487e+08
7_25_100_1000_8_8 250 750 0.544263 0.112762 1.91079 10.1024 94.1056 5.60799
7_25_100_1000_8_8 250 750 500 536026 18642597000 34779.3 1072.05 37285194 2.56121e+08
7_25_100_1000_9_9 250 750 0.537419 0.111746 1.86817 9.97915 82.5799 5.49658
7_25_100_1000_9_9 250 750 500 533308 18501904500 34692.7 1066.62 37003809 2.53201e+08
