0,20
1,20
2,20
3,20
4,20
5,20
6,20
7,20
8,20
9,20
10,20
11,20
12,20
13,20
14,20
15,20
16,20
17,20
18,20
19,20
20,20
21,20
22,20
23,20
24,20
25,20
26,20
27,20
28,20
29,20
30,20
31,20
32,20
33,20
34,20
35,20
36,20
37,20
38,20
39,20
40,20
41,20
42,20
43,20
44,20
45,20
46,20
47,20
48,20
49,20
50,20
51,20
52,20
53,20
54,20
55,20
56,20
57,20
58,20
59,20
60,21
61,21
62,21
63,21
64,21
65,21
66,21
67,21
68,21
69,21
70,21
71,21
72,21
73,21
74,21
75,21
76,21
77,21
78,21
79,21
80,21
81,21
82,21
83,21
84,21
85,21
86,21
87,21
88,21
89,21
90,21
91,21
92,21
93,21
94,21
95,21
96,21
97,21
98,21
99,21
100,21
101,21
102,21
103,21
104,21
105,21
106,21
107,21
108,21
109,21
110,21
111,21
112,21
113,21
114,21
115,21
116,21
117,21
118,21
119,21
120,22
121,22
122,22
123,22
124,22
125,22
126,22
127,22
128,22
129,22
130,22
131,22
132,22
133,22
134,22
135,22
136,22
137,22
138,22
139,22
140,22
141,22
142,22
143,22
144,22
145,22
146,22
147,22
148,22
149,22
150,22
151,22
152,22
153,22
154,22
155,22
156,22
157,22
158,22
159,22
160,22
161,22
162,22
163,22
164,22
165,22
166,22
167,22
168,22
169,22
170,22
171,22
172,22
173,22
174,22
175,22
176,22
177,22
178,22
179,22
180,23
181,23
182,23
183,23
184,23
185,23
186,23
187,23
188,23
189,23
190,23
191,23
192,23
193,23
194,23
195,23
196,23
197,23
198,23
199,23
200,23
201,23
202,23
203,23
204,23
205,23
206,23
207,23
208,23
209,23
210,23
211,23
212,23
213,23
214,23
215,23
216,23
217,23
218,23
219,23
220,23
221,23
222,23
223,23
224,23
225,23
226,23
227,23
228,23
229,23
230,23
231,23
232,23
233,23
234,23
235,23
236,23
237,23
238,23
239,23
240,24
241,24
242,24
243,24
244,24
245,24
246,24
247,24
248,24
249,24
250,24
251,24
252,24
253,24
254,24
255,24
256,24
257,24
258,24
259,24
260,24
261,24
262,24
263,24
264,24
265,24
266,24
267,24
268,24
269,24
270,24
271,24
272,24
273,24
274,24
275,24
276,24
277,24
278,24
279,24
280,24
281,24
282,24
283,24
284,24
285,24
286,24
287,24
288,24
289,24
290,24
291,24
292,24
293,24
294,24
295,24
296,24
297,24
298,24
299,24
300,25
301,25
302,25
303,25
304,25
305,25
306,25
307,25
308,25
309,25
310,25
311,25
312,25
313,25
314,25
315,25
316,25
317,25
318,25
319,25
320,25
321,25
322,25
323,25
324,25
325,25
326,25
327,25
328,25
329,25
330,25
331,25
332,25
333,25
334,25
335,25
336,25
337,25
338,25
339,25
340,25
341,25
342,25
343,25
344,25
345,25
346,25
347,25
348,25
349,25
350,25
351,25
352,25
353,25
354,25
355,25
356,25
357,25
358,25
359,25
360,26
361,26
362,26
363,26
364,26
365,26
366,26
367,26
368,26
369,26
370,26
371,26
372,26
373,26
374,26
375,26
376,26
377,26
378,26
379,26
380,26
381,26
382,26
383,26
384,26
385,26
386,26
387,26
388,26
389,26
390,26
391,26
392,26
393,26
394,26
395,26
396,26
397,26
398,26
399,26
400,26
401,26
402,26
403,26
404,26
405,26
406,26
407,26
408,26
409,26
410,26
411,26
412,26
413,26
414,26
415,26
416,26
417,26
418,26
419,26
420,27
421,27
422,27
423,27
424,27
425,27
426,27
427,27
428,27
429,27
430,27
431,27
432,27
433,27
434,27
435,27
436,27
437,27
438,27
439,27
440,27
441,27
442,27
443,27
444,27
445,27
446,27
447,27
448,27
449,27
450,27
451,27
452,27
453,27
454,27
455,27
456,27
457,27
458,27
459,27
460,27
461,27
462,27
463,27
464,27
465,27
466,27
467,27
468,27
469,27
470,27
471,27
472,27
473,27
474,27
475,27
476,27
477,27
478,27
479,27
480,28
481,28
482,28
483,28
484,28
485,28
486,28
487,28
488,28
489,28
490,28
491,28
492,28
493,28
494,28
495,28
496,28
497,28
498,28
499,28
500,28
501,28
502,28
503,28
504,28
505,28
506,28
507,28
508,28
509,28
510,28
511,28
512,28
513,28
514,28
515,28
516,28
517,28
518,28
519,28
520,28
521,28
522,28
523,28
524,28
525,28
526,28
527,28
528,28
529,28
530,28
531,28
532,28
533,28
534,28
535,28
536,28
537,28
538,28
539,28
540,29
541,29
542,29
543,29
544,29
545,29
546,29
547,29
548,29
549,29
550,29
551,29
552,29
553,29
554,29
555,29
556,29
557,29
558,29
559,29
560,29
561,29
562,29
563,29
564,29
565,29
566,29
567,29
568,29
569,29
570,29
571,29
572,29
573,29
574,29
575,29
576,29
577,29
578,29
579,29
580,29
581,29
582,29
583,29
584,29
585,29
586,29
587,29
588,29
589,29
590,29
591,29
592,29
593,29
594,29
595,29
596,29
597,29
598,29
599,29
600,30
601,30
602,30
603,30
604,30
605,30
606,30
607,30
608,30
609,30
610,30
611,30
612,30
613,30
614,30
615,30
616,30
617,30
618,30
619,30
620,30
621,30
622,30
623,30
624,30
625,30
626,30
627,30
628,30
629,30
630,30
631,30
632,30
633,30
634,30
635,30
636,30
637,30
638,30
639,30
640,30
641,30
642,30
643,30
644,30
645,30
646,30
647,30
648,30
649,30
650,30
651,30
652,30
653,30
654,30
655,30
656,30
657,30
658,30
659,30
660,31
661,31
662,31
663,31
664,31
665,31
666,31
667,31
668,31
669,31
670,31
671,31
672,31
673,31
674,31
675,31
676,31
677,31
678,31
679,31
680,31
681,31
682,31
683,31
684,31
685,31
686,31
687,31
688,31
689,31
690,31
691,31
692,31
693,31
694,31
695,31
696,31
697,31
698,31
699,31
700,31
701,31
702,31
703,31
704,31
705,31
706,31
707,31
708,31
709,31
710,31
711,31
712,31
713,31
714,31
715,31
716,31
717,31
718,31
719,31
720,32
721,32
722,32
723,32
724,32
725,32
726,32
727,32
728,32
729,32
730,32
731,32
732,32
733,32
734,32
735,32
736,32
737,32
738,32
739,32
740,32
741,32
742,32
743,32
744,32
745,32
746,32
747,32
748,32
749,32
750,32
751,32
752,32
753,32
754,32
755,32
756,32
757,32
758,32
759,32
760,32
761,32
762,32
763,32
764,32
765,32
766,32
767,32
768,32
769,32
770,32
771,32
772,32
773,32
774,32
775,32
776,32
777,32
778,32
779,32
780,33
781,33
782,33
783,33
784,33
785,33
786,33
787,33
788,33
789,33
790,33
791,33
792,33
793,33
794,33
795,33
796,33
797,33
798,33
799,33
800,33
801,33
802,33
803,33
804,33
805,33
806,33
807,33
808,33
809,33
810,33
811,33
812,33
813,33
814,33
815,33
816,33
817,33
818,33
819,33
820,33
821,33
822,33
823,33
824,33
825,33
826,33
827,33
828,33
829,33
830,33
831,33
832,33
833,33
834,33
835,33
836,33
837,33
838,33
839,33
840,34
841,34
842,34
843,34
844,34
845,34
846,34
847,34
848,34
849,34
850,34
851,34
852,34
853,34
854,34
855,34
856,34
857,34
858,34
859,34
860,34
861,34
862,34
863,34
864,34
865,34
866,34
867,34
868,34
869,34
870,34
871,34
872,34
873,34
874,34
875,34
876,34
877,34
878,34
879,34
880,34
881,34
882,34
883,34
884,34
885,34
886,34
887,34
888,34
889,34
890,34
891,34
892,34
893,34
894,34
895,34
896,34
897,34
898,34
899,34
900,35
901,35
902,35
903,35
904,35
905,35
906,35
907,35
908,35
909,35
910,35
911,35
912,35
913,35
914,35
915,35
916,35
917,35
918,35
919,35
920,35
921,35
922,35
923,35
924,35
925,35
926,35
927,35
928,35
929,35
930,35
931,35
932,35
933,35
934,35
935,35
936,35
937,35
938,35
939,35
940,35
941,35
942,35
943,35
944,35
945,35
946,35
947,35
948,35
949,35
950,35
951,35
952,35
953,35
954,35
955,35
956,35
957,35
958,35
959,35
960,36
961,36
962,36
963,36
964,36
965,36
966,36
967,36
968,36
969,36
970,36
971,36
972,36
973,36
974,36
975,36
976,36
977,36
978,36
979,36
980,36
981,36
982,36
983,36
984,36
985,36
986,36
987,36
988,36
989,36
990,36
991,36
992,36
993,36
994,36
995,36
996,36
997,36
998,36
999,36
1000,36
1001,36
1002,36
1003,36
1004,36
1005,36
1006,36
1007,36
1008,36
1009,36
1010,36
1011,36
1012,36
1013,36
1014,36
1015,36
1016,36
1017,36
1018,36
1019,36
1020,37
1021,37
1022,37
1023,37
1024,37
1025,37
1026,37
1027,37
1028,37
1029,37
1030,37
1031,37
1032,37
1033,37
1034,37
1035,37
1036,37
1037,37
1038,37
1039,37
1040,37
1041,37
1042,37
1043,37
1044,37
1045,37
1046,37
1047,37
1048,37
1049,37
1050,37
1051,37
1052,37
1053,37
1054,37
1055,37
1056,37
1057,37
1058,37
1059,37
1060,37
1061,37
1062,37
1063,37
1064,37
1065,37
1066,37
1067,37
1068,37
1069,37
1070,37
1071,37
1072,37
1073,37
1074,37
1075,37
1076,37
1077,37
1078,37
1079,37
1080,38
1081,38
1082,38
1083,38
1084,38
1085,38
1086,38
1087,38
1088,38
1089,38
1090,38
1091,38
1092,38
1093,38
1094,38
1095,38
1096,38
1097,38
1098,38
1099,38
1100,38
1101,38
1102,38
1103,38
1104,38
1105,38
1106,38
1107,38
1108,38
1109,38
1110,38
1111,38
1112,38
1113,38
1114,38
1115,38
1116,38
1117,38
1118,38
1119,38
1120,38
1121,38
1122,38
1123,38
1124,38
1125,38
1126,38
1127,38
1128,38
1129,38
1130,38
1131,38
1132,38
1133,38
1134,38
1135,38
1136,38
1137,38
1138,38
1139,38
1140,39
1141,39
1142,39
1143,39
1144,39
1145,39
1146,39
1147,39
1148,39
1149,39
1150,39
1151,39
1152,39
1153,39
1154,39
1155,39
1156,39
1157,39
1158,39
1159,39
1160,39
1161,39
1162,39
1163,39
1164,39
1165,39
1166,39
1167,39
1168,39
1169,39
1170,39
1171,39
1172,39
1173,39
1174,39
1175,39
1176,39
1177,39
1178,39
1179,39
1180,39
1181,39
1182,39
1183,39
1184,39
1185,39
1186,39
1187,39
1188,39
1189,39
1190,39
1191,39
1192,39
1193,39
1194,39
1195,39
1196,39
1197,39
1198,39
1199,39
1200,40
1201,40
1202,40
1203,40
1204,40
1205,40
1206,40
1207,40
1208,40
1209,40
1210,40
1211,40
1212,40
1213,40
1214,40
1215,40
1216,40
1217,40
1218,40
1219,40
1220,40
1221,40
1222,40
1223,40
1224,40
1225,40
1226,40
1227,40
1228,40
1229,40
1230,40
1231,40
1232,40
1233,40
1234,40
1235,40
1236,40
1237,40
1238,40
1239,40
1240,40
1241,40
1242,40
1243,40
1244,40
1245,40
1246,40
1247,40
1248,40
1249,40
1250,40
1251,40
1252,40
1253,40
1254,40
1255,40
1256,40
1257,40
1258,40
1259,40
1260,41
1261,41
1262,41
1263,41
1264,41
1265,41
1266,41
1267,41
1268,41
1269,41
1270,41
1271,41
1272,41
1273,41
1274,41
1275,41
1276,41
1277,41
1278,41
1279,41
1280,41
1281,41
1282,41
1283,41
1284,41
1285,41
1286,41
1287,41
1288,41
1289,41
1290,41
1291,41
1292,41
1293,41
1294,41
1295,41
1296,41
1297,41
1298,41
1299,41
1300,41
1301,41
1302,41
1303,41
1304,41
1305,41
1306,41
1307,41
1308,41
1309,41
1310,41
1311,41
1312,41
1313,41
1314,41
1315,41
1316,41
1317,41
1318,41
1319,41
1320,42
1321,42
1322,42
1323,42
1324,42
1325,42
1326,42
1327,42
1328,42
1329,42
1330,42
1331,42
1332,42
1333,42
1334,42
1335,42
1336,42
1337,42
1338,42
1339,42
1340,42
1341,42
1342,42
1343,42
1344,42
1345,42
1346,42
1347,42
1348,42
1349,42
1350,42
1351,42
1352,42
1353,42
1354,42
1355,42
1356,42
1357,42
1358,42
1359,42
1360,42
1361,42
1362,42
1363,42
1364,42
1365,42
1366,42
1367,42
1368,42
1369,42
1370,42
1371,42
1372,42
1373,42
1374,42
1375,42
1376,42
1377,42
1378,42
1379,42
1380,43
1381,43
1382,43
1383,43
1384,43
1385,43
1386,43
1387,43
1388,43
1389,43
1390,43
1391,43
1392,43
1393,43
1394,43
1395,43
1396,43
1397,43
1398,43
1399,43
1400,43
1401,43
1402,43
1403,43
1404,43
1405,43
1406,43
1407,43
1408,43
1409,43
1410,43
1411,43
1412,43
1413,43
1414,43
1415,43
1416,43
1417,43
1418,43
1419,43
1420,43
1421,43
1422,43
1423,43
1424,43
1425,43
1426,43
1427,43
1428,43
1429,43
1430,43
1431,43
1432,43
1433,43
1434,43
1435,43
1436,43
1437,43
1438,43
1439,43
1440,44
1441,44
1442,44
1443,44
1444,44
1445,44
1446,44
1447,44
1448,44
1449,44
1450,44
1451,44
1452,44
1453,44
1454,44
1455,44
1456,44
1457,44
1458,44
1459,44
1460,44
1461,44
1462,44
1463,44
1464,44
1465,44
1466,44
1467,44
1468,44
1469,44
1470,44
1471,44
1472,44
1473,44
1474,44
1475,44
1476,44
1477,44
1478,44
1479,44
1480,44
1481,44
1482,44
1483,44
1484,44
1485,44
1486,44
1487,44
1488,44
1489,44
1490,44
1491,44
1492,44
1493,44
1494,44
1495,44
1496,44
1497,44
1498,44
1499,44
1500,45
1501,45
1502,45
1503,45
1504,45
1505,45
1506,45
1507,45
1508,45
1509,45
1510,45
1511,45
1512,45
1513,45
1514,45
1515,45
1516,45
1517,45
1518,45
1519,45
1520,45
1521,45
1522,45
1523,45
1524,45
1525,45
1526,45
1527,45
1528,45
1529,45
1530,45
1531,45
1532,45
1533,45
1534,45
1535,45
1536,45
1537,45
1538,45
1539,45
1540,45
1541,45
1542,45
1543,45
1544,45
1545,45
1546,45
1547,45
1548,45
1549,45
1550,45
1551,45
1552,45
1553,45
1554,45
1555,45
1556,45
1557,45
1558,45
1559,45
1560,46
1561,46
1562,46
1563,46
1564,46
1565,46
1566,46
1567,46
1568,46
1569,46
1570,46
1571,46
1572,46
1573,46
1574,46
1575,46
1576,46
1577,46
1578,46
1579,46
1580,46
1581,46
1582,46
1583,46
1584,46
1585,46
1586,46
1587,46
1588,46
1589,46
1590,46
1591,46
1592,46
1593,46
1594,46
1595,46
1596,46
1597,46
1598,46
1599,46
1600,46
1601,46
1602,46
1603,46
1604,46
1605,46
1606,46
1607,46
1608,46
1609,46
1610,46
1611,46
1612,46
1613,46
1614,46
1615,46
1616,46
1617,46
1618,46
1619,46
1620,47
1621,47
1622,47
1623,47
1624,47
1625,47
1626,47
1627,47
1628,47
1629,47
1630,47
1631,47
1632,47
1633,47
1634,47
1635,47
1636,47
1637,47
1638,47
1639,47
1640,47
1641,47
1642,47
1643,47
1644,47
1645,47
1646,47
1647,47
1648,47
1649,47
1650,47
1651,47
1652,47
1653,47
1654,47
1655,47
1656,47
1657,47
1658,47
1659,47
1660,47
1661,47
1662,47
1663,47
1664,47
1665,47
1666,47
1667,47
1668,47
1669,47
1670,47
1671,47
1672,47
1673,47
1674,47
1675,47
1676,47
1677,47
1678,47
1679,47
1680,48
1681,48
1682,48
1683,48
1684,48
1685,48
1686,48
1687,48
1688,48
1689,48
1690,48
1691,48
1692,48
1693,48
1694,48
1695,48
1696,48
1697,48
1698,48
1699,48
1700,48
1701,48
1702,48
1703,48
1704,48
1705,48
1706,48
1707,48
1708,48
1709,48
1710,48
1711,48
1712,48
1713,48
1714,48
1715,48
1716,48
1717,48
1718,48
1719,48
1720,48
1721,48
1722,48
1723,48
1724,48
1725,48
1726,48
1727,48
1728,48
1729,48
1730,48
1731,48
1732,48
1733,48
1734,48
1735,48
1736,48
1737,48
1738,48
1739,48
1740,49
1741,49
1742,49
1743,49
1744,49
1745,49
1746,49
1747,49
1748,49
1749,49
1750,49
1751,49
1752,49
1753,49
1754,49
1755,49
1756,49
1757,49
1758,49
1759,49
1760,49
1761,49
1762,49
1763,49
1764,49
1765,49
1766,49
1767,49
1768,49
1769,49
1770,49
1771,49
1772,49
1773,49
1774,49
1775,49
1776,49
1777,49
1778,49
1779,49
1780,49
1781,49
1782,49
1783,49
1784,49
1785,49
1786,49
1787,49
1788,49
1789,49
1790,49
1791,49
1792,49
1793,49
1794,49
1795,49
1796,49
1797,49
1798,49
1799,49
1800,50
1801,50
1802,50
1803,50
1804,50
1805,50
1806,50
1807,50
1808,50
1809,50
1810,50
1811,50
1812,50
1813,50
1814,50
1815,50
1816,50
1817,50
1818,50
1819,50
1820,50
1821,50
1822,50
1823,50
1824,50
1825,50
1826,50
1827,50
1828,50
1829,50
1830,50
1831,50
1832,50
1833,50
1834,50
1835,50
1836,50
1837,50
1838,50
1839,50
1840,50
1841,50
1842,50
1843,50
1844,50
1845,50
1846,50
1847,50
1848,50
1849,50
1850,50
1851,50
1852,50
1853,50
1854,50
1855,50
1856,50
1857,50
1858,50
1859,50
1860,51
1861,51
1862,51
1863,51
1864,51
1865,51
1866,51
1867,51
1868,51
1869,51
1870,51
1871,51
1872,51
1873,51
1874,51
1875,51
1876,51
1877,51
1878,51
1879,51
1880,51
1881,51
1882,51
1883,51
1884,51
1885,51
1886,51
1887,51
1888,51
1889,51
1890,51
1891,51
1892,51
1893,51
1894,51
1895,51
1896,51
1897,51
1898,51
1899,51
1900,51
1901,51
1902,51
1903,51
1904,51
1905,51
1906,51
1907,51
1908,51
1909,51
1910,51
1911,51
1912,51
1913,51
1914,51
1915,51
1916,51
1917,51
1918,51
1919,51
1920,52
1921,52
1922,52
1923,52
1924,52
1925,52
1926,52
1927,52
1928,52
1929,52
1930,52
1931,52
1932,52
1933,52
1934,52
1935,52
1936,52
1937,52
1938,52
1939,52
1940,52
1941,52
1942,52
1943,52
1944,52
1945,52
1946,52
1947,52
1948,52
1949,52
1950,52
1951,52
1952,52
1953,52
1954,52
1955,52
1956,52
1957,52
1958,52
1959,52
1960,52
1961,52
1962,52
1963,52
1964,52
1965,52
1966,52
1967,52
1968,52
1969,52
1970,52
1971,52
1972,52
1973,52
1974,52
1975,52
1976,52
1977,52
1978,52
1979,52
1980,53
1981,53
1982,53
1983,53
1984,53
1985,53
1986,53
1987,53
1988,53
1989,53
1990,53
1991,53
1992,53
1993,53
1994,53
1995,53
1996,53
1997,53
1998,53
1999,53
2000,53
2001,53
2002,53
2003,53
2004,53
2005,53
2006,53
2007,53
2008,53
2009,53
2010,53
2011,53
2012,53
2013,53
2014,53
2015,53
2016,53
2017,53
2018,53
2019,53
2020,53
2021,53
2022,53
2023,53
2024,53
2025,53
2026,53
2027,53
2028,53
2029,53
2030,53
2031,53
2032,53
2033,53
2034,53
2035,53
2036,53
2037,53
2038,53
2039,53
2040,54
2041,54
2042,54
2043,54
2044,54
2045,54
2046,54
2047,54
2048,54
2049,54
2050,54
2051,54
2052,54
2053,54
2054,54
2055,54
2056,54
2057,54
2058,54
2059,54
2060,54
2061,54
2062,54
2063,54
2064,54
2065,54
2066,54
2067,54
2068,54
2069,54
2070,54
2071,54
2072,54
2073,54
2074,54
2075,54
2076,54
2077,54
2078,54
2079,54
2080,54
2081,54
2082,54
2083,54
2084,54
2085,54
2086,54
2087,54
2088,54
2089,54
2090,54
2091,54
2092,54
2093,54
2094,54
2095,54
2096,54
2097,54
2098,54
2099,54
2100,55
2101,55
2102,55
2103,55
2104,55
2105,55
2106,55
2107,55
2108,55
2109,55
2110,55
2111,55
2112,55
2113,55
2114,55
2115,55
2116,55
2117,55
2118,55
2119,55
2120,55
2121,55
2122,55
2123,55
2124,55
2125,55
2126,55
2127,55
2128,55
2129,55
2130,55
2131,55
2132,55
2133,55
2134,55
2135,55
2136,55
2137,55
2138,55
2139,55
2140,55
2141,55
2142,55
2143,55
2144,55
2145,55
2146,55
2147,55
2148,55
2149,55
2150,55
2151,55
2152,55
2153,55
2154,55
2155,55
2156,55
2157,55
2158,55
2159,55
2160,56
2161,56
2162,56
2163,56
2164,56
2165,56
2166,56
2167,56
2168,56
2169,56
2170,56
2171,56
2172,56
2173,56
2174,56
2175,56
2176,56
2177,56
2178,56
2179,56
2180,56
2181,56
2182,56
2183,56
2184,56
2185,56
2186,56
2187,56
2188,56
2189,56
2190,56
2191,56
2192,56
2193,56
2194,56
2195,56
2196,56
2197,56
2198,56
2199,56
2200,56
2201,56
2202,56
2203,56
2204,56
2205,56
2206,56
2207,56
2208,56
2209,56
2210,56
2211,56
2212,56
2213,56
2214,56
2215,56
2216,56
2217,56
2218,56
2219,56
2220,57
2221,57
2222,57
2223,57
2224,57
2225,57
2226,57
2227,57
2228,57
2229,57
2230,57
2231,57
2232,57
2233,57
2234,57
2235,57
2236,57
2237,57
2238,57
2239,57
2240,57
2241,57
2242,57
2243,57
2244,57
2245,57
2246,57
2247,57
2248,57
2249,57
2250,57
2251,57
2252,57
2253,57
2254,57
2255,57
2256,57
2257,57
2258,57
2259,57
2260,57
2261,57
2262,57
2263,57
2264,57
2265,57
2266,57
2267,57
2268,57
2269,57
2270,57
2271,57
2272,57
2273,57
2274,57
2275,57
2276,57
2277,57
2278,57
2279,57
2280,58
2281,58
2282,58
2283,58
2284,58
2285,58
2286,58
2287,58
2288,58
2289,58
2290,58
2291,58
2292,58
2293,58
2294,58
2295,58
2296,58
2297,58
2298,58
2299,58
2300,58
2301,58
2302,58
2303,58
2304,58
2305,58
2306,58
2307,58
2308,58
2309,58
2310,58
2311,58
2312,58
2313,58
2314,58
2315,58
2316,58
2317,58
2318,58
2319,58
2320,58
2321,58
2322,58
2323,58
2324,58
2325,58
2326,58
2327,58
2328,58
2329,58
2330,58
2331,58
2332,58
2333,58
2334,58
2335,58
2336,58
2337,58
2338,58
2339,58
2340,59
2341,59
2342,59
2343,59
2344,59
2345,59
2346,59
2347,59
2348,59
2349,59
2350,59
2351,59
2352,59
2353,59
2354,59
2355,59
2356,59
2357,59
2358,59
2359,59
2360,59
2361,59
2362,59
2363,59
2364,59
2365,59
2366,59
2367,59
2368,59
2369,59
2370,59
2371,59
2372,59
2373,59
2374,59
2375,59
2376,59
2377,59
2378,59
2379,59
2380,59
2381,59
2382,59
2383,59
2384,59
2385,59
2386,59
2387,59
2388,59
2389,59
2390,59
2391,59
2392,59
2393,59
2394,59
2395,59
2396,59
2397,59
2398,59
2399,59
2400,60
2401,60
2402,60
2403,60
2404,60
2405,60
2406,60
2407,60
2408,60
2409,60
2410,60
2411,60
2412,60
2413,60
2414,60
2415,60
2416,60
2417,60
2418,60
2419,60
2420,60
2421,60
2422,60
2423,60
2424,60
2425,60
2426,60
2427,60
2428,60
2429,60
2430,60
2431,60
2432,60
2433,60
2434,60
2435,60
2436,60
2437,60
2438,60
2439,60
2440,60
2441,60
2442,60
2443,60
2444,60
2445,60
2446,60
2447,60
2448,60
2449,60
2450,60
2451,60
2452,60
2453,60
2454,60
2455,60
2456,60
2457,60
2458,60
2459,60
2460,61
2461,61
2462,61
2463,61
2464,61
2465,61
2466,61
2467,61
2468,61
2469,61
2470,61
2471,61
2472,61
2473,61
2474,61
2475,61
2476,61
2477,61
2478,61
2479,61
2480,61
2481,61
2482,61
2483,61
2484,61
2485,61
2486,61
2487,61
2488,61
2489,61
2490,61
2491,61
2492,61
2493,61
2494,61
2495,61
2496,61
2497,61
2498,61
2499,61
2500,61
2501,61
2502,61
2503,61
2504,61
2505,61
2506,61
2507,61
2508,61
2509,61
2510,61
2511,61
2512,61
2513,61
2514,61
2515,61
2516,61
2517,61
2518,61
2519,61
2520,62
2521,62
2522,62
2523,62
2524,62
2525,62
2526,62
2527,62
2528,62
2529,62
2530,62
2531,62
2532,62
2533,62
2534,62
2535,62
2536,62
2537,62
2538,62
2539,62
2540,62
2541,62
2542,62
2543,62
2544,62
2545,62
2546,62
2547,62
2548,62
2549,62
2550,62
2551,62
2552,62
2553,62
2554,62
2555,62
2556,62
2557,62
2558,62
2559,62
2560,62
2561,62
2562,62
2563,62
2564,62
2565,62
2566,62
2567,62
2568,62
2569,62
2570,62
2571,62
2572,62
2573,62
2574,62
2575,62
2576,62
2577,62
2578,62
2579,62
2580,63
2581,63
2582,63
2583,63
2584,63
2585,63
2586,63
2587,63
2588,63
2589,63
2590,63
2591,63
2592,63
2593,63
2594,63
2595,63
2596,63
2597,63
2598,63
2599,63
2600,63
2601,63
2602,63
2603,63
2604,63
2605,63
2606,63
2607,63
2608,63
2609,63
2610,63
2611,63
2612,63
2613,63
2614,63
2615,63
2616,63
2617,63
2618,63
2619,63
2620,63
2621,63
2622,63
2623,63
2624,63
2625,63
2626,63
2627,63
2628,63
2629,63
2630,63
2631,63
2632,63
2633,63
2634,63
2635,63
2636,63
2637,63
2638,63
2639,63
2640,64
2641,64
2642,64
2643,64
2644,64
2645,64
2646,64
2647,64
2648,64
2649,64
2650,64
2651,64
2652,64
2653,64
2654,64
2655,64
2656,64
2657,64
2658,64
2659,64
2660,64
2661,64
2662,64
2663,64
2664,64
2665,64
2666,64
2667,64
2668,64
2669,64
2670,64
2671,64
2672,64
2673,64
2674,64
2675,64
2676,64
2677,64
2678,64
2679,64
2680,64
2681,64
2682,64
2683,64
2684,64
2685,64
2686,64
2687,64
2688,64
2689,64
2690,64
2691,64
2692,64
2693,64
2694,64
2695,64
2696,64
2697,64
2698,64
2699,64
2700,65
2701,65
2702,65
2703,65
2704,65
2705,65
2706,65
2707,65
2708,65
2709,65
2710,65
2711,65
2712,65
2713,65
2714,65
2715,65
2716,65
2717,65
2718,65
2719,65
2720,65
2721,65
2722,65
2723,65
2724,65
2725,65
2726,65
2727,65
2728,65
2729,65
2730,65
2731,65
2732,65
2733,65
2734,65
2735,65
2736,65
2737,65
2738,65
2739,65
2740,65
2741,65
2742,65
2743,65
2744,65
2745,65
2746,65
2747,65
2748,65
2749,65
2750,65
2751,65
2752,65
2753,65
2754,65
2755,65
2756,65
2757,65
2758,65
2759,65
2760,66
2761,66
2762,66
2763,66
2764,66
2765,66
2766,66
2767,66
2768,66
2769,66
2770,66
2771,66
2772,66
2773,66
2774,66
2775,66
2776,66
2777,66
2778,66
2779,66
2780,66
2781,66
2782,66
2783,66
2784,66
2785,66
2786,66
2787,66
2788,66
2789,66
2790,66
2791,66
2792,66
2793,66
2794,66
2795,66
2796,66
2797,66
2798,66
2799,66
2800,66
2801,66
2802,66
2803,66
2804,66
2805,66
2806,66
2807,66
2808,66
2809,66
2810,66
2811,66
2812,66
2813,66
2814,66
2815,66
2816,66
2817,66
2818,66
2819,66
2820,67
2821,67
2822,67
2823,67
2824,67
2825,67
2826,67
2827,67
2828,67
2829,67
2830,67
2831,67
2832,67
2833,67
2834,67
2835,67
2836,67
2837,67
2838,67
2839,67
2840,67
2841,67
2842,67
2843,67
2844,67
2845,67
2846,67
2847,67
2848,67
2849,67
2850,67
2851,67
2852,67
2853,67
2854,67
2855,67
2856,67
2857,67
2858,67
2859,67
2860,67
2861,67
2862,67
2863,67
2864,67
2865,67
2866,67
2867,67
2868,67
2869,67
2870,67
2871,67
2872,67
2873,67
2874,67
2875,67
2876,67
2877,67
2878,67
2879,67
2880,68
2881,68
2882,68
2883,68
2884,68
2885,68
2886,68
2887,68
2888,68
2889,68
2890,68
2891,68
2892,68
2893,68
2894,68
2895,68
2896,68
2897,68
2898,68
2899,68
2900,68
2901,68
2902,68
2903,68
2904,68
2905,68
2906,68
2907,68
2908,68
2909,68
2910,68
2911,68
2912,68
2913,68
2914,68
2915,68
2916,68
2917,68
2918,68
2919,68
2920,68
2921,68
2922,68
2923,68
2924,68
2925,68
2926,68
2927,68
2928,68
2929,68
2930,68
2931,68
2932,68
2933,68
2934,68
2935,68
2936,68
2937,68
2938,68
2939,68
2940,69
2941,69
2942,69
2943,69
2944,69
2945,69
2946,69
2947,69
2948,69
2949,69
2950,69
2951,69
2952,69
2953,69
2954,69
2955,69
2956,69
2957,69
2958,69
2959,69
2960,69
2961,69
2962,69
2963,69
2964,69
2965,69
2966,69
2967,69
2968,69
2969,69
2970,69
2971,69
2972,69
2973,69
2974,69
2975,69
2976,69
2977,69
2978,69
2979,69
2980,69
2981,69
2982,69
2983,69
2984,69
2985,69
2986,69
2987,69
2988,69
2989,69
2990,69
2991,69
2992,69
2993,69
2994,69
2995,69
2996,69
2997,69
2998,69
2999,69
3000,70
3001,70
3002,70
3003,70
3004,70
3005,70
3006,70
3007,70
3008,70
3009,70
3010,70
3011,70
3012,70
3013,70
3014,70
3015,70
3016,70
3017,70
3018,70
3019,70
3020,70
3021,70
3022,70
3023,70
3024,70
3025,70
3026,70
3027,70
3028,70
3029,70
3030,70
3031,70
3032,70
3033,70
3034,70
3035,70
3036,70
3037,70
3038,70
3039,70
3040,70
3041,70
3042,70
3043,70
3044,70
3045,70
3046,70
3047,70
3048,70
3049,70
3050,70
3051,70
3052,70
3053,70
3054,70
3055,70
3056,70
3057,70
3058,70
3059,70
3060,71
3061,71
3062,71
3063,71
3064,71
3065,71
3066,71
3067,71
3068,71
3069,71
3070,71
3071,71
3072,71
3073,71
3074,71
3075,71
3076,71
3077,71
3078,71
3079,71
3080,71
3081,71
3082,71
3083,71
3084,71
3085,71
3086,71
3087,71
3088,71
3089,71
3090,71
3091,71
3092,71
3093,71
3094,71
3095,71
3096,71
3097,71
3098,71
3099,71
3100,71
3101,71
3102,71
3103,71
3104,71
3105,71
3106,71
3107,71
3108,71
3109,71
3110,71
3111,71
3112,71
3113,71
3114,71
3115,71
3116,71
3117,71
3118,71
3119,71
3120,72
3121,72
3122,72
3123,72
3124,72
3125,72
3126,72
3127,72
3128,72
3129,72
3130,72
3131,72
3132,72
3133,72
3134,72
3135,72
3136,72
3137,72
3138,72
3139,72
3140,72
3141,72
3142,72
3143,72
3144,72
3145,72
3146,72
3147,72
3148,72
3149,72
3150,72
3151,72
3152,72
3153,72
3154,72
3155,72
3156,72
3157,72
3158,72
3159,72
3160,72
3161,72
3162,72
3163,72
3164,72
3165,72
3166,72
3167,72
3168,72
3169,72
3170,72
3171,72
3172,72
3173,72
3174,72
3175,72
3176,72
3177,72
3178,72
3179,72
3180,73
3181,73
3182,73
3183,73
3184,73
3185,73
3186,73
3187,73
3188,73
3189,73
3190,73
3191,73
3192,73
3193,73
3194,73
3195,73
3196,73
3197,73
3198,73
3199,73
3200,73
3201,73
3202,73
3203,73
3204,73
3205,73
3206,73
3207,73
3208,73
3209,73
3210,73
3211,73
3212,73
3213,73
3214,73
3215,73
3216,73
3217,73
3218,73
3219,73
3220,73
3221,73
3222,73
3223,73
3224,73
3225,73
3226,73
3227,73
3228,73
3229,73
3230,73
3231,73
3232,73
3233,73
3234,73
3235,73
3236,73
3237,73
3238,73
3239,73
3240,74
3241,74
3242,74
3243,74
3244,74
3245,74
3246,74
3247,74
3248,74
3249,74
3250,74
3251,74
3252,74
3253,74
3254,74
3255,74
3256,74
3257,74
3258,74
3259,74
3260,74
3261,74
3262,74
3263,74
3264,74
3265,74
3266,74
3267,74
3268,74
3269,74
3270,74
3271,74
3272,74
3273,74
3274,74
3275,74
3276,74
3277,74
3278,74
3279,74
3280,74
3281,74
3282,74
3283,74
3284,74
3285,74
3286,74
3287,74
3288,74
3289,74
3290,74
3291,74
3292,74
3293,74
3294,74
3295,74
3296,74
3297,74
3298,74
3299,74
3300,75
3301,75
3302,75
3303,75
3304,75
3305,75
3306,75
3307,75
3308,75
3309,75
3310,75
3311,75
3312,75
3313,75
3314,75
3315,75
3316,75
3317,75
3318,75
3319,75
3320,75
3321,75
3322,75
3323,75
3324,75
3325,75
3326,75
3327,75
3328,75
3329,75
3330,75
3331,75
3332,75
3333,75
3334,75
3335,75
3336,75
3337,75
3338,75
3339,75
3340,75
3341,75
3342,75
3343,75
3344,75
3345,75
3346,75
3347,75
3348,75
3349,75
3350,75
3351,75
3352,75
3353,75
3354,75
3355,75
3356,75
3357,75
3358,75
3359,75
3360,76
3361,76
3362,76
3363,76
3364,76
3365,76
3366,76
3367,76
3368,76
3369,76
3370,76
3371,76
3372,76
3373,76
3374,76
3375,76
3376,76
3377,76
3378,76
3379,76
3380,76
3381,76
3382,76
3383,76
3384,76
3385,76
3386,76
3387,76
3388,76
3389,76
3390,76
3391,76
3392,76
3393,76
3394,76
3395,76
3396,76
3397,76
3398,76
3399,76
3400,76
3401,76
3402,76
3403,76
3404,76
3405,76
3406,76
3407,76
3408,76
3409,76
3410,76
3411,76
3412,76
3413,76
3414,76
3415,76
3416,76
3417,76
3418,76
3419,76
3420,77
3421,77
3422,77
3423,77
3424,77
3425,77
3426,77
3427,77
3428,77
3429,77
3430,77
3431,77
3432,77
3433,77
3434,77
3435,77
3436,77
3437,77
3438,77
3439,77
3440,77
3441,77
3442,77
3443,77
3444,77
3445,77
3446,77
3447,77
3448,77
3449,77
3450,77
3451,77
3452,77
3453,77
3454,77
3455,77
3456,77
3457,77
3458,77
3459,77
3460,77
3461,77
3462,77
3463,77
3464,77
3465,77
3466,77
3467,77
3468,77
3469,77
3470,77
3471,77
3472,77
3473,77
3474,77
3475,77
3476,77
3477,77
3478,77
3479,77
3480,78
3481,78
3482,78
3483,78
3484,78
3485,78
3486,78
3487,78
3488,78
3489,78
3490,78
3491,78
3492,78
3493,78
3494,78
3495,78
3496,78
3497,78
3498,78
3499,78
3500,78
3501,78
3502,78
3503,78
3504,78
3505,78
3506,78
3507,78
3508,78
3509,78
3510,78
3511,78
3512,78
3513,78
3514,78
3515,78
3516,78
3517,78
3518,78
3519,78
3520,78
3521,78
3522,78
3523,78
3524,78
3525,78
3526,78
3527,78
3528,78
3529,78
3530,78
3531,78
3532,78
3533,78
3534,78
3535,78
3536,78
3537,78
3538,78
3539,78
3540,79
3541,79
3542,79
3543,79
3544,79
3545,79
3546,79
3547,79
3548,79
3549,79
3550,79
3551,79
3552,79
3553,79
3554,79
3555,79
3556,79
3557,79
3558,79
3559,79
3560,79
3561,79
3562,79
3563,79
3564,79
3565,79
3566,79
3567,79
3568,79
3569,79
3570,79
3571,79
3572,79
3573,79
3574,79
3575,79
3576,79
3577,79
3578,79
3579,79
3580,79
3581,79
3582,79
3583,79
3584,79
3585,79
3586,79
3587,79
3588,79
3589,79
3590,79
3591,79
3592,79
3593,79
3594,79
3595,79
3596,79
3597,79
3598,79
3599,79
3600,80
3601,80
3602,80
3603,80
3604,80
3605,80
3606,80
3607,80
3608,80
3609,80
3610,80
3611,80
3612,80
3613,80
3614,80
3615,80
3616,80
3617,80
3618,80
3619,80
3620,80
3621,80
3622,80
3623,80
3624,80
3625,80
3626,80
3627,80
3628,80
3629,80
3630,80
3631,80
3632,80
3633,80
3634,80
3635,80
3636,80
3637,80
3638,80
3639,80
3640,80
3641,80
3642,80
3643,80
3644,80
3645,80
3646,80
3647,80
3648,80
3649,80
3650,80
3651,80
3652,80
3653,80
3654,80
3655,80
3656,80
3657,80
3658,80
3659,80
3660,81
3661,81
3662,81
3663,81
3664,81
3665,81
3666,81
3667,81
3668,81
3669,81
3670,81
3671,81
3672,81
3673,81
3674,81
3675,81
3676,81
3677,81
3678,81
3679,81
3680,81
3681,81
3682,81
3683,81
3684,81
3685,81
3686,81
3687,81
3688,81
3689,81
3690,81
3691,81
3692,81
3693,81
3694,81
3695,81
3696,81
3697,81
3698,81
3699,81
3700,81
3701,81
3702,81
3703,81
3704,81
3705,81
3706,81
3707,81
3708,81
3709,81
3710,81
3711,81
3712,81
3713,81
3714,81
3715,81
3716,81
3717,81
3718,81
3719,81
3720,82
3721,82
3722,82
3723,82
3724,82
3725,82
3726,82
3727,82
3728,82
3729,82
3730,82
3731,82
3732,82
3733,82
3734,82
3735,82
3736,82
3737,82
3738,82
3739,82
3740,82
3741,82
3742,82
3743,82
3744,82
3745,82
3746,82
3747,82
3748,82
3749,82
3750,82
3751,82
3752,82
3753,82
3754,82
3755,82
3756,82
3757,82
3758,82
3759,82
3760,82
3761,82
3762,82
3763,82
3764,82
3765,82
3766,82
3767,82
3768,82
3769,82
3770,82
3771,82
3772,82
3773,82
3774,82
3775,82
3776,82
3777,82
3778,82
3779,82
3780,83
3781,83
3782,83
3783,83
3784,83
3785,83
3786,83
3787,83
3788,83
3789,83
3790,83
3791,83
3792,83
3793,83
3794,83
3795,83
3796,83
3797,83
3798,83
3799,83
3800,83
3801,83
3802,83
3803,83
3804,83
3805,83
3806,83
3807,83
3808,83
3809,83
3810,83
3811,83
3812,83
3813,83
3814,83
3815,83
3816,83
3817,83
3818,83
3819,83
3820,83
3821,83
3822,83
3823,83
3824,83
3825,83
3826,83
3827,83
3828,83
3829,83
3830,83
3831,83
3832,83
3833,83
3834,83
3835,83
3836,83
3837,83
3838,83
3839,83
3840,84
3841,84
3842,84
3843,84
3844,84
3845,84
3846,84
3847,84
3848,84
3849,84
3850,84
3851,84
3852,84
3853,84
3854,84
3855,84
3856,84
3857,84
3858,84
3859,84
3860,84
3861,84
3862,84
3863,84
3864,84
3865,84
3866,84
3867,84
3868,84
3869,84
3870,84
3871,84
3872,84
3873,84
3874,84
3875,84
3876,84
3877,84
3878,84
3879,84
3880,84
3881,84
3882,84
3883,84
3884,84
3885,84
3886,84
3887,84
3888,84
3889,84
3890,84
3891,84
3892,84
3893,84
3894,84
3895,84
3896,84
3897,84
3898,84
3899,84
3900,85
3901,85
3902,85
3903,85
3904,85
3905,85
3906,85
3907,85
3908,85
3909,85
3910,85
3911,85
3912,85
3913,85
3914,85
3915,85
3916,85
3917,85
3918,85
3919,85
3920,85
3921,85
3922,85
3923,85
3924,85
3925,85
3926,85
3927,85
3928,85
3929,85
3930,85
3931,85
3932,85
3933,85
3934,85
3935,85
3936,85
3937,85
3938,85
3939,85
3940,85
3941,85
3942,85
3943,85
3944,85
3945,85
3946,85
3947,85
3948,85
3949,85
3950,85
3951,85
3952,85
3953,85
3954,85
3955,85
3956,85
3957,85
3958,85
3959,85
3960,86
3961,86
3962,86
3963,86
3964,86
3965,86
3966,86
3967,86
3968,86
3969,86
3970,86
3971,86
3972,86
3973,86
3974,86
3975,86
3976,86
3977,86
3978,86
3979,86
3980,86
3981,86
3982,86
3983,86
3984,86
3985,86
3986,86
3987,86
3988,86
3989,86
3990,86
3991,86
3992,86
3993,86
3994,86
3995,86
3996,86
3997,86
3998,86
3999,86
4000,86
4001,86
4002,86
4003,86
4004,86
4005,86
4006,86
4007,86
4008,86
4009,86
4010,86
4011,86
4012,86
4013,86
4014,86
4015,86
4016,86
4017,86
4018,86
4019,86
4020,87
4021,87
4022,87
4023,87
4024,87
4025,87
4026,87
4027,87
4028,87
4029,87
4030,87
4031,87
4032,87
4033,87
4034,87
4035,87
4036,87
4037,87
4038,87
4039,87
4040,87
4041,87
4042,87
4043,87
4044,87
4045,87
4046,87
4047,87
4048,87
4049,87
4050,87
4051,87
4052,87
4053,87
4054,87
4055,87
4056,87
4057,87
4058,87
4059,87
4060,87
4061,87
4062,87
4063,87
4064,87
4065,87
4066,87
4067,87
4068,87
4069,87
4070,87
4071,87
4072,87
4073,87
4074,87
4075,87
4076,87
4077,87
4078,87
4079,87
4080,88
4081,88
4082,88
4083,88
4084,88
4085,88
4086,88
4087,88
4088,88
4089,88
4090,88
4091,88
4092,88
4093,88
4094,88
4095,88
4096,88
4097,88
4098,88
4099,88
4100,88
4101,88
4102,88
4103,88
4104,88
4105,88
4106,88
4107,88
4108,88
4109,88
4110,88
4111,88
4112,88
4113,88
4114,88
4115,88
4116,88
4117,88
4118,88
4119,88
4120,88
4121,88
4122,88
4123,88
4124,88
4125,88
4126,88
4127,88
4128,88
4129,88
4130,88
4131,88
4132,88
4133,88
4134,88
4135,88
4136,88
4137,88
4138,88
4139,88
4140,89
4141,89
4142,89
4143,89
4144,89
4145,89
4146,89
4147,89
4148,89
4149,89
4150,89
4151,89
4152,89
4153,89
4154,89
4155,89
4156,89
4157,89
4158,89
4159,89
4160,89
4161,89
4162,89
4163,89
4164,89
4165,89
4166,89
4167,89
4168,89
4169,89
4170,89
4171,89
4172,89
4173,89
4174,89
4175,89
4176,89
4177,89
4178,89
4179,89
4180,89
4181,89
4182,89
4183,89
4184,89
4185,89
4186,89
4187,89
4188,89
4189,89
4190,89
4191,89
4192,89
4193,89
4194,89
4195,89
4196,89
4197,89
4198,89
4199,89
4200,90
4201,90
4202,90
4203,90
4204,90
4205,90
4206,90
4207,90
4208,90
4209,90
4210,90
4211,90
4212,90
4213,90
4214,90
4215,90
4216,90
4217,90
4218,90
4219,90
4220,90
4221,90
4222,90
4223,90
4224,90
4225,90
4226,90
4227,90
4228,90
4229,90
4230,90
4231,90
4232,90
4233,90
4234,90
4235,90
4236,90
4237,90
4238,90
4239,90
4240,90
4241,90
4242,90
4243,90
4244,90
4245,90
4246,90
4247,90
4248,90
4249,90
4250,90
4251,90
4252,90
4253,90
4254,90
4255,90
4256,90
4257,90
4258,90
4259,90
4260,91
4261,91
4262,91
4263,91
4264,91
4265,91
4266,91
4267,91
4268,91
4269,91
4270,91
4271,91
4272,91
4273,91
4274,91
4275,91
4276,91
4277,91
4278,91
4279,91
4280,91
4281,91
4282,91
4283,91
4284,91
4285,91
4286,91
4287,91
4288,91
4289,91
4290,91
4291,91
4292,91
4293,91
4294,91
4295,91
4296,91
4297,91
4298,91
4299,91
4300,91
4301,91
4302,91
4303,91
4304,91
4305,91
4306,91
4307,91
4308,91
4309,91
4310,91
4311,91
4312,91
4313,91
4314,91
4315,91
4316,91
4317,91
4318,91
4319,91
4320,92
4321,92
4322,92
4323,92
4324,92
4325,92
4326,92
4327,92
4328,92
4329,92
4330,92
4331,92
4332,92
4333,92
4334,92
4335,92
4336,92
4337,92
4338,92
4339,92
4340,92
4341,92
4342,92
4343,92
4344,92
4345,92
4346,92
4347,92
4348,92
4349,92
4350,92
4351,92
4352,92
4353,92
4354,92
4355,92
4356,92
4357,92
4358,92
4359,92
4360,92
4361,92
4362,92
4363,92
4364,92
4365,92
4366,92
4367,92
4368,92
4369,92
4370,92
4371,92
4372,92
4373,92
4374,92
4375,92
4376,92
4377,92
4378,92
4379,92
4380,93
4381,93
4382,93
4383,93
4384,93
4385,93
4386,93
4387,93
4388,93
4389,93
4390,93
4391,93
4392,93
4393,93
4394,93
4395,93
4396,93
4397,93
4398,93
4399,93
4400,93
4401,93
4402,93
4403,93
4404,93
4405,93
4406,93
4407,93
4408,93
4409,93
4410,93
4411,93
4412,93
4413,93
4414,93
4415,93
4416,93
4417,93
4418,93
4419,93
4420,93
4421,93
4422,93
4423,93
4424,93
4425,93
4426,93
4427,93
4428,93
4429,93
4430,93
4431,93
4432,93
4433,93
4434,93
4435,93
4436,93
4437,93
4438,93
4439,93
4440,94
4441,94
4442,94
4443,94
4444,94
4445,94
4446,94
4447,94
4448,94
4449,94
4450,94
4451,94
4452,94
4453,94
4454,94
4455,94
4456,94
4457,94
4458,94
4459,94
4460,94
4461,94
4462,94
4463,94
4464,94
4465,94
4466,94
4467,94
4468,94
4469,94
4470,94
4471,94
4472,94
4473,94
4474,94
4475,94
4476,94
4477,94
4478,94
4479,94
4480,94
4481,94
4482,94
4483,94
4484,94
4485,94
4486,94
4487,94
4488,94
4489,94
4490,94
4491,94
4492,94
4493,94
4494,94
4495,94
4496,94
4497,94
4498,94
4499,94
4500,95
4501,95
4502,95
4503,95
4504,95
4505,95
4506,95
4507,95
4508,95
4509,95
4510,95
4511,95
4512,95
4513,95
4514,95
4515,95
4516,95
4517,95
4518,95
4519,95
4520,95
4521,95
4522,95
4523,95
4524,95
4525,95
4526,95
4527,95
4528,95
4529,95
4530,95
4531,95
4532,95
4533,95
4534,95
4535,95
4536,95
4537,95
4538,95
4539,95
4540,95
4541,95
4542,95
4543,95
4544,95
4545,95
4546,95
4547,95
4548,95
4549,95
4550,95
4551,95
4552,95
4553,95
4554,95
4555,95
4556,95
4557,95
4558,95
4559,95
4560,96
4561,96
4562,96
4563,96
4564,96
4565,96
4566,96
4567,96
4568,96
4569,96
4570,96
4571,96
4572,96
4573,96
4574,96
4575,96
4576,96
4577,96
4578,96
4579,96
4580,96
4581,96
4582,96
4583,96
4584,96
4585,96
4586,96
4587,96
4588,96
4589,96
4590,96
4591,96
4592,96
4593,96
4594,96
4595,96
4596,96
4597,96
4598,96
4599,96
4600,96
4601,96
4602,96
4603,96
4604,96
4605,96
4606,96
4607,96
4608,96
4609,96
4610,96
4611,96
4612,96
4613,96
4614,96
4615,96
4616,96
4617,96
4618,96
4619,96
4620,97
4621,97
4622,97
4623,97
4624,97
4625,97
4626,97
4627,97
4628,97
4629,97
4630,97
4631,97
4632,97
4633,97
4634,97
4635,97
4636,97
4637,97
4638,97
4639,97
4640,97
4641,97
4642,97
4643,97
4644,97
4645,97
4646,97
4647,97
4648,97
4649,97
4650,97
4651,97
4652,97
4653,97
4654,97
4655,97
4656,97
4657,97
4658,97
4659,97
4660,97
4661,97
4662,97
4663,97
4664,97
4665,97
4666,97
4667,97
4668,97
4669,97
4670,97
4671,97
4672,97
4673,97
4674,97
4675,97
4676,97
4677,97
4678,97
4679,97
4680,98
4681,98
4682,98
4683,98
4684,98
4685,98
4686,98
4687,98
4688,98
4689,98
4690,98
4691,98
4692,98
4693,98
4694,98
4695,98
4696,98
4697,98
4698,98
4699,98
4700,98
4701,98
4702,98
4703,98
4704,98
4705,98
4706,98
4707,98
4708,98
4709,98
4710,98
4711,98
4712,98
4713,98
4714,98
4715,98
4716,98
4717,98
4718,98
4719,98
4720,98
4721,98
4722,98
4723,98
4724,98
4725,98
4726,98
4727,98
4728,98
4729,98
4730,98
4731,98
4732,98
4733,98
4734,98
4735,98
4736,98
4737,98
4738,98
4739,98
4740,99
4741,99
4742,99
4743,99
4744,99
4745,99
4746,99
4747,99
4748,99
4749,99
4750,99
4751,99
4752,99
4753,99
4754,99
4755,99
4756,99
4757,99
4758,99
4759,99
4760,99
4761,99
4762,99
4763,99
4764,99
4765,99
4766,99
4767,99
4768,99
4769,99
4770,99
4771,99
4772,99
4773,99
4774,99
4775,99
4776,99
4777,99
4778,99
4779,99
4780,99
4781,99
4782,99
4783,99
4784,99
4785,99
4786,99
4787,99
4788,99
4789,99
4790,99
4791,99
4792,99
4793,99
4794,99
4795,99
4796,99
4797,99
4798,99
4799,99
