0,8
1,8
2,8
3,8
4,8
5,8
6,8
7,8
8,8
9,8
10,8
11,8
12,8
13,8
14,8
15,8
16,8
17,8
18,8
19,8
20,8
21,8
22,8
23,8
24,9
25,9
26,9
27,9
28,9
29,9
30,9
31,9
32,9
33,9
34,9
35,9
36,9
37,9
38,9
39,9
40,9
41,9
42,9
43,9
44,9
45,9
46,9
47,9
48,10
49,10
50,10
51,10
52,10
53,10
54,10
55,10
56,10
57,10
58,10
59,10
60,10
61,10
62,10
63,10
64,10
65,10
66,10
67,10
68,10
69,10
70,10
71,10
72,11
73,11
74,11
75,11
76,11
77,11
78,11
79,11
80,11
81,11
82,11
83,11
84,11
85,11
86,11
87,11
88,11
89,11
90,11
91,11
92,11
93,11
94,11
95,11
96,12
97,12
98,12
99,12
100,12
101,12
102,12
103,12
104,12
105,12
106,12
107,12
108,12
109,12
110,12
111,12
112,12
113,12
114,12
115,12
116,12
117,12
118,12
119,12
120,13
121,13
122,13
123,13
124,13
125,13
126,13
127,13
128,13
129,13
130,13
131,13
132,13
133,13
134,13
135,13
136,13
137,13
138,13
139,13
140,13
141,13
142,13
143,13
144,14
145,14
146,14
147,14
148,14
149,14
150,14
151,14
152,14
153,14
154,14
155,14
156,14
157,14
158,14
159,14
160,14
161,14
162,14
163,14
164,14
165,14
166,14
167,14
168,15
169,15
170,15
171,15
172,15
173,15
174,15
175,15
176,15
177,15
178,15
179,15
180,15
181,15
182,15
183,15
184,15
185,15
186,15
187,15
188,15
189,15
190,15
191,15
192,16
193,16
194,16
195,16
196,16
197,16
198,16
199,16
200,16
201,16
202,16
203,16
204,16
205,16
206,16
207,16
208,16
209,16
210,16
211,16
212,16
213,16
214,16
215,16
216,17
217,17
218,17
219,17
220,17
221,17
222,17
223,17
224,17
225,17
226,17
227,17
228,17
229,17
230,17
231,17
232,17
233,17
234,17
235,17
236,17
237,17
238,17
239,17
240,18
241,18
242,18
243,18
244,18
245,18
246,18
247,18
248,18
249,18
250,18
251,18
252,18
253,18
254,18
255,18
256,18
257,18
258,18
259,18
260,18
261,18
262,18
263,18
264,19
265,19
266,19
267,19
268,19
269,19
270,19
271,19
272,19
273,19
274,19
275,19
276,19
277,19
278,19
279,19
280,19
281,19
282,19
283,19
284,19
285,19
286,19
287,19
288,20
289,20
290,20
291,20
292,20
293,20
294,20
295,20
296,20
297,20
298,20
299,20
300,20
301,20
302,20
303,20
304,20
305,20
306,20
307,20
308,20
309,20
310,20
311,20
312,21
313,21
314,21
315,21
316,21
317,21
318,21
319,21
320,21
321,21
322,21
323,21
324,21
325,21
326,21
327,21
328,21
329,21
330,21
331,21
332,21
333,21
334,21
335,21
336,22
337,22
338,22
339,22
340,22
341,22
342,22
343,22
344,22
345,22
346,22
347,22
348,22
349,22
350,22
351,22
352,22
353,22
354,22
355,22
356,22
357,22
358,22
359,22
360,23
361,23
362,23
363,23
364,23
365,23
366,23
367,23
368,23
369,23
370,23
371,23
372,23
373,23
374,23
375,23
376,23
377,23
378,23
379,23
380,23
381,23
382,23
383,23
384,24
385,24
386,24
387,24
388,24
389,24
390,24
391,24
392,24
393,24
394,24
395,24
396,24
397,24
398,24
399,24
400,24
401,24
402,24
403,24
404,24
405,24
406,24
407,24
408,25
409,25
410,25
411,25
412,25
413,25
414,25
415,25
416,25
417,25
418,25
419,25
420,25
421,25
422,25
423,25
424,25
425,25
426,25
427,25
428,25
429,25
430,25
431,25
432,26
433,26
434,26
435,26
436,26
437,26
438,26
439,26
440,26
441,26
442,26
443,26
444,26
445,26
446,26
447,26
448,26
449,26
450,26
451,26
452,26
453,26
454,26
455,26
456,27
457,27
458,27
459,27
460,27
461,27
462,27
463,27
464,27
465,27
466,27
467,27
468,27
469,27
470,27
471,27
472,27
473,27
474,27
475,27
476,27
477,27
478,27
479,27
480,28
481,28
482,28
483,28
484,28
485,28
486,28
487,28
488,28
489,28
490,28
491,28
492,28
493,28
494,28
495,28
496,28
497,28
498,28
499,28
500,28
501,28
502,28
503,28
504,29
505,29
506,29
507,29
508,29
509,29
510,29
511,29
512,29
513,29
514,29
515,29
516,29
517,29
518,29
519,29
520,29
521,29
522,29
523,29
524,29
525,29
526,29
527,29
528,30
529,30
530,30
531,30
532,30
533,30
534,30
535,30
536,30
537,30
538,30
539,30
540,30
541,30
542,30
543,30
544,30
545,30
546,30
547,30
548,30
549,30
550,30
551,30
552,31
553,31
554,31
555,31
556,31
557,31
558,31
559,31
560,31
561,31
562,31
563,31
564,31
565,31
566,31
567,31
568,31
569,31
570,31
571,31
572,31
573,31
574,31
575,31
576,32
577,32
578,32
579,32
580,32
581,32
582,32
583,32
584,32
585,32
586,32
587,32
588,32
589,32
590,32
591,32
592,32
593,32
594,32
595,32
596,32
597,32
598,32
599,32
600,33
601,33
602,33
603,33
604,33
605,33
606,33
607,33
608,33
609,33
610,33
611,33
612,33
613,33
614,33
615,33
616,33
617,33
618,33
619,33
620,33
621,33
622,33
623,33
624,34
625,34
626,34
627,34
628,34
629,34
630,34
631,34
632,34
633,34
634,34
635,34
636,34
637,34
638,34
639,34
640,34
641,34
642,34
643,34
644,34
645,34
646,34
647,34
648,35
649,35
650,35
651,35
652,35
653,35
654,35
655,35
656,35
657,35
658,35
659,35
660,35
661,35
662,35
663,35
664,35
665,35
666,35
667,35
668,35
669,35
670,35
671,35
672,36
673,36
674,36
675,36
676,36
677,36
678,36
679,36
680,36
681,36
682,36
683,36
684,36
685,36
686,36
687,36
688,36
689,36
690,36
691,36
692,36
693,36
694,36
695,36
696,37
697,37
698,37
699,37
700,37
701,37
702,37
703,37
704,37
705,37
706,37
707,37
708,37
709,37
710,37
711,37
712,37
713,37
714,37
715,37
716,37
717,37
718,37
719,37
720,38
721,38
722,38
723,38
724,38
725,38
726,38
727,38
728,38
729,38
730,38
731,38
732,38
733,38
734,38
735,38
736,38
737,38
738,38
739,38
740,38
741,38
742,38
743,38
744,39
745,39
746,39
747,39
748,39
749,39
750,39
751,39
752,39
753,39
754,39
755,39
756,39
757,39
758,39
759,39
760,39
761,39
762,39
763,39
764,39
765,39
766,39
767,39
