0_2025_10000_200_0_0 50 150 0.622911 0.205462 0.950856 10.3169 204.385 3.71468
0_2025_10000_200_0_0 50 150 100 957046 33627591000 35136.9 9570.46 336275910 2.4177e+09
0_2025_10000_200_1_1 50 150 0.622911 0.205462 0.950856 10.3169 204.385 3.71468
0_2025_10000_200_1_1 50 150 100 957046 33627591000 35136.9 9570.46 336275910 2.4177e+09
0_2025_10000_200_2_2 50 150 0.572395 0.200558 0.880421 9.87246 205.739 3.31725
0_2025_10000_200_2_2 50 150 100 955231 33303709500 34864.6 9552.31 333037095 2.08048e+09
0_2025_10000_200_3_3 50 150 0.553209 0.202819 0.895906 9.83182 192.922 3.3704
0_2025_10000_200_3_3 50 150 100 955520 33394912500 34949.5 9555.2 333949125 2.13033e+09
0_2025_10000_200_4_4 50 150 0.605804 0.200891 0.917944 10.3213 303.337 3.63061
0_2025_10000_200_4_4 50 150 100 955111 33271573500 34835.3 9551.11 332715735 2.33052e+09
0_2025_10000_200_5_5 50 150 0.54565 0.197041 0.856548 9.66834 191.807 3.15787
0_2025_10000_200_5_5 50 150 100 955916 32987607000 34508.9 9559.16 329876070 2.00158e+09
0_2025_10000_200_6_6 50 150 0.551217 0.198963 0.877091 9.87686 210.004 3.30561
0_2025_10000_200_6_6 50 150 100 954538 33294615000 34880.3 9545.38 332946150 2.07516e+09
0_2025_10000_200_7_7 50 150 0.610016 0.203182 0.910728 10.1555 336.558 3.52166
0_2025_10000_200_7_7 50 150 100 954408 33440274000 35037.7 9544.08 334402740 2.31984e+09
0_2025_10000_200_8_8 50 150 0.560068 0.20072 0.891229 9.88933 190.19 3.40232
0_2025_10000_200_8_8 50 150 100 956390 33446677500 34971.8 9563.9 334466775 2.43265e+09
0_2025_10000_200_9_9 50 150 0.585573 0.204043 0.912383 10.0632 257.188 3.49052
0_2025_10000_200_9_9 50 150 100 955920 33526141500 35072.1 9559.2 335261415 2.2803e+09
