0 5 48 0 6 0.015625
0 5 49 0 6 0.015625
0 5 50 0 6 0.015625
0 5 51 0 6 0.015625
0 5 52 0 6 0.015625
0 5 66 0 7 0.015625
0 5 67 0 7 0.015625
0 5 68 0 7 0.015625
0 5 69 0 7 0.015625
0 5 70 0 7 0.015625
0 5 78 0 10 0.015625
0 5 79 0 10 0.015625
0 5 80 0 10 0.015625
0 5 81 0 10 0.015625
0 5 82 0 10 0.015625
0 5 90 0 9 0.015625
0 5 91 0 9 0.015625
0 5 92 0 9 0.015625
0 5 93 0 9 0.015625
0 5 94 0 9 0.015625
0 5 95 0 9 0.015625
0 5 114 0 11 0.015625
0 5 116 0 11 0.015625
0 5 117 0 11 0.015625
0 5 118 0 11 0.015625
0 5 135 0 8 0.015625
0 5 136 0 8 0.015625
0 5 137 0 8 0.015625
0 5 168 0 66 0.015625
0 5 169 0 66 0.015625
0 5 170 0 66 0.015625
0 5 172 0 66 0.015625
0 5 176 0 66 0.015625
0 5 179 0 66 0.015625
0 5 180 0 67 0.015625
0 5 181 0 67 0.015625
0 5 182 0 67 0.015625
0 5 184 0 67 0.015625
0 5 188 0 67 0.015625
0 5 191 0 67 0.015625
0 5 192 0 68 0.015625
0 5 193 0 68 0.015625
0 5 194 0 68 0.015625
0 5 196 0 68 0.015625
0 5 200 0 68 0.015625
0 5 203 0 68 0.015625
0 5 204 0 69 0.015625
0 5 205 0 69 0.015625
0 5 206 0 69 0.015625
0 5 208 0 69 0.015625
0 5 212 0 69 0.015625
0 5 215 0 69 0.015625
0 5 216 0 70 0.015625
0 5 217 0 70 0.015625
0 5 218 0 70 0.015625
0 5 220 0 70 0.015625
0 5 224 0 70 0.015625
0 5 227 0 70 0.015625
0 5 228 0 71 0.015625
0 5 229 0 71 0.015625
0 5 230 0 71 0.015625
0 5 232 0 71 0.015625
0 5 236 0 71 0.015625
0 5 239 0 71 0.015625
0 16 12 0 62 0.015625
0 16 18 0 63 0.015625
0 16 24 0 64 0.015625
0 16 26 0 6 0.015625
0 16 27 0 6 0.015625
0 16 28 0 6 0.015625
0 16 29 0 6 0.015625
0 16 42 0 60 0.015625
0 16 44 0 7 0.015625
0 16 45 0 7 0.015625
0 16 46 0 7 0.015625
0 16 47 0 7 0.015625
0 16 56 0 10 0.015625
0 16 57 0 10 0.015625
0 16 58 0 10 0.015625
0 16 59 0 10 0.015625
0 16 68 0 9 0.015625
0 16 69 0 9 0.015625
0 16 70 0 9 0.015625
0 16 71 0 9 0.015625
0 16 108 0 61 0.015625
0 16 110 0 11 0.015625
0 16 111 0 11 0.015625
0 16 112 0 11 0.015625
0 16 113 0 11 0.015625
0 16 146 0 8 0.015625
0 16 147 0 8 0.015625
0 16 148 0 8 0.015625
0 16 149 0 8 0.015625
0 16 192 0 16 0.015625
0 16 258 0 65 0.015625
0 16 266 0 66 0.015625
0 16 267 0 66 0.015625
0 16 268 0 66 0.015625
0 16 269 0 66 0.015625
0 16 270 0 66 0.015625
0 16 275 0 67 0.015625
0 16 278 0 67 0.015625
0 16 279 0 67 0.015625
0 16 280 0 67 0.015625
0 16 281 0 67 0.015625
0 16 282 0 67 0.015625
0 16 287 0 68 0.015625
0 16 290 0 68 0.015625
0 16 291 0 68 0.015625
0 16 292 0 68 0.015625
0 16 293 0 68 0.015625
0 16 294 0 68 0.015625
0 16 299 0 69 0.015625
0 16 302 0 69 0.015625
0 16 303 0 69 0.015625
0 16 304 0 69 0.015625
0 16 305 0 69 0.015625
0 16 306 0 69 0.015625
0 16 314 0 70 0.015625
0 16 315 0 70 0.015625
0 16 316 0 70 0.015625
0 16 317 0 70 0.015625
0 16 318 0 70 0.015625
0 16 326 0 71 0.015625
0 16 327 0 71 0.015625
0 16 328 0 71 0.015625
0 16 329 0 71 0.015625
0 16 330 0 71 0.015625
0 29 3 0 16 0.046875
0 29 6 0 6 0.015625
0 29 7 0 6 0.015625
0 29 8 0 6 0.015625
0 29 10 0 6 0.015625
0 29 11 0 6 0.015625
0 29 13 0 6 0.015625
0 29 15 0 6 0.015625
0 29 17 0 6 0.015625
0 29 18 0 7 0.015625
0 29 19 0 7 0.015625
0 29 20 0 7 0.015625
0 29 22 0 7 0.015625
0 29 23 0 7 0.015625
0 29 25 0 7 0.015625
0 29 26 0 7 0.015625
0 29 27 0 7 0.015625
0 29 29 0 7 0.015625
0 29 30 0 10 0.015625
0 29 31 0 10 0.015625
0 29 32 0 10 0.015625
0 29 34 0 10 0.015625
0 29 35 0 10 0.015625
0 29 37 0 10 0.015625
0 29 39 0 10 0.015625
0 29 41 0 10 0.015625
0 29 42 0 9 0.015625
0 29 47 0 9 0.015625
0 29 48 0 9 0.015625
0 29 49 0 9 0.015625
0 29 50 0 9 0.015625
0 29 51 0 9 0.015625
0 29 52 0 9 0.015625
0 29 53 0 9 0.015625
0 29 60 0 11 0.015625
0 29 61 0 11 0.015625
0 29 62 0 11 0.015625
0 29 64 0 11 0.015625
0 29 65 0 11 0.015625
0 29 67 0 11 0.015625
0 29 69 0 11 0.015625
0 29 71 0 11 0.015625
0 29 73 0 13 0.015625
0 29 74 0 13 0.015625
0 29 75 0 13 0.015625
0 29 77 0 13 0.015625
0 29 78 0 8 0.015625
0 29 79 0 8 0.015625
0 29 80 0 8 0.015625
0 29 82 0 8 0.015625
0 29 83 0 8 0.015625
0 29 85 0 8 0.015625
0 29 87 0 8 0.015625
0 29 89 0 8 0.015625
0 29 91 0 17 0.015625
0 29 92 0 17 0.015625
0 29 93 0 17 0.015625
0 29 95 0 17 0.015625
0 29 103 0 14 0.015625
0 29 104 0 14 0.015625
0 29 105 0 14 0.015625
0 29 107 0 14 0.015625
0 39 0 0 62 0.03125
0 39 1 0 62 0.015625
0 39 2 0 62 0.03125
0 39 3 0 62 0.03125
0 39 4 0 62 0.03125
0 39 5 0 62 0.03125
0 39 6 0 63 0.03125
0 39 7 0 63 0.03125
0 39 8 0 63 0.015625
0 39 9 0 63 0.03125
0 39 10 0 63 0.03125
0 39 11 0 63 0.015625
0 39 12 0 64 0.03125
0 39 13 0 64 0.015625
0 39 14 0 64 0.03125
0 39 15 0 64 0.03125
0 39 16 0 64 0.015625
0 39 17 0 64 0.03125
0 39 18 0 60 0.03125
0 39 19 0 60 0.03125
0 39 20 0 60 0.03125
0 39 21 0 60 0.015625
0 39 22 0 60 0.015625
0 39 23 0 60 0.03125
0 39 30 0 61 0.03125
0 39 31 0 61 0.015625
0 39 32 0 61 0.03125
0 39 33 0 61 0.03125
0 39 34 0 61 0.03125
0 39 35 0 61 0.03125
0 39 66 0 65 0.03125
0 39 67 0 65 0.03125
0 39 68 0 65 0.03125
0 39 69 0 65 0.03125
0 39 70 0 65 0.03125
0 39 71 0 65 0.03125
9 5 31 9 0 0.015625
9 5 32 9 0 0.015625
9 5 34 9 0 0.015625
9 5 36 9 0 0.015625
9 5 73 9 66 0.015625
9 5 74 9 66 0.015625
9 5 75 9 66 0.015625
9 5 77 9 66 0.015625
9 5 81 9 66 0.015625
9 5 84 9 66 0.015625
9 5 85 9 67 0.015625
9 5 86 9 67 0.015625
9 5 87 9 67 0.015625
9 5 89 9 67 0.015625
9 5 93 9 67 0.015625
9 5 96 9 67 0.015625
9 5 97 9 68 0.015625
9 5 98 9 68 0.015625
9 5 99 9 68 0.015625
9 5 101 9 68 0.015625
9 5 105 9 68 0.015625
9 5 108 9 68 0.015625
9 5 109 9 69 0.015625
9 5 110 9 69 0.015625
9 5 111 9 69 0.015625
9 5 113 9 69 0.015625
9 5 117 9 69 0.015625
9 5 120 9 69 0.015625
9 5 121 9 70 0.015625
9 5 122 9 70 0.015625
9 5 123 9 70 0.015625
9 5 125 9 70 0.015625
9 5 129 9 70 0.015625
9 5 132 9 70 0.015625
9 5 133 9 71 0.015625
9 5 134 9 71 0.015625
9 5 135 9 71 0.015625
9 5 137 9 71 0.015625
9 5 141 9 71 0.015625
9 5 144 9 71 0.015625
9 5 145 9 1 0.015625
9 5 146 9 1 0.015625
9 5 147 9 1 0.015625
9 5 149 9 1 0.015625
9 5 154 9 1 0.015625
9 5 162 9 1 0.015625
9 5 169 9 2 0.015625
9 5 170 9 2 0.015625
9 5 171 9 2 0.015625
9 5 173 9 2 0.015625
9 5 178 9 2 0.015625
9 5 186 9 2 0.015625
9 5 193 9 3 0.015625
9 5 194 9 3 0.015625
9 5 195 9 3 0.015625
9 5 197 9 3 0.015625
9 5 202 9 3 0.015625
9 5 210 9 3 0.015625
9 5 217 9 4 0.015625
9 5 218 9 4 0.015625
9 5 219 9 4 0.015625
9 5 221 9 4 0.015625
9 5 226 9 4 0.015625
9 5 234 9 4 0.015625
9 16 13 9 0 0.015625
9 16 14 9 0 0.015625
9 16 15 9 0 0.015625
9 16 17 9 0 0.015625
9 16 18 9 0 0.015625
9 16 20 9 12 0.015625
9 16 27 9 12 0.015625
9 16 140 9 15 0.015625
9 16 164 9 66 0.015625
9 16 170 9 66 0.015625
9 16 171 9 66 0.015625
9 16 172 9 66 0.015625
9 16 173 9 66 0.015625
9 16 174 9 66 0.015625
9 16 176 9 67 0.015625
9 16 182 9 67 0.015625
9 16 183 9 67 0.015625
9 16 184 9 67 0.015625
9 16 185 9 67 0.015625
9 16 186 9 67 0.015625
9 16 188 9 68 0.015625
9 16 194 9 68 0.015625
9 16 195 9 68 0.015625
9 16 196 9 68 0.015625
9 16 197 9 68 0.015625
9 16 198 9 68 0.015625
9 16 200 9 69 0.015625
9 16 206 9 69 0.015625
9 16 207 9 69 0.015625
9 16 208 9 69 0.015625
9 16 209 9 69 0.015625
9 16 210 9 69 0.015625
9 16 212 9 70 0.015625
9 16 218 9 70 0.015625
9 16 219 9 70 0.015625
9 16 220 9 70 0.015625
9 16 221 9 70 0.015625
9 16 222 9 70 0.015625
9 16 224 9 71 0.015625
9 16 230 9 71 0.015625
9 16 231 9 71 0.015625
9 16 232 9 71 0.015625
9 16 233 9 71 0.015625
9 16 234 9 71 0.015625
9 16 277 9 19 0.015625
9 16 278 9 19 0.015625
9 16 279 9 19 0.015625
9 16 281 9 19 0.015625
9 16 282 9 19 0.015625
9 16 289 9 20 0.015625
9 16 290 9 20 0.015625
9 16 291 9 20 0.015625
9 16 293 9 20 0.015625
9 16 294 9 20 0.015625
9 16 301 9 21 0.015625
9 16 302 9 21 0.015625
9 16 303 9 21 0.015625
9 16 305 9 21 0.015625
9 16 306 9 21 0.015625
9 16 325 9 23 0.015625
9 16 326 9 23 0.015625
9 16 327 9 23 0.015625
9 16 329 9 23 0.015625
9 16 330 9 23 0.015625
9 29 15 9 0 0.015625
9 29 24 9 13 0.015625
9 29 25 9 13 0.015625
9 29 26 9 13 0.015625
9 29 27 9 13 0.015625
9 29 28 9 13 0.015625
9 29 29 9 13 0.015625
9 29 30 9 17 0.015625
9 29 31 9 17 0.015625
9 29 32 9 17 0.015625
9 29 33 9 17 0.015625
9 29 34 9 17 0.015625
9 29 35 9 17 0.015625
9 29 42 9 14 0.015625
9 29 43 9 14 0.015625
9 29 44 9 14 0.015625
9 29 45 9 14 0.015625
9 29 46 9 14 0.015625
9 29 47 9 14 0.015625
9 29 57 9 1 0.015625
9 29 58 9 1 0.015625
9 29 62 9 2 0.015625
9 29 63 9 2 0.015625
9 29 64 9 2 0.015625
9 29 69 9 3 0.015625
9 29 70 9 3 0.015625
9 29 75 9 4 0.015625
9 29 76 9 4 0.015625
9 29 85 9 18 0.015625
9 29 86 9 18 0.015625
9 29 88 9 18 0.015625
9 29 90 9 18 0.015625
9 29 91 9 18 0.015625
9 29 95 9 18 0.015625
9 29 102 9 19 0.015625
9 29 103 9 19 0.015625
9 29 104 9 19 0.015625
9 29 105 9 19 0.015625
9 29 106 9 19 0.015625
9 29 107 9 19 0.015625
9 29 114 9 20 0.015625
9 29 115 9 20 0.015625
9 29 116 9 20 0.015625
9 29 117 9 20 0.015625
9 29 118 9 20 0.015625
9 29 119 9 20 0.015625
9 29 126 9 21 0.015625
9 29 127 9 21 0.015625
9 29 128 9 21 0.015625
9 29 129 9 21 0.015625
9 29 130 9 21 0.015625
9 29 131 9 21 0.015625
9 29 133 9 22 0.015625
9 29 134 9 22 0.015625
9 29 136 9 22 0.015625
9 29 138 9 22 0.015625
9 29 139 9 22 0.015625
9 29 143 9 22 0.015625
9 29 150 9 23 0.015625
9 29 151 9 23 0.015625
9 29 152 9 23 0.015625
9 29 153 9 23 0.015625
9 29 154 9 23 0.015625
9 29 155 9 23 0.015625
9 39 0 9 12 0.015625
9 39 7 9 13 0.015625
9 39 8 9 13 0.015625
9 39 9 9 13 0.015625
9 39 10 9 13 0.015625
9 39 13 9 17 0.015625
9 39 14 9 17 0.015625
9 39 15 9 17 0.015625
9 39 16 9 17 0.015625
9 39 25 9 14 0.015625
9 39 26 9 14 0.015625
9 39 27 9 14 0.015625
9 39 28 9 14 0.015625
9 39 30 9 15 0.015625
9 39 36 9 18 0.015625
9 39 40 9 18 0.015625
9 39 42 9 18 0.015625
9 39 43 9 18 0.015625
9 39 47 9 18 0.015625
9 39 49 9 19 0.015625
9 39 50 9 19 0.015625
9 39 51 9 19 0.015625
9 39 52 9 19 0.015625
9 39 54 9 19 0.015625
9 39 55 9 19 0.015625
9 39 56 9 19 0.015625
9 39 57 9 19 0.015625
9 39 58 9 19 0.015625
9 39 59 9 19 0.015625
9 39 61 9 20 0.015625
9 39 62 9 20 0.015625
9 39 63 9 20 0.015625
9 39 64 9 20 0.015625
9 39 66 9 20 0.015625
9 39 67 9 20 0.015625
9 39 68 9 20 0.015625
9 39 69 9 20 0.015625
9 39 70 9 20 0.015625
9 39 71 9 20 0.015625
9 39 73 9 21 0.015625
9 39 74 9 21 0.015625
9 39 75 9 21 0.015625
9 39 76 9 21 0.015625
9 39 78 9 21 0.015625
9 39 79 9 21 0.015625
9 39 80 9 21 0.015625
9 39 81 9 21 0.015625
9 39 82 9 21 0.015625
9 39 83 9 21 0.015625
9 39 84 9 22 0.015625
9 39 88 9 22 0.015625
9 39 90 9 22 0.015625
9 39 91 9 22 0.015625
9 39 95 9 22 0.015625
9 39 97 9 23 0.015625
9 39 98 9 23 0.015625
9 39 99 9 23 0.015625
9 39 100 9 23 0.015625
9 39 102 9 23 0.015625
9 39 103 9 23 0.015625
9 39 104 9 23 0.015625
9 39 105 9 23 0.015625
9 39 106 9 23 0.015625
9 39 107 9 23 0.015625
13 5 13 13 6 0.015625
13 5 14 13 6 0.015625
13 5 15 13 6 0.015625
13 5 16 13 6 0.015625
13 5 17 13 6 0.015625
13 5 18 13 6 0.015625
13 5 37 13 0 0.015625
13 5 38 13 0 0.015625
13 5 39 13 0 0.015625
13 5 40 13 0 0.015625
13 5 41 13 0 0.015625
13 5 42 13 0 0.015625
13 5 49 13 7 0.015625
13 5 50 13 7 0.015625
13 5 51 13 7 0.015625
13 5 52 13 7 0.015625
13 5 53 13 7 0.015625
13 5 54 13 7 0.015625
13 5 61 13 10 0.015625
13 5 62 13 10 0.015625
13 5 63 13 10 0.015625
13 5 64 13 10 0.015625
13 5 65 13 10 0.015625
13 5 66 13 10 0.015625
13 5 73 13 9 0.015625
13 5 74 13 9 0.015625
13 5 75 13 9 0.015625
13 5 76 13 9 0.015625
13 5 77 13 9 0.015625
13 5 78 13 9 0.015625
13 5 85 13 11 0.015625
13 5 86 13 11 0.015625
13 5 87 13 11 0.015625
13 5 88 13 11 0.015625
13 5 89 13 11 0.015625
13 5 90 13 11 0.015625
13 5 97 13 8 0.015625
13 5 100 13 8 0.015625
13 5 101 13 8 0.015625
13 5 103 13 1 0.015625
13 5 104 13 1 0.015625
13 5 105 13 1 0.015625
13 5 107 13 1 0.015625
13 5 112 13 1 0.015625
13 5 120 13 1 0.015625
13 5 127 13 2 0.015625
13 5 128 13 2 0.015625
13 5 129 13 2 0.015625
13 5 131 13 2 0.015625
13 5 136 13 2 0.015625
13 5 144 13 2 0.015625
13 5 151 13 3 0.015625
13 5 152 13 3 0.015625
13 5 153 13 3 0.015625
13 5 155 13 3 0.015625
13 5 160 13 3 0.015625
13 5 168 13 3 0.015625
13 5 175 13 4 0.015625
13 5 176 13 4 0.015625
13 5 177 13 4 0.015625
13 5 179 13 4 0.015625
13 5 184 13 4 0.015625
13 5 192 13 4 0.015625
13 5 213 13 5 0.015625
13 16 7 13 1 0.015625
13 16 8 13 2 0.015625
13 16 9 13 3 0.015625
13 16 10 13 4 0.015625
13 16 24 13 6 0.015625
13 16 25 13 6 0.015625
13 16 26 13 6 0.015625
13 16 27 13 6 0.015625
13 16 28 13 6 0.015625
13 16 29 13 6 0.015625
13 16 36 13 0 0.015625
13 16 37 13 0 0.015625
13 16 38 13 0 0.015625
13 16 39 13 0 0.015625
13 16 40 13 0 0.015625
13 16 41 13 0 0.015625
13 16 42 13 7 0.015625
13 16 43 13 7 0.015625
13 16 44 13 7 0.015625
13 16 45 13 7 0.015625
13 16 46 13 7 0.015625
13 16 47 13 7 0.015625
13 16 54 13 10 0.015625
13 16 55 13 10 0.015625
13 16 56 13 10 0.015625
13 16 57 13 10 0.015625
13 16 58 13 10 0.015625
13 16 59 13 10 0.015625
13 16 66 13 9 0.015625
13 16 67 13 9 0.015625
13 16 68 13 9 0.015625
13 16 69 13 9 0.015625
13 16 70 13 9 0.015625
13 16 78 13 11 0.015625
13 16 79 13 11 0.015625
13 16 80 13 11 0.015625
13 16 81 13 11 0.015625
13 16 82 13 11 0.015625
13 16 83 13 11 0.015625
13 16 90 13 8 0.015625
13 16 91 13 8 0.015625
13 16 92 13 8 0.015625
13 16 93 13 8 0.015625
13 16 94 13 8 0.015625
13 16 95 13 8 0.015625
13 16 144 13 19 0.015625
13 16 147 13 19 0.015625
13 16 148 13 19 0.015625
13 16 149 13 19 0.015625
13 16 156 13 20 0.015625
13 16 157 13 20 0.015625
13 16 158 13 20 0.015625
13 16 159 13 20 0.015625
13 16 160 13 20 0.015625
13 16 161 13 20 0.015625
13 16 168 13 21 0.015625
13 16 171 13 21 0.015625
13 16 172 13 21 0.015625
13 16 173 13 21 0.015625
13 16 192 13 23 0.015625
13 16 193 13 23 0.015625
13 16 195 13 23 0.015625
13 16 196 13 23 0.015625
13 16 197 13 23 0.015625
13 29 9 13 6 0.015625
13 29 11 13 6 0.015625
13 29 22 13 0 0.015625
13 29 27 13 7 0.015625
13 29 29 13 7 0.015625
13 29 39 13 10 0.015625
13 29 41 13 10 0.015625
13 29 55 13 9 0.015625
13 29 56 13 9 0.015625
13 29 57 13 9 0.015625
13 29 58 13 9 0.015625
13 29 59 13 9 0.015625
13 29 60 13 9 0.015625
13 29 63 13 11 0.015625
13 29 65 13 11 0.015625
13 29 75 13 8 0.015625
13 29 77 13 8 0.015625
13 29 88 13 1 0.015625
13 29 94 13 2 0.015625
13 29 100 13 3 0.015625
13 29 106 13 4 0.015625
13 29 117 13 18 0.015625
13 29 119 13 18 0.015625
13 29 121 13 18 0.015625
13 29 122 13 18 0.015625
13 29 123 13 18 0.015625
13 29 124 13 18 0.015625
13 29 125 13 18 0.015625
13 29 126 13 18 0.015625
13 29 133 13 19 0.015625
13 29 134 13 19 0.015625
13 29 135 13 19 0.015625
13 29 136 13 19 0.015625
13 29 137 13 19 0.015625
13 29 138 13 19 0.015625
13 29 145 13 20 0.015625
13 29 146 13 20 0.015625
13 29 147 13 20 0.015625
13 29 148 13 20 0.015625
13 29 149 13 20 0.015625
13 29 150 13 20 0.015625
13 29 157 13 21 0.015625
13 29 158 13 21 0.015625
13 29 159 13 21 0.015625
13 29 160 13 21 0.015625
13 29 161 13 21 0.015625
13 29 162 13 21 0.015625
13 29 165 13 22 0.015625
13 29 167 13 22 0.015625
13 29 169 13 22 0.015625
13 29 170 13 22 0.015625
13 29 171 13 22 0.015625
13 29 173 13 22 0.015625
13 29 174 13 22 0.015625
13 29 181 13 23 0.015625
13 29 182 13 23 0.015625
13 29 183 13 23 0.015625
13 29 184 13 23 0.015625
13 29 185 13 23 0.015625
13 29 186 13 23 0.015625
13 29 230 13 25 0.015625
13 29 254 13 26 0.015625
13 29 278 13 27 0.015625
13 29 302 13 28 0.015625
13 39 6 13 18 0.015625
13 39 7 13 18 0.015625
13 39 8 13 18 0.015625
13 39 9 13 18 0.015625
13 39 10 13 18 0.015625
13 39 12 13 18 0.015625
13 39 13 13 18 0.015625
13 39 16 13 18 0.015625
13 39 17 13 18 0.015625
13 39 19 13 19 0.015625
13 39 20 13 19 0.015625
13 39 21 13 19 0.015625
13 39 22 13 19 0.015625
13 39 24 13 19 0.015625
13 39 25 13 19 0.015625
13 39 26 13 19 0.015625
13 39 27 13 19 0.015625
13 39 28 13 19 0.015625
13 39 29 13 19 0.015625
13 39 31 13 20 0.015625
13 39 32 13 20 0.015625
13 39 33 13 20 0.015625
13 39 34 13 20 0.015625
13 39 36 13 20 0.015625
13 39 37 13 20 0.015625
13 39 38 13 20 0.015625
13 39 39 13 20 0.015625
13 39 40 13 20 0.015625
13 39 41 13 20 0.015625
13 39 43 13 21 0.015625
13 39 44 13 21 0.015625
13 39 45 13 21 0.015625
13 39 46 13 21 0.015625
13 39 48 13 21 0.015625
13 39 49 13 21 0.015625
13 39 50 13 21 0.015625
13 39 51 13 21 0.015625
13 39 52 13 21 0.015625
13 39 53 13 21 0.015625
13 39 54 13 22 0.015625
13 39 55 13 22 0.015625
13 39 56 13 22 0.015625
13 39 57 13 22 0.015625
13 39 58 13 22 0.015625
13 39 60 13 22 0.015625
13 39 61 13 22 0.015625
13 39 64 13 22 0.015625
13 39 65 13 22 0.015625
13 39 67 13 23 0.015625
13 39 68 13 23 0.015625
13 39 69 13 23 0.015625
13 39 70 13 23 0.015625
13 39 72 13 23 0.015625
13 39 73 13 23 0.015625
13 39 74 13 23 0.015625
13 39 75 13 23 0.015625
13 39 76 13 23 0.015625
13 39 77 13 23 0.015625
13 39 78 13 24 0.015625
13 39 79 13 24 0.015625
13 39 80 13 24 0.015625
13 39 81 13 24 0.015625
13 39 82 13 24 0.015625
13 39 83 13 24 0.015625
14 5 13 14 6 0.015625
14 5 14 14 6 0.015625
14 5 16 14 6 0.015625
14 5 17 14 6 0.015625
14 5 18 14 6 0.015625
14 5 37 14 0 0.015625
14 5 38 14 0 0.015625
14 5 39 14 0 0.015625
14 5 40 14 0 0.015625
14 5 41 14 0 0.015625
14 5 42 14 0 0.015625
14 5 49 14 7 0.015625
14 5 50 14 7 0.015625
14 5 51 14 7 0.015625
14 5 52 14 7 0.015625
14 5 53 14 7 0.015625
14 5 54 14 7 0.015625
14 5 61 14 10 0.015625
14 5 62 14 10 0.015625
14 5 64 14 10 0.015625
14 5 65 14 10 0.015625
14 5 66 14 10 0.015625
14 5 73 14 9 0.015625
14 5 74 14 9 0.015625
14 5 75 14 9 0.015625
14 5 76 14 9 0.015625
14 5 77 14 9 0.015625
14 5 78 14 9 0.015625
14 5 86 14 11 0.015625
14 5 87 14 11 0.015625
14 5 88 14 11 0.015625
14 5 89 14 11 0.015625
14 5 90 14 11 0.015625
14 5 97 14 8 0.015625
14 5 98 14 8 0.015625
14 5 99 14 8 0.015625
14 5 100 14 8 0.015625
14 5 101 14 8 0.015625
14 5 102 14 8 0.015625
14 5 103 14 1 0.015625
14 5 104 14 1 0.015625
14 5 105 14 1 0.015625
14 5 107 14 1 0.015625
14 5 112 14 1 0.015625
14 5 120 14 1 0.015625
14 5 127 14 2 0.015625
14 5 128 14 2 0.015625
14 5 129 14 2 0.015625
14 5 131 14 2 0.015625
14 5 136 14 2 0.015625
14 5 144 14 2 0.015625
14 5 151 14 3 0.015625
14 5 152 14 3 0.015625
14 5 153 14 3 0.015625
14 5 155 14 3 0.015625
14 5 160 14 3 0.015625
14 5 168 14 3 0.015625
14 5 175 14 4 0.015625
14 5 176 14 4 0.015625
14 5 177 14 4 0.015625
14 5 179 14 4 0.015625
14 5 184 14 4 0.015625
14 5 192 14 4 0.015625
14 5 213 14 5 0.015625
14 16 7 14 1 0.015625
14 16 8 14 2 0.015625
14 16 9 14 3 0.015625
14 16 10 14 4 0.015625
14 16 24 14 6 0.015625
14 16 25 14 6 0.015625
14 16 26 14 6 0.015625
14 16 27 14 6 0.015625
14 16 28 14 6 0.015625
14 16 29 14 6 0.015625
14 16 36 14 0 0.015625
14 16 37 14 0 0.015625
14 16 38 14 0 0.015625
14 16 39 14 0 0.015625
14 16 40 14 0 0.015625
14 16 41 14 0 0.015625
14 16 42 14 7 0.015625
14 16 43 14 7 0.015625
14 16 44 14 7 0.015625
14 16 45 14 7 0.015625
14 16 46 14 7 0.015625
14 16 47 14 7 0.015625
14 16 54 14 10 0.015625
14 16 55 14 10 0.015625
14 16 56 14 10 0.015625
14 16 57 14 10 0.015625
14 16 58 14 10 0.015625
14 16 59 14 10 0.015625
14 16 66 14 9 0.015625
14 16 67 14 9 0.015625
14 16 68 14 9 0.015625
14 16 69 14 9 0.015625
14 16 70 14 9 0.015625
14 16 78 14 11 0.015625
14 16 79 14 11 0.015625
14 16 80 14 11 0.015625
14 16 81 14 11 0.015625
14 16 82 14 11 0.015625
14 16 83 14 11 0.015625
14 16 90 14 8 0.015625
14 16 91 14 8 0.015625
14 16 92 14 8 0.015625
14 16 93 14 8 0.015625
14 16 94 14 8 0.015625
14 16 95 14 8 0.015625
14 16 144 14 19 0.015625
14 16 146 14 19 0.015625
14 16 147 14 19 0.015625
14 16 148 14 19 0.015625
14 16 149 14 19 0.015625
14 16 156 14 20 0.015625
14 16 157 14 20 0.015625
14 16 158 14 20 0.015625
14 16 159 14 20 0.015625
14 16 160 14 20 0.015625
14 16 161 14 20 0.015625
14 16 168 14 21 0.015625
14 16 171 14 21 0.015625
14 16 172 14 21 0.015625
14 16 173 14 21 0.015625
14 16 192 14 23 0.015625
14 16 195 14 23 0.015625
14 16 196 14 23 0.015625
14 16 197 14 23 0.015625
14 29 8 14 6 0.015625
14 29 9 14 6 0.015625
14 29 22 14 0 0.015625
14 29 26 14 7 0.015625
14 29 27 14 7 0.015625
14 29 38 14 10 0.015625
14 29 39 14 10 0.015625
14 29 55 14 9 0.015625
14 29 56 14 9 0.015625
14 29 57 14 9 0.015625
14 29 58 14 9 0.015625
14 29 59 14 9 0.015625
14 29 60 14 9 0.015625
14 29 62 14 11 0.015625
14 29 63 14 11 0.015625
14 29 74 14 8 0.015625
14 29 75 14 8 0.015625
14 29 88 14 1 0.015625
14 29 94 14 2 0.015625
14 29 100 14 3 0.015625
14 29 106 14 4 0.015625
14 29 116 14 18 0.015625
14 29 117 14 18 0.015625
14 29 121 14 18 0.015625
14 29 122 14 18 0.015625
14 29 123 14 18 0.015625
14 29 124 14 18 0.015625
14 29 125 14 18 0.015625
14 29 126 14 18 0.015625
14 29 133 14 19 0.015625
14 29 134 14 19 0.015625
14 29 135 14 19 0.015625
14 29 136 14 19 0.015625
14 29 137 14 19 0.015625
14 29 138 14 19 0.015625
14 29 145 14 20 0.015625
14 29 146 14 20 0.015625
14 29 147 14 20 0.015625
14 29 148 14 20 0.015625
14 29 149 14 20 0.015625
14 29 150 14 20 0.015625
14 29 157 14 21 0.015625
14 29 158 14 21 0.015625
14 29 159 14 21 0.015625
14 29 160 14 21 0.015625
14 29 161 14 21 0.015625
14 29 162 14 21 0.015625
14 29 164 14 22 0.015625
14 29 165 14 22 0.015625
14 29 169 14 22 0.015625
14 29 170 14 22 0.015625
14 29 171 14 22 0.015625
14 29 173 14 22 0.015625
14 29 174 14 22 0.015625
14 29 181 14 23 0.015625
14 29 182 14 23 0.015625
14 29 183 14 23 0.015625
14 29 184 14 23 0.015625
14 29 185 14 23 0.015625
14 29 186 14 23 0.015625
14 29 230 14 25 0.015625
14 29 254 14 26 0.015625
14 29 278 14 27 0.015625
14 29 302 14 28 0.015625
14 39 6 14 18 0.015625
14 39 7 14 18 0.015625
14 39 8 14 18 0.015625
14 39 9 14 18 0.015625
14 39 10 14 18 0.015625
14 39 12 14 18 0.015625
14 39 13 14 18 0.015625
14 39 16 14 18 0.015625
14 39 17 14 18 0.015625
14 39 19 14 19 0.015625
14 39 20 14 19 0.015625
14 39 21 14 19 0.015625
14 39 22 14 19 0.015625
14 39 24 14 19 0.015625
14 39 25 14 19 0.015625
14 39 26 14 19 0.015625
14 39 27 14 19 0.015625
14 39 28 14 19 0.015625
14 39 29 14 19 0.015625
14 39 31 14 20 0.015625
14 39 32 14 20 0.015625
14 39 33 14 20 0.015625
14 39 34 14 20 0.015625
14 39 36 14 20 0.015625
14 39 37 14 20 0.015625
14 39 38 14 20 0.015625
14 39 39 14 20 0.015625
14 39 40 14 20 0.015625
14 39 41 14 20 0.015625
14 39 43 14 21 0.015625
14 39 44 14 21 0.015625
14 39 45 14 21 0.015625
14 39 46 14 21 0.015625
14 39 48 14 21 0.015625
14 39 49 14 21 0.015625
14 39 50 14 21 0.015625
14 39 51 14 21 0.015625
14 39 52 14 21 0.015625
14 39 53 14 21 0.015625
14 39 54 14 22 0.015625
14 39 55 14 22 0.015625
14 39 56 14 22 0.015625
14 39 57 14 22 0.015625
14 39 58 14 22 0.015625
14 39 60 14 22 0.015625
14 39 61 14 22 0.015625
14 39 64 14 22 0.015625
14 39 65 14 22 0.015625
14 39 67 14 23 0.015625
14 39 68 14 23 0.015625
14 39 69 14 23 0.015625
14 39 70 14 23 0.015625
14 39 72 14 23 0.015625
14 39 73 14 23 0.015625
14 39 74 14 23 0.015625
14 39 75 14 23 0.015625
14 39 76 14 23 0.015625
14 39 77 14 23 0.015625
14 39 78 14 24 0.015625
14 39 79 14 24 0.015625
14 39 80 14 24 0.015625
14 39 81 14 24 0.015625
14 39 82 14 24 0.015625
14 39 83 14 24 0.015625
17 5 13 17 6 0.015625
17 5 14 17 6 0.015625
17 5 15 17 6 0.015625
17 5 16 17 6 0.015625
17 5 17 17 6 0.015625
17 5 18 17 6 0.015625
17 5 37 17 0 0.015625
17 5 38 17 0 0.015625
17 5 39 17 0 0.015625
17 5 40 17 0 0.015625
17 5 41 17 0 0.015625
17 5 42 17 0 0.015625
17 5 49 17 7 0.015625
17 5 50 17 7 0.015625
17 5 51 17 7 0.015625
17 5 52 17 7 0.015625
17 5 53 17 7 0.015625
17 5 54 17 7 0.015625
17 5 61 17 10 0.015625
17 5 62 17 10 0.015625
17 5 64 17 10 0.015625
17 5 65 17 10 0.015625
17 5 66 17 10 0.015625
17 5 73 17 9 0.015625
17 5 74 17 9 0.015625
17 5 75 17 9 0.015625
17 5 76 17 9 0.015625
17 5 77 17 9 0.015625
17 5 78 17 9 0.015625
17 5 85 17 11 0.015625
17 5 86 17 11 0.015625
17 5 88 17 11 0.015625
17 5 89 17 11 0.015625
17 5 90 17 11 0.015625
17 5 98 17 8 0.015625
17 5 99 17 8 0.015625
17 5 100 17 8 0.015625
17 5 101 17 8 0.015625
17 5 102 17 8 0.015625
17 5 103 17 1 0.015625
17 5 104 17 1 0.015625
17 5 105 17 1 0.015625
17 5 107 17 1 0.015625
17 5 112 17 1 0.015625
17 5 120 17 1 0.015625
17 5 127 17 2 0.015625
17 5 128 17 2 0.015625
17 5 129 17 2 0.015625
17 5 131 17 2 0.015625
17 5 136 17 2 0.015625
17 5 144 17 2 0.015625
17 5 151 17 3 0.015625
17 5 152 17 3 0.015625
17 5 153 17 3 0.015625
17 5 155 17 3 0.015625
17 5 160 17 3 0.015625
17 5 168 17 3 0.015625
17 5 175 17 4 0.015625
17 5 176 17 4 0.015625
17 5 177 17 4 0.015625
17 5 179 17 4 0.015625
17 5 184 17 4 0.015625
17 5 192 17 4 0.015625
17 5 213 17 5 0.015625
17 16 7 17 1 0.015625
17 16 8 17 2 0.015625
17 16 9 17 3 0.015625
17 16 10 17 4 0.015625
17 16 24 17 6 0.015625
17 16 25 17 6 0.015625
17 16 26 17 6 0.015625
17 16 27 17 6 0.015625
17 16 28 17 6 0.015625
17 16 29 17 6 0.015625
17 16 36 17 0 0.015625
17 16 37 17 0 0.015625
17 16 38 17 0 0.015625
17 16 39 17 0 0.015625
17 16 40 17 0 0.015625
17 16 41 17 0 0.015625
17 16 42 17 7 0.015625
17 16 43 17 7 0.015625
17 16 44 17 7 0.015625
17 16 45 17 7 0.015625
17 16 46 17 7 0.015625
17 16 47 17 7 0.015625
17 16 54 17 10 0.015625
17 16 55 17 10 0.015625
17 16 56 17 10 0.015625
17 16 57 17 10 0.015625
17 16 58 17 10 0.015625
17 16 59 17 10 0.015625
17 16 66 17 9 0.015625
17 16 67 17 9 0.015625
17 16 68 17 9 0.015625
17 16 69 17 9 0.015625
17 16 70 17 9 0.015625
17 16 78 17 11 0.015625
17 16 79 17 11 0.015625
17 16 80 17 11 0.015625
17 16 81 17 11 0.015625
17 16 82 17 11 0.015625
17 16 83 17 11 0.015625
17 16 90 17 8 0.015625
17 16 91 17 8 0.015625
17 16 92 17 8 0.015625
17 16 93 17 8 0.015625
17 16 94 17 8 0.015625
17 16 95 17 8 0.015625
17 16 144 17 19 0.015625
17 16 146 17 19 0.015625
17 16 147 17 19 0.015625
17 16 148 17 19 0.015625
17 16 149 17 19 0.015625
17 16 156 17 20 0.015625
17 16 157 17 20 0.015625
17 16 158 17 20 0.015625
17 16 159 17 20 0.015625
17 16 160 17 20 0.015625
17 16 161 17 20 0.015625
17 16 168 17 21 0.015625
17 16 171 17 21 0.015625
17 16 172 17 21 0.015625
17 16 173 17 21 0.015625
17 16 192 17 23 0.015625
17 16 195 17 23 0.015625
17 16 196 17 23 0.015625
17 16 197 17 23 0.015625
17 29 8 17 6 0.015625
17 29 11 17 6 0.015625
17 29 22 17 0 0.015625
17 29 26 17 7 0.015625
17 29 29 17 7 0.015625
17 29 38 17 10 0.015625
17 29 41 17 10 0.015625
17 29 55 17 9 0.015625
17 29 56 17 9 0.015625
17 29 57 17 9 0.015625
17 29 58 17 9 0.015625
17 29 59 17 9 0.015625
17 29 60 17 9 0.015625
17 29 62 17 11 0.015625
17 29 65 17 11 0.015625
17 29 74 17 8 0.015625
17 29 77 17 8 0.015625
17 29 88 17 1 0.015625
17 29 94 17 2 0.015625
17 29 100 17 3 0.015625
17 29 106 17 4 0.015625
17 29 116 17 18 0.015625
17 29 119 17 18 0.015625
17 29 121 17 18 0.015625
17 29 122 17 18 0.015625
17 29 123 17 18 0.015625
17 29 124 17 18 0.015625
17 29 125 17 18 0.015625
17 29 126 17 18 0.015625
17 29 133 17 19 0.015625
17 29 134 17 19 0.015625
17 29 135 17 19 0.015625
17 29 136 17 19 0.015625
17 29 137 17 19 0.015625
17 29 138 17 19 0.015625
17 29 145 17 20 0.015625
17 29 146 17 20 0.015625
17 29 147 17 20 0.015625
17 29 148 17 20 0.015625
17 29 149 17 20 0.015625
17 29 150 17 20 0.015625
17 29 157 17 21 0.015625
17 29 158 17 21 0.015625
17 29 159 17 21 0.015625
17 29 160 17 21 0.015625
17 29 161 17 21 0.015625
17 29 162 17 21 0.015625
17 29 164 17 22 0.015625
17 29 167 17 22 0.015625
17 29 169 17 22 0.015625
17 29 170 17 22 0.015625
17 29 171 17 22 0.015625
17 29 173 17 22 0.015625
17 29 174 17 22 0.015625
17 29 181 17 23 0.015625
17 29 182 17 23 0.015625
17 29 183 17 23 0.015625
17 29 184 17 23 0.015625
17 29 185 17 23 0.015625
17 29 186 17 23 0.015625
17 29 230 17 25 0.015625
17 29 254 17 26 0.015625
17 29 278 17 27 0.015625
17 29 302 17 28 0.015625
17 39 6 17 18 0.015625
17 39 7 17 18 0.015625
17 39 8 17 18 0.015625
17 39 9 17 18 0.015625
17 39 10 17 18 0.015625
17 39 12 17 18 0.015625
17 39 13 17 18 0.015625
17 39 16 17 18 0.015625
17 39 17 17 18 0.015625
17 39 19 17 19 0.015625
17 39 20 17 19 0.015625
17 39 21 17 19 0.015625
17 39 22 17 19 0.015625
17 39 24 17 19 0.015625
17 39 25 17 19 0.015625
17 39 26 17 19 0.015625
17 39 27 17 19 0.015625
17 39 28 17 19 0.015625
17 39 29 17 19 0.015625
17 39 31 17 20 0.015625
17 39 32 17 20 0.015625
17 39 33 17 20 0.015625
17 39 34 17 20 0.015625
17 39 36 17 20 0.015625
17 39 37 17 20 0.015625
17 39 38 17 20 0.015625
17 39 39 17 20 0.015625
17 39 40 17 20 0.015625
17 39 41 17 20 0.015625
17 39 43 17 21 0.015625
17 39 44 17 21 0.015625
17 39 45 17 21 0.015625
17 39 46 17 21 0.015625
17 39 48 17 21 0.015625
17 39 49 17 21 0.015625
17 39 50 17 21 0.015625
17 39 51 17 21 0.015625
17 39 52 17 21 0.015625
17 39 53 17 21 0.015625
17 39 54 17 22 0.015625
17 39 55 17 22 0.015625
17 39 56 17 22 0.015625
17 39 57 17 22 0.015625
17 39 58 17 22 0.015625
17 39 60 17 22 0.015625
17 39 61 17 22 0.015625
17 39 64 17 22 0.015625
17 39 65 17 22 0.015625
17 39 67 17 23 0.015625
17 39 68 17 23 0.015625
17 39 69 17 23 0.015625
17 39 70 17 23 0.015625
17 39 72 17 23 0.015625
17 39 73 17 23 0.015625
17 39 74 17 23 0.015625
17 39 75 17 23 0.015625
17 39 76 17 23 0.015625
17 39 77 17 23 0.015625
17 39 78 17 24 0.015625
17 39 79 17 24 0.015625
17 39 80 17 24 0.015625
17 39 81 17 24 0.015625
17 39 82 17 24 0.015625
17 39 83 17 24 0.015625
19 5 18 19 6 0.015625
19 5 19 19 6 0.015625
19 5 20 19 6 0.015625
19 5 21 19 6 0.015625
19 5 22 19 6 0.015625
19 5 23 19 6 0.015625
19 5 30 19 7 0.015625
19 5 31 19 7 0.015625
19 5 32 19 7 0.015625
19 5 33 19 7 0.015625
19 5 34 19 7 0.015625
19 5 35 19 7 0.015625
19 5 42 19 10 0.015625
19 5 43 19 10 0.015625
19 5 44 19 10 0.015625
19 5 45 19 10 0.015625
19 5 46 19 10 0.015625
19 5 47 19 10 0.015625
19 5 54 19 9 0.03125
19 5 55 19 9 0.03125
19 5 56 19 9 0.03125
19 5 57 19 9 0.03125
19 5 58 19 9 0.03125
19 5 59 19 9 0.03125
19 5 63 19 12 0.015625
19 5 72 19 11 0.015625
19 5 73 19 11 0.015625
19 5 74 19 11 0.015625
19 5 75 19 11 0.015625
19 5 76 19 11 0.015625
19 5 77 19 11 0.015625
19 5 78 19 13 0.015625
19 5 79 19 13 0.015625
19 5 80 19 13 0.015625
19 5 81 19 13 0.015625
19 5 82 19 13 0.015625
19 5 83 19 13 0.015625
19 5 90 19 8 0.015625
19 5 91 19 8 0.015625
19 5 92 19 8 0.015625
19 5 93 19 8 0.015625
19 5 94 19 8 0.015625
19 5 95 19 8 0.015625
19 5 96 19 17 0.015625
19 5 97 19 17 0.015625
19 5 98 19 17 0.015625
19 5 99 19 17 0.015625
19 5 100 19 17 0.015625
19 5 101 19 17 0.015625
19 5 108 19 14 0.015625
19 5 109 19 14 0.015625
19 5 110 19 14 0.015625
19 5 111 19 14 0.015625
19 5 112 19 14 0.015625
19 5 113 19 14 0.015625
19 5 117 19 15 0.015625
19 5 130 19 25 0.015625
19 5 142 19 27 0.015625
19 16 13 19 6 0.015625
19 16 14 19 6 0.015625
19 16 15 19 6 0.015625
19 16 16 19 6 0.015625
19 16 17 19 6 0.015625
19 16 18 19 6 0.015625
19 16 25 19 7 0.015625
19 16 26 19 7 0.015625
19 16 27 19 7 0.015625
19 16 28 19 7 0.015625
19 16 29 19 7 0.015625
19 16 30 19 7 0.015625
19 16 37 19 10 0.015625
19 16 38 19 10 0.015625
19 16 39 19 10 0.015625
19 16 40 19 10 0.015625
19 16 41 19 10 0.015625
19 16 42 19 10 0.015625
19 16 49 19 9 0.015625
19 16 50 19 9 0.015625
19 16 51 19 9 0.015625
19 16 52 19 9 0.015625
19 16 53 19 9 0.015625
19 16 62 19 12 0.015625
19 16 68 19 12 0.015625
19 16 69 19 12 0.015625
19 16 70 19 12 0.015625
19 16 71 19 12 0.015625
19 16 72 19 12 0.015625
19 16 85 19 11 0.015625
19 16 86 19 11 0.015625
19 16 87 19 11 0.015625
19 16 88 19 11 0.015625
19 16 89 19 11 0.015625
19 16 90 19 11 0.015625
19 16 98 19 13 0.015625
19 16 101 19 13 0.015625
19 16 104 19 13 0.015625
19 16 105 19 13 0.015625
19 16 106 19 13 0.015625
19 16 107 19 13 0.015625
19 16 121 19 8 0.015625
19 16 122 19 8 0.015625
19 16 123 19 8 0.015625
19 16 124 19 8 0.015625
19 16 125 19 8 0.015625
19 16 126 19 8 0.015625
19 16 134 19 17 0.015625
19 16 140 19 17 0.015625
19 16 141 19 17 0.015625
19 16 142 19 17 0.015625
19 16 143 19 17 0.015625
19 16 182 19 14 0.015625
19 16 185 19 14 0.015625
19 16 188 19 14 0.015625
19 16 189 19 14 0.015625
19 16 190 19 14 0.015625
19 16 191 19 14 0.015625
19 16 206 19 15 0.015625
19 16 212 19 15 0.015625
19 16 213 19 15 0.015625
19 16 214 19 15 0.015625
19 16 215 19 15 0.015625
19 16 216 19 15 0.015625
19 29 14 19 6 0.015625
19 29 15 19 6 0.015625
19 29 17 19 6 0.015625
19 29 18 19 6 0.015625
19 29 26 19 7 0.015625
19 29 27 19 7 0.015625
19 29 29 19 7 0.015625
19 29 38 19 10 0.015625
19 29 39 19 10 0.015625
19 29 41 19 10 0.015625
19 29 42 19 10 0.015625
19 29 49 19 9 0.015625
19 29 54 19 9 0.015625
19 29 68 19 11 0.015625
19 29 69 19 11 0.015625
19 29 71 19 11 0.015625
19 29 72 19 11 0.015625
19 29 86 19 8 0.015625
19 29 87 19 8 0.015625
19 29 89 19 8 0.015625
19 29 90 19 8 0.015625
19 29 164 19 25 0.015625
19 29 188 19 26 0.015625
19 29 212 19 27 0.015625
19 29 236 19 28 0.015625
19 29 267 19 30 0.015625
19 29 268 19 30 0.015625
19 29 270 19 30 0.015625
19 29 271 19 30 0.015625
19 29 272 19 30 0.015625
19 29 273 19 30 0.015625
19 29 275 19 30 0.015625
19 29 276 19 30 0.015625
19 29 279 19 31 0.015625
19 29 280 19 31 0.015625
19 29 282 19 31 0.015625
19 29 283 19 31 0.015625
19 29 284 19 31 0.015625
19 29 285 19 31 0.015625
19 29 287 19 31 0.015625
19 29 288 19 31 0.015625
19 29 295 19 32 0.015625
19 29 296 19 32 0.015625
19 29 297 19 32 0.015625
19 29 299 19 32 0.015625
19 29 300 19 32 0.015625
19 29 307 19 33 0.015625
19 29 308 19 33 0.015625
19 29 309 19 33 0.015625
19 29 311 19 33 0.015625
19 29 312 19 33 0.015625
19 29 319 19 34 0.015625
19 29 320 19 34 0.015625
19 29 321 19 34 0.015625
19 29 323 19 34 0.015625
19 29 324 19 34 0.015625
19 29 327 19 35 0.015625
19 29 328 19 35 0.015625
19 29 330 19 35 0.015625
19 29 331 19 35 0.015625
19 29 332 19 35 0.015625
19 29 333 19 35 0.015625
19 29 335 19 35 0.015625
19 29 336 19 35 0.015625
19 39 12 19 12 0.015625
19 39 19 19 13 0.015625
19 39 21 19 13 0.015625
19 39 25 19 17 0.015625
19 39 27 19 17 0.015625
19 39 37 19 14 0.015625
19 39 42 19 15 0.015625
19 39 48 19 24 0.015625
19 39 49 19 24 0.015625
19 39 50 19 24 0.015625
19 39 51 19 24 0.015625
19 39 52 19 24 0.015625
19 39 53 19 24 0.015625
19 39 54 19 25 0.015625
19 39 55 19 25 0.015625
19 39 59 19 25 0.015625
19 39 60 19 26 0.015625
19 39 61 19 26 0.015625
19 39 65 19 26 0.015625
19 39 66 19 27 0.015625
19 39 67 19 27 0.015625
19 39 71 19 27 0.015625
19 39 72 19 28 0.015625
19 39 73 19 28 0.015625
19 39 77 19 28 0.015625
19 39 90 19 30 0.015625
19 39 91 19 30 0.015625
19 39 92 19 30 0.015625
19 39 93 19 30 0.015625
19 39 94 19 30 0.015625
19 39 95 19 30 0.015625
19 39 102 19 31 0.015625
19 39 103 19 31 0.015625
19 39 104 19 31 0.015625
19 39 105 19 31 0.015625
19 39 106 19 31 0.015625
19 39 107 19 31 0.015625
19 39 108 19 32 0.015625
19 39 114 19 32 0.015625
19 39 115 19 32 0.015625
19 39 116 19 32 0.015625
19 39 117 19 32 0.015625
19 39 118 19 32 0.015625
19 39 119 19 32 0.015625
19 39 120 19 33 0.015625
19 39 126 19 33 0.015625
19 39 127 19 33 0.015625
19 39 128 19 33 0.015625
19 39 129 19 33 0.015625
19 39 130 19 33 0.015625
19 39 131 19 33 0.015625
19 39 132 19 34 0.015625
19 39 138 19 34 0.015625
19 39 139 19 34 0.015625
19 39 140 19 34 0.015625
19 39 141 19 34 0.015625
19 39 142 19 34 0.015625
19 39 143 19 34 0.015625
19 39 150 19 35 0.015625
19 39 151 19 35 0.015625
19 39 152 19 35 0.015625
19 39 153 19 35 0.015625
19 39 154 19 35 0.015625
19 39 155 19 35 0.015625
20 5 18 20 6 0.015625
20 5 19 20 6 0.015625
20 5 20 20 6 0.015625
20 5 21 20 6 0.015625
20 5 22 20 6 0.015625
20 5 23 20 6 0.015625
20 5 30 20 7 0.015625
20 5 31 20 7 0.015625
20 5 32 20 7 0.015625
20 5 33 20 7 0.015625
20 5 34 20 7 0.015625
20 5 35 20 7 0.015625
20 5 42 20 10 0.015625
20 5 43 20 10 0.015625
20 5 44 20 10 0.015625
20 5 45 20 10 0.015625
20 5 46 20 10 0.015625
20 5 47 20 10 0.015625
20 5 54 20 9 0.03125
20 5 55 20 9 0.03125
20 5 56 20 9 0.03125
20 5 57 20 9 0.03125
20 5 58 20 9 0.03125
20 5 59 20 9 0.03125
20 5 63 20 12 0.015625
20 5 72 20 11 0.015625
20 5 73 20 11 0.015625
20 5 74 20 11 0.015625
20 5 75 20 11 0.015625
20 5 76 20 11 0.015625
20 5 77 20 11 0.015625
20 5 78 20 13 0.015625
20 5 79 20 13 0.015625
20 5 80 20 13 0.015625
20 5 81 20 13 0.015625
20 5 82 20 13 0.015625
20 5 83 20 13 0.015625
20 5 90 20 8 0.015625
20 5 91 20 8 0.015625
20 5 92 20 8 0.015625
20 5 93 20 8 0.015625
20 5 94 20 8 0.015625
20 5 95 20 8 0.015625
20 5 96 20 17 0.015625
20 5 97 20 17 0.015625
20 5 98 20 17 0.015625
20 5 99 20 17 0.015625
20 5 100 20 17 0.015625
20 5 101 20 17 0.015625
20 5 108 20 14 0.015625
20 5 109 20 14 0.015625
20 5 110 20 14 0.015625
20 5 111 20 14 0.015625
20 5 112 20 14 0.015625
20 5 113 20 14 0.015625
20 5 117 20 15 0.015625
20 5 130 20 25 0.015625
20 5 142 20 27 0.015625
20 16 13 20 6 0.015625
20 16 14 20 6 0.015625
20 16 15 20 6 0.015625
20 16 16 20 6 0.015625
20 16 17 20 6 0.015625
20 16 18 20 6 0.015625
20 16 25 20 7 0.015625
20 16 26 20 7 0.015625
20 16 27 20 7 0.015625
20 16 28 20 7 0.015625
20 16 29 20 7 0.015625
20 16 30 20 7 0.015625
20 16 37 20 10 0.015625
20 16 38 20 10 0.015625
20 16 39 20 10 0.015625
20 16 40 20 10 0.015625
20 16 41 20 10 0.015625
20 16 42 20 10 0.015625
20 16 49 20 9 0.015625
20 16 50 20 9 0.015625
20 16 51 20 9 0.015625
20 16 52 20 9 0.015625
20 16 53 20 9 0.015625
20 16 62 20 12 0.015625
20 16 68 20 12 0.015625
20 16 69 20 12 0.015625
20 16 70 20 12 0.015625
20 16 71 20 12 0.015625
20 16 72 20 12 0.015625
20 16 85 20 11 0.015625
20 16 86 20 11 0.015625
20 16 87 20 11 0.015625
20 16 88 20 11 0.015625
20 16 89 20 11 0.015625
20 16 90 20 11 0.015625
20 16 98 20 13 0.015625
20 16 101 20 13 0.015625
20 16 104 20 13 0.015625
20 16 105 20 13 0.015625
20 16 106 20 13 0.015625
20 16 107 20 13 0.015625
20 16 121 20 8 0.015625
20 16 122 20 8 0.015625
20 16 123 20 8 0.015625
20 16 124 20 8 0.015625
20 16 125 20 8 0.015625
20 16 126 20 8 0.015625
20 16 134 20 17 0.015625
20 16 140 20 17 0.015625
20 16 141 20 17 0.015625
20 16 142 20 17 0.015625
20 16 143 20 17 0.015625
20 16 182 20 14 0.015625
20 16 185 20 14 0.015625
20 16 188 20 14 0.015625
20 16 189 20 14 0.015625
20 16 190 20 14 0.015625
20 16 191 20 14 0.015625
20 16 206 20 15 0.015625
20 16 212 20 15 0.015625
20 16 213 20 15 0.015625
20 16 214 20 15 0.015625
20 16 215 20 15 0.015625
20 16 216 20 15 0.015625
20 29 14 20 6 0.015625
20 29 15 20 6 0.015625
20 29 17 20 6 0.015625
20 29 18 20 6 0.015625
20 29 26 20 7 0.015625
20 29 27 20 7 0.015625
20 29 29 20 7 0.015625
20 29 30 20 7 0.015625
20 29 38 20 10 0.015625
20 29 39 20 10 0.015625
20 29 41 20 10 0.015625
20 29 42 20 10 0.015625
20 29 49 20 9 0.015625
20 29 54 20 9 0.015625
20 29 68 20 11 0.015625
20 29 69 20 11 0.015625
20 29 71 20 11 0.015625
20 29 72 20 11 0.015625
20 29 86 20 8 0.015625
20 29 87 20 8 0.015625
20 29 89 20 8 0.015625
20 29 164 20 25 0.015625
20 29 188 20 26 0.015625
20 29 212 20 27 0.015625
20 29 236 20 28 0.015625
20 29 266 20 30 0.015625
20 29 268 20 30 0.015625
20 29 270 20 30 0.015625
20 29 271 20 30 0.015625
20 29 272 20 30 0.015625
20 29 273 20 30 0.015625
20 29 275 20 30 0.015625
20 29 276 20 30 0.015625
20 29 278 20 31 0.015625
20 29 280 20 31 0.015625
20 29 282 20 31 0.015625
20 29 283 20 31 0.015625
20 29 284 20 31 0.015625
20 29 285 20 31 0.015625
20 29 287 20 31 0.015625
20 29 288 20 31 0.015625
20 29 295 20 32 0.015625
20 29 296 20 32 0.015625
20 29 297 20 32 0.015625
20 29 299 20 32 0.015625
20 29 300 20 32 0.015625
20 29 307 20 33 0.015625
20 29 308 20 33 0.015625
20 29 309 20 33 0.015625
20 29 311 20 33 0.015625
20 29 312 20 33 0.015625
20 29 319 20 34 0.015625
20 29 320 20 34 0.015625
20 29 321 20 34 0.015625
20 29 323 20 34 0.015625
20 29 324 20 34 0.015625
20 29 326 20 35 0.015625
20 29 328 20 35 0.015625
20 29 330 20 35 0.015625
20 29 331 20 35 0.015625
20 29 332 20 35 0.015625
20 29 333 20 35 0.015625
20 29 335 20 35 0.015625
20 29 336 20 35 0.015625
20 39 12 20 12 0.015625
20 39 19 20 13 0.015625
20 39 21 20 13 0.015625
20 39 25 20 17 0.015625
20 39 26 20 17 0.015625
20 39 27 20 17 0.015625
20 39 42 20 15 0.015625
20 39 48 20 24 0.015625
20 39 49 20 24 0.015625
20 39 50 20 24 0.015625
20 39 51 20 24 0.015625
20 39 52 20 24 0.015625
20 39 53 20 24 0.015625
20 39 54 20 25 0.015625
20 39 55 20 25 0.015625
20 39 59 20 25 0.015625
20 39 60 20 26 0.015625
20 39 61 20 26 0.015625
20 39 65 20 26 0.015625
20 39 66 20 27 0.015625
20 39 67 20 27 0.015625
20 39 71 20 27 0.015625
20 39 72 20 28 0.015625
20 39 73 20 28 0.015625
20 39 77 20 28 0.015625
20 39 90 20 30 0.015625
20 39 91 20 30 0.015625
20 39 92 20 30 0.015625
20 39 93 20 30 0.015625
20 39 94 20 30 0.015625
20 39 95 20 30 0.015625
20 39 102 20 31 0.015625
20 39 103 20 31 0.015625
20 39 104 20 31 0.015625
20 39 105 20 31 0.015625
20 39 106 20 31 0.015625
20 39 107 20 31 0.015625
20 39 108 20 32 0.015625
20 39 114 20 32 0.015625
20 39 115 20 32 0.015625
20 39 116 20 32 0.015625
20 39 117 20 32 0.015625
20 39 118 20 32 0.015625
20 39 119 20 32 0.015625
20 39 120 20 33 0.015625
20 39 126 20 33 0.015625
20 39 127 20 33 0.015625
20 39 128 20 33 0.015625
20 39 129 20 33 0.015625
20 39 130 20 33 0.015625
20 39 131 20 33 0.015625
20 39 132 20 34 0.015625
20 39 138 20 34 0.015625
20 39 139 20 34 0.015625
20 39 140 20 34 0.015625
20 39 141 20 34 0.015625
20 39 142 20 34 0.015625
20 39 143 20 34 0.015625
20 39 150 20 35 0.015625
20 39 151 20 35 0.015625
20 39 152 20 35 0.015625
20 39 153 20 35 0.015625
20 39 154 20 35 0.015625
20 39 155 20 35 0.015625
21 5 18 21 6 0.015625
21 5 19 21 6 0.015625
21 5 20 21 6 0.015625
21 5 21 21 6 0.015625
21 5 22 21 6 0.015625
21 5 23 21 6 0.015625
21 5 30 21 7 0.015625
21 5 31 21 7 0.015625
21 5 32 21 7 0.015625
21 5 33 21 7 0.015625
21 5 34 21 7 0.015625
21 5 35 21 7 0.015625
21 5 42 21 10 0.015625
21 5 43 21 10 0.015625
21 5 44 21 10 0.015625
21 5 45 21 10 0.015625
21 5 46 21 10 0.015625
21 5 47 21 10 0.015625
21 5 54 21 9 0.03125
21 5 55 21 9 0.03125
21 5 56 21 9 0.03125
21 5 57 21 9 0.03125
21 5 58 21 9 0.03125
21 5 59 21 9 0.03125
21 5 63 21 12 0.015625
21 5 72 21 11 0.015625
21 5 73 21 11 0.015625
21 5 74 21 11 0.015625
21 5 75 21 11 0.015625
21 5 76 21 11 0.015625
21 5 77 21 11 0.015625
21 5 78 21 13 0.015625
21 5 79 21 13 0.015625
21 5 80 21 13 0.015625
21 5 81 21 13 0.015625
21 5 82 21 13 0.015625
21 5 83 21 13 0.015625
21 5 90 21 8 0.015625
21 5 91 21 8 0.015625
21 5 92 21 8 0.015625
21 5 93 21 8 0.015625
21 5 94 21 8 0.015625
21 5 95 21 8 0.015625
21 5 96 21 17 0.015625
21 5 97 21 17 0.015625
21 5 98 21 17 0.015625
21 5 99 21 17 0.015625
21 5 100 21 17 0.015625
21 5 101 21 17 0.015625
21 5 108 21 14 0.015625
21 5 109 21 14 0.015625
21 5 110 21 14 0.015625
21 5 111 21 14 0.015625
21 5 112 21 14 0.015625
21 5 113 21 14 0.015625
21 5 117 21 15 0.015625
21 5 130 21 25 0.015625
21 5 142 21 27 0.015625
21 16 13 21 6 0.015625
21 16 14 21 6 0.015625
21 16 15 21 6 0.015625
21 16 16 21 6 0.015625
21 16 17 21 6 0.015625
21 16 18 21 6 0.015625
21 16 25 21 7 0.015625
21 16 26 21 7 0.015625
21 16 27 21 7 0.015625
21 16 28 21 7 0.015625
21 16 29 21 7 0.015625
21 16 30 21 7 0.015625
21 16 37 21 10 0.015625
21 16 38 21 10 0.015625
21 16 39 21 10 0.015625
21 16 40 21 10 0.015625
21 16 41 21 10 0.015625
21 16 42 21 10 0.015625
21 16 49 21 9 0.015625
21 16 50 21 9 0.015625
21 16 51 21 9 0.015625
21 16 52 21 9 0.015625
21 16 53 21 9 0.015625
21 16 62 21 12 0.015625
21 16 68 21 12 0.015625
21 16 69 21 12 0.015625
21 16 70 21 12 0.015625
21 16 71 21 12 0.015625
21 16 72 21 12 0.015625
21 16 85 21 11 0.015625
21 16 86 21 11 0.015625
21 16 87 21 11 0.015625
21 16 88 21 11 0.015625
21 16 89 21 11 0.015625
21 16 90 21 11 0.015625
21 16 98 21 13 0.015625
21 16 101 21 13 0.015625
21 16 104 21 13 0.015625
21 16 105 21 13 0.015625
21 16 106 21 13 0.015625
21 16 107 21 13 0.015625
21 16 121 21 8 0.015625
21 16 122 21 8 0.015625
21 16 123 21 8 0.015625
21 16 124 21 8 0.015625
21 16 125 21 8 0.015625
21 16 126 21 8 0.015625
21 16 134 21 17 0.015625
21 16 140 21 17 0.015625
21 16 141 21 17 0.015625
21 16 142 21 17 0.015625
21 16 143 21 17 0.015625
21 16 182 21 14 0.015625
21 16 185 21 14 0.015625
21 16 188 21 14 0.015625
21 16 189 21 14 0.015625
21 16 190 21 14 0.015625
21 16 191 21 14 0.015625
21 16 206 21 15 0.015625
21 16 212 21 15 0.015625
21 16 213 21 15 0.015625
21 16 214 21 15 0.015625
21 16 215 21 15 0.015625
21 16 216 21 15 0.015625
21 29 14 21 6 0.015625
21 29 15 21 6 0.015625
21 29 17 21 6 0.015625
21 29 18 21 6 0.015625
21 29 26 21 7 0.015625
21 29 27 21 7 0.015625
21 29 29 21 7 0.015625
21 29 38 21 10 0.015625
21 29 39 21 10 0.015625
21 29 41 21 10 0.015625
21 29 42 21 10 0.015625
21 29 49 21 9 0.015625
21 29 54 21 9 0.015625
21 29 67 21 11 0.015625
21 29 68 21 11 0.015625
21 29 69 21 11 0.015625
21 29 71 21 11 0.015625
21 29 72 21 11 0.015625
21 29 86 21 8 0.015625
21 29 87 21 8 0.015625
21 29 89 21 8 0.015625
21 29 164 21 25 0.015625
21 29 188 21 26 0.015625
21 29 212 21 27 0.015625
21 29 236 21 28 0.015625
21 29 266 21 30 0.015625
21 29 267 21 30 0.015625
21 29 270 21 30 0.015625
21 29 271 21 30 0.015625
21 29 272 21 30 0.015625
21 29 273 21 30 0.015625
21 29 275 21 30 0.015625
21 29 276 21 30 0.015625
21 29 278 21 31 0.015625
21 29 279 21 31 0.015625
21 29 282 21 31 0.015625
21 29 283 21 31 0.015625
21 29 284 21 31 0.015625
21 29 285 21 31 0.015625
21 29 287 21 31 0.015625
21 29 288 21 31 0.015625
21 29 295 21 32 0.015625
21 29 296 21 32 0.015625
21 29 297 21 32 0.015625
21 29 299 21 32 0.015625
21 29 300 21 32 0.015625
21 29 307 21 33 0.015625
21 29 308 21 33 0.015625
21 29 309 21 33 0.015625
21 29 311 21 33 0.015625
21 29 312 21 33 0.015625
21 29 319 21 34 0.015625
21 29 320 21 34 0.015625
21 29 321 21 34 0.015625
21 29 323 21 34 0.015625
21 29 324 21 34 0.015625
21 29 326 21 35 0.015625
21 29 327 21 35 0.015625
21 29 330 21 35 0.015625
21 29 331 21 35 0.015625
21 29 332 21 35 0.015625
21 29 333 21 35 0.015625
21 29 335 21 35 0.015625
21 29 336 21 35 0.015625
21 39 12 21 12 0.015625
21 39 19 21 13 0.015625
21 39 21 21 13 0.015625
21 39 25 21 17 0.015625
21 39 26 21 17 0.015625
21 39 27 21 17 0.015625
21 39 42 21 15 0.015625
21 39 48 21 24 0.015625
21 39 49 21 24 0.015625
21 39 50 21 24 0.015625
21 39 51 21 24 0.015625
21 39 52 21 24 0.015625
21 39 53 21 24 0.015625
21 39 54 21 25 0.015625
21 39 55 21 25 0.015625
21 39 59 21 25 0.015625
21 39 60 21 26 0.015625
21 39 61 21 26 0.015625
21 39 65 21 26 0.015625
21 39 66 21 27 0.015625
21 39 67 21 27 0.015625
21 39 71 21 27 0.015625
21 39 72 21 28 0.015625
21 39 73 21 28 0.015625
21 39 77 21 28 0.015625
21 39 90 21 30 0.015625
21 39 91 21 30 0.015625
21 39 92 21 30 0.015625
21 39 93 21 30 0.015625
21 39 94 21 30 0.015625
21 39 95 21 30 0.015625
21 39 102 21 31 0.015625
21 39 103 21 31 0.015625
21 39 104 21 31 0.015625
21 39 105 21 31 0.015625
21 39 106 21 31 0.015625
21 39 107 21 31 0.015625
21 39 108 21 32 0.015625
21 39 114 21 32 0.015625
21 39 115 21 32 0.015625
21 39 116 21 32 0.015625
21 39 117 21 32 0.015625
21 39 118 21 32 0.015625
21 39 119 21 32 0.015625
21 39 120 21 33 0.015625
21 39 126 21 33 0.015625
21 39 127 21 33 0.015625
21 39 128 21 33 0.015625
21 39 129 21 33 0.015625
21 39 130 21 33 0.015625
21 39 131 21 33 0.015625
21 39 132 21 34 0.015625
21 39 138 21 34 0.015625
21 39 139 21 34 0.015625
21 39 140 21 34 0.015625
21 39 141 21 34 0.015625
21 39 142 21 34 0.015625
21 39 143 21 34 0.015625
21 39 150 21 35 0.015625
21 39 151 21 35 0.015625
21 39 152 21 35 0.015625
21 39 153 21 35 0.015625
21 39 154 21 35 0.015625
21 39 155 21 35 0.015625
23 5 18 23 6 0.015625
23 5 19 23 6 0.015625
23 5 20 23 6 0.015625
23 5 21 23 6 0.015625
23 5 22 23 6 0.015625
23 5 23 23 6 0.015625
23 5 30 23 7 0.015625
23 5 31 23 7 0.015625
23 5 32 23 7 0.015625
23 5 33 23 7 0.015625
23 5 34 23 7 0.015625
23 5 35 23 7 0.015625
23 5 42 23 10 0.015625
23 5 43 23 10 0.015625
23 5 44 23 10 0.015625
23 5 45 23 10 0.015625
23 5 46 23 10 0.015625
23 5 47 23 10 0.015625
23 5 54 23 9 0.03125
23 5 55 23 9 0.03125
23 5 56 23 9 0.03125
23 5 57 23 9 0.03125
23 5 58 23 9 0.03125
23 5 59 23 9 0.03125
23 5 63 23 12 0.015625
23 5 72 23 11 0.015625
23 5 73 23 11 0.015625
23 5 74 23 11 0.015625
23 5 75 23 11 0.015625
23 5 76 23 11 0.015625
23 5 77 23 11 0.015625
23 5 78 23 13 0.015625
23 5 79 23 13 0.015625
23 5 80 23 13 0.015625
23 5 81 23 13 0.015625
23 5 82 23 13 0.015625
23 5 83 23 13 0.015625
23 5 90 23 8 0.015625
23 5 91 23 8 0.015625
23 5 92 23 8 0.015625
23 5 93 23 8 0.015625
23 5 94 23 8 0.015625
23 5 95 23 8 0.015625
23 5 96 23 17 0.015625
23 5 97 23 17 0.015625
23 5 98 23 17 0.015625
23 5 99 23 17 0.015625
23 5 100 23 17 0.015625
23 5 101 23 17 0.015625
23 5 108 23 14 0.015625
23 5 109 23 14 0.015625
23 5 110 23 14 0.015625
23 5 111 23 14 0.015625
23 5 112 23 14 0.015625
23 5 113 23 14 0.015625
23 5 117 23 15 0.015625
23 5 130 23 25 0.015625
23 5 142 23 27 0.015625
23 16 13 23 6 0.015625
23 16 14 23 6 0.015625
23 16 15 23 6 0.015625
23 16 16 23 6 0.015625
23 16 17 23 6 0.015625
23 16 18 23 6 0.015625
23 16 25 23 7 0.015625
23 16 26 23 7 0.015625
23 16 27 23 7 0.015625
23 16 28 23 7 0.015625
23 16 29 23 7 0.015625
23 16 30 23 7 0.015625
23 16 37 23 10 0.015625
23 16 38 23 10 0.015625
23 16 39 23 10 0.015625
23 16 40 23 10 0.015625
23 16 41 23 10 0.015625
23 16 42 23 10 0.015625
23 16 49 23 9 0.015625
23 16 50 23 9 0.015625
23 16 51 23 9 0.015625
23 16 52 23 9 0.015625
23 16 53 23 9 0.015625
23 16 62 23 12 0.015625
23 16 68 23 12 0.015625
23 16 69 23 12 0.015625
23 16 70 23 12 0.015625
23 16 71 23 12 0.015625
23 16 72 23 12 0.015625
23 16 85 23 11 0.015625
23 16 86 23 11 0.015625
23 16 87 23 11 0.015625
23 16 88 23 11 0.015625
23 16 89 23 11 0.015625
23 16 90 23 11 0.015625
23 16 98 23 13 0.015625
23 16 101 23 13 0.015625
23 16 104 23 13 0.015625
23 16 105 23 13 0.015625
23 16 106 23 13 0.015625
23 16 107 23 13 0.015625
23 16 121 23 8 0.015625
23 16 122 23 8 0.015625
23 16 123 23 8 0.015625
23 16 124 23 8 0.015625
23 16 125 23 8 0.015625
23 16 126 23 8 0.015625
23 16 134 23 17 0.015625
23 16 137 23 17 0.015625
23 16 140 23 17 0.015625
23 16 141 23 17 0.015625
23 16 142 23 17 0.015625
23 16 143 23 17 0.015625
23 16 182 23 14 0.015625
23 16 188 23 14 0.015625
23 16 189 23 14 0.015625
23 16 190 23 14 0.015625
23 16 191 23 14 0.015625
23 16 206 23 15 0.015625
23 16 212 23 15 0.015625
23 16 213 23 15 0.015625
23 16 214 23 15 0.015625
23 16 215 23 15 0.015625
23 16 216 23 15 0.015625
23 29 14 23 6 0.015625
23 29 15 23 6 0.015625
23 29 17 23 6 0.015625
23 29 18 23 6 0.015625
23 29 26 23 7 0.015625
23 29 27 23 7 0.015625
23 29 29 23 7 0.015625
23 29 30 23 7 0.015625
23 29 38 23 10 0.015625
23 29 39 23 10 0.015625
23 29 41 23 10 0.015625
23 29 49 23 9 0.015625
23 29 54 23 9 0.015625
23 29 68 23 11 0.015625
23 29 69 23 11 0.015625
23 29 71 23 11 0.015625
23 29 72 23 11 0.015625
23 29 86 23 8 0.015625
23 29 87 23 8 0.015625
23 29 89 23 8 0.015625
23 29 90 23 8 0.015625
23 29 164 23 25 0.015625
23 29 188 23 26 0.015625
23 29 212 23 27 0.015625
23 29 236 23 28 0.015625
23 29 266 23 30 0.015625
23 29 267 23 30 0.015625
23 29 268 23 30 0.015625
23 29 271 23 30 0.015625
23 29 272 23 30 0.015625
23 29 273 23 30 0.015625
23 29 275 23 30 0.015625
23 29 276 23 30 0.015625
23 29 278 23 31 0.015625
23 29 279 23 31 0.015625
23 29 280 23 31 0.015625
23 29 283 23 31 0.015625
23 29 284 23 31 0.015625
23 29 285 23 31 0.015625
23 29 287 23 31 0.015625
23 29 288 23 31 0.015625
23 29 295 23 32 0.015625
23 29 296 23 32 0.015625
23 29 297 23 32 0.015625
23 29 299 23 32 0.015625
23 29 300 23 32 0.015625
23 29 307 23 33 0.015625
23 29 308 23 33 0.015625
23 29 309 23 33 0.015625
23 29 311 23 33 0.015625
23 29 312 23 33 0.015625
23 29 319 23 34 0.015625
23 29 320 23 34 0.015625
23 29 321 23 34 0.015625
23 29 323 23 34 0.015625
23 29 324 23 34 0.015625
23 29 326 23 35 0.015625
23 29 327 23 35 0.015625
23 29 328 23 35 0.015625
23 29 331 23 35 0.015625
23 29 332 23 35 0.015625
23 29 333 23 35 0.015625
23 29 335 23 35 0.015625
23 29 336 23 35 0.015625
23 39 12 23 12 0.015625
23 39 19 23 13 0.015625
23 39 21 23 13 0.015625
23 39 25 23 17 0.015625
23 39 27 23 17 0.015625
23 39 37 23 14 0.015625
23 39 42 23 15 0.015625
23 39 48 23 24 0.015625
23 39 49 23 24 0.015625
23 39 50 23 24 0.015625
23 39 51 23 24 0.015625
23 39 52 23 24 0.015625
23 39 53 23 24 0.015625
23 39 54 23 25 0.015625
23 39 55 23 25 0.015625
23 39 59 23 25 0.015625
23 39 60 23 26 0.015625
23 39 61 23 26 0.015625
23 39 65 23 26 0.015625
23 39 66 23 27 0.015625
23 39 67 23 27 0.015625
23 39 71 23 27 0.015625
23 39 72 23 28 0.015625
23 39 73 23 28 0.015625
23 39 77 23 28 0.015625
23 39 90 23 30 0.015625
23 39 91 23 30 0.015625
23 39 92 23 30 0.015625
23 39 93 23 30 0.015625
23 39 94 23 30 0.015625
23 39 95 23 30 0.015625
23 39 102 23 31 0.015625
23 39 103 23 31 0.015625
23 39 104 23 31 0.015625
23 39 105 23 31 0.015625
23 39 106 23 31 0.015625
23 39 107 23 31 0.015625
23 39 108 23 32 0.015625
23 39 114 23 32 0.015625
23 39 115 23 32 0.015625
23 39 116 23 32 0.015625
23 39 117 23 32 0.015625
23 39 118 23 32 0.015625
23 39 119 23 32 0.015625
23 39 120 23 33 0.015625
23 39 126 23 33 0.015625
23 39 127 23 33 0.015625
23 39 128 23 33 0.015625
23 39 129 23 33 0.015625
23 39 130 23 33 0.015625
23 39 131 23 33 0.015625
23 39 132 23 34 0.015625
23 39 138 23 34 0.015625
23 39 139 23 34 0.015625
23 39 140 23 34 0.015625
23 39 141 23 34 0.015625
23 39 142 23 34 0.015625
23 39 143 23 34 0.015625
23 39 150 23 35 0.015625
23 39 151 23 35 0.015625
23 39 152 23 35 0.015625
23 39 153 23 35 0.015625
23 39 154 23 35 0.015625
23 39 155 23 35 0.015625
24 5 12 24 13 0.015625
24 5 13 24 13 0.015625
24 5 14 24 13 0.015625
24 5 15 24 13 0.015625
24 5 16 24 13 0.015625
24 5 17 24 13 0.015625
24 5 18 24 17 0.015625
24 5 19 24 17 0.015625
24 5 20 24 17 0.015625
24 5 21 24 17 0.015625
24 5 22 24 17 0.015625
24 5 23 24 17 0.015625
24 5 30 24 14 0.015625
24 5 31 24 14 0.015625
24 5 32 24 14 0.015625
24 5 33 24 14 0.015625
24 5 34 24 14 0.015625
24 5 35 24 14 0.015625
24 5 42 24 18 0.015625
24 5 43 24 18 0.015625
24 5 44 24 18 0.015625
24 5 45 24 18 0.015625
24 5 47 24 18 0.015625
24 5 48 24 18 0.015625
24 5 49 24 18 0.015625
24 5 50 24 18 0.015625
24 5 52 24 18 0.015625
24 5 54 24 19 0.015625
24 5 55 24 19 0.015625
24 5 56 24 19 0.015625
24 5 57 24 19 0.015625
24 5 58 24 19 0.015625
24 5 59 24 19 0.015625
24 5 61 24 19 0.015625
24 5 66 24 20 0.015625
24 5 67 24 20 0.015625
24 5 68 24 20 0.015625
24 5 69 24 20 0.015625
24 5 70 24 20 0.015625
24 5 71 24 20 0.015625
24 5 73 24 20 0.015625
24 5 78 24 21 0.015625
24 5 79 24 21 0.015625
24 5 80 24 21 0.015625
24 5 81 24 21 0.015625
24 5 82 24 21 0.015625
24 5 83 24 21 0.015625
24 5 85 24 21 0.015625
24 5 90 24 22 0.015625
24 5 91 24 22 0.015625
24 5 92 24 22 0.015625
24 5 93 24 22 0.015625
24 5 95 24 22 0.015625
24 5 96 24 22 0.015625
24 5 97 24 22 0.015625
24 5 98 24 22 0.015625
24 5 100 24 22 0.015625
24 5 102 24 23 0.015625
24 5 103 24 23 0.015625
24 5 104 24 23 0.015625
24 5 105 24 23 0.015625
24 5 106 24 23 0.015625
24 5 107 24 23 0.015625
24 5 109 24 23 0.015625
24 16 8 24 12 0.015625
24 16 14 24 12 0.015625
24 16 15 24 12 0.015625
24 16 16 24 12 0.015625
24 16 17 24 12 0.015625
24 16 18 24 12 0.015625
24 16 32 24 13 0.015625
24 16 38 24 13 0.015625
24 16 39 24 13 0.015625
24 16 40 24 13 0.015625
24 16 41 24 13 0.015625
24 16 56 24 17 0.015625
24 16 62 24 17 0.015625
24 16 63 24 17 0.015625
24 16 64 24 17 0.015625
24 16 65 24 17 0.015625
24 16 102 24 16 0.015625
24 16 104 24 14 0.015625
24 16 110 24 14 0.015625
24 16 111 24 14 0.015625
24 16 112 24 14 0.015625
24 16 113 24 14 0.015625
24 16 128 24 15 0.015625
24 16 134 24 15 0.015625
24 16 135 24 15 0.015625
24 16 136 24 15 0.015625
24 16 137 24 15 0.015625
24 16 138 24 15 0.015625
24 16 151 24 18 0.015625
24 16 152 24 18 0.015625
24 16 153 24 18 0.015625
24 16 154 24 18 0.015625
24 16 155 24 18 0.015625
24 16 156 24 18 0.015625
24 16 163 24 19 0.015625
24 16 164 24 19 0.015625
24 16 165 24 19 0.015625
24 16 166 24 19 0.015625
24 16 167 24 19 0.015625
24 16 168 24 19 0.015625
24 16 175 24 20 0.015625
24 16 176 24 20 0.015625
24 16 177 24 20 0.015625
24 16 178 24 20 0.015625
24 16 179 24 20 0.015625
24 16 180 24 20 0.015625
24 16 187 24 21 0.015625
24 16 188 24 21 0.015625
24 16 189 24 21 0.015625
24 16 190 24 21 0.015625
24 16 191 24 21 0.015625
24 16 192 24 21 0.015625
24 16 199 24 22 0.015625
24 16 200 24 22 0.015625
24 16 201 24 22 0.015625
24 16 202 24 22 0.015625
24 16 203 24 22 0.015625
24 16 204 24 22 0.015625
24 16 211 24 23 0.015625
24 16 212 24 23 0.015625
24 16 213 24 23 0.015625
24 16 214 24 23 0.015625
24 16 215 24 23 0.015625
24 16 216 24 23 0.015625
24 29 31 24 13 0.015625
24 29 32 24 13 0.015625
24 29 33 24 13 0.015625
24 29 35 24 13 0.015625
24 29 37 24 17 0.015625
24 29 39 24 17 0.015625
24 29 51 24 14 0.015625
24 29 61 24 18 0.015625
24 29 62 24 18 0.015625
24 29 64 24 18 0.015625
24 29 66 24 18 0.015625
24 29 67 24 18 0.015625
24 29 71 24 18 0.015625
24 29 78 24 19 0.015625
24 29 79 24 19 0.015625
24 29 80 24 19 0.015625
24 29 81 24 19 0.015625
24 29 82 24 19 0.015625
24 29 83 24 19 0.015625
24 29 90 24 20 0.015625
24 29 91 24 20 0.015625
24 29 92 24 20 0.015625
24 29 93 24 20 0.015625
24 29 94 24 20 0.015625
24 29 95 24 20 0.015625
24 29 102 24 21 0.015625
24 29 103 24 21 0.015625
24 29 104 24 21 0.015625
24 29 105 24 21 0.015625
24 29 106 24 21 0.015625
24 29 107 24 21 0.015625
24 29 109 24 22 0.015625
24 29 110 24 22 0.015625
24 29 112 24 22 0.015625
24 29 114 24 22 0.015625
24 29 115 24 22 0.015625
24 29 119 24 22 0.015625
24 29 126 24 23 0.015625
24 29 127 24 23 0.015625
24 29 128 24 23 0.015625
24 29 129 24 23 0.015625
24 29 130 24 23 0.015625
24 29 131 24 23 0.015625
24 29 133 24 30 0.015625
24 29 134 24 30 0.015625
24 29 135 24 30 0.015625
24 29 137 24 30 0.015625
24 29 145 24 31 0.015625
24 29 146 24 31 0.015625
24 29 147 24 31 0.015625
24 29 149 24 31 0.015625
24 29 163 24 32 0.015625
24 29 175 24 33 0.015625
24 29 187 24 34 0.015625
24 29 193 24 35 0.015625
24 29 194 24 35 0.015625
24 29 195 24 35 0.015625
24 29 197 24 35 0.015625
24 29 210 24 37 0.015625
24 29 211 24 37 0.015625
24 29 212 24 37 0.015625
24 29 213 24 37 0.015625
24 29 214 24 37 0.015625
24 29 215 24 37 0.015625
24 39 121 24 30 0.015625
24 39 122 24 30 0.015625
24 39 123 24 30 0.015625
24 39 124 24 30 0.015625
24 39 125 24 30 0.015625
24 39 126 24 30 0.015625
24 39 133 24 31 0.015625
24 39 134 24 31 0.015625
24 39 135 24 31 0.015625
24 39 136 24 31 0.015625
24 39 137 24 31 0.015625
24 39 138 24 31 0.015625
24 39 145 24 32 0.015625
24 39 147 24 32 0.015625
24 39 148 24 32 0.015625
24 39 149 24 32 0.015625
24 39 150 24 32 0.015625
24 39 157 24 33 0.015625
24 39 158 24 33 0.015625
24 39 159 24 33 0.015625
24 39 160 24 33 0.015625
24 39 161 24 33 0.015625
24 39 162 24 33 0.015625
24 39 169 24 34 0.015625
24 39 171 24 34 0.015625
24 39 172 24 34 0.015625
24 39 173 24 34 0.015625
24 39 174 24 34 0.015625
24 39 181 24 35 0.015625
24 39 182 24 35 0.015625
24 39 183 24 35 0.015625
24 39 184 24 35 0.015625
24 39 185 24 35 0.015625
24 39 186 24 35 0.015625
24 39 193 24 36 0.015625
24 39 194 24 36 0.015625
24 39 195 24 36 0.015625
24 39 196 24 36 0.015625
24 39 197 24 36 0.015625
24 39 198 24 36 0.015625
24 39 229 24 37 0.015625
24 39 230 24 37 0.015625
24 39 231 24 37 0.015625
24 39 232 24 37 0.015625
24 39 233 24 37 0.015625
24 39 234 24 37 0.015625
24 39 241 24 38 0.015625
24 39 242 24 38 0.015625
24 39 243 24 38 0.015625
24 39 244 24 38 0.015625
24 39 245 24 38 0.015625
24 39 246 24 38 0.015625
24 39 289 24 40 0.015625
24 39 290 24 40 0.015625
24 39 291 24 40 0.015625
24 39 292 24 40 0.015625
24 39 293 24 40 0.015625
24 39 294 24 40 0.015625
24 39 313 24 41 0.015625
24 39 314 24 41 0.015625
24 39 315 24 41 0.015625
24 39 316 24 41 0.015625
24 39 317 24 41 0.015625
24 39 318 24 41 0.015625
30 5 0 30 18 0.015625
30 5 1 30 18 0.015625
30 5 2 30 18 0.015625
30 5 3 30 18 0.015625
30 5 5 30 18 0.015625
30 5 6 30 18 0.015625
30 5 7 30 18 0.015625
30 5 8 30 18 0.015625
30 5 10 30 18 0.015625
30 5 12 30 19 0.015625
30 5 13 30 19 0.015625
30 5 14 30 19 0.015625
30 5 15 30 19 0.015625
30 5 16 30 19 0.015625
30 5 17 30 19 0.015625
30 5 19 30 19 0.015625
30 5 23 30 19 0.015625
30 5 24 30 20 0.015625
30 5 25 30 20 0.015625
30 5 26 30 20 0.015625
30 5 27 30 20 0.015625
30 5 28 30 20 0.015625
30 5 29 30 20 0.015625
30 5 31 30 20 0.015625
30 5 35 30 20 0.015625
30 5 36 30 21 0.015625
30 5 37 30 21 0.015625
30 5 38 30 21 0.015625
30 5 39 30 21 0.015625
30 5 40 30 21 0.015625
30 5 41 30 21 0.015625
30 5 43 30 21 0.015625
30 5 47 30 21 0.015625
30 5 48 30 22 0.015625
30 5 49 30 22 0.015625
30 5 50 30 22 0.015625
30 5 51 30 22 0.015625
30 5 53 30 22 0.015625
30 5 54 30 22 0.015625
30 5 55 30 22 0.015625
30 5 56 30 22 0.015625
30 5 58 30 22 0.015625
30 5 60 30 23 0.015625
30 5 61 30 23 0.015625
30 5 62 30 23 0.015625
30 5 63 30 23 0.015625
30 5 64 30 23 0.015625
30 5 65 30 23 0.015625
30 5 67 30 23 0.015625
30 5 71 30 23 0.015625
30 5 72 30 24 0.015625
30 5 77 30 24 0.015625
30 5 79 30 25 0.015625
30 5 80 30 25 0.015625
30 5 82 30 25 0.015625
30 5 85 30 26 0.015625
30 5 86 30 26 0.015625
30 5 88 30 26 0.015625
30 5 91 30 27 0.015625
30 5 92 30 27 0.015625
30 5 94 30 27 0.015625
30 5 97 30 28 0.015625
30 5 98 30 28 0.015625
30 5 100 30 28 0.015625
30 16 12 30 18 0.015625
30 16 13 30 18 0.015625
30 16 14 30 18 0.015625
30 16 15 30 18 0.015625
30 16 16 30 18 0.015625
30 16 17 30 18 0.015625
30 16 18 30 18 0.015625
30 16 24 30 19 0.015625
30 16 25 30 19 0.015625
30 16 26 30 19 0.015625
30 16 27 30 19 0.015625
30 16 28 30 19 0.015625
30 16 29 30 19 0.015625
30 16 36 30 20 0.015625
30 16 37 30 20 0.015625
30 16 38 30 20 0.015625
30 16 39 30 20 0.015625
30 16 40 30 20 0.015625
30 16 41 30 20 0.015625
30 16 48 30 21 0.015625
30 16 49 30 21 0.015625
30 16 50 30 21 0.015625
30 16 51 30 21 0.015625
30 16 52 30 21 0.015625
30 16 53 30 21 0.015625
30 16 60 30 22 0.015625
30 16 61 30 22 0.015625
30 16 62 30 22 0.015625
30 16 63 30 22 0.015625
30 16 64 30 22 0.015625
30 16 65 30 22 0.015625
30 16 66 30 22 0.015625
30 16 72 30 23 0.015625
30 16 73 30 23 0.015625
30 16 74 30 23 0.015625
30 16 75 30 23 0.015625
30 16 76 30 23 0.015625
30 16 77 30 23 0.015625
30 16 84 30 24 0.015625
30 16 85 30 24 0.015625
30 16 86 30 24 0.015625
30 16 87 30 24 0.015625
30 16 88 30 24 0.015625
30 16 89 30 24 0.015625
30 16 91 30 25 0.015625
30 16 92 30 25 0.015625
30 16 93 30 25 0.015625
30 16 95 30 25 0.015625
30 16 98 30 26 0.015625
30 16 101 30 26 0.015625
30 16 104 30 27 0.015625
30 16 107 30 27 0.015625
30 16 109 30 28 0.015625
30 16 110 30 28 0.015625
30 16 113 30 28 0.015625
30 16 120 30 36 0.015625
30 16 125 30 36 0.015625
30 16 131 30 37 0.015625
30 16 132 30 38 0.015625
30 16 137 30 38 0.015625
30 16 144 30 40 0.015625
30 16 149 30 40 0.015625
30 16 150 30 41 0.015625
30 16 155 30 41 0.015625
30 29 14 30 18 0.015625
30 29 15 30 18 0.015625
30 29 17 30 18 0.015625
30 29 32 30 19 0.015625
30 29 33 30 19 0.015625
30 29 34 30 19 0.015625
30 29 35 30 19 0.015625
30 29 36 30 19 0.015625
30 29 44 30 20 0.015625
30 29 45 30 20 0.015625
30 29 46 30 20 0.015625
30 29 47 30 20 0.015625
30 29 48 30 20 0.015625
30 29 56 30 21 0.015625
30 29 57 30 21 0.015625
30 29 58 30 21 0.015625
30 29 59 30 21 0.015625
30 29 60 30 21 0.015625
30 29 62 30 22 0.015625
30 29 63 30 22 0.015625
30 29 65 30 22 0.015625
30 29 80 30 23 0.015625
30 29 81 30 23 0.015625
30 29 82 30 23 0.015625
30 29 83 30 23 0.015625
30 29 84 30 23 0.015625
30 29 128 30 25 0.015625
30 29 176 30 27 0.015625
30 29 200 30 28 0.015625
30 29 236 30 37 0.015625
30 29 237 30 37 0.015625
30 29 238 30 37 0.015625
30 29 239 30 37 0.015625
30 29 240 30 37 0.015625
30 29 271 30 42 0.015625
30 29 272 30 42 0.015625
30 29 273 30 42 0.015625
30 29 275 30 42 0.015625
30 29 276 30 42 0.015625
30 29 283 30 43 0.015625
30 29 284 30 43 0.015625
30 29 285 30 43 0.015625
30 29 287 30 43 0.015625
30 29 288 30 43 0.015625
30 29 295 30 44 0.015625
30 29 296 30 44 0.015625
30 29 297 30 44 0.015625
30 29 299 30 44 0.015625
30 29 300 30 44 0.015625
30 29 307 30 45 0.015625
30 29 308 30 45 0.015625
30 29 309 30 45 0.015625
30 29 311 30 45 0.015625
30 29 312 30 45 0.015625
30 29 314 30 46 0.015625
30 29 315 30 46 0.015625
30 29 316 30 46 0.015625
30 29 317 30 46 0.015625
30 29 318 30 46 0.015625
30 29 326 30 47 0.015625
30 29 327 30 47 0.015625
30 29 328 30 47 0.015625
30 29 329 30 47 0.015625
30 29 330 30 47 0.015625
30 39 127 30 36 0.015625
30 39 128 30 36 0.015625
30 39 129 30 36 0.015625
30 39 130 30 36 0.015625
30 39 131 30 36 0.015625
30 39 132 30 36 0.015625
30 39 163 30 37 0.015625
30 39 164 30 37 0.015625
30 39 165 30 37 0.015625
30 39 166 30 37 0.015625
30 39 175 30 38 0.015625
30 39 176 30 38 0.015625
30 39 177 30 38 0.015625
30 39 178 30 38 0.015625
30 39 179 30 38 0.015625
30 39 180 30 38 0.015625
30 39 223 30 40 0.015625
30 39 224 30 40 0.015625
30 39 225 30 40 0.015625
30 39 226 30 40 0.015625
30 39 227 30 40 0.015625
30 39 228 30 40 0.015625
30 39 247 30 41 0.015625
30 39 248 30 41 0.015625
30 39 249 30 41 0.015625
30 39 250 30 41 0.015625
30 39 251 30 41 0.015625
30 39 252 30 41 0.015625
30 39 265 30 42 0.015625
30 39 266 30 42 0.015625
30 39 267 30 42 0.015625
30 39 268 30 42 0.015625
30 39 269 30 42 0.015625
30 39 270 30 42 0.015625
30 39 277 30 43 0.015625
30 39 278 30 43 0.015625
30 39 279 30 43 0.015625
30 39 280 30 43 0.015625
30 39 281 30 43 0.015625
30 39 282 30 43 0.015625
30 39 289 30 44 0.015625
30 39 290 30 44 0.015625
30 39 291 30 44 0.015625
30 39 292 30 44 0.015625
30 39 293 30 44 0.015625
30 39 294 30 44 0.015625
30 39 301 30 45 0.015625
30 39 302 30 45 0.015625
30 39 303 30 45 0.015625
30 39 304 30 45 0.015625
30 39 305 30 45 0.015625
30 39 306 30 45 0.015625
30 39 313 30 46 0.015625
30 39 314 30 46 0.015625
30 39 315 30 46 0.015625
30 39 316 30 46 0.015625
30 39 317 30 46 0.015625
30 39 318 30 46 0.015625
30 39 325 30 47 0.015625
30 39 326 30 47 0.015625
30 39 327 30 47 0.015625
30 39 328 30 47 0.015625
30 39 329 30 47 0.015625
30 39 330 30 47 0.015625
31 5 0 31 18 0.015625
31 5 1 31 18 0.015625
31 5 2 31 18 0.015625
31 5 3 31 18 0.015625
31 5 5 31 18 0.015625
31 5 6 31 18 0.015625
31 5 7 31 18 0.015625
31 5 8 31 18 0.015625
31 5 10 31 18 0.015625
31 5 12 31 19 0.015625
31 5 13 31 19 0.015625
31 5 14 31 19 0.015625
31 5 15 31 19 0.015625
31 5 16 31 19 0.015625
31 5 17 31 19 0.015625
31 5 19 31 19 0.015625
31 5 23 31 19 0.015625
31 5 24 31 20 0.015625
31 5 25 31 20 0.015625
31 5 26 31 20 0.015625
31 5 27 31 20 0.015625
31 5 28 31 20 0.015625
31 5 29 31 20 0.015625
31 5 31 31 20 0.015625
31 5 35 31 20 0.015625
31 5 36 31 21 0.015625
31 5 37 31 21 0.015625
31 5 38 31 21 0.015625
31 5 39 31 21 0.015625
31 5 40 31 21 0.015625
31 5 41 31 21 0.015625
31 5 43 31 21 0.015625
31 5 47 31 21 0.015625
31 5 48 31 22 0.015625
31 5 49 31 22 0.015625
31 5 50 31 22 0.015625
31 5 51 31 22 0.015625
31 5 53 31 22 0.015625
31 5 54 31 22 0.015625
31 5 55 31 22 0.015625
31 5 56 31 22 0.015625
31 5 58 31 22 0.015625
31 5 60 31 23 0.015625
31 5 61 31 23 0.015625
31 5 62 31 23 0.015625
31 5 63 31 23 0.015625
31 5 64 31 23 0.015625
31 5 65 31 23 0.015625
31 5 67 31 23 0.015625
31 5 71 31 23 0.015625
31 5 72 31 24 0.015625
31 5 77 31 24 0.015625
31 5 79 31 25 0.015625
31 5 80 31 25 0.015625
31 5 82 31 25 0.015625
31 5 85 31 26 0.015625
31 5 86 31 26 0.015625
31 5 88 31 26 0.015625
31 5 91 31 27 0.015625
31 5 92 31 27 0.015625
31 5 94 31 27 0.015625
31 5 97 31 28 0.015625
31 5 98 31 28 0.015625
31 5 100 31 28 0.015625
31 16 12 31 18 0.015625
31 16 13 31 18 0.015625
31 16 14 31 18 0.015625
31 16 15 31 18 0.015625
31 16 16 31 18 0.015625
31 16 17 31 18 0.015625
31 16 18 31 18 0.015625
31 16 24 31 19 0.015625
31 16 25 31 19 0.015625
31 16 26 31 19 0.015625
31 16 27 31 19 0.015625
31 16 28 31 19 0.015625
31 16 29 31 19 0.015625
31 16 36 31 20 0.015625
31 16 37 31 20 0.015625
31 16 38 31 20 0.015625
31 16 39 31 20 0.015625
31 16 40 31 20 0.015625
31 16 41 31 20 0.015625
31 16 48 31 21 0.015625
31 16 49 31 21 0.015625
31 16 50 31 21 0.015625
31 16 51 31 21 0.015625
31 16 52 31 21 0.015625
31 16 53 31 21 0.015625
31 16 60 31 22 0.015625
31 16 61 31 22 0.015625
31 16 62 31 22 0.015625
31 16 63 31 22 0.015625
31 16 64 31 22 0.015625
31 16 65 31 22 0.015625
31 16 66 31 22 0.015625
31 16 72 31 23 0.015625
31 16 73 31 23 0.015625
31 16 74 31 23 0.015625
31 16 75 31 23 0.015625
31 16 76 31 23 0.015625
31 16 77 31 23 0.015625
31 16 84 31 24 0.015625
31 16 85 31 24 0.015625
31 16 86 31 24 0.015625
31 16 87 31 24 0.015625
31 16 88 31 24 0.015625
31 16 89 31 24 0.015625
31 16 91 31 25 0.015625
31 16 92 31 25 0.015625
31 16 93 31 25 0.015625
31 16 95 31 25 0.015625
31 16 97 31 26 0.015625
31 16 98 31 26 0.015625
31 16 101 31 26 0.015625
31 16 107 31 27 0.015625
31 16 109 31 28 0.015625
31 16 110 31 28 0.015625
31 16 113 31 28 0.015625
31 16 120 31 36 0.015625
31 16 125 31 36 0.015625
31 16 131 31 37 0.015625
31 16 132 31 38 0.015625
31 16 137 31 38 0.015625
31 16 144 31 40 0.015625
31 16 149 31 40 0.015625
31 16 150 31 41 0.015625
31 16 155 31 41 0.015625
31 29 14 31 18 0.015625
31 29 15 31 18 0.015625
31 29 17 31 18 0.015625
31 29 31 31 19 0.015625
31 29 33 31 19 0.015625
31 29 34 31 19 0.015625
31 29 35 31 19 0.015625
31 29 36 31 19 0.015625
31 29 43 31 20 0.015625
31 29 45 31 20 0.015625
31 29 46 31 20 0.015625
31 29 47 31 20 0.015625
31 29 48 31 20 0.015625
31 29 55 31 21 0.015625
31 29 57 31 21 0.015625
31 29 58 31 21 0.015625
31 29 59 31 21 0.015625
31 29 60 31 21 0.015625
31 29 62 31 22 0.015625
31 29 63 31 22 0.015625
31 29 65 31 22 0.015625
31 29 79 31 23 0.015625
31 29 81 31 23 0.015625
31 29 82 31 23 0.015625
31 29 83 31 23 0.015625
31 29 84 31 23 0.015625
31 29 128 31 25 0.015625
31 29 152 31 26 0.015625
31 29 200 31 28 0.015625
31 29 235 31 37 0.015625
31 29 237 31 37 0.015625
31 29 238 31 37 0.015625
31 29 239 31 37 0.015625
31 29 240 31 37 0.015625
31 29 271 31 42 0.015625
31 29 272 31 42 0.015625
31 29 273 31 42 0.015625
31 29 275 31 42 0.015625
31 29 276 31 42 0.015625
31 29 283 31 43 0.015625
31 29 284 31 43 0.015625
31 29 285 31 43 0.015625
31 29 287 31 43 0.015625
31 29 288 31 43 0.015625
31 29 295 31 44 0.015625
31 29 296 31 44 0.015625
31 29 297 31 44 0.015625
31 29 299 31 44 0.015625
31 29 300 31 44 0.015625
31 29 307 31 45 0.015625
31 29 308 31 45 0.015625
31 29 309 31 45 0.015625
31 29 311 31 45 0.015625
31 29 312 31 45 0.015625
31 29 313 31 46 0.015625
31 29 315 31 46 0.015625
31 29 316 31 46 0.015625
31 29 317 31 46 0.015625
31 29 318 31 46 0.015625
31 29 325 31 47 0.015625
31 29 327 31 47 0.015625
31 29 328 31 47 0.015625
31 29 329 31 47 0.015625
31 29 330 31 47 0.015625
31 39 127 31 36 0.015625
31 39 128 31 36 0.015625
31 39 129 31 36 0.015625
31 39 130 31 36 0.015625
31 39 131 31 36 0.015625
31 39 132 31 36 0.015625
31 39 163 31 37 0.015625
31 39 164 31 37 0.015625
31 39 165 31 37 0.015625
31 39 166 31 37 0.015625
31 39 175 31 38 0.015625
31 39 176 31 38 0.015625
31 39 177 31 38 0.015625
31 39 178 31 38 0.015625
31 39 179 31 38 0.015625
31 39 180 31 38 0.015625
31 39 223 31 40 0.015625
31 39 224 31 40 0.015625
31 39 225 31 40 0.015625
31 39 226 31 40 0.015625
31 39 227 31 40 0.015625
31 39 228 31 40 0.015625
31 39 247 31 41 0.015625
31 39 248 31 41 0.015625
31 39 249 31 41 0.015625
31 39 250 31 41 0.015625
31 39 251 31 41 0.015625
31 39 252 31 41 0.015625
31 39 265 31 42 0.015625
31 39 266 31 42 0.015625
31 39 267 31 42 0.015625
31 39 268 31 42 0.015625
31 39 269 31 42 0.015625
31 39 270 31 42 0.015625
31 39 277 31 43 0.015625
31 39 278 31 43 0.015625
31 39 279 31 43 0.015625
31 39 280 31 43 0.015625
31 39 281 31 43 0.015625
31 39 282 31 43 0.015625
31 39 289 31 44 0.015625
31 39 290 31 44 0.015625
31 39 291 31 44 0.015625
31 39 292 31 44 0.015625
31 39 293 31 44 0.015625
31 39 294 31 44 0.015625
31 39 301 31 45 0.015625
31 39 302 31 45 0.015625
31 39 303 31 45 0.015625
31 39 304 31 45 0.015625
31 39 305 31 45 0.015625
31 39 306 31 45 0.015625
31 39 313 31 46 0.015625
31 39 314 31 46 0.015625
31 39 315 31 46 0.015625
31 39 316 31 46 0.015625
31 39 317 31 46 0.015625
31 39 318 31 46 0.015625
31 39 325 31 47 0.015625
31 39 326 31 47 0.015625
31 39 327 31 47 0.015625
31 39 328 31 47 0.015625
31 39 329 31 47 0.015625
31 39 330 31 47 0.015625
35 5 0 35 18 0.015625
35 5 1 35 18 0.015625
35 5 2 35 18 0.015625
35 5 3 35 18 0.015625
35 5 5 35 18 0.015625
35 5 6 35 18 0.015625
35 5 7 35 18 0.015625
35 5 8 35 18 0.015625
35 5 10 35 18 0.015625
35 5 12 35 19 0.015625
35 5 13 35 19 0.015625
35 5 14 35 19 0.015625
35 5 15 35 19 0.015625
35 5 16 35 19 0.015625
35 5 17 35 19 0.015625
35 5 19 35 19 0.015625
35 5 23 35 19 0.015625
35 5 24 35 20 0.015625
35 5 25 35 20 0.015625
35 5 26 35 20 0.015625
35 5 27 35 20 0.015625
35 5 28 35 20 0.015625
35 5 29 35 20 0.015625
35 5 31 35 20 0.015625
35 5 35 35 20 0.015625
35 5 36 35 21 0.015625
35 5 37 35 21 0.015625
35 5 38 35 21 0.015625
35 5 39 35 21 0.015625
35 5 40 35 21 0.015625
35 5 41 35 21 0.015625
35 5 43 35 21 0.015625
35 5 47 35 21 0.015625
35 5 48 35 22 0.015625
35 5 49 35 22 0.015625
35 5 50 35 22 0.015625
35 5 51 35 22 0.015625
35 5 53 35 22 0.015625
35 5 54 35 22 0.015625
35 5 55 35 22 0.015625
35 5 56 35 22 0.015625
35 5 58 35 22 0.015625
35 5 60 35 23 0.015625
35 5 61 35 23 0.015625
35 5 62 35 23 0.015625
35 5 63 35 23 0.015625
35 5 64 35 23 0.015625
35 5 65 35 23 0.015625
35 5 67 35 23 0.015625
35 5 71 35 23 0.015625
35 5 72 35 24 0.015625
35 5 77 35 24 0.015625
35 5 79 35 25 0.015625
35 5 80 35 25 0.015625
35 5 82 35 25 0.015625
35 5 85 35 26 0.015625
35 5 86 35 26 0.015625
35 5 88 35 26 0.015625
35 5 91 35 27 0.015625
35 5 92 35 27 0.015625
35 5 94 35 27 0.015625
35 5 97 35 28 0.015625
35 5 98 35 28 0.015625
35 5 100 35 28 0.015625
35 16 12 35 18 0.015625
35 16 13 35 18 0.015625
35 16 14 35 18 0.015625
35 16 15 35 18 0.015625
35 16 16 35 18 0.015625
35 16 17 35 18 0.015625
35 16 18 35 18 0.015625
35 16 24 35 19 0.015625
35 16 25 35 19 0.015625
35 16 26 35 19 0.015625
35 16 27 35 19 0.015625
35 16 28 35 19 0.015625
35 16 29 35 19 0.015625
35 16 36 35 20 0.015625
35 16 37 35 20 0.015625
35 16 38 35 20 0.015625
35 16 39 35 20 0.015625
35 16 40 35 20 0.015625
35 16 41 35 20 0.015625
35 16 48 35 21 0.015625
35 16 49 35 21 0.015625
35 16 50 35 21 0.015625
35 16 51 35 21 0.015625
35 16 52 35 21 0.015625
35 16 53 35 21 0.015625
35 16 60 35 22 0.015625
35 16 61 35 22 0.015625
35 16 62 35 22 0.015625
35 16 63 35 22 0.015625
35 16 64 35 22 0.015625
35 16 65 35 22 0.015625
35 16 66 35 22 0.015625
35 16 72 35 23 0.015625
35 16 73 35 23 0.015625
35 16 74 35 23 0.015625
35 16 75 35 23 0.015625
35 16 76 35 23 0.015625
35 16 77 35 23 0.015625
35 16 84 35 24 0.015625
35 16 85 35 24 0.015625
35 16 86 35 24 0.015625
35 16 87 35 24 0.015625
35 16 88 35 24 0.015625
35 16 89 35 24 0.015625
35 16 91 35 25 0.015625
35 16 92 35 25 0.015625
35 16 93 35 25 0.015625
35 16 95 35 25 0.015625
35 16 98 35 26 0.015625
35 16 101 35 26 0.015625
35 16 103 35 27 0.015625
35 16 104 35 27 0.015625
35 16 107 35 27 0.015625
35 16 109 35 28 0.015625
35 16 113 35 28 0.015625
35 16 120 35 36 0.015625
35 16 125 35 36 0.015625
35 16 131 35 37 0.015625
35 16 132 35 38 0.015625
35 16 137 35 38 0.015625
35 16 144 35 40 0.015625
35 16 149 35 40 0.015625
35 16 150 35 41 0.015625
35 16 155 35 41 0.015625
35 29 14 35 18 0.015625
35 29 15 35 18 0.015625
35 29 17 35 18 0.015625
35 29 31 35 19 0.015625
35 29 32 35 19 0.015625
35 29 33 35 19 0.015625
35 29 34 35 19 0.015625
35 29 35 35 19 0.015625
35 29 43 35 20 0.015625
35 29 44 35 20 0.015625
35 29 45 35 20 0.015625
35 29 46 35 20 0.015625
35 29 47 35 20 0.015625
35 29 55 35 21 0.015625
35 29 56 35 21 0.015625
35 29 57 35 21 0.015625
35 29 58 35 21 0.015625
35 29 59 35 21 0.015625
35 29 62 35 22 0.015625
35 29 63 35 22 0.015625
35 29 65 35 22 0.015625
35 29 79 35 23 0.015625
35 29 80 35 23 0.015625
35 29 81 35 23 0.015625
35 29 82 35 23 0.015625
35 29 83 35 23 0.015625
35 29 128 35 25 0.015625
35 29 152 35 26 0.015625
35 29 176 35 27 0.015625
35 29 235 35 37 0.015625
35 29 236 35 37 0.015625
35 29 237 35 37 0.015625
35 29 238 35 37 0.015625
35 29 239 35 37 0.015625
35 29 271 35 42 0.015625
35 29 272 35 42 0.015625
35 29 273 35 42 0.015625
35 29 275 35 42 0.015625
35 29 276 35 42 0.015625
35 29 283 35 43 0.015625
35 29 284 35 43 0.015625
35 29 285 35 43 0.015625
35 29 287 35 43 0.015625
35 29 288 35 43 0.015625
35 29 295 35 44 0.015625
35 29 296 35 44 0.015625
35 29 297 35 44 0.015625
35 29 299 35 44 0.015625
35 29 300 35 44 0.015625
35 29 307 35 45 0.015625
35 29 308 35 45 0.015625
35 29 309 35 45 0.015625
35 29 311 35 45 0.015625
35 29 312 35 45 0.015625
35 29 313 35 46 0.015625
35 29 314 35 46 0.015625
35 29 315 35 46 0.015625
35 29 316 35 46 0.015625
35 29 317 35 46 0.015625
35 29 325 35 47 0.015625
35 29 326 35 47 0.015625
35 29 327 35 47 0.015625
35 29 328 35 47 0.015625
35 29 329 35 47 0.015625
35 39 127 35 36 0.015625
35 39 128 35 36 0.015625
35 39 129 35 36 0.015625
35 39 130 35 36 0.015625
35 39 131 35 36 0.015625
35 39 132 35 36 0.015625
35 39 163 35 37 0.015625
35 39 164 35 37 0.015625
35 39 165 35 37 0.015625
35 39 166 35 37 0.015625
35 39 175 35 38 0.015625
35 39 176 35 38 0.015625
35 39 177 35 38 0.015625
35 39 178 35 38 0.015625
35 39 179 35 38 0.015625
35 39 180 35 38 0.015625
35 39 223 35 40 0.015625
35 39 224 35 40 0.015625
35 39 225 35 40 0.015625
35 39 226 35 40 0.015625
35 39 227 35 40 0.015625
35 39 228 35 40 0.015625
35 39 247 35 41 0.015625
35 39 248 35 41 0.015625
35 39 249 35 41 0.015625
35 39 250 35 41 0.015625
35 39 251 35 41 0.015625
35 39 252 35 41 0.015625
35 39 265 35 42 0.015625
35 39 266 35 42 0.015625
35 39 267 35 42 0.015625
35 39 268 35 42 0.015625
35 39 269 35 42 0.015625
35 39 270 35 42 0.015625
35 39 277 35 43 0.015625
35 39 278 35 43 0.015625
35 39 279 35 43 0.015625
35 39 280 35 43 0.015625
35 39 281 35 43 0.015625
35 39 282 35 43 0.015625
35 39 289 35 44 0.015625
35 39 290 35 44 0.015625
35 39 291 35 44 0.015625
35 39 292 35 44 0.015625
35 39 293 35 44 0.015625
35 39 294 35 44 0.015625
35 39 301 35 45 0.015625
35 39 302 35 45 0.015625
35 39 303 35 45 0.015625
35 39 304 35 45 0.015625
35 39 305 35 45 0.015625
35 39 306 35 45 0.015625
35 39 313 35 46 0.015625
35 39 314 35 46 0.015625
35 39 315 35 46 0.015625
35 39 316 35 46 0.015625
35 39 317 35 46 0.015625
35 39 318 35 46 0.015625
35 39 325 35 47 0.015625
35 39 326 35 47 0.015625
35 39 327 35 47 0.015625
35 39 328 35 47 0.015625
35 39 329 35 47 0.015625
35 39 330 35 47 0.015625
37 5 36 37 48 0.03125
37 5 37 37 48 0.03125
37 5 38 37 48 0.03125
37 5 39 37 48 0.03125
37 5 40 37 48 0.03125
37 5 41 37 48 0.03125
37 5 42 37 49 0.03125
37 5 43 37 49 0.015625
37 5 44 37 49 0.03125
37 5 45 37 49 0.03125
37 5 46 37 49 0.03125
37 5 47 37 49 0.03125
37 5 48 37 50 0.03125
37 5 49 37 50 0.015625
37 5 50 37 50 0.03125
37 5 51 37 50 0.03125
37 5 52 37 50 0.015625
37 5 53 37 50 0.03125
37 5 54 37 51 0.015625
37 5 55 37 51 0.015625
37 5 56 37 51 0.03125
37 5 57 37 51 0.03125
37 5 58 37 51 0.015625
37 5 59 37 51 0.03125
37 5 60 37 52 0.03125
37 5 61 37 52 0.015625
37 5 62 37 52 0.03125
37 5 63 37 52 0.03125
37 5 64 37 52 0.03125
37 5 65 37 52 0.03125
37 5 66 37 53 0.03125
37 5 67 37 53 0.015625
37 5 68 37 53 0.03125
37 5 69 37 53 0.03125
37 5 70 37 53 0.03125
37 5 71 37 53 0.03125
37 16 6 37 24 0.015625
37 16 10 37 24 0.015625
37 16 42 37 30 0.015625
37 16 43 37 30 0.015625
37 16 44 37 30 0.015625
37 16 45 37 30 0.015625
37 16 46 37 30 0.015625
37 16 47 37 30 0.015625
37 16 49 37 30 0.015625
37 16 50 37 30 0.015625
37 16 51 37 30 0.015625
37 16 52 37 30 0.015625
37 16 54 37 31 0.015625
37 16 55 37 31 0.015625
37 16 56 37 31 0.015625
37 16 57 37 31 0.015625
37 16 58 37 31 0.015625
37 16 59 37 31 0.015625
37 16 61 37 31 0.015625
37 16 62 37 31 0.015625
37 16 63 37 31 0.015625
37 16 64 37 31 0.015625
37 16 66 37 32 0.015625
37 16 67 37 32 0.015625
37 16 68 37 32 0.015625
37 16 69 37 32 0.015625
37 16 70 37 32 0.015625
37 16 71 37 32 0.015625
37 16 72 37 32 0.015625
37 16 73 37 32 0.015625
37 16 74 37 32 0.015625
37 16 77 37 32 0.015625
37 16 78 37 33 0.015625
37 16 79 37 33 0.015625
37 16 80 37 33 0.015625
37 16 81 37 33 0.015625
37 16 82 37 33 0.015625
37 16 83 37 33 0.015625
37 16 84 37 33 0.015625
37 16 86 37 33 0.015625
37 16 87 37 33 0.015625
37 16 89 37 33 0.015625
37 16 90 37 34 0.015625
37 16 91 37 34 0.015625
37 16 92 37 34 0.015625
37 16 93 37 34 0.015625
37 16 94 37 34 0.015625
37 16 95 37 34 0.015625
37 16 96 37 34 0.015625
37 16 97 37 34 0.015625
37 16 98 37 34 0.015625
37 16 99 37 34 0.015625
37 16 100 37 34 0.015625
37 16 101 37 34 0.015625
37 16 102 37 35 0.015625
37 16 103 37 35 0.015625
37 16 104 37 35 0.015625
37 16 105 37 35 0.015625
37 16 106 37 35 0.015625
37 16 107 37 35 0.015625
37 16 109 37 35 0.015625
37 16 110 37 35 0.015625
37 16 111 37 35 0.015625
37 16 112 37 35 0.015625
37 29 154 37 48 0.015625
37 29 160 37 49 0.015625
37 29 166 37 50 0.015625
37 29 172 37 51 0.015625
37 29 178 37 52 0.015625
37 29 184 37 53 0.015625
37 29 188 37 30 0.015625
37 29 189 37 30 0.015625
37 29 190 37 30 0.015625
37 29 192 37 30 0.015625
37 29 200 37 31 0.015625
37 29 201 37 31 0.015625
37 29 202 37 31 0.015625
37 29 204 37 31 0.015625
37 29 219 37 32 0.015625
37 29 222 37 32 0.015625
37 29 231 37 33 0.015625
37 29 234 37 33 0.015625
37 29 243 37 34 0.015625
37 29 246 37 34 0.015625
37 29 248 37 35 0.015625
37 29 249 37 35 0.015625
37 29 250 37 35 0.015625
37 29 252 37 35 0.015625
37 29 259 37 42 0.015625
37 29 260 37 42 0.015625
37 29 264 37 42 0.015625
37 29 265 37 42 0.015625
37 29 267 37 42 0.015625
37 29 269 37 42 0.015625
37 29 270 37 42 0.015625
37 29 271 37 43 0.015625
37 29 272 37 43 0.015625
37 29 276 37 43 0.015625
37 29 277 37 43 0.015625
37 29 279 37 43 0.015625
37 29 281 37 43 0.015625
37 29 282 37 43 0.015625
37 29 283 37 44 0.015625
37 29 284 37 44 0.015625
37 29 288 37 44 0.015625
37 29 289 37 44 0.015625
37 29 291 37 44 0.015625
37 29 293 37 44 0.015625
37 29 294 37 44 0.015625
37 29 295 37 45 0.015625
37 29 296 37 45 0.015625
37 29 300 37 45 0.015625
37 29 301 37 45 0.015625
37 29 303 37 45 0.015625
37 29 305 37 45 0.015625
37 29 306 37 45 0.015625
37 29 307 37 46 0.015625
37 29 308 37 46 0.015625
37 29 309 37 46 0.015625
37 29 310 37 46 0.015625
37 29 311 37 46 0.015625
37 29 312 37 46 0.015625
37 29 319 37 47 0.015625
37 29 320 37 47 0.015625
37 29 321 37 47 0.015625
37 29 322 37 47 0.015625
37 29 323 37 47 0.015625
37 29 324 37 47 0.015625
37 39 102 37 30 0.015625
37 39 103 37 30 0.015625
37 39 104 37 30 0.015625
37 39 105 37 30 0.015625
37 39 106 37 30 0.015625
37 39 107 37 30 0.015625
37 39 114 37 31 0.015625
37 39 115 37 31 0.015625
37 39 116 37 31 0.015625
37 39 117 37 31 0.015625
37 39 118 37 31 0.015625
37 39 119 37 31 0.015625
37 39 126 37 32 0.015625
37 39 128 37 32 0.015625
37 39 130 37 32 0.015625
37 39 131 37 32 0.015625
37 39 140 37 33 0.015625
37 39 142 37 33 0.015625
37 39 143 37 33 0.015625
37 39 152 37 34 0.015625
37 39 154 37 34 0.015625
37 39 155 37 34 0.015625
37 39 162 37 35 0.015625
37 39 163 37 35 0.015625
37 39 164 37 35 0.015625
37 39 165 37 35 0.015625
37 39 166 37 35 0.015625
37 39 167 37 35 0.015625
37 39 168 37 42 0.015625
37 39 169 37 42 0.015625
37 39 170 37 42 0.015625
37 39 171 37 42 0.015625
37 39 172 37 42 0.015625
37 39 173 37 42 0.015625
37 39 180 37 43 0.015625
37 39 181 37 43 0.015625
37 39 182 37 43 0.015625
37 39 183 37 43 0.015625
37 39 184 37 43 0.015625
37 39 185 37 43 0.015625
37 39 192 37 44 0.015625
37 39 193 37 44 0.015625
37 39 194 37 44 0.015625
37 39 195 37 44 0.015625
37 39 196 37 44 0.015625
37 39 197 37 44 0.015625
37 39 204 37 45 0.015625
37 39 205 37 45 0.015625
37 39 206 37 45 0.015625
37 39 207 37 45 0.015625
37 39 208 37 45 0.015625
37 39 209 37 45 0.015625
37 39 216 37 46 0.015625
37 39 217 37 46 0.015625
37 39 218 37 46 0.015625
37 39 219 37 46 0.015625
37 39 220 37 46 0.015625
37 39 221 37 46 0.015625
37 39 228 37 47 0.015625
37 39 229 37 47 0.015625
37 39 230 37 47 0.015625
37 39 231 37 47 0.015625
37 39 232 37 47 0.015625
37 39 233 37 47 0.015625
46 5 0 46 48 0.015625
46 5 1 46 48 0.015625
46 5 3 46 48 0.015625
46 5 4 46 48 0.015625
46 5 5 46 48 0.015625
46 5 6 46 49 0.015625
46 5 7 46 49 0.015625
46 5 9 46 49 0.015625
46 5 10 46 49 0.015625
46 5 12 46 50 0.015625
46 5 13 46 50 0.015625
46 5 15 46 50 0.015625
46 5 16 46 50 0.015625
46 5 17 46 50 0.015625
46 5 18 46 51 0.015625
46 5 19 46 51 0.015625
46 5 21 46 51 0.015625
46 5 22 46 51 0.015625
46 5 23 46 51 0.015625
46 5 24 46 52 0.015625
46 5 25 46 52 0.015625
46 5 27 46 52 0.015625
46 5 28 46 52 0.015625
46 5 30 46 53 0.015625
46 5 31 46 53 0.015625
46 5 33 46 53 0.015625
46 5 34 46 53 0.015625
46 5 35 46 53 0.015625
46 5 36 46 54 0.015625
46 5 37 46 54 0.015625
46 5 38 46 54 0.015625
46 5 39 46 54 0.015625
46 5 40 46 54 0.015625
46 5 41 46 54 0.015625
46 5 48 46 55 0.015625
46 5 49 46 55 0.015625
46 5 50 46 55 0.015625
46 5 51 46 55 0.015625
46 5 52 46 55 0.015625
46 5 53 46 55 0.015625
46 5 60 46 56 0.015625
46 5 61 46 56 0.015625
46 5 62 46 56 0.015625
46 5 63 46 56 0.015625
46 5 64 46 56 0.015625
46 5 65 46 56 0.015625
46 5 72 46 57 0.015625
46 5 73 46 57 0.015625
46 5 74 46 57 0.015625
46 5 75 46 57 0.015625
46 5 76 46 57 0.015625
46 5 77 46 57 0.015625
46 5 84 46 58 0.015625
46 5 85 46 58 0.015625
46 5 86 46 58 0.015625
46 5 87 46 58 0.015625
46 5 88 46 58 0.015625
46 5 89 46 58 0.015625
46 5 96 46 59 0.015625
46 5 97 46 59 0.015625
46 5 98 46 59 0.015625
46 5 99 46 59 0.015625
46 5 100 46 59 0.015625
46 5 101 46 59 0.015625
46 16 0 46 30 0.015625
46 16 1 46 30 0.015625
46 16 2 46 30 0.015625
46 16 3 46 30 0.015625
46 16 4 46 30 0.015625
46 16 5 46 30 0.015625
46 16 7 46 30 0.015625
46 16 8 46 30 0.015625
46 16 9 46 30 0.015625
46 16 10 46 30 0.015625
46 16 12 46 31 0.015625
46 16 13 46 31 0.015625
46 16 14 46 31 0.015625
46 16 15 46 31 0.015625
46 16 16 46 31 0.015625
46 16 17 46 31 0.015625
46 16 19 46 31 0.015625
46 16 20 46 31 0.015625
46 16 21 46 31 0.015625
46 16 22 46 31 0.015625
46 16 24 46 32 0.015625
46 16 25 46 32 0.015625
46 16 26 46 32 0.015625
46 16 27 46 32 0.015625
46 16 28 46 32 0.015625
46 16 29 46 32 0.015625
46 16 30 46 32 0.015625
46 16 31 46 32 0.015625
46 16 32 46 32 0.015625
46 16 33 46 32 0.015625
46 16 35 46 32 0.015625
46 16 36 46 33 0.015625
46 16 37 46 33 0.015625
46 16 38 46 33 0.015625
46 16 39 46 33 0.015625
46 16 40 46 33 0.015625
46 16 41 46 33 0.015625
46 16 42 46 33 0.015625
46 16 47 46 33 0.015625
46 16 48 46 34 0.015625
46 16 49 46 34 0.015625
46 16 50 46 34 0.015625
46 16 51 46 34 0.015625
46 16 52 46 34 0.015625
46 16 53 46 34 0.015625
46 16 54 46 34 0.015625
46 16 56 46 34 0.015625
46 16 57 46 34 0.015625
46 16 59 46 34 0.015625
46 16 60 46 35 0.015625
46 16 61 46 35 0.015625
46 16 62 46 35 0.015625
46 16 63 46 35 0.015625
46 16 64 46 35 0.015625
46 16 65 46 35 0.015625
46 16 67 46 35 0.015625
46 16 68 46 35 0.015625
46 16 69 46 35 0.015625
46 16 70 46 35 0.015625
46 16 77 46 36 0.015625
46 16 83 46 37 0.015625
46 16 89 46 38 0.015625
46 16 101 46 40 0.015625
46 16 107 46 41 0.015625
46 29 15 46 48 0.03125
46 29 21 46 49 0.03125
46 29 27 46 50 0.03125
46 29 33 46 51 0.03125
46 29 39 46 52 0.03125
46 29 45 46 53 0.03125
46 29 48 46 30 0.015625
46 29 49 46 30 0.015625
46 29 50 46 30 0.015625
46 29 51 46 30 0.015625
46 29 53 46 30 0.015625
46 29 54 46 30 0.015625
46 29 55 46 30 0.015625
46 29 56 46 30 0.015625
46 29 58 46 30 0.015625
46 29 59 46 30 0.015625
46 29 60 46 31 0.015625
46 29 61 46 31 0.015625
46 29 62 46 31 0.015625
46 29 63 46 31 0.015625
46 29 65 46 31 0.015625
46 29 66 46 31 0.015625
46 29 67 46 31 0.015625
46 29 68 46 31 0.015625
46 29 70 46 31 0.015625
46 29 71 46 31 0.015625
46 29 78 46 32 0.015625
46 29 79 46 32 0.015625
46 29 80 46 32 0.015625
46 29 82 46 32 0.015625
46 29 83 46 32 0.015625
46 29 90 46 33 0.015625
46 29 91 46 33 0.015625
46 29 92 46 33 0.015625
46 29 94 46 33 0.015625
46 29 95 46 33 0.015625
46 29 102 46 34 0.015625
46 29 103 46 34 0.015625
46 29 104 46 34 0.015625
46 29 106 46 34 0.015625
46 29 107 46 34 0.015625
46 29 108 46 35 0.015625
46 29 109 46 35 0.015625
46 29 110 46 35 0.015625
46 29 111 46 35 0.015625
46 29 112 46 35 0.015625
46 29 113 46 35 0.015625
46 29 114 46 35 0.015625
46 29 115 46 35 0.015625
46 29 116 46 35 0.015625
46 29 118 46 35 0.015625
46 29 119 46 35 0.015625
46 29 126 46 37 0.015625
46 29 127 46 37 0.015625
46 29 128 46 37 0.015625
46 29 129 46 37 0.015625
46 29 130 46 37 0.015625
46 29 131 46 37 0.015625
46 39 49 46 54 0.015625
46 39 50 46 54 0.015625
46 39 51 46 54 0.015625
46 39 52 46 54 0.015625
46 39 53 46 54 0.015625
46 39 54 46 54 0.015625
46 39 61 46 55 0.015625
46 39 62 46 55 0.015625
46 39 63 46 55 0.015625
46 39 64 46 55 0.015625
46 39 65 46 55 0.015625
46 39 66 46 55 0.015625
46 39 73 46 56 0.015625
46 39 74 46 56 0.015625
46 39 75 46 56 0.015625
46 39 76 46 56 0.015625
46 39 77 46 56 0.015625
46 39 78 46 56 0.015625
46 39 85 46 57 0.015625
46 39 86 46 57 0.015625
46 39 87 46 57 0.015625
46 39 88 46 57 0.015625
46 39 89 46 57 0.015625
46 39 90 46 57 0.015625
46 39 97 46 58 0.015625
46 39 98 46 58 0.015625
46 39 99 46 58 0.015625
46 39 100 46 58 0.015625
46 39 101 46 58 0.015625
46 39 102 46 58 0.015625
46 39 109 46 59 0.015625
46 39 110 46 59 0.015625
46 39 111 46 59 0.015625
46 39 112 46 59 0.015625
46 39 113 46 59 0.015625
46 39 114 46 59 0.015625
46 39 129 46 30 0.015625
46 39 132 46 30 0.015625
46 39 144 46 31 0.015625
46 39 192 46 35 0.015625
46 39 199 46 36 0.015625
46 39 200 46 36 0.015625
46 39 201 46 36 0.015625
46 39 202 46 36 0.015625
46 39 203 46 36 0.015625
46 39 204 46 36 0.015625
46 39 247 46 38 0.015625
46 39 248 46 38 0.015625
46 39 249 46 38 0.015625
46 39 250 46 38 0.015625
46 39 251 46 38 0.015625
46 39 252 46 38 0.015625
46 39 295 46 40 0.015625
46 39 296 46 40 0.015625
46 39 297 46 40 0.015625
46 39 298 46 40 0.015625
46 39 299 46 40 0.015625
46 39 300 46 40 0.015625
46 39 319 46 41 0.015625
46 39 320 46 41 0.015625
46 39 321 46 41 0.015625
46 39 322 46 41 0.015625
46 39 323 46 41 0.015625
46 39 324 46 41 0.015625
47 5 0 47 48 0.015625
47 5 1 47 48 0.015625
47 5 3 47 48 0.015625
47 5 4 47 48 0.015625
47 5 6 47 49 0.015625
47 5 7 47 49 0.015625
47 5 9 47 49 0.015625
47 5 10 47 49 0.015625
47 5 11 47 49 0.015625
47 5 12 47 50 0.015625
47 5 13 47 50 0.015625
47 5 15 47 50 0.015625
47 5 16 47 50 0.015625
47 5 18 47 51 0.015625
47 5 19 47 51 0.015625
47 5 21 47 51 0.015625
47 5 22 47 51 0.015625
47 5 23 47 51 0.015625
47 5 24 47 52 0.015625
47 5 25 47 52 0.015625
47 5 27 47 52 0.015625
47 5 28 47 52 0.015625
47 5 29 47 52 0.015625
47 5 30 47 53 0.015625
47 5 31 47 53 0.015625
47 5 33 47 53 0.015625
47 5 34 47 53 0.015625
47 5 35 47 53 0.015625
47 5 36 47 54 0.015625
47 5 37 47 54 0.015625
47 5 38 47 54 0.015625
47 5 39 47 54 0.015625
47 5 40 47 54 0.015625
47 5 41 47 54 0.015625
47 5 48 47 55 0.015625
47 5 49 47 55 0.015625
47 5 50 47 55 0.015625
47 5 51 47 55 0.015625
47 5 52 47 55 0.015625
47 5 53 47 55 0.015625
47 5 60 47 56 0.015625
47 5 61 47 56 0.015625
47 5 62 47 56 0.015625
47 5 63 47 56 0.015625
47 5 64 47 56 0.015625
47 5 65 47 56 0.015625
47 5 72 47 57 0.015625
47 5 73 47 57 0.015625
47 5 74 47 57 0.015625
47 5 75 47 57 0.015625
47 5 76 47 57 0.015625
47 5 77 47 57 0.015625
47 5 84 47 58 0.015625
47 5 85 47 58 0.015625
47 5 86 47 58 0.015625
47 5 87 47 58 0.015625
47 5 88 47 58 0.015625
47 5 89 47 58 0.015625
47 5 96 47 59 0.015625
47 5 97 47 59 0.015625
47 5 98 47 59 0.015625
47 5 99 47 59 0.015625
47 5 100 47 59 0.015625
47 5 101 47 59 0.015625
47 16 0 47 30 0.015625
47 16 1 47 30 0.015625
47 16 2 47 30 0.015625
47 16 3 47 30 0.015625
47 16 4 47 30 0.015625
47 16 5 47 30 0.015625
47 16 7 47 30 0.015625
47 16 8 47 30 0.015625
47 16 9 47 30 0.015625
47 16 10 47 30 0.015625
47 16 12 47 31 0.015625
47 16 13 47 31 0.015625
47 16 14 47 31 0.015625
47 16 15 47 31 0.015625
47 16 16 47 31 0.015625
47 16 17 47 31 0.015625
47 16 19 47 31 0.015625
47 16 20 47 31 0.015625
47 16 21 47 31 0.015625
47 16 22 47 31 0.015625
47 16 24 47 32 0.015625
47 16 25 47 32 0.015625
47 16 26 47 32 0.015625
47 16 27 47 32 0.015625
47 16 28 47 32 0.015625
47 16 29 47 32 0.015625
47 16 30 47 32 0.015625
47 16 35 47 32 0.015625
47 16 36 47 33 0.015625
47 16 37 47 33 0.015625
47 16 38 47 33 0.015625
47 16 39 47 33 0.015625
47 16 40 47 33 0.015625
47 16 41 47 33 0.015625
47 16 42 47 33 0.015625
47 16 43 47 33 0.015625
47 16 44 47 33 0.015625
47 16 45 47 33 0.015625
47 16 47 47 33 0.015625
47 16 48 47 34 0.015625
47 16 49 47 34 0.015625
47 16 50 47 34 0.015625
47 16 51 47 34 0.015625
47 16 52 47 34 0.015625
47 16 53 47 34 0.015625
47 16 54 47 34 0.015625
47 16 56 47 34 0.015625
47 16 57 47 34 0.015625
47 16 59 47 34 0.015625
47 16 60 47 35 0.015625
47 16 61 47 35 0.015625
47 16 62 47 35 0.015625
47 16 63 47 35 0.015625
47 16 64 47 35 0.015625
47 16 65 47 35 0.015625
47 16 67 47 35 0.015625
47 16 68 47 35 0.015625
47 16 69 47 35 0.015625
47 16 70 47 35 0.015625
47 16 77 47 36 0.015625
47 16 83 47 37 0.015625
47 16 89 47 38 0.015625
47 16 101 47 40 0.015625
47 16 107 47 41 0.015625
47 29 15 47 48 0.03125
47 29 21 47 49 0.03125
47 29 27 47 50 0.03125
47 29 33 47 51 0.03125
47 29 39 47 52 0.03125
47 29 45 47 53 0.03125
47 29 48 47 30 0.015625
47 29 49 47 30 0.015625
47 29 50 47 30 0.015625
47 29 51 47 30 0.015625
47 29 53 47 30 0.015625
47 29 54 47 30 0.015625
47 29 55 47 30 0.015625
47 29 56 47 30 0.015625
47 29 58 47 30 0.015625
47 29 59 47 30 0.015625
47 29 60 47 31 0.015625
47 29 61 47 31 0.015625
47 29 62 47 31 0.015625
47 29 63 47 31 0.015625
47 29 65 47 31 0.015625
47 29 66 47 31 0.015625
47 29 67 47 31 0.015625
47 29 68 47 31 0.015625
47 29 70 47 31 0.015625
47 29 71 47 31 0.015625
47 29 78 47 32 0.015625
47 29 79 47 32 0.015625
47 29 80 47 32 0.015625
47 29 82 47 32 0.015625
47 29 83 47 32 0.015625
47 29 90 47 33 0.015625
47 29 91 47 33 0.015625
47 29 92 47 33 0.015625
47 29 94 47 33 0.015625
47 29 95 47 33 0.015625
47 29 102 47 34 0.015625
47 29 103 47 34 0.015625
47 29 104 47 34 0.015625
47 29 106 47 34 0.015625
47 29 107 47 34 0.015625
47 29 108 47 35 0.015625
47 29 109 47 35 0.015625
47 29 110 47 35 0.015625
47 29 111 47 35 0.015625
47 29 112 47 35 0.015625
47 29 113 47 35 0.015625
47 29 114 47 35 0.015625
47 29 115 47 35 0.015625
47 29 116 47 35 0.015625
47 29 118 47 35 0.015625
47 29 119 47 35 0.015625
47 29 126 47 37 0.015625
47 29 127 47 37 0.015625
47 29 128 47 37 0.015625
47 29 129 47 37 0.015625
47 29 130 47 37 0.015625
47 29 131 47 37 0.015625
47 39 49 47 54 0.015625
47 39 50 47 54 0.015625
47 39 51 47 54 0.015625
47 39 52 47 54 0.015625
47 39 53 47 54 0.015625
47 39 54 47 54 0.015625
47 39 61 47 55 0.015625
47 39 62 47 55 0.015625
47 39 63 47 55 0.015625
47 39 64 47 55 0.015625
47 39 65 47 55 0.015625
47 39 66 47 55 0.015625
47 39 73 47 56 0.015625
47 39 74 47 56 0.015625
47 39 75 47 56 0.015625
47 39 76 47 56 0.015625
47 39 77 47 56 0.015625
47 39 78 47 56 0.015625
47 39 85 47 57 0.015625
47 39 86 47 57 0.015625
47 39 87 47 57 0.015625
47 39 88 47 57 0.015625
47 39 89 47 57 0.015625
47 39 90 47 57 0.015625
47 39 97 47 58 0.015625
47 39 98 47 58 0.015625
47 39 99 47 58 0.015625
47 39 100 47 58 0.015625
47 39 101 47 58 0.015625
47 39 102 47 58 0.015625
47 39 109 47 59 0.015625
47 39 110 47 59 0.015625
47 39 111 47 59 0.015625
47 39 112 47 59 0.015625
47 39 113 47 59 0.015625
47 39 114 47 59 0.015625
47 39 131 47 30 0.015625
47 39 143 47 31 0.015625
47 39 189 47 35 0.015625
47 39 191 47 35 0.015625
47 39 199 47 36 0.015625
47 39 200 47 36 0.015625
47 39 201 47 36 0.015625
47 39 202 47 36 0.015625
47 39 203 47 36 0.015625
47 39 204 47 36 0.015625
47 39 247 47 38 0.015625
47 39 248 47 38 0.015625
47 39 249 47 38 0.015625
47 39 250 47 38 0.015625
47 39 251 47 38 0.015625
47 39 252 47 38 0.015625
47 39 295 47 40 0.015625
47 39 296 47 40 0.015625
47 39 297 47 40 0.015625
47 39 298 47 40 0.015625
47 39 299 47 40 0.015625
47 39 300 47 40 0.015625
47 39 319 47 41 0.015625
47 39 320 47 41 0.015625
47 39 321 47 41 0.015625
47 39 322 47 41 0.015625
47 39 323 47 41 0.015625
47 39 324 47 41 0.015625
