1_125_10000_240_0_0 60 180 0.646599 0.132485 0.574312 9.39579 428.269 1.87631
1_125_10000_240_0_0 60 180 120 3124705 80150226000 25650.5 26039.2 667918550 1.7156e+09
1_125_10000_240_1_1 60 180 0.646599 0.132485 0.574312 9.39579 428.269 1.87631
1_125_10000_240_1_1 60 180 120 3124705 80150226000 25650.5 26039.2 667918550 1.7156e+09
1_125_10000_240_2_2 60 180 0.655129 0.132836 0.574537 9.40459 506.609 1.88548
1_125_10000_240_2_2 60 180 120 3124709 80150355000 25650.5 26039.2 667919625 1.70559e+09
1_125_10000_240_3_3 60 180 0.667284 0.132594 0.5799 9.821 507.347 1.99785
1_125_10000_240_3_3 60 180 120 3124709 80150157000 25650.4 26039.2 667917975 1.75839e+09
1_125_10000_240_4_4 60 180 0.664237 0.132525 0.57937 9.56221 488.433 1.96602
1_125_10000_240_4_4 60 180 120 3124712 80150407500 25650.5 26039.3 6.6792e+08 1.76029e+09
1_125_10000_240_5_5 60 180 0.667236 0.133151 0.58148 9.60052 478.621 1.96981
1_125_10000_240_5_5 60 180 120 3124713 80150382000 25650.5 26039.3 667919850 1.74129e+09
1_125_10000_240_6_6 60 180 0.656994 0.132508 0.574828 9.43209 507.63 1.8979
1_125_10000_240_6_6 60 180 120 3124707 80150238000 25650.5 26039.2 667918650 1.773e+09
1_125_10000_240_7_7 60 180 0.685352 0.132783 0.57661 9.73824 498.715 1.97304
1_125_10000_240_7_7 60 180 120 3124707 80149870500 25650.4 26039.2 6.67916e+08 1.77474e+09
1_125_10000_240_8_8 60 180 0.667661 0.132728 0.574624 9.46849 457.951 1.8927
1_125_10000_240_8_8 60 180 120 3124710 80150146500 25650.4 26039.2 6.67918e+08 1.75716e+09
1_125_10000_240_9_9 60 180 0.64558 0.132847 0.575069 9.26116 488.191 1.86045
1_125_10000_240_9_9 60 180 120 3124709 80150320500 25650.5 26039.2 6.67919e+08 1.7129e+09
