1_21875_100000_240_0_0 60 180 0.971317 0.101942 0.522824 9.67459 8259.65 1.99291
1_21875_100000_240_0_0 60 180 120 3765384 96607444500 25656.7 31378.2 8.05062e+08 2.55389e+09
1_21875_100000_240_1_1 60 180 0.971317 0.101942 0.522824 9.67459 8259.65 1.99291
1_21875_100000_240_1_1 60 180 120 3765384 96607444500 25656.7 31378.2 8.05062e+08 2.55389e+09
1_21875_100000_240_2_2 60 180 0.913026 0.101465 0.521613 9.4921 2109.84 1.93051
1_21875_100000_240_2_2 60 180 120 3764151 96443383500 25621.6 31367.9 8.03695e+08 2.51994e+09
1_21875_100000_240_3_3 60 180 0.933822 0.101186 0.517172 9.41172 2119.46 1.88187
1_21875_100000_240_3_3 60 180 120 3765477 96447247500 25613.6 31379 8.03727e+08 2.54696e+09
1_21875_100000_240_4_4 60 180 0.956304 0.101717 0.525243 9.8011 2119.5 2.02276
1_21875_100000_240_4_4 60 180 120 3765296 96519093000 25633.9 31377.5 804325775 2.55131e+09
1_21875_100000_240_5_5 60 180 0.906012 0.102143 0.523467 9.7032 2103.79 1.97537
1_21875_100000_240_5_5 60 180 120 3766627 96678735000 25667.2 31388.6 805656125 2.46481e+09
1_21875_100000_240_6_6 60 180 0.920777 0.102104 0.522906 9.61429 1081.08 1.96177
1_21875_100000_240_6_6 60 180 120 3765307 96514269000 25632.5 31377.6 804285575 2.43976e+09
1_21875_100000_240_7_7 60 180 0.919905 0.102028 0.524796 9.63822 2119.9 1.95381
1_21875_100000_240_7_7 60 180 120 3764643 96413409000 25610.2 31372 803445075 2.46372e+09
1_21875_100000_240_8_8 60 180 0.954103 0.101815 0.52251 9.81518 4157.6 1.99039
1_21875_100000_240_8_8 60 180 120 3767265 96519027000 25620.5 31393.9 804325225 2.54476e+09
1_21875_100000_240_9_9 60 180 0.937464 0.101543 0.526012 9.69045 2109.13 2.01284
1_21875_100000_240_9_9 60 180 120 3763844 96455760000 25626.9 31365.4 803798000 2.54033e+09
