23_75_100_640_0_0 160 480 0.505847 0.154937 0.889125 10.0345 405.251 4.18477
23_75_100_640_0_0 160 480 320 985721 34613298000 35114.7 3080.38 1.08167e+08 6.94711e+08
23_75_100_640_1_1 160 480 0.505847 0.154937 0.889125 10.0345 405.251 4.18477
23_75_100_640_1_1 160 480 320 985721 34613298000 35114.7 3080.38 1.08167e+08 6.94711e+08
23_75_100_640_2_2 160 480 0.484142 0.153845 0.860072 9.90973 411.657 3.99422
23_75_100_640_2_2 160 480 320 985154 34452246000 34971.4 3078.61 1.07663e+08 6.48517e+08
23_75_100_640_3_3 160 480 0.486153 0.15516 0.867264 9.9293 165.651 4.03612
23_75_100_640_3_3 160 480 320 985518 34595916000 35104.3 3079.74 1.08112e+08 6.1447e+08
23_75_100_640_4_4 160 480 0.490273 0.155875 0.901954 9.91329 173.871 4.16234
23_75_100_640_4_4 160 480 320 985059 34556575500 35080.7 3078.31 1.07989e+08 6.34554e+08
23_75_100_640_5_5 160 480 0.46235 0.15206 0.833707 9.54852 205.281 3.80493
23_75_100_640_5_5 160 480 320 984964 34371181500 34895.9 3078.01 1.0741e+08 5.90016e+08
23_75_100_640_6_6 160 480 0.502996 0.154896 0.888344 9.99208 309.524 4.14483
23_75_100_640_6_6 160 480 320 984908 34511008500 35039.8 3077.84 1.07847e+08 6.52556e+08
23_75_100_640_7_7 160 480 0.503703 0.156031 0.913062 10.0089 184.571 4.1971
23_75_100_640_7_7 160 480 320 984509 34583287500 35127.4 3076.59 1.08073e+08 7.15007e+08
23_75_100_640_8_8 160 480 0.504893 0.153855 0.888992 10.0277 367.517 4.14043
23_75_100_640_8_8 160 480 320 984432 34400959500 34945 3076.35 1.07503e+08 7.07663e+08
23_75_100_640_9_9 160 480 0.512759 0.155401 0.897269 10.0146 412.931 4.17775
23_75_100_640_9_9 160 480 320 984728 34583392500 35119.7 3077.28 1.08073e+08 7.12212e+08
