7_125_1000_1000_0_0 250 750 0.537094 0.109415 1.80731 10.0183 88.183 5.54782
7_125_1000_1000_0_0 250 750 500 526784 18500259000 35119.3 1053.57 37000518 2.6271e+08
7_125_1000_1000_1_1 250 750 0.537094 0.109415 1.80731 10.0183 88.183 5.54782
7_125_1000_1000_1_1 250 750 500 526784 18500259000 35119.3 1053.57 37000518 2.6271e+08
7_125_1000_1000_2_2 250 750 0.531805 0.109429 1.84664 9.92031 134.351 5.52287
7_125_1000_1000_2_2 250 750 500 525561 18133291500 34502.7 1051.12 36266583 2.37877e+08
7_125_1000_1000_3_3 250 750 0.525701 0.10935 1.79468 9.75831 71.5685 5.32852
7_125_1000_1000_3_3 250 750 500 525356 18090144000 34434.1 1050.71 36180288 2.42002e+08
7_125_1000_1000_4_4 250 750 0.551116 0.109913 1.99106 9.96589 86.6978 5.73363
7_125_1000_1000_4_4 250 750 500 524743 18568962000 35386.8 1049.49 37137924 2.62534e+08
7_125_1000_1000_5_5 250 750 0.551674 0.109649 1.92974 10.2038 178.737 5.71171
7_125_1000_1000_5_5 250 750 500 524254 18432445500 35159.4 1048.51 36864891 2.58531e+08
7_125_1000_1000_6_6 250 750 0.531586 0.10941 1.83285 9.94199 108.563 5.44555
7_125_1000_1000_6_6 250 750 500 524398 18157944000 34626.3 1048.8 36315888 2.52709e+08
7_125_1000_1000_7_7 250 750 0.522104 0.109409 1.69744 9.88341 96.988 5.32814
7_125_1000_1000_7_7 250 750 500 525327 18209686500 34663.5 1050.65 36419373 2.51516e+08
7_125_1000_1000_8_8 250 750 0.530361 0.109704 1.783 10.0229 81.0562 5.49421
7_125_1000_1000_8_8 250 750 500 526733 18263607000 34673.4 1053.47 36527214 2.38048e+08
7_125_1000_1000_9_9 250 750 0.525587 0.109409 1.73335 9.96681 86.7672 5.38775
7_125_1000_1000_9_9 250 750 500 524121 18156861000 34642.5 1048.24 36313722 2.41252e+08
