3 5 0 3 5 0.046875
3 5 1 3 63 0.203125
3 5 2 3 43 0.125
3 5 3 3 52 0.109375
3 5 4 3 33 0.078125
3 5 5 3 36 0.09375
3 5 6 3 60 0.0625
3 5 7 3 51 0.0625
3 5 8 3 4 0.140625
3 5 9 3 48 0.078125
3 13 0 3 47 0.03125
3 13 1 3 63 0.21875
3 13 2 3 45 0.0625
3 13 3 3 15 0.0625
3 13 4 3 33 0.0625
3 13 5 3 62 0.078125
3 13 6 3 50 0.0625
3 13 7 3 41 0.046875
3 13 8 3 24 0.0625
3 13 9 3 60 0.0625
3 13 10 3 28 0.046875
3 13 11 3 4 0.125
3 13 12 3 48 0.078125
3 29 0 3 47 0.03125
3 29 1 3 63 0.21875
3 29 2 3 72 0.28125
3 29 3 3 5 0.03125
3 29 4 3 34 0.0625
3 29 5 3 76 0.09375
3 29 6 3 65 0.171875
3 29 7 3 48 0.109375
3 47 0 3 47 0.046875
3 47 1 3 43 0.3125
3 47 2 3 45 0.0625
3 47 3 3 50 0.0625
3 47 4 3 24 0.0625
3 47 5 3 36 0.109375
3 47 6 3 76 0.078125
3 47 7 3 65 0.0625
3 47 8 3 51 0.0625
3 47 9 3 4 0.140625
7 5 0 7 5 0.109375
7 5 1 7 37 0.078125
7 5 2 7 16 0.125
7 5 3 7 64 0.296875
7 5 4 7 60 0.125
7 5 5 7 51 0.09375
7 5 6 7 73 0.09375
7 5 7 7 58 0.078125
7 13 0 7 77 0.09375
7 13 1 7 62 0.25
7 13 2 7 16 0.15625
7 13 3 7 68 0.125
7 13 4 7 24 0.15625
7 13 5 7 60 0.125
7 13 6 7 28 0.09375
7 29 0 7 14 0.0625
7 29 1 7 77 0.0625
7 29 2 7 55 0.109375
7 29 3 7 5 0.0625
7 29 4 7 64 0.359375
7 29 5 7 39 0.09375
7 29 6 7 68 0.046875
7 29 7 7 76 0.0625
7 29 8 7 65 0.09375
7 29 9 7 58 0.046875
7 47 0 7 35 0.09375
7 47 1 7 68 0.09375
7 47 2 7 24 0.09375
7 47 3 7 76 0.1875
7 47 4 7 65 0.125
7 47 5 7 51 0.15625
7 47 6 7 58 0.0625
7 47 7 7 27 0.1875
9 5 0 9 5 0.09375
9 5 1 9 40 0.109375
9 5 2 9 52 0.1875
9 5 3 9 16 0.09375
9 5 4 9 66 0.109375
9 5 5 9 69 0.09375
9 5 6 9 60 0.09375
9 5 7 9 73 0.078125
9 5 8 9 61 0.078125
9 5 9 9 58 0.0625
9 13 0 9 13 0.109375
9 13 1 9 6 0.125
9 13 2 9 15 0.09375
9 13 3 9 30 0.21875
9 13 4 9 16 0.109375
9 13 5 9 66 0.15625
9 13 6 9 60 0.09375
9 13 7 9 61 0.09375
9 29 0 9 23 0.34375
9 29 1 9 14 0.078125
9 29 2 9 11 0.09375
9 29 3 9 40 0.078125
9 29 4 9 5 0.046875
9 29 5 9 66 0.09375
9 29 6 9 31 0.078125
9 29 7 9 65 0.125
9 29 8 9 58 0.0625
9 47 0 9 13 0.234375
9 47 1 9 31 0.28125
9 47 2 9 65 0.3125
9 47 3 9 58 0.171875
12 5 0 12 5 0.0625
12 5 1 12 37 0.0625
12 5 2 12 20 0.1875
12 5 3 12 66 0.203125
12 5 4 12 69 0.125
12 5 5 12 51 0.09375
12 5 6 12 48 0.09375
12 5 7 12 73 0.09375
12 5 8 12 58 0.078125
12 13 0 12 0 0.09375
12 13 1 12 47 0.046875
12 13 2 12 6 0.125
12 13 3 12 77 0.078125
12 13 4 12 30 0.1875
12 13 5 12 66 0.125
12 13 6 12 41 0.078125
12 13 7 12 68 0.09375
12 13 8 12 48 0.171875
12 29 0 12 0 0.109375
12 29 1 12 47 0.015625
12 29 2 12 77 0.09375
12 29 3 12 5 0.046875
12 29 4 12 66 0.09375
12 29 5 12 34 0.078125
12 29 6 12 31 0.09375
12 29 7 12 68 0.078125
12 29 8 12 76 0.109375
12 29 9 12 48 0.21875
12 29 10 12 58 0.0625
12 47 0 12 47 0.046875
12 47 1 12 0 0.109375
12 47 2 12 54 0.078125
12 47 3 12 59 0.28125
12 47 4 12 35 0.0625
12 47 5 12 31 0.078125
12 47 6 12 68 0.078125
12 47 7 12 76 0.109375
12 47 8 12 51 0.09375
12 47 9 12 58 0.0625
16 5 0 16 5 0.078125
16 5 1 16 1 0.15625
16 5 2 16 48 0.15625
16 5 3 16 61 0.125
16 5 4 16 9 0.25
16 5 5 16 58 0.078125
16 5 6 16 7 0.15625
16 13 0 16 13 0.046875
16 13 1 16 1 0.09375
16 13 2 16 18 0.109375
16 13 3 16 50 0.078125
16 13 4 16 68 0.078125
16 13 5 16 24 0.078125
16 13 6 16 48 0.109375
16 13 7 16 61 0.078125
16 13 8 16 9 0.125
16 13 9 16 49 0.203125
16 29 0 16 46 0.109375
16 29 1 16 55 0.234375
16 29 2 16 5 0.03125
16 29 3 16 34 0.078125
16 29 4 16 68 0.0625
16 29 5 16 48 0.109375
16 29 6 16 58 0.0625
16 29 7 16 49 0.3125
16 47 0 16 13 0.046875
16 47 1 16 46 0.21875
16 47 2 16 22 0.125
16 47 3 16 35 0.0625
16 47 4 16 50 0.09375
16 47 5 16 68 0.078125
16 47 6 16 24 0.078125
16 47 7 16 58 0.0625
16 47 8 16 27 0.109375
16 47 9 16 49 0.125
18 5 0 18 1 0.125
18 5 1 18 33 0.171875
18 5 2 18 16 0.125
18 5 3 18 69 0.140625
18 5 4 18 51 0.125
18 5 5 18 48 0.140625
18 5 6 18 73 0.09375
18 5 7 18 58 0.078125
18 13 0 18 13 0.140625
18 13 1 18 1 0.109375
18 13 2 18 0 0.09375
18 13 3 18 45 0.078125
18 13 4 18 33 0.09375
18 13 5 18 16 0.09375
18 13 6 18 50 0.078125
18 13 7 18 68 0.078125
18 13 8 18 24 0.078125
18 13 9 18 48 0.15625
18 29 0 18 10 0.421875
18 29 1 18 0 0.078125
18 29 2 18 55 0.140625
18 29 3 18 39 0.140625
18 29 4 18 68 0.0625
18 29 5 18 48 0.09375
18 29 6 18 58 0.0625
18 47 0 18 0 0.140625
18 47 1 18 13 0.09375
18 47 2 18 22 0.1875
18 47 3 18 54 0.078125
18 47 4 18 45 0.09375
18 47 5 18 50 0.09375
18 47 6 18 68 0.078125
18 47 7 18 24 0.078125
18 47 8 18 51 0.09375
18 47 9 18 58 0.0625
28 5 0 28 37 0.0625
28 5 1 28 40 0.09375
28 5 2 28 33 0.09375
28 5 3 28 66 0.09375
28 5 4 28 74 0.328125
28 5 5 28 3 0.09375
28 5 6 28 60 0.078125
28 5 7 28 73 0.078125
28 5 8 28 7 0.078125
28 13 0 28 13 0.0625
28 13 1 28 77 0.0625
28 13 2 28 15 0.078125
28 13 3 28 33 0.09375
28 13 4 28 66 0.09375
28 13 5 28 41 0.0625
28 13 6 28 74 0.328125
28 13 7 28 68 0.0625
28 13 8 28 24 0.078125
28 13 9 28 60 0.078125
28 29 0 28 40 0.140625
28 29 1 28 77 0.21875
28 29 2 28 66 0.25
28 29 3 28 31 0.234375
28 29 4 28 68 0.15625
28 47 0 28 13 0.0625
28 47 1 28 54 0.140625
28 47 2 28 31 0.09375
28 47 3 28 68 0.078125
28 47 4 28 24 0.09375
28 47 5 28 3 0.1875
28 47 6 28 78 0.171875
28 47 7 28 27 0.171875
30 5 0 30 1 0.109375
30 5 1 30 12 0.09375
30 5 2 30 40 0.15625
30 5 3 30 33 0.109375
30 5 4 30 60 0.140625
30 5 5 30 48 0.125
30 5 6 30 73 0.09375
30 5 7 30 9 0.171875
30 13 0 30 13 0.09375
30 13 1 30 1 0.078125
30 13 2 30 45 0.0625
30 13 3 30 33 0.078125
30 13 4 30 62 0.09375
30 13 5 30 24 0.0625
30 13 6 30 60 0.0625
30 13 7 30 48 0.09375
30 13 8 30 9 0.109375
30 13 9 30 49 0.265625
30 29 0 30 23 0.140625
30 29 1 30 14 0.0625
30 29 2 30 40 0.0625
30 29 3 30 72 0.171875
30 29 4 30 31 0.0625
30 29 5 30 76 0.078125
30 29 6 30 48 0.09375
30 29 7 30 49 0.234375
30 29 8 30 17 0.09375
30 47 0 30 13 0.09375
30 47 1 30 12 0.109375
30 47 2 30 59 0.203125
30 47 3 30 45 0.078125
30 47 4 30 31 0.078125
30 47 5 30 24 0.078125
30 47 6 30 76 0.109375
30 47 7 30 27 0.109375
30 47 8 30 49 0.140625
35 5 0 35 1 0.09375
35 5 1 35 37 0.0625
35 5 2 35 12 0.09375
35 5 3 35 40 0.140625
35 5 4 35 16 0.109375
35 5 5 35 66 0.125
35 5 6 35 36 0.125
35 5 7 35 51 0.09375
35 5 8 35 58 0.0625
35 5 9 35 7 0.09375
35 13 0 35 1 0.234375
35 13 1 35 47 0.0625
35 13 2 35 45 0.09375
35 13 3 35 15 0.09375
35 13 4 35 16 0.140625
35 13 5 35 50 0.09375
35 13 6 35 66 0.203125
35 13 7 35 41 0.078125
35 29 0 35 46 0.109375
35 29 1 35 47 0.03125
35 29 2 35 40 0.078125
35 29 3 35 55 0.1875
35 29 4 35 66 0.078125
35 29 5 35 39 0.265625
35 29 6 35 34 0.0625
35 29 7 35 58 0.0625
35 29 8 35 17 0.125
35 47 0 35 47 0.0625
35 47 1 35 46 0.171875
35 47 2 35 12 0.09375
35 47 3 35 45 0.078125
35 47 4 35 50 0.078125
35 47 5 35 36 0.25
35 47 6 35 51 0.09375
35 47 7 35 58 0.0625
35 47 8 35 78 0.109375
37 5 0 37 5 0.0625
37 5 1 37 12 0.09375
37 5 2 37 20 0.125
37 5 3 37 52 0.296875
37 5 4 37 69 0.109375
37 5 5 37 60 0.09375
37 5 6 37 61 0.078125
37 5 7 37 58 0.0625
37 5 8 37 7 0.078125
37 13 0 37 0 0.09375
37 13 1 37 45 0.109375
37 13 2 37 6 0.265625
37 13 3 37 50 0.09375
37 13 4 37 41 0.078125
37 13 5 37 60 0.15625
37 13 6 37 28 0.09375
37 13 7 37 61 0.109375
37 29 0 37 0 0.15625
37 29 1 37 14 0.203125
37 29 2 37 11 0.265625
37 29 3 37 2 0.21875
37 29 4 37 5 0.0625
37 29 5 37 58 0.09375
37 47 0 37 0 0.15625
37 47 1 37 12 0.15625
37 47 2 37 54 0.109375
37 47 3 37 45 0.125
37 47 4 37 35 0.078125
37 47 5 37 50 0.109375
37 47 6 37 58 0.078125
37 47 7 37 78 0.1875
40 5 0 40 5 0.03125
40 5 1 40 1 0.0625
40 5 2 40 63 0.25
40 5 3 40 29 0.03125
40 5 4 40 52 0.0625
40 5 5 40 64 0.359375
40 5 6 40 60 0.046875
40 5 7 40 48 0.0625
40 5 8 40 9 0.09375
40 13 0 40 1 0.0625
40 13 1 40 0 0.0625
40 13 2 40 63 0.3125
40 13 3 40 6 0.0625
40 13 4 40 77 0.046875
40 13 5 40 30 0.0625
40 13 6 40 60 0.046875
40 13 7 40 28 0.046875
40 13 8 40 48 0.046875
40 13 9 40 9 0.078125
40 13 10 40 49 0.171875
40 29 0 40 29 0.015625
40 29 1 40 10 0.0625
40 29 2 40 0 0.046875
40 29 3 40 14 0.046875
40 29 4 40 11 0.046875
40 29 5 40 63 0.09375
40 29 6 40 2 0.046875
40 29 7 40 77 0.046875
40 29 8 40 5 0.015625
40 29 9 40 64 0.296875
40 29 10 40 39 0.046875
40 29 11 40 34 0.03125
40 29 12 40 31 0.046875
40 29 13 40 48 0.046875
40 29 14 40 49 0.109375
40 47 0 40 0 0.078125
40 47 1 40 53 0.15625
40 47 2 40 29 0.1875
40 47 3 40 35 0.046875
40 47 4 40 31 0.0625
40 47 5 40 78 0.09375
40 47 6 40 49 0.375
41 5 0 41 37 0.078125
41 5 1 41 12 0.140625
41 5 2 41 69 0.1875
41 5 3 41 3 0.203125
41 5 4 41 36 0.203125
41 5 5 41 61 0.109375
41 5 6 41 58 0.078125
41 13 0 41 13 0.15625
41 13 1 41 77 0.140625
41 13 2 41 15 0.1875
41 13 3 41 50 0.171875
41 13 4 41 28 0.171875
41 13 5 41 61 0.171875
41 29 0 41 2 0.25
41 29 1 41 77 0.125
41 29 2 41 34 0.15625
41 29 3 41 31 0.140625
41 29 4 41 76 0.234375
41 29 5 41 58 0.09375
41 47 0 41 13 0.046875
41 47 1 41 22 0.109375
41 47 2 41 12 0.09375
41 47 3 41 35 0.0625
41 47 4 41 50 0.078125
41 47 5 41 31 0.0625
41 47 6 41 3 0.109375
41 47 7 41 36 0.171875
41 47 8 41 76 0.09375
41 47 9 41 58 0.0625
41 47 10 41 78 0.109375
42 5 0 42 37 0.0625
42 5 1 42 40 0.109375
42 5 2 42 20 0.125
42 5 3 42 74 0.328125
42 5 4 42 51 0.078125
42 5 5 42 4 0.140625
42 5 6 42 61 0.078125
42 5 7 42 7 0.078125
42 13 0 42 77 0.078125
42 13 1 42 62 0.109375
42 13 2 42 41 0.0625
42 13 3 42 74 0.328125
42 13 4 42 68 0.078125
42 13 5 42 4 0.265625
42 13 6 42 61 0.078125
42 29 0 42 23 0.15625
42 29 1 42 46 0.09375
42 29 2 42 40 0.0625
42 29 3 42 2 0.078125
42 29 4 42 77 0.0625
42 29 5 42 72 0.203125
42 29 6 42 34 0.0625
42 29 7 42 68 0.0625
42 29 8 42 76 0.078125
42 29 9 42 65 0.140625
42 47 0 42 46 0.109375
42 47 1 42 22 0.078125
42 47 2 42 54 0.0625
42 47 3 42 53 0.3125
42 47 4 42 68 0.0625
42 47 5 42 76 0.09375
42 47 6 42 65 0.078125
42 47 7 42 51 0.078125
42 47 8 42 4 0.125
43 5 0 43 5 0.453125
43 5 1 43 20 0.1875
43 5 2 43 33 0.109375
43 5 3 43 3 0.140625
43 5 4 43 51 0.109375
43 13 0 43 0 0.21875
43 13 1 43 47 0.03125
43 13 2 43 45 0.1875
43 13 3 43 77 0.15625
43 13 4 43 15 0.15625
43 13 5 43 33 0.25
43 29 0 43 10 0.171875
43 29 1 43 0 0.0625
43 29 2 43 46 0.078125
43 29 3 43 14 0.0625
43 29 4 43 11 0.078125
43 29 5 43 47 0.046875
43 29 6 43 2 0.0625
43 29 7 43 77 0.0625
43 29 8 43 5 0.0625
43 29 9 43 39 0.109375
43 29 10 43 65 0.109375
43 29 11 43 17 0.09375
43 47 0 43 47 0.25
43 47 1 43 0 0.078125
43 47 2 43 46 0.078125
43 47 3 43 22 0.0625
43 47 4 43 53 0.171875
43 47 5 43 45 0.0625
43 47 6 43 3 0.09375
43 47 7 43 65 0.0625
43 47 8 43 51 0.0625
43 47 9 43 27 0.078125
50 5 0 50 1 0.09375
50 5 1 50 37 0.0625
50 5 2 50 63 0.1875
50 5 3 50 33 0.109375
50 5 4 50 16 0.09375
50 5 5 50 66 0.125
50 5 6 50 3 0.109375
50 5 7 50 4 0.140625
50 5 8 50 61 0.078125
50 13 0 50 13 0.03125
50 13 1 50 1 0.0625
50 13 2 50 18 0.078125
50 13 3 50 47 0.03125
50 13 4 50 63 0.125
50 13 5 50 45 0.0625
50 13 6 50 6 0.078125
50 13 7 50 33 0.0625
50 13 8 50 16 0.0625
50 13 9 50 66 0.078125
50 13 10 50 41 0.046875
50 13 11 50 68 0.0625
50 13 12 50 24 0.0625
50 13 13 50 4 0.09375
50 13 14 50 61 0.0625
50 29 0 50 14 0.140625
50 29 1 50 11 0.171875
50 29 2 50 47 0.03125
50 29 3 50 63 0.34375
50 29 4 50 66 0.125
50 29 5 50 34 0.109375
50 29 6 50 68 0.078125
50 47 0 50 47 0.0625
50 47 1 50 13 0.03125
50 47 2 50 45 0.140625
50 47 3 50 35 0.078125
50 47 4 50 68 0.109375
50 47 5 50 24 0.109375
50 47 6 50 3 0.171875
50 47 7 50 4 0.296875
54 5 0 54 37 0.078125
54 5 1 54 12 0.125
54 5 2 54 36 0.21875
54 5 3 54 4 0.25
54 5 4 54 73 0.125
54 5 5 54 61 0.125
54 5 6 54 58 0.078125
54 13 0 54 0 0.09375
54 13 1 54 18 0.21875
54 13 2 54 47 0.0625
54 13 3 54 62 0.125
54 13 4 54 68 0.078125
54 13 5 54 24 0.09375
54 13 6 54 28 0.078125
54 13 7 54 4 0.171875
54 13 8 54 61 0.078125
54 29 0 54 0 0.1875
54 29 1 54 46 0.25
54 29 2 54 47 0.03125
54 29 3 54 68 0.09375
54 29 4 54 58 0.09375
54 29 5 54 17 0.34375
54 47 0 54 47 0.0625
54 47 1 54 0 0.09375
54 47 2 54 46 0.09375
54 47 3 54 22 0.09375
54 47 4 54 12 0.09375
54 47 5 54 59 0.15625
54 47 6 54 68 0.0625
54 47 7 54 24 0.0625
54 47 8 54 36 0.125
54 47 9 54 4 0.109375
54 47 10 54 58 0.046875
