22_75_100_640_0_0 160 480 0.529714 0.170021 0.915169 10.0868 282.087 4.0542
22_75_100_640_0_0 160 480 320 944332 33080950500 35031.1 2951.04 1.03378e+08 7.00102e+08
22_75_100_640_1_1 160 480 0.529714 0.170021 0.915169 10.0868 282.087 4.0542
22_75_100_640_1_1 160 480 320 944332 33080950500 35031.1 2951.04 1.03378e+08 7.00102e+08
22_75_100_640_2_2 160 480 0.54102 0.166143 0.888342 10.0072 553.786 3.90852
22_75_100_640_2_2 160 480 320 943881 33026464500 34990.1 2949.63 1.03208e+08 7.96717e+08
22_75_100_640_3_3 160 480 0.562149 0.170639 0.928296 10.1619 562.364 4.06424
22_75_100_640_3_3 160 480 320 944302 33192622500 35150.4 2950.94 1.03727e+08 7.51446e+08
22_75_100_640_4_4 160 480 0.549554 0.168978 0.905573 10.1013 559.722 4.01897
22_75_100_640_4_4 160 480 320 943750 33071107500 35042.2 2949.22 1.03347e+08 7.25864e+08
22_75_100_640_5_5 160 480 0.582821 0.166585 0.884387 10.107 674.649 3.94453
22_75_100_640_5_5 160 480 320 943650 32967879000 34936.6 2948.91 1.03025e+08 8.49335e+08
22_75_100_640_6_6 160 480 0.528262 0.169287 0.907687 10.0274 384.514 3.94092
22_75_100_640_6_6 160 480 320 943405 33074892000 35059.1 2948.14 1.03359e+08 7.29744e+08
22_75_100_640_7_7 160 480 0.542545 0.167356 0.86101 9.9206 467.639 3.74447
22_75_100_640_7_7 160 480 320 943117 33040572000 35033.4 2947.24 1.03252e+08 7.76873e+08
22_75_100_640_8_8 160 480 0.498741 0.166212 0.856014 9.72352 295.123 3.68996
22_75_100_640_8_8 160 480 320 942899 32909749500 34902.7 2946.56 1.02843e+08 6.22796e+08
22_75_100_640_9_9 160 480 0.566232 0.168115 0.89136 10.1278 898.538 3.99702
22_75_100_640_9_9 160 480 320 943426 33046698000 35028.4 2948.21 1.03271e+08 7.32758e+08
