12_5_10_200_0_0 50 150 0.667813 0.119231 0.506288 10.1577 297.831 2.37912
12_5_10_200_0_0 50 150 100 1758196 43068604500 24495.9 17582 430686045 9.5599e+08
12_5_10_200_1_1 50 150 0.667813 0.119231 0.506288 10.1577 297.831 2.37912
12_5_10_200_1_1 50 150 100 1758196 43068604500 24495.9 17582 430686045 9.5599e+08
12_5_10_200_2_2 50 150 0.677722 0.119064 0.507447 10.2581 308.421 2.45645
12_5_10_200_2_2 50 150 100 1758193 43068585000 24495.9 17581.9 430685850 9.79336e+08
12_5_10_200_3_3 50 150 0.645511 0.119474 0.504384 10.0815 206.009 2.33637
12_5_10_200_3_3 50 150 100 1758197 43068663000 24495.9 17582 430686630 9.47001e+08
12_5_10_200_4_4 50 150 0.637158 0.119458 0.506432 10.0583 210.047 2.32335
12_5_10_200_4_4 50 150 100 1758191 43068570000 24496 17581.9 430685700 9.29486e+08
12_5_10_200_5_5 50 150 0.639025 0.119139 0.505263 10.1652 297.916 2.38724
12_5_10_200_5_5 50 150 100 1758199 43068651000 24495.9 17582 430686510 9.60042e+08
12_5_10_200_6_6 50 150 0.641957 0.119166 0.503055 10.0726 297.518 2.30565
12_5_10_200_6_6 50 150 100 1758191 43068475500 24495.9 17581.9 430684755 9.45128e+08
12_5_10_200_7_7 50 150 0.661949 0.119217 0.505673 10.2009 307.43 2.38558
12_5_10_200_7_7 50 150 100 1758191 43068312000 24495.8 17581.9 430683120 9.68942e+08
12_5_10_200_8_8 50 150 0.629212 0.119235 0.508326 10.138 300.108 2.37331
12_5_10_200_8_8 50 150 100 1758196 43068181500 24495.7 17582 430681815 9.17323e+08
12_5_10_200_9_9 50 150 0.653706 0.119367 0.507267 10.2119 299.933 2.42704
12_5_10_200_9_9 50 150 100 1758194 43068541500 24495.9 17581.9 430685415 9.58473e+08
