23_75_100_640_0_0 160 480 0.496923 0.162354 0.885575 9.9224 320.066 4.0396
23_75_100_640_0_0 160 480 320 985721 34613296500 35114.7 3080.38 1.08167e+08 6.69219e+08
23_75_100_640_1_1 160 480 0.496923 0.162354 0.885575 9.9224 320.066 4.0396
23_75_100_640_1_1 160 480 320 985721 34613296500 35114.7 3080.38 1.08167e+08 6.69219e+08
23_75_100_640_2_2 160 480 0.47853 0.160326 0.862839 9.71727 205.077 3.83757
23_75_100_640_2_2 160 480 320 985154 34452243000 34971.4 3078.61 1.07663e+08 6.23525e+08
23_75_100_640_3_3 160 480 0.477805 0.161268 0.867694 9.73555 210.308 3.88255
23_75_100_640_3_3 160 480 320 985518 34605709500 35114.2 3079.74 1.08143e+08 6.34362e+08
23_75_100_640_4_4 160 480 0.484217 0.163323 0.874269 9.76227 131.549 3.90738
23_75_100_640_4_4 160 480 320 985059 34546213500 35070.2 3078.31 1.07957e+08 6.2182e+08
23_75_100_640_5_5 160 480 0.475978 0.160337 0.857957 9.65243 360.078 3.82547
23_75_100_640_5_5 160 480 320 984964 34371187500 34895.9 3078.01 1.0741e+08 6.0749e+08
23_75_100_640_6_6 160 480 0.473705 0.161131 0.865745 9.63161 122.453 3.84183
23_75_100_640_6_6 160 480 320 984908 34507104000 35035.9 3077.84 107834700 6.04253e+08
23_75_100_640_7_7 160 480 0.480045 0.162791 0.879955 9.66966 133.306 3.8868
23_75_100_640_7_7 160 480 320 984509 34588788000 35133 3076.59 1.0809e+08 6.43643e+08
23_75_100_640_8_8 160 480 0.468095 0.15994 0.833758 9.56705 850.059 3.71853
23_75_100_640_8_8 160 480 320 984432 34401034500 34945.1 3076.35 1.07503e+08 6.03412e+08
23_75_100_640_9_9 160 480 0.488559 0.162546 0.898111 9.81571 280.066 3.98554
23_75_100_640_9_9 160 480 320 984728 34582162500 35118.5 3077.28 1.08069e+08 6.37256e+08
