21_75_100_640_0_0 160 480 0.62579 0.156654 0.939069 10.5142 1359.97 4.44098
21_75_100_640_0_0 160 480 320 902761 31634011500 35041.4 2821.13 9.88563e+07 8.05913e+08
21_75_100_640_1_1 160 480 0.62579 0.156654 0.939069 10.5142 1359.97 4.44098
21_75_100_640_1_1 160 480 320 902761 31634011500 35041.4 2821.13 9.88563e+07 8.05913e+08
21_75_100_640_2_2 160 480 0.732343 0.156181 0.939013 10.6901 744.115 4.49934
21_75_100_640_2_2 160 480 320 902435 31589107500 35004.3 2820.11 9.8716e+07 9.24527e+08
21_75_100_640_3_3 160 480 0.609422 0.157889 0.9211 10.3935 640.523 4.33591
21_75_100_640_3_3 160 480 320 902789 31740208500 35157.9 2821.22 9.91882e+07 8.08566e+08
21_75_100_640_4_4 160 480 0.667848 0.158966 0.930534 10.4523 687.098 4.38823
21_75_100_640_4_4 160 480 320 902263 31704700500 35139.1 2819.57 9.90772e+07 8.15007e+08
21_75_100_640_5_5 160 480 0.581273 0.156444 0.89525 10.2267 563.914 4.19285
21_75_100_640_5_5 160 480 320 901874 31515538500 34944.5 2818.36 9.84861e+07 7.31024e+08
21_75_100_640_6_6 160 480 0.590604 0.157911 0.933469 10.3861 560.152 4.32962
21_75_100_640_6_6 160 480 320 901890 31656615000 35100.3 2818.41 9.89269e+07 7.74957e+08
21_75_100_640_7_7 160 480 0.651903 0.157227 0.902466 10.3769 707.875 4.25385
21_75_100_640_7_7 160 480 320 901589 31604805000 35054.6 2817.47 9.8765e+07 7.88073e+08
21_75_100_640_8_8 160 480 0.623947 0.155738 0.858689 10.127 739.994 3.97457
21_75_100_640_8_8 160 480 320 901597 31478526000 34914.2 2817.49 9.83704e+07 7.38996e+08
21_75_100_640_9_9 160 480 0.657271 0.158697 0.92329 10.3951 724.453 4.31233
21_75_100_640_9_9 160 480 320 902233 31655164500 35085.4 2819.48 9.89224e+07 7.59961e+08
