11_875_1000_640_0_0 160 480 2.35305 0.079171 0.421665 10.6118 1180.66 1.99912
11_875_1000_640_0_0 160 480 320 492422 17088657000 34703.3 1538.82 5.34021e+07 6.70531e+08
11_875_1000_640_1_1 160 480 2.35305 0.079171 0.421665 10.6118 1180.66 1.99912
11_875_1000_640_1_1 160 480 320 492422 17088657000 34703.3 1538.82 5.34021e+07 6.70531e+08
11_875_1000_640_2_2 160 480 2.35189 0.0792375 0.41715 10.334 1388.51 1.8933
11_875_1000_640_2_2 160 480 320 492617 17162017500 34838.5 1539.43 5.36313e+07 7.16884e+08
11_875_1000_640_3_3 160 480 2.38886 0.080449 0.438001 11.2184 1190.65 2.30885
11_875_1000_640_3_3 160 480 320 492678 17266651500 35046.5 1539.62 5.39583e+07 6.75236e+08
11_875_1000_640_4_4 160 480 2.14905 0.0806798 0.435109 10.5088 1147.64 2.11625
11_875_1000_640_4_4 160 480 320 492539 17342442000 35210.3 1539.18 5.41951e+07 6.52374e+08
11_875_1000_640_5_5 160 480 2.22767 0.0798921 0.423781 10.6258 1134.02 2.04845
11_875_1000_640_5_5 160 480 320 492733 17221030500 34950 1539.79 5.38157e+07 6.80719e+08
11_875_1000_640_6_6 160 480 2.16325 0.0801346 0.424933 10.3379 1177.62 1.97791
11_875_1000_640_6_6 160 480 320 492195 17308716000 35166.4 1538.11 5.40897e+07 6.28249e+08
11_875_1000_640_7_7 160 480 2.04223 0.0806559 0.433822 10.547 1137.89 2.15154
11_875_1000_640_7_7 160 480 320 491776 17193814500 34962.7 1536.8 5.37307e+07 5.63497e+08
11_875_1000_640_8_8 160 480 1.8975 0.0801886 0.422502 9.94423 1114.95 1.85327
11_875_1000_640_8_8 160 480 320 491241 17260281000 35136.1 1535.13 5.39384e+07 5.22341e+08
11_875_1000_640_9_9 160 480 2.38207 0.080103 0.431768 10.8289 1137.42 2.15291
11_875_1000_640_9_9 160 480 320 492010 17181882000 34921.8 1537.53 5.36934e+07 7.08892e+08
