5_75_100_100_0_0 25 75 0.480156 0.0936471 0.544194 9.95838 105.33 2.82396
5_75_100_100_0_0 25 75 50 106324 3680538000 34616.2 2126.48 73610760 3.17364e+08
5_75_100_100_1_1 25 75 0.480156 0.0936471 0.544194 9.95838 105.33 2.82396
5_75_100_100_1_1 25 75 50 106324 3680538000 34616.2 2126.48 73610760 3.17364e+08
5_75_100_100_2_2 25 75 0.469878 0.0911281 0.516207 9.52058 114.318 2.47281
5_75_100_100_2_2 25 75 50 105840 3626755500 34266.4 2116.8 72535110 2.87187e+08
5_75_100_100_3_3 25 75 0.496166 0.0941207 0.525393 9.93004 103.819 2.7089
5_75_100_100_3_3 25 75 50 105884 3665686500 34619.8 2117.68 73313730 3.30102e+08
5_75_100_100_4_4 25 75 0.490028 0.0938552 0.553641 10.2109 99.0797 3.01157
5_75_100_100_4_4 25 75 50 105899 3710796000 35040.9 2117.98 74215920 3.95918e+08
5_75_100_100_5_5 25 75 0.434924 0.0948647 0.512999 8.88253 104.324 2.40138
5_75_100_100_5_5 25 75 50 105894 3695220000 34895.5 2117.88 73904400 3.03457e+08
5_75_100_100_6_6 25 75 0.438591 0.09326 0.52265 9.39181 98.5927 2.50901
5_75_100_100_6_6 25 75 50 106072 3660088500 34505.7 2121.44 73201770 2.72307e+08
5_75_100_100_7_7 25 75 0.60868 0.095035 0.571406 10.8226 112.519 3.33841
5_75_100_100_7_7 25 75 50 105881 3633346500 34315.4 2117.62 72666930 3.72964e+08
5_75_100_100_8_8 25 75 0.499089 0.0951137 0.541067 10.3542 112.256 2.83295
5_75_100_100_8_8 25 75 50 105903 3732814500 35247.5 2118.06 74656290 3.74368e+08
5_75_100_100_9_9 25 75 0.543359 0.0943489 0.568058 10.5519 112.79 3.19765
5_75_100_100_9_9 25 75 50 105848 3664795500 34623.2 2116.96 73295910 3.77044e+08
