8_625_1000_1000_0_0 250 750 0.583696 0.132357 1.9887 10.0949 249.912 5.68027
8_625_1000_1000_0_0 250 750 500 637726 22421142000 35158 1275.45 44842284 3.91284e+08
8_625_1000_1000_1_1 250 750 0.583696 0.132357 1.9887 10.0949 249.912 5.68027
8_625_1000_1000_1_1 250 750 500 637726 22421142000 35158 1275.45 44842284 3.91284e+08
8_625_1000_1000_2_2 250 750 0.559226 0.13178 1.89686 9.88455 147.559 5.42776
8_625_1000_1000_2_2 250 750 500 636435 21975489000 34529 1272.87 43950978 3.47155e+08
8_625_1000_1000_3_3 250 750 0.572869 0.131649 1.91694 9.97652 429.575 5.51358
8_625_1000_1000_3_3 250 750 500 636050 21860628000 34369.4 1272.1 43721256 3.46328e+08
8_625_1000_1000_4_4 250 750 0.584758 0.132792 2.04549 10.0782 102.257 5.72183
8_625_1000_1000_4_4 250 750 500 635165 22484428500 35399.4 1270.33 44968857 3.87477e+08
8_625_1000_1000_5_5 250 750 0.58661 0.132207 2.03378 10.2059 100.27 5.73284
8_625_1000_1000_5_5 250 750 500 634764 22331305500 35180.5 1269.53 44662611 3.78669e+08
8_625_1000_1000_6_6 250 750 0.587486 0.131944 1.99613 10.1259 162.976 5.66105
8_625_1000_1000_6_6 250 750 500 634606 21990391500 34652 1269.21 43980783 3.81735e+08
8_625_1000_1000_7_7 250 750 0.567742 0.131589 1.88235 9.9489 237.903 5.53293
8_625_1000_1000_7_7 250 750 500 635802 22067085000 34707.5 1271.6 44134170 3.73033e+08
8_625_1000_1000_8_8 250 750 0.574275 0.132438 1.94792 10.0038 370.02 5.57387
8_625_1000_1000_8_8 250 750 500 637476 22124316000 34706.1 1274.95 44248632 3.57128e+08
8_625_1000_1000_9_9 250 750 0.569319 0.131763 1.92665 10.004 230.027 5.54581
8_625_1000_1000_9_9 250 750 500 634235 21963825000 34630.4 1268.47 43927650 3.53967e+08
