11_875_1000_1000_0_0 250 750 0.619515 0.115912 4.71363 9.96426 320.27 7.33128
11_875_1000_1000_0_0 250 750 500 3740208 49364514000 13198.3 7480.42 98729028 9.98779e+07
11_875_1000_1000_1_1 250 750 0.619515 0.115912 4.71363 9.96426 320.27 7.33128
11_875_1000_1000_1_1 250 750 500 3740208 49364514000 13198.3 7480.42 98729028 9.98779e+07
11_875_1000_1000_2_2 250 750 0.621789 0.115877 4.75498 9.96688 190.046 7.37014
11_875_1000_1000_2_2 250 750 500 3740367 49361037000 13196.8 7480.73 98722074 9.98381e+07
11_875_1000_1000_3_3 250 750 0.622756 0.11591 4.70942 9.95824 820.016 7.32775
11_875_1000_1000_3_3 250 750 500 3739991 49354150500 13196.3 7479.98 98708301 1.00239e+08
11_875_1000_1000_4_4 250 750 0.619616 0.115906 4.70517 9.97979 260.151 7.31973
11_875_1000_1000_4_4 250 750 500 3740113 49359456000 13197.3 7480.23 98718912 9.96666e+07
11_875_1000_1000_5_5 250 750 0.621062 0.115879 4.71832 9.95934 1080 7.31953
11_875_1000_1000_5_5 250 750 500 3740087 49359643500 13197.5 7480.17 98719287 1.00197e+08
11_875_1000_1000_6_6 250 750 0.620245 0.115876 4.75041 9.98319 240.166 7.34992
11_875_1000_1000_6_6 250 750 500 3740183 49363755000 13198.2 7480.37 98727510 9.97578e+07
11_875_1000_1000_7_7 250 750 0.622903 0.115909 4.73771 9.99703 320.078 7.38212
11_875_1000_1000_7_7 250 750 500 3740409 49367772000 13198.5 7480.82 98735544 1.0058e+08
11_875_1000_1000_8_8 250 750 0.621124 0.115956 4.67702 9.95729 670.022 7.3286
11_875_1000_1000_8_8 250 750 500 3740070 49361592000 13198 7480.14 98723184 9.9829e+07
11_875_1000_1000_9_9 250 750 0.624225 0.115893 4.78999 9.96885 330.041 7.38251
11_875_1000_1000_9_9 250 750 500 3740319 49362924000 13197.5 7480.64 98725848 1.00521e+08
