12_0_0_1000_0_0 250 750 0.642561 0.116764 4.99835 10.0533 310.096 7.50809
12_0_0_1000_0_0 250 750 500 3779567 49879585500 13197.2 7559.13 99759171 1.03539e+08
12_0_0_1000_1_1 250 750 0.642561 0.116764 4.99835 10.0533 310.096 7.50809
12_0_0_1000_1_1 250 750 500 3779567 49879585500 13197.2 7559.13 99759171 1.03539e+08
12_0_0_1000_2_2 250 750 0.643406 0.116657 5.01325 10.0475 610.033 7.51752
12_0_0_1000_2_2 250 750 500 3779567 49879585500 13197.2 7559.13 99759171 1.0363e+08
12_0_0_1000_3_3 250 750 0.641057 0.116792 4.98109 10.0479 900.044 7.4936
12_0_0_1000_3_3 250 750 500 3779555 49879495500 13197.2 7559.11 99758991 1.03573e+08
12_0_0_1000_4_4 250 750 0.641125 0.116766 4.95061 10.0386 1330.06 7.46846
12_0_0_1000_4_4 250 750 500 3779567 49879587000 13197.2 7559.13 99759174 1.0322e+08
12_0_0_1000_5_5 250 750 0.643025 0.116753 4.97979 10.0267 970.15 7.48037
12_0_0_1000_5_5 250 750 500 3779567 49879518000 13197.2 7559.13 99759036 1.03893e+08
12_0_0_1000_6_6 250 750 0.642735 0.116687 5.02034 10.0629 230.14 7.51138
12_0_0_1000_6_6 250 750 500 3779567 49879584000 13197.2 7559.13 99759168 1.03342e+08
12_0_0_1000_7_7 250 750 0.642384 0.116745 4.99088 10.0657 200.006 7.53098
12_0_0_1000_7_7 250 750 500 3779567 49879587000 13197.2 7559.13 99759174 1.03782e+08
12_0_0_1000_8_8 250 750 0.643668 0.116798 4.96161 10.0438 1130 7.49514
12_0_0_1000_8_8 250 750 500 3779567 49879584000 13197.2 7559.13 99759168 1.0372e+08
12_0_0_1000_9_9 250 750 0.6453 0.116729 5.0365 10.0387 300.03 7.53109
12_0_0_1000_9_9 250 750 500 3779567 49879587000 13197.2 7559.13 99759174 1.04055e+08
