15 72 11 15 1 0.03125
15 72 23 15 3 0.125
15 72 104 15 33 0.03125
15 72 122 15 41 0.125
15 72 127 15 43 0.03125
15 72 139 15 46 0.015625
15 72 146 15 49 0.140625
15 72 153 15 62 0.109375
15 72 186 15 69 0.125
15 72 229 15 76 0.125
15 72 240 15 79 0.140625
15 73 1 15 11 0.0625
15 73 4 15 1 0.046875
15 73 20 15 9 0.0625
15 73 42 15 13 0.0625
15 73 47 15 17 0.0625
15 73 51 15 19 0.0625
15 73 63 15 24 0.046875
15 73 72 15 24 0.015625
15 73 79 15 28 0.0625
15 73 86 15 32 0.015625
15 73 95 15 33 0.046875
15 73 101 15 35 0.046875
15 73 116 15 43 0.046875
15 73 122 15 46 0.046875
15 73 140 15 64 0.015625
15 73 145 15 64 0.046875
15 73 147 15 68 0.0625
15 73 164 15 71 0.0625
15 73 173 15 72 0.0625
15 73 189 15 78 0.0625
16 72 1 16 32 0.265625
16 72 4 16 79 0.265625
16 72 130 16 46 0.203125
16 72 139 16 48 0.265625
16 73 15 16 1 0.125
16 73 24 16 7 0.125
16 73 53 16 18 0.125
16 73 61 16 19 0.015625
16 73 121 16 38 0.125
16 73 129 16 44 0.109375
16 73 137 16 46 0.015625
16 73 163 16 55 0.109375
16 73 171 16 58 0.125
16 73 200 16 70 0.125
