0_43125_100000_100_0_0 25 75 0.625826 0.278244 1.38294 9.96647 211.76 4.56327
0_43125_100000_100_0_0 25 75 50 1559093 54476599500 34941.2 31181.9 1089531990 8.23279e+09
0_43125_100000_100_1_1 25 75 0.625826 0.278244 1.38294 9.96647 211.76 4.56327
0_43125_100000_100_1_1 25 75 50 1559093 54476599500 34941.2 31181.9 1089531990 8.23279e+09
0_43125_100000_100_2_2 25 75 0.622184 0.275898 1.34827 9.97654 160.033 4.53278
0_43125_100000_100_2_2 25 75 50 1556774 54376915500 34929.2 31135.5 1087538310 8.00694e+09
0_43125_100000_100_3_3 25 75 0.622771 0.277809 1.37298 9.9474 90.6301 4.54991
0_43125_100000_100_3_3 25 75 50 1556914 54049491000 34715.8 31138.3 1080989820 7.85396e+09
0_43125_100000_100_4_4 25 75 0.620121 0.27734 1.35846 9.95387 150.038 4.52078
0_43125_100000_100_4_4 25 75 50 1558131 54024994500 34672.9 31162.6 1080499890 7.66161e+09
0_43125_100000_100_5_5 25 75 0.629785 0.278886 1.395 10.022 190.029 4.60175
0_43125_100000_100_5_5 25 75 50 1559704 54375760500 34862.9 31194.1 1087515210 8.04431e+09
0_43125_100000_100_6_6 25 75 0.613249 0.275935 1.32593 9.8344 110.07 4.42483
0_43125_100000_100_6_6 25 75 50 1556060 54028393500 34721.3 31121.2 1080567870 7.82118e+09
0_43125_100000_100_7_7 25 75 0.624932 0.278137 1.38012 9.93125 180.017 4.55361
0_43125_100000_100_7_7 25 75 50 1557786 54027390000 34682.2 31155.7 1080547800 7.92892e+09
0_43125_100000_100_8_8 25 75 0.621954 0.276845 1.37815 9.91402 170.031 4.52475
0_43125_100000_100_8_8 25 75 50 1557955 54215214000 34799 31159.1 1084304280 7.97217e+09
0_43125_100000_100_9_9 25 75 0.618069 0.275337 1.34009 9.91812 113.865 4.5006
0_43125_100000_100_9_9 25 75 50 1557944 54044119500 34689.4 31158.9 1080882390 7.85984e+09
