0_4375_10000_100_0_0 25 75 0.649039 0.28557 1.48628 10.1109 250.042 4.82393
0_4375_10000_100_0_0 25 75 50 1581910 54900181500 34705 31638.2 1098003630 8.39713e+09
0_4375_10000_100_1_1 25 75 0.649039 0.28557 1.48628 10.1109 250.042 4.82393
0_4375_10000_100_1_1 25 75 50 1581910 54900181500 34705 31638.2 1098003630 8.39713e+09
0_4375_10000_100_2_2 25 75 0.660918 0.28585 1.55217 10.2624 160.781 5.0001
0_4375_10000_100_2_2 25 75 50 1578729 55040049000 34863.5 31574.6 1100800980 8.62119e+09
0_4375_10000_100_3_3 25 75 0.659754 0.287222 1.53247 10.2073 130.055 4.92632
0_4375_10000_100_3_3 25 75 50 1579921 55135209000 34897.4 31598.4 1102704180 8.62897e+09
0_4375_10000_100_4_4 25 75 0.658757 0.28724 1.53889 10.2012 140.031 4.93825
0_4375_10000_100_4_4 25 75 50 1579541 55189974000 34940.5 31590.8 1103799480 8.61233e+09
0_4375_10000_100_5_5 25 75 0.656394 0.285649 1.52223 10.2007 190.023 4.93249
0_4375_10000_100_5_5 25 75 50 1580303 55316718000 35003.9 31606.1 1106334360 8.67907e+09
0_4375_10000_100_6_6 25 75 0.649492 0.285517 1.50316 10.0548 160.032 4.84251
0_4375_10000_100_6_6 25 75 50 1579462 54746569500 34661.5 31589.2 1094931390 8.26035e+09
0_4375_10000_100_7_7 25 75 0.650857 0.286045 1.49931 10.1184 160.068 4.84627
0_4375_10000_100_7_7 25 75 50 1581195 54875628000 34705.2 31623.9 1097512560 8.33965e+09
0_4375_10000_100_8_8 25 75 0.646987 0.285108 1.5012 10.0873 150.026 4.8275
0_4375_10000_100_8_8 25 75 50 1580032 55110306000 34879.2 31600.6 1102206120 8.3799e+09
0_4375_10000_100_9_9 25 75 0.646789 0.28412 1.48681 10.1303 183.706 4.80944
0_4375_10000_100_9_9 25 75 50 1580559 54624244500 34560.1 31611.2 1092484890 8.21468e+09
