21_75_100_200_0_0 50 150 0.570494 0.114845 0.553729 9.90438 309.524 2.5685
21_75_100_200_0_0 50 150 100 800997 28050475500 35019.5 8009.97 280504755 1.76598e+09
21_75_100_200_1_1 50 150 0.570494 0.114845 0.553729 9.90438 309.524 2.5685
21_75_100_200_1_1 50 150 100 800997 28050475500 35019.5 8009.97 280504755 1.76598e+09
21_75_100_200_2_2 50 150 0.610061 0.115082 0.551177 9.85805 330.854 2.49739
21_75_100_200_2_2 50 150 100 800780 28025556000 34997.8 8007.8 280255560 1.78039e+09
21_75_100_200_3_3 50 150 0.586259 0.11536 0.558184 9.98332 238.643 2.59181
21_75_100_200_3_3 50 150 100 800581 28107034500 35108.3 8005.81 281070345 1.79053e+09
21_75_100_200_4_4 50 150 0.647646 0.115565 0.561199 10.1743 299.694 2.64586
21_75_100_200_4_4 50 150 100 800855 28058767500 35036 8008.55 280587675 1.78915e+09
21_75_100_200_5_5 50 150 0.555418 0.114478 0.544065 9.55228 299.99 2.40854
21_75_100_200_5_5 50 150 100 800024 27909919500 34886.4 8000.24 279099195 1.60198e+09
21_75_100_200_6_6 50 150 0.58174 0.11611 0.564946 9.79131 304.5 2.58941
21_75_100_200_6_6 50 150 100 799559 27995793000 35014 7995.59 279957930 1.71316e+09
21_75_100_200_7_7 50 150 0.608061 0.114972 0.551993 9.88909 300.316 2.54974
21_75_100_200_7_7 50 150 100 799398 28013073000 35042.7 7993.98 280130730 1.80702e+09
21_75_100_200_8_8 50 150 0 0   0 0
21_75_100_200_8_8 50 150 100 0 0 0 0 0 0
21_75_100_200_9_9 50 150 0 0   0 0
21_75_100_200_9_9 50 150 100 0 0 0 0 0 0
