16_75_100_640_0_0 160 480 0.743884 0.115648 0.608627 10.3303 652.965 3.11903
16_75_100_640_0_0 160 480 320 695204 24246018000 34876.1 2172.51 7.57688e+07 6.14612e+08
16_75_100_640_1_1 160 480 0.743884 0.115648 0.608627 10.3303 652.965 3.11903
16_75_100_640_1_1 160 480 320 695204 24246018000 34876.1 2172.51 7.57688e+07 6.14612e+08
16_75_100_640_2_2 160 480 0.555235 0.116403 0.587855 9.92859 597.468 2.79327
16_75_100_640_2_2 160 480 320 695237 24259108500 34893.3 2172.62 7.58097e+07 4.99024e+08
16_75_100_640_3_3 160 480 0.547963 0.118326 0.616927 10.0571 573.134 3.00512
16_75_100_640_3_3 160 480 320 695002 24361453500 35052.4 2171.88 7.61295e+07 5.09502e+08
16_75_100_640_4_4 160 480 0.768251 0.118611 0.66057 10.8826 663.243 3.56038
16_75_100_640_4_4 160 480 320 694989 24375889500 35073.8 2171.84 7.61747e+07 6.10923e+08
16_75_100_640_5_5 160 480 0.512712 0.11725 0.595132 9.58929 611.185 2.78686
16_75_100_640_5_5 160 480 320 694742 24148696500 34759.2 2171.07 7.54647e+07 4.6822e+08
16_75_100_640_6_6 160 480 0.550447 0.117715 0.613379 9.96927 727.755 2.99908
16_75_100_640_6_6 160 480 320 694425 24238368000 34904.2 2170.08 75744900 5.02186e+08
16_75_100_640_7_7 160 480 0.452696 0.115969 0.563038 8.98587 558.225 2.46562
16_75_100_640_7_7 160 480 320 694100 24226401000 34903.3 2169.06 7.57075e+07 4.09819e+08
16_75_100_640_8_8 160 480 0.548236 0.117685 0.584962 9.66914 636.755 2.72615
16_75_100_640_8_8 160 480 320 694320 24237810000 34908.7 2169.75 7.57432e+07 4.72749e+08
16_75_100_640_9_9 160 480 0.51454 0.116912 0.608548 9.84147 953.615 2.94429
16_75_100_640_9_9 160 480 320 694580 24194754000 34833.6 2170.56 7.56086e+07 4.12173e+08
