3_0_0_100_0_0 25 75 0.47498 0.108281 0.547573 9.44105 115.713 2.38003
3_0_0_100_0_0 25 75 50 217846 7523029500 34533.7 4356.92 150460590 6.3887e+08
3_0_0_100_1_1 25 75 0.47498 0.108281 0.547573 9.44105 115.713 2.38003
3_0_0_100_1_1 25 75 50 217846 7523029500 34533.7 4356.92 150460590 6.3887e+08
3_0_0_100_2_2 25 75 0.547637 0.113772 0.602984 10.0477 120.11 2.82862
3_0_0_100_2_2 25 75 50 217624 7648792500 35146.8 4352.48 152975850 7.58097e+08
3_0_0_100_3_3 25 75 0.496912 0.112322 0.578794 9.77672 115.255 2.71437
3_0_0_100_3_3 25 75 50 217808 7601716500 34901 4356.16 152034330 7.23168e+08
3_0_0_100_4_4 25 75 0.505819 0.1109 0.584973 10.187 170.746 2.82133
3_0_0_100_4_4 25 75 50 217490 7662760500 35232.7 4349.8 153255210 7.94326e+08
3_0_0_100_5_5 25 75 0.569039 0.115014 0.610273 10.302 137.293 2.94293
3_0_0_100_5_5 25 75 50 217623 7561785000 34747.2 4352.46 151235700 7.34519e+08
3_0_0_100_6_6 25 75 0.484131 0.110851 0.558374 9.39489 150.02 2.39948
3_0_0_100_6_6 25 75 50 217987 7594674000 34840 4359.74 151893480 7.20973e+08
3_0_0_100_7_7 25 75 0.464067 0.114656 0.596706 9.50611 110.13 2.6609
3_0_0_100_7_7 25 75 50 217270 7637472000 35152 4345.4 152749440 7.06566e+08
3_0_0_100_8_8 25 75 0.517548 0.112537 0.575611 9.55363 127.842 2.50782
3_0_0_100_8_8 25 75 50 217099 7620507000 35101.5 4341.98 152410140 7.12835e+08
3_0_0_100_9_9 25 75 0.485418 0.112419 0.581365 9.59713 110.203 2.6446
3_0_0_100_9_9 25 75 50 217730 7593312000 34874.9 4354.6 151866240 7.04328e+08
