1_475_1000_240_0_0 60 180 0.53638 0.174657 0.859557 9.80265 551.335 3.17525
1_475_1000_240_0_0 60 180 120 4002718 108502425000 27107.2 33356 904186875 2.50245e+09
1_475_1000_240_1_1 60 180 0.53638 0.174657 0.859557 9.80265 551.335 3.17525
1_475_1000_240_1_1 60 180 120 4002718 108502425000 27107.2 33356 904186875 2.50245e+09
1_475_1000_240_2_2 60 180 0.554045 0.174558 0.881123 10.0693 476.433 3.35902
1_475_1000_240_2_2 60 180 120 4002727 108502615500 27107.2 33356.1 9.04188e+08 2.53696e+09
1_475_1000_240_3_3 60 180 0.546866 0.174635 0.872495 9.96263 580.076 3.26889
1_475_1000_240_3_3 60 180 120 4002735 108502840500 27107.2 33356.1 9.0419e+08 2.54982e+09
1_475_1000_240_4_4 60 180 0.551242 0.175132 0.877416 9.98978 580.032 3.30505
1_475_1000_240_4_4 60 180 120 4002731 108502645500 27107.2 33356.1 9.04189e+08 2.53859e+09
1_475_1000_240_5_5 60 180 0.549065 0.174502 0.873355 10.0422 476.54 3.31957
1_475_1000_240_5_5 60 180 120 4002727 108502705500 27107.2 33356.1 9.04189e+08 2.56201e+09
1_475_1000_240_6_6 60 180 0.547728 0.175048 0.872121 10.0495 468.878 3.31792
1_475_1000_240_6_6 60 180 120 4002725 108502438500 27107.1 33356 9.04187e+08 2.55967e+09
1_475_1000_240_7_7 60 180 0.546627 0.174202 0.864954 9.91521 477.066 3.2362
1_475_1000_240_7_7 60 180 120 4002730 108502653000 27107.2 33356.1 904188775 2.55241e+09
1_475_1000_240_8_8 60 180 0.54739 0.174626 0.875538 9.96927 475.521 3.29378
1_475_1000_240_8_8 60 180 120 4002727 108502495500 27107.1 33356.1 9.04187e+08 2.52252e+09
1_475_1000_240_9_9 60 180 0.552692 0.174624 0.877448 10.0802 467.8 3.34468
1_475_1000_240_9_9 60 180 120 4002725 108502563000 27107.2 33356 904188025 2.56429e+09
