0_8125_10000_100_0_0 25 75 0.678396 0.291552 1.58563 10.2944 220.139 5.00146
0_8125_10000_100_0_0 25 75 50 1410624 49225282500 34896.1 28212.5 984505650 7.65099e+09
0_8125_10000_100_1_1 25 75 0.678396 0.291552 1.58563 10.2944 220.139 5.00146
0_8125_10000_100_1_1 25 75 50 1410624 49225282500 34896.1 28212.5 984505650 7.65099e+09
0_8125_10000_100_2_2 25 75 0.674971 0.289407 1.57203 10.3153 170.021 4.97136
0_8125_10000_100_2_2 25 75 50 1411921 49187101500 34837 28238.4 983742030 7.78241e+09
0_8125_10000_100_3_3 25 75 0.668351 0.288605 1.52666 10.2458 286.376 4.87529
0_8125_10000_100_3_3 25 75 50 1411274 49153707000 34829.3 28225.5 983074140 7.76627e+09
0_8125_10000_100_4_4 25 75 0.677793 0.290087 1.58041 10.3521 96.8074 4.99573
0_8125_10000_100_4_4 25 75 50 1409384 49055155500 34806.1 28187.7 981103110 7.73504e+09
0_8125_10000_100_5_5 25 75 0.66973 0.289337 1.5418 10.2759 150.003 4.91558
0_8125_10000_100_5_5 25 75 50 1410855 49139622000 34829.7 28217.1 982792440 7.76892e+09
0_8125_10000_100_6_6 25 75 0.668692 0.287502 1.54158 10.2463 212.987 4.89865
0_8125_10000_100_6_6 25 75 50 1408757 49438116000 35093.4 28175.1 988762320 7.88442e+09
0_8125_10000_100_7_7 25 75 0.661414 0.287272 1.48734 10.1885 212.782 4.78196
0_8125_10000_100_7_7 25 75 50 1410886 49285197000 34932.1 28217.7 985703940 7.81338e+09
0_8125_10000_100_8_8 25 75 0.671391 0.289663 1.5465 10.2851 103.254 4.9138
0_8125_10000_100_8_8 25 75 50 1410707 49398156000 35016.6 28214.1 987963120 7.8734e+09
0_8125_10000_100_9_9 25 75 0.680272 0.28998 1.57431 10.3774 160.044 4.99978
0_8125_10000_100_9_9 25 75 50 1411809 49320703500 34934.4 28236.2 986414070 7.77905e+09
