10_125_1000_640_0_0 160 480 1.33833 0.0780856 0.439999 10.8469 820.092 2.40272
10_125_1000_640_0_0 160 480 320 419938 14585452500 34732.4 1312.31 4.55795e+07 3.83031e+08
10_125_1000_640_1_1 160 480 1.33833 0.0780856 0.439999 10.8469 820.092 2.40272
10_125_1000_640_1_1 160 480 320 419938 14585452500 34732.4 1312.31 4.55795e+07 3.83031e+08
10_125_1000_640_2_2 160 480 1.50921 0.0784642 0.452494 11.2338 1081.75 2.44704
10_125_1000_640_2_2 160 480 320 420107 14632633500 34830.7 1312.83 4.5727e+07 4.26201e+08
10_125_1000_640_3_3 160 480 1.50697 0.0784799 0.451783 11.4162 1090.29 2.56556
10_125_1000_640_3_3 160 480 320 420246 14759902500 35122.1 1313.27 4.61247e+07 4.75365e+08
10_125_1000_640_4_4 160 480 1.47501 0.0792367 0.465591 11.1656 1093.01 2.63406
10_125_1000_640_4_4 160 480 320 419789 14733571500 35097.6 1311.84 4.60424e+07 5.14768e+08
10_125_1000_640_5_5 160 480 1.523 0.0788091 0.471938 12.9616 1073.25 2.80449
10_125_1000_640_5_5 160 480 320 419862 14579388000 34724.2 1312.07 4.55606e+07 4.8287e+08
10_125_1000_640_6_6 160 480 1.61747 0.0781942 0.448202 10.9756 829.947 2.44102
10_125_1000_640_6_6 160 480 320 419496 14704936500 35053.8 1310.92 4.59529e+07 4.53916e+08
10_125_1000_640_7_7 160 480 1.24606 0.0784192 0.452281 10.993 761.342 2.47948
10_125_1000_640_7_7 160 480 320 419339 14618056500 34859.8 1310.43 4.56814e+07 4.24313e+08
10_125_1000_640_8_8 160 480 1.60739 0.0786232 0.466524 13.2537 1079.64 2.79571
10_125_1000_640_8_8 160 480 320 418786 14727046500 35166 1308.71 4.6022e+07 5.20184e+08
10_125_1000_640_9_9 160 480 1.58741 0.0786535 0.475391 14.9288 1101.87 2.92082
10_125_1000_640_9_9 160 480 320 419387 14644356000 34918.5 1310.58 4.57636e+07 4.89873e+08
