20_25_100_200_0_0 50 150 0.554297 0.230772 1.11989 9.84123 220.025 4.24993
20_25_100_200_0_0 50 150 100 2564938 66016573500 25738.1 25649.4 660165735 1.08899e+09
20_25_100_200_1_1 50 150 0.554297 0.230772 1.11989 9.84123 220.025 4.24993
20_25_100_200_1_1 50 150 100 2564938 66016573500 25738.1 25649.4 660165735 1.08899e+09
20_25_100_200_2_2 50 150 0.55192 0.230164 1.10725 9.82483 219.991 4.21041
20_25_100_200_2_2 50 150 100 2564936 66016596000 25738.1 25649.4 660165960 1.08471e+09
20_25_100_200_3_3 50 150 0.562026 0.231569 1.13305 9.92647 210.07 4.3336
20_25_100_200_3_3 50 150 100 2564937 66016653000 25738.1 25649.4 660166530 1.10353e+09
20_25_100_200_4_4 50 150 0.556733 0.231451 1.12272 9.81035 221.399 4.24936
20_25_100_200_4_4 50 150 100 2564934 66016545000 25738.1 25649.3 660165450 1.08943e+09
20_25_100_200_5_5 50 150 0.558062 0.231109 1.13544 9.83957 200.024 4.29614
20_25_100_200_5_5 50 150 100 2564937 66016648500 25738.1 25649.4 660166485 1.08737e+09
20_25_100_200_6_6 50 150 0.557466 0.230949 1.11865 9.85944 221.68 4.2671
20_25_100_200_6_6 50 150 100 2564939 66016770000 25738.1 25649.4 660167700 1.09572e+09
20_25_100_200_7_7 50 150 0.550395 0.230025 1.09913 9.77898 223.032 4.18075
20_25_100_200_7_7 50 150 100 2564934 66015765000 25737.8 25649.3 660157650 1.06517e+09
20_25_100_200_8_8 50 150 0.558997 0.231011 1.12657 9.871 190.051 4.29072
20_25_100_200_8_8 50 150 100 2564941 66016653000 25738.1 25649.4 660166530 1.08965e+09
20_25_100_200_9_9 50 150 0.552991 0.230644 1.11688 9.80168 224.429 4.24266
20_25_100_200_9_9 50 150 100 2564933 66016438500 25738.1 25649.3 660164385 1.07159e+09
