6_5_10_1000_0_0 250 750 0.52226 0.103822 1.47976 10.1081 114.719 5.25519
6_5_10_1000_0_0 250 750 500 480630 16876449000 35113.2 961.26 33752898 2.5501e+08
6_5_10_1000_1_1 250 750 0.52226 0.103822 1.47976 10.1081 114.719 5.25519
6_5_10_1000_1_1 250 750 500 480630 16876449000 35113.2 961.26 33752898 2.5501e+08
6_5_10_1000_2_2 250 750 0.512781 0.103649 1.488 9.94373 81.3554 5.10599
6_5_10_1000_2_2 250 750 500 479399 16578946500 34582.8 958.798 33157893 2.27718e+08
6_5_10_1000_3_3 250 750 0.516549 0.103618 1.49978 9.93981 101.169 5.16476
6_5_10_1000_3_3 250 750 500 479419 16535298000 34490.3 958.838 33070596 2.3466e+08
6_5_10_1000_4_4 250 750 0.519082 0.104337 1.54345 9.96755 87.8848 5.25894
6_5_10_1000_4_4 250 750 500 478807 16990597500 35485.3 957.614 33981195 2.48912e+08
6_5_10_1000_5_5 250 750 0.518147 0.103822 1.4935 10.1106 1820.02 5.17196
6_5_10_1000_5_5 250 750 500 478286 16790787000 35106.2 956.572 33581574 2.31971e+08
6_5_10_1000_6_6 250 750 0.505527 0.103822 1.43555 9.8467 89.7848 5.02928
6_5_10_1000_6_6 250 750 500 478557 16523682000 34528.1 957.114 33047364 2.30803e+08
6_5_10_1000_7_7 250 750 0.503555 0.103375 1.36355 9.88353 99.805 4.90756
6_5_10_1000_7_7 250 750 500 479213 16668087000 34782.2 958.426 33336174 2.36065e+08
6_5_10_1000_8_8 250 750 0.503495 0.103983 1.4412 9.94134 101.569 5.04622
6_5_10_1000_8_8 250 750 500 480362 16638495000 34637.4 960.724 33276990 2.24584e+08
6_5_10_1000_9_9 250 750 0.495608 0.103589 1.41777 9.738 249.342 4.9249
6_5_10_1000_9_9 250 750 500 478068 16549234500 34616.9 956.136 33098469 2.21463e+08
