0_43125_100000_100_0_0 25 75 0.65214 0.288232 1.49997 10.0875 154.612 4.82094
0_43125_100000_100_0_0 25 75 50 1559106 54479928000 34943.1 31182.1 1089598560 8.54579e+09
0_43125_100000_100_1_1 25 75 0.65214 0.288232 1.49997 10.0875 154.612 4.82094
0_43125_100000_100_1_1 25 75 50 1559106 54479928000 34943.1 31182.1 1089598560 8.54579e+09
0_43125_100000_100_2_2 25 75 0.642211 0.287054 1.45189 10.0376 240.044 4.6971
0_43125_100000_100_2_2 25 75 50 1556786 54420975000 34957.3 31135.7 1088419500 8.45354e+09
0_43125_100000_100_3_3 25 75 0.657562 0.290566 1.52209 10.1105 180.067 4.88014
0_43125_100000_100_3_3 25 75 50 1556933 54505044000 35008 31138.7 1090100880 8.50147e+09
0_43125_100000_100_4_4 25 75 0.648666 0.289953 1.45597 10.0981 220.023 4.72281
0_43125_100000_100_4_4 25 75 50 1558138 54644622000 35070.5 31162.8 1092892440 8.65885e+09
0_43125_100000_100_5_5 25 75 0.653125 0.289836 1.48282 10.1066 160.044 4.81117
0_43125_100000_100_5_5 25 75 50 1559712 54275872500 34798.7 31194.2 1085517450 8.4414e+09
0_43125_100000_100_6_6 25 75 0.654129 0.287612 1.48866 10.1915 130.038 4.83334
0_43125_100000_100_6_6 25 75 50 1556083 54141997500 34793.8 31121.7 1082839950 8.43056e+09
0_43125_100000_100_7_7 25 75 0.638055 0.284682 1.43064 10.0419 111.89 4.68918
0_43125_100000_100_7_7 25 75 50 1557802 53800800000 34536.4 31156 1076016000 7.98148e+09
0_43125_100000_100_8_8 25 75 0.64529 0.286756 1.46631 10.074 170.022 4.77598
0_43125_100000_100_8_8 25 75 50 1557974 54244965000 34817.6 31159.5 1084899300 8.28795e+09
0_43125_100000_100_9_9 25 75 0.652975 0.289009 1.50794 10.0864 212.106 4.82724
0_43125_100000_100_9_9 25 75 50 1557953 54330616500 34873.1 31159.1 1086612330 8.54155e+09
