0 14 19 0 8 0.015625
0 14 62 0 13 0.65625
0 14 211 0 54 0.328125
0 36 13 0 1 0.34375
0 36 150 0 46 0.65625
0 38 60 0 18 0.65625
0 38 88 0 22 0.25
0 38 89 0 23 0.09375
0 59 35 0 11 0.34375
0 59 111 0 25 0.65625
5 14 4 5 40 0.296875
5 14 46 5 12 0.3125
5 14 49 5 12 0.34375
5 14 182 5 63 0.046875
5 36 0 5 36 0.34375
5 36 149 5 51 0.65625
5 38 5 5 61 0.328125
5 38 44 5 9 0.015625
5 38 196 5 69 0.65625
5 59 76 5 33 0.359375
5 59 144 5 58 0.640625
8 14 3 8 43 0.4375
8 14 204 8 73 0.5625
8 36 16 8 0 0.65625
8 36 169 8 65 0.34375
8 38 30 8 7 0.171875
8 38 117 8 51 0.171875
8 38 134 8 63 0.65625
8 59 78 8 39 0.3125
8 59 79 8 39 0.09375
8 59 91 8 42 0.3125
8 59 146 8 64 0.28125
9 14 7 9 5 0.234375
9 14 101 9 23 0.25
9 14 156 9 57 0.515625
9 36 76 9 23 0.125
9 36 127 9 57 0.15625
9 36 148 9 60 0.65625
9 36 216 9 75 0.0625
9 38 0 9 11 0.640625
9 38 112 9 40 0.359375
9 59 40 9 13 0.34375
9 59 159 9 61 0.65625
13 14 66 13 18 0.34375
13 14 81 13 28 0.234375
13 14 112 13 41 0.109375
13 14 142 13 49 0.3125
13 36 129 13 48 0.34375
13 36 188 13 66 0.65625
13 38 19 13 1 0.453125
13 38 67 13 18 0.3125
13 38 139 13 49 0.140625
13 38 141 13 49 0.09375
13 59 2 13 24 0.015625
13 59 78 13 28 0.421875
13 59 101 13 41 0.5625
23 14 5 23 30 0.15625
23 14 121 23 44 0.640625
23 14 167 23 56 0.203125
23 36 57 23 27 0.453125
23 36 73 23 30 0.515625
23 36 199 23 79 0.03125
23 38 24 23 9 0.125
23 38 51 23 21 0.65625
23 38 65 23 27 0.21875
23 59 31 23 9 0.53125
23 59 130 23 45 0.46875
25 14 69 25 16 0.578125
25 14 186 25 64 0.3125
25 14 202 25 69 0.109375
25 36 14 25 0 0.28125
25 36 81 25 18 0.65625
25 36 84 25 33 0.0625
25 38 41 25 8 0.109375
25 38 74 25 33 0.578125
25 38 96 25 37 0.3125
25 59 86 25 37 0.34375
25 59 96 25 42 0.3125
25 59 161 25 64 0.34375
26 14 48 26 20 0.578125
26 14 149 26 58 0.078125
26 14 202 26 73 0.34375
26 36 0 26 3 0.46875
26 36 31 26 9 0.53125
26 38 10 26 3 0.1875
26 38 64 26 21 0.296875
26 38 79 26 24 0.515625
26 59 127 26 49 0.65625
26 59 131 26 50 0.015625
26 59 189 26 73 0.328125
27 14 27 27 11 0.359375
27 14 120 27 44 0.15625
27 14 124 27 44 0.484375
27 36 74 27 28 0.453125
27 36 75 27 28 0.15625
27 36 104 27 43 0.203125
27 36 136 27 48 0.1875
27 38 19 27 7 0.328125
27 38 54 27 22 0.65625
27 38 114 27 44 0.015625
27 59 159 27 48 0.171875
27 59 205 27 64 0.421875
27 59 230 27 75 0.40625
29 14 118 29 34 0.65625
29 14 204 29 64 0.34375
29 36 3 29 39 0.328125
29 36 59 29 23 0.015625
29 36 199 29 77 0.65625
29 38 102 29 46 0.65625
29 38 130 29 55 0.015625
29 38 138 29 58 0.328125
29 59 38 29 10 0.34375
29 59 46 29 11 0.65625
32 14 44 32 16 0.015625
32 14 75 32 28 0.328125
32 14 208 32 72 0.65625
32 36 29 32 10 0.328125
32 36 35 32 15 0.078125
32 36 228 32 75 0.59375
32 38 11 32 3 0.65625
32 38 181 32 67 0.34375
32 59 4 32 36 0.109375
32 59 34 32 15 0.578125
32 59 163 32 60 0.3125
34 14 0 34 14 0.53125
34 14 32 34 12 0.03125
34 14 77 34 20 0.34375
34 14 235 34 69 0.09375
34 36 46 34 16 0.21875
34 36 55 34 17 0.578125
34 36 154 34 46 0.203125
34 38 103 34 41 0.34375
34 38 160 34 63 0.65625
34 59 79 34 31 0.078125
34 59 89 34 35 0.265625
34 59 104 34 40 0.65625
37 14 104 37 20 0.34375
37 14 186 37 58 0.65625
37 36 124 37 50 0.65625
37 36 213 37 75 0.34375
37 38 50 37 7 0.34375
37 38 124 37 45 0.65625
37 59 18 37 2 0.296875
37 59 72 37 20 0.328125
37 59 137 37 52 0.078125
37 59 187 37 70 0.296875
42 14 12 42 2 0.125
42 14 199 42 76 0.65625
42 14 206 42 77 0.21875
42 36 28 42 7 0.171875
42 36 40 42 8 0.65625
42 36 63 42 22 0.171875
42 38 56 42 22 0.125
42 38 138 42 53 0.546875
42 38 218 42 77 0.328125
42 59 13 42 2 0.359375
42 59 85 42 34 0.125
42 59 86 42 34 0.515625
44 14 7 44 65 0.65625
44 14 58 44 23 0.25
44 14 62 44 26 0.09375
44 36 6 44 56 0.65625
44 36 68 44 26 0.34375
44 38 42 44 21 0.46875
44 38 61 44 27 0.53125
44 59 45 44 21 0.0625
44 59 115 44 52 0.65625
44 59 173 44 71 0.234375
44 59 174 44 71 0.046875
53 14 69 53 19 0.109375
53 14 158 53 47 0.34375
53 14 187 53 64 0.3125
53 14 203 53 67 0.234375
53 36 19 53 1 0.3125
53 36 193 53 67 0.109375
53 36 198 53 67 0.3125
53 36 227 53 76 0.265625
53 38 1 53 19 0.21875
53 38 39 53 19 0.34375
53 38 184 53 78 0.4375
53 59 29 53 10 0.34375
53 59 213 53 71 0.65625
