0 14 121 0 22 0.3125
0 14 144 0 29 0.640625
0 14 154 0 37 0.046875
0 36 28 0 8 0.359375
0 36 155 0 46 0.640625
0 38 23 0 8 0.265625
0 38 49 0 13 0.1875
0 38 59 0 18 0.4375
0 38 153 0 46 0.015625
0 38 159 0 47 0.09375
0 59 12 0 1 0.109375
0 59 23 0 8 0.03125
0 59 106 0 23 0.328125
0 59 130 0 40 0.53125
5 14 165 5 61 0.5
5 14 212 5 69 0.5
5 36 27 5 4 0.21875
5 36 128 5 40 0.265625
5 36 148 5 51 0.203125
5 36 184 5 60 0.3125
5 38 111 5 40 0.390625
5 38 203 5 73 0.609375
5 59 90 5 37 0.03125
5 59 130 5 51 0.46875
5 59 147 5 60 0.34375
5 59 185 5 69 0.15625
8 14 2 8 39 0.484375
8 14 5 8 65 0.515625
8 36 4 8 52 0.65625
8 36 100 8 42 0.34375
8 38 7 8 70 0.65625
8 38 71 8 33 0.15625
8 38 84 8 39 0.1875
8 59 65 8 33 0.15625
8 59 114 8 51 0.40625
8 59 135 8 61 0.09375
8 59 171 8 73 0.34375
9 14 79 9 16 0.65625
9 14 118 9 30 0.15625
9 14 184 9 61 0.1875
9 36 134 9 58 0.09375
9 36 203 9 71 0.25
9 36 218 9 75 0.65625
9 38 11 9 66 0.25
9 38 73 9 23 0.25
9 38 96 9 30 0.5
9 59 9 9 5 0.59375
9 59 75 9 23 0.40625
13 14 19 13 0 0.328125
13 14 64 13 18 0.453125
13 14 141 13 49 0.03125
13 14 199 13 68 0.1875
13 36 96 13 30 0.34375
13 36 110 13 41 0.65625
13 38 2 13 28 0.5
13 38 43 13 9 0.015625
13 38 63 13 18 0.203125
13 38 98 13 33 0.28125
13 59 82 13 28 0.15625
13 59 118 13 47 0.1875
13 59 131 13 48 0.65625
23 14 63 23 27 0.25
23 14 116 23 42 0.015625
23 14 117 23 44 0.40625
23 14 170 23 56 0.328125
23 36 111 23 44 0.25
23 36 122 23 49 0.65625
23 36 190 23 78 0.09375
23 38 79 23 30 0.65625
23 38 111 23 34 0.25
23 38 120 23 42 0.09375
23 59 21 23 4 0.015625
23 59 70 23 29 0.5
23 59 97 23 32 0.390625
23 59 239 23 79 0.09375
25 14 5 25 68 0.5
25 14 111 25 37 0.34375
25 14 211 25 75 0.15625
25 36 6 25 69 0.65625
25 36 66 25 16 0.203125
25 36 113 25 42 0.140625
25 38 109 25 42 0.53125
25 38 161 25 61 0.46875
25 59 18 25 2 0.359375
25 59 21 25 2 0.0625
25 59 147 25 57 0.578125
26 14 29 26 17 0.65625
26 14 61 26 22 0.265625
26 14 71 26 24 0.078125
26 36 5 26 53 0.328125
26 36 94 26 44 0.015625
26 36 156 26 63 0.65625
26 38 6 26 73 0.34375
26 38 64 26 21 0.578125
26 38 72 26 22 0.078125
26 59 18 26 6 0.5
26 59 75 26 24 0.171875
26 59 188 26 73 0.046875
26 59 190 26 73 0.28125
27 14 29 27 11 0.0625
27 14 51 27 21 0.203125
27 14 53 27 21 0.15625
27 14 74 27 28 0.578125
27 36 104 27 43 0.40625
27 36 201 27 76 0.59375
27 38 106 27 43 0.25
27 38 116 27 44 0.40625
27 38 178 27 73 0.34375
27 59 1 27 22 0.515625
27 59 13 27 6 0.328125
27 59 90 27 31 0.078125
27 59 240 27 76 0.078125
29 14 44 29 10 0.40625
29 14 194 29 63 0.59375
29 36 3 29 39 0.390625
29 36 31 29 5 0.046875
29 36 40 29 11 0.203125
29 36 203 29 77 0.359375
29 38 25 29 5 0.234375
29 38 106 29 46 0.390625
29 38 108 29 47 0.171875
29 38 154 29 64 0.046875
29 38 169 29 66 0.15625
29 59 24 29 2 0.25
29 59 43 29 11 0.453125
29 59 204 29 77 0.296875
32 14 53 32 23 0.203125
32 14 112 32 46 0.1875
32 14 113 32 46 0.46875
32 14 127 32 48 0.140625
32 36 21 32 7 0.40625
32 36 30 32 10 0.171875
32 36 127 32 43 0.34375
32 36 206 32 67 0.078125
32 38 38 32 15 0.65625
32 38 57 32 23 0.140625
32 38 178 32 67 0.203125
32 59 18 32 7 0.25
32 59 44 32 21 0.59375
32 59 73 32 28 0.125
32 59 133 32 57 0.03125
34 14 125 34 35 0.34375
34 14 237 34 71 0.65625
34 36 70 34 23 0.34375
34 36 167 34 51 0.65625
34 38 29 34 12 0.203125
34 38 42 34 16 0.0625
34 38 53 34 20 0.65625
34 38 66 34 29 0.078125
34 59 12 34 2 0.21875
34 59 137 34 50 0.125
34 59 172 34 66 0.078125
34 59 174 34 66 0.40625
34 59 175 34 66 0.171875
37 14 98 37 20 0.65625
37 14 155 37 45 0.34375
37 36 15 37 0 0.140625
37 36 110 37 42 0.21875
37 36 146 37 54 0.640625
37 38 14 37 0 0.46875
37 38 111 37 42 0.03125
37 38 168 37 58 0.5
37 59 29 37 5 0.265625
37 59 172 37 61 0.09375
37 59 205 37 78 0.640625
42 14 4 42 53 0.65625
42 14 17 42 2 0.34375
42 36 6 42 61 0.34375
42 36 8 42 72 0.65625
42 38 40 42 8 0.3125
42 38 44 42 19 0.15625
42 38 175 42 65 0.28125
42 38 183 42 68 0.171875
42 38 217 42 77 0.078125
42 59 6 42 62 0.078125
42 59 13 42 2 0.265625
42 59 191 42 76 0.65625
44 14 91 44 33 0.65625
44 14 143 44 54 0.09375
44 14 172 44 65 0.25
44 36 32 44 16 0.65625
44 36 226 44 73 0.328125
44 36 243 44 77 0.015625
44 38 65 44 27 0.59375
44 38 138 44 55 0.40625
44 59 73 44 28 0.0625
44 59 94 44 43 0.296875
44 59 199 44 77 0.640625
53 14 110 53 40 0.65625
53 14 119 53 42 0.078125
53 14 138 53 44 0.265625
53 36 98 53 39 0.65625
53 36 146 53 46 0.25
53 36 149 53 47 0.09375
53 38 42 53 23 0.015625
53 38 85 53 42 0.578125
53 38 159 53 69 0.40625
53 59 123 53 46 0.15625
53 59 137 53 47 0.5625
53 59 176 53 61 0.015625
53 59 227 53 76 0.265625
