0 14 1 0 10 0.65625
0 14 59 0 13 0.22021484375
0 14 65 0 13 0.12353515625
0 36 43 0 12 0.2119140625
0 36 46 0 12 0.2255859375
0 36 76 0 21 0.34375
0 36 86 0 22 0.01708984375
0 36 89 0 22 0.20166015625
0 38 12 0 1 0.193359375
0 38 13 0 1 0.369140625
0 38 83 0 22 0.4375
0 59 8 0 53 0.25
0 59 161 0 46 0.65625
0 59 191 0 54 0.09375
5 14 0 5 7 0.046875
5 14 9 5 74 0.140625
5 14 82 5 29 0.65625
5 14 140 5 52 0.15625
5 36 0 5 36 0.234375
5 36 10 5 1 0.5625
5 36 189 5 61 0.136474609375
5 36 193 5 61 0.015869140625
5 36 194 5 61 0.05078125
5 38 15 5 1 0.03759765625
5 38 16 5 1 0.07177734375
5 38 19 5 3 0.375
5 38 52 5 9 0.171875
5 38 183 5 64 0.34375
5 59 1 5 12 0.484375
5 59 18 5 3 0.0791015625
5 59 20 5 3 0.10986328125
5 59 23 5 3 0.09228515625
5 59 24 5 4 0.113525390625
5 59 25 5 4 0.08056640625
5 59 29 5 4 0.040283203125
8 14 22 8 1 0.3125
8 14 78 8 33 0.01171875
8 14 79 8 33 0.003662109375
8 14 85 8 33 2.44140625E-4
8 14 131 8 51 0.015625
8 14 189 8 68 0.65625
8 36 29 8 4 0.14599609375
8 36 34 8 4 0.05712890625
8 36 83 8 35 0.65625
8 36 196 8 77 0.140625
8 38 10 8 0 0.0703125
8 38 13 8 0 0.1796875
8 38 22 8 1 0.1181640625
8 38 23 8 1 0.2255859375
8 38 38 8 7 0.375
8 38 121 8 52 0.03125
8 59 0 8 0 0.140625
8 59 14 8 0 0.125
8 59 24 8 4 0.219482421875
8 59 25 8 4 0.15576171875
8 59 29 8 4 0.077880859375
8 59 33 8 7 0.050048828125
8 59 34 8 7 0.028076171875
8 59 89 8 42 0.053955078125
8 59 91 8 42 0.01904296875
8 59 98 8 42 0.130126953125
9 14 0 9 14 0.65625
9 14 16 9 5 0.34375
9 36 5 9 61 0.109375
9 36 16 9 6 0.041015625
9 36 18 9 6 0.146484375
9 36 154 9 61 0.367431640625
9 36 158 9 61 0.042724609375
9 36 159 9 61 0.13671875
9 36 163 9 65 0.15625
9 38 5 9 31 0.15625
9 38 121 9 56 0.2158203125
9 38 128 9 56 0.3154296875
9 38 198 9 69 0.3125
9 59 53 9 15 0.65625
9 59 147 9 60 0.171875
9 59 176 9 69 0.064453125
9 59 178 9 69 0.107421875
13 14 65 13 18 0.34375
13 14 173 13 62 0.65625
13 36 5 13 63 0.390625
13 36 6 13 0 0.2412109375
13 36 12 13 0 0.1650390625
13 36 64 13 16 0.04443359375
13 36 65 13 16 0.009521484375
13 36 66 13 16 0.149169921875
13 38 5 13 61 0.5625
13 38 126 13 48 0.4375
13 59 28 13 4 0.31787109375
13 59 29 13 4 0.2255859375
13 59 33 13 4 0.11279296875
13 59 89 13 30 0.34375
23 14 0 23 0 0.328125
23 14 10 23 77 0.015625
23 14 48 23 20 0.1640625
23 14 53 23 20 0.4921875
23 36 7 23 59 0.171875
23 36 74 23 31 0.65625
23 36 182 23 77 0.171875
23 38 2 23 30 0.21875
23 38 16 23 4 0.109375
23 38 101 23 32 0.34375
23 38 208 23 77 0.328125
23 59 0 23 59 0.5
23 59 159 23 53 0.5
25 14 90 25 33 0.31640625
25 14 91 25 33 0.098876953125
25 14 97 25 33 0.006591796875
25 14 123 25 42 0.09033203125
25 14 126 25 42 0.48779296875
25 36 26 25 4 0.3818359375
25 36 31 25 4 0.1494140625
25 36 139 25 52 0.46875
25 38 2 25 12 0.203125
25 38 21 25 2 0.341796875
25 38 22 25 2 0.205078125
25 38 75 25 33 0.25
25 59 18 25 2 0.015380859375
25 59 20 25 2 0.093994140625
25 59 52 25 16 0.15625
25 59 96 25 42 0.020751953125
25 59 98 25 42 0.00732421875
25 59 105 25 42 0.050048828125
25 59 145 25 57 0.65625
26 14 35 26 17 0.4375
26 14 187 26 71 0.5625
26 36 13 26 3 0.359375
26 36 21 26 6 0.068359375
26 36 23 26 6 0.244140625
26 36 37 26 17 0.21875
26 36 140 26 55 0.109375
26 38 1 26 20 0.015625
26 38 3 26 65 0.65625
26 38 15 26 6 0.328125
26 59 27 26 9 0.5
26 59 101 26 45 0.2109375
26 59 107 26 45 0.2890625
27 14 6 27 59 0.328125
27 14 20 27 7 0.369140625
27 14 21 27 7 0.287109375
27 14 179 27 64 0.015625
27 36 9 27 6 0.0751953125
27 36 11 27 6 0.2685546875
27 36 131 27 47 0.65625
27 38 8 27 78 0.65625
27 38 30 27 11 0.171875
27 38 61 27 23 0.171875
27 59 63 27 22 0.65625
27 59 121 27 44 0.34375
29 14 0 29 14 0.65625
29 14 246 29 76 0.2255859375
29 14 248 29 76 0.1181640625
29 36 28 29 5 0.3544921875
29 36 30 29 5 0.1611328125
29 36 42 29 11 0.484375
29 38 3 29 31 0.34375
29 38 143 29 58 0.65625
29 59 0 29 0 0.515625
29 59 28 29 5 0.15625
29 59 161 29 64 0.328125
32 14 11 32 3 0.171875
32 14 22 32 7 0.2900390625
32 14 23 32 7 0.2255859375
32 14 39 32 16 0.3125
32 36 0 32 36 0.65625
32 36 10 32 3 0.3125
32 36 50 32 16 0.0068359375
32 36 51 32 16 0.00146484375
32 36 52 32 16 0.02294921875
32 38 2 32 31 0.15625
32 38 30 32 10 0.515625
32 38 81 32 31 0.015625
32 38 207 32 75 0.3125
32 59 10 32 3 0.052734375
32 59 12 32 3 0.0732421875
32 59 15 32 3 0.0615234375
32 59 49 32 21 0.65625
32 59 60 32 23 0.15625
34 14 0 34 14 0.65625
34 14 24 34 12 0.34375
34 36 0 34 36 0.578125
34 36 63 34 20 0.421875
34 38 22 34 3 0.28125
34 38 34 34 12 0.125
34 38 95 34 40 0.12353515625
34 38 96 34 40 0.04833984375
34 38 170 34 66 0.421875
34 59 29 34 12 0.203125
34 59 117 34 42 0.136962890625
34 59 119 34 42 0.04833984375
34 59 126 34 42 0.330322265625
34 59 176 34 69 0.10546875
34 59 178 34 69 0.17578125
37 14 0 37 14 0.34375
37 14 60 37 11 0.65625
37 36 0 37 5 0.28125
37 36 48 37 7 0.171875
37 36 56 37 12 0.219482421875
37 36 59 37 12 0.233642578125
37 36 150 37 57 0.09375
37 38 13 37 0 0.18017578125
37 38 16 37 0 0.46044921875
37 38 33 37 5 0.09375
37 38 198 37 70 0.265625
37 59 18 37 2 0.015380859375
37 59 20 37 2 0.093994140625
37 59 42 37 7 0.150146484375
37 59 43 37 7 0.084228515625
37 59 114 37 45 0.27685546875
37 59 120 37 45 0.37939453125
42 14 5 42 61 0.640625
42 14 36 42 8 0.203125
42 14 79 42 23 0.15625
42 36 1 42 34 0.09375
42 36 5 42 56 0.453125
42 36 62 42 22 0.035400390625
42 36 65 42 22 0.417724609375
42 38 12 42 2 0.21484375
42 38 13 42 2 0.12890625
42 38 168 42 62 0.65625
42 59 26 42 7 0.22021484375
42 59 27 42 7 0.12353515625
42 59 44 42 19 0.328125
42 59 46 42 19 0.328125
44 14 4 44 50 0.34375
44 14 113 44 43 0.65625
44 36 0 44 36 0.234375
44 36 13 44 2 0.109375
44 36 36 44 16 0.1435546875
44 36 37 44 16 0.03076171875
44 36 38 44 16 0.48193359375
44 38 34 44 21 0.34375
44 38 61 44 27 0.65625
44 59 12 44 2 0.076904296875
44 59 14 44 2 0.469970703125
44 59 19 44 7 0.250244140625
44 59 20 44 7 0.140380859375
44 59 118 44 52 0.0625
53 14 0 53 14 0.5
53 14 10 53 0 0.3125
53 14 235 53 76 0.123046875
53 14 237 53 76 0.064453125
53 36 0 53 36 0.65625
53 36 10 53 0 0.1669921875
53 36 16 53 0 0.1142578125
53 36 174 53 61 0.0419921875
53 36 178 53 61 0.0048828125
53 36 179 53 61 0.015625
53 38 71 53 40 0.2919921875
53 38 72 53 40 0.1142578125
53 38 136 53 61 0.1484375
53 38 137 53 61 0.4453125
53 59 0 53 59 0.34375
53 59 48 53 19 0.328125
53 59 50 53 19 0.328125
