14_6875_10000_640_0_0 160 480 0.460098 0.132083 0.803404 10.0094 280.094 4.03097
14_6875_10000_640_0_0 160 480 320 609465 21283050000 34920.9 1904.58 6.65095e+07 3.06665e+08
14_6875_10000_640_1_1 160 480 0.460098 0.132083 0.803404 10.0094 280.094 4.03097
14_6875_10000_640_1_1 160 480 320 609465 21283050000 34920.9 1904.58 6.65095e+07 3.06665e+08
14_6875_10000_640_2_2 160 480 0.444196 0.131959 0.792582 9.70212 150.017 3.84578
14_6875_10000_640_2_2 160 480 320 609407 21220128000 34820.9 1904.4 66312900 3.03625e+08
14_6875_10000_640_3_3 160 480 0.481583 0.134561 0.864369 10.1735 180.044 4.31427
14_6875_10000_640_3_3 160 480 320 609407 21358792500 35048.5 1904.4 6.67462e+07 3.28443e+08
14_6875_10000_640_4_4 160 480 0.463913 0.133806 0.819474 9.92976 161.897 4.03122
14_6875_10000_640_4_4 160 480 320 609172 21397405500 35125.4 1903.66 6.68669e+07 3.5653e+08
14_6875_10000_640_5_5 160 480 0.439258 0.1299 0.778243 9.65359 230.012 3.80622
14_6875_10000_640_5_5 160 480 320 609501 21156489000 34711.2 1904.69 6.6114e+07 2.94038e+08
14_6875_10000_640_6_6 160 480 0.465291 0.133318 0.84725 9.92458 419.949 4.10168
14_6875_10000_640_6_6 160 480 320 608792 21275148000 34946.5 1902.47 6.64848e+07 3.11782e+08
14_6875_10000_640_7_7 160 480 0.442266 0.131686 0.784606 9.75867 300.04 3.87432
14_6875_10000_640_7_7 160 480 320 608398 21189801000 34828.8 1901.24 6.62181e+07 2.9042e+08
14_6875_10000_640_8_8 160 480 0.452928 0.133484 0.80661 9.88247 210.184 3.97007
14_6875_10000_640_8_8 160 480 320 608245 21323103000 35056.8 1900.77 6.66347e+07 3.06601e+08
14_6875_10000_640_9_9 160 480 0.456476 0.133915 0.824067 9.92045 100.261 4.02773
14_6875_10000_640_9_9 160 480 320 609131 21253945500 34892.2 1903.53 6.64186e+07 2.97909e+08
