2 7 9 2 1 0.015625
2 7 17 2 10 0.015625
2 7 23 2 11 0.015625
2 7 49 2 25 0.015625
2 7 51 2 25 0.015625
2 7 52 2 25 0.015625
2 7 53 2 25 0.015625
2 7 54 2 25 0.015625
2 7 55 2 25 0.015625
2 7 56 2 25 0.015625
2 7 65 2 29 0.015625
2 7 69 2 31 0.015625
2 7 76 2 34 0.015625
2 7 82 2 34 0.015625
2 7 85 2 37 0.015625
2 7 90 2 37 0.015625
2 7 96 2 39 0.015625
2 7 97 2 39 0.015625
2 7 98 2 39 0.015625
2 7 99 2 40 0.015625
2 7 101 2 40 0.015625
2 7 106 2 40 0.015625
2 7 108 2 41 0.015625
2 7 109 2 41 0.015625
2 7 111 2 41 0.015625
2 7 112 2 41 0.015625
2 7 113 2 41 0.015625
2 7 114 2 41 0.015625
2 7 117 2 42 0.015625
2 7 131 2 43 0.015625
2 7 134 2 44 0.015625
2 7 135 2 44 0.015625
2 7 136 2 44 0.015625
2 7 137 2 44 0.015625
2 7 140 2 44 0.015625
2 7 141 2 44 0.015625
2 7 152 2 46 0.015625
2 7 153 2 46 0.015625
2 7 156 2 46 0.015625
2 7 157 2 46 0.015625
2 7 158 2 46 0.015625
2 7 159 2 46 0.015625
2 7 160 2 46 0.015625
2 7 161 2 55 0.015625
2 7 164 2 55 0.015625
2 7 165 2 55 0.015625
2 7 166 2 55 0.015625
2 7 169 2 56 0.015625
2 7 171 2 56 0.015625
2 7 172 2 56 0.015625
2 7 177 2 63 0.015625
2 7 180 2 68 0.015625
2 7 182 2 68 0.015625
2 7 183 2 68 0.015625
2 7 185 2 68 0.015625
2 7 186 2 68 0.015625
2 7 187 2 68 0.015625
2 7 188 2 68 0.015625
2 7 197 2 72 0.015625
2 7 198 2 72 0.015625
2 7 199 2 72 0.015625
2 7 205 2 74 0.015625
2 7 206 2 74 0.015625
2 7 212 2 75 0.015625
2 24 9 2 1 0.015625
2 24 10 2 1 0.015625
2 24 22 2 11 0.015625
2 24 23 2 11 0.015625
2 24 25 2 11 0.015625
2 24 26 2 11 0.015625
2 24 28 2 20 0.015625
2 24 30 2 20 0.015625
2 24 32 2 20 0.015625
2 24 60 2 25 0.015625
2 24 61 2 25 0.015625
2 24 62 2 25 0.015625
2 24 64 2 25 0.015625
2 24 65 2 25 0.015625
2 24 67 2 25 0.015625
2 24 71 2 29 0.015625
2 24 72 2 29 0.015625
2 24 73 2 29 0.015625
2 24 74 2 29 0.015625
2 24 75 2 29 0.015625
2 24 83 2 34 0.015625
2 24 84 2 34 0.015625
2 24 85 2 34 0.015625
2 24 86 2 34 0.015625
2 24 87 2 34 0.015625
2 24 88 2 34 0.015625
2 24 89 2 34 0.015625
2 24 93 2 37 0.015625
2 24 101 2 39 0.015625
2 24 102 2 39 0.015625
2 24 104 2 39 0.015625
2 24 105 2 39 0.015625
2 24 106 2 39 0.015625
2 24 109 2 40 0.015625
2 24 111 2 40 0.015625
2 24 113 2 40 0.015625
2 24 115 2 41 0.015625
2 24 120 2 41 0.015625
2 24 121 2 41 0.015625
2 24 127 2 42 0.015625
2 24 131 2 42 0.015625
2 24 143 2 44 0.015625
2 24 146 2 44 0.015625
2 24 149 2 44 0.015625
2 24 150 2 44 0.015625
2 24 164 2 46 0.015625
2 24 165 2 46 0.015625
2 24 167 2 46 0.015625
2 24 168 2 46 0.015625
2 24 170 2 46 0.015625
2 24 176 2 55 0.015625
2 24 190 2 56 0.015625
2 24 205 2 68 0.015625
2 24 215 2 69 0.015625
2 24 216 2 69 0.015625
2 24 217 2 69 0.015625
2 24 218 2 69 0.015625
2 24 235 2 74 0.015625
2 24 238 2 74 0.015625
2 24 239 2 74 0.015625
2 24 240 2 74 0.015625
2 24 244 2 75 0.015625
2 24 245 2 75 0.015625
2 24 246 2 75 0.015625
2 32 7 2 1 0.015625
2 32 8 2 1 0.015625
2 32 10 2 1 0.015625
2 32 11 2 1 0.015625
2 32 12 2 1 0.015625
2 32 27 2 11 0.015625
2 32 36 2 20 0.015625
2 32 48 2 25 0.015625
2 32 51 2 25 0.015625
2 32 52 2 25 0.015625
2 32 53 2 25 0.015625
2 32 54 2 25 0.015625
2 32 55 2 25 0.015625
2 32 56 2 25 0.015625
2 32 84 2 37 0.015625
2 32 85 2 37 0.015625
2 32 86 2 37 0.015625
2 32 87 2 37 0.015625
2 32 89 2 37 0.015625
2 32 95 2 39 0.015625
2 32 97 2 39 0.015625
2 32 98 2 39 0.015625
2 32 105 2 40 0.015625
2 32 107 2 41 0.015625
2 32 108 2 41 0.015625
2 32 110 2 41 0.015625
2 32 111 2 41 0.015625
2 32 113 2 41 0.015625
2 32 114 2 41 0.015625
2 32 115 2 41 0.015625
2 32 116 2 41 0.015625
2 32 119 2 42 0.015625
2 32 120 2 42 0.015625
2 32 121 2 42 0.015625
2 32 123 2 43 0.015625
2 32 125 2 43 0.015625
2 32 128 2 43 0.015625
2 32 130 2 44 0.015625
2 32 136 2 44 0.015625
2 32 137 2 44 0.015625
2 32 138 2 44 0.015625
2 32 147 2 46 0.015625
2 32 148 2 46 0.015625
2 32 153 2 46 0.015625
2 32 154 2 46 0.015625
2 32 155 2 46 0.015625
2 32 159 2 55 0.015625
2 32 164 2 55 0.015625
2 32 170 2 56 0.015625
2 32 174 2 63 0.015625
2 32 179 2 63 0.015625
2 32 182 2 68 0.015625
2 32 183 2 68 0.015625
2 32 184 2 68 0.015625
2 32 186 2 68 0.015625
2 32 187 2 68 0.015625
2 32 196 2 72 0.015625
2 32 204 2 74 0.015625
2 32 206 2 74 0.015625
2 32 207 2 74 0.015625
2 32 210 2 74 0.015625
2 32 211 2 74 0.015625
2 32 213 2 75 0.015625
2 32 214 2 75 0.015625
2 35 12 2 1 0.015625
2 35 14 2 1 0.015625
2 35 15 2 1 0.015625
2 35 26 2 11 0.015625
2 35 37 2 20 0.015625
2 35 39 2 20 0.015625
2 35 40 2 20 0.015625
2 35 51 2 25 0.015625
2 35 53 2 25 0.015625
2 35 54 2 25 0.015625
2 35 55 2 25 0.015625
2 35 56 2 25 0.015625
2 35 57 2 25 0.015625
2 35 58 2 25 0.015625
2 35 93 2 37 0.015625
2 35 102 2 39 0.015625
2 35 103 2 39 0.015625
2 35 105 2 39 0.015625
2 35 107 2 40 0.015625
2 35 108 2 40 0.015625
2 35 109 2 40 0.015625
2 35 112 2 41 0.015625
2 35 113 2 41 0.015625
2 35 115 2 41 0.015625
2 35 116 2 41 0.015625
2 35 117 2 41 0.015625
2 35 118 2 41 0.015625
2 35 119 2 41 0.015625
2 35 131 2 43 0.015625
2 35 137 2 43 0.015625
2 35 140 2 44 0.015625
2 35 141 2 44 0.015625
2 35 142 2 44 0.015625
2 35 143 2 44 0.015625
2 35 144 2 44 0.015625
2 35 145 2 44 0.015625
2 35 147 2 45 0.015625
2 35 148 2 45 0.015625
2 35 149 2 45 0.015625
2 35 150 2 45 0.015625
2 35 151 2 45 0.015625
2 35 152 2 45 0.015625
2 35 153 2 46 0.015625
2 35 154 2 46 0.015625
2 35 155 2 46 0.015625
2 35 160 2 46 0.015625
2 35 161 2 46 0.015625
2 35 163 2 46 0.015625
2 35 166 2 55 0.015625
2 35 167 2 55 0.015625
2 35 169 2 55 0.015625
2 35 173 2 56 0.015625
2 35 180 2 63 0.015625
2 35 183 2 63 0.015625
2 35 188 2 68 0.015625
2 35 189 2 68 0.015625
2 35 193 2 68 0.015625
2 35 207 2 72 0.015625
2 35 209 2 72 0.015625
2 35 212 2 74 0.015625
2 35 213 2 74 0.015625
2 35 215 2 74 0.015625
2 35 216 2 74 0.015625
2 35 221 2 75 0.015625
3 7 10 3 4 0.015625
3 7 11 3 4 0.015625
3 7 12 3 4 0.015625
3 7 13 3 4 0.015625
3 7 14 3 4 0.015625
3 7 15 3 4 0.015625
3 7 16 3 4 0.015625
3 7 17 3 4 0.015625
3 7 18 3 5 0.015625
3 7 19 3 5 0.015625
3 7 20 3 5 0.015625
3 7 21 3 5 0.015625
3 7 22 3 5 0.015625
3 7 31 3 15 0.015625
3 7 42 3 26 0.015625
3 7 43 3 26 0.015625
3 7 51 3 28 0.015625
3 7 53 3 28 0.015625
3 7 68 3 33 0.015625
3 7 74 3 34 0.015625
3 7 76 3 34 0.015625
3 7 80 3 34 0.015625
3 7 87 3 36 0.015625
3 7 88 3 36 0.015625
3 7 89 3 36 0.015625
3 7 90 3 41 0.015625
3 7 91 3 41 0.015625
3 7 93 3 41 0.015625
3 7 94 3 41 0.015625
3 7 95 3 41 0.015625
3 7 96 3 41 0.015625
3 7 97 3 41 0.015625
3 7 99 3 43 0.015625
3 7 103 3 43 0.015625
3 7 105 3 43 0.015625
3 7 107 3 43 0.015625
3 7 118 3 47 0.015625
3 7 120 3 47 0.015625
3 7 121 3 47 0.015625
3 7 122 3 47 0.015625
3 7 123 3 47 0.015625
3 7 124 3 47 0.015625
3 7 127 3 48 0.015625
3 7 130 3 48 0.015625
3 7 135 3 50 0.015625
3 7 138 3 50 0.015625
3 7 146 3 51 0.015625
3 7 151 3 52 0.015625
3 7 159 3 57 0.015625
3 7 160 3 57 0.015625
3 7 173 3 62 0.015625
3 7 178 3 62 0.015625
3 7 183 3 63 0.015625
3 7 189 3 65 0.015625
3 7 190 3 65 0.015625
3 7 191 3 65 0.015625
3 7 192 3 65 0.015625
3 7 193 3 65 0.015625
3 7 195 3 71 0.015625
3 7 197 3 71 0.015625
3 7 198 3 71 0.015625
3 7 200 3 71 0.015625
3 7 202 3 71 0.015625
3 7 208 3 72 0.015625
3 24 12 3 4 0.015625
3 24 14 3 4 0.015625
3 24 15 3 4 0.015625
3 24 19 3 5 0.015625
3 24 20 3 5 0.015625
3 24 21 3 5 0.015625
3 24 23 3 5 0.015625
3 24 24 3 5 0.015625
3 24 27 3 15 0.015625
3 24 28 3 15 0.015625
3 24 29 3 15 0.015625
3 24 30 3 15 0.015625
3 24 31 3 15 0.015625
3 24 59 3 26 0.015625
3 24 67 3 28 0.015625
3 24 68 3 28 0.015625
3 24 85 3 33 0.015625
3 24 92 3 34 0.015625
3 24 93 3 34 0.015625
3 24 94 3 34 0.015625
3 24 95 3 34 0.015625
3 24 97 3 34 0.015625
3 24 99 3 36 0.015625
3 24 102 3 36 0.015625
3 24 104 3 36 0.015625
3 24 105 3 36 0.015625
3 24 106 3 41 0.015625
3 24 109 3 41 0.015625
3 24 111 3 41 0.015625
3 24 112 3 41 0.015625
3 24 113 3 41 0.015625
3 24 114 3 41 0.015625
3 24 115 3 41 0.015625
3 24 116 3 41 0.015625
3 24 117 3 43 0.015625
3 24 119 3 43 0.015625
3 24 125 3 43 0.015625
3 24 126 3 45 0.015625
3 24 139 3 47 0.015625
3 24 140 3 47 0.015625
3 24 141 3 47 0.015625
3 24 142 3 47 0.015625
3 24 143 3 47 0.015625
3 24 145 3 47 0.015625
3 24 146 3 47 0.015625
3 24 149 3 48 0.015625
3 24 160 3 50 0.015625
3 24 174 3 52 0.015625
3 24 175 3 52 0.015625
3 24 180 3 57 0.015625
3 24 186 3 60 0.015625
3 24 187 3 60 0.015625
3 24 189 3 60 0.015625
3 24 190 3 60 0.015625
3 24 191 3 60 0.015625
3 24 200 3 62 0.015625
3 24 202 3 63 0.015625
3 24 217 3 65 0.015625
3 24 218 3 65 0.015625
3 24 220 3 71 0.015625
3 24 222 3 72 0.015625
3 24 234 3 76 0.015625
3 24 236 3 76 0.015625
3 24 239 3 76 0.015625
3 32 16 3 4 0.015625
3 32 17 3 4 0.015625
3 32 18 3 4 0.015625
3 32 36 3 15 0.015625
3 32 37 3 15 0.015625
3 32 51 3 26 0.015625
3 32 63 3 28 0.015625
3 32 93 3 33 0.015625
3 32 108 3 34 0.015625
3 32 111 3 36 0.015625
3 32 112 3 36 0.015625
3 32 115 3 41 0.015625
3 32 116 3 41 0.015625
3 32 117 3 41 0.015625
3 32 118 3 41 0.015625
3 32 120 3 41 0.015625
3 32 121 3 41 0.015625
3 32 122 3 41 0.015625
3 32 123 3 41 0.015625
3 32 126 3 43 0.015625
3 32 127 3 43 0.015625
3 32 129 3 43 0.015625
3 32 132 3 45 0.015625
3 32 134 3 45 0.015625
3 32 135 3 45 0.015625
3 32 136 3 45 0.015625
3 32 139 3 47 0.015625
3 32 140 3 47 0.015625
3 32 142 3 47 0.015625
3 32 144 3 47 0.015625
3 32 145 3 47 0.015625
3 32 147 3 47 0.015625
3 32 148 3 47 0.015625
3 32 151 3 48 0.015625
3 32 152 3 48 0.015625
3 32 153 3 48 0.015625
3 32 154 3 48 0.015625
3 32 155 3 48 0.015625
3 32 157 3 50 0.015625
3 32 159 3 50 0.015625
3 32 164 3 51 0.015625
3 32 165 3 51 0.015625
3 32 173 3 52 0.015625
3 32 174 3 52 0.015625
3 32 176 3 52 0.015625
3 32 179 3 57 0.015625
3 32 182 3 57 0.015625
3 32 183 3 57 0.015625
3 32 189 3 60 0.015625
3 32 195 3 62 0.015625
3 32 196 3 62 0.015625
3 32 197 3 62 0.015625
3 32 198 3 62 0.015625
3 32 203 3 63 0.015625
3 32 205 3 63 0.015625
3 32 211 3 65 0.015625
3 32 213 3 65 0.015625
3 32 215 3 65 0.015625
3 32 216 3 65 0.015625
3 32 223 3 71 0.015625
3 32 224 3 71 0.015625
3 32 225 3 71 0.015625
3 32 230 3 72 0.015625
3 32 234 3 72 0.015625
3 35 10 3 4 0.015625
3 35 11 3 4 0.015625
3 35 14 3 4 0.015625
3 35 17 3 4 0.015625
3 35 18 3 4 0.015625
3 35 19 3 5 0.015625
3 35 22 3 5 0.015625
3 35 29 3 15 0.015625
3 35 33 3 15 0.015625
3 35 35 3 15 0.015625
3 35 60 3 28 0.015625
3 35 65 3 32 0.015625
3 35 74 3 33 0.015625
3 35 80 3 34 0.015625
3 35 92 3 36 0.015625
3 35 94 3 36 0.015625
3 35 96 3 36 0.015625
3 35 99 3 41 0.015625
3 35 100 3 41 0.015625
3 35 101 3 41 0.015625
3 35 102 3 41 0.015625
3 35 103 3 41 0.015625
3 35 104 3 41 0.015625
3 35 105 3 41 0.015625
3 35 106 3 41 0.015625
3 35 109 3 43 0.015625
3 35 114 3 43 0.015625
3 35 115 3 43 0.015625
3 35 116 3 43 0.015625
3 35 117 3 45 0.015625
3 35 118 3 45 0.015625
3 35 121 3 45 0.015625
3 35 124 3 47 0.015625
3 35 125 3 47 0.015625
3 35 126 3 47 0.015625
3 35 127 3 47 0.015625
3 35 128 3 47 0.015625
3 35 129 3 47 0.015625
3 35 130 3 47 0.015625
3 35 132 3 48 0.015625
3 35 133 3 48 0.015625
3 35 139 3 48 0.015625
3 35 140 3 50 0.015625
3 35 146 3 50 0.015625
3 35 148 3 51 0.015625
3 35 149 3 51 0.015625
3 35 158 3 52 0.015625
3 35 161 3 52 0.015625
3 35 175 3 60 0.015625
3 35 180 3 62 0.015625
3 35 182 3 62 0.015625
3 35 183 3 62 0.015625
3 35 187 3 63 0.015625
3 35 189 3 63 0.015625
3 35 190 3 63 0.015625
3 35 192 3 65 0.015625
3 35 198 3 65 0.015625
3 35 199 3 71 0.015625
3 35 201 3 71 0.015625
3 35 202 3 71 0.015625
3 35 204 3 72 0.015625
3 35 206 3 72 0.015625
3 35 211 3 76 0.015625
3 35 213 3 76 0.015625
10 7 5 10 0 0.015625
10 7 7 10 0 0.015625
10 7 8 10 0 0.015625
10 7 11 10 2 0.015625
10 7 16 10 4 0.015625
10 7 18 10 4 0.015625
10 7 20 10 4 0.015625
10 7 21 10 4 0.015625
10 7 22 10 4 0.015625
10 7 23 10 4 0.015625
10 7 25 10 6 0.015625
10 7 28 10 6 0.015625
10 7 32 10 14 0.015625
10 7 33 10 14 0.015625
10 7 34 10 14 0.015625
10 7 35 10 14 0.015625
10 7 36 10 14 0.015625
10 7 37 10 14 0.015625
10 7 45 10 15 0.015625
10 7 49 10 18 0.015625
10 7 56 10 19 0.015625
10 7 57 10 19 0.015625
10 7 58 10 19 0.015625
10 7 59 10 19 0.015625
10 7 60 10 19 0.015625
10 7 61 10 19 0.015625
10 7 63 10 19 0.015625
10 7 66 10 21 0.015625
10 7 67 10 21 0.015625
10 7 78 10 23 0.015625
10 7 80 10 29 0.015625
10 7 81 10 29 0.015625
10 7 82 10 29 0.015625
10 7 83 10 29 0.015625
10 7 84 10 29 0.015625
10 7 85 10 29 0.015625
10 7 86 10 29 0.015625
10 7 87 10 29 0.015625
10 7 88 10 29 0.015625
10 7 89 10 29 0.015625
10 7 101 10 33 0.015625
10 7 116 10 43 0.015625
10 7 122 10 43 0.015625
10 7 124 10 43 0.015625
10 7 127 10 48 0.015625
10 7 130 10 48 0.015625
10 7 134 10 49 0.015625
10 7 135 10 49 0.015625
10 7 136 10 49 0.015625
10 7 137 10 49 0.015625
10 7 138 10 49 0.015625
10 7 140 10 49 0.015625
10 7 150 10 53 0.015625
10 7 151 10 53 0.015625
10 7 152 10 53 0.015625
10 7 153 10 53 0.015625
10 7 154 10 53 0.015625
10 7 156 10 53 0.015625
10 7 159 10 59 0.015625
10 7 177 10 63 0.015625
10 7 187 10 64 0.015625
10 7 192 10 71 0.015625
10 7 200 10 75 0.015625
10 7 204 10 75 0.015625
10 24 19 10 4 0.015625
10 24 21 10 4 0.015625
10 24 23 10 4 0.015625
10 24 24 10 4 0.015625
10 24 28 10 6 0.015625
10 24 29 10 6 0.015625
10 24 30 10 6 0.015625
10 24 37 10 14 0.015625
10 24 38 10 14 0.015625
10 24 39 10 14 0.015625
10 24 40 10 14 0.015625
10 24 41 10 14 0.015625
10 24 42 10 15 0.015625
10 24 47 10 15 0.015625
10 24 50 10 18 0.015625
10 24 52 10 18 0.015625
10 24 58 10 19 0.015625
10 24 59 10 19 0.015625
10 24 60 10 19 0.015625
10 24 61 10 19 0.015625
10 24 62 10 19 0.015625
10 24 63 10 19 0.015625
10 24 64 10 19 0.015625
10 24 65 10 19 0.015625
10 24 66 10 19 0.015625
10 24 68 10 21 0.015625
10 24 70 10 21 0.015625
10 24 71 10 21 0.015625
10 24 72 10 21 0.015625
10 24 76 10 23 0.015625
10 24 78 10 29 0.015625
10 24 80 10 29 0.015625
10 24 81 10 29 0.015625
10 24 82 10 29 0.015625
10 24 83 10 29 0.015625
10 24 84 10 29 0.015625
10 24 85 10 29 0.015625
10 24 95 10 33 0.015625
10 24 100 10 33 0.015625
10 24 112 10 43 0.015625
10 24 114 10 43 0.015625
10 24 116 10 43 0.015625
10 24 119 10 43 0.015625
10 24 120 10 43 0.015625
10 24 123 10 48 0.015625
10 24 125 10 48 0.015625
10 24 132 10 49 0.015625
10 24 142 10 52 0.015625
10 24 143 10 52 0.015625
10 24 144 10 52 0.015625
10 24 147 10 53 0.015625
10 24 148 10 53 0.015625
10 24 151 10 53 0.015625
10 24 155 10 59 0.015625
10 24 166 10 60 0.015625
10 24 167 10 63 0.015625
10 24 183 10 64 0.015625
10 24 185 10 71 0.015625
10 24 191 10 75 0.015625
10 24 192 10 75 0.015625
10 24 193 10 75 0.015625
10 24 196 10 76 0.015625
10 24 198 10 76 0.015625
10 24 201 10 76 0.015625
10 32 11 10 0 0.015625
10 32 14 10 0 0.015625
10 32 15 10 0 0.015625
10 32 29 10 4 0.015625
10 32 30 10 4 0.015625
10 32 31 10 4 0.015625
10 32 33 10 6 0.015625
10 32 34 10 6 0.015625
10 32 35 10 6 0.015625
10 32 37 10 6 0.015625
10 32 38 10 6 0.015625
10 32 39 10 6 0.015625
10 32 45 10 14 0.015625
10 32 46 10 14 0.015625
10 32 57 10 15 0.015625
10 32 58 10 15 0.015625
10 32 60 10 18 0.015625
10 32 61 10 18 0.015625
10 32 62 10 18 0.015625
10 32 64 10 18 0.015625
10 32 67 10 19 0.015625
10 32 68 10 19 0.015625
10 32 70 10 19 0.015625
10 32 71 10 19 0.015625
10 32 74 10 19 0.015625
10 32 75 10 19 0.015625
10 32 78 10 21 0.015625
10 32 79 10 21 0.015625
10 32 90 10 23 0.015625
10 32 95 10 29 0.015625
10 32 96 10 29 0.015625
10 32 97 10 29 0.015625
10 32 98 10 29 0.015625
10 32 99 10 29 0.015625
10 32 100 10 29 0.015625
10 32 101 10 29 0.015625
10 32 102 10 29 0.015625
10 32 129 10 33 0.015625
10 32 146 10 43 0.015625
10 32 148 10 43 0.015625
10 32 151 10 43 0.015625
10 32 152 10 48 0.015625
10 32 154 10 48 0.015625
10 32 155 10 48 0.015625
10 32 156 10 48 0.015625
10 32 157 10 48 0.015625
10 32 158 10 48 0.015625
10 32 173 10 52 0.015625
10 32 174 10 52 0.015625
10 32 176 10 52 0.015625
10 32 183 10 53 0.015625
10 32 185 10 53 0.015625
10 32 188 10 59 0.015625
10 32 198 10 60 0.015625
10 32 201 10 63 0.015625
10 32 206 10 63 0.015625
10 32 210 10 64 0.015625
10 32 211 10 64 0.015625
10 32 214 10 64 0.015625
10 32 221 10 71 0.015625
10 32 223 10 71 0.015625
10 32 227 10 75 0.015625
10 32 228 10 75 0.015625
10 32 230 10 76 0.015625
10 35 25 10 4 0.015625
10 35 26 10 4 0.015625
10 35 32 10 4 0.015625
10 35 44 10 14 0.015625
10 35 45 10 14 0.015625
10 35 46 10 14 0.015625
10 35 48 10 14 0.015625
10 35 50 10 14 0.015625
10 35 52 10 15 0.015625
10 35 56 10 15 0.015625
10 35 58 10 15 0.015625
10 35 63 10 18 0.015625
10 35 69 10 19 0.015625
10 35 70 10 19 0.015625
10 35 71 10 19 0.015625
10 35 72 10 19 0.015625
10 35 74 10 19 0.015625
10 35 75 10 19 0.015625
10 35 77 10 19 0.015625
10 35 78 10 19 0.015625
10 35 79 10 19 0.015625
10 35 80 10 19 0.015625
10 35 83 10 21 0.015625
10 35 84 10 21 0.015625
10 35 85 10 21 0.015625
10 35 92 10 29 0.015625
10 35 93 10 29 0.015625
10 35 94 10 29 0.015625
10 35 95 10 29 0.015625
10 35 96 10 29 0.015625
10 35 98 10 29 0.015625
10 35 99 10 29 0.015625
10 35 100 10 29 0.015625
10 35 110 10 33 0.015625
10 35 121 10 43 0.015625
10 35 126 10 43 0.015625
10 35 127 10 43 0.015625
10 35 128 10 43 0.015625
10 35 130 10 48 0.015625
10 35 131 10 48 0.015625
10 35 135 10 48 0.015625
10 35 137 10 48 0.015625
10 35 139 10 49 0.015625
10 35 143 10 49 0.015625
10 35 152 10 52 0.015625
10 35 155 10 52 0.015625
10 35 159 10 53 0.015625
10 35 161 10 53 0.015625
10 35 162 10 53 0.015625
10 35 164 10 53 0.015625
10 35 169 10 59 0.015625
10 35 170 10 59 0.015625
10 35 173 10 60 0.015625
10 35 175 10 60 0.015625
10 35 177 10 60 0.015625
10 35 181 10 63 0.015625
10 35 183 10 63 0.015625
10 35 184 10 63 0.015625
10 35 195 10 71 0.015625
10 35 197 10 71 0.015625
10 35 198 10 71 0.015625
10 35 203 10 75 0.015625
10 35 209 10 76 0.015625
10 35 211 10 76 0.015625
13 7 13 13 1 0.015625
13 7 21 13 4 0.015625
13 7 23 13 4 0.015625
13 7 24 13 4 0.015625
13 7 25 13 4 0.015625
13 7 26 13 4 0.015625
13 7 28 13 6 0.015625
13 7 29 13 6 0.015625
13 7 30 13 6 0.015625
13 7 31 13 6 0.015625
13 7 38 13 9 0.015625
13 7 41 13 9 0.015625
13 7 49 13 15 0.015625
13 7 52 13 16 0.015625
13 7 53 13 16 0.015625
13 7 63 13 18 0.015625
13 7 89 13 30 0.015625
13 7 90 13 30 0.015625
13 7 91 13 30 0.015625
13 7 94 13 30 0.015625
13 7 98 13 33 0.015625
13 7 103 13 41 0.015625
13 7 104 13 41 0.015625
13 7 106 13 41 0.015625
13 7 107 13 41 0.015625
13 7 108 13 41 0.015625
13 7 109 13 41 0.015625
13 7 119 13 45 0.015625
13 7 121 13 47 0.015625
13 7 123 13 47 0.015625
13 7 126 13 47 0.015625
13 7 128 13 48 0.015625
13 7 129 13 48 0.015625
13 7 130 13 48 0.015625
13 7 133 13 48 0.015625
13 7 134 13 48 0.015625
13 7 135 13 48 0.015625
13 7 137 13 49 0.015625
13 7 138 13 49 0.015625
13 7 140 13 49 0.015625
13 7 143 13 49 0.015625
13 7 145 13 50 0.015625
13 7 148 13 50 0.015625
13 7 169 13 61 0.015625
13 7 172 13 61 0.015625
13 7 173 13 62 0.015625
13 7 178 13 62 0.015625
13 7 183 13 63 0.015625
13 7 187 13 66 0.015625
13 7 190 13 66 0.015625
13 7 191 13 66 0.015625
13 7 192 13 68 0.015625
13 7 194 13 68 0.015625
13 7 195 13 68 0.015625
13 7 197 13 68 0.015625
13 7 198 13 68 0.015625
13 7 199 13 68 0.015625
13 7 200 13 68 0.015625
13 7 204 13 74 0.015625
13 7 206 13 74 0.015625
13 7 207 13 74 0.015625
13 7 208 13 74 0.015625
13 7 209 13 74 0.015625
13 7 213 13 77 0.015625
13 24 19 13 1 0.015625
13 24 22 13 1 0.015625
13 24 23 13 1 0.015625
13 24 28 13 4 0.015625
13 24 30 13 4 0.015625
13 24 32 13 4 0.015625
13 24 37 13 6 0.015625
13 24 38 13 6 0.015625
13 24 39 13 6 0.015625
13 24 41 13 6 0.015625
13 24 45 13 9 0.015625
13 24 48 13 9 0.015625
13 24 50 13 15 0.015625
13 24 53 13 15 0.015625
13 24 54 13 15 0.015625
13 24 55 13 15 0.015625
13 24 56 13 15 0.015625
13 24 64 13 18 0.015625
13 24 66 13 18 0.015625
13 24 98 13 28 0.015625
13 24 101 13 28 0.015625
13 24 102 13 28 0.015625
13 24 107 13 30 0.015625
13 24 109 13 30 0.015625
13 24 110 13 30 0.015625
13 24 111 13 30 0.015625
13 24 112 13 33 0.015625
13 24 122 13 41 0.015625
13 24 123 13 41 0.015625
13 24 128 13 41 0.015625
13 24 129 13 41 0.015625
13 24 133 13 45 0.015625
13 24 144 13 47 0.015625
13 24 147 13 47 0.015625
13 24 152 13 47 0.015625
13 24 156 13 48 0.015625
13 24 157 13 48 0.015625
13 24 158 13 48 0.015625
13 24 159 13 48 0.015625
13 24 160 13 48 0.015625
13 24 165 13 49 0.015625
13 24 177 13 50 0.015625
13 24 181 13 50 0.015625
13 24 182 13 60 0.015625
13 24 187 13 60 0.015625
13 24 188 13 60 0.015625
13 24 189 13 60 0.015625
13 24 191 13 61 0.015625
13 24 198 13 61 0.015625
13 24 207 13 62 0.015625
13 24 209 13 63 0.015625
13 24 222 13 66 0.015625
13 24 223 13 66 0.015625
13 24 224 13 66 0.015625
13 24 225 13 66 0.015625
13 24 227 13 68 0.015625
13 24 231 13 68 0.015625
13 24 239 13 74 0.015625
13 24 242 13 74 0.015625
13 24 243 13 74 0.015625
13 24 246 13 74 0.015625
13 24 247 13 74 0.015625
13 24 248 13 74 0.015625
13 24 252 13 77 0.015625
13 32 13 13 1 0.015625
13 32 14 13 1 0.015625
13 32 16 13 1 0.015625
13 32 17 13 1 0.015625
13 32 18 13 1 0.015625
13 32 26 13 4 0.015625
13 32 27 13 4 0.015625
13 32 32 13 6 0.015625
13 32 36 13 6 0.015625
13 32 41 13 9 0.015625
13 32 55 13 15 0.015625
13 32 56 13 15 0.015625
13 32 57 13 16 0.015625
13 32 58 13 16 0.015625
13 32 59 13 16 0.015625
13 32 64 13 18 0.015625
13 32 65 13 18 0.015625
13 32 66 13 18 0.015625
13 32 68 13 18 0.015625
13 32 69 13 18 0.015625
13 32 94 13 30 0.015625
13 32 97 13 30 0.015625
13 32 98 13 30 0.015625
13 32 99 13 33 0.015625
13 32 108 13 41 0.015625
13 32 109 13 41 0.015625
13 32 112 13 41 0.015625
13 32 114 13 41 0.015625
13 32 115 13 41 0.015625
13 32 116 13 41 0.015625
13 32 117 13 41 0.015625
13 32 126 13 47 0.015625
13 32 127 13 47 0.015625
13 32 133 13 47 0.015625
13 32 135 13 47 0.015625
13 32 136 13 47 0.015625
13 32 137 13 48 0.015625
13 32 139 13 48 0.015625
13 32 142 13 48 0.015625
13 32 154 13 50 0.015625
13 32 155 13 50 0.015625
13 32 157 13 50 0.015625
13 32 165 13 60 0.015625
13 32 168 13 61 0.015625
13 32 169 13 61 0.015625
13 32 170 13 61 0.015625
13 32 171 13 61 0.015625
13 32 177 13 62 0.015625
13 32 178 13 62 0.015625
13 32 181 13 63 0.015625
13 32 186 13 63 0.015625
13 32 190 13 66 0.015625
13 32 195 13 66 0.015625
13 32 197 13 68 0.015625
13 32 198 13 68 0.015625
13 32 199 13 68 0.015625
13 32 201 13 68 0.015625
13 32 202 13 68 0.015625
13 32 204 13 74 0.015625
13 32 206 13 74 0.015625
13 32 207 13 74 0.015625
13 32 208 13 74 0.015625
13 32 210 13 74 0.015625
13 32 211 13 74 0.015625
13 35 20 13 1 0.015625
13 35 22 13 1 0.015625
13 35 23 13 1 0.015625
13 35 25 13 4 0.015625
13 35 32 13 4 0.015625
13 35 34 13 6 0.015625
13 35 37 13 6 0.015625
13 35 38 13 6 0.015625
13 35 43 13 9 0.015625
13 35 44 13 9 0.015625
13 35 47 13 9 0.015625
13 35 49 13 15 0.015625
13 35 53 13 15 0.015625
13 35 55 13 15 0.015625
13 35 58 13 16 0.015625
13 35 69 13 18 0.015625
13 35 90 13 28 0.015625
13 35 101 13 33 0.015625
13 35 108 13 41 0.015625
13 35 109 13 41 0.015625
13 35 111 13 41 0.015625
13 35 112 13 41 0.015625
13 35 113 13 41 0.015625
13 35 114 13 41 0.015625
13 35 115 13 41 0.015625
13 35 116 13 45 0.015625
13 35 117 13 45 0.015625
13 35 118 13 45 0.015625
13 35 119 13 45 0.015625
13 35 120 13 45 0.015625
13 35 121 13 45 0.015625
13 35 123 13 47 0.015625
13 35 124 13 47 0.015625
13 35 125 13 47 0.015625
13 35 127 13 47 0.015625
13 35 128 13 47 0.015625
13 35 129 13 47 0.015625
13 35 130 13 48 0.015625
13 35 131 13 48 0.015625
13 35 132 13 48 0.015625
13 35 133 13 48 0.015625
13 35 135 13 48 0.015625
13 35 136 13 48 0.015625
13 35 138 13 48 0.015625
13 35 140 13 49 0.015625
13 35 149 13 50 0.015625
13 35 164 13 61 0.015625
13 35 167 13 61 0.015625
13 35 171 13 61 0.015625
13 35 174 13 62 0.015625
13 35 176 13 62 0.015625
13 35 177 13 62 0.015625
13 35 181 13 63 0.015625
13 35 183 13 63 0.015625
13 35 184 13 63 0.015625
13 35 185 13 66 0.015625
13 35 197 13 68 0.015625
13 35 198 13 68 0.015625
13 35 202 13 68 0.015625
13 35 206 13 74 0.015625
13 35 207 13 74 0.015625
13 35 208 13 74 0.015625
13 35 209 13 74 0.015625
13 35 210 13 74 0.015625
16 7 16 16 1 0.015625
16 7 18 16 1 0.015625
16 7 20 16 5 0.015625
16 7 21 16 5 0.015625
16 7 22 16 5 0.015625
16 7 23 16 5 0.015625
16 7 24 16 5 0.015625
16 7 55 16 9 0.015625
16 7 57 16 9 0.015625
16 7 58 16 9 0.015625
16 7 69 16 18 0.015625
16 7 77 16 19 0.015625
16 7 78 16 19 0.015625
16 7 79 16 19 0.015625
16 7 80 16 19 0.015625
16 7 81 16 19 0.015625
16 7 83 16 19 0.015625
16 7 88 16 22 0.015625
16 7 90 16 22 0.015625
16 7 101 16 25 0.015625
16 7 102 16 25 0.015625
16 7 103 16 25 0.015625
16 7 104 16 25 0.015625
16 7 105 16 25 0.015625
16 7 106 16 25 0.015625
16 7 109 16 27 0.015625
16 7 111 16 27 0.015625
16 7 112 16 27 0.015625
16 7 113 16 27 0.015625
16 7 128 16 34 0.015625
16 7 129 16 34 0.015625
16 7 130 16 34 0.015625
16 7 131 16 34 0.015625
16 7 132 16 34 0.015625
16 7 135 16 35 0.015625
16 7 143 16 38 0.015625
16 7 144 16 38 0.015625
16 7 145 16 38 0.015625
16 7 147 16 38 0.015625
16 7 148 16 38 0.015625
16 7 156 16 44 0.015625
16 7 160 16 46 0.015625
16 7 163 16 46 0.015625
16 7 164 16 46 0.015625
16 7 165 16 46 0.015625
16 7 166 16 46 0.015625
16 7 178 16 49 0.015625
16 7 179 16 49 0.015625
16 7 180 16 49 0.015625
16 7 181 16 49 0.015625
16 7 183 16 49 0.015625
16 7 188 16 50 0.015625
16 7 194 16 55 0.015625
16 7 195 16 55 0.015625
16 7 196 16 55 0.015625
16 7 200 16 58 0.015625
16 7 203 16 58 0.015625
16 7 213 16 61 0.015625
16 7 222 16 68 0.015625
16 7 238 16 79 0.015625
16 7 239 16 79 0.015625
16 7 240 16 79 0.015625
16 7 242 16 79 0.015625
16 7 243 16 79 0.015625
16 24 7 16 1 0.015625
16 24 16 16 5 0.015625
16 24 19 16 5 0.015625
16 24 20 16 5 0.015625
16 24 22 16 5 0.015625
16 24 37 16 9 0.015625
16 24 45 16 13 0.015625
16 24 52 16 18 0.015625
16 24 58 16 19 0.015625
16 24 60 16 19 0.015625
16 24 61 16 19 0.015625
16 24 62 16 19 0.015625
16 24 63 16 19 0.015625
16 24 64 16 19 0.015625
16 24 65 16 19 0.015625
16 24 66 16 19 0.015625
16 24 69 16 22 0.015625
16 24 103 16 25 0.015625
16 24 104 16 25 0.015625
16 24 106 16 25 0.015625
16 24 107 16 25 0.015625
16 24 108 16 25 0.015625
16 24 109 16 25 0.015625
16 24 110 16 25 0.015625
16 24 111 16 25 0.015625
16 24 115 16 27 0.015625
16 24 119 16 27 0.015625
16 24 120 16 27 0.015625
16 24 122 16 27 0.015625
16 24 134 16 34 0.015625
16 24 137 16 34 0.015625
16 24 138 16 34 0.015625
16 24 154 16 38 0.015625
16 24 156 16 38 0.015625
16 24 159 16 38 0.015625
16 24 160 16 44 0.015625
16 24 165 16 44 0.015625
16 24 170 16 46 0.015625
16 24 171 16 46 0.015625
16 24 173 16 46 0.015625
16 24 174 16 46 0.015625
16 24 175 16 46 0.015625
16 24 176 16 46 0.015625
16 24 177 16 46 0.015625
16 24 178 16 46 0.015625
16 24 183 16 48 0.015625
16 24 195 16 49 0.015625
16 24 197 16 49 0.015625
16 24 199 16 50 0.015625
16 24 202 16 50 0.015625
16 24 206 16 50 0.015625
16 24 207 16 55 0.015625
16 24 209 16 55 0.015625
16 24 212 16 55 0.015625
16 24 214 16 55 0.015625
16 24 223 16 58 0.015625
16 24 229 16 61 0.015625
16 24 230 16 61 0.015625
16 24 231 16 61 0.015625
16 24 234 16 61 0.015625
16 24 235 16 68 0.015625
16 24 249 16 70 0.015625
16 24 252 16 70 0.015625
16 24 253 16 70 0.015625
16 32 26 16 7 0.015625
16 32 36 16 9 0.015625
16 32 51 16 18 0.015625
16 32 52 16 18 0.015625
16 32 54 16 18 0.015625
16 32 55 16 18 0.015625
16 32 56 16 19 0.015625
16 32 57 16 19 0.015625
16 32 59 16 19 0.015625
16 32 60 16 19 0.015625
16 32 61 16 19 0.015625
16 32 63 16 19 0.015625
16 32 64 16 19 0.015625
16 32 65 16 19 0.015625
16 32 70 16 22 0.015625
16 32 85 16 25 0.015625
16 32 86 16 25 0.015625
16 32 87 16 25 0.015625
16 32 88 16 25 0.015625
16 32 89 16 25 0.015625
16 32 90 16 25 0.015625
16 32 95 16 27 0.015625
16 32 96 16 27 0.015625
16 32 98 16 27 0.015625
16 32 101 16 27 0.015625
16 32 103 16 27 0.015625
16 32 140 16 35 0.015625
16 32 149 16 38 0.015625
16 32 150 16 38 0.015625
16 32 151 16 38 0.015625
16 32 152 16 38 0.015625
16 32 153 16 38 0.015625
16 32 155 16 38 0.015625
16 32 168 16 46 0.015625
16 32 170 16 46 0.015625
16 32 173 16 46 0.015625
16 32 174 16 46 0.015625
16 32 175 16 46 0.015625
16 32 176 16 46 0.015625
16 32 177 16 48 0.015625
16 32 180 16 48 0.015625
16 32 181 16 48 0.015625
16 32 182 16 48 0.015625
16 32 183 16 48 0.015625
16 32 193 16 49 0.015625
16 32 194 16 50 0.015625
16 32 197 16 50 0.015625
16 32 203 16 55 0.015625
16 32 208 16 55 0.015625
16 32 216 16 61 0.015625
16 32 217 16 61 0.015625
16 32 218 16 61 0.015625
16 32 221 16 68 0.015625
16 32 223 16 68 0.015625
16 32 224 16 68 0.015625
16 32 225 16 68 0.015625
16 32 226 16 68 0.015625
16 32 229 16 70 0.015625
16 32 230 16 70 0.015625
16 32 231 16 70 0.015625
16 32 232 16 70 0.015625
16 32 234 16 79 0.015625
16 32 237 16 79 0.015625
16 32 238 16 79 0.015625
16 35 14 16 1 0.015625
16 35 15 16 1 0.015625
16 35 29 16 7 0.015625
16 35 52 16 18 0.015625
16 35 53 16 18 0.015625
16 35 59 16 19 0.015625
16 35 60 16 19 0.015625
16 35 62 16 19 0.015625
16 35 63 16 19 0.015625
16 35 64 16 19 0.015625
16 35 65 16 19 0.015625
16 35 67 16 19 0.015625
16 35 68 16 19 0.015625
16 35 69 16 19 0.015625
16 35 70 16 19 0.015625
16 35 73 16 22 0.015625
16 35 75 16 22 0.015625
16 35 76 16 22 0.015625
16 35 88 16 25 0.015625
16 35 91 16 25 0.015625
16 35 92 16 25 0.015625
16 35 93 16 25 0.015625
16 35 94 16 25 0.015625
16 35 95 16 25 0.015625
16 35 101 16 27 0.015625
16 35 102 16 27 0.015625
16 35 103 16 27 0.015625
16 35 106 16 32 0.015625
16 35 154 16 38 0.015625
16 35 155 16 38 0.015625
16 35 156 16 38 0.015625
16 35 159 16 44 0.015625
16 35 160 16 44 0.015625
16 35 161 16 44 0.015625
16 35 162 16 44 0.015625
16 35 163 16 44 0.015625
16 35 164 16 44 0.015625
16 35 165 16 46 0.015625
16 35 167 16 46 0.015625
16 35 171 16 46 0.015625
16 35 172 16 46 0.015625
16 35 173 16 46 0.015625
16 35 174 16 46 0.015625
16 35 175 16 46 0.015625
16 35 178 16 48 0.015625
16 35 184 16 48 0.015625
16 35 185 16 49 0.015625
16 35 187 16 49 0.015625
16 35 190 16 49 0.015625
16 35 193 16 49 0.015625
16 35 195 16 50 0.015625
16 35 201 16 50 0.015625
16 35 206 16 55 0.015625
16 35 207 16 55 0.015625
16 35 208 16 55 0.015625
16 35 213 16 58 0.015625
16 35 221 16 61 0.015625
16 35 224 16 61 0.015625
16 35 225 16 61 0.015625
16 35 231 16 68 0.015625
16 35 242 16 70 0.015625
16 35 243 16 70 0.015625
16 35 244 16 70 0.015625
16 35 253 16 79 0.015625
18 7 15 18 1 0.015625
18 7 26 18 13 0.015625
18 7 28 18 13 0.015625
18 7 31 18 13 0.015625
18 7 34 18 16 0.015625
18 7 35 18 16 0.015625
18 7 44 18 21 0.015625
18 7 45 18 21 0.015625
18 7 51 18 22 0.015625
18 7 54 18 22 0.015625
18 7 56 18 22 0.015625
18 7 64 18 25 0.015625
18 7 65 18 25 0.015625
18 7 67 18 25 0.015625
18 7 68 18 25 0.015625
18 7 69 18 25 0.015625
18 7 70 18 25 0.015625
18 7 71 18 25 0.015625
18 7 72 18 25 0.015625
18 7 76 18 26 0.015625
18 7 77 18 26 0.015625
18 7 83 18 33 0.015625
18 7 88 18 39 0.015625
18 7 89 18 39 0.015625
18 7 92 18 39 0.015625
18 7 93 18 39 0.015625
18 7 94 18 39 0.015625
18 7 103 18 45 0.015625
18 7 106 18 48 0.015625
18 7 109 18 48 0.015625
18 7 110 18 48 0.015625
18 7 111 18 48 0.015625
18 7 114 18 50 0.015625
18 7 117 18 50 0.015625
18 7 125 18 51 0.015625
18 7 131 18 54 0.015625
18 7 132 18 54 0.015625
18 7 136 18 54 0.015625
18 7 137 18 54 0.015625
18 7 138 18 55 0.015625
18 7 141 18 55 0.015625
18 7 142 18 55 0.015625
18 7 143 18 55 0.015625
18 7 147 18 58 0.015625
18 7 152 18 67 0.015625
18 7 156 18 68 0.015625
18 7 158 18 68 0.015625
18 7 159 18 68 0.015625
18 7 161 18 68 0.015625
18 7 162 18 68 0.015625
18 7 163 18 68 0.015625
18 7 164 18 68 0.015625
18 7 166 18 69 0.015625
18 7 179 18 70 0.015625
18 7 188 18 73 0.015625
18 7 193 18 75 0.015625
18 7 199 18 79 0.015625
18 7 200 18 79 0.015625
18 7 201 18 79 0.015625
18 7 202 18 79 0.015625
18 7 203 18 79 0.015625
18 7 204 18 79 0.015625
18 7 205 18 79 0.015625
18 7 206 18 79 0.015625
18 24 14 18 0 0.015625
18 24 18 18 1 0.015625
18 24 19 18 1 0.015625
18 24 21 18 1 0.015625
18 24 39 18 13 0.015625
18 24 52 18 21 0.015625
18 24 54 18 21 0.015625
18 24 91 18 25 0.015625
18 24 92 18 25 0.015625
18 24 93 18 25 0.015625
18 24 94 18 25 0.015625
18 24 96 18 25 0.015625
18 24 97 18 25 0.015625
18 24 99 18 25 0.015625
18 24 101 18 26 0.015625
18 24 103 18 26 0.015625
18 24 104 18 26 0.015625
18 24 106 18 33 0.015625
18 24 111 18 33 0.015625
18 24 116 18 39 0.015625
18 24 119 18 39 0.015625
18 24 121 18 39 0.015625
18 24 122 18 39 0.015625
18 24 123 18 39 0.015625
18 24 124 18 45 0.015625
18 24 134 18 45 0.015625
18 24 136 18 48 0.015625
18 24 137 18 48 0.015625
18 24 138 18 48 0.015625
18 24 140 18 48 0.015625
18 24 141 18 48 0.015625
18 24 152 18 50 0.015625
18 24 166 18 54 0.015625
18 24 167 18 54 0.015625
18 24 168 18 55 0.015625
18 24 175 18 55 0.015625
18 24 180 18 58 0.015625
18 24 184 18 58 0.015625
18 24 186 18 58 0.015625
18 24 187 18 67 0.015625
18 24 191 18 67 0.015625
18 24 194 18 68 0.015625
18 24 198 18 68 0.015625
18 24 202 18 68 0.015625
18 24 206 18 69 0.015625
18 24 207 18 69 0.015625
18 24 208 18 69 0.015625
18 24 210 18 69 0.015625
18 24 211 18 69 0.015625
18 24 219 18 70 0.015625
18 24 220 18 70 0.015625
18 24 223 18 73 0.015625
18 24 231 18 73 0.015625
18 24 236 18 75 0.015625
18 24 237 18 75 0.015625
18 24 240 18 79 0.015625
18 24 242 18 79 0.015625
18 24 243 18 79 0.015625
18 24 244 18 79 0.015625
18 24 246 18 79 0.015625
18 24 247 18 79 0.015625
18 24 248 18 79 0.015625
18 24 249 18 79 0.015625
18 24 250 18 79 0.015625
18 32 13 18 1 0.015625
18 32 14 18 1 0.015625
18 32 16 18 1 0.015625
18 32 17 18 1 0.015625
18 32 18 18 1 0.015625
18 32 30 18 13 0.015625
18 32 31 18 13 0.015625
18 32 32 18 13 0.015625
18 32 37 18 16 0.015625
18 32 38 18 16 0.015625
18 32 44 18 21 0.015625
18 32 45 18 21 0.015625
18 32 57 18 22 0.015625
18 32 69 18 25 0.015625
18 32 72 18 25 0.015625
18 32 73 18 25 0.015625
18 32 74 18 25 0.015625
18 32 75 18 25 0.015625
18 32 76 18 25 0.015625
18 32 77 18 25 0.015625
18 32 79 18 26 0.015625
18 32 82 18 26 0.015625
18 32 84 18 33 0.015625
18 32 95 18 39 0.015625
18 32 96 18 39 0.015625
18 32 98 18 39 0.015625
18 32 99 18 39 0.015625
18 32 100 18 39 0.015625
18 32 101 18 39 0.015625
18 32 110 18 48 0.015625
18 32 112 18 48 0.015625
18 32 115 18 48 0.015625
18 32 117 18 50 0.015625
18 32 118 18 50 0.015625
18 32 120 18 50 0.015625
18 32 126 18 51 0.015625
18 32 130 18 54 0.015625
18 32 131 18 54 0.015625
18 32 133 18 54 0.015625
18 32 134 18 54 0.015625
18 32 138 18 55 0.015625
18 32 143 18 55 0.015625
18 32 145 18 58 0.015625
18 32 146 18 58 0.015625
18 32 156 18 67 0.015625
18 32 158 18 68 0.015625
18 32 159 18 68 0.015625
18 32 160 18 68 0.015625
18 32 162 18 68 0.015625
18 32 163 18 68 0.015625
18 32 173 18 70 0.015625
18 32 174 18 70 0.015625
18 32 175 18 70 0.015625
18 32 176 18 70 0.015625
18 32 177 18 70 0.015625
18 32 181 18 73 0.015625
18 32 182 18 73 0.015625
18 32 183 18 73 0.015625
18 32 189 18 79 0.015625
18 32 190 18 79 0.015625
18 32 192 18 79 0.015625
18 32 193 18 79 0.015625
18 32 194 18 79 0.015625
18 32 195 18 79 0.015625
18 35 22 18 1 0.015625
18 35 24 18 1 0.015625
18 35 25 18 1 0.015625
18 35 37 18 13 0.015625
18 35 42 18 16 0.015625
18 35 51 18 21 0.015625
18 35 52 18 21 0.015625
18 35 55 18 22 0.015625
18 35 56 18 22 0.015625
18 35 58 18 22 0.015625
18 35 59 18 22 0.015625
18 35 71 18 25 0.015625
18 35 73 18 25 0.015625
18 35 74 18 25 0.015625
18 35 75 18 25 0.015625
18 35 76 18 25 0.015625
18 35 77 18 25 0.015625
18 35 78 18 25 0.015625
18 35 89 18 33 0.015625
18 35 97 18 39 0.015625
18 35 98 18 39 0.015625
18 35 99 18 39 0.015625
18 35 100 18 39 0.015625
18 35 101 18 45 0.015625
18 35 102 18 45 0.015625
18 35 103 18 45 0.015625
18 35 104 18 45 0.015625
18 35 105 18 45 0.015625
18 35 106 18 45 0.015625
18 35 108 18 48 0.015625
18 35 109 18 48 0.015625
18 35 113 18 48 0.015625
18 35 115 18 48 0.015625
18 35 116 18 50 0.015625
18 35 124 18 51 0.015625
18 35 125 18 51 0.015625
18 35 131 18 54 0.015625
18 35 134 18 54 0.015625
18 35 136 18 54 0.015625
18 35 137 18 54 0.015625
18 35 140 18 55 0.015625
18 35 141 18 55 0.015625
18 35 142 18 55 0.015625
18 35 143 18 55 0.015625
18 35 165 18 68 0.015625
18 35 166 18 68 0.015625
18 35 170 18 68 0.015625
18 35 185 18 70 0.015625
18 35 186 18 70 0.015625
18 35 187 18 70 0.015625
18 35 188 18 70 0.015625
18 35 192 18 73 0.015625
18 35 193 18 73 0.015625
18 35 194 18 73 0.015625
18 35 199 18 75 0.015625
18 35 203 18 79 0.015625
18 35 205 18 79 0.015625
18 35 206 18 79 0.015625
18 35 207 18 79 0.015625
18 35 208 18 79 0.015625
18 35 209 18 79 0.015625
18 35 210 18 79 0.015625
18 35 211 18 79 0.015625
18 35 212 18 79 0.015625
21 7 8 21 0 0.015625
21 7 10 21 0 0.015625
21 7 11 21 0 0.015625
21 7 14 21 4 0.015625
21 7 16 21 4 0.015625
21 7 17 21 4 0.015625
21 7 18 21 4 0.015625
21 7 19 21 4 0.015625
21 7 21 21 6 0.015625
21 7 30 21 10 0.015625
21 7 31 21 10 0.015625
21 7 33 21 14 0.015625
21 7 34 21 14 0.015625
21 7 35 21 14 0.015625
21 7 36 21 14 0.015625
21 7 37 21 14 0.015625
21 7 38 21 14 0.015625
21 7 44 21 17 0.015625
21 7 45 21 17 0.015625
21 7 48 21 18 0.015625
21 7 55 21 19 0.015625
21 7 56 21 19 0.015625
21 7 57 21 19 0.015625
21 7 58 21 19 0.015625
21 7 59 21 19 0.015625
21 7 60 21 19 0.015625
21 7 62 21 19 0.015625
21 7 80 21 23 0.015625
21 7 84 21 26 0.015625
21 7 85 21 26 0.015625
21 7 89 21 27 0.015625
21 7 90 21 27 0.015625
21 7 92 21 27 0.015625
21 7 93 21 27 0.015625
21 7 94 21 27 0.015625
21 7 96 21 27 0.015625
21 7 101 21 28 0.015625
21 7 103 21 28 0.015625
21 7 108 21 31 0.015625
21 7 141 21 41 0.015625
21 7 143 21 41 0.015625
21 7 144 21 41 0.015625
21 7 145 21 41 0.015625
21 7 146 21 41 0.015625
21 7 148 21 44 0.015625
21 7 150 21 44 0.015625
21 7 154 21 44 0.015625
21 7 157 21 49 0.015625
21 7 158 21 49 0.015625
21 7 159 21 49 0.015625
21 7 160 21 49 0.015625
21 7 161 21 49 0.015625
21 7 163 21 49 0.015625
21 7 165 21 57 0.015625
21 7 166 21 57 0.015625
21 7 175 21 60 0.015625
21 7 177 21 60 0.015625
21 7 178 21 60 0.015625
21 7 182 21 63 0.015625
21 7 186 21 66 0.015625
21 7 189 21 66 0.015625
21 7 190 21 66 0.015625
21 7 192 21 67 0.015625
21 7 197 21 69 0.015625
21 24 14 21 4 0.015625
21 24 16 21 4 0.015625
21 24 18 21 4 0.015625
21 24 19 21 4 0.015625
21 24 23 21 6 0.015625
21 24 24 21 6 0.015625
21 24 25 21 6 0.015625
21 24 31 21 10 0.015625
21 24 35 21 14 0.015625
21 24 36 21 14 0.015625
21 24 37 21 14 0.015625
21 24 38 21 14 0.015625
21 24 39 21 14 0.015625
21 24 40 21 14 0.015625
21 24 41 21 14 0.015625
21 24 42 21 14 0.015625
21 24 46 21 17 0.015625
21 24 51 21 18 0.015625
21 24 53 21 18 0.015625
21 24 59 21 19 0.015625
21 24 60 21 19 0.015625
21 24 61 21 19 0.015625
21 24 62 21 19 0.015625
21 24 63 21 19 0.015625
21 24 64 21 19 0.015625
21 24 65 21 19 0.015625
21 24 66 21 19 0.015625
21 24 67 21 19 0.015625
21 24 73 21 20 0.015625
21 24 77 21 23 0.015625
21 24 80 21 26 0.015625
21 24 83 21 26 0.015625
21 24 87 21 27 0.015625
21 24 88 21 27 0.015625
21 24 92 21 27 0.015625
21 24 93 21 27 0.015625
21 24 95 21 27 0.015625
21 24 97 21 28 0.015625
21 24 100 21 28 0.015625
21 24 101 21 28 0.015625
21 24 108 21 31 0.015625
21 24 130 21 36 0.015625
21 24 135 21 36 0.015625
21 24 136 21 36 0.015625
21 24 137 21 41 0.015625
21 24 138 21 41 0.015625
21 24 143 21 41 0.015625
21 24 144 21 41 0.015625
21 24 148 21 44 0.015625
21 24 150 21 44 0.015625
21 24 153 21 44 0.015625
21 24 160 21 49 0.015625
21 24 168 21 57 0.015625
21 24 171 21 57 0.015625
21 24 182 21 60 0.015625
21 24 183 21 63 0.015625
21 24 197 21 66 0.015625
21 24 198 21 66 0.015625
21 24 199 21 66 0.015625
21 24 201 21 67 0.015625
21 24 204 21 67 0.015625
21 24 205 21 67 0.015625
21 24 212 21 69 0.015625
21 24 213 21 69 0.015625
21 32 16 21 0 0.015625
21 32 17 21 0 0.015625
21 32 24 21 4 0.015625
21 32 25 21 4 0.015625
21 32 27 21 6 0.015625
21 32 30 21 6 0.015625
21 32 32 21 6 0.015625
21 32 33 21 6 0.015625
21 32 34 21 6 0.015625
21 32 45 21 14 0.015625
21 32 47 21 14 0.015625
21 32 48 21 14 0.015625
21 32 49 21 14 0.015625
21 32 50 21 14 0.015625
21 32 51 21 14 0.015625
21 32 52 21 14 0.015625
21 32 55 21 17 0.015625
21 32 66 21 18 0.015625
21 32 68 21 18 0.015625
21 32 70 21 18 0.015625
21 32 73 21 19 0.015625
21 32 74 21 19 0.015625
21 32 76 21 19 0.015625
21 32 77 21 19 0.015625
21 32 80 21 19 0.015625
21 32 81 21 19 0.015625
21 32 84 21 20 0.015625
21 32 87 21 20 0.015625
21 32 88 21 20 0.015625
21 32 89 21 20 0.015625
21 32 100 21 26 0.015625
21 32 103 21 27 0.015625
21 32 106 21 27 0.015625
21 32 107 21 27 0.015625
21 32 112 21 27 0.015625
21 32 125 21 28 0.015625
21 32 158 21 35 0.015625
21 32 166 21 36 0.015625
21 32 169 21 36 0.015625
21 32 171 21 41 0.015625
21 32 175 21 41 0.015625
21 32 177 21 41 0.015625
21 32 178 21 41 0.015625
21 32 179 21 41 0.015625
21 32 180 21 41 0.015625
21 32 182 21 44 0.015625
21 32 201 21 57 0.015625
21 32 206 21 57 0.015625
21 32 207 21 57 0.015625
21 32 213 21 60 0.015625
21 32 216 21 63 0.015625
21 32 221 21 63 0.015625
21 32 225 21 66 0.015625
21 32 228 21 66 0.015625
21 32 230 21 66 0.015625
21 32 233 21 67 0.015625
21 32 235 21 67 0.015625
21 32 236 21 67 0.015625
21 32 237 21 67 0.015625
21 32 238 21 69 0.015625
21 32 241 21 69 0.015625
21 32 242 21 69 0.015625
21 32 244 21 69 0.015625
21 32 245 21 69 0.015625
21 35 16 21 4 0.015625
21 35 23 21 4 0.015625
21 35 34 21 10 0.015625
21 35 41 21 14 0.015625
21 35 42 21 14 0.015625
21 35 43 21 14 0.015625
21 35 44 21 14 0.015625
21 35 45 21 14 0.015625
21 35 46 21 14 0.015625
21 35 47 21 14 0.015625
21 35 48 21 17 0.015625
21 35 51 21 17 0.015625
21 35 52 21 17 0.015625
21 35 54 21 17 0.015625
21 35 59 21 18 0.015625
21 35 65 21 19 0.015625
21 35 66 21 19 0.015625
21 35 67 21 19 0.015625
21 35 68 21 19 0.015625
21 35 70 21 19 0.015625
21 35 71 21 19 0.015625
21 35 73 21 19 0.015625
21 35 74 21 19 0.015625
21 35 75 21 19 0.015625
21 35 76 21 19 0.015625
21 35 82 21 20 0.015625
21 35 84 21 20 0.015625
21 35 85 21 20 0.015625
21 35 102 21 27 0.015625
21 35 106 21 27 0.015625
21 35 107 21 27 0.015625
21 35 108 21 27 0.015625
21 35 116 21 28 0.015625
21 35 120 21 28 0.015625
21 35 128 21 31 0.015625
21 35 132 21 32 0.015625
21 35 169 21 36 0.015625
21 35 171 21 36 0.015625
21 35 174 21 41 0.015625
21 35 177 21 41 0.015625
21 35 178 21 41 0.015625
21 35 179 21 41 0.015625
21 35 180 21 41 0.015625
21 35 181 21 41 0.015625
21 35 183 21 44 0.015625
21 35 185 21 44 0.015625
21 35 186 21 44 0.015625
21 35 187 21 44 0.015625
21 35 188 21 44 0.015625
21 35 189 21 44 0.015625
21 35 190 21 49 0.015625
21 35 191 21 49 0.015625
21 35 195 21 49 0.015625
21 35 198 21 49 0.015625
21 35 203 21 57 0.015625
21 35 209 21 60 0.015625
21 35 211 21 60 0.015625
21 35 212 21 60 0.015625
21 35 214 21 60 0.015625
21 35 218 21 63 0.015625
21 35 220 21 63 0.015625
21 35 221 21 63 0.015625
21 35 222 21 66 0.015625
21 35 226 21 66 0.015625
27 7 10 27 6 0.015625
27 7 12 27 6 0.015625
27 7 13 27 6 0.015625
27 7 24 27 7 0.015625
27 7 54 27 16 0.015625
27 7 74 27 21 0.015625
27 7 76 27 21 0.015625
27 7 81 27 21 0.015625
27 7 82 27 22 0.015625
27 7 85 27 22 0.015625
27 7 87 27 22 0.015625
27 7 95 27 28 0.015625
27 7 99 27 28 0.015625
27 7 100 27 28 0.015625
27 7 101 27 28 0.015625
27 7 102 27 28 0.015625
27 7 103 27 28 0.015625
27 7 105 27 30 0.015625
27 7 108 27 30 0.015625
27 7 109 27 30 0.015625
27 7 110 27 30 0.015625
27 7 111 27 30 0.015625
27 7 112 27 30 0.015625
27 7 113 27 30 0.015625
27 7 116 27 31 0.015625
27 7 137 27 43 0.015625
27 7 140 27 44 0.015625
27 7 142 27 44 0.015625
27 7 143 27 44 0.015625
27 7 144 27 44 0.015625
27 7 145 27 44 0.015625
27 7 146 27 44 0.015625
27 7 147 27 44 0.015625
27 7 148 27 44 0.015625
27 7 158 27 46 0.015625
27 7 162 27 46 0.015625
27 7 163 27 46 0.015625
27 7 164 27 46 0.015625
27 7 165 27 46 0.015625
27 7 166 27 46 0.015625
27 7 170 27 47 0.015625
27 7 171 27 47 0.015625
27 7 172 27 47 0.015625
27 7 173 27 47 0.015625
27 7 174 27 47 0.015625
27 7 177 27 48 0.015625
27 7 180 27 48 0.015625
27 7 189 27 51 0.015625
27 7 201 27 64 0.015625
27 7 205 27 64 0.015625
27 7 207 27 64 0.015625
27 7 211 27 71 0.015625
27 7 212 27 71 0.015625
27 7 214 27 71 0.015625
27 7 216 27 71 0.015625
27 7 225 27 73 0.015625
27 7 230 27 75 0.015625
27 7 233 27 75 0.015625
27 7 234 27 75 0.015625
27 7 242 27 78 0.015625
27 7 244 27 78 0.015625
27 7 247 27 78 0.015625
27 7 248 27 78 0.015625
27 7 249 27 78 0.015625
27 24 27 27 11 0.015625
27 24 28 27 11 0.015625
27 24 30 27 11 0.015625
27 24 31 27 11 0.015625
27 24 34 27 16 0.015625
27 24 43 27 20 0.015625
27 24 47 27 21 0.015625
27 24 52 27 22 0.015625
27 24 63 27 23 0.015625
27 24 65 27 28 0.015625
27 24 68 27 28 0.015625
27 24 69 27 28 0.015625
27 24 74 27 30 0.015625
27 24 76 27 30 0.015625
27 24 77 27 30 0.015625
27 24 78 27 30 0.015625
27 24 83 27 31 0.015625
27 24 94 27 43 0.015625
27 24 96 27 43 0.015625
27 24 98 27 43 0.015625
27 24 101 27 43 0.015625
27 24 102 27 43 0.015625
27 24 103 27 44 0.015625
27 24 105 27 44 0.015625
27 24 106 27 44 0.015625
27 24 107 27 44 0.015625
27 24 108 27 44 0.015625
27 24 109 27 44 0.015625
27 24 110 27 44 0.015625
27 24 111 27 44 0.015625
27 24 112 27 44 0.015625
27 24 113 27 45 0.015625
27 24 124 27 46 0.015625
27 24 125 27 46 0.015625
27 24 126 27 46 0.015625
27 24 127 27 46 0.015625
27 24 128 27 46 0.015625
27 24 129 27 46 0.015625
27 24 130 27 46 0.015625
27 24 131 27 46 0.015625
27 24 132 27 46 0.015625
27 24 133 27 47 0.015625
27 24 136 27 47 0.015625
27 24 141 27 47 0.015625
27 24 145 27 48 0.015625
27 24 147 27 48 0.015625
27 24 167 27 64 0.015625
27 24 170 27 64 0.015625
27 24 171 27 64 0.015625
27 24 172 27 64 0.015625
27 24 173 27 71 0.015625
27 24 174 27 71 0.015625
27 24 177 27 73 0.015625
27 24 178 27 73 0.015625
27 24 185 27 73 0.015625
27 24 189 27 75 0.015625
27 24 190 27 75 0.015625
27 24 191 27 75 0.015625
27 24 194 27 76 0.015625
27 24 196 27 76 0.015625
27 24 197 27 76 0.015625
27 24 199 27 76 0.015625
27 24 200 27 78 0.015625
27 24 202 27 78 0.015625
27 32 21 27 6 0.015625
27 32 31 27 11 0.015625
27 32 33 27 11 0.015625
27 32 34 27 11 0.015625
27 32 35 27 11 0.015625
27 32 36 27 11 0.015625
27 32 37 27 11 0.015625
27 32 38 27 11 0.015625
27 32 39 27 16 0.015625
27 32 41 27 16 0.015625
27 32 42 27 16 0.015625
27 32 45 27 20 0.015625
27 32 50 27 20 0.015625
27 32 51 27 20 0.015625
27 32 52 27 20 0.015625
27 32 56 27 21 0.015625
27 32 61 27 21 0.015625
27 32 64 27 22 0.015625
27 32 68 27 22 0.015625
27 32 87 27 28 0.015625
27 32 91 27 30 0.015625
27 32 92 27 30 0.015625
27 32 94 27 30 0.015625
27 32 95 27 30 0.015625
27 32 96 27 30 0.015625
27 32 129 27 43 0.015625
27 32 131 27 43 0.015625
27 32 134 27 43 0.015625
27 32 136 27 44 0.015625
27 32 140 27 44 0.015625
27 32 141 27 44 0.015625
27 32 142 27 44 0.015625
27 32 143 27 44 0.015625
27 32 144 27 44 0.015625
27 32 145 27 45 0.015625
27 32 149 27 45 0.015625
27 32 150 27 45 0.015625
27 32 151 27 45 0.015625
27 32 153 27 46 0.015625
27 32 154 27 46 0.015625
27 32 158 27 46 0.015625
27 32 159 27 46 0.015625
27 32 160 27 46 0.015625
27 32 161 27 46 0.015625
27 32 162 27 47 0.015625
27 32 172 27 47 0.015625
27 32 173 27 48 0.015625
27 32 175 27 48 0.015625
27 32 177 27 48 0.015625
27 32 178 27 48 0.015625
27 32 179 27 48 0.015625
27 32 183 27 51 0.015625
27 32 195 27 64 0.015625
27 32 196 27 64 0.015625
27 32 200 27 64 0.015625
27 32 207 27 71 0.015625
27 32 208 27 71 0.015625
27 32 209 27 71 0.015625
27 32 214 27 73 0.015625
27 32 215 27 73 0.015625
27 32 216 27 73 0.015625
27 32 220 27 75 0.015625
27 32 222 27 76 0.015625
27 32 235 27 78 0.015625
27 35 31 27 11 0.015625
27 35 35 27 11 0.015625
27 35 39 27 16 0.015625
27 35 51 27 20 0.015625
27 35 53 27 20 0.015625
27 35 54 27 20 0.015625
27 35 57 27 21 0.015625
27 35 61 27 22 0.015625
27 35 62 27 22 0.015625
27 35 64 27 22 0.015625
27 35 65 27 22 0.015625
27 35 78 27 28 0.015625
27 35 79 27 28 0.015625
27 35 80 27 28 0.015625
27 35 81 27 28 0.015625
27 35 82 27 28 0.015625
27 35 85 27 30 0.015625
27 35 95 27 31 0.015625
27 35 107 27 43 0.015625
27 35 109 27 43 0.015625
27 35 114 27 43 0.015625
27 35 115 27 43 0.015625
27 35 116 27 43 0.015625
27 35 118 27 44 0.015625
27 35 119 27 44 0.015625
27 35 120 27 44 0.015625
27 35 121 27 44 0.015625
27 35 122 27 44 0.015625
27 35 123 27 44 0.015625
27 35 125 27 45 0.015625
27 35 126 27 45 0.015625
27 35 127 27 45 0.015625
27 35 129 27 45 0.015625
27 35 131 27 46 0.015625
27 35 132 27 46 0.015625
27 35 133 27 46 0.015625
27 35 137 27 46 0.015625
27 35 138 27 46 0.015625
27 35 139 27 46 0.015625
27 35 140 27 46 0.015625
27 35 141 27 46 0.015625
27 35 145 27 47 0.015625
27 35 149 27 47 0.015625
27 35 151 27 48 0.015625
27 35 152 27 48 0.015625
27 35 156 27 48 0.015625
27 35 158 27 48 0.015625
27 35 159 27 51 0.015625
27 35 160 27 51 0.015625
27 35 169 27 59 0.015625
27 35 172 27 64 0.015625
27 35 176 27 64 0.015625
27 35 180 27 64 0.015625
27 35 182 27 71 0.015625
27 35 184 27 71 0.015625
27 35 185 27 71 0.015625
27 35 187 27 73 0.015625
27 35 189 27 73 0.015625
27 35 190 27 73 0.015625
27 35 191 27 73 0.015625
27 35 196 27 75 0.015625
27 35 202 27 76 0.015625
27 35 204 27 76 0.015625
27 35 212 27 78 0.015625
31 7 14 31 4 0.015625
31 7 16 31 4 0.015625
31 7 18 31 4 0.015625
31 7 19 31 4 0.015625
31 7 20 31 4 0.015625
31 7 21 31 4 0.015625
31 7 25 31 9 0.015625
31 7 27 31 9 0.015625
31 7 28 31 9 0.015625
31 7 32 31 12 0.015625
31 7 41 31 17 0.015625
31 7 42 31 17 0.015625
31 7 43 31 17 0.015625
31 7 44 31 17 0.015625
31 7 46 31 21 0.015625
31 7 47 31 21 0.015625
31 7 67 31 27 0.015625
31 7 68 31 27 0.015625
31 7 70 31 27 0.015625
31 7 71 31 27 0.015625
31 7 72 31 27 0.015625
31 7 91 31 29 0.015625
31 7 92 31 29 0.015625
31 7 98 31 30 0.015625
31 7 99 31 30 0.015625
31 7 114 31 34 0.015625
31 7 116 31 34 0.015625
31 7 118 31 34 0.015625
31 7 120 31 34 0.015625
31 7 122 31 38 0.015625
31 7 123 31 38 0.015625
31 7 124 31 38 0.015625
31 7 125 31 38 0.015625
31 7 127 31 38 0.015625
31 7 128 31 38 0.015625
31 7 132 31 40 0.015625
31 7 139 31 41 0.015625
31 7 140 31 41 0.015625
31 7 142 31 41 0.015625
31 7 143 31 41 0.015625
31 7 144 31 41 0.015625
31 7 145 31 41 0.015625
31 7 148 31 47 0.015625
31 7 153 31 47 0.015625
31 7 164 31 55 0.015625
31 7 167 31 55 0.015625
31 7 168 31 55 0.015625
31 7 169 31 55 0.015625
31 7 171 31 56 0.015625
31 7 172 31 56 0.015625
31 7 173 31 56 0.015625
31 7 174 31 56 0.015625
31 7 175 31 56 0.015625
31 7 180 31 58 0.015625
31 7 194 31 66 0.015625
31 7 197 31 66 0.015625
31 7 198 31 66 0.015625
31 7 204 31 74 0.015625
31 7 205 31 74 0.015625
31 7 207 31 74 0.015625
31 7 209 31 79 0.015625
31 7 211 31 79 0.015625
31 7 214 31 79 0.015625
31 7 215 31 79 0.015625
31 24 12 31 4 0.015625
31 24 16 31 4 0.015625
31 24 17 31 4 0.015625
31 24 22 31 9 0.015625
31 24 29 31 12 0.015625
31 24 30 31 12 0.015625
31 24 32 31 12 0.015625
31 24 33 31 12 0.015625
31 24 34 31 17 0.015625
31 24 38 31 17 0.015625
31 24 39 31 17 0.015625
31 24 40 31 17 0.015625
31 24 44 31 21 0.015625
31 24 46 31 21 0.015625
31 24 80 31 27 0.015625
31 24 81 31 27 0.015625
31 24 90 31 28 0.015625
31 24 93 31 28 0.015625
31 24 99 31 29 0.015625
31 24 101 31 29 0.015625
31 24 102 31 29 0.015625
31 24 103 31 29 0.015625
31 24 104 31 29 0.015625
31 24 109 31 30 0.015625
31 24 110 31 30 0.015625
31 24 111 31 30 0.015625
31 24 122 31 34 0.015625
31 24 123 31 34 0.015625
31 24 124 31 34 0.015625
31 24 126 31 34 0.015625
31 24 127 31 34 0.015625
31 24 128 31 34 0.015625
31 24 130 31 38 0.015625
31 24 132 31 38 0.015625
31 24 137 31 38 0.015625
31 24 140 31 40 0.015625
31 24 144 31 40 0.015625
31 24 145 31 41 0.015625
31 24 146 31 41 0.015625
31 24 148 31 41 0.015625
31 24 150 31 41 0.015625
31 24 152 31 41 0.015625
31 24 155 31 41 0.015625
31 24 156 31 47 0.015625
31 24 159 31 47 0.015625
31 24 164 31 47 0.015625
31 24 168 31 52 0.015625
31 24 169 31 52 0.015625
31 24 171 31 55 0.015625
31 24 176 31 55 0.015625
31 24 190 31 56 0.015625
31 24 192 31 58 0.015625
31 24 196 31 58 0.015625
31 24 198 31 58 0.015625
31 24 199 31 60 0.015625
31 24 206 31 60 0.015625
31 24 210 31 66 0.015625
31 24 212 31 66 0.015625
31 24 213 31 66 0.015625
31 24 215 31 74 0.015625
31 24 222 31 74 0.015625
31 24 223 31 74 0.015625
31 24 224 31 74 0.015625
31 24 227 31 79 0.015625
31 32 20 31 4 0.015625
31 32 21 31 4 0.015625
31 32 22 31 4 0.015625
31 32 27 31 9 0.015625
31 32 31 31 9 0.015625
31 32 35 31 12 0.015625
31 32 36 31 12 0.015625
31 32 37 31 12 0.015625
31 32 38 31 12 0.015625
31 32 39 31 12 0.015625
31 32 40 31 12 0.015625
31 32 55 31 21 0.015625
31 32 56 31 21 0.015625
31 32 61 31 21 0.015625
31 32 80 31 27 0.015625
31 32 83 31 27 0.015625
31 32 89 31 27 0.015625
31 32 102 31 28 0.015625
31 32 112 31 29 0.015625
31 32 117 31 30 0.015625
31 32 120 31 30 0.015625
31 32 121 31 30 0.015625
31 32 155 31 34 0.015625
31 32 157 31 34 0.015625
31 32 158 31 38 0.015625
31 32 159 31 38 0.015625
31 32 161 31 38 0.015625
31 32 162 31 38 0.015625
31 32 163 31 38 0.015625
31 32 165 31 38 0.015625
31 32 169 31 40 0.015625
31 32 172 31 40 0.015625
31 32 174 31 40 0.015625
31 32 176 31 41 0.015625
31 32 177 31 41 0.015625
31 32 178 31 41 0.015625
31 32 179 31 41 0.015625
31 32 182 31 41 0.015625
31 32 183 31 41 0.015625
31 32 184 31 41 0.015625
31 32 185 31 41 0.015625
31 32 186 31 47 0.015625
31 32 187 31 47 0.015625
31 32 195 31 47 0.015625
31 32 196 31 47 0.015625
31 32 201 31 52 0.015625
31 32 202 31 52 0.015625
31 32 204 31 52 0.015625
31 32 213 31 55 0.015625
31 32 219 31 56 0.015625
31 32 224 31 58 0.015625
31 32 237 31 66 0.015625
31 32 242 31 66 0.015625
31 32 244 31 66 0.015625
31 32 248 31 74 0.015625
31 32 249 31 74 0.015625
31 32 250 31 74 0.015625
31 32 252 31 74 0.015625
31 32 253 31 74 0.015625
31 32 254 31 79 0.015625
31 32 255 31 79 0.015625
31 32 258 31 79 0.015625
31 32 259 31 79 0.015625
31 32 260 31 79 0.015625
31 35 21 31 4 0.015625
31 35 22 31 4 0.015625
31 35 25 31 4 0.015625
31 35 28 31 4 0.015625
31 35 29 31 4 0.015625
31 35 30 31 9 0.015625
31 35 31 31 9 0.015625
31 35 33 31 9 0.015625
31 35 34 31 9 0.015625
31 35 38 31 12 0.015625
31 35 42 31 12 0.015625
31 35 45 31 17 0.015625
31 35 50 31 17 0.015625
31 35 53 31 21 0.015625
31 35 54 31 21 0.015625
31 35 55 31 21 0.015625
31 35 73 31 27 0.015625
31 35 77 31 27 0.015625
31 35 78 31 27 0.015625
31 35 79 31 27 0.015625
31 35 98 31 29 0.015625
31 35 99 31 29 0.015625
31 35 100 31 29 0.015625
31 35 106 31 32 0.015625
31 35 115 31 34 0.015625
31 35 123 31 34 0.015625
31 35 124 31 34 0.015625
31 35 127 31 38 0.015625
31 35 128 31 38 0.015625
31 35 129 31 38 0.015625
31 35 130 31 38 0.015625
31 35 132 31 40 0.015625
31 35 134 31 40 0.015625
31 35 137 31 41 0.015625
31 35 138 31 41 0.015625
31 35 139 31 41 0.015625
31 35 140 31 41 0.015625
31 35 141 31 41 0.015625
31 35 142 31 41 0.015625
31 35 143 31 41 0.015625
31 35 144 31 41 0.015625
31 35 146 31 47 0.015625
31 35 148 31 47 0.015625
31 35 150 31 47 0.015625
31 35 152 31 47 0.015625
31 35 157 31 52 0.015625
31 35 160 31 52 0.015625
31 35 164 31 55 0.015625
31 35 165 31 55 0.015625
31 35 166 31 55 0.015625
31 35 167 31 55 0.015625
31 35 170 31 56 0.015625
31 35 171 31 56 0.015625
31 35 172 31 56 0.015625
31 35 174 31 56 0.015625
31 35 179 31 58 0.015625
31 35 189 31 66 0.015625
31 35 191 31 66 0.015625
31 35 197 31 74 0.015625
31 35 198 31 74 0.015625
31 35 200 31 74 0.015625
31 35 201 31 74 0.015625
31 35 205 31 79 0.015625
31 35 210 31 79 0.015625
33 7 9 33 3 0.015625
33 7 11 33 3 0.015625
33 7 15 33 3 0.015625
33 7 19 33 4 0.015625
33 7 21 33 4 0.015625
33 7 25 33 5 0.015625
33 7 26 33 5 0.015625
33 7 27 33 5 0.015625
33 7 28 33 5 0.015625
33 7 29 33 5 0.015625
33 7 30 33 5 0.015625
33 7 33 33 6 0.015625
33 7 40 33 8 0.015625
33 7 44 33 8 0.015625
33 7 45 33 8 0.015625
33 7 46 33 8 0.015625
33 7 47 33 8 0.015625
33 7 48 33 8 0.015625
33 7 53 33 10 0.015625
33 7 56 33 13 0.015625
33 7 58 33 13 0.015625
33 7 61 33 13 0.015625
33 7 64 33 15 0.015625
33 7 67 33 15 0.015625
33 7 68 33 15 0.015625
33 7 69 33 15 0.015625
33 7 70 33 15 0.015625
33 7 73 33 18 0.015625
33 7 81 33 25 0.015625
33 7 86 33 25 0.015625
33 7 88 33 25 0.015625
33 7 92 33 26 0.015625
33 7 93 33 26 0.015625
33 7 109 33 30 0.015625
33 7 110 33 30 0.015625
33 7 111 33 30 0.015625
33 7 112 33 30 0.015625
33 7 114 33 30 0.015625
33 7 123 33 43 0.015625
33 7 126 33 44 0.015625
33 7 127 33 44 0.015625
33 7 128 33 44 0.015625
33 7 132 33 44 0.015625
33 7 136 33 50 0.015625
33 7 139 33 50 0.015625
33 7 145 33 65 0.015625
33 7 147 33 65 0.015625
33 7 148 33 65 0.015625
33 7 151 33 69 0.015625
33 7 152 33 69 0.015625
33 7 154 33 69 0.015625
33 7 175 33 72 0.015625
33 7 177 33 72 0.015625
33 7 178 33 72 0.015625
33 7 179 33 72 0.015625
33 7 185 33 74 0.015625
33 7 186 33 74 0.015625
33 7 188 33 74 0.015625
33 7 215 33 79 0.015625
33 7 216 33 79 0.015625
33 7 217 33 79 0.015625
33 7 218 33 79 0.015625
33 7 220 33 79 0.015625
33 7 221 33 79 0.015625
33 24 12 33 3 0.015625
33 24 13 33 3 0.015625
33 24 15 33 3 0.015625
33 24 19 33 4 0.015625
33 24 21 33 4 0.015625
33 24 26 33 5 0.015625
33 24 28 33 5 0.015625
33 24 29 33 5 0.015625
33 24 32 33 5 0.015625
33 24 36 33 6 0.015625
33 24 37 33 6 0.015625
33 24 38 33 6 0.015625
33 24 40 33 6 0.015625
33 24 43 33 8 0.015625
33 24 44 33 8 0.015625
33 24 45 33 8 0.015625
33 24 47 33 8 0.015625
33 24 48 33 8 0.015625
33 24 61 33 13 0.015625
33 24 65 33 15 0.015625
33 24 69 33 15 0.015625
33 24 70 33 15 0.015625
33 24 71 33 15 0.015625
33 24 73 33 18 0.015625
33 24 75 33 18 0.015625
33 24 81 33 25 0.015625
33 24 83 33 25 0.015625
33 24 89 33 25 0.015625
33 24 91 33 26 0.015625
33 24 94 33 26 0.015625
33 24 96 33 28 0.015625
33 24 99 33 28 0.015625
33 24 100 33 28 0.015625
33 24 105 33 30 0.015625
33 24 107 33 30 0.015625
33 24 108 33 30 0.015625
33 24 109 33 30 0.015625
33 24 110 33 43 0.015625
33 24 119 33 44 0.015625
33 24 121 33 44 0.015625
33 24 127 33 44 0.015625
33 24 138 33 65 0.015625
33 24 143 33 65 0.015625
33 24 144 33 65 0.015625
33 24 145 33 69 0.015625
33 24 149 33 69 0.015625
33 24 150 33 69 0.015625
33 24 155 33 70 0.015625
33 24 161 33 71 0.015625
33 24 164 33 72 0.015625
33 24 174 33 74 0.015625
33 24 178 33 74 0.015625
33 24 181 33 74 0.015625
33 24 182 33 74 0.015625
33 24 183 33 74 0.015625
33 24 187 33 75 0.015625
33 24 188 33 75 0.015625
33 24 189 33 75 0.015625
33 24 193 33 77 0.015625
33 24 195 33 78 0.015625
33 24 196 33 78 0.015625
33 24 197 33 78 0.015625
33 24 199 33 78 0.015625
33 24 202 33 79 0.015625
33 32 10 33 3 0.015625
33 32 11 33 3 0.015625
33 32 16 33 3 0.015625
33 32 24 33 4 0.015625
33 32 27 33 5 0.015625
33 32 29 33 5 0.015625
33 32 31 33 5 0.015625
33 32 32 33 5 0.015625
33 32 35 33 5 0.015625
33 32 43 33 6 0.015625
33 32 45 33 8 0.015625
33 32 48 33 8 0.015625
33 32 51 33 8 0.015625
33 32 62 33 13 0.015625
33 32 64 33 13 0.015625
33 32 75 33 15 0.015625
33 32 76 33 15 0.015625
33 32 77 33 15 0.015625
33 32 79 33 18 0.015625
33 32 80 33 18 0.015625
33 32 81 33 18 0.015625
33 32 83 33 18 0.015625
33 32 84 33 18 0.015625
33 32 85 33 25 0.015625
33 32 89 33 25 0.015625
33 32 90 33 25 0.015625
33 32 93 33 25 0.015625
33 32 95 33 26 0.015625
33 32 98 33 26 0.015625
33 32 110 33 28 0.015625
33 32 114 33 30 0.015625
33 32 115 33 30 0.015625
33 32 118 33 30 0.015625
33 32 119 33 30 0.015625
33 32 120 33 43 0.015625
33 32 122 33 43 0.015625
33 32 125 33 43 0.015625
33 32 127 33 44 0.015625
33 32 135 33 44 0.015625
33 32 136 33 50 0.015625
33 32 137 33 50 0.015625
33 32 139 33 50 0.015625
33 32 146 33 65 0.015625
33 32 150 33 65 0.015625
33 32 161 33 70 0.015625
33 32 163 33 70 0.015625
33 32 164 33 70 0.015625
33 32 165 33 70 0.015625
33 32 173 33 71 0.015625
33 32 178 33 72 0.015625
33 32 186 33 74 0.015625
33 32 188 33 74 0.015625
33 32 189 33 74 0.015625
33 32 190 33 74 0.015625
33 32 192 33 74 0.015625
33 32 193 33 74 0.015625
33 32 195 33 75 0.015625
33 32 196 33 75 0.015625
33 32 210 33 78 0.015625
33 32 213 33 79 0.015625
33 32 214 33 79 0.015625
33 32 216 33 79 0.015625
33 32 217 33 79 0.015625
33 32 218 33 79 0.015625
33 35 9 33 3 0.015625
33 35 10 33 3 0.015625
33 35 12 33 3 0.015625
33 35 14 33 3 0.015625
33 35 23 33 4 0.015625
33 35 25 33 5 0.015625
33 35 28 33 5 0.015625
33 35 31 33 5 0.015625
33 35 32 33 5 0.015625
33 35 34 33 5 0.015625
33 35 35 33 6 0.015625
33 35 47 33 8 0.015625
33 35 49 33 8 0.015625
33 35 50 33 8 0.015625
33 35 51 33 10 0.015625
33 35 61 33 13 0.015625
33 35 64 33 15 0.015625
33 35 65 33 15 0.015625
33 35 68 33 15 0.015625
33 35 69 33 15 0.015625
33 35 70 33 15 0.015625
33 35 75 33 18 0.015625
33 35 83 33 25 0.015625
33 35 84 33 25 0.015625
33 35 85 33 25 0.015625
33 35 87 33 25 0.015625
33 35 88 33 25 0.015625
33 35 103 33 28 0.015625
33 35 110 33 30 0.015625
33 35 115 33 43 0.015625
33 35 121 33 43 0.015625
33 35 124 33 44 0.015625
33 35 125 33 44 0.015625
33 35 126 33 44 0.015625
33 35 127 33 44 0.015625
33 35 128 33 44 0.015625
33 35 129 33 44 0.015625
33 35 150 33 69 0.015625
33 35 151 33 69 0.015625
33 35 154 33 69 0.015625
33 35 158 33 70 0.015625
33 35 159 33 70 0.015625
33 35 160 33 70 0.015625
33 35 161 33 70 0.015625
33 35 162 33 71 0.015625
33 35 164 33 71 0.015625
33 35 165 33 71 0.015625
33 35 167 33 72 0.015625
33 35 169 33 72 0.015625
33 35 171 33 72 0.015625
33 35 172 33 74 0.015625
33 35 173 33 74 0.015625
33 35 174 33 74 0.015625
33 35 175 33 74 0.015625
33 35 176 33 74 0.015625
33 35 181 33 75 0.015625
33 35 207 33 79 0.015625
33 35 209 33 79 0.015625
33 35 210 33 79 0.015625
33 35 211 33 79 0.015625
33 35 212 33 79 0.015625
33 35 214 33 79 0.015625
33 35 215 33 79 0.015625
33 35 216 33 79 0.015625
37 7 10 37 0 0.015625
37 7 13 37 0 0.015625
37 7 21 37 5 0.015625
37 7 23 37 5 0.015625
37 7 24 37 5 0.015625
37 7 25 37 5 0.015625
37 7 26 37 5 0.015625
37 7 28 37 6 0.015625
37 7 30 37 6 0.015625
37 7 31 37 6 0.015625
37 7 32 37 6 0.015625
37 7 33 37 6 0.015625
37 7 34 37 6 0.015625
37 7 64 37 11 0.015625
37 7 68 37 11 0.015625
37 7 69 37 11 0.015625
37 7 76 37 12 0.015625
37 7 78 37 12 0.015625
37 7 82 37 14 0.015625
37 7 83 37 14 0.015625
37 7 84 37 14 0.015625
37 7 85 37 14 0.015625
37 7 86 37 14 0.015625
37 7 87 37 14 0.015625
37 7 92 37 20 0.015625
37 7 100 37 25 0.015625
37 7 103 37 25 0.015625
37 7 104 37 25 0.015625
37 7 105 37 25 0.015625
37 7 106 37 25 0.015625
37 7 107 37 25 0.015625
37 7 109 37 28 0.015625
37 7 111 37 28 0.015625
37 7 114 37 28 0.015625
37 7 115 37 28 0.015625
37 7 116 37 28 0.015625
37 7 117 37 28 0.015625
37 7 118 37 28 0.015625
37 7 121 37 35 0.015625
37 7 127 37 41 0.015625
37 7 128 37 41 0.015625
37 7 131 37 41 0.015625
37 7 132 37 41 0.015625
37 7 133 37 41 0.015625
37 7 134 37 41 0.015625
37 7 135 37 42 0.015625
37 7 153 37 50 0.015625
37 7 160 37 52 0.015625
37 7 162 37 52 0.015625
37 7 180 37 57 0.015625
37 7 185 37 58 0.015625
37 7 188 37 58 0.015625
37 7 189 37 58 0.015625
37 7 190 37 58 0.015625
37 7 198 37 60 0.015625
37 7 209 37 61 0.015625
37 7 212 37 61 0.015625
37 7 215 37 69 0.015625
37 7 217 37 69 0.015625
37 7 237 37 78 0.015625
37 7 238 37 78 0.015625
37 7 239 37 78 0.015625
37 7 243 37 78 0.015625
37 7 244 37 78 0.015625
37 24 22 37 5 0.015625
37 24 24 37 5 0.015625
37 24 25 37 5 0.015625
37 24 33 37 6 0.015625
37 24 34 37 6 0.015625
37 24 45 37 11 0.015625
37 24 46 37 11 0.015625
37 24 47 37 11 0.015625
37 24 48 37 11 0.015625
37 24 49 37 11 0.015625
37 24 51 37 12 0.015625
37 24 52 37 12 0.015625
37 24 53 37 12 0.015625
37 24 55 37 12 0.015625
37 24 56 37 12 0.015625
37 24 62 37 14 0.015625
37 24 66 37 20 0.015625
37 24 67 37 20 0.015625
37 24 69 37 20 0.015625
37 24 71 37 20 0.015625
37 24 72 37 25 0.015625
37 24 73 37 25 0.015625
37 24 74 37 25 0.015625
37 24 75 37 25 0.015625
37 24 76 37 25 0.015625
37 24 77 37 25 0.015625
37 24 78 37 25 0.015625
37 24 79 37 25 0.015625
37 24 80 37 25 0.015625
37 24 81 37 28 0.015625
37 24 84 37 28 0.015625
37 24 85 37 28 0.015625
37 24 87 37 28 0.015625
37 24 98 37 41 0.015625
37 24 111 37 42 0.015625
37 24 115 37 42 0.015625
37 24 116 37 45 0.015625
37 24 126 37 45 0.015625
37 24 128 37 50 0.015625
37 24 131 37 50 0.015625
37 24 135 37 50 0.015625
37 24 136 37 52 0.015625
37 24 137 37 52 0.015625
37 24 138 37 52 0.015625
37 24 139 37 52 0.015625
37 24 140 37 52 0.015625
37 24 142 37 54 0.015625
37 24 148 37 54 0.015625
37 24 149 37 57 0.015625
37 24 152 37 57 0.015625
37 24 157 37 58 0.015625
37 24 171 37 60 0.015625
37 24 173 37 61 0.015625
37 24 175 37 61 0.015625
37 24 177 37 61 0.015625
37 24 180 37 61 0.015625
37 24 181 37 69 0.015625
37 24 183 37 69 0.015625
37 24 184 37 69 0.015625
37 24 185 37 69 0.015625
37 24 186 37 69 0.015625
37 24 191 37 70 0.015625
37 24 194 37 70 0.015625
37 24 195 37 70 0.015625
37 32 8 37 0 0.015625
37 32 11 37 0 0.015625
37 32 12 37 0 0.015625
37 32 36 37 6 0.015625
37 32 40 37 7 0.015625
37 32 50 37 11 0.015625
37 32 51 37 11 0.015625
37 32 58 37 12 0.015625
37 32 67 37 14 0.015625
37 32 76 37 20 0.015625
37 32 79 37 25 0.015625
37 32 81 37 25 0.015625
37 32 82 37 25 0.015625
37 32 83 37 25 0.015625
37 32 84 37 25 0.015625
37 32 85 37 25 0.015625
37 32 86 37 25 0.015625
37 32 87 37 25 0.015625
37 32 88 37 28 0.015625
37 32 90 37 28 0.015625
37 32 91 37 28 0.015625
37 32 92 37 28 0.015625
37 32 93 37 28 0.015625
37 32 94 37 28 0.015625
37 32 95 37 28 0.015625
37 32 96 37 28 0.015625
37 32 97 37 28 0.015625
37 32 98 37 28 0.015625
37 32 99 37 35 0.015625
37 32 111 37 41 0.015625
37 32 119 37 42 0.015625
37 32 120 37 42 0.015625
37 32 121 37 42 0.015625
37 32 123 37 45 0.015625
37 32 131 37 50 0.015625
37 32 132 37 50 0.015625
37 32 134 37 50 0.015625
37 32 142 37 52 0.015625
37 32 145 37 54 0.015625
37 32 146 37 54 0.015625
37 32 148 37 54 0.015625
37 32 152 37 57 0.015625
37 32 156 37 57 0.015625
37 32 158 37 58 0.015625
37 32 159 37 58 0.015625
37 32 163 37 60 0.015625
37 32 168 37 60 0.015625
37 32 169 37 60 0.015625
37 32 171 37 61 0.015625
37 32 172 37 61 0.015625
37 32 173 37 61 0.015625
37 32 174 37 61 0.015625
37 32 176 37 69 0.015625
37 32 177 37 69 0.015625
37 32 179 37 69 0.015625
37 32 180 37 69 0.015625
37 32 182 37 69 0.015625
37 32 183 37 69 0.015625
37 32 185 37 70 0.015625
37 32 186 37 70 0.015625
37 32 187 37 70 0.015625
37 32 188 37 70 0.015625
37 32 189 37 70 0.015625
37 32 201 37 78 0.015625
37 35 29 37 5 0.015625
37 35 32 37 5 0.015625
37 35 50 37 7 0.015625
37 35 63 37 11 0.015625
37 35 64 37 11 0.015625
37 35 65 37 11 0.015625
37 35 67 37 12 0.015625
37 35 71 37 12 0.015625
37 35 72 37 12 0.015625
37 35 83 37 20 0.015625
37 35 90 37 20 0.015625
37 35 91 37 20 0.015625
37 35 92 37 25 0.015625
37 35 94 37 25 0.015625
37 35 95 37 25 0.015625
37 35 97 37 25 0.015625
37 35 98 37 25 0.015625
37 35 99 37 25 0.015625
37 35 101 37 28 0.015625
37 35 102 37 28 0.015625
37 35 103 37 28 0.015625
37 35 106 37 28 0.015625
37 35 107 37 28 0.015625
37 35 108 37 28 0.015625
37 35 109 37 28 0.015625
37 35 151 37 42 0.015625
37 35 156 37 45 0.015625
37 35 157 37 45 0.015625
37 35 158 37 45 0.015625
37 35 159 37 45 0.015625
37 35 160 37 45 0.015625
37 35 161 37 50 0.015625
37 35 169 37 52 0.015625
37 35 170 37 52 0.015625
37 35 174 37 52 0.015625
37 35 175 37 52 0.015625
37 35 176 37 52 0.015625
37 35 179 37 54 0.015625
37 35 181 37 54 0.015625
37 35 184 37 54 0.015625
37 35 185 37 54 0.015625
37 35 193 37 57 0.015625
37 35 202 37 58 0.015625
37 35 203 37 60 0.015625
37 35 204 37 60 0.015625
37 35 205 37 60 0.015625
37 35 208 37 60 0.015625
37 35 210 37 61 0.015625
37 35 216 37 61 0.015625
37 35 217 37 61 0.015625
37 35 218 37 69 0.015625
37 35 220 37 69 0.015625
37 35 222 37 69 0.015625
37 35 223 37 69 0.015625
37 35 225 37 69 0.015625
37 35 226 37 69 0.015625
37 35 229 37 70 0.015625
37 35 230 37 70 0.015625
37 35 232 37 70 0.015625
37 35 233 37 75 0.015625
37 35 234 37 75 0.015625
37 35 236 37 75 0.015625
37 35 239 37 75 0.015625
37 35 240 37 75 0.015625
40 7 9 40 0 0.015625
40 7 11 40 0 0.015625
40 7 12 40 0 0.015625
40 7 28 40 5 0.015625
40 7 29 40 5 0.015625
40 7 30 40 5 0.015625
40 7 31 40 5 0.015625
40 7 32 40 5 0.015625
40 7 33 40 5 0.015625
40 7 36 40 6 0.015625
40 7 37 40 6 0.015625
40 7 39 40 6 0.015625
40 7 45 40 9 0.015625
40 7 46 40 9 0.015625
40 7 48 40 9 0.015625
40 7 49 40 9 0.015625
40 7 53 40 10 0.015625
40 7 66 40 14 0.015625
40 7 67 40 14 0.015625
40 7 68 40 14 0.015625
40 7 69 40 14 0.015625
40 7 70 40 14 0.015625
40 7 71 40 14 0.015625
40 7 77 40 28 0.015625
40 7 79 40 28 0.015625
40 7 85 40 29 0.015625
40 7 86 40 29 0.015625
40 7 87 40 29 0.015625
40 7 88 40 29 0.015625
40 7 89 40 29 0.015625
40 7 90 40 29 0.015625
40 7 95 40 30 0.015625
40 7 96 40 30 0.015625
40 7 97 40 30 0.015625
40 7 98 40 30 0.015625
40 7 100 40 30 0.015625
40 7 103 40 31 0.015625
40 7 110 40 34 0.015625
40 7 112 40 34 0.015625
40 7 113 40 34 0.015625
40 7 114 40 34 0.015625
40 7 116 40 34 0.015625
40 7 132 40 42 0.015625
40 7 133 40 42 0.015625
40 7 140 40 48 0.015625
40 7 141 40 48 0.015625
40 7 142 40 48 0.015625
40 7 145 40 48 0.015625
40 7 146 40 48 0.015625
40 7 147 40 48 0.015625
40 7 149 40 49 0.015625
40 7 150 40 49 0.015625
40 7 152 40 49 0.015625
40 7 155 40 49 0.015625
40 7 158 40 52 0.015625
40 7 169 40 53 0.015625
40 7 179 40 60 0.015625
40 7 180 40 60 0.015625
40 7 184 40 63 0.015625
40 7 188 40 64 0.015625
40 7 192 40 64 0.015625
40 7 193 40 64 0.015625
40 7 194 40 64 0.015625
40 7 198 40 77 0.015625
40 24 29 40 5 0.015625
40 24 31 40 5 0.015625
40 24 32 40 5 0.015625
40 24 33 40 5 0.015625
40 24 35 40 5 0.015625
40 24 39 40 6 0.015625
40 24 40 40 6 0.015625
40 24 41 40 6 0.015625
40 24 43 40 6 0.015625
40 24 47 40 9 0.015625
40 24 50 40 9 0.015625
40 24 59 40 11 0.015625
40 24 60 40 11 0.015625
40 24 62 40 11 0.015625
40 24 63 40 11 0.015625
40 24 65 40 14 0.015625
40 24 66 40 14 0.015625
40 24 67 40 14 0.015625
40 24 68 40 14 0.015625
40 24 69 40 14 0.015625
40 24 70 40 14 0.015625
40 24 71 40 14 0.015625
40 24 72 40 14 0.015625
40 24 73 40 28 0.015625
40 24 76 40 28 0.015625
40 24 77 40 28 0.015625
40 24 82 40 29 0.015625
40 24 83 40 29 0.015625
40 24 84 40 29 0.015625
40 24 85 40 29 0.015625
40 24 86 40 29 0.015625
40 24 87 40 29 0.015625
40 24 90 40 30 0.015625
40 24 92 40 30 0.015625
40 24 93 40 30 0.015625
40 24 94 40 30 0.015625
40 24 99 40 31 0.015625
40 24 102 40 34 0.015625
40 24 103 40 34 0.015625
40 24 105 40 34 0.015625
40 24 106 40 34 0.015625
40 24 119 40 39 0.015625
40 24 129 40 42 0.015625
40 24 133 40 42 0.015625
40 24 135 40 48 0.015625
40 24 136 40 48 0.015625
40 24 137 40 48 0.015625
40 24 138 40 48 0.015625
40 24 139 40 48 0.015625
40 24 140 40 48 0.015625
40 24 145 40 49 0.015625
40 24 155 40 52 0.015625
40 24 156 40 52 0.015625
40 24 157 40 52 0.015625
40 24 173 40 60 0.015625
40 24 186 40 64 0.015625
40 24 187 40 64 0.015625
40 24 189 40 64 0.015625
40 24 190 40 64 0.015625
40 24 191 40 64 0.015625
40 24 194 40 77 0.015625
40 24 195 40 77 0.015625
40 24 197 40 78 0.015625
40 24 199 40 78 0.015625
40 32 9 40 0 0.015625
40 32 12 40 0 0.015625
40 32 13 40 0 0.015625
40 32 15 40 1 0.015625
40 32 17 40 1 0.015625
40 32 18 40 1 0.015625
40 32 28 40 5 0.015625
40 32 30 40 5 0.015625
40 32 31 40 5 0.015625
40 32 32 40 5 0.015625
40 32 33 40 5 0.015625
40 32 34 40 5 0.015625
40 32 35 40 5 0.015625
40 32 36 40 5 0.015625
40 32 40 40 6 0.015625
40 32 44 40 6 0.015625
40 32 48 40 9 0.015625
40 32 49 40 9 0.015625
40 32 54 40 9 0.015625
40 32 68 40 11 0.015625
40 32 73 40 14 0.015625
40 32 74 40 14 0.015625
40 32 75 40 14 0.015625
40 32 76 40 14 0.015625
40 32 77 40 14 0.015625
40 32 78 40 14 0.015625
40 32 79 40 14 0.015625
40 32 80 40 14 0.015625
40 32 91 40 28 0.015625
40 32 92 40 29 0.015625
40 32 96 40 29 0.015625
40 32 97 40 29 0.015625
40 32 98 40 29 0.015625
40 32 99 40 29 0.015625
40 32 100 40 29 0.015625
40 32 101 40 29 0.015625
40 32 106 40 30 0.015625
40 32 109 40 30 0.015625
40 32 110 40 30 0.015625
40 32 118 40 34 0.015625
40 32 124 40 34 0.015625
40 32 125 40 34 0.015625
40 32 126 40 34 0.015625
40 32 142 40 39 0.015625
40 32 146 40 42 0.015625
40 32 147 40 42 0.015625
40 32 148 40 42 0.015625
40 32 150 40 48 0.015625
40 32 152 40 48 0.015625
40 32 153 40 48 0.015625
40 32 154 40 48 0.015625
40 32 155 40 48 0.015625
40 32 156 40 48 0.015625
40 32 172 40 52 0.015625
40 32 184 40 60 0.015625
40 32 189 40 60 0.015625
40 32 190 40 60 0.015625
40 32 192 40 63 0.015625
40 32 197 40 63 0.015625
40 32 201 40 64 0.015625
40 32 205 40 64 0.015625
40 32 208 40 77 0.015625
40 32 210 40 77 0.015625
40 32 218 40 78 0.015625
40 35 15 40 1 0.015625
40 35 16 40 1 0.015625
40 35 17 40 1 0.015625
40 35 19 40 1 0.015625
40 35 20 40 1 0.015625
40 35 32 40 5 0.015625
40 35 34 40 5 0.015625
40 35 35 40 5 0.015625
40 35 36 40 5 0.015625
40 35 37 40 5 0.015625
40 35 39 40 5 0.015625
40 35 40 40 5 0.015625
40 35 41 40 5 0.015625
40 35 42 40 6 0.015625
40 35 45 40 6 0.015625
40 35 51 40 9 0.015625
40 35 52 40 9 0.015625
40 35 54 40 9 0.015625
40 35 55 40 9 0.015625
40 35 66 40 11 0.015625
40 35 70 40 11 0.015625
40 35 73 40 14 0.015625
40 35 74 40 14 0.015625
40 35 75 40 14 0.015625
40 35 76 40 14 0.015625
40 35 78 40 14 0.015625
40 35 79 40 14 0.015625
40 35 80 40 14 0.015625
40 35 86 40 28 0.015625
40 35 92 40 29 0.015625
40 35 93 40 29 0.015625
40 35 95 40 29 0.015625
40 35 97 40 29 0.015625
40 35 98 40 29 0.015625
40 35 99 40 29 0.015625
40 35 102 40 30 0.015625
40 35 117 40 34 0.015625
40 35 126 40 34 0.015625
40 35 155 40 39 0.015625
40 35 156 40 39 0.015625
40 35 157 40 39 0.015625
40 35 159 40 39 0.015625
40 35 160 40 39 0.015625
40 35 165 40 42 0.015625
40 35 170 40 48 0.015625
40 35 171 40 48 0.015625
40 35 172 40 48 0.015625
40 35 173 40 48 0.015625
40 35 175 40 48 0.015625
40 35 178 40 48 0.015625
40 35 180 40 49 0.015625
40 35 189 40 52 0.015625
40 35 193 40 52 0.015625
40 35 196 40 52 0.015625
40 35 203 40 53 0.015625
40 35 206 40 60 0.015625
40 35 207 40 60 0.015625
40 35 208 40 60 0.015625
40 35 209 40 60 0.015625
40 35 211 40 60 0.015625
40 35 215 40 63 0.015625
40 35 218 40 63 0.015625
40 35 219 40 64 0.015625
40 35 223 40 64 0.015625
47 7 14 47 3 0.015625
47 7 16 47 3 0.015625
47 7 20 47 3 0.015625
47 7 22 47 4 0.015625
47 7 24 47 4 0.015625
47 7 26 47 4 0.015625
47 7 27 47 4 0.015625
47 7 28 47 4 0.015625
47 7 29 47 4 0.015625
47 7 32 47 12 0.015625
47 7 34 47 12 0.015625
47 7 36 47 12 0.015625
47 7 38 47 12 0.015625
47 7 39 47 13 0.015625
47 7 46 47 22 0.015625
47 7 49 47 22 0.015625
47 7 51 47 22 0.015625
47 7 59 47 27 0.015625
47 7 60 47 27 0.015625
47 7 62 47 27 0.015625
47 7 63 47 27 0.015625
47 7 64 47 27 0.015625
47 7 73 47 29 0.015625
47 7 74 47 29 0.015625
47 7 78 47 31 0.015625
47 7 79 47 31 0.015625
47 7 82 47 31 0.015625
47 7 98 47 36 0.015625
47 7 100 47 36 0.015625
47 7 102 47 43 0.015625
47 7 108 47 43 0.015625
47 7 119 47 45 0.015625
47 7 120 47 46 0.015625
47 7 121 47 46 0.015625
47 7 124 47 46 0.015625
47 7 125 47 46 0.015625
47 7 126 47 46 0.015625
47 7 127 47 46 0.015625
47 7 128 47 46 0.015625
47 7 129 47 49 0.015625
47 7 130 47 49 0.015625
47 7 131 47 49 0.015625
47 7 132 47 49 0.015625
47 7 133 47 49 0.015625
47 7 135 47 49 0.015625
47 7 137 47 50 0.015625
47 7 140 47 50 0.015625
47 7 148 47 51 0.015625
47 7 161 47 54 0.015625
47 7 171 47 58 0.015625
47 7 177 47 59 0.015625
47 7 186 47 65 0.015625
47 7 188 47 65 0.015625
47 7 189 47 65 0.015625
47 7 191 47 68 0.015625
47 7 193 47 68 0.015625
47 7 194 47 68 0.015625
47 7 196 47 68 0.015625
47 7 197 47 68 0.015625
47 7 198 47 68 0.015625
47 7 199 47 68 0.015625
47 7 211 47 78 0.015625
47 7 212 47 78 0.015625
47 7 213 47 78 0.015625
47 24 13 47 0 0.015625
47 24 21 47 3 0.015625
47 24 22 47 3 0.015625
47 24 25 47 3 0.015625
47 24 26 47 3 0.015625
47 24 28 47 4 0.015625
47 24 30 47 4 0.015625
47 24 33 47 4 0.015625
47 24 36 47 12 0.015625
47 24 38 47 12 0.015625
47 24 40 47 12 0.015625
47 24 41 47 12 0.015625
47 24 90 47 27 0.015625
47 24 91 47 27 0.015625
47 24 96 47 27 0.015625
47 24 98 47 27 0.015625
47 24 102 47 29 0.015625
47 24 103 47 29 0.015625
47 24 104 47 29 0.015625
47 24 106 47 29 0.015625
47 24 107 47 29 0.015625
47 24 125 47 36 0.015625
47 24 128 47 36 0.015625
47 24 130 47 36 0.015625
47 24 131 47 36 0.015625
47 24 132 47 43 0.015625
47 24 134 47 43 0.015625
47 24 136 47 43 0.015625
47 24 137 47 43 0.015625
47 24 140 47 43 0.015625
47 24 141 47 45 0.015625
47 24 151 47 45 0.015625
47 24 152 47 46 0.015625
47 24 153 47 46 0.015625
47 24 154 47 46 0.015625
47 24 155 47 46 0.015625
47 24 156 47 46 0.015625
47 24 158 47 46 0.015625
47 24 159 47 46 0.015625
47 24 160 47 46 0.015625
47 24 163 47 49 0.015625
47 24 175 47 50 0.015625
47 24 179 47 50 0.015625
47 24 196 47 54 0.015625
47 24 202 47 54 0.015625
47 24 204 47 58 0.015625
47 24 210 47 58 0.015625
47 24 212 47 59 0.015625
47 24 214 47 59 0.015625
47 24 217 47 65 0.015625
47 24 223 47 65 0.015625
47 24 224 47 68 0.015625
47 24 228 47 68 0.015625
47 24 229 47 68 0.015625
47 24 230 47 68 0.015625
47 24 233 47 68 0.015625
47 24 234 47 68 0.015625
47 24 235 47 68 0.015625
47 24 238 47 76 0.015625
47 24 240 47 76 0.015625
47 24 243 47 76 0.015625
47 24 244 47 78 0.015625
47 24 245 47 78 0.015625
47 24 246 47 78 0.015625
47 32 17 47 3 0.015625
47 32 18 47 3 0.015625
47 32 19 47 3 0.015625
47 32 24 47 3 0.015625
47 32 27 47 4 0.015625
47 32 32 47 4 0.015625
47 32 33 47 4 0.015625
47 32 34 47 4 0.015625
47 32 39 47 12 0.015625
47 32 50 47 22 0.015625
47 32 54 47 22 0.015625
47 32 67 47 27 0.015625
47 32 70 47 27 0.015625
47 32 71 47 27 0.015625
47 32 73 47 27 0.015625
47 32 76 47 27 0.015625
47 32 88 47 29 0.015625
47 32 91 47 31 0.015625
47 32 95 47 35 0.015625
47 32 103 47 36 0.015625
47 32 105 47 36 0.015625
47 32 106 47 36 0.015625
47 32 108 47 43 0.015625
47 32 110 47 43 0.015625
47 32 111 47 43 0.015625
47 32 112 47 43 0.015625
47 32 113 47 43 0.015625
47 32 114 47 45 0.015625
47 32 122 47 46 0.015625
47 32 123 47 46 0.015625
47 32 124 47 46 0.015625
47 32 126 47 46 0.015625
47 32 127 47 46 0.015625
47 32 128 47 46 0.015625
47 32 129 47 46 0.015625
47 32 130 47 46 0.015625
47 32 140 47 49 0.015625
47 32 141 47 50 0.015625
47 32 142 47 50 0.015625
47 32 144 47 50 0.015625
47 32 149 47 51 0.015625
47 32 150 47 51 0.015625
47 32 163 47 54 0.015625
47 32 164 47 54 0.015625
47 32 166 47 54 0.015625
47 32 167 47 54 0.015625
47 32 169 47 58 0.015625
47 32 170 47 58 0.015625
47 32 176 47 59 0.015625
47 32 178 47 59 0.015625
47 32 185 47 65 0.015625
47 32 187 47 65 0.015625
47 32 189 47 65 0.015625
47 32 192 47 68 0.015625
47 32 193 47 68 0.015625
47 32 194 47 68 0.015625
47 32 195 47 68 0.015625
47 32 196 47 68 0.015625
47 32 197 47 68 0.015625
47 32 198 47 76 0.015625
47 32 201 47 76 0.015625
47 32 211 47 78 0.015625
47 32 212 47 78 0.015625
47 32 213 47 78 0.015625
47 35 22 47 3 0.015625
47 35 23 47 3 0.015625
47 35 26 47 3 0.015625
47 35 27 47 3 0.015625
47 35 29 47 4 0.015625
47 35 30 47 4 0.015625
47 35 36 47 4 0.015625
47 35 38 47 12 0.015625
47 35 39 47 12 0.015625
47 35 40 47 12 0.015625
47 35 43 47 12 0.015625
47 35 44 47 12 0.015625
47 35 48 47 13 0.015625
47 35 55 47 22 0.015625
47 35 56 47 22 0.015625
47 35 59 47 22 0.015625
47 35 72 47 27 0.015625
47 35 76 47 27 0.015625
47 35 78 47 27 0.015625
47 35 87 47 29 0.015625
47 35 88 47 29 0.015625
47 35 89 47 29 0.015625
47 35 130 47 36 0.015625
47 35 133 47 43 0.015625
47 35 135 47 43 0.015625
47 35 141 47 43 0.015625
47 35 142 47 43 0.015625
47 35 143 47 45 0.015625
47 35 144 47 45 0.015625
47 35 146 47 45 0.015625
47 35 147 47 45 0.015625
47 35 148 47 45 0.015625
47 35 149 47 46 0.015625
47 35 150 47 46 0.015625
47 35 151 47 46 0.015625
47 35 155 47 46 0.015625
47 35 157 47 46 0.015625
47 35 158 47 46 0.015625
47 35 159 47 46 0.015625
47 35 160 47 49 0.015625
47 35 161 47 49 0.015625
47 35 168 47 49 0.015625
47 35 170 47 50 0.015625
47 35 172 47 50 0.015625
47 35 179 47 51 0.015625
47 35 193 47 54 0.015625
47 35 195 47 54 0.015625
47 35 196 47 54 0.015625
47 35 199 47 54 0.015625
47 35 204 47 58 0.015625
47 35 210 47 59 0.015625
47 35 211 47 59 0.015625
47 35 213 47 59 0.015625
47 35 216 47 65 0.015625
47 35 218 47 65 0.015625
47 35 221 47 65 0.015625
47 35 222 47 65 0.015625
47 35 226 47 68 0.015625
47 35 227 47 68 0.015625
47 35 228 47 68 0.015625
47 35 233 47 68 0.015625
47 35 234 47 68 0.015625
47 35 238 47 76 0.015625
47 35 248 47 78 0.015625
53 7 7 53 0 0.015625
53 7 9 53 0 0.015625
53 7 10 53 0 0.015625
53 7 13 53 1 0.015625
53 7 21 53 10 0.015625
53 7 22 53 10 0.015625
53 7 24 53 14 0.015625
53 7 25 53 14 0.015625
53 7 26 53 14 0.015625
53 7 27 53 14 0.015625
53 7 28 53 14 0.015625
53 7 29 53 14 0.015625
53 7 31 53 19 0.015625
53 7 32 53 19 0.015625
53 7 33 53 19 0.015625
53 7 34 53 19 0.015625
53 7 35 53 19 0.015625
53 7 36 53 19 0.015625
53 7 38 53 19 0.015625
53 7 45 53 23 0.015625
53 7 49 53 26 0.015625
53 7 50 53 26 0.015625
53 7 62 53 36 0.015625
53 7 67 53 39 0.015625
53 7 68 53 39 0.015625
53 7 69 53 39 0.015625
53 7 72 53 40 0.015625
53 7 77 53 40 0.015625
53 7 80 53 42 0.015625
53 7 94 53 43 0.015625
53 7 97 53 44 0.015625
53 7 98 53 44 0.015625
53 7 99 53 44 0.015625
53 7 100 53 44 0.015625
53 7 103 53 44 0.015625
53 7 104 53 44 0.015625
53 7 106 53 46 0.015625
53 7 107 53 46 0.015625
53 7 110 53 46 0.015625
53 7 111 53 46 0.015625
53 7 112 53 46 0.015625
53 7 113 53 46 0.015625
53 7 114 53 46 0.015625
53 7 116 53 47 0.015625
53 7 118 53 47 0.015625
53 7 121 53 47 0.015625
53 7 125 53 52 0.015625
53 7 134 53 59 0.015625
53 7 149 53 61 0.015625
53 7 152 53 61 0.015625
53 7 154 53 64 0.015625
53 7 158 53 64 0.015625
53 7 159 53 64 0.015625
53 7 160 53 64 0.015625
53 7 162 53 67 0.015625
53 7 163 53 67 0.015625
53 7 164 53 67 0.015625
53 7 167 53 69 0.015625
53 7 168 53 69 0.015625
53 7 170 53 69 0.015625
53 7 175 53 71 0.015625
53 7 177 53 71 0.015625
53 7 179 53 71 0.015625
53 7 188 53 73 0.015625
53 24 16 53 1 0.015625
53 24 36 53 14 0.015625
53 24 37 53 14 0.015625
53 24 39 53 14 0.015625
53 24 40 53 19 0.015625
53 24 41 53 19 0.015625
53 24 42 53 19 0.015625
53 24 43 53 19 0.015625
53 24 44 53 19 0.015625
53 24 45 53 19 0.015625
53 24 46 53 19 0.015625
53 24 48 53 19 0.015625
53 24 55 53 26 0.015625
53 24 58 53 26 0.015625
53 24 67 53 36 0.015625
53 24 68 53 39 0.015625
53 24 70 53 39 0.015625
53 24 71 53 39 0.015625
53 24 74 53 39 0.015625
53 24 75 53 39 0.015625
53 24 78 53 40 0.015625
53 24 82 53 40 0.015625
53 24 85 53 42 0.015625
53 24 89 53 42 0.015625
53 24 90 53 43 0.015625
53 24 99 53 44 0.015625
53 24 101 53 44 0.015625
53 24 104 53 44 0.015625
53 24 107 53 44 0.015625
53 24 108 53 44 0.015625
53 24 109 53 46 0.015625
53 24 111 53 46 0.015625
53 24 112 53 46 0.015625
53 24 114 53 46 0.015625
53 24 115 53 46 0.015625
53 24 117 53 46 0.015625
53 24 118 53 47 0.015625
53 24 121 53 47 0.015625
53 24 126 53 47 0.015625
53 24 130 53 52 0.015625
53 24 131 53 52 0.015625
53 24 132 53 52 0.015625
53 24 134 53 59 0.015625
53 24 135 53 59 0.015625
53 24 140 53 61 0.015625
53 24 150 53 64 0.015625
53 24 151 53 64 0.015625
53 24 154 53 64 0.015625
53 24 155 53 64 0.015625
53 24 156 53 67 0.015625
53 24 159 53 67 0.015625
53 24 160 53 67 0.015625
53 24 161 53 67 0.015625
53 24 163 53 69 0.015625
53 24 167 53 69 0.015625
53 24 168 53 69 0.015625
53 24 171 53 71 0.015625
53 24 186 53 76 0.015625
53 24 188 53 76 0.015625
53 24 191 53 76 0.015625
53 24 192 53 78 0.015625
53 24 193 53 78 0.015625
53 24 194 53 78 0.015625
53 24 196 53 78 0.015625
53 32 10 53 0 0.015625
53 32 13 53 0 0.015625
53 32 14 53 0 0.015625
53 32 15 53 1 0.015625
53 32 16 53 1 0.015625
53 32 18 53 1 0.015625
53 32 19 53 1 0.015625
53 32 20 53 1 0.015625
53 32 35 53 14 0.015625
53 32 36 53 14 0.015625
53 32 41 53 19 0.015625
53 32 42 53 19 0.015625
53 32 44 53 19 0.015625
53 32 45 53 19 0.015625
53 32 49 53 19 0.015625
53 32 57 53 26 0.015625
53 32 60 53 26 0.015625
53 32 62 53 36 0.015625
53 32 64 53 36 0.015625
53 32 65 53 36 0.015625
53 32 72 53 39 0.015625
53 32 74 53 39 0.015625
53 32 75 53 39 0.015625
53 32 82 53 40 0.015625
53 32 86 53 42 0.015625
53 32 87 53 42 0.015625
53 32 88 53 42 0.015625
53 32 90 53 43 0.015625
53 32 92 53 43 0.015625
53 32 95 53 43 0.015625
53 32 97 53 44 0.015625
53 32 103 53 44 0.015625
53 32 104 53 44 0.015625
53 32 105 53 44 0.015625
53 32 106 53 46 0.015625
53 32 107 53 46 0.015625
53 32 108 53 46 0.015625
53 32 111 53 46 0.015625
53 32 112 53 46 0.015625
53 32 113 53 46 0.015625
53 32 114 53 46 0.015625
53 32 115 53 47 0.015625
53 32 116 53 47 0.015625
53 32 122 53 47 0.015625
53 32 124 53 47 0.015625
53 32 125 53 47 0.015625
53 32 131 53 52 0.015625
53 32 136 53 59 0.015625
53 32 141 53 61 0.015625
53 32 142 53 61 0.015625
53 32 143 53 61 0.015625
53 32 144 53 61 0.015625
53 32 148 53 64 0.015625
53 32 152 53 64 0.015625
53 32 157 53 67 0.015625
53 32 159 53 67 0.015625
53 32 166 53 69 0.015625
53 32 167 53 69 0.015625
53 32 174 53 71 0.015625
53 32 176 53 71 0.015625
53 32 181 53 73 0.015625
53 32 183 53 73 0.015625
53 32 185 53 76 0.015625
53 32 198 53 78 0.015625
53 35 20 53 1 0.015625
53 35 22 53 1 0.015625
53 35 23 53 1 0.015625
53 35 31 53 14 0.015625
53 35 32 53 14 0.015625
53 35 33 53 14 0.015625
53 35 37 53 14 0.015625
53 35 40 53 19 0.015625
53 35 41 53 19 0.015625
53 35 42 53 19 0.015625
53 35 44 53 19 0.015625
53 35 48 53 19 0.015625
53 35 50 53 19 0.015625
53 35 67 53 36 0.015625
53 35 69 53 36 0.015625
53 35 71 53 36 0.015625
53 35 75 53 39 0.015625
53 35 76 53 39 0.015625
53 35 78 53 39 0.015625
53 35 80 53 40 0.015625
53 35 82 53 40 0.015625
53 35 94 53 43 0.015625
53 35 100 53 43 0.015625
53 35 103 53 44 0.015625
53 35 104 53 44 0.015625
53 35 105 53 44 0.015625
53 35 106 53 44 0.015625
53 35 107 53 44 0.015625
53 35 108 53 44 0.015625
53 35 110 53 46 0.015625
53 35 111 53 46 0.015625
53 35 112 53 46 0.015625
53 35 116 53 46 0.015625
53 35 117 53 46 0.015625
53 35 118 53 46 0.015625
53 35 119 53 46 0.015625
53 35 120 53 46 0.015625
53 35 122 53 47 0.015625
53 35 124 53 47 0.015625
53 35 126 53 47 0.015625
53 35 127 53 47 0.015625
53 35 128 53 47 0.015625
53 35 129 53 52 0.015625
53 35 133 53 52 0.015625
53 35 136 53 52 0.015625
53 35 140 53 59 0.015625
53 35 141 53 59 0.015625
53 35 142 53 59 0.015625
53 35 143 53 59 0.015625
53 35 149 53 61 0.015625
53 35 153 53 61 0.015625
53 35 154 53 64 0.015625
53 35 158 53 64 0.015625
53 35 176 53 69 0.015625
53 35 177 53 69 0.015625
53 35 180 53 69 0.015625
53 35 182 53 71 0.015625
53 35 184 53 71 0.015625
53 35 185 53 71 0.015625
53 35 189 53 73 0.015625
53 35 190 53 73 0.015625
53 35 191 53 73 0.015625
53 35 194 53 76 0.015625
53 35 196 53 76 0.015625
56 7 17 56 2 0.015625
56 7 24 56 4 0.015625
56 7 26 56 4 0.015625
56 7 27 56 4 0.015625
56 7 28 56 4 0.015625
56 7 29 56 4 0.015625
56 7 33 56 9 0.015625
56 7 35 56 9 0.015625
56 7 36 56 9 0.015625
56 7 40 56 17 0.015625
56 7 41 56 17 0.015625
56 7 42 56 17 0.015625
56 7 43 56 17 0.015625
56 7 44 56 19 0.015625
56 7 45 56 19 0.015625
56 7 46 56 19 0.015625
56 7 47 56 19 0.015625
56 7 48 56 19 0.015625
56 7 49 56 19 0.015625
56 7 51 56 19 0.015625
56 7 60 56 30 0.015625
56 7 62 56 30 0.015625
56 7 63 56 30 0.015625
56 7 64 56 30 0.015625
56 7 65 56 30 0.015625
56 7 67 56 30 0.015625
56 7 70 56 31 0.015625
56 7 71 56 31 0.015625
56 7 74 56 31 0.015625
56 7 86 56 38 0.015625
56 7 87 56 38 0.015625
56 7 88 56 38 0.015625
56 7 89 56 38 0.015625
56 7 91 56 38 0.015625
56 7 92 56 38 0.015625
56 7 95 56 42 0.015625
56 7 102 56 44 0.015625
56 7 103 56 44 0.015625
56 7 104 56 44 0.015625
56 7 105 56 44 0.015625
56 7 107 56 44 0.015625
56 7 108 56 44 0.015625
56 7 109 56 44 0.015625
56 7 111 56 49 0.015625
56 7 112 56 49 0.015625
56 7 114 56 49 0.015625
56 7 117 56 49 0.015625
56 7 123 56 51 0.015625
56 7 129 56 54 0.015625
56 7 134 56 54 0.015625
56 7 139 56 58 0.015625
56 7 145 56 59 0.015625
56 7 158 56 60 0.015625
56 7 161 56 64 0.015625
56 7 163 56 64 0.015625
56 7 165 56 64 0.015625
56 7 166 56 64 0.015625
56 7 167 56 64 0.015625
56 7 169 56 67 0.015625
56 7 170 56 67 0.015625
56 7 171 56 67 0.015625
56 7 190 56 73 0.015625
56 7 195 56 75 0.015625
56 7 199 56 75 0.015625
56 24 9 56 1 0.015625
56 24 12 56 1 0.015625
56 24 13 56 1 0.015625
56 24 23 56 4 0.015625
56 24 25 56 4 0.015625
56 24 27 56 4 0.015625
56 24 28 56 4 0.015625
56 24 33 56 9 0.015625
56 24 36 56 9 0.015625
56 24 41 56 17 0.015625
56 24 45 56 19 0.015625
56 24 46 56 19 0.015625
56 24 47 56 19 0.015625
56 24 48 56 19 0.015625
56 24 49 56 19 0.015625
56 24 50 56 19 0.015625
56 24 51 56 19 0.015625
56 24 53 56 19 0.015625
56 24 61 56 30 0.015625
56 24 63 56 30 0.015625
56 24 64 56 30 0.015625
56 24 65 56 30 0.015625
56 24 70 56 31 0.015625
56 24 78 56 36 0.015625
56 24 79 56 36 0.015625
56 24 81 56 38 0.015625
56 24 83 56 38 0.015625
56 24 85 56 38 0.015625
56 24 88 56 38 0.015625
56 24 91 56 42 0.015625
56 24 95 56 42 0.015625
56 24 96 56 44 0.015625
56 24 98 56 44 0.015625
56 24 100 56 44 0.015625
56 24 101 56 44 0.015625
56 24 104 56 44 0.015625
56 24 105 56 44 0.015625
56 24 108 56 49 0.015625
56 24 124 56 54 0.015625
56 24 130 56 54 0.015625
56 24 132 56 58 0.015625
56 24 140 56 59 0.015625
56 24 141 56 59 0.015625
56 24 142 56 59 0.015625
56 24 152 56 60 0.015625
56 24 154 56 64 0.015625
56 24 155 56 64 0.015625
56 24 156 56 64 0.015625
56 24 157 56 64 0.015625
56 24 158 56 64 0.015625
56 24 159 56 64 0.015625
56 24 160 56 64 0.015625
56 24 161 56 67 0.015625
56 24 164 56 67 0.015625
56 24 165 56 67 0.015625
56 24 166 56 67 0.015625
56 24 168 56 71 0.015625
56 24 184 56 75 0.015625
56 24 185 56 75 0.015625
56 24 186 56 75 0.015625
56 24 187 56 78 0.015625
56 24 188 56 78 0.015625
56 24 189 56 78 0.015625
56 24 191 56 78 0.015625
56 32 9 56 1 0.015625
56 32 10 56 1 0.015625
56 32 12 56 1 0.015625
56 32 13 56 1 0.015625
56 32 29 56 4 0.015625
56 32 30 56 4 0.015625
56 32 35 56 9 0.015625
56 32 36 56 9 0.015625
56 32 40 56 9 0.015625
56 32 41 56 9 0.015625
56 32 44 56 17 0.015625
56 32 53 56 17 0.015625
56 32 55 56 19 0.015625
56 32 56 56 19 0.015625
56 32 58 56 19 0.015625
56 32 59 56 19 0.015625
56 32 62 56 19 0.015625
56 32 63 56 19 0.015625
56 32 73 56 30 0.015625
56 32 74 56 30 0.015625
56 32 76 56 30 0.015625
56 32 77 56 30 0.015625
56 32 78 56 30 0.015625
56 32 85 56 36 0.015625
56 32 87 56 36 0.015625
56 32 88 56 36 0.015625
56 32 92 56 38 0.015625
56 32 93 56 38 0.015625
56 32 94 56 38 0.015625
56 32 102 56 42 0.015625
56 32 103 56 42 0.015625
56 32 104 56 42 0.015625
56 32 107 56 44 0.015625
56 32 111 56 44 0.015625
56 32 112 56 44 0.015625
56 32 113 56 44 0.015625
56 32 114 56 44 0.015625
56 32 115 56 44 0.015625
56 32 127 56 51 0.015625
56 32 128 56 51 0.015625
56 32 129 56 51 0.015625
56 32 132 56 51 0.015625
56 32 133 56 54 0.015625
56 32 134 56 54 0.015625
56 32 136 56 54 0.015625
56 32 137 56 54 0.015625
56 32 139 56 58 0.015625
56 32 140 56 58 0.015625
56 32 142 56 58 0.015625
56 32 146 56 59 0.015625
56 32 148 56 59 0.015625
56 32 156 56 60 0.015625
56 32 161 56 64 0.015625
56 32 162 56 64 0.015625
56 32 165 56 64 0.015625
56 32 170 56 67 0.015625
56 32 172 56 67 0.015625
56 32 179 56 71 0.015625
56 32 181 56 71 0.015625
56 32 186 56 73 0.015625
56 32 188 56 73 0.015625
56 32 191 56 75 0.015625
56 32 192 56 75 0.015625
56 32 200 56 78 0.015625
56 35 9 56 1 0.015625
56 35 11 56 1 0.015625
56 35 12 56 1 0.015625
56 35 24 56 4 0.015625
56 35 31 56 4 0.015625
56 35 33 56 9 0.015625
56 35 34 56 9 0.015625
56 35 36 56 9 0.015625
56 35 37 56 9 0.015625
56 35 40 56 17 0.015625
56 35 43 56 17 0.015625
56 35 45 56 17 0.015625
56 35 47 56 19 0.015625
56 35 48 56 19 0.015625
56 35 49 56 19 0.015625
56 35 51 56 19 0.015625
56 35 52 56 19 0.015625
56 35 54 56 19 0.015625
56 35 55 56 19 0.015625
56 35 56 56 19 0.015625
56 35 57 56 19 0.015625
56 35 66 56 30 0.015625
56 35 76 56 31 0.015625
56 35 81 56 36 0.015625
56 35 83 56 36 0.015625
56 35 85 56 36 0.015625
56 35 87 56 38 0.015625
56 35 88 56 38 0.015625
56 35 89 56 38 0.015625
56 35 90 56 38 0.015625
56 35 101 56 44 0.015625
56 35 102 56 44 0.015625
56 35 103 56 44 0.015625
56 35 104 56 44 0.015625
56 35 105 56 44 0.015625
56 35 106 56 44 0.015625
56 35 109 56 49 0.015625
56 35 118 56 51 0.015625
56 35 119 56 51 0.015625
56 35 125 56 54 0.015625
56 35 128 56 54 0.015625
56 35 130 56 54 0.015625
56 35 131 56 54 0.015625
56 35 136 56 58 0.015625
56 35 142 56 59 0.015625
56 35 143 56 59 0.015625
56 35 144 56 59 0.015625
56 35 145 56 59 0.015625
56 35 147 56 60 0.015625
56 35 148 56 60 0.015625
56 35 149 56 60 0.015625
56 35 150 56 60 0.015625
56 35 152 56 60 0.015625
56 35 153 56 64 0.015625
56 35 157 56 64 0.015625
56 35 161 56 64 0.015625
56 35 172 56 71 0.015625
56 35 174 56 71 0.015625
56 35 175 56 71 0.015625
56 35 179 56 73 0.015625
56 35 180 56 73 0.015625
56 35 181 56 73 0.015625
56 35 186 56 75 0.015625
56 35 195 56 78 0.015625
59 7 1 59 24 0.015625
59 7 10 59 0 0.015625
59 7 14 59 1 0.015625
59 7 22 59 10 0.015625
59 7 23 59 10 0.015625
59 7 24 59 10 0.015625
59 7 27 59 12 0.015625
59 7 34 59 14 0.015625
59 7 35 59 14 0.015625
59 7 36 59 14 0.015625
59 7 37 59 14 0.015625
59 7 38 59 14 0.015625
59 7 39 59 14 0.015625
59 7 41 59 22 0.015625
59 7 44 59 22 0.015625
59 7 46 59 22 0.015625
59 7 52 59 23 0.015625
59 7 61 59 27 0.015625
59 7 62 59 27 0.015625
59 7 64 59 27 0.015625
59 7 65 59 27 0.015625
59 7 66 59 27 0.015625
59 7 71 59 30 0.015625
59 7 72 59 30 0.015625
59 7 73 59 30 0.015625
59 7 88 59 36 0.015625
59 7 97 59 47 0.015625
59 7 102 59 47 0.015625
59 7 106 59 51 0.03125
59 7 113 59 53 0.015625
59 7 116 59 53 0.015625
59 7 122 59 54 0.015625
59 7 127 59 54 0.015625
59 7 128 59 54 0.015625
59 7 130 59 56 0.015625
59 7 131 59 56 0.015625
59 7 132 59 56 0.015625
59 7 133 59 56 0.015625
59 7 134 59 56 0.015625
59 7 136 59 62 0.015625
59 7 138 59 62 0.015625
59 7 140 59 62 0.015625
59 7 141 59 62 0.015625
59 7 146 59 63 0.015625
59 7 152 59 65 0.015625
59 7 153 59 65 0.015625
59 7 154 59 65 0.015625
59 7 155 59 65 0.015625
59 7 156 59 65 0.015625
59 7 158 59 66 0.015625
59 7 161 59 66 0.015625
59 7 162 59 66 0.015625
59 7 164 59 67 0.015625
59 7 165 59 67 0.015625
59 7 166 59 67 0.015625
59 7 176 59 74 0.015625
59 7 178 59 74 0.015625
59 7 179 59 74 0.015625
59 7 180 59 74 0.015625
59 7 181 59 74 0.015625
59 7 182 59 77 0.015625
59 7 185 59 77 0.015625
59 7 187 59 77 0.015625
59 24 0 59 24 0.015625
59 24 7 59 0 0.015625
59 24 9 59 0 0.015625
59 24 11 59 0 0.015625
59 24 15 59 1 0.015625
59 24 18 59 1 0.015625
59 24 19 59 1 0.015625
59 24 25 59 10 0.015625
59 24 28 59 10 0.015625
59 24 32 59 12 0.015625
59 24 33 59 12 0.015625
59 24 36 59 12 0.015625
59 24 38 59 14 0.015625
59 24 39 59 14 0.015625
59 24 40 59 14 0.015625
59 24 41 59 14 0.015625
59 24 43 59 14 0.015625
59 24 44 59 14 0.015625
59 24 45 59 14 0.015625
59 24 48 59 22 0.015625
59 24 55 59 22 0.015625
59 24 89 59 27 0.015625
59 24 90 59 27 0.015625
59 24 94 59 27 0.015625
59 24 95 59 27 0.015625
59 24 97 59 27 0.015625
59 24 99 59 30 0.015625
59 24 101 59 30 0.015625
59 24 104 59 30 0.015625
59 24 105 59 30 0.015625
59 24 116 59 36 0.015625
59 24 119 59 36 0.015625
59 24 121 59 36 0.015625
59 24 122 59 36 0.015625
59 24 123 59 47 0.015625
59 24 126 59 47 0.015625
59 24 141 59 53 0.015625
59 24 142 59 53 0.015625
59 24 143 59 53 0.015625
59 24 146 59 53 0.015625
59 24 149 59 54 0.015625
59 24 154 59 54 0.015625
59 24 155 59 54 0.015625
59 24 164 59 56 0.015625
59 24 174 59 62 0.015625
59 24 175 59 63 0.015625
59 24 177 59 63 0.015625
59 24 185 59 65 0.015625
59 24 190 59 65 0.015625
59 24 195 59 66 0.015625
59 24 196 59 66 0.015625
59 24 197 59 66 0.015625
59 24 200 59 67 0.015625
59 24 203 59 67 0.015625
59 24 207 59 69 0.015625
59 24 209 59 69 0.015625
59 24 211 59 69 0.015625
59 24 215 59 74 0.015625
59 24 218 59 74 0.015625
59 24 219 59 74 0.015625
59 24 223 59 74 0.015625
59 24 224 59 74 0.015625
59 24 227 59 77 0.015625
59 24 228 59 77 0.015625
59 32 0 59 32 0.015625
59 32 14 59 1 0.015625
59 32 15 59 1 0.015625
59 32 18 59 1 0.015625
59 32 30 59 12 0.015625
59 32 34 59 12 0.015625
59 32 36 59 12 0.015625
59 32 39 59 14 0.015625
59 32 40 59 14 0.015625
59 32 41 59 14 0.015625
59 32 42 59 14 0.015625
59 32 44 59 14 0.015625
59 32 45 59 14 0.015625
59 32 46 59 14 0.015625
59 32 47 59 22 0.015625
59 32 57 59 23 0.015625
59 32 61 59 24 0.015625
59 32 70 59 27 0.015625
59 32 73 59 27 0.015625
59 32 74 59 27 0.015625
59 32 79 59 27 0.015625
59 32 86 59 30 0.015625
59 32 90 59 30 0.015625
59 32 117 59 36 0.015625
59 32 119 59 36 0.015625
59 32 122 59 47 0.015625
59 32 123 59 47 0.015625
59 32 131 59 47 0.015625
59 32 132 59 47 0.015625
59 32 134 59 51 0.015625
59 32 135 59 51 0.015625
59 32 136 59 51 0.015625
59 32 146 59 53 0.015625
59 32 149 59 54 0.015625
59 32 150 59 54 0.015625
59 32 153 59 54 0.015625
59 32 159 59 56 0.015625
59 32 163 59 62 0.015625
59 32 165 59 62 0.015625
59 32 166 59 62 0.015625
59 32 167 59 62 0.015625
59 32 169 59 62 0.015625
59 32 171 59 63 0.015625
59 32 174 59 63 0.015625
59 32 182 59 65 0.015625
59 32 184 59 65 0.015625
59 32 186 59 65 0.015625
59 32 188 59 66 0.015625
59 32 190 59 66 0.015625
59 32 195 59 66 0.015625
59 32 196 59 67 0.015625
59 32 200 59 67 0.015625
59 32 201 59 67 0.015625
59 32 202 59 67 0.015625
59 32 204 59 69 0.015625
59 32 206 59 69 0.015625
59 32 210 59 69 0.015625
59 32 212 59 74 0.015625
59 32 214 59 74 0.015625
59 32 216 59 74 0.015625
59 32 218 59 74 0.015625
59 32 219 59 74 0.015625
59 32 222 59 77 0.015625
59 32 224 59 77 0.015625
59 35 17 59 1 0.015625
59 35 19 59 1 0.015625
59 35 20 59 1 0.015625
59 35 21 59 1 0.015625
59 35 22 59 1 0.015625
59 35 24 59 10 0.015625
59 35 25 59 10 0.015625
59 35 31 59 12 0.015625
59 35 34 59 12 0.015625
59 35 35 59 12 0.015625
59 35 38 59 14 0.015625
59 35 39 59 14 0.015625
59 35 40 59 14 0.015625
59 35 41 59 14 0.015625
59 35 42 59 14 0.015625
59 35 43 59 14 0.015625
59 35 44 59 14 0.015625
59 35 45 59 14 0.015625
59 35 47 59 22 0.015625
59 35 48 59 22 0.015625
59 35 50 59 22 0.015625
59 35 51 59 22 0.015625
59 35 58 59 23 0.015625
59 35 70 59 27 0.015625
59 35 74 59 27 0.015625
59 35 75 59 27 0.015625
59 35 76 59 27 0.015625
59 35 84 59 32 0.015625
59 35 95 59 36 0.015625
59 35 97 59 36 0.015625
59 35 99 59 47 0.015625
59 35 101 59 47 0.015625
59 35 103 59 47 0.015625
59 35 105 59 47 0.015625
59 35 106 59 51 0.015625
59 35 107 59 51 0.015625
59 35 116 59 53 0.015625
59 35 117 59 53 0.015625
59 35 121 59 54 0.015625
59 35 124 59 54 0.015625
59 35 126 59 54 0.015625
59 35 127 59 54 0.015625
59 35 130 59 56 0.015625
59 35 131 59 56 0.015625
59 35 132 59 56 0.015625
59 35 134 59 56 0.015625
59 35 137 59 62 0.015625
59 35 139 59 62 0.015625
59 35 140 59 62 0.015625
59 35 144 59 63 0.015625
59 35 146 59 63 0.015625
59 35 147 59 63 0.015625
59 35 149 59 65 0.015625
59 35 155 59 65 0.015625
59 35 156 59 66 0.015625
59 35 158 59 66 0.015625
59 35 171 59 67 0.015625
59 35 182 59 74 0.015625
59 35 183 59 74 0.015625
59 35 184 59 74 0.015625
59 35 185 59 74 0.015625
59 35 186 59 74 0.015625
59 35 187 59 77 0.015625
59 35 192 59 77 0.015625
