38_75_100_200_0_0 50 150 0.385556 0.114352 0.634758 8.49252 34.3388 2.86987
38_75_100_200_0_0 50 150 100 25115 866923500 34518.2 251.15 8669235 3.01305e+07
38_75_100_200_1_1 50 150 0 0   0 0
38_75_100_200_1_1 50 150 100 0 0 0 0 0 0
38_75_100_200_2_2 50 150 0 0   0 0
38_75_100_200_2_2 50 150 100 0 0 0 0 0 0
38_75_100_200_3_3 50 150 0 0   0 0
38_75_100_200_3_3 50 150 100 0 0 0 0 0 0
38_75_100_200_4_4 50 150 0 0   0 0
38_75_100_200_4_4 50 150 100 0 0 0 0 0 0
38_75_100_200_5_5 50 150 0 0   0 0
38_75_100_200_5_5 50 150 100 0 0 0 0 0 0
38_75_100_200_6_6 50 150 0 0   0 0
38_75_100_200_6_6 50 150 100 0 0 0 0 0 0
38_75_100_200_7_7 50 150 0 0   0 0
38_75_100_200_7_7 50 150 100 0 0 0 0 0 0
38_75_100_200_8_8 50 150 0 0   0 0
38_75_100_200_8_8 50 150 100 0 0 0 0 0 0
38_75_100_200_9_9 50 150 0 0   0 0
38_75_100_200_9_9 50 150 100 0 0 0 0 0 0
