1_38125_100000_100_0_0 25 75 0.497596 0.142856 0.705858 9.84951 111.346 3.19834
1_38125_100000_100_0_0 25 75 50 407564 14321257500 35138.7 8151.28 286425150 1.47375e+09
1_38125_100000_100_1_1 25 75 0.497596 0.142856 0.705858 9.84951 111.346 3.19834
1_38125_100000_100_1_1 25 75 50 407564 14321257500 35138.7 8151.28 286425150 1.47375e+09
1_38125_100000_100_2_2 25 75 0.492171 0.140631 0.708021 9.89111 108.604 3.21904
1_38125_100000_100_2_2 25 75 50 407918 14174001000 34747.2 8158.36 283480020 1.49157e+09
1_38125_100000_100_3_3 25 75 0.514639 0.140662 0.671311 9.97261 134.312 3.0279
1_38125_100000_100_3_3 25 75 50 407598 14287327500 35052.5 8151.96 285746550 1.51808e+09
1_38125_100000_100_4_4 25 75 0.500928 0.144193 0.740352 10.0379 112.651 3.37167
1_38125_100000_100_4_4 25 75 50 407558 14242075500 34944.9 8151.16 284841510 1.45509e+09
1_38125_100000_100_5_5 25 75 0.484651 0.139248 0.685276 9.954 170.048 3.16682
1_38125_100000_100_5_5 25 75 50 408152 14244384000 34899.7 8163.04 284887680 1.42618e+09
1_38125_100000_100_6_6 25 75 0.485078 0.144923 0.714847 9.68269 110.842 3.12521
1_38125_100000_100_6_6 25 75 50 406938 14258595000 35038.7 8138.76 285171900 1.46394e+09
1_38125_100000_100_7_7 25 75 0.481867 0.140644 0.689599 9.79424 102.471 3.0773
1_38125_100000_100_7_7 25 75 50 407020 13966230000 34313.4 8140.4 279324600 1.40193e+09
1_38125_100000_100_8_8 25 75 0.461194 0.143954 0.694273 9.47016 219.952 3.05136
1_38125_100000_100_8_8 25 75 50 406972 14343265500 35243.9 8139.44 286865310 1.41086e+09
1_38125_100000_100_9_9 25 75 0.478806 0.141097 0.698203 9.65452 109.921 3.10943
1_38125_100000_100_9_9 25 75 50 406924 14155963500 34787.7 8138.48 283119270 1.3943e+09
