54 27 0 54 22 0.03125
54 27 1 54 28 0.03125
54 27 2 54 44 0.03125
54 27 3 54 46 0.03125
54 27 4 54 47 0.03125
54 27 5 54 59 0.03125
54 27 6 54 73 0.03125
54 27 7 54 12 0.03125
54 27 8 54 58 0.03125
54 27 9 54 36 0.03125
54 27 10 54 19 0.03125
54 27 11 54 37 0.046875
54 27 12 54 17 0.046875
54 27 13 54 4 0.046875
54 27 14 54 70 0.046875
54 27 15 54 56 0.046875
54 27 16 54 68 0.046875
54 27 17 54 0 0.046875
54 27 18 54 18 0.046875
54 27 19 54 25 0.046875
54 27 20 54 24 0.046875
54 27 21 54 61 0.046875
54 27 22 54 62 0.046875
54 27 23 54 42 0.046875
54 27 24 54 38 0.046875
