17_5_10_100_0_0 25 75 0.47141 0.151041 0.82463 9.95146 52.0646 3.86296
17_5_10_100_0_0 25 75 50 20210 693547500 34317 404.2 13870950 5.83251e+07
17_5_10_100_1_1 25 75 0.47141 0.151041 0.82463 9.95146 52.0646 3.86296
17_5_10_100_1_1 25 75 50 20210 693547500 34317 404.2 13870950 5.83251e+07
17_5_10_100_2_2 25 75 0.526792 0.15147 0.971883 10.4434 65.9187 4.75305
17_5_10_100_2_2 25 75 50 20190 705199500 34928.2 403.8 14103990 6.20189e+07
17_5_10_100_3_3 25 75 0.724799 0.165625 1.83175 16.2468 80.849 7.17686
17_5_10_100_3_3 25 75 50 20174 671155500 33268.3 403.48 13423110 7.71948e+07
17_5_10_100_4_4 25 75 0.748603 0.165878 2.13856 14.8224 180.05 7.61585
17_5_10_100_4_4 25 75 50 20156 724023000 35921 403.12 14480460 1.01417e+08
17_5_10_100_5_5 25 75 0.681293 0.15464 1.6772 13.5507 68.7675 6.37293
17_5_10_100_5_5 25 75 50 20135 700617000 34796 402.7 14012340 7.15251e+07
17_5_10_100_6_6 25 75 0.557343 0.14585 1.14068 10.6192 68.6974 4.97912
17_5_10_100_6_6 25 75 50 20240 705733500 34868.3 404.8 14114670 8.22583e+07
17_5_10_100_7_7 25 75 0.647023 0.1617 1.88849 11.682 83.5084 6.25481
17_5_10_100_7_7 25 75 50 20254 736135500 36345.2 405.08 14722710 9.70579e+07
17_5_10_100_8_8 25 75 0.636332 0.146056 1.20893 11.2623 77.1292 5.23759
17_5_10_100_8_8 25 75 50 20201 686668500 33991.8 404.02 13733370 7.6991e+07
17_5_10_100_9_9 25 75 0.549201 0.139923 1.02894 10.7065 63.832 5.18978
17_5_10_100_9_9 25 75 50 19980 669730500 33520 399.6 13394610 5.7527e+07
