17_75_100_100_0_0 25 75 0.590991 0.156556 1.26542 11.8238 51.3164 5.72947
17_75_100_100_0_0 25 75 50 20516 700461000 34142.2 410.32 14009220 5.59471e+07
17_75_100_100_1_1 25 75 0.590991 0.156556 1.26542 11.8238 51.3164 5.72947
17_75_100_100_1_1 25 75 50 20516 700461000 34142.2 410.32 14009220 5.59471e+07
17_75_100_100_2_2 25 75 0.679007 0.155148 1.58497 12.5298 65.924 6.62281
17_75_100_100_2_2 25 75 50 20493 696574500 33990.9 409.86 13931490 5.94012e+07
17_75_100_100_3_3 25 75 0.668258 0.158355 1.77064 13.029 62.6973 6.66723
17_75_100_100_3_3 25 75 50 20394 679419000 33314.7 407.88 13588380 7.37433e+07
17_75_100_100_4_4 25 75 0.632137 0.155462 1.59879 11.0235 84.0017 6.13682
17_75_100_100_4_4 25 75 50 20443 741987000 36295.4 408.86 14839740 9.34377e+07
17_75_100_100_5_5 25 75 0.667534 0.150564 1.50417 13.2639 77.9751 6.46405
17_75_100_100_5_5 25 75 50 20392 714963000 35061 407.84 14299260 8.28303e+07
17_75_100_100_6_6 25 75 0.46914 0.144012 0.779876 9.43194 61.1123 3.57646
17_75_100_100_6_6 25 75 50 20548 702514500 34188.9 410.96 14050290 6.67567e+07
17_75_100_100_7_7 25 75 0.683239 0.170594 2.09718 12.4782 159.862 6.68731
17_75_100_100_7_7 25 75 50 20544 737445000 35895.9 410.88 14748900 9.20039e+07
17_75_100_100_8_8 25 75 0.846736 0.168901 3.10531 18.205 78.4436 9.01317
17_75_100_100_8_8 25 75 50 20504 705486000 34407.2 410.08 14109720 8.92256e+07
17_75_100_100_9_9 25 75 0.66869 0.144699 1.28427 14.8311 66.678 6.24587
17_75_100_100_9_9 25 75 50 20283 693277500 34180.2 405.66 13865550 7.33011e+07
