13_5_10_100_0_0 25 75 1.44917 0.0836454 1.03857 53.1721 110.474 12.7548
13_5_10_100_0_0 25 75 50 10247 372079500 36311.1 204.94 7441590 6.29024e+07
13_5_10_100_1_1 25 75 1.44917 0.0836454 1.03857 53.1721 110.474 12.7548
13_5_10_100_1_1 25 75 50 10247 372079500 36311.1 204.94 7441590 6.29024e+07
13_5_10_100_2_2 25 75 0.992987 0.0935062 0.865428 28.6001 104.39 7.47133
13_5_10_100_2_2 25 75 50 10348 372498000 35997.1 206.96 7449960 3.84358e+07
13_5_10_100_3_3 25 75 1.1138 0.0814834 0.718297 30.0204 96.162 9.15992
13_5_10_100_3_3 25 75 50 10219 352075500 34453 204.38 7041510 3.84562e+07
13_5_10_100_4_4 25 75 0.617327 0.103063 0.897756 13.3816 49.3115 5.70446
13_5_10_100_4_4 25 75 50 10200 377476500 37007.5 204 7549530 3.01427e+07
13_5_10_100_5_5 25 75 0.41318 0.0799922 0.470025 9.88073 85.2462 2.66644
13_5_10_100_5_5 25 75 50 10327 364701000 35315.3 206.54 7294020 2.80071e+07
13_5_10_100_6_6 25 75 1.31356 0.0841784 0.846287 40.8983 109.65 11.2519
13_5_10_100_6_6 25 75 50 10285 368601000 35838.7 205.7 7372020 5.07716e+07
13_5_10_100_7_7 25 75 0.722964 0.0913009 0.687959 18.7564 105.652 5.03771
13_5_10_100_7_7 25 75 50 10307 367762500 35680.8 206.14 7355250 4.1928e+07
13_5_10_100_8_8 25 75 0.820198 0.0920756 0.781781 22.6332 82.4417 6.21586
13_5_10_100_8_8 25 75 50 10173 354318000 34829.3 203.46 7086360 3.36048e+07
13_5_10_100_9_9 25 75 0.317113 0.0851691 0.440902 8.55066 38.7445 2.13088
13_5_10_100_9_9 25 75 50 10115 352923000 34891.1 202.3 7058460 2.5281e+07
