17_5_10_640_0_0 160 480 0.439632 0.112395 0.616294 9.66864 309.673 3.19117
17_5_10_640_0_0 160 480 320 726378 25364439000 34919.1 2269.93 7.92639e+07 4.01214e+08
17_5_10_640_1_1 160 480 0.439632 0.112395 0.616294 9.66864 309.673 3.19117
17_5_10_640_1_1 160 480 320 726378 25364439000 34919.1 2269.93 7.92639e+07 4.01214e+08
17_5_10_640_2_2 160 480 0.455565 0.11408 0.641523 9.94156 339.016 3.36986
17_5_10_640_2_2 160 480 320 726384 25412029500 34984.3 2269.95 7.94126e+07 4.32958e+08
17_5_10_640_3_3 160 480 0.422156 0.114215 0.614476 9.5189 321.377 3.06762
17_5_10_640_3_3 160 480 320 725962 25430221500 35029.7 2268.63 7.94694e+07 3.81047e+08
17_5_10_640_4_4 160 480 0.531887 0.114699 0.653937 10.2439 575.818 3.55723
17_5_10_640_4_4 160 480 320 726306 25513362000 35127.6 2269.71 7.97293e+07 5.21066e+08
17_5_10_640_5_5 160 480 0.420641 0.112745 0.614105 9.5334 237.523 3.09406
17_5_10_640_5_5 160 480 320 725704 25273021500 34825.5 2267.82 7.89782e+07 3.7915e+08
17_5_10_640_6_6 160 480 0.458987 0.11485 0.64923 9.98002 293.658 3.39692
17_5_10_640_6_6 160 480 320 725535 25353324000 34944.3 2267.3 7.92291e+07 4.472e+08
17_5_10_640_7_7 160 480 0.475613 0.114669 0.661406 10 348.83 3.48296
17_5_10_640_7_7 160 480 320 725207 25383255000 35001.4 2266.27 7.93227e+07 4.5844e+08
17_5_10_640_8_8 160 480 0.452914 0.113898 0.638314 9.92253 270.146 3.3622
17_5_10_640_8_8 160 480 320 725093 25319082000 34918.4 2265.92 7.91221e+07 4.10988e+08
17_5_10_640_9_9 160 480 0.437042 0.11353 0.629599 9.62751 300.003 3.21264
17_5_10_640_9_9 160 480 320 725884 25406824500 35001.2 2268.39 7.93963e+07 4.25391e+08
