15_0_0_640_0_0 160 480 0.87495 0.114194 0.615523 10.6198 657.994 3.23821
15_0_0_640_0_0 160 480 320 622602 21760996500 34951.7 1945.63 6.80031e+07 5.51279e+08
15_0_0_640_1_1 160 480 0.87495 0.114194 0.615523 10.6198 657.994 3.23821
15_0_0_640_1_1 160 480 320 622602 21760996500 34951.7 1945.63 6.80031e+07 5.51279e+08
15_0_0_640_2_2 160 480 0.617928 0.116375 0.637353 10.5103 584.587 3.37112
15_0_0_640_2_2 160 480 320 622495 21733891500 34914.2 1945.3 6.79184e+07 4.6306e+08
15_0_0_640_3_3 160 480 0.792277 0.11472 0.607482 10.3968 735.793 3.13267
15_0_0_640_3_3 160 480 320 622514 21810183000 35035.7 1945.36 6.81568e+07 5.78597e+08
15_0_0_640_4_4 160 480 0.968477 0.114866 0.633731 10.682 689.669 3.36834
15_0_0_640_4_4 160 480 320 622176 21875217000 35159.2 1944.3 6.83601e+07 6.25334e+08
15_0_0_640_5_5 160 480 0.865067 0.114254 0.625797 10.6251 725.695 3.31063
15_0_0_640_5_5 160 480 320 622337 21706110000 34878.4 1944.8 6.78316e+07 5.8017e+08
15_0_0_640_6_6 160 480 0.893159 0.115265 0.632039 10.5961 678.798 3.3484
15_0_0_640_6_6 160 480 320 621811 21709774500 34913.8 1943.16 6.7843e+07 5.83126e+08
15_0_0_640_7_7 160 480 0.73401 0.114513 0.592783 10.1302 663.914 2.99534
15_0_0_640_7_7 160 480 320 621265 21681019500 34898.2 1941.45 6.77532e+07 4.91531e+08
15_0_0_640_8_8 160 480 0.984978 0.113474 0.594339 10.4668 1081.26 3.08397
15_0_0_640_8_8 160 480 320 621098 21736197000 34996.4 1940.93 6.79256e+07 6.3533e+08
15_0_0_640_9_9 160 480 0.675851 0.11515 0.617943 10.4385 582.393 3.24616
15_0_0_640_9_9 160 480 320 621801 21728959500 34945.2 1943.13 6.7903e+07 5.09517e+08
