7_0_0_100_0_0 25 75 0.520192 0.114574 0.609251 10.1484 118.672 2.98163
7_0_0_100_0_0 25 75 50 129516 4462383000 34454.3 2590.32 89247660 3.94951e+08
7_0_0_100_1_1 25 75 0.520192 0.114574 0.609251 10.1484 118.672 2.98163
7_0_0_100_1_1 25 75 50 129516 4462383000 34454.3 2590.32 89247660 3.94951e+08
7_0_0_100_2_2 25 75 0.465661 0.112431 0.573706 9.4635 110.148 2.55044
7_0_0_100_2_2 25 75 50 128918 4482142500 34767.4 2578.36 89642850 4.28561e+08
7_0_0_100_3_3 25 75 0.568919 0.112953 0.614432 10.2571 131.069 3.12255
7_0_0_100_3_3 25 75 50 128995 4483144500 34754.4 2579.9 89662890 5.21613e+08
7_0_0_100_4_4 25 75 0.522618 0.11651 0.594907 9.93719 114.544 2.78733
7_0_0_100_4_4 25 75 50 128795 4547230500 35306 2575.9 90944610 4.41231e+08
7_0_0_100_5_5 25 75 0.538281 0.10816 0.572896 10.1371 173.35 2.74985
7_0_0_100_5_5 25 75 50 128882 4452850500 34549.8 2577.64 89057010 4.58535e+08
7_0_0_100_6_6 25 75 0.572248 0.111284 0.593002 10.4927 170.874 2.98901
7_0_0_100_6_6 25 75 50 128955 4421842500 34289.8 2579.1 88436850 4.42649e+08
7_0_0_100_7_7 25 75 0.610566 0.110804 0.563388 10.3494 178.095 2.79435
7_0_0_100_7_7 25 75 50 129054 4474296000 34670 2581.08 89485920 5.0937e+08
7_0_0_100_8_8 25 75 0.435607 0.116049 0.580973 9.12026 163.179 2.50689
7_0_0_100_8_8 25 75 50 128904 4574362500 35486.6 2578.08 91487250 4.32154e+08
7_0_0_100_9_9 25 75 0.425703 0.113983 0.585088 9.36279 97.7994 2.58197
7_0_0_100_9_9 25 75 50 128765 4523857500 35132.7 2575.3 90477150 4.31773e+08
