1_4_10_240_0_0 60 180 0.680085 0.115386 0.603917 10.0389 4159.31 2.57252
1_4_10_240_0_0 60 180 120 4325281 110789275500 25614.4 36044 9.23244e+08 3.08513e+09
1_4_10_240_1_1 60 180 0.680085 0.115386 0.603917 10.0389 4159.31 2.57252
1_4_10_240_1_1 60 180 120 4325281 110789275500 25614.4 36044 9.23244e+08 3.08513e+09
1_4_10_240_2_2 60 180 0.742105 0.115681 0.606066 10.0381 16457.1 2.59469
1_4_10_240_2_2 60 180 120 4325661 110987604000 25658 36047.2 924896700 3.25089e+09
1_4_10_240_3_3 60 180 0.662616 0.114999 0.595402 9.88411 2111.19 2.46876
1_4_10_240_3_3 60 180 120 4325192 110756134500 25607.2 36043.3 9.22968e+08 3.11027e+09
1_4_10_240_4_4 60 180 0.68052 0.11537 0.606314 9.96032 2119.8 2.57161
1_4_10_240_4_4 60 180 120 4324369 110756343000 25612.1 36036.4 922969525 3.05519e+09
1_4_10_240_5_5 60 180 0.698031 0.11542 0.604669 10.0692 4157.91 2.56575
1_4_10_240_5_5 60 180 120 4326413 110672503500 25580.7 36053.4 9.22271e+08 3.12993e+09
1_4_10_240_6_6 60 180 0.791654 0.115456 0.603187 10.0713 16460.6 2.57546
1_4_10_240_6_6 60 180 120 4325652 110823075000 25620 36047.1 923525625 3.25958e+09
1_4_10_240_7_7 60 180 0.743753 0.11529 0.604645 10.0906 4170.25 2.59575
1_4_10_240_7_7 60 180 120 4325135 110807331000 25619.4 36042.8 923394425 3.11193e+09
1_4_10_240_8_8 60 180 0.702413 0.115261 0.604115 10.0439 4168.89 2.55724
1_4_10_240_8_8 60 180 120 4324910 110774035500 25613 36040.9 9.23117e+08 3.13053e+09
1_4_10_240_9_9 60 180 0.682541 0.115303 0.59859 10.0271 2119.91 2.51651
1_4_10_240_9_9 60 180 120 4324983 110746285500 25606.2 36041.5 9.22886e+08 3.01534e+09
