19_25_100_640_0_0 160 480 0.511671 0.160354 0.752499 9.78915 404.719 3.32381
19_25_100_640_0_0 160 480 320 799091 28006642500 35048.1 2497.16 8.75208e+07 5.48576e+08
19_25_100_640_1_1 160 480 0.511671 0.160354 0.752499 9.78915 404.719 3.32381
19_25_100_640_1_1 160 480 320 799091 28006642500 35048.1 2497.16 8.75208e+07 5.48576e+08
19_25_100_640_2_2 160 480 0.567969 0.160013 0.768098 10.0809 647.271 3.52912
19_25_100_640_2_2 160 480 320 798806 27933072000 34968.5 2496.27 87290850 6.09293e+08
19_25_100_640_3_3 160 480 0.562923 0.159531 0.74555 9.71403 640.392 3.28221
19_25_100_640_3_3 160 480 320 798948 28065220500 35127.7 2496.71 8.77038e+07 5.96624e+08
19_25_100_640_4_4 160 480 0.509939 0.159712 0.742351 9.56996 570.159 3.23993
19_25_100_640_4_4 160 480 320 798806 28018059000 35074.9 2496.27 8.75564e+07 6.15977e+08
19_25_100_640_5_5 160 480 0.56126 0.160207 0.783419 9.9404 579.829 3.53379
19_25_100_640_5_5 160 480 320 798318 27845076000 34879.7 2494.74 8.70159e+07 6.51303e+08
19_25_100_640_6_6 160 480 0.540131 0.159981 0.759275 9.77543 566.306 3.33326
19_25_100_640_6_6 160 480 320 797923 27913224000 34982.4 2493.51 87228825 6.10162e+08
19_25_100_640_7_7 160 480 0.638857 0.162236 0.811057 10.3092 653.126 3.76403
19_25_100_640_7_7 160 480 320 797831 28009362000 35106.9 2493.22 8.75293e+07 7.30547e+08
19_25_100_640_8_8 160 480 0.598558 0.158821 0.756508 9.94983 634.215 3.40892
19_25_100_640_8_8 160 480 320 797716 27825186000 34881.1 2492.86 8.69537e+07 6.9274e+08
19_25_100_640_9_9 160 480 0.642893 0.159969 0.794545 10.1746 739.565 3.6358
19_25_100_640_9_9 160 480 320 798498 28005784500 35073.1 2495.31 8.75181e+07 6.68295e+08
