71_0_0_200_0_49 50 150 0.467867 0.129062 0.648144 9.68987 196.267 3.09463
71_0_0_200_0_49 50 150 100 2299407 79190848500 34439.7 22994.1 791908485 4.03953e+09
71_0_0_200_50_99 50 150 0.463264 0.129219 0.644151 9.66994 182.067 3.08064
71_0_0_200_50_99 50 150 100 2299750 79283028000 34474.6 22997.5 792830280 4.02053e+09
71_0_0_200_100_149 50 150 0.446129 0.128042 0.64009 9.45948 206.756 2.99464
71_0_0_200_100_149 50 150 100 2298701 79041075000 34385.1 22987 790410750 3.77965e+09
71_0_0_200_150_199 50 150 0.460926 0.129686 0.653926 9.67848 172.847 3.13377
71_0_0_200_150_199 50 150 100 2300367 79568742000 34589.6 23003.7 795687420 4.01632e+09
71_0_0_200_200_249 50 150 0.457376 0.129608 0.647873 9.68042 175.321 3.08459
71_0_0_200_200_249 50 150 100 2301044 79549018500 34570.8 23010.4 795490185 4.00952e+09
71_0_0_200_250_299 50 150 0.455517 0.128504 0.640779 9.59252 188.16 3.02842
71_0_0_200_250_299 50 150 100 2254077 77763564000 34499.1 22540.8 777635640 3.72636e+09
71_0_0_200_300_349 50 150 0.461632 0.129023 0.648242 9.69305 179.4 3.10286
71_0_0_200_300_349 50 150 100 2301301 79307964000 34462.2 23013 793079640 3.98346e+09
71_0_0_200_350_399 50 150 0.463672 0.129748 0.660954 9.7283 156.97 3.17931
71_0_0_200_350_399 50 150 100 2301449 79416637500 34507.2 23014.5 794166375 3.94638e+09
71_0_0_200_400_449 50 150 0.464564 0.129668 0.652544 9.80707 172.341 3.15215
71_0_0_200_400_449 50 150 100 2302461 79415787000 34491.7 23024.6 794157870 3.93201e+09
71_0_0_200_450_499 50 150 0.450373 0.128796 0.649985 9.58456 188.998 3.08807
71_0_0_200_450_499 50 150 100 2301378 79004644500 34329.3 23013.8 790046445 3.82577e+09
