20_0_0_100_0_0 25 75 0.713768 0.0839172 0.429101 14.5717 119.64 2.21857
20_0_0_100_0_0 25 75 50 23031 796084500 34565.8 460.62 15921690 5.90614e+07
20_0_0_100_1_1 25 75 0.713768 0.0839172 0.429101 14.5717 119.64 2.21857
20_0_0_100_1_1 25 75 50 23031 796084500 34565.8 460.62 15921690 5.90614e+07
20_0_0_100_2_2 25 75 0.422463 0.0865284 0.455154 9.04719 63.11 2.01615
20_0_0_100_2_2 25 75 50 23064 798028500 34600.6 461.28 15960570 4.59539e+07
20_0_0_100_3_3 25 75 0.645261 0.0857582 0.460051 12.624 107.128 2.48033
20_0_0_100_3_3 25 75 50 23016 779772000 33879.6 460.32 15595440 6.67019e+07
20_0_0_100_4_4 25 75 0.332624 0.0857972 0.450052 7.59805 76.7772 1.72249
20_0_0_100_4_4 25 75 50 23041 829608000 36005.7 460.82 16592160 5.56176e+07
20_0_0_100_5_5 25 75 0.368573 0.0851259 0.448811 8.24214 68.955 1.76789
20_0_0_100_5_5 25 75 50 23012 824697000 35837.7 460.24 16493940 4.96116e+07
20_0_0_100_6_6 25 75 0.355913 0.0848556 0.420425 7.16333 95.6397 1.37164
20_0_0_100_6_6 25 75 50 23132 806361000 34859.1 462.64 16127220 6.18032e+07
20_0_0_100_7_7 25 75 0.395566 0.088623 0.489685 9.30842 67.5889 2.1944
20_0_0_100_7_7 25 75 50 23114 829332000 35880.1 462.28 16586640 6.86011e+07
20_0_0_100_8_8 25 75 0.244051 0.0837317 0.387706 3.74832 42.3944 0.911559
20_0_0_100_8_8 25 75 50 23148 783028500 33827 462.96 15660570 3.06874e+07
20_0_0_100_9_9 25 75 0.401655 0.0842107 0.440053 9.38432 86.0123 1.84135
20_0_0_100_9_9 25 75 50 22883 770848500 33686.5 457.66 15416970 5.61639e+07
