1_45_100_240_0_0 60 180 0.60644 0.131918 0.622958 10.2498 507.747 2.79431
1_45_100_240_0_0 60 180 120 4478393 114744478500 25621.8 37319.9 9.56204e+08 3.16157e+09
1_45_100_240_1_1 60 180 0.60644 0.131918 0.622958 10.2498 507.747 2.79431
1_45_100_240_1_1 60 180 120 4478393 114744478500 25621.8 37319.9 9.56204e+08 3.16157e+09
1_45_100_240_2_2 60 180 0.588164 0.132363 0.6272 10.0662 454.296 2.74631
1_45_100_240_2_2 60 180 120 4478390 114702730500 25612.5 37319.9 9.55856e+08 3.06821e+09
1_45_100_240_3_3 60 180 0.604173 0.131839 0.618223 10.1482 462.185 2.73236
1_45_100_240_3_3 60 180 120 4480000 114721008000 25607.4 37333.3 956008400 3.13455e+09
1_45_100_240_4_4 60 180 0.597756 0.132135 0.62668 10.1633 468.08 2.78143
1_45_100_240_4_4 60 180 120 4479359 114868506000 25644 37328 957237550 3.18355e+09
1_45_100_240_5_5 60 180 0.598908 0.132195 0.627279 10.2203 515.79 2.80097
1_45_100_240_5_5 60 180 120 4479966 114849124500 25636.2 37333.1 9.57076e+08 3.17529e+09
1_45_100_240_6_6 60 180 0.593838 0.132516 0.628074 10.1185 488.396 2.75945
1_45_100_240_6_6 60 180 120 4480626 114857956500 25634.4 37338.6 9.5715e+08 3.12772e+09
1_45_100_240_7_7 60 180 0.601617 0.132355 0.627244 10.2376 495.36 2.7904
1_45_100_240_7_7 60 180 120 4479897 114869944500 25641.2 37332.5 9.5725e+08 3.16927e+09
1_45_100_240_8_8 60 180 0.594577 0.132152 0.623273 10.0253 468.037 2.72696
1_45_100_240_8_8 60 180 120 4479642 114760183500 25618.2 37330.3 9.56335e+08 3.12805e+09
1_45_100_240_9_9 60 180 0.595635 0.132295 0.622601 10.1173 467.585 2.75312
1_45_100_240_9_9 60 180 120 4480405 114923155500 25650.2 37336.7 9.57693e+08 3.11236e+09
