2_125_1000_320_0_0 80 240 0.55018 0.214235 1.14246 9.93413 360.051 4.27323
2_125_1000_320_0_0 80 240 160 4777814 124724064000 26104.8 29861.3 779525400 2.7217e+09
2_125_1000_320_1_1 80 240 0.55018 0.214235 1.14246 9.93413 360.051 4.27323
2_125_1000_320_1_1 80 240 160 4777814 124724064000 26104.8 29861.3 779525400 2.7217e+09
2_125_1000_320_2_2 80 240 0.551623 0.214085 1.14219 9.94139 364.814 4.27549
2_125_1000_320_2_2 80 240 160 4778076 124655866500 26089.1 29863 7.79099e+08 2.65791e+09
2_125_1000_320_3_3 80 240 0.54798 0.214137 1.13363 9.90755 344.514 4.22711
2_125_1000_320_3_3 80 240 160 4777075 124616893500 26086.4 29856.7 7.78856e+08 2.64241e+09
2_125_1000_320_4_4 80 240 0.552535 0.214329 1.15207 9.95597 366.097 4.31054
2_125_1000_320_4_4 80 240 160 4776930 124612158000 26086.2 29855.8 7.78826e+08 2.71712e+09
2_125_1000_320_5_5 80 240 0.548905 0.213982 1.12991 9.93244 342.524 4.23721
2_125_1000_320_5_5 80 240 160 4778143 124663609500 26090.4 29863.4 7.79148e+08 2.72567e+09
2_125_1000_320_6_6 80 240 0.549395 0.213906 1.12636 9.92666 361.984 4.22722
2_125_1000_320_6_6 80 240 160 4777343 124689432000 26100.2 29858.4 779308950 2.71306e+09
2_125_1000_320_7_7 80 240 0.546841 0.214059 1.12731 9.88578 366.55 4.22898
2_125_1000_320_7_7 80 240 160 4777937 124690068000 26097.1 29862.1 779312925 2.69375e+09
2_125_1000_320_8_8 80 240 0.551194 0.21406 1.14247 9.92819 360.018 4.26319
2_125_1000_320_8_8 80 240 160 4776922 124641234000 26092.4 29855.8 7.79008e+08 2.73951e+09
2_125_1000_320_9_9 80 240 0.545369 0.213379 1.12801 9.90428 344.39 4.21929
2_125_1000_320_9_9 80 240 160 4778376 124674546000 26091.4 29864.8 7.79216e+08 2.67822e+09
