1_625_10000_200_0_0 50 150 0.64117 0.293918 1.41353 9.81105 160.038 4.43868
1_625_10000_200_0_0 50 150 100 1585937 55417714500 34943.2 15859.4 554177145 4.60352e+09
1_625_10000_200_1_1 50 150 0.64117 0.293918 1.41353 9.81105 160.038 4.43868
1_625_10000_200_1_1 50 150 100 1585937 55417714500 34943.2 15859.4 554177145 4.60352e+09
1_625_10000_200_2_2 50 150 0.656235 0.294372 1.46298 10.0116 340.021 4.60324
1_625_10000_200_2_2 50 150 100 1586319 55326292500 34877.2 15863.2 553262925 4.73005e+09
1_625_10000_200_3_3 50 150 0.630374 0.291879 1.37053 9.7253 221.655 4.31132
1_625_10000_200_3_3 50 150 100 1585869 55103938500 34746.8 15858.7 551039385 4.43031e+09
1_625_10000_200_4_4 50 150 0.633676 0.290163 1.38402 9.78002 156.084 4.34966
1_625_10000_200_4_4 50 150 100 1585656 55410109500 34944.6 15856.6 554101095 4.71141e+09
1_625_10000_200_5_5 50 150 0.646377 0.293087 1.42558 9.92801 149.805 4.5029
1_625_10000_200_5_5 50 150 100 1587269 54969396000 34631.4 15872.7 549693960 4.62592e+09
1_625_10000_200_6_6 50 150 0.639196 0.292438 1.40593 9.86327 180.034 4.43685
1_625_10000_200_6_6 50 150 100 1586351 55240197000 34822.2 15863.5 552401970 4.47719e+09
1_625_10000_200_7_7 50 150 0.643971 0.294237 1.42386 9.90128 210.014 4.46983
1_625_10000_200_7_7 50 150 100 1584352 55233795000 34862.1 15843.5 552337950 4.61932e+09
1_625_10000_200_8_8 50 150 0.646793 0.294797 1.43957 9.94653 154.997 4.48588
1_625_10000_200_8_8 50 150 100 1586045 55274139000 34850.3 15860.5 552741390 4.70292e+09
1_625_10000_200_9_9 50 150 0.650005 0.296115 1.46788 9.96084 154.549 4.55342
1_625_10000_200_9_9 50 150 100 1586172 55334916000 34885.8 15861.7 553349160 4.60998e+09
