2_45_100_320_0_0 80 240 0.587233 0.266766 1.20408 9.78406 392.737 3.98266
2_45_100_320_0_0 80 240 160 4892531 142304091000 29086 30578.3 8.89401e+08 3.58105e+09
2_45_100_320_1_1 80 240 0.587233 0.266766 1.20408 9.78406 392.737 3.98266
2_45_100_320_1_1 80 240 160 4892531 142304091000 29086 30578.3 8.89401e+08 3.58105e+09
2_45_100_320_2_2 80 240 0.584728 0.266922 1.20766 9.74273 392.292 3.99653
2_45_100_320_2_2 80 240 160 4892530 142303785000 29085.9 30578.3 8.89399e+08 3.59032e+09
2_45_100_320_3_3 80 240 0.586853 0.267119 1.20666 9.77882 389.998 3.99581
2_45_100_320_3_3 80 240 160 4892524 142304019000 29086 30578.3 8.894e+08 3.61298e+09
2_45_100_320_4_4 80 240 0.585257 0.266998 1.20839 9.74316 393.626 3.98595
2_45_100_320_4_4 80 240 160 4892526 142302735000 29085.7 30578.3 8.89392e+08 3.61225e+09
2_45_100_320_5_5 80 240 0.583482 0.266182 1.19867 9.7079 390.023 3.96105
2_45_100_320_5_5 80 240 160 4892523 142300593000 29085.3 30578.3 8.89379e+08 3.56458e+09
2_45_100_320_6_6 80 240 0.584522 0.26572 1.20039 9.72015 380.028 3.96906
2_45_100_320_6_6 80 240 160 4892526 142304257500 29086.1 30578.3 8.89402e+08 3.5459e+09
2_45_100_320_7_7 80 240 0.586739 0.265818 1.20183 9.82163 390.028 4.00219
2_45_100_320_7_7 80 240 160 4892528 142303500000 29085.9 30578.3 889396875 3.60907e+09
2_45_100_320_8_8 80 240 0.590027 0.266696 1.21071 9.85923 380.012 4.04643
2_45_100_320_8_8 80 240 160 4892526 142304260500 29086.1 30578.3 8.89402e+08 3.62017e+09
2_45_100_320_9_9 80 240 0.587441 0.266575 1.21066 9.82826 394.079 4.0343
2_45_100_320_9_9 80 240 160 4892533 142304365500 29086 30578.3 8.89402e+08 3.60412e+09
