0 1 0 0 24 0.046875
0 1 1 0 25 0.046875
0 1 2 0 26 0.046875
0 1 3 0 27 0.046875
0 1 4 0 28 0.03125
0 1 5 0 29 0.03125
0 1 6 0 30 0.046875
0 1 7 0 73 0.03125
0 1 8 0 74 0.046875
0 1 9 0 75 0.046875
0 1 10 0 76 0.046875
0 1 11 0 77 0.03125
0 1 12 0 78 0.046875
0 1 13 0 79 0.03125
0 1 14 0 52 0.046875
0 1 15 0 53 0.046875
0 1 16 0 54 0.046875
0 1 17 0 55 0.046875
0 1 18 0 56 0.046875
0 1 19 0 57 0.046875
0 1 20 0 58 0.046875
0 1 21 0 18 0.046875
0 1 22 0 19 0.046875
1 2 0 1 24 0.03125
1 2 1 1 25 0.046875
1 2 2 1 26 0.03125
1 2 3 1 27 0.03125
1 2 4 1 28 0.046875
1 2 5 1 29 0.03125
1 2 6 1 30 0.046875
1 2 7 1 73 0.046875
1 2 8 1 74 0.046875
1 2 9 1 75 0.046875
1 2 10 1 76 0.046875
1 2 11 1 77 0.03125
1 2 12 1 78 0.03125
1 2 13 1 79 0.03125
1 2 14 1 52 0.046875
1 2 15 1 53 0.046875
1 2 16 1 54 0.046875
1 2 17 1 55 0.046875
1 2 18 1 56 0.03125
1 2 19 1 57 0.046875
1 2 21 1 18 0.046875
1 2 22 1 19 0.046875
1 2 23 1 20 0.046875
1 2 24 1 21 0.046875
2 0 0 2 24 0.046875
2 0 1 2 25 0.015625
2 0 2 2 26 0.078125
2 0 3 2 27 0.046875
2 0 4 2 28 0.015625
2 0 5 2 29 0.0625
2 0 6 2 30 0.046875
2 0 7 2 73 0.0625
2 0 8 2 74 0.0625
2 0 9 2 75 0.015625
2 0 11 2 77 0.015625
2 0 12 2 78 0.015625
2 0 14 2 52 0.015625
2 0 15 2 53 0.015625
2 0 16 2 54 0.046875
2 0 17 2 55 0.015625
2 0 18 2 56 0.015625
2 0 19 2 57 0.03125
2 0 21 2 18 0.09375
2 0 22 2 19 0.046875
2 0 25 2 22 0.015625
2 0 26 2 23 0.09375
2 0 29 2 30 0.015625
2 0 36 2 24 0.015625
2 0 60 2 20 0.09375
2 3 0 2 24 0.015625
2 3 1 2 25 0.046875
2 3 3 2 27 0.03125
2 3 4 2 28 0.046875
2 3 6 2 30 0.03125
2 3 7 2 73 0.015625
2 3 8 2 74 0.03125
2 3 9 2 75 0.046875
2 3 10 2 76 0.046875
2 3 11 2 77 0.046875
2 3 12 2 78 0.046875
2 3 13 2 79 0.046875
2 3 14 2 52 0.046875
2 3 15 2 53 0.046875
2 3 16 2 54 0.03125
2 3 17 2 55 0.046875
2 3 18 2 56 0.046875
2 3 19 2 57 0.046875
2 3 20 2 58 0.046875
2 3 22 2 19 0.03125
2 3 24 2 21 0.046875
2 3 25 2 22 0.046875
2 3 29 2 21 0.015625
2 3 34 2 26 0.015625
2 3 36 2 29 0.015625
2 3 40 2 76 0.015625
2 3 49 2 79 0.015625
2 3 53 2 58 0.015625
2 3 57 2 20 0.015625
3 0 0 3 24 0.03125
3 0 1 3 25 0.0625
3 0 2 3 26 0.015625
3 0 3 3 27 0.03125
3 0 4 3 28 0.0625
3 0 5 3 29 0.015625
3 0 6 3 30 0.03125
3 0 8 3 74 0.015625
3 0 9 3 75 0.0625
3 0 10 3 76 0.0625
3 0 11 3 77 0.0625
3 0 12 3 78 0.0625
3 0 13 3 79 0.046875
3 0 14 3 52 0.0625
3 0 15 3 53 0.046875
3 0 16 3 54 0.03125
3 0 17 3 55 0.0625
3 0 18 3 56 0.046875
3 0 19 3 57 0.0625
3 0 21 3 18 0.015625
3 0 28 3 27 0.015625
3 0 29 3 30 0.015625
3 0 42 3 29 0.015625
3 0 48 3 73 0.015625
3 0 61 3 78 0.015625
3 0 63 3 79 0.015625
3 0 79 3 73 0.015625
3 4 1 3 25 0.03125
3 4 2 3 26 0.09375
3 4 3 3 27 0.015625
3 4 4 3 28 0.03125
3 4 5 3 29 0.015625
3 4 6 3 30 0.015625
3 4 7 3 73 0.046875
3 4 8 3 74 0.046875
3 4 9 3 75 0.015625
3 4 10 3 76 0.015625
3 4 11 3 77 0.015625
3 4 12 3 78 0.015625
3 4 13 3 79 0.015625
3 4 14 3 52 0.03125
3 4 15 3 53 0.0625
3 4 16 3 54 0.078125
3 4 17 3 55 0.03125
3 4 18 3 56 0.0625
3 4 19 3 57 0.03125
3 4 20 3 58 0.125
3 4 28 3 27 0.015625
3 4 39 3 30 0.015625
3 4 41 3 73 0.015625
3 4 42 3 73 0.015625
3 4 43 3 73 0.015625
3 4 46 3 74 0.015625
3 4 48 3 74 0.015625
3 4 49 3 74 0.015625
3 4 52 3 76 0.015625
3 4 53 3 77 0.015625
3 4 67 3 29 0.046875
4 5 1 4 25 0.015625
4 5 2 4 26 0.015625
4 5 3 4 27 0.03125
4 5 5 4 29 0.015625
4 5 6 4 30 0.03125
4 5 7 4 73 0.0625
4 5 8 4 74 0.046875
4 5 9 4 75 0.015625
4 5 10 4 76 0.015625
4 5 11 4 77 0.015625
4 5 12 4 78 0.015625
4 5 13 4 79 0.0625
4 5 14 4 52 0.09375
4 5 15 4 53 0.0625
4 5 16 4 54 0.09375
4 5 17 4 55 0.03125
4 5 18 4 56 0.046875
4 5 19 4 57 0.09375
4 5 20 4 58 0.0625
4 5 31 4 26 0.015625
4 5 32 4 26 0.015625
4 5 40 4 77 0.015625
4 5 42 4 77 0.015625
4 5 43 4 78 0.015625
4 5 44 4 78 0.015625
4 5 46 4 78 0.03125
4 5 47 4 56 0.015625
4 5 50 4 57 0.015625
4 5 51 4 58 0.015625
5 6 4 5 25 0.015625
5 6 6 5 25 0.015625
5 6 7 5 25 0.015625
5 6 8 5 26 0.015625
5 6 9 5 27 0.015625
5 6 10 5 27 0.015625
5 6 11 5 27 0.03125
5 6 15 5 29 0.015625
5 6 16 5 29 0.015625
5 6 17 5 30 0.03125
5 6 18 5 30 0.046875
5 6 19 5 30 0.015625
5 6 22 5 52 0.015625
5 6 23 5 52 0.046875
5 6 25 5 53 0.015625
5 6 26 5 55 0.015625
5 6 27 5 55 0.015625
5 6 29 5 56 0.03125
5 6 30 5 56 0.015625
5 6 31 5 57 0.046875
5 6 32 5 57 0.015625
5 6 33 5 58 0.03125
5 6 34 5 58 0.03125
5 6 38 5 27 0.015625
5 6 42 5 73 0.046875
5 6 43 5 73 0.015625
5 6 45 5 73 0.015625
5 6 47 5 74 0.0625
5 6 49 5 75 0.015625
5 6 50 5 75 0.015625
5 6 52 5 75 0.015625
5 6 54 5 76 0.015625
5 6 56 5 76 0.015625
5 6 58 5 77 0.015625
5 6 60 5 77 0.03125
5 6 61 5 78 0.015625
5 6 62 5 78 0.015625
5 6 64 5 78 0.015625
5 6 65 5 78 0.015625
5 6 66 5 79 0.015625
5 6 70 5 79 0.015625
5 6 71 5 79 0.015625
5 6 74 5 79 0.015625
5 6 75 5 52 0.015625
5 6 113 5 52 0.015625
5 6 122 5 54 0.015625
5 6 156 5 73 0.015625
6 0 0 6 59 0.015625
6 0 2 6 60 0.015625
6 0 3 6 60 0.015625
6 0 7 6 62 0.015625
6 0 9 6 64 0.015625
6 0 10 6 64 0.015625
6 0 11 6 65 0.015625
6 0 12 6 65 0.015625
6 0 14 6 31 0.015625
6 0 15 6 32 0.015625
6 0 16 6 32 0.015625
6 0 17 6 32 0.015625
6 0 18 6 33 0.015625
6 0 19 6 33 0.015625
6 0 21 6 34 0.015625
6 0 22 6 34 0.015625
6 0 23 6 34 0.015625
6 0 24 6 35 0.015625
6 0 26 6 35 0.015625
6 0 28 6 35 0.015625
6 0 30 6 36 0.015625
6 0 31 6 36 0.015625
6 0 32 6 36 0.015625
6 0 34 6 37 0.015625
6 0 36 6 37 0.015625
6 0 39 6 61 0.015625
6 0 40 6 61 0.015625
6 0 46 6 34 0.015625
6 0 48 6 35 0.015625
6 0 52 6 66 0.015625
6 0 59 6 67 0.015625
6 0 61 6 68 0.015625
6 0 63 6 68 0.015625
6 0 66 6 68 0.015625
6 0 67 6 69 0.015625
6 0 68 6 70 0.015625
6 0 71 6 70 0.015625
6 0 73 6 70 0.015625
6 0 76 6 71 0.015625
6 0 77 6 71 0.015625
6 0 78 6 72 0.015625
6 0 79 6 72 0.015625
6 0 80 6 72 0.015625
6 0 81 6 12 0.015625
6 0 86 6 13 0.015625
6 0 93 6 15 0.015625
6 0 94 6 15 0.015625
6 0 95 6 15 0.015625
6 0 98 6 60 0.015625
6 0 99 6 60 0.015625
6 0 102 6 62 0.015625
6 0 105 6 62 0.015625
6 0 109 6 63 0.015625
6 0 118 6 33 0.015625
6 0 123 6 34 0.015625
6 0 125 6 36 0.015625
6 0 126 6 36 0.015625
6 0 135 6 71 0.015625
6 0 145 6 15 0.015625
6 0 150 6 17 0.015625
6 0 157 6 65 0.015625
6 0 161 6 66 0.015625
6 0 171 6 13 0.015625
6 0 181 6 61 0.015625
6 7 0 6 59 0.03125
6 7 1 6 60 0.03125
6 7 2 6 61 0.046875
6 7 3 6 62 0.0625
6 7 4 6 63 0.015625
6 7 5 6 64 0.046875
6 7 6 6 65 0.03125
6 7 7 6 31 0.03125
6 7 8 6 32 0.046875
6 7 9 6 33 0.015625
6 7 10 6 34 0.015625
6 7 11 6 35 0.0625
6 7 12 6 36 0.015625
6 7 13 6 37 0.03125
6 7 14 6 66 0.046875
6 7 15 6 67 0.015625
6 7 16 6 68 0.0625
6 7 17 6 69 0.03125
6 7 18 6 70 0.015625
6 7 19 6 71 0.015625
6 7 20 6 72 0.0625
6 7 22 6 13 0.015625
6 7 23 6 14 0.015625
6 7 24 6 15 0.015625
6 7 28 6 62 0.015625
6 7 32 6 60 0.015625
6 7 34 6 61 0.015625
6 7 35 6 62 0.015625
6 7 37 6 63 0.015625
6 7 38 6 63 0.015625
6 7 44 6 35 0.015625
6 7 45 6 36 0.015625
6 7 50 6 37 0.015625
6 7 58 6 68 0.015625
6 7 59 6 70 0.015625
6 7 60 6 70 0.015625
6 7 62 6 70 0.015625
6 7 64 6 72 0.015625
7 2 0 7 59 0.015625
7 2 1 7 59 0.015625
7 2 2 7 60 0.015625
7 2 4 7 63 0.015625
7 2 5 7 64 0.015625
7 2 6 7 65 0.015625
7 2 14 7 33 0.015625
7 2 18 7 33 0.078125
7 2 20 7 34 0.015625
7 2 28 7 35 0.0625
7 2 29 7 36 0.015625
7 2 31 7 36 0.046875
7 2 32 7 37 0.015625
7 2 33 7 37 0.015625
7 2 36 7 61 0.015625
7 2 42 7 32 0.171875
7 2 54 7 67 0.015625
7 2 66 7 71 0.015625
7 2 71 7 72 0.015625
7 2 72 7 72 0.015625
7 2 74 7 12 0.015625
7 2 82 7 15 0.015625
7 2 94 7 62 0.1875
7 2 122 7 66 0.015625
7 2 125 7 68 0.015625
7 2 126 7 68 0.015625
7 2 131 7 72 0.015625
7 2 133 7 12 0.015625
7 2 137 7 14 0.015625
7 2 159 7 32 0.015625
7 2 163 7 67 0.015625
7 2 164 7 67 0.015625
7 2 172 7 13 0.015625
7 2 196 7 13 0.015625
7 8 0 7 59 0.046875
7 8 1 7 60 0.0625
7 8 2 7 61 0.0625
7 8 4 7 63 0.046875
7 8 5 7 64 0.046875
7 8 6 7 65 0.0625
7 8 7 7 31 0.046875
7 8 9 7 33 0.03125
7 8 10 7 34 0.015625
7 8 11 7 35 0.03125
7 8 12 7 36 0.03125
7 8 13 7 37 0.015625
7 8 14 7 66 0.046875
7 8 15 7 67 0.03125
7 8 16 7 68 0.046875
7 8 17 7 69 0.046875
7 8 18 7 70 0.03125
7 8 19 7 71 0.03125
7 8 20 7 72 0.03125
7 8 21 7 12 0.046875
7 8 22 7 13 0.03125
7 8 23 7 14 0.03125
7 8 24 7 15 0.015625
7 8 38 7 33 0.015625
7 8 44 7 37 0.03125
7 8 47 7 67 0.015625
7 8 55 7 70 0.015625
7 8 60 7 72 0.015625
7 8 74 7 70 0.015625
8 9 0 8 59 0.046875
8 9 1 8 60 0.046875
8 9 2 8 61 0.03125
8 9 3 8 62 0.046875
8 9 4 8 63 0.046875
8 9 5 8 64 0.046875
8 9 6 8 65 0.046875
8 9 7 8 31 0.046875
8 9 8 8 32 0.03125
8 9 9 8 33 0.03125
8 9 10 8 34 0.03125
8 9 11 8 35 0.046875
8 9 12 8 36 0.03125
8 9 13 8 37 0.03125
8 9 14 8 66 0.03125
8 9 15 8 67 0.046875
8 9 16 8 68 0.03125
8 9 17 8 69 0.03125
8 9 18 8 70 0.03125
8 9 19 8 71 0.03125
8 9 20 8 72 0.03125
8 9 21 8 12 0.03125
8 9 22 8 13 0.046875
8 9 23 8 14 0.015625
8 9 24 8 15 0.03125
8 9 35 8 65 0.015625
8 9 48 8 35 0.015625
8 9 56 8 66 0.015625
8 9 59 8 67 0.015625
8 9 66 8 14 0.015625
9 7 0 9 59 0.046875
9 7 1 9 60 0.046875
9 7 2 9 61 0.0625
9 7 3 9 62 0.03125
9 7 4 9 63 0.0625
9 7 5 9 64 0.03125
9 7 6 9 65 0.03125
9 7 7 9 31 0.015625
9 7 8 9 32 0.015625
9 7 9 9 33 0.03125
9 7 10 9 34 0.015625
9 7 12 9 36 0.046875
9 7 13 9 37 0.03125
9 7 14 9 66 0.03125
9 7 15 9 67 0.0625
9 7 16 9 68 0.03125
9 7 17 9 69 0.015625
9 7 18 9 70 0.0625
9 7 19 9 71 0.046875
9 7 20 9 72 0.015625
9 7 21 9 12 0.03125
9 7 22 9 13 0.046875
9 7 23 9 14 0.015625
9 7 24 9 15 0.03125
9 7 27 9 34 0.015625
9 7 37 9 63 0.015625
9 7 38 9 63 0.015625
9 7 42 9 31 0.015625
9 7 47 9 37 0.015625
9 7 48 9 37 0.015625
9 7 50 9 66 0.015625
9 7 59 9 72 0.015625
9 7 64 9 14 0.015625
9 10 0 9 59 0.03125
9 10 1 9 60 0.03125
9 10 2 9 61 0.046875
9 10 3 9 62 0.0625
9 10 4 9 63 0.03125
9 10 5 9 64 0.0625
9 10 6 9 65 0.078125
9 10 7 9 31 0.046875
9 10 8 9 32 0.03125
9 10 9 9 33 0.046875
9 10 10 9 34 0.03125
9 10 11 9 35 0.015625
9 10 12 9 36 0.0625
9 10 13 9 37 0.015625
9 10 14 9 66 0.015625
9 10 15 9 67 0.015625
9 10 16 9 68 0.015625
9 10 17 9 69 0.015625
9 10 18 9 70 0.015625
9 10 19 9 71 0.03125
9 10 20 9 72 0.03125
9 10 21 9 12 0.015625
9 10 22 9 13 0.015625
9 10 23 9 14 0.015625
9 10 24 9 15 0.015625
9 10 27 9 34 0.015625
9 10 29 9 15 0.015625
9 10 32 9 61 0.015625
9 10 34 9 62 0.015625
9 10 37 9 64 0.015625
9 10 41 9 31 0.015625
9 10 42 9 32 0.015625
9 10 45 9 33 0.015625
9 10 47 9 37 0.015625
9 10 48 9 37 0.015625
9 10 60 9 71 0.015625
9 10 64 9 72 0.015625
9 10 74 9 32 0.015625
10 3 0 10 59 0.015625
10 3 1 10 59 0.015625
10 3 2 10 59 0.015625
10 3 4 10 61 0.015625
10 3 5 10 61 0.015625
10 3 8 10 63 0.015625
10 3 10 10 64 0.015625
10 3 11 10 64 0.015625
10 3 12 10 65 0.015625
10 3 14 10 65 0.015625
10 3 15 10 31 0.015625
10 3 16 10 31 0.015625
10 3 17 10 31 0.015625
10 3 18 10 31 0.015625
10 3 19 10 32 0.015625
10 3 20 10 32 0.015625
10 3 22 10 32 0.015625
10 3 23 10 32 0.015625
10 3 26 10 33 0.015625
10 3 28 10 33 0.015625
10 3 29 10 34 0.015625
10 3 30 10 34 0.015625
10 3 31 10 34 0.015625
10 3 32 10 35 0.015625
10 3 35 10 35 0.015625
10 3 36 10 35 0.015625
10 3 37 10 35 0.015625
10 3 39 10 36 0.015625
10 3 40 10 37 0.015625
10 3 41 10 37 0.015625
10 3 42 10 37 0.015625
10 3 43 10 61 0.015625
10 3 44 10 61 0.015625
10 3 49 10 34 0.015625
10 3 50 10 35 0.015625
10 3 55 10 66 0.015625
10 3 57 10 66 0.015625
10 3 58 10 66 0.015625
10 3 59 10 67 0.015625
10 3 61 10 68 0.015625
10 3 63 10 68 0.015625
10 3 66 10 69 0.015625
10 3 67 10 70 0.015625
10 3 68 10 71 0.015625
10 3 70 10 71 0.015625
10 3 71 10 71 0.015625
10 3 73 10 72 0.015625
10 3 77 10 13 0.015625
10 3 79 10 14 0.015625
10 3 81 10 14 0.015625
10 3 82 10 15 0.015625
10 3 83 10 15 0.015625
10 3 84 10 15 0.015625
10 3 94 10 59 0.015625
10 3 101 10 62 0.015625
10 3 121 10 34 0.015625
10 3 122 10 34 0.015625
10 3 123 10 36 0.015625
10 3 125 10 66 0.015625
10 3 134 10 71 0.015625
10 3 138 10 13 0.015625
10 3 165 10 37 0.015625
10 3 173 10 71 0.015625
10 3 177 10 14 0.015625
10 11 0 10 59 0.046875
10 11 1 10 60 0.046875
10 11 2 10 61 0.0625
10 11 3 10 62 0.046875
10 11 4 10 63 0.03125
10 11 5 10 64 0.0625
10 11 6 10 65 0.0625
10 11 7 10 31 0.03125
10 11 8 10 32 0.046875
10 11 10 10 34 0.046875
10 11 11 10 35 0.046875
10 11 12 10 36 0.0625
10 11 13 10 37 0.03125
10 11 14 10 66 0.03125
10 11 15 10 67 0.046875
10 11 16 10 68 0.046875
10 11 17 10 69 0.015625
10 11 18 10 70 0.015625
10 11 19 10 71 0.015625
10 11 20 10 72 0.03125
10 11 22 10 13 0.03125
10 11 23 10 14 0.015625
10 11 24 10 15 0.015625
10 11 30 10 59 0.015625
10 11 32 10 61 0.015625
10 11 37 10 62 0.015625
10 11 45 10 31 0.015625
10 11 55 10 68 0.015625
10 11 58 10 70 0.015625
10 11 59 10 71 0.015625
11 12 0 11 12 0.015625
11 12 1 11 59 0.03125
11 12 2 11 60 0.046875
11 12 3 11 61 0.046875
11 12 4 11 62 0.03125
11 12 5 11 63 0.03125
11 12 6 11 64 0.046875
11 12 7 11 65 0.03125
11 12 8 11 66 0.03125
11 12 9 11 67 0.046875
11 12 10 11 68 0.046875
11 12 11 11 69 0.03125
11 12 12 11 70 0.03125
11 12 13 11 71 0.03125
11 12 14 11 72 0.03125
11 12 15 11 59 0.015625
11 12 17 11 61 0.015625
11 12 22 11 31 0.015625
11 12 26 11 33 0.015625
11 12 27 11 34 0.015625
11 12 28 11 34 0.015625
11 12 29 11 34 0.015625
11 12 30 11 35 0.015625
11 12 31 11 35 0.015625
11 12 32 11 36 0.015625
11 12 33 11 36 0.015625
11 12 35 11 37 0.015625
11 12 36 11 66 0.015625
11 12 39 11 69 0.015625
11 12 40 11 69 0.015625
11 12 41 11 69 0.015625
11 12 44 11 70 0.015625
11 12 47 11 71 0.015625
11 12 52 11 13 0.015625
11 12 59 11 14 0.015625
11 12 60 11 14 0.015625
11 12 61 11 15 0.015625
11 12 77 11 59 0.015625
11 12 83 11 65 0.015625
11 12 93 11 67 0.015625
11 12 118 11 37 0.015625
11 12 119 11 37 0.015625
11 12 127 11 72 0.015625
11 12 157 11 35 0.015625
11 12 163 11 13 0.015625
12 13 0 12 59 0.03125
12 13 1 12 60 0.046875
12 13 2 12 61 0.046875
12 13 3 12 62 0.03125
12 13 4 12 63 0.046875
12 13 5 12 64 0.046875
12 13 6 12 65 0.03125
12 13 7 12 6 0.046875
12 13 8 12 7 0.015625
12 13 9 12 8 0.015625
12 13 10 12 9 0.015625
12 13 11 12 10 0.015625
12 13 12 12 11 0.015625
12 13 13 12 38 0.03125
12 13 14 12 39 0.046875
12 13 15 12 40 0.015625
12 13 16 12 41 0.03125
12 13 17 12 42 0.046875
12 13 18 12 43 0.03125
12 13 19 12 44 0.03125
12 13 20 12 66 0.046875
12 13 21 12 67 0.046875
12 13 22 12 68 0.046875
12 13 23 12 69 0.046875
12 13 24 12 70 0.03125
12 13 25 12 71 0.046875
12 13 26 12 72 0.03125
12 13 36 12 62 0.015625
12 13 53 12 41 0.015625
12 13 58 12 67 0.015625
12 13 65 12 69 0.015625
13 10 0 13 10 0.09375
13 10 1 13 59 0.015625
13 10 2 13 60 0.046875
13 10 3 13 61 0.046875
13 10 4 13 62 0.015625
13 10 5 13 63 0.015625
13 10 6 13 64 0.046875
13 10 7 13 65 0.015625
13 10 8 13 66 0.015625
13 10 9 13 67 0.03125
13 10 10 13 68 0.0625
13 10 11 13 69 0.03125
13 10 12 13 70 0.015625
13 10 13 13 71 0.015625
13 10 14 13 72 0.046875
13 10 15 13 59 0.015625
13 10 16 13 59 0.015625
13 10 18 13 60 0.015625
13 10 19 13 62 0.015625
13 10 20 13 63 0.015625
13 10 21 13 64 0.015625
13 10 22 13 65 0.015625
13 10 23 13 6 0.015625
13 10 24 13 6 0.015625
13 10 25 13 6 0.015625
13 10 33 13 8 0.015625
13 10 40 13 9 0.015625
13 10 45 13 11 0.015625
13 10 49 13 38 0.015625
13 10 50 13 39 0.015625
13 10 55 13 41 0.015625
13 10 56 13 41 0.015625
13 10 59 13 43 0.015625
13 10 60 13 43 0.015625
13 10 63 13 44 0.03125
13 10 68 13 71 0.015625
13 10 73 13 61 0.015625
13 10 76 13 38 0.015625
13 10 85 13 69 0.015625
13 10 86 13 69 0.015625
13 10 88 13 69 0.015625
13 10 96 13 65 0.015625
13 10 115 13 43 0.015625
13 10 121 13 71 0.015625
13 10 144 13 42 0.015625
13 14 0 13 59 0.03125
13 14 1 13 60 0.046875
13 14 2 13 61 0.015625
13 14 3 13 62 0.046875
13 14 4 13 63 0.046875
13 14 6 13 65 0.046875
13 14 7 13 6 0.015625
13 14 8 13 7 0.03125
13 14 9 13 8 0.015625
13 14 10 13 9 0.015625
13 14 11 13 10 0.015625
13 14 12 13 11 0.015625
13 14 13 13 38 0.03125
13 14 14 13 39 0.03125
13 14 15 13 40 0.0625
13 14 16 13 41 0.015625
13 14 17 13 42 0.03125
13 14 18 13 43 0.046875
13 14 20 13 66 0.03125
13 14 21 13 67 0.046875
13 14 22 13 68 0.03125
13 14 24 13 70 0.0625
13 14 25 13 71 0.046875
13 14 26 13 72 0.03125
13 14 27 13 6 0.03125
13 14 37 13 65 0.015625
13 14 45 13 41 0.015625
13 14 46 13 42 0.015625
13 14 48 13 66 0.015625
13 14 49 13 66 0.03125
13 14 51 13 69 0.015625
13 14 53 13 69 0.015625
13 14 57 13 70 0.015625
13 14 59 13 71 0.015625
14 8 0 14 8 0.03125
14 8 1 14 59 0.015625
14 8 2 14 60 0.015625
14 8 3 14 61 0.015625
14 8 4 14 62 0.0625
14 8 5 14 63 0.015625
14 8 6 14 64 0.015625
14 8 7 14 65 0.015625
14 8 8 14 66 0.015625
14 8 9 14 67 0.015625
14 8 10 14 68 0.015625
14 8 11 14 69 0.015625
14 8 12 14 70 0.03125
14 8 13 14 71 0.03125
14 8 14 14 72 0.015625
14 8 15 14 59 0.015625
14 8 19 14 63 0.015625
14 8 20 14 63 0.015625
14 8 21 14 64 0.015625
14 8 22 14 65 0.015625
14 8 23 14 65 0.015625
14 8 24 14 6 0.015625
14 8 25 14 6 0.015625
14 8 26 14 6 0.015625
14 8 31 14 7 0.015625
14 8 32 14 7 0.015625
14 8 36 14 9 0.015625
14 8 37 14 9 0.015625
14 8 43 14 10 0.015625
14 8 44 14 10 0.015625
14 8 45 14 10 0.015625
14 8 47 14 11 0.015625
14 8 49 14 11 0.015625
14 8 51 14 39 0.015625
14 8 54 14 41 0.015625
14 8 55 14 42 0.015625
14 8 59 14 43 0.015625
14 8 60 14 43 0.015625
14 8 69 14 60 0.015625
14 8 70 14 60 0.015625
14 8 73 14 38 0.015625
14 8 74 14 38 0.015625
14 8 82 14 42 0.015625
14 8 85 14 44 0.015625
14 8 86 14 66 0.015625
14 8 90 14 68 0.015625
14 8 91 14 69 0.015625
14 8 93 14 61 0.015625
14 8 96 14 65 0.015625
14 8 97 14 6 0.015625
14 8 109 14 40 0.015625
14 8 114 14 43 0.015625
14 8 116 14 44 0.015625
14 8 119 14 66 0.015625
14 8 121 14 67 0.015625
14 8 124 14 71 0.015625
14 8 132 14 39 0.015625
14 8 165 14 72 0.015625
14 11 0 14 11 0.0625
14 11 1 14 59 0.015625
14 11 2 14 60 0.03125
14 11 3 14 61 0.015625
14 11 4 14 62 0.015625
14 11 5 14 63 0.015625
14 11 6 14 64 0.015625
14 11 7 14 65 0.03125
14 11 8 14 66 0.015625
14 11 9 14 67 0.046875
14 11 10 14 68 0.0625
14 11 11 14 69 0.015625
14 11 12 14 70 0.015625
14 11 13 14 71 0.015625
14 11 14 14 72 0.015625
14 11 15 14 59 0.015625
14 11 16 14 60 0.015625
14 11 18 14 63 0.015625
14 11 19 14 63 0.015625
14 11 20 14 64 0.015625
14 11 21 14 65 0.015625
14 11 22 14 65 0.015625
14 11 24 14 6 0.015625
14 11 25 14 6 0.015625
14 11 28 14 6 0.015625
14 11 30 14 6 0.015625
14 11 34 14 8 0.015625
14 11 42 14 9 0.015625
14 11 43 14 9 0.015625
14 11 47 14 10 0.015625
14 11 49 14 10 0.015625
14 11 51 14 38 0.015625
14 11 52 14 39 0.015625
14 11 54 14 39 0.015625
14 11 58 14 41 0.015625
14 11 67 14 67 0.015625
14 11 68 14 67 0.015625
14 11 69 14 70 0.015625
14 11 73 14 59 0.015625
14 11 75 14 60 0.015625
14 11 80 14 38 0.015625
14 11 89 14 44 0.015625
14 11 91 14 66 0.015625
14 11 93 14 68 0.015625
14 11 95 14 68 0.015625
14 11 107 14 8 0.015625
14 11 115 14 40 0.015625
14 11 118 14 41 0.015625
14 11 119 14 42 0.015625
14 11 121 14 43 0.015625
14 11 128 14 67 0.015625
14 11 130 14 71 0.015625
14 11 173 14 67 0.015625
14 11 175 14 72 0.015625
14 15 0 14 59 0.046875
14 15 1 14 60 0.046875
14 15 2 14 61 0.046875
14 15 3 14 62 0.046875
14 15 4 14 63 0.046875
14 15 5 14 64 0.03125
14 15 6 14 65 0.046875
14 15 7 14 6 0.03125
14 15 8 14 7 0.046875
14 15 9 14 8 0.015625
14 15 10 14 9 0.03125
14 15 11 14 10 0.03125
14 15 12 14 11 0.03125
14 15 13 14 38 0.015625
14 15 14 14 39 0.015625
14 15 15 14 40 0.03125
14 15 16 14 41 0.015625
14 15 19 14 44 0.015625
14 15 20 14 66 0.046875
14 15 21 14 67 0.03125
14 15 22 14 68 0.015625
14 15 23 14 69 0.046875
14 15 24 14 70 0.046875
14 15 25 14 71 0.03125
14 15 26 14 72 0.046875
14 15 27 14 59 0.015625
14 15 28 14 69 0.015625
14 15 34 14 61 0.015625
14 15 36 14 62 0.015625
14 15 45 14 39 0.015625
14 15 46 14 41 0.015625
14 15 52 14 44 0.015625
14 15 57 14 68 0.015625
14 15 60 14 66 0.015625
15 16 0 15 59 0.03125
15 16 1 15 60 0.03125
15 16 2 15 61 0.03125
15 16 3 15 62 0.03125
15 16 4 15 63 0.046875
15 16 5 15 64 0.03125
15 16 6 15 65 0.03125
15 16 7 15 6 0.03125
15 16 8 15 7 0.03125
15 16 9 15 8 0.03125
15 16 10 15 9 0.03125
15 16 11 15 10 0.03125
15 16 12 15 11 0.03125
15 16 13 15 38 0.03125
15 16 14 15 39 0.03125
15 16 15 15 40 0.046875
15 16 16 15 41 0.046875
15 16 17 15 42 0.03125
15 16 18 15 43 0.046875
15 16 19 15 44 0.046875
15 16 20 15 66 0.03125
15 16 21 15 67 0.03125
15 16 22 15 68 0.046875
15 16 23 15 69 0.03125
15 16 24 15 70 0.046875
15 16 25 15 71 0.046875
15 16 26 15 72 0.046875
15 16 65 15 72 0.015625
16 17 0 16 59 0.03125
16 17 1 16 60 0.03125
16 17 2 16 61 0.046875
16 17 3 16 62 0.03125
16 17 4 16 63 0.03125
16 17 5 16 64 0.046875
16 17 6 16 65 0.03125
16 17 7 16 6 0.046875
16 17 8 16 7 0.03125
16 17 9 16 8 0.03125
16 17 10 16 9 0.03125
16 17 11 16 10 0.03125
16 17 12 16 11 0.03125
16 17 13 16 38 0.03125
16 17 14 16 39 0.046875
16 17 15 16 40 0.03125
16 17 16 16 41 0.03125
16 17 17 16 42 0.03125
16 17 18 16 43 0.03125
16 17 19 16 44 0.03125
16 17 20 16 66 0.046875
16 17 21 16 67 0.03125
16 17 22 16 68 0.046875
16 17 23 16 69 0.03125
16 17 24 16 70 0.046875
16 17 25 16 71 0.046875
16 17 26 16 72 0.046875
16 17 53 16 44 0.015625
17 18 1 17 38 0.015625
17 18 2 17 38 0.015625
17 18 6 17 39 0.03125
17 18 8 17 40 0.015625
17 18 9 17 40 0.015625
17 18 10 17 41 0.015625
17 18 11 17 41 0.015625
17 18 13 17 41 0.015625
17 18 19 17 43 0.015625
17 18 21 17 43 0.015625
17 18 22 17 43 0.015625
17 18 24 17 44 0.015625
17 18 31 17 66 0.03125
17 18 32 17 67 0.015625
17 18 33 17 68 0.015625
17 18 34 17 68 0.015625
17 18 35 17 71 0.015625
17 18 36 17 71 0.015625
17 18 37 17 71 0.015625
17 18 44 17 59 0.015625
17 18 46 17 61 0.015625
17 18 48 17 61 0.03125
17 18 49 17 62 0.03125
17 18 52 17 63 0.015625
17 18 56 17 64 0.015625
17 18 57 17 64 0.015625
17 18 60 17 65 0.015625
17 18 61 17 65 0.015625
17 18 62 17 65 0.015625
17 18 64 17 6 0.015625
17 18 65 17 6 0.015625
17 18 68 17 7 0.015625
17 18 69 17 7 0.015625
17 18 72 17 8 0.015625
17 18 76 17 10 0.015625
17 18 78 17 10 0.015625
17 18 83 17 42 0.015625
17 18 84 17 44 0.015625
17 18 88 17 68 0.015625
17 18 89 17 71 0.015625
17 18 90 17 72 0.03125
17 18 91 17 59 0.015625
17 18 92 17 59 0.015625
17 18 95 17 60 0.015625
17 18 96 17 62 0.015625
17 18 97 17 63 0.015625
17 18 107 17 8 0.015625
17 18 116 17 11 0.03125
17 18 125 17 42 0.015625
17 18 131 17 67 0.015625
17 18 135 17 69 0.015625
17 18 136 17 69 0.03125
17 18 137 17 70 0.03125
17 18 164 17 9 0.03125
17 18 168 17 38 0.015625
18 19 3 18 3 0.03125
18 19 4 18 4 0.046875
18 19 5 18 5 0.046875
18 19 6 18 73 0.046875
18 19 7 18 74 0.046875
18 19 8 18 75 0.046875
18 19 9 18 76 0.03125
18 19 10 18 77 0.046875
18 19 11 18 78 0.046875
18 19 12 18 79 0.03125
18 19 13 18 52 0.046875
18 19 14 18 53 0.03125
18 19 15 18 54 0.046875
18 19 16 18 55 0.046875
18 19 17 18 56 0.046875
18 19 18 18 57 0.046875
18 19 19 18 58 0.046875
18 19 20 18 45 0.046875
18 19 21 18 46 0.03125
18 19 22 18 47 0.046875
18 19 23 18 48 0.03125
18 19 24 18 49 0.03125
18 19 25 18 50 0.03125
18 19 26 18 51 0.046875
19 14 0 19 73 0.015625
19 14 1 19 73 0.015625
19 14 2 19 74 0.015625
19 14 3 19 75 0.015625
19 14 4 19 75 0.015625
19 14 5 19 76 0.015625
19 14 6 19 76 0.015625
19 14 7 19 77 0.015625
19 14 8 19 78 0.015625
19 14 10 19 78 0.015625
19 14 11 19 78 0.015625
19 14 19 19 47 0.015625
19 14 20 19 47 0.015625
19 14 21 19 47 0.015625
19 14 22 19 48 0.015625
19 14 23 19 48 0.03125
19 14 24 19 48 0.015625
19 14 25 19 49 0.015625
19 14 26 19 50 0.015625
19 14 27 19 50 0.03125
19 14 30 19 51 0.015625
19 14 31 19 51 0.015625
19 14 52 19 4 0.015625
19 14 53 19 4 0.015625
19 14 54 19 5 0.015625
19 14 55 19 5 0.015625
19 14 56 19 73 0.015625
19 14 57 19 73 0.015625
19 14 59 19 75 0.015625
19 14 60 19 77 0.015625
19 14 61 19 52 0.015625
19 14 62 19 52 0.015625
19 14 63 19 52 0.03125
19 14 64 19 53 0.03125
19 14 65 19 53 0.015625
19 14 66 19 53 0.015625
19 14 68 19 54 0.03125
19 14 69 19 54 0.046875
19 14 70 19 55 0.046875
19 14 71 19 55 0.015625
19 14 72 19 56 0.03125
19 14 73 19 56 0.015625
19 14 75 19 57 0.015625
19 14 76 19 57 0.015625
19 14 77 19 57 0.015625
19 14 78 19 58 0.015625
19 14 79 19 45 0.015625
19 14 98 19 4 0.015625
19 14 103 19 73 0.015625
19 14 108 19 76 0.015625
19 14 116 19 52 0.015625
19 14 121 19 53 0.015625
19 14 168 19 53 0.015625
19 14 172 19 54 0.015625
19 20 0 19 0 0.03125
19 20 3 19 3 0.03125
19 20 4 19 4 0.046875
19 20 5 19 5 0.046875
19 20 6 19 73 0.03125
19 20 7 19 74 0.0625
19 20 8 19 75 0.046875
19 20 9 19 76 0.03125
19 20 10 19 77 0.046875
19 20 11 19 78 0.03125
19 20 12 19 79 0.046875
19 20 13 19 52 0.03125
19 20 14 19 53 0.015625
19 20 15 19 54 0.015625
19 20 16 19 55 0.03125
19 20 17 19 56 0.03125
19 20 18 19 57 0.046875
19 20 19 19 58 0.046875
19 20 20 19 45 0.0625
19 20 21 19 46 0.046875
19 20 22 19 47 0.03125
19 20 23 19 48 0.015625
19 20 24 19 49 0.046875
19 20 25 19 50 0.03125
19 20 26 19 51 0.03125
19 20 61 19 57 0.015625
19 20 63 19 47 0.015625
19 20 64 19 48 0.015625
19 20 76 19 53 0.015625
20 21 0 20 0 0.03125
20 21 3 20 3 0.046875
20 21 4 20 4 0.03125
20 21 5 20 5 0.046875
20 21 6 20 73 0.046875
20 21 7 20 74 0.03125
20 21 8 20 75 0.046875
20 21 9 20 76 0.046875
20 21 10 20 77 0.046875
20 21 11 20 78 0.046875
20 21 12 20 79 0.046875
20 21 13 20 52 0.03125
20 21 14 20 53 0.03125
20 21 15 20 54 0.03125
20 21 16 20 55 0.03125
20 21 17 20 56 0.046875
20 21 18 20 57 0.03125
20 21 19 20 58 0.03125
20 21 20 20 45 0.03125
20 21 21 20 46 0.046875
20 21 22 20 47 0.03125
20 21 23 20 48 0.046875
20 21 24 20 49 0.046875
20 21 25 20 50 0.046875
20 21 26 20 51 0.046875
21 22 0 21 0 0.03125
21 22 1 21 1 0.03125
21 22 4 21 4 0.046875
21 22 5 21 5 0.046875
21 22 6 21 73 0.046875
21 22 7 21 74 0.03125
21 22 8 21 75 0.046875
21 22 9 21 76 0.046875
21 22 10 21 77 0.03125
21 22 11 21 78 0.046875
21 22 12 21 79 0.03125
21 22 14 21 53 0.046875
21 22 15 21 54 0.046875
21 22 16 21 55 0.03125
21 22 17 21 56 0.03125
21 22 18 21 57 0.015625
21 22 19 21 58 0.03125
21 22 20 21 45 0.046875
21 22 21 21 46 0.046875
21 22 22 21 47 0.046875
21 22 23 21 48 0.046875
21 22 24 21 49 0.03125
21 22 25 21 50 0.046875
21 22 26 21 51 0.03125
21 22 46 21 52 0.03125
21 22 56 21 57 0.03125
22 23 0 22 0 0.03125
22 23 1 22 1 0.03125
22 23 4 22 4 0.046875
22 23 5 22 5 0.03125
22 23 6 22 73 0.046875
22 23 7 22 74 0.046875
22 23 8 22 75 0.046875
22 23 9 22 76 0.03125
22 23 10 22 77 0.046875
22 23 11 22 78 0.046875
22 23 12 22 79 0.046875
22 23 13 22 52 0.03125
22 23 14 22 53 0.03125
22 23 15 22 54 0.046875
22 23 16 22 55 0.03125
22 23 17 22 56 0.03125
22 23 18 22 57 0.046875
22 23 19 22 58 0.046875
22 23 20 22 45 0.046875
22 23 21 22 46 0.046875
22 23 22 22 47 0.046875
22 23 23 22 48 0.03125
22 23 24 22 49 0.03125
22 23 25 22 50 0.046875
22 23 26 22 51 0.03125
23 15 1 23 74 0.0625
23 15 2 23 75 0.015625
23 15 3 23 75 0.015625
23 15 4 23 76 0.015625
23 15 5 23 77 0.015625
23 15 6 23 78 0.015625
23 15 7 23 78 0.015625
23 15 8 23 78 0.015625
23 15 10 23 79 0.03125
23 15 11 23 79 0.015625
23 15 12 23 45 0.015625
23 15 13 23 45 0.015625
23 15 14 23 46 0.03125
23 15 15 23 46 0.03125
23 15 16 23 46 0.015625
23 15 17 23 46 0.015625
23 15 18 23 47 0.03125
23 15 19 23 48 0.015625
23 15 21 23 49 0.015625
23 15 22 23 49 0.015625
23 15 23 23 49 0.015625
23 15 25 23 50 0.015625
23 15 26 23 51 0.015625
23 15 27 23 51 0.015625
23 15 28 23 51 0.046875
23 15 29 23 51 0.015625
23 15 30 23 51 0.015625
23 15 39 23 1 0.03125
23 15 50 23 5 0.015625
23 15 51 23 5 0.015625
23 15 53 23 73 0.015625
23 15 54 23 73 0.046875
23 15 55 23 74 0.03125
23 15 56 23 75 0.015625
23 15 57 23 76 0.015625
23 15 58 23 77 0.015625
23 15 71 23 56 0.015625
23 15 81 23 45 0.015625
23 15 83 23 47 0.015625
23 15 88 23 50 0.015625
23 15 89 23 50 0.015625
23 15 92 23 1 0.015625
23 15 95 23 3 0.015625
23 15 98 23 4 0.015625
23 15 99 23 4 0.015625
23 15 110 23 77 0.015625
23 15 111 23 77 0.015625
23 15 116 23 78 0.015625
23 15 119 23 79 0.015625
23 15 145 23 47 0.015625
23 15 146 23 48 0.015625
23 24 1 23 1 0.03125
23 24 3 23 3 0.03125
23 24 4 23 4 0.03125
23 24 5 23 5 0.046875
23 24 6 23 52 0.046875
23 24 7 23 53 0.046875
23 24 8 23 54 0.015625
23 24 9 23 55 0.015625
23 24 10 23 56 0.046875
23 24 11 23 57 0.03125
23 24 12 23 58 0.0625
23 24 13 23 4 0.03125
23 24 17 23 75 0.015625
23 24 23 23 79 0.015625
23 24 24 23 52 0.015625
23 24 25 23 52 0.015625
23 24 26 23 53 0.015625
23 24 28 23 54 0.015625
23 24 30 23 57 0.015625
23 24 44 23 3 0.015625
23 24 46 23 75 0.015625
23 24 55 23 55 0.03125
23 24 64 23 48 0.015625
23 24 72 23 73 0.015625
23 24 78 23 76 0.03125
23 24 79 23 76 0.015625
23 24 83 23 77 0.03125
23 24 86 23 78 0.015625
23 24 88 23 78 0.015625
23 24 95 23 54 0.015625
23 24 100 23 45 0.015625
23 24 106 23 46 0.015625
23 24 111 23 47 0.015625
23 24 112 23 47 0.015625
23 24 114 23 48 0.015625
23 24 115 23 48 0.015625
23 24 120 23 49 0.015625
23 24 126 23 50 0.015625
23 24 128 23 50 0.015625
23 24 130 23 51 0.015625
23 24 138 23 73 0.015625
23 24 139 23 74 0.015625
23 24 143 23 77 0.015625
23 24 150 23 79 0.015625
23 24 161 23 50 0.015625
24 16 0 24 59 0.03125
24 16 1 24 60 0.015625
24 16 2 24 61 0.015625
24 16 3 24 62 0.0625
24 16 4 24 63 0.015625
24 16 5 24 64 0.015625
24 16 6 24 65 0.03125
24 16 7 24 59 0.015625
24 16 8 24 59 0.03125
24 16 10 24 62 0.015625
24 16 11 24 63 0.015625
24 16 13 24 63 0.03125
24 16 14 24 64 0.015625
24 16 15 24 65 0.015625
24 16 16 24 31 0.015625
24 16 17 24 31 0.015625
24 16 18 24 32 0.015625
24 16 21 24 33 0.015625
24 16 22 24 33 0.03125
24 16 23 24 34 0.015625
24 16 25 24 34 0.015625
24 16 26 24 34 0.015625
24 16 27 24 35 0.015625
24 16 28 24 35 0.015625
24 16 29 24 35 0.015625
24 16 30 24 36 0.015625
24 16 31 24 36 0.015625
24 16 32 24 36 0.03125
24 16 33 24 37 0.015625
24 16 50 24 4 0.015625
24 16 53 24 5 0.015625
24 16 54 24 5 0.015625
24 16 57 24 60 0.015625
24 16 68 24 65 0.015625
24 16 70 24 52 0.015625
24 16 71 24 53 0.015625
24 16 73 24 53 0.015625
24 16 74 24 54 0.015625
24 16 78 24 57 0.015625
24 16 79 24 57 0.015625
24 16 80 24 58 0.046875
24 16 87 24 33 0.015625
24 16 89 24 35 0.015625
24 16 112 24 53 0.015625
24 16 120 24 55 0.015625
24 16 121 24 55 0.015625
24 16 137 24 32 0.015625
24 16 140 24 34 0.015625
24 16 161 24 62 0.015625
24 16 167 24 54 0.015625
24 16 170 24 55 0.015625
24 16 171 24 56 0.015625
24 16 183 24 64 0.015625
24 20 0 24 0 0.03125
24 20 3 24 3 0.046875
24 20 4 24 4 0.015625
24 20 5 24 5 0.03125
24 20 6 24 52 0.03125
24 20 7 24 53 0.046875
24 20 8 24 54 0.046875
24 20 9 24 55 0.03125
24 20 10 24 56 0.0625
24 20 11 24 57 0.03125
24 20 12 24 58 0.015625
24 20 22 24 4 0.015625
24 20 23 24 53 0.015625
24 20 28 24 34 0.015625
24 20 30 24 35 0.015625
24 20 32 24 37 0.015625
24 20 33 24 37 0.015625
24 20 37 24 4 0.015625
24 20 48 24 64 0.015625
24 20 50 24 65 0.015625
24 20 62 24 55 0.015625
24 20 68 24 57 0.015625
24 20 73 24 32 0.015625
24 20 74 24 33 0.015625
24 20 88 24 60 0.046875
24 20 91 24 62 0.015625
24 20 98 24 63 0.015625
24 20 101 24 64 0.015625
24 20 105 24 64 0.015625
24 20 111 24 54 0.015625
24 20 115 24 31 0.015625
24 20 119 24 32 0.015625
24 20 122 24 34 0.015625
24 20 126 24 34 0.015625
24 20 132 24 35 0.015625
24 20 133 24 35 0.03125
24 20 137 24 59 0.015625
24 20 141 24 61 0.03125
24 20 154 24 32 0.015625
24 20 155 24 32 0.015625
24 20 158 24 33 0.03125
24 20 161 24 36 0.015625
24 20 167 24 60 0.015625
24 20 178 24 52 0.015625
24 20 179 24 55 0.015625
25 26 4 25 4 0.015625
25 26 5 25 5 0.015625
25 26 6 25 59 0.046875
25 26 7 25 60 0.03125
25 26 8 25 61 0.0625
25 26 10 25 63 0.046875
25 26 11 25 64 0.046875
25 26 12 25 65 0.046875
25 26 13 25 52 0.0625
25 26 14 25 53 0.0625
25 26 15 25 54 0.0625
25 26 16 25 55 0.046875
25 26 17 25 56 0.0625
25 26 18 25 57 0.0625
25 26 19 25 58 0.046875
25 26 20 25 31 0.03125
25 26 21 25 32 0.046875
25 26 22 25 33 0.03125
25 26 23 25 34 0.046875
25 26 24 25 35 0.046875
25 26 25 25 36 0.03125
25 26 26 25 37 0.03125
25 26 47 25 65 0.015625
26 27 4 26 4 0.015625
26 27 5 26 5 0.015625
26 27 6 26 59 0.046875
26 27 7 26 60 0.046875
26 27 8 26 61 0.015625
26 27 9 26 62 0.046875
26 27 10 26 63 0.046875
26 27 11 26 64 0.03125
26 27 12 26 65 0.046875
26 27 13 26 52 0.046875
26 27 14 26 53 0.046875
26 27 15 26 54 0.0625
26 27 16 26 55 0.046875
26 27 17 26 56 0.046875
26 27 18 26 57 0.046875
26 27 19 26 58 0.046875
26 27 20 26 31 0.046875
26 27 21 26 32 0.046875
26 27 22 26 33 0.03125
26 27 23 26 34 0.03125
26 27 24 26 35 0.046875
26 27 25 26 36 0.046875
26 27 26 26 37 0.015625
26 27 27 26 61 0.015625
26 27 28 26 55 0.015625
26 27 29 26 56 0.015625
26 27 30 26 37 0.015625
26 27 61 26 61 0.015625
27 28 4 27 4 0.015625
27 28 5 27 5 0.015625
27 28 6 27 59 0.046875
27 28 7 27 60 0.046875
27 28 8 27 61 0.03125
27 28 9 27 62 0.046875
27 28 10 27 63 0.03125
27 28 11 27 64 0.03125
27 28 12 27 65 0.046875
27 28 13 27 52 0.03125
27 28 14 27 53 0.046875
27 28 15 27 54 0.046875
27 28 16 27 55 0.03125
27 28 17 27 56 0.046875
27 28 18 27 57 0.0625
27 28 19 27 58 0.0625
27 28 20 27 31 0.046875
27 28 21 27 32 0.046875
27 28 22 27 33 0.015625
27 28 23 27 34 0.046875
27 28 24 27 35 0.046875
27 28 25 27 36 0.046875
27 28 26 27 37 0.046875
27 28 29 27 32 0.015625
27 28 30 27 33 0.03125
27 28 47 27 63 0.015625
28 25 4 28 4 0.03125
28 25 5 28 5 0.03125
28 25 6 28 59 0.046875
28 25 7 28 60 0.03125
28 25 8 28 61 0.046875
28 25 9 28 62 0.046875
28 25 10 28 63 0.046875
28 25 11 28 64 0.046875
28 25 12 28 65 0.046875
28 25 13 28 52 0.0625
28 25 14 28 53 0.046875
28 25 15 28 54 0.046875
28 25 16 28 55 0.046875
28 25 17 28 56 0.046875
28 25 18 28 57 0.046875
28 25 19 28 58 0.0625
28 25 20 28 31 0.046875
28 25 21 28 32 0.03125
28 25 22 28 33 0.03125
28 25 23 28 34 0.046875
28 25 24 28 35 0.046875
28 25 25 28 36 0.03125
28 25 26 28 37 0.03125
28 29 4 28 4 0.03125
28 29 5 28 5 0.03125
28 29 6 28 59 0.015625
28 29 7 28 60 0.09375
28 29 8 28 61 0.046875
28 29 9 28 62 0.015625
28 29 10 28 63 0.015625
28 29 11 28 64 0.046875
28 29 12 28 65 0.046875
28 29 13 28 52 0.015625
28 29 14 28 53 0.046875
28 29 15 28 54 0.015625
28 29 16 28 55 0.015625
28 29 17 28 56 0.03125
28 29 18 28 57 0.046875
28 29 19 28 58 0.03125
28 29 20 28 31 0.03125
28 29 21 28 32 0.0625
28 29 22 28 33 0.046875
28 29 23 28 34 0.046875
28 29 24 28 35 0.03125
28 29 25 28 36 0.046875
28 29 26 28 37 0.046875
28 29 27 28 5 0.03125
28 29 28 28 62 0.015625
28 29 29 28 58 0.015625
28 29 45 28 55 0.015625
28 29 47 28 56 0.015625
28 29 48 28 56 0.015625
28 29 49 28 31 0.015625
28 29 53 28 34 0.015625
29 30 6 29 59 0.03125
29 30 7 29 60 0.0625
29 30 8 29 61 0.0625
29 30 9 29 62 0.03125
29 30 10 29 63 0.015625
29 30 11 29 64 0.0625
29 30 12 29 65 0.015625
29 30 13 29 52 0.078125
29 30 14 29 53 0.0625
29 30 15 29 54 0.0625
29 30 16 29 55 0.046875
29 30 17 29 56 0.0625
29 30 18 29 57 0.078125
29 30 19 29 58 0.03125
29 30 20 29 31 0.03125
29 30 21 29 32 0.03125
29 30 22 29 33 0.015625
29 30 23 29 34 0.03125
29 30 24 29 35 0.03125
29 30 25 29 36 0.03125
29 30 26 29 37 0.015625
29 30 29 29 33 0.015625
29 30 30 29 36 0.015625
29 30 41 29 59 0.015625
29 30 47 29 63 0.015625
29 30 50 29 64 0.015625
29 30 55 29 53 0.015625
29 30 60 29 31 0.015625
30 31 0 30 31 0.109375
30 31 1 30 59 0.03125
30 31 2 30 60 0.046875
30 31 3 30 61 0.046875
30 31 4 30 62 0.046875
30 31 5 30 63 0.046875
30 31 6 30 64 0.015625
30 31 7 30 65 0.015625
30 31 8 30 52 0.03125
30 31 9 30 53 0.046875
30 31 10 30 54 0.03125
30 31 11 30 55 0.03125
30 31 12 30 56 0.03125
30 31 13 30 57 0.046875
30 31 14 30 58 0.0625
30 31 29 30 59 0.015625
30 31 30 30 60 0.015625
30 31 31 30 61 0.015625
30 31 32 30 62 0.015625
30 31 34 30 63 0.015625
30 31 37 30 54 0.015625
30 31 38 30 55 0.015625
30 31 42 30 58 0.015625
30 31 43 30 32 0.015625
30 31 46 30 32 0.015625
30 31 47 30 32 0.015625
30 31 51 30 33 0.015625
30 31 56 30 34 0.015625
30 31 57 30 34 0.015625
30 31 58 30 34 0.015625
30 31 60 30 35 0.015625
30 31 61 30 35 0.015625
30 31 65 30 36 0.015625
30 31 66 30 37 0.015625
30 31 69 30 37 0.015625
30 31 72 30 4 0.015625
30 31 87 30 65 0.015625
30 31 107 30 55 0.015625
31 32 0 31 24 0.015625
31 32 1 31 25 0.015625
31 32 2 31 26 0.015625
31 32 3 31 27 0.015625
31 32 5 31 29 0.03125
31 32 6 31 30 0.046875
31 32 7 31 52 0.078125
31 32 8 31 53 0.03125
31 32 9 31 54 0.046875
31 32 10 31 55 0.03125
31 32 11 31 56 0.03125
31 32 12 31 57 0.0625
31 32 13 31 58 0.078125
31 32 14 31 59 0.046875
31 32 15 31 60 0.0625
31 32 16 31 61 0.0625
31 32 17 31 62 0.0625
31 32 18 31 63 0.0625
31 32 19 31 64 0.03125
31 32 20 31 65 0.046875
31 32 21 31 6 0.015625
31 32 23 31 8 0.015625
31 32 25 31 10 0.015625
31 32 29 31 60 0.015625
31 32 31 31 6 0.015625
31 32 38 31 29 0.015625
31 32 42 31 53 0.015625
31 32 47 31 64 0.015625
32 33 1 32 25 0.015625
32 33 2 32 26 0.015625
32 33 3 32 27 0.015625
32 33 5 32 29 0.015625
32 33 6 32 30 0.046875
32 33 7 32 52 0.078125
32 33 8 32 53 0.015625
32 33 9 32 54 0.0625
32 33 10 32 55 0.0625
32 33 11 32 56 0.0625
32 33 12 32 57 0.015625
32 33 13 32 58 0.0625
32 33 14 32 59 0.0625
32 33 15 32 60 0.0625
32 33 16 32 61 0.078125
32 33 17 32 62 0.0625
32 33 18 32 63 0.0625
32 33 19 32 64 0.0625
32 33 20 32 65 0.0625
32 33 21 32 6 0.015625
32 33 28 32 25 0.015625
32 33 37 32 30 0.015625
32 33 44 32 59 0.015625
32 33 45 32 59 0.015625
33 34 1 33 25 0.015625
33 34 2 33 26 0.015625
33 34 3 33 27 0.015625
33 34 5 33 29 0.015625
33 34 6 33 30 0.046875
33 34 7 33 52 0.03125
33 34 9 33 54 0.046875
33 34 10 33 55 0.0625
33 34 11 33 56 0.0625
33 34 12 33 57 0.046875
33 34 13 33 58 0.046875
33 34 14 33 59 0.0625
33 34 15 33 60 0.078125
33 34 16 33 61 0.0625
33 34 17 33 62 0.078125
33 34 18 33 63 0.046875
33 34 19 33 64 0.0625
33 34 20 33 65 0.0625
33 34 21 33 6 0.015625
33 34 26 33 11 0.015625
33 34 27 33 27 0.015625
33 34 30 33 65 0.015625
33 34 34 33 24 0.015625
33 34 41 33 30 0.015625
33 34 43 33 52 0.015625
33 34 47 33 55 0.015625
33 34 52 33 60 0.015625
34 35 1 34 25 0.015625
34 35 2 34 26 0.015625
34 35 3 34 27 0.015625
34 35 5 34 29 0.015625
34 35 6 34 30 0.046875
34 35 7 34 52 0.046875
34 35 8 34 53 0.0625
34 35 9 34 54 0.078125
34 35 10 34 55 0.0625
34 35 11 34 56 0.046875
34 35 13 34 58 0.046875
34 35 14 34 59 0.0625
34 35 15 34 60 0.046875
34 35 16 34 61 0.046875
34 35 17 34 62 0.0625
34 35 18 34 63 0.046875
34 35 19 34 64 0.0625
34 35 20 34 65 0.0625
34 35 21 34 6 0.015625
34 35 30 34 59 0.015625
34 35 32 34 62 0.015625
34 35 42 34 54 0.015625
34 35 49 34 59 0.015625
34 35 52 34 62 0.015625
34 35 55 34 63 0.015625
34 35 56 34 64 0.015625
34 35 57 34 65 0.015625
34 35 58 34 65 0.015625
35 36 0 35 24 0.03125
35 36 1 35 25 0.015625
35 36 2 35 26 0.015625
35 36 3 35 27 0.015625
35 36 5 35 29 0.046875
35 36 6 35 30 0.046875
35 36 8 35 53 0.0625
35 36 9 35 54 0.03125
35 36 10 35 55 0.078125
35 36 11 35 56 0.046875
35 36 12 35 57 0.046875
35 36 13 35 58 0.03125
35 36 14 35 59 0.046875
35 36 15 35 60 0.0625
35 36 16 35 61 0.0625
35 36 17 35 62 0.0625
35 36 18 35 63 0.078125
35 36 19 35 64 0.09375
35 36 20 35 65 0.046875
35 36 25 35 10 0.015625
35 36 26 35 11 0.015625
35 36 43 35 59 0.015625
35 36 46 35 63 0.015625
35 36 49 35 6 0.015625
36 37 0 36 24 0.03125
36 37 1 36 25 0.015625
36 37 2 36 26 0.03125
36 37 3 36 27 0.015625
36 37 5 36 29 0.03125
36 37 6 36 30 0.046875
36 37 7 36 52 0.0625
36 37 8 36 53 0.046875
36 37 9 36 54 0.03125
36 37 10 36 55 0.0625
36 37 11 36 56 0.0625
36 37 12 36 57 0.03125
36 37 13 36 58 0.03125
36 37 14 36 59 0.046875
36 37 15 36 60 0.046875
36 37 16 36 61 0.0625
36 37 17 36 62 0.03125
36 37 18 36 63 0.078125
36 37 19 36 64 0.09375
36 37 20 36 65 0.046875
36 37 21 36 6 0.015625
36 37 25 36 10 0.015625
36 37 26 36 11 0.015625
36 37 27 36 24 0.015625
36 37 36 36 56 0.015625
36 37 48 36 63 0.015625
37 38 1 37 61 0.015625
37 38 5 37 63 0.015625
37 38 7 37 64 0.015625
37 38 10 37 6 0.015625
37 38 11 37 6 0.015625
37 38 14 37 7 0.015625
37 38 16 37 8 0.015625
37 38 20 37 10 0.015625
37 38 23 37 11 0.015625
37 38 30 37 26 0.015625
37 38 31 37 26 0.03125
37 38 33 37 27 0.015625
37 38 34 37 27 0.015625
37 38 45 37 30 0.015625
37 38 56 37 55 0.03125
37 38 61 37 56 0.046875
37 38 64 37 58 0.046875
37 38 69 37 59 0.015625
37 38 71 37 63 0.0625
37 38 73 37 65 0.03125
37 38 79 37 9 0.015625
37 38 80 37 9 0.015625
37 38 81 37 10 0.015625
37 38 85 37 24 0.015625
37 38 89 37 26 0.015625
37 38 96 37 30 0.015625
37 38 100 37 53 0.015625
37 38 104 37 56 0.015625
37 38 105 37 56 0.015625
37 38 107 37 57 0.015625
37 38 110 37 59 0.015625
37 38 115 37 61 0.015625
37 38 117 37 62 0.015625
37 38 121 37 63 0.015625
37 38 122 37 63 0.015625
37 38 124 37 64 0.015625
37 38 128 37 64 0.015625
37 38 131 37 65 0.015625
37 38 132 37 6 0.03125
37 38 133 37 6 0.03125
37 38 136 37 10 0.015625
37 38 153 37 30 0.015625
37 38 154 37 30 0.03125
37 38 167 37 57 0.015625
37 38 171 37 59 0.015625
37 38 172 37 60 0.015625
37 38 173 37 61 0.015625
37 38 176 37 64 0.015625
37 38 183 37 25 0.015625
37 38 187 37 52 0.015625
37 38 189 37 60 0.015625
38 39 0 38 73 0.046875
38 39 1 38 74 0.046875
38 39 2 38 75 0.0625
38 39 3 38 76 0.03125
38 39 4 38 77 0.015625
38 39 5 38 78 0.03125
38 39 6 38 79 0.046875
38 39 8 38 13 0.015625
38 39 13 38 66 0.03125
38 39 14 38 67 0.03125
38 39 15 38 68 0.03125
38 39 16 38 69 0.03125
38 39 17 38 70 0.046875
38 39 18 38 71 0.03125
38 39 19 38 72 0.046875
38 39 20 38 45 0.015625
38 39 21 38 46 0.046875
38 39 22 38 47 0.03125
38 39 23 38 48 0.03125
38 39 24 38 49 0.03125
38 39 25 38 50 0.0625
38 39 26 38 51 0.0625
38 39 27 38 76 0.015625
38 39 29 38 47 0.015625
38 39 30 38 49 0.015625
38 39 40 38 78 0.015625
38 39 54 38 72 0.015625
38 39 55 38 47 0.015625
38 39 56 38 48 0.015625
38 39 60 38 48 0.015625
38 39 61 38 49 0.015625
38 39 64 38 49 0.015625
38 39 65 38 51 0.015625
39 40 0 39 73 0.03125
39 40 1 39 74 0.03125
39 40 2 39 75 0.015625
39 40 3 39 76 0.03125
39 40 4 39 77 0.03125
39 40 5 39 78 0.046875
39 40 6 39 79 0.046875
39 40 13 39 66 0.046875
39 40 14 39 67 0.046875
39 40 15 39 68 0.046875
39 40 16 39 69 0.015625
39 40 17 39 70 0.046875
39 40 18 39 71 0.078125
39 40 19 39 72 0.046875
39 40 20 39 45 0.03125
39 40 21 39 46 0.046875
39 40 22 39 47 0.03125
39 40 23 39 48 0.046875
39 40 24 39 49 0.015625
39 40 25 39 50 0.046875
39 40 26 39 51 0.046875
39 40 27 39 78 0.015625
39 40 29 39 67 0.015625
39 40 47 39 66 0.015625
39 40 48 39 66 0.015625
39 40 52 39 69 0.015625
39 40 53 39 70 0.015625
39 40 55 39 70 0.015625
39 40 56 39 71 0.015625
39 40 57 39 72 0.015625
39 40 60 39 48 0.015625
39 40 61 39 50 0.015625
40 41 0 40 73 0.046875
40 41 1 40 74 0.015625
40 41 2 40 75 0.0625
40 41 3 40 76 0.046875
40 41 4 40 77 0.046875
40 41 5 40 78 0.03125
40 41 6 40 79 0.015625
40 41 8 40 13 0.015625
40 41 13 40 66 0.046875
40 41 14 40 67 0.046875
40 41 15 40 68 0.0625
40 41 16 40 69 0.046875
40 41 17 40 70 0.03125
40 41 18 40 71 0.046875
40 41 19 40 72 0.046875
40 41 20 40 45 0.03125
40 41 21 40 46 0.03125
40 41 22 40 47 0.03125
40 41 23 40 48 0.046875
40 41 24 40 49 0.046875
40 41 25 40 50 0.03125
40 41 26 40 51 0.0625
40 41 56 40 69 0.015625
40 41 57 40 70 0.015625
40 41 58 40 70 0.015625
40 41 62 40 48 0.015625
40 41 63 40 49 0.015625
40 41 64 40 49 0.015625
40 41 68 40 51 0.015625
41 42 0 41 73 0.0625
41 42 1 41 74 0.046875
41 42 2 41 75 0.046875
41 42 3 41 76 0.046875
41 42 4 41 77 0.03125
41 42 5 41 78 0.03125
41 42 6 41 79 0.015625
41 42 7 41 12 0.015625
41 42 8 41 13 0.015625
41 42 13 41 66 0.03125
41 42 14 41 67 0.0625
41 42 15 41 68 0.046875
41 42 16 41 69 0.03125
41 42 17 41 70 0.03125
41 42 18 41 71 0.046875
41 42 19 41 72 0.046875
41 42 20 41 45 0.015625
41 42 21 41 46 0.015625
41 42 22 41 47 0.046875
41 42 23 41 48 0.03125
41 42 24 41 49 0.015625
41 42 25 41 50 0.03125
41 42 26 41 51 0.078125
41 42 27 41 79 0.015625
41 42 29 41 66 0.015625
41 42 30 41 71 0.015625
41 42 31 41 47 0.015625
41 42 32 41 49 0.03125
41 42 53 41 66 0.015625
41 42 59 41 69 0.015625
41 42 64 41 50 0.015625
41 42 67 41 69 0.015625
42 43 0 42 73 0.0625
42 43 1 42 74 0.0625
42 43 2 42 75 0.03125
42 43 3 42 76 0.0625
42 43 4 42 77 0.03125
42 43 5 42 78 0.015625
42 43 6 42 79 0.015625
42 43 13 42 66 0.03125
42 43 14 42 67 0.046875
42 43 15 42 68 0.046875
42 43 16 42 69 0.03125
42 43 17 42 70 0.03125
42 43 18 42 71 0.03125
42 43 19 42 72 0.03125
42 43 20 42 45 0.015625
42 43 21 42 46 0.046875
42 43 22 42 47 0.046875
42 43 23 42 48 0.03125
42 43 24 42 49 0.03125
42 43 25 42 50 0.03125
42 43 26 42 51 0.0625
42 43 27 42 77 0.015625
42 43 28 42 66 0.015625
42 43 29 42 67 0.015625
42 43 30 42 45 0.015625
42 43 31 42 49 0.015625
42 43 32 42 49 0.015625
42 43 35 42 75 0.015625
42 43 42 42 77 0.015625
42 43 57 42 69 0.015625
42 43 58 42 71 0.015625
42 43 62 42 45 0.015625
42 43 65 42 48 0.015625
42 43 78 42 70 0.015625
43 44 0 43 73 0.03125
43 44 1 43 74 0.015625
43 44 2 43 75 0.015625
43 44 3 43 76 0.03125
43 44 4 43 77 0.015625
43 44 5 43 78 0.046875
43 44 6 43 79 0.0625
43 44 13 43 66 0.03125
43 44 14 43 67 0.03125
43 44 15 43 68 0.0625
43 44 16 43 69 0.0625
43 44 17 43 70 0.0625
43 44 18 43 71 0.03125
43 44 19 43 72 0.046875
43 44 20 43 45 0.03125
43 44 21 43 46 0.046875
43 44 22 43 47 0.03125
43 44 23 43 48 0.046875
43 44 24 43 49 0.03125
43 44 25 43 50 0.046875
43 44 26 43 51 0.0625
43 44 27 43 76 0.015625
43 44 30 43 49 0.015625
43 44 31 43 49 0.015625
43 44 51 43 72 0.015625
43 44 52 43 47 0.015625
43 44 53 43 47 0.015625
43 44 55 43 48 0.015625
43 44 56 43 49 0.015625
43 44 59 43 49 0.015625
43 44 68 43 46 0.015625
44 45 0 44 45 0.125
44 45 1 44 73 0.03125
44 45 2 44 74 0.03125
44 45 3 44 75 0.046875
44 45 4 44 76 0.03125
44 45 5 44 77 0.015625
44 45 6 44 78 0.046875
44 45 7 44 79 0.03125
44 45 8 44 66 0.03125
44 45 9 44 67 0.015625
44 45 10 44 68 0.03125
44 45 11 44 69 0.015625
44 45 12 44 70 0.015625
44 45 13 44 71 0.03125
44 45 14 44 72 0.015625
44 45 15 44 74 0.015625
44 45 20 44 78 0.015625
44 45 22 44 12 0.015625
44 45 37 44 66 0.015625
44 45 38 44 66 0.015625
44 45 39 44 66 0.015625
44 45 40 44 66 0.015625
44 45 41 44 69 0.015625
44 45 42 44 70 0.015625
44 45 43 44 71 0.015625
44 45 44 44 71 0.015625
44 45 45 44 72 0.015625
44 45 46 44 72 0.015625
44 45 47 44 46 0.015625
44 45 50 44 46 0.015625
44 45 51 44 46 0.015625
44 45 52 44 46 0.015625
44 45 53 44 47 0.015625
44 45 58 44 47 0.015625
44 45 59 44 48 0.015625
44 45 61 44 49 0.015625
44 45 62 44 50 0.015625
44 45 63 44 50 0.015625
44 45 67 44 51 0.03125
44 45 68 44 51 0.015625
44 45 86 44 70 0.015625
44 45 89 44 47 0.015625
44 45 122 44 47 0.015625
44 45 123 44 48 0.015625
44 45 124 44 48 0.015625
45 28 1 45 74 0.078125
45 28 8 45 78 0.0625
45 28 32 45 75 0.03125
45 28 34 45 76 0.015625
45 28 43 45 66 0.03125
45 28 45 45 67 0.015625
45 28 46 45 67 0.015625
45 28 48 45 68 0.015625
45 28 51 45 69 0.015625
45 28 53 45 69 0.015625
45 28 54 45 70 0.015625
45 28 55 45 70 0.015625
45 28 56 45 70 0.015625
45 28 58 45 71 0.015625
45 28 59 45 71 0.015625
45 28 61 45 71 0.015625
45 28 62 45 71 0.015625
45 28 66 45 72 0.015625
45 28 67 45 72 0.015625
45 28 68 45 72 0.015625
45 28 71 45 39 0.015625
45 28 72 45 39 0.03125
45 28 78 45 41 0.015625
45 28 80 45 42 0.015625
45 28 83 45 43 0.015625
45 28 87 45 44 0.03125
45 28 90 45 73 0.015625
45 28 92 45 74 0.015625
45 28 98 45 76 0.015625
45 28 99 45 76 0.015625
45 28 102 45 77 0.015625
45 28 104 45 78 0.046875
45 28 106 45 79 0.015625
45 28 107 45 79 0.046875
45 28 122 45 66 0.015625
45 28 123 45 66 0.015625
45 28 125 45 67 0.015625
45 28 132 45 69 0.015625
45 28 134 45 70 0.015625
45 28 152 45 42 0.015625
45 28 153 45 42 0.015625
45 28 156 45 43 0.015625
45 28 158 45 44 0.015625
45 28 159 45 44 0.015625
45 28 163 45 76 0.015625
45 28 167 45 79 0.015625
45 28 179 45 38 0.015625
45 28 185 45 42 0.015625
45 28 193 45 78 0.015625
45 46 0 45 73 0.078125
45 46 1 45 74 0.015625
45 46 2 45 75 0.046875
45 46 3 45 76 0.046875
45 46 4 45 77 0.078125
45 46 5 45 78 0.015625
45 46 6 45 79 0.03125
45 46 13 45 66 0.03125
45 46 14 45 67 0.015625
45 46 15 45 68 0.046875
45 46 16 45 69 0.03125
45 46 17 45 70 0.03125
45 46 18 45 71 0.03125
45 46 19 45 72 0.03125
45 46 20 45 38 0.015625
45 46 21 45 39 0.03125
45 46 22 45 40 0.015625
45 46 23 45 41 0.046875
45 46 24 45 42 0.015625
45 46 25 45 43 0.03125
45 46 26 45 44 0.03125
45 46 27 45 74 0.015625
45 46 28 45 67 0.015625
45 46 30 45 73 0.015625
45 46 31 45 75 0.03125
45 46 32 45 76 0.015625
45 46 33 45 77 0.03125
45 46 36 45 79 0.015625
45 46 37 45 79 0.015625
45 46 38 45 79 0.015625
45 46 52 45 66 0.015625
45 46 54 45 68 0.015625
45 46 55 45 68 0.015625
45 46 63 45 72 0.015625
45 46 65 45 39 0.015625
45 46 68 45 40 0.015625
45 46 70 45 43 0.015625
46 47 0 46 73 0.0625
46 47 1 46 74 0.03125
46 47 2 46 75 0.0625
46 47 3 46 76 0.046875
46 47 4 46 77 0.0625
46 47 5 46 78 0.109375
46 47 6 46 79 0.0625
46 47 13 46 66 0.015625
46 47 14 46 67 0.03125
46 47 15 46 68 0.015625
46 47 16 46 69 0.078125
46 47 17 46 70 0.046875
46 47 18 46 71 0.015625
46 47 19 46 72 0.046875
46 47 20 46 38 0.03125
46 47 21 46 39 0.046875
46 47 22 46 40 0.015625
46 47 23 46 41 0.015625
46 47 24 46 42 0.015625
46 47 25 46 43 0.03125
46 47 26 46 44 0.015625
46 47 27 46 42 0.015625
46 47 29 46 75 0.015625
46 47 43 46 66 0.015625
46 47 54 46 38 0.015625
46 47 56 46 40 0.015625
46 47 58 46 42 0.015625
46 47 60 46 42 0.015625
46 47 61 46 42 0.015625
46 47 76 46 70 0.015625
47 48 0 47 73 0.046875
47 48 1 47 74 0.0625
47 48 2 47 75 0.046875
47 48 3 47 76 0.0625
47 48 4 47 77 0.046875
47 48 5 47 78 0.046875
47 48 6 47 79 0.046875
47 48 13 47 66 0.03125
47 48 14 47 67 0.03125
47 48 15 47 68 0.03125
47 48 16 47 69 0.078125
47 48 17 47 70 0.03125
47 48 18 47 71 0.015625
47 48 19 47 72 0.03125
47 48 20 47 38 0.015625
47 48 21 47 39 0.015625
47 48 22 47 40 0.03125
47 48 23 47 41 0.015625
47 48 24 47 42 0.015625
47 48 25 47 43 0.015625
47 48 26 47 44 0.03125
47 48 27 47 78 0.015625
47 48 28 47 69 0.015625
47 48 30 47 74 0.015625
47 48 32 47 75 0.015625
47 48 33 47 76 0.015625
47 48 35 47 78 0.015625
47 48 36 47 79 0.015625
47 48 37 47 79 0.015625
47 48 38 47 79 0.03125
47 48 52 47 68 0.015625
47 48 57 47 70 0.015625
47 48 59 47 70 0.03125
47 48 63 47 40 0.015625
47 48 79 47 72 0.015625
48 29 0 48 73 0.03125
48 29 3 48 74 0.03125
48 29 8 48 78 0.046875
48 29 32 48 75 0.015625
48 29 34 48 76 0.046875
48 29 40 48 66 0.015625
48 29 41 48 66 0.015625
48 29 42 48 66 0.015625
48 29 45 48 67 0.03125
48 29 46 48 67 0.03125
48 29 49 48 68 0.015625
48 29 50 48 69 0.015625
48 29 51 48 69 0.015625
48 29 52 48 69 0.015625
48 29 54 48 70 0.015625
48 29 56 48 71 0.015625
48 29 57 48 71 0.015625
48 29 58 48 71 0.015625
48 29 61 48 72 0.015625
48 29 62 48 72 0.015625
48 29 63 48 72 0.015625
48 29 64 48 72 0.015625
48 29 65 48 72 0.015625
48 29 68 48 38 0.015625
48 29 69 48 39 0.015625
48 29 70 48 39 0.015625
48 29 76 48 43 0.015625
48 29 80 48 44 0.015625
48 29 81 48 73 0.015625
48 29 82 48 73 0.015625
48 29 88 48 76 0.015625
48 29 92 48 77 0.015625
48 29 94 48 78 0.015625
48 29 97 48 79 0.015625
48 29 108 48 66 0.015625
48 29 109 48 66 0.015625
48 29 110 48 66 0.015625
48 29 113 48 67 0.015625
48 29 119 48 38 0.03125
48 29 133 48 42 0.015625
48 29 135 48 42 0.015625
48 29 139 48 44 0.015625
48 29 142 48 44 0.015625
48 29 145 48 73 0.046875
48 29 146 48 74 0.015625
48 29 147 48 74 0.015625
48 29 148 48 76 0.015625
48 29 149 48 76 0.015625
48 29 153 48 77 0.015625
48 29 171 48 38 0.015625
48 29 186 48 44 0.015625
48 29 187 48 73 0.015625
48 29 199 48 42 0.015625
