1325_0_0_43_0_0 10 32 0.528295 0.204823 0.91967 9.99025 110.009 4.45504
1325_0_0_43_0_0 10 32 22 1339109 47007990000 35103.9 60868.6 2.13673e+09 1.08881e+10
1325_0_0_43_1_1 10 32 0.528295 0.204823 0.91967 9.99025 110.009 4.45504
1325_0_0_43_1_1 10 32 22 1339109 47007990000 35103.9 60868.6 2.13673e+09 1.08881e+10
1325_0_0_43_2_2 10 32 0.522413 0.204583 0.892006 9.98891 86.5782 4.34472
1325_0_0_43_2_2 10 32 22 1338001 46835700000 35004.2 60818.2 2.1289e+09 1.07892e+10
1325_0_0_43_3_3 10 32 0.521354 0.204524 0.898658 9.92326 100.012 4.33595
1325_0_0_43_3_3 10 32 22 1339234 46955874000 35061.7 60874.3 2.13436e+09 1.09483e+10
1325_0_0_43_4_4 10 32 0.528285 0.205069 0.924786 10.0157 109.896 4.47115
1325_0_0_43_4_4 10 32 22 1338356 46949526000 35080 60834.4 2.13407e+09 1.07422e+10
1325_0_0_43_5_5 10 32 0.518188 0.202992 0.890371 9.89642 102.369 4.30858
1325_0_0_43_5_5 10 32 22 1337606 46600458000 34838.7 60800.3 2.1182e+09 1.06235e+10
1325_0_0_43_6_6 10 32 0.523504 0.204374 0.910981 9.93783 103.584 4.37169
1325_0_0_43_6_6 10 32 22 1337949 47007681000 35134.1 60815.9 2.13671e+09 1.08654e+10
1325_0_0_43_7_7 10 32 0.519893 0.204598 0.892896 9.91213 100.002 4.33733
1325_0_0_43_7_7 10 32 22 1337441 46842837000 35024.2 60792.8 2.12922e+09 1.08941e+10
1325_0_0_43_8_8 10 32 0.522967 0.203967 0.90626 9.99 84.5015 4.37443
1325_0_0_43_8_8 10 32 22 1338251 46782732000 34958.1 60829.6 2.12649e+09 1.07364e+10
1325_0_0_43_9_9 10 32 0.522351 0.204839 0.911546 9.97658 90.0081 4.3435
1325_0_0_43_9_9 10 32 22 1338257 46984101000 35108.4 60829.9 2.13564e+09 1.08324e+10
