1375_0_0_44_0_0 11 33 0.55064 0.208027 1.0234 10.1001 110.023 4.75537
1375_0_0_44_0_0 11 33 22 1357897 47713095000 35137.5 61722.6 2.16878e+09 1.15314e+10
1375_0_0_44_1_1 11 33 0.55064 0.208027 1.0234 10.1001 110.023 4.75537
1375_0_0_44_1_1 11 33 22 1357897 47713095000 35137.5 61722.6 2.16878e+09 1.15314e+10
1375_0_0_44_2_2 11 33 0.552336 0.207789 1.02365 10.1452 110.018 4.79014
1375_0_0_44_2_2 11 33 22 1356829 47491137000 35001.6 61674 2.15869e+09 1.15345e+10
1375_0_0_44_3_3 11 33 0.550648 0.208462 1.03372 10.0901 88.4192 4.76647
1375_0_0_44_3_3 11 33 22 1358282 47627515500 35064.5 61740.1 2.16489e+09 1.15847e+10
1375_0_0_44_4_4 11 33 0.550681 0.207749 1.02531 10.1033 104.14 4.74921
1375_0_0_44_4_4 11 33 22 1357206 47661717000 35117.5 61691.2 2.16644e+09 1.15453e+10
1375_0_0_44_5_5 11 33 0.546439 0.207254 1.00865 10.0629 110.006 4.68161
1375_0_0_44_5_5 11 33 22 1357079 47373486000 34908.4 61685.4 2.15334e+09 1.11859e+10
1375_0_0_44_6_6 11 33 0.548481 0.20815 1.00831 10.1321 115.784 4.71271
1375_0_0_44_6_6 11 33 22 1356960 47633452500 35103.1 61680 2.16516e+09 1.14184e+10
1375_0_0_44_7_7 11 33 0.550229 0.208142 1.02345 10.1633 109.998 4.76031
1375_0_0_44_7_7 11 33 22 1356786 47596824000 35080.6 61672.1 2163492000 1.15889e+10
1375_0_0_44_8_8 11 33 0.54265 0.206144 0.981719 10.0697 110.002 4.63823
1375_0_0_44_8_8 11 33 22 1357347 47471803500 34974 61697.6 2157809250 1.14114e+10
1375_0_0_44_9_9 11 33 0.550748 0.207609 1.01595 10.1386 110.015 4.74965
1375_0_0_44_9_9 11 33 22 1357079 47626342500 35094.7 61685.4 2164833750 1.15211e+10
