m_scalability2_rrg_120_1.log	0.2605558736159744	0.105522	4.75185	25.6438
m_scalability2_rrg_120_2.log	0.26282929318399956	0.106472	4.79211	24.6004
m_scalability2_rrg_120_3.log	0.2642222027310619	0.107004	4.85636	24.8208
m_scalability2_rrg_120_4.log	0.2586904704938383	0.105383	4.60908	24.0987
m_scalability2_rrg_120_5.log	0.26305152990885977	0.106555	4.89851	23.7175
m_scalability2_rrg_140_1.log	0.2782702644131373	0.111989	5.39717	25.4837
m_scalability2_rrg_140_2.log	0.2794867678606247	0.112238	5.49364	25.6212
m_scalability2_rrg_140_3.log	0.2683407227801497	0.109212	5.0376	24.0864
m_scalability2_rrg_140_4.log	0.2782380774413844	0.110854	5.44666	27.0999
m_scalability2_rrg_140_5.log	0.27934693801976307	0.111992	5.46835	25.4876
m_scalability2_rrg_160_1.log	0.27565621179935845	0.110898	5.28358	27.8941
m_scalability2_rrg_160_2.log	0.26982409007009694	0.109216	5.07785	25.0049
m_scalability2_rrg_160_3.log	0.2705417562447044	0.109891	5.10467	25.4279
m_scalability2_rrg_160_4.log	0.2705035826952239	0.11008	5.06672	25.3735
m_scalability2_rrg_160_5.log	0.27679137764645817	0.111052	5.39803	25.9284
