9_25_100_1000_0_0 250 750 0.57093 0.133128 2.00574 9.93161 330.648 5.56254
9_25_100_1000_0_0 250 750 500 430680 14776756500 34310.3 861.36 29553513 2.28187e+08
9_25_100_1000_1_1 250 750 0.57093 0.133128 2.00574 9.93161 330.648 5.56254
9_25_100_1000_1_1 250 750 500 430680 14776756500 34310.3 861.36 29553513 2.28187e+08
9_25_100_1000_2_2 250 750 0.598151 0.133866 2.40173 10.1233 235.453 6.00763
9_25_100_1000_2_2 250 750 500 429340 15029319000 35005.6 858.68 30058638 2.50195e+08
9_25_100_1000_3_3 250 750 0.569934 0.132525 2.07698 9.91307 999.863 5.59729
9_25_100_1000_3_3 250 750 500 429932 14256132000 33159 859.864 28512264 2.06402e+08
9_25_100_1000_4_4 250 750 0.590658 0.133768 2.19353 10.1093 102.444 5.91952
9_25_100_1000_4_4 250 750 500 429314 15161968500 35316.7 858.628 30323937 2.51027e+08
9_25_100_1000_5_5 250 750 0.618357 0.133346 2.35145 10.2551 1168.59 6.0952
9_25_100_1000_5_5 250 750 500 429178 15209410500 35438.5 858.356 30418821 2.51771e+08
9_25_100_1000_6_6 250 750 0.56875 0.132786 2.01412 9.85992 135.193 5.57545
9_25_100_1000_6_6 250 750 500 428924 14503861500 33814.5 857.848 29007723 2.31049e+08
9_25_100_1000_7_7 250 750 0.579606 0.132816 2.08473 9.96965 191.66 5.71307
9_25_100_1000_7_7 250 750 500 430090 14692246500 34160.9 860.18 29384493 2.40362e+08
9_25_100_1000_8_8 250 750 0.570476 0.133045 2.11273 10.004 92.2362 5.70148
9_25_100_1000_8_8 250 750 500 430926 14565657000 33800.8 861.852 29131314 1.94856e+08
9_25_100_1000_9_9 250 750 0.570233 0.132478 2.07652 9.97282 116.237 5.61634
9_25_100_1000_9_9 250 750 500 428875 14493537000 33794.3 857.75 28987074 2.15167e+08
