8_875_1000_1000_0_0 250 750 0.586969 0.136875 1.96981 10.0852 179.957 5.6164
8_875_1000_1000_0_0 250 750 500 656467 23063958000 35133.5 1312.93 46127916 4.08641e+08
8_875_1000_1000_1_1 250 750 0.586969 0.136875 1.96981 10.0852 179.957 5.6164
8_875_1000_1000_1_1 250 750 500 656467 23063958000 35133.5 1312.93 46127916 4.08641e+08
8_875_1000_1000_2_2 250 750 0.567166 0.136461 1.83316 9.99108 139.773 5.38731
8_875_1000_1000_2_2 250 750 500 654647 22589220000 34506 1309.29 45178440 3.65388e+08
8_875_1000_1000_3_3 250 750 0.568054 0.136141 1.82666 9.89793 429.558 5.36276
8_875_1000_1000_3_3 250 750 500 654401 22519879500 34413 1308.8 45039759 3.65792e+08
8_875_1000_1000_4_4 250 750 0.58265 0.137234 1.96723 10.0275 179.771 5.59731
8_875_1000_1000_4_4 250 750 500 653581 23121970500 35377.4 1307.16 46243941 4.12017e+08
8_875_1000_1000_5_5 250 750 0.581093 0.136726 1.94265 10.1161 98.5627 5.57084
8_875_1000_1000_5_5 250 750 500 653126 22962444000 35157.8 1306.25 45924888 4.00029e+08
8_875_1000_1000_6_6 250 750 0.576334 0.136463 1.92366 10.0503 110.114 5.49957
8_875_1000_1000_6_6 250 750 500 653034 22609795500 34622.7 1306.07 45219591 4.00172e+08
8_875_1000_1000_7_7 250 750 0.568161 0.136068 1.79442 10.0074 446.429 5.4166
8_875_1000_1000_7_7 250 750 500 654164 22693599000 34691 1308.33 45387198 3.94684e+08
8_875_1000_1000_8_8 250 750 0.570555 0.136968 1.90818 9.98902 137.842 5.49374
8_875_1000_1000_8_8 250 750 500 656051 22738420500 34659.5 1312.1 45476841 3.70992e+08
8_875_1000_1000_9_9 250 750 0.584985 0.136206 1.8967 10.0032 740.044 5.49726
8_875_1000_1000_9_9 250 750 500 652697 22599919500 34625.4 1305.39 45199839 3.79897e+08
