14_0_0_200_0_0 50 150 1.01294 0.105623 0.45938 9.5261 1080.63 1.65248
14_0_0_200_0_0 50 150 100 1887637 45902152500 24317.3 18876.4 459021525 1.31219e+09
14_0_0_200_1_1 50 150 1.01294 0.105623 0.45938 9.5261 1080.63 1.65248
14_0_0_200_1_1 50 150 100 1887637 45902152500 24317.3 18876.4 459021525 1.31219e+09
14_0_0_200_2_2 50 150 0.935684 0.105746 0.457425 9.27544 600.463 1.6085
14_0_0_200_2_2 50 150 100 1887631 45901849500 24317.2 18876.3 459018495 1.26134e+09
14_0_0_200_3_3 50 150 1.00297 0.105323 0.458825 9.84875 574.594 1.71287
14_0_0_200_3_3 50 150 100 1887631 45901687500 24317.1 18876.3 459016875 1.35404e+09
14_0_0_200_4_4 50 150 0.98766 0.105664 0.460345 9.64116 1080.19 1.69818
14_0_0_200_4_4 50 150 100 1887635 45901795500 24317.1 18876.3 459017955 1.32553e+09
14_0_0_200_5_5 50 150 0.94266 0.10561 0.452039 9.08182 588.795 1.52558
14_0_0_200_5_5 50 150 100 1887636 45902077500 24317.2 18876.4 459020775 1.25024e+09
14_0_0_200_6_6 50 150 0.911128 0.105923 0.456204 9.27218 1080.83 1.59467
14_0_0_200_6_6 50 150 100 1887632 45902065500 24317.3 18876.3 459020655 1.22266e+09
14_0_0_200_7_7 50 150 0.984242 0.105466 0.457169 9.53002 1082.59 1.63883
14_0_0_200_7_7 50 150 100 1887631 45901714500 24317.1 18876.3 459017145 1.35195e+09
14_0_0_200_8_8 50 150 0.986154 0.105322 0.45718 9.31041 1088.75 1.60898
14_0_0_200_8_8 50 150 100 1887629 45902083500 24317.3 18876.3 459020835 1.33198e+09
14_0_0_200_9_9 50 150 0.984557 0.105008 0.457853 9.57589 1078.34 1.66222
14_0_0_200_9_9 50 150 100 1887635 45901960500 24317.2 18876.3 459019605 1.35273e+09
