0_54_100_200_0_0 50 150 0.605553 0.25204 1.28181 9.97755 180.043 4.3385
0_54_100_200_0_0 50 150 100 2410101 84008833500 34857 24101 840088335 6.50984e+09
0_54_100_200_1_1 50 150 0.605553 0.25204 1.28181 9.97755 180.043 4.3385
0_54_100_200_1_1 50 150 100 2410101 84008833500 34857 24101 840088335 6.50984e+09
0_54_100_200_2_2 50 150 0.599959 0.250339 1.25586 9.9089 270.014 4.25624
0_54_100_200_2_2 50 150 100 2408867 84329044500 35007.8 24088.7 843290445 6.60398e+09
0_54_100_200_3_3 50 150 0.600146 0.249305 1.2566 9.97822 322.756 4.29995
0_54_100_200_3_3 50 150 100 2409001 83939403000 34844.1 24090 839394030 6.25882e+09
0_54_100_200_4_4 50 150 0.61454 0.253252 1.31948 10.0181 390.047 4.43054
0_54_100_200_4_4 50 150 100 2408920 84753940500 35183.4 24089.2 847539405 6.94057e+09
0_54_100_200_5_5 50 150 0.590289 0.248455 1.23056 9.78055 279.764 4.19778
0_54_100_200_5_5 50 150 100 2411350 83645772000 34688.4 24113.5 836457720 6.2042e+09
0_54_100_200_6_6 50 150 0.587065 0.247494 1.21355 9.76982 340.024 4.11254
0_54_100_200_6_6 50 150 100 2406909 84009198000 34903.4 24069.1 840091980 6.46758e+09
0_54_100_200_7_7 50 150 0.607969 0.251885 1.29717 9.9869 360.002 4.3755
0_54_100_200_7_7 50 150 100 2410179 84078670500 34884.8 24101.8 840786705 6.63174e+09
0_54_100_200_8_8 50 150 0.618043 0.253431 1.31962 10.0888 430.03 4.45284
0_54_100_200_8_8 50 150 100 2409930 84707505000 35149.4 24099.3 847075050 6.96808e+09
0_54_100_200_9_9 50 150 0.611513 0.250923 1.29734 10.0903 158.052 4.42992
0_54_100_200_9_9 50 150 100 2409622 84236188500 34958.3 24096.2 842361885 6.69196e+09
