0 1 7 0 25 1.0
0 2 0 0 18 1.0
0 3 7 0 25 1.0
0 4 7 0 25 1.0
0 5 6 0 24 1.0
0 6 8 0 25 1.0
0 7 8 0 25 1.0
0 8 8 0 25 1.0
0 9 26 0 23 1.0
0 10 7 0 24 1.0
0 12 7 0 24 1.0
0 14 8 0 25 1.0
0 15 8 0 25 1.0
0 17 7 0 24 1.0
0 18 0 0 18 1.0
0 19 0 0 19 1.0
0 20 0 0 20 1.0
0 23 5 0 56 1.0
0 24 0 0 24 1.0
0 25 0 0 25 1.0
0 26 13 0 24 1.0
0 27 0 0 27 1.0
0 28 0 0 28 1.0
0 29 1 0 52 1.0
0 30 0 0 30 1.0
0 31 9 0 54 1.0
0 32 9 0 54 1.0
0 33 0 0 24 1.0
0 37 0 0 24 1.0
0 40 1 0 74 1.0
0 41 1 0 74 1.0
0 42 1 0 74 1.0
0 43 0 0 73 1.0
0 44 9 0 20 1.0
0 45 6 0 73 1.0
0 46 6 0 73 1.0
0 50 6 0 73 1.0
0 51 6 0 73 1.0
0 53 0 0 53 1.0
0 54 0 0 54 1.0
0 55 0 0 55 1.0
0 56 0 0 56 1.0
0 57 0 0 57 1.0
0 58 0 0 58 1.0
0 63 0 0 24 1.0
0 64 3 0 27 1.0
0 65 6 0 30 1.0
0 66 7 0 18 1.0
0 67 7 0 18 1.0
0 68 7 0 18 1.0
0 69 25 0 52 1.0
0 70 25 0 52 1.0
0 71 7 0 18 1.0
0 72 7 0 18 1.0
0 73 0 0 73 1.0
0 74 0 0 74 1.0
0 75 0 0 75 1.0
0 77 0 0 77 1.0
0 78 0 0 78 1.0
0 79 0 0 79 1.0
1 0 7 1 25 1.0
1 2 11 1 29 1.0
1 3 26 1 79 1.0
1 4 6 1 24 1.0
1 5 7 1 25 1.0
1 6 7 1 24 1.0
1 7 8 1 25 1.0
1 8 7 1 24 1.0
1 9 7 1 24 1.0
1 10 8 1 25 1.0
1 11 8 1 25 1.0
1 12 7 1 24 1.0
1 13 8 1 25 1.0
1 14 8 1 25 1.0
1 15 7 1 24 1.0
1 16 7 1 24 1.0
1 17 7 1 24 1.0
1 18 0 1 18 1.0
1 19 0 1 19 1.0
1 20 0 1 20 1.0
1 21 0 1 21 1.0
1 22 0 1 22 0.96875
1 22 5 1 56 0.03125
1 23 0 1 23 1.0
1 24 13 1 25 1.0
1 25 0 1 25 1.0
1 26 0 1 26 1.0
1 27 0 1 27 1.0
1 28 0 1 28 1.0
1 29 0 1 29 1.0
1 30 0 1 30 1.0
1 31 1 1 25 1.0
1 32 1 1 25 1.0
1 33 0 1 24 1.0
1 34 2 1 26 0.59375
1 34 12 1 57 0.40625
1 35 11 1 56 1.0
1 36 0 1 24 1.0
1 37 0 1 24 1.0
1 38 0 1 73 1.0
1 39 0 1 73 1.0
1 40 0 1 73 1.0
1 41 1 1 74 1.0
1 42 1 1 74 1.0
1 43 0 1 73 1.0
1 44 0 1 73 1.0
1 45 6 1 73 1.0
1 46 6 1 73 1.0
1 47 6 1 73 1.0
1 48 6 1 73 1.0
1 49 6 1 73 1.0
1 50 6 1 73 1.0
1 51 6 1 73 1.0
1 52 0 1 52 1.0
1 53 0 1 53 1.0
1 54 0 1 54 1.0
1 55 0 1 55 1.0
1 56 0 1 56 1.0
1 57 8 1 25 1.0
1 58 0 1 58 1.0
1 59 0 1 24 1.0
1 60 0 1 24 1.0
1 61 0 1 24 1.0
1 62 0 1 24 1.0
1 63 1 1 25 1.0
1 64 0 1 24 1.0
1 65 19 1 78 1.0
1 66 7 1 18 1.0
1 67 7 1 18 1.0
1 68 7 1 18 1.0
1 69 7 1 18 1.0
1 70 25 1 52 1.0
1 71 7 1 18 1.0
1 72 7 1 18 1.0
1 73 0 1 73 1.0
1 74 0 1 74 1.0
1 75 0 1 75 1.0
1 76 0 1 76 1.0
1 77 0 1 77 1.0
1 78 0 1 78 1.0
1 79 0 1 79 1.0
2 0 7 2 25 1.0
2 1 6 2 24 1.0
2 3 6 2 24 1.0
2 4 6 2 24 1.0
2 5 6 2 24 1.0
2 6 7 2 24 1.0
2 7 7 2 24 1.0
2 8 7 2 24 1.0
2 9 8 2 25 1.0
2 10 8 2 25 1.0
2 11 8 2 25 1.0
2 12 7 2 24 1.0
2 13 7 2 24 1.0
2 14 7 2 24 1.0
2 15 8 2 25 1.0
2 16 7 2 24 1.0
2 17 7 2 24 1.0
2 18 0 2 18 1.0
2 19 0 2 19 1.0
2 20 0 2 20 1.0
2 21 8 2 73 1.0
2 22 0 2 22 1.0
2 23 0 2 23 1.0
2 24 0 2 24 1.0
2 25 13 2 24 1.0
2 26 0 2 26 1.0
2 27 0 2 27 1.0
2 28 0 2 28 1.0
2 29 0 2 29 1.0
2 30 0 2 30 1.0
2 31 0 2 24 1.0
2 32 0 2 24 1.0
2 33 0 2 24 1.0
2 35 0 2 24 1.0
2 36 6 2 30 1.0
2 37 4 2 28 1.0
2 38 0 2 73 1.0
2 39 0 2 73 1.0
2 40 0 2 73 1.0
2 41 1 2 74 1.0
2 42 21 2 54 1.0
2 43 0 2 73 1.0
2 44 1 2 74 1.0
2 45 6 2 73 1.0
2 46 6 2 73 1.0
2 47 6 2 73 1.0
2 48 6 2 73 1.0
2 49 0 2 18 1.0
2 50 6 2 73 1.0
2 51 6 2 73 1.0
2 52 0 2 52 1.0
2 53 0 2 53 1.0
2 54 0 2 54 1.0
2 55 0 2 55 1.0
2 56 0 2 56 1.0
2 57 0 2 57 1.0
2 58 0 2 58 1.0
2 59 1 2 25 1.0
2 60 0 2 24 1.0
2 61 0 2 24 1.0
2 62 0 2 24 1.0
2 63 0 2 24 1.0
2 64 0 2 24 1.0
2 65 0 2 24 1.0
2 66 7 2 18 1.0
2 67 7 2 18 1.0
2 68 7 2 18 1.0
2 69 7 2 18 1.0
2 70 7 2 18 1.0
2 71 7 2 18 1.0
2 72 7 2 18 1.0
2 73 1 2 18 1.0
2 74 0 2 74 1.0
2 75 0 2 75 1.0
2 76 0 2 76 1.0
2 77 0 2 77 1.0
2 78 0 2 78 1.0
2 79 0 2 79 1.0
3 0 25 3 78 1.0
3 1 7 3 25 1.0
3 2 19 3 58 1.0
3 4 7 3 25 1.0
3 5 6 3 24 1.0
3 6 8 3 25 1.0
3 7 8 3 25 1.0
3 9 7 3 24 1.0
3 10 8 3 25 1.0
3 12 7 3 24 1.0
3 14 7 3 24 1.0
3 15 8 3 25 1.0
3 19 0 3 19 1.0
3 20 0 3 20 1.0
3 21 0 3 21 1.0
3 23 0 3 23 1.0
3 24 0 3 24 1.0
3 25 0 3 25 1.0
3 26 0 3 26 1.0
3 27 0 3 27 1.0
3 28 0 3 28 1.0
3 29 0 3 29 1.0
3 30 0 3 30 1.0
3 31 0 3 24 1.0
3 32 0 3 24 1.0
3 36 0 3 24 1.0
3 37 0 3 24 1.0
3 40 1 3 74 1.0
3 41 1 3 74 1.0
3 42 14 3 25 1.0
3 44 1 3 74 1.0
3 45 7 3 74 1.0
3 51 6 3 73 1.0
3 52 0 3 52 1.0
3 53 0 3 53 1.0
3 54 0 3 54 1.0
3 56 0 3 56 1.0
3 57 0 3 57 1.0
3 58 0 3 58 1.0
3 60 0 3 24 1.0
3 62 0 3 24 1.0
3 63 0 3 24 1.0
3 64 0 3 24 1.0
3 65 0 3 24 1.0
3 66 7 3 18 1.0
3 67 7 3 18 1.0
3 68 7 3 18 1.0
3 69 7 3 18 1.0
3 70 25 3 52 1.0
3 71 7 3 18 1.0
3 72 7 3 18 1.0
3 73 1 3 18 1.0
3 74 0 3 74 1.0
3 77 0 3 77 1.0
3 78 1 3 18 1.0
3 79 0 3 79 1.0
4 0 6 4 24 1.0
4 1 6 4 24 1.0
4 2 6 4 24 1.0
4 3 6 4 24 1.0
4 5 6 4 24 1.0
4 6 8 4 25 1.0
4 7 5 4 57 0.03125
4 7 8 4 25 0.96875
4 9 8 4 25 1.0
4 10 8 4 25 1.0
4 14 8 4 25 1.0
4 15 8 4 25 1.0
4 17 8 4 25 1.0
4 18 0 4 18 1.0
4 19 0 4 19 1.0
4 20 0 4 20 1.0
4 21 0 4 21 1.0
4 23 0 4 23 1.0
4 24 0 4 24 1.0
4 25 0 4 25 1.0
4 26 0 4 26 1.0
4 27 0 4 27 1.0
4 28 0 4 28 1.0
4 29 0 4 29 1.0
4 30 0 4 30 1.0
4 31 0 4 24 1.0
4 32 0 4 24 1.0
4 36 0 4 24 1.0
4 37 0 4 24 1.0
4 40 1 4 74 1.0
4 41 1 4 74 1.0
4 42 1 4 74 1.0
4 44 1 4 74 1.0
4 45 7 4 74 1.0
4 50 7 4 74 1.0
4 51 6 4 73 1.0
4 53 0 4 53 1.0
4 54 0 4 54 1.0
4 55 0 4 55 1.0
4 56 0 4 56 1.0
4 57 7 4 24 1.0
4 58 0 4 58 1.0
4 62 0 4 24 1.0
4 63 0 4 24 1.0
4 64 2 4 26 1.0
4 65 0 4 24 1.0
4 67 7 4 18 1.0
4 68 7 4 18 1.0
4 69 7 4 18 1.0
4 70 7 4 18 1.0
4 71 7 4 18 1.0
4 72 7 4 18 1.0
4 73 1 4 18 1.0
4 74 0 4 74 1.0
4 75 0 4 75 1.0
4 77 0 4 77 1.0
4 78 1 4 18 1.0
4 79 0 4 79 1.0
5 0 18 5 57 1.0
5 1 7 5 25 1.0
5 2 6 5 24 1.0
5 3 6 5 24 1.0
5 4 7 5 25 1.0
5 6 9 5 26 1.0
5 7 8 5 25 1.0
5 9 8 5 25 1.0
5 10 8 5 25 1.0
5 12 7 5 24 1.0
5 14 8 5 25 1.0
5 15 8 5 25 1.0
5 16 7 5 24 1.0
5 17 8 5 25 1.0
5 19 0 5 19 1.0
5 20 0 5 20 1.0
5 21 0 5 21 1.0
5 23 0 5 23 1.0
5 24 0 5 24 1.0
5 25 0 5 25 1.0
5 26 0 5 26 1.0
5 27 0 5 27 1.0
5 28 0 5 28 1.0
5 29 0 5 29 1.0
5 30 0 5 30 1.0
5 31 0 5 24 1.0
5 32 0 5 24 1.0
5 36 0 5 24 1.0
5 37 0 5 24 1.0
5 40 0 5 73 1.0
5 41 1 5 74 1.0
5 42 1 5 74 1.0
5 44 1 5 74 1.0
5 45 7 5 74 1.0
5 46 6 5 73 1.0
5 50 7 5 74 1.0
5 53 0 5 53 1.0
5 54 0 5 54 1.0
5 55 0 5 55 1.0
5 56 0 5 56 1.0
5 57 7 5 24 1.0
5 58 0 5 58 1.0
5 59 0 5 24 1.0
5 63 0 5 24 1.0
5 64 0 5 24 1.0
5 65 0 5 24 1.0
5 67 7 5 18 1.0
5 68 7 5 18 1.0
5 69 7 5 18 1.0
5 70 25 5 52 1.0
5 71 7 5 18 1.0
5 72 7 5 18 1.0
5 73 1 5 18 1.0
5 74 0 5 74 1.0
5 75 0 5 75 1.0
5 77 0 5 77 1.0
5 78 0 5 78 1.0
5 79 0 5 79 1.0
6 0 8 6 32 1.0
6 1 7 6 31 1.0
6 2 8 6 32 1.0
6 3 8 6 32 1.0
6 4 8 6 32 1.0
6 5 8 6 32 1.0
6 7 13 6 59 1.0
6 9 13 6 59 1.0
6 10 8 6 33 0.71875
6 10 17 6 63 0.28125
6 11 13 6 59 1.0
6 12 0 6 12 1.0
6 14 0 6 14 1.0
6 15 0 6 15 1.0
6 18 7 6 31 1.0
6 19 18 6 63 1.0
6 20 7 6 31 1.0
6 23 14 6 59 1.0
6 24 9 6 61 1.0
6 25 8 6 60 1.0
6 26 8 6 60 1.0
6 27 8 6 60 1.0
6 29 8 6 60 1.0
6 30 9 6 61 1.0
6 31 1 6 59 1.0
6 32 0 6 32 1.0
6 37 0 6 37 1.0
6 40 19 6 64 1.0
6 41 7 6 67 1.0
6 42 7 6 67 1.0
6 44 7 6 67 1.0
6 45 1 6 67 1.0
6 47 0 6 66 1.0
6 49 0 6 66 1.0
6 50 1 6 67 1.0
6 51 0 6 66 1.0
6 53 0 6 31 1.0
6 54 1 6 32 1.0
6 55 14 6 66 1.0
6 56 1 6 32 1.0
6 57 1 6 32 1.0
6 58 1 6 32 1.0
6 63 0 6 63 0.953125
6 63 4 6 15 0.046875
6 64 0 6 64 1.0
6 65 0 6 65 1.0
6 66 12 6 67 1.0
6 67 0 6 67 1.0
6 68 2 6 13 1.0
6 69 0 6 69 1.0
6 70 0 6 70 1.0
6 71 0 6 71 1.0
6 72 0 6 72 1.0
6 73 4 6 16 1.0
6 74 4 6 16 1.0
6 75 0 6 12 1.0
6 77 0 6 12 1.0
6 78 3 6 15 1.0
6 79 3 6 15 1.0
7 0 7 7 31 1.0
7 1 7 7 31 1.0
7 2 7 7 31 1.0
7 3 7 7 31 1.0
7 4 7 7 31 1.0
7 5 7 7 31 1.0
7 6 3 7 15 0.171875
7 6 9 7 34 0.671875
7 6 18 7 64 0.15625
7 8 13 7 59 1.0
7 9 13 7 59 1.0
7 10 6 7 31 1.0
7 11 13 7 59 1.0
7 12 0 7 12 1.0
7 14 1 7 59 1.0
7 15 1 7 59 1.0
7 16 0 7 16 1.0
7 18 7 7 31 1.0
7 19 14 7 59 1.0
7 20 14 7 59 1.0
7 21 14 7 59 1.0
7 23 14 7 59 1.0
7 24 9 7 61 1.0
7 25 8 7 60 1.0
7 26 8 7 60 1.0
7 27 8 7 60 1.0
7 28 8 7 60 1.0
7 29 8 7 60 1.0
7 30 19 7 71 1.0
7 31 0 7 31 1.0
7 32 1 7 59 1.0
7 33 0 7 33 1.0
7 36 0 7 36 1.0
7 39 6 7 66 1.0
7 40 6 7 66 1.0
7 41 6 7 66 1.0
7 42 6 7 66 1.0
7 44 6 7 66 1.0
7 45 0 7 66 1.0
7 48 0 7 66 1.0
7 50 0 7 66 1.0
7 51 0 7 66 1.0
7 53 16 7 68 1.0
7 54 0 7 31 1.0
7 55 0 7 31 1.0
7 56 22 7 13 1.0
7 57 1 7 32 1.0
7 58 0 7 31 1.0
7 59 0 7 59 1.0
7 61 0 7 61 1.0
7 62 0 7 62 1.0
7 63 0 7 63 1.0
7 64 19 7 59 1.0
7 65 0 7 65 1.0
7 67 12 7 66 1.0
7 68 0 7 68 1.0
7 69 0 7 69 1.0
7 70 0 7 70 1.0
7 71 12 7 66 1.0
7 72 0 7 72 1.0
7 73 0 7 12 1.0
7 74 0 7 12 1.0
7 75 1 7 13 0.203125
7 75 2 7 14 0.21875
7 75 3 7 15 0.1875
7 75 11 7 71 0.1875
7 75 12 7 72 0.203125
7 77 0 7 12 1.0
7 78 0 7 12 1.0
7 79 0 7 12 1.0
8 0 7 8 31 1.0
8 1 7 8 31 1.0
8 2 7 8 31 1.0
8 5 7 8 31 1.0
8 7 9 8 34 0.59375
8 7 18 8 64 0.40625
8 9 13 8 59 1.0
8 11 13 8 59 1.0
8 12 0 8 12 1.0
8 14 0 8 14 1.0
8 15 0 8 15 1.0
8 16 0 8 16 1.0
8 18 7 8 31 1.0
8 21 14 8 59 1.0
8 22 14 8 59 1.0
8 23 7 8 31 1.0
8 24 16 8 68 1.0
8 25 8 8 60 1.0
8 26 8 8 60 1.0
8 27 8 8 60 1.0
8 29 8 8 60 1.0
8 30 8 8 60 1.0
8 32 0 8 32 1.0
8 34 0 8 34 1.0
8 36 0 8 36 1.0
8 38 6 8 66 1.0
8 39 7 8 67 1.0
8 40 7 8 67 1.0
8 41 6 8 66 1.0
8 42 6 8 66 1.0
8 43 6 8 66 1.0
8 44 6 8 66 1.0
8 45 0 8 66 1.0
8 46 0 8 66 1.0
8 47 0 8 66 1.0
8 48 0 8 66 1.0
8 50 5 8 71 1.0
8 51 0 8 66 1.0
8 53 0 8 31 1.0
8 54 0 8 31 1.0
8 55 0 8 31 1.0
8 56 0 8 31 1.0
8 57 2 8 33 1.0
8 58 0 8 31 1.0
8 60 0 8 60 0.890625
8 60 3 8 14 0.015625
8 60 4 8 15 0.09375
8 61 0 8 61 1.0
8 62 0 8 62 1.0
8 63 0 8 63 1.0
8 64 19 8 59 1.0
8 65 0 8 65 1.0
8 66 0 8 66 1.0
8 67 0 8 67 1.0
8 68 2 8 13 1.0
8 69 0 8 69 1.0
8 71 0 8 71 1.0
8 72 0 8 72 1.0
8 74 0 8 12 1.0
8 75 0 8 12 1.0
8 76 0 8 12 1.0
8 77 0 8 12 1.0
8 78 3 8 15 1.0
8 79 3 8 15 1.0
9 0 7 9 31 1.0
9 1 7 9 31 1.0
9 2 7 9 31 1.0
9 3 7 9 31 1.0
9 4 7 9 31 1.0
9 5 7 9 31 1.0
9 6 13 9 59 0.546875
9 6 18 9 64 0.453125
9 7 13 9 59 1.0
9 10 14 9 60 1.0
9 14 0 9 14 1.0
9 15 0 9 15 1.0
9 17 0 9 17 1.0
9 18 26 9 65 1.0
9 19 26 9 65 1.0
9 20 14 9 59 1.0
9 21 7 9 31 1.0
9 23 14 9 59 1.0
9 24 8 9 60 1.0
9 25 8 9 60 1.0
9 26 8 9 60 1.0
9 27 8 9 60 1.0
9 29 8 9 60 1.0
9 30 9 9 61 1.0
9 31 0 9 31 1.0
9 32 0 9 32 1.0
9 34 1 9 59 1.0
9 35 0 9 35 1.0
9 37 0 9 37 1.0
9 38 6 9 66 1.0
9 40 7 9 67 1.0
9 41 6 9 66 1.0
9 42 6 9 66 1.0
9 43 6 9 66 1.0
9 44 6 9 66 1.0
9 45 0 9 66 1.0
9 46 0 9 66 1.0
9 49 0 9 66 1.0
9 50 0 9 66 1.0
9 51 0 9 66 1.0
9 53 0 9 31 1.0
9 54 0 9 31 1.0
9 55 0 9 31 1.0
9 56 0 9 31 1.0
9 57 1 9 32 1.0
9 58 0 9 31 1.0
9 59 0 9 59 1.0
9 60 0 9 60 1.0
9 62 0 9 62 1.0
9 63 0 9 63 1.0
9 64 19 9 59 1.0
9 65 0 9 65 1.0
9 66 0 9 66 1.0
9 67 0 9 67 1.0
9 68 12 9 66 1.0
9 69 1 9 12 1.0
9 70 0 9 70 1.0
9 71 0 9 71 1.0
9 72 0 9 72 1.0
9 73 0 9 12 1.0
9 74 0 9 12 1.0
9 75 0 9 12 1.0
9 76 0 9 12 1.0
9 77 3 9 15 1.0
9 78 3 9 15 1.0
9 79 3 9 15 1.0
10 0 7 10 31 1.0
10 1 7 10 31 1.0
10 2 7 10 31 1.0
10 3 7 10 31 1.0
10 4 7 10 31 1.0
10 5 7 10 31 1.0
10 6 13 10 59 1.0
10 7 13 10 59 1.0
10 8 13 10 59 1.0
10 9 13 10 59 1.0
10 11 13 10 59 1.0
10 13 0 10 13 0.890625
10 13 2 10 60 0.03125
10 13 7 10 65 0.078125
10 14 0 10 14 1.0
10 15 0 10 15 1.0
10 17 0 10 17 1.0
10 18 7 10 31 1.0
10 19 14 10 59 1.0
10 20 26 10 65 1.0
10 21 26 10 65 1.0
10 22 17 10 62 1.0
10 23 14 10 59 1.0
10 24 8 10 60 1.0
10 25 8 10 60 1.0
10 26 4 10 35 1.0
10 27 8 10 60 1.0
10 28 8 10 60 0.484375
10 28 9 10 61 0.515625
10 29 8 10 60 1.0
10 30 9 10 61 0.171875
10 30 10 10 62 0.828125
10 31 0 10 31 1.0
10 32 0 10 32 1.0
10 34 0 10 34 1.0
10 35 1 10 59 1.0
10 36 0 10 36 1.0
10 37 0 10 37 1.0
10 38 6 10 66 0.25
10 38 7 10 67 0.25
10 38 8 10 68 0.25
10 38 9 10 69 0.25
10 39 7 10 67 1.0
10 40 0 10 12 1.0
10 41 7 10 67 1.0
10 42 8 10 68 1.0
10 43 6 10 66 1.0
10 44 7 10 67 1.0
10 45 1 10 67 1.0
10 48 0 10 66 1.0
10 50 0 10 66 1.0
10 51 2 10 68 1.0
10 53 0 10 31 1.0
10 54 0 10 31 1.0
10 55 0 10 31 1.0
10 56 0 10 31 1.0
10 57 2 10 33 1.0
10 58 0 10 31 1.0
10 59 0 10 59 1.0
10 60 0 10 60 1.0
10 62 0 10 62 1.0
10 63 0 10 63 1.0
10 64 0 10 64 1.0
10 65 0 10 65 1.0
10 66 12 10 67 1.0
10 67 0 10 67 1.0
10 68 2 10 13 1.0
10 69 0 10 69 1.0
10 70 1 10 12 1.0
10 71 0 10 71 1.0
10 72 0 10 72 1.0
10 73 0 10 12 1.0
10 74 0 10 12 1.0
10 76 0 10 12 1.0
10 77 0 10 12 1.0
10 78 0 10 12 1.0
10 79 0 10 12 1.0
11 1 7 11 31 1.0
11 2 7 11 31 1.0
11 7 13 11 59 1.0
11 8 13 11 59 1.0
11 9 13 11 59 1.0
11 10 4 11 16 1.0
11 12 0 11 12 1.0
11 13 0 11 13 1.0
11 14 0 11 14 1.0
11 15 0 11 15 1.0
11 17 0 11 17 1.0
11 18 7 11 31 1.0
11 19 26 11 65 1.0
11 20 14 11 59 1.0
11 21 7 11 31 1.0
11 22 26 11 65 1.0
11 25 8 11 60 1.0
11 26 8 11 60 1.0
11 27 8 11 60 1.0
11 28 8 11 60 1.0
11 32 0 11 32 1.0
11 37 0 11 37 1.0
11 38 7 11 67 1.0
11 39 6 11 66 1.0
11 40 6 11 66 1.0
11 41 6 11 66 1.0
11 43 6 11 66 1.0
11 46 2 11 68 1.0
11 47 0 11 66 1.0
11 48 0 11 66 1.0
11 49 0 11 66 1.0
11 50 0 11 66 1.0
11 51 0 11 66 1.0
11 52 0 11 31 1.0
11 53 0 11 31 1.0
11 54 0 11 31 1.0
11 55 0 11 31 1.0
11 56 0 11 31 1.0
11 57 1 11 32 1.0
11 58 0 11 31 1.0
11 61 0 11 61 1.0
11 62 0 11 62 1.0
11 63 0 11 63 1.0
11 64 0 11 64 1.0
11 65 0 11 65 1.0
11 66 0 11 66 1.0
11 67 0 11 67 1.0
11 68 12 11 66 1.0
11 69 0 11 69 1.0
11 70 0 11 70 1.0
11 72 0 11 72 1.0
11 73 3 11 15 1.0
11 74 0 11 12 1.0
11 75 0 11 12 1.0
11 77 3 11 15 1.0
11 78 0 11 12 1.0
11 79 0 11 12 1.0
12 0 16 12 68 1.0
12 1 4 12 63 0.140625
12 1 5 12 64 0.140625
12 1 6 12 65 0.109375
12 1 7 12 38 0.09375
12 1 10 12 41 0.140625
12 1 11 12 42 0.125
12 1 12 12 43 0.125
12 1 13 12 44 0.125
12 2 26 12 72 1.0
12 8 0 12 8 1.0
12 9 0 12 9 1.0
12 10 0 12 10 1.0
12 11 0 12 11 1.0
12 13 11 12 43 1.0
12 14 13 12 59 1.0
12 15 14 12 60 1.0
12 16 13 12 59 1.0
12 17 13 12 59 1.0
12 19 7 12 38 1.0
12 20 7 12 38 1.0
12 21 7 12 38 1.0
12 22 7 12 38 1.0
12 23 7 12 38 1.0
12 25 0 12 59 1.0
12 26 1 12 60 1.0
12 27 0 12 59 1.0
12 28 0 12 59 1.0
12 32 6 12 59 1.0
12 33 6 12 59 1.0
12 34 11 12 64 1.0
12 36 6 12 59 1.0
12 37 6 12 59 1.0
12 38 0 12 38 1.0
12 39 0 12 39 1.0
12 40 0 12 40 1.0
12 41 0 12 41 1.0
12 43 0 12 43 1.0
12 45 20 12 6 1.0
12 46 0 12 38 1.0
12 47 0 12 38 1.0
12 49 0 12 38 1.0
12 50 0 12 38 1.0
12 51 1 12 39 1.0
12 52 25 12 72 1.0
12 53 25 12 72 1.0
12 54 7 12 6 1.0
12 55 7 12 6 1.0
12 56 25 12 72 1.0
12 57 25 12 72 1.0
12 58 7 12 6 1.0
12 59 0 12 59 1.0
12 60 0 12 60 1.0
12 61 0 12 61 1.0
12 62 0 12 62 1.0
12 63 0 12 63 1.0
12 64 4 12 9 1.0
12 65 1 12 6 1.0
12 66 0 12 66 1.0
12 67 0 12 67 1.0
12 68 1 12 6 1.0
12 69 0 12 69 1.0
12 70 0 12 70 1.0
12 71 0 12 71 1.0
12 72 0 12 72 1.0
12 74 0 12 38 1.0
12 75 0 12 38 1.0
12 77 4 12 42 1.0
12 78 1 12 39 1.0
12 79 6 12 44 1.0
13 1 21 13 7 1.0
13 2 21 13 7 1.0
13 10 0 13 10 1.0
13 11 1 13 59 1.0
13 14 10 13 42 1.0
13 16 14 13 60 1.0
13 21 7 13 38 1.0
13 22 7 13 38 1.0
13 26 0 13 59 1.0
13 27 0 13 59 1.0
13 35 14 13 39 1.0
13 36 6 13 59 1.0
13 38 0 13 38 1.0
13 39 1 13 66 1.0
13 40 0 13 40 1.0
13 41 0 13 41 1.0
13 42 0 13 42 0.484375
13 42 3 13 68 0.515625
13 43 2 13 67 0.328125
13 43 5 13 70 0.34375
13 43 7 13 72 0.328125
13 49 0 13 38 1.0
13 50 0 13 38 1.0
13 51 0 13 38 1.0
13 53 7 13 6 1.0
13 54 8 13 7 1.0
13 55 8 13 7 1.0
13 56 25 13 72 1.0
13 57 8 13 7 1.0
13 58 2 13 62 0.5
13 58 12 13 11 0.5
13 59 0 13 59 1.0
13 60 0 13 60 1.0
13 61 0 13 61 1.0
13 64 22 13 70 1.0
13 65 0 13 65 1.0
13 66 0 13 66 1.0
13 67 1 13 6 1.0
13 68 2 13 7 1.0
13 75 0 13 38 1.0
13 77 4 13 42 1.0
13 78 5 13 43 1.0
14 0 26 14 72 1.0
14 1 26 14 72 1.0
14 2 26 14 72 1.0
14 3 5 14 64 1.0
14 4 26 14 72 1.0
14 5 26 14 72 1.0
14 6 0 14 6 1.0
14 7 0 14 7 1.0
14 8 0 14 8 1.0
14 9 0 14 9 1.0
14 10 2 14 60 1.0
14 11 0 14 11 1.0
14 12 13 14 59 1.0
14 13 11 14 43 1.0
14 15 13 14 59 1.0
14 16 14 14 60 1.0
14 17 13 14 59 1.0
14 18 15 14 61 1.0
14 19 15 14 61 1.0
14 20 15 14 61 1.0
14 21 15 14 61 1.0
14 22 0 14 66 1.0
14 23 15 14 61 1.0
14 24 0 14 59 1.0
14 25 0 14 59 1.0
14 26 0 14 59 1.0
14 27 0 14 59 1.0
14 28 0 14 59 1.0
14 29 0 14 59 1.0
14 30 0 14 59 1.0
14 31 6 14 59 1.0
14 32 6 14 59 1.0
14 33 6 14 59 1.0
14 34 6 14 59 1.0
14 35 14 14 39 1.0
14 36 6 14 59 1.0
14 37 6 14 59 1.0
14 38 0 14 38 1.0
14 39 1 14 66 1.0
14 40 2 14 67 1.0
14 41 0 14 41 1.0
14 42 0 14 42 1.0
14 43 9 14 60 1.0
14 44 0 14 44 1.0
14 45 0 14 38 1.0
14 46 0 14 38 1.0
14 47 0 14 38 1.0
14 48 0 14 38 1.0
14 49 0 14 38 1.0
14 50 0 14 38 1.0
14 51 0 14 38 1.0
14 52 25 14 72 1.0
14 53 25 14 72 1.0
14 54 25 14 72 1.0
14 55 8 14 7 1.0
14 56 7 14 6 1.0
14 57 7 14 6 1.0
14 58 7 14 6 1.0
14 59 0 14 59 1.0
14 60 0 14 60 1.0
14 61 0 14 61 1.0
14 62 0 14 62 1.0
14 63 0 14 63 1.0
14 64 0 14 64 1.0
14 65 0 14 65 1.0
14 66 0 14 66 1.0
14 67 0 14 67 1.0
14 68 0 14 68 1.0
14 69 0 14 69 1.0
14 70 0 14 70 1.0
14 71 0 14 71 1.0
14 72 0 14 72 1.0
14 73 1 14 39 1.0
14 74 0 14 38 1.0
14 75 0 14 38 1.0
14 76 0 14 38 1.0
14 77 0 14 38 1.0
14 78 0 14 38 1.0
14 79 0 14 38 1.0
15 0 26 15 72 1.0
15 1 26 15 72 1.0
15 2 26 15 72 1.0
15 3 26 15 72 1.0
15 4 26 15 72 1.0
15 5 26 15 72 1.0
15 6 0 15 6 1.0
15 7 0 15 7 1.0
15 8 0 15 8 1.0
15 9 0 15 9 1.0
15 10 3 15 61 1.0
15 11 0 15 11 1.0
15 12 13 15 59 1.0
15 13 8 15 40 1.0
15 14 13 15 59 1.0
15 16 16 15 62 1.0
15 17 13 15 59 1.0
15 18 14 15 60 1.0
15 19 14 15 60 1.0
15 20 7 15 38 1.0
15 21 7 15 38 1.0
15 22 14 15 60 1.0
15 23 14 15 60 1.0
15 24 1 15 60 1.0
15 25 0 15 59 1.0
15 26 0 15 59 1.0
15 27 0 15 59 1.0
15 28 0 15 59 1.0
15 29 0 15 59 1.0
15 30 0 15 59 1.0
15 31 6 15 59 1.0
15 32 6 15 59 1.0
15 33 26 15 72 1.0
15 34 6 15 59 1.0
15 35 6 15 59 1.0
15 36 6 15 59 1.0
15 37 6 15 59 1.0
15 38 0 15 38 1.0
15 39 1 15 66 1.0
15 40 0 15 40 1.0
15 41 0 15 41 1.0
15 42 0 15 42 1.0
15 43 0 15 43 1.0
15 44 0 15 44 1.0
15 45 0 15 38 1.0
15 46 0 15 38 1.0
15 47 0 15 38 1.0
15 48 0 15 38 1.0
15 49 0 15 38 1.0
15 50 8 15 67 1.0
15 51 0 15 38 1.0
15 52 7 15 6 1.0
15 53 25 15 72 1.0
15 54 7 15 6 1.0
15 55 8 15 7 1.0
15 56 25 15 72 1.0
15 57 25 15 72 1.0
15 58 7 15 6 1.0
15 59 0 15 59 1.0
15 60 1 15 6 1.0
15 61 1 15 6 1.0
15 62 0 15 62 1.0
15 63 0 15 63 1.0
15 64 0 15 64 1.0
15 65 0 15 65 1.0
15 66 0 15 66 1.0
15 67 0 15 67 1.0
15 68 0 15 68 1.0
15 69 0 15 69 1.0
15 70 0 15 70 1.0
15 71 0 15 71 1.0
15 72 0 15 72 1.0
15 73 1 15 39 1.0
15 74 0 15 38 1.0
15 75 0 15 38 1.0
15 76 0 15 38 1.0
15 77 0 15 38 1.0
15 78 0 15 38 1.0
15 79 0 15 38 1.0
16 0 7 16 38 1.0
16 1 26 16 72 1.0
16 2 26 16 72 1.0
16 9 0 16 9 1.0
16 10 0 16 10 1.0
16 11 0 16 11 1.0
16 12 13 16 59 1.0
16 13 26 16 72 1.0
16 14 13 16 59 1.0
16 15 13 16 59 1.0
16 18 14 16 60 1.0
16 19 7 16 38 1.0
16 20 7 16 38 1.0
16 21 7 16 38 1.0
16 25 0 16 59 1.0
16 26 17 16 42 1.0
16 27 0 16 59 1.0
16 28 0 16 59 1.0
16 30 0 16 59 0.421875
16 30 1 16 60 0.578125
16 32 6 16 59 1.0
16 34 6 16 59 1.0
16 36 6 16 59 1.0
16 37 6 16 59 1.0
16 39 0 16 39 1.0
16 40 0 16 40 1.0
16 41 0 16 41 1.0
16 43 1 16 66 1.0
16 49 0 16 38 1.0
16 50 0 16 38 1.0
16 51 0 16 38 1.0
16 52 7 16 6 1.0
16 53 7 16 6 1.0
16 54 25 16 72 1.0
16 55 7 16 6 1.0
16 56 7 16 6 1.0
16 57 4 16 64 1.0
16 58 7 16 6 1.0
16 61 0 16 61 1.0
16 62 0 16 62 1.0
16 63 0 16 63 1.0
16 64 4 16 9 1.0
16 65 0 16 65 1.0
16 66 0 16 66 1.0
16 67 0 16 67 1.0
16 68 0 16 68 1.0
16 69 0 16 69 1.0
16 72 0 16 72 1.0
16 73 2 16 40 1.0
16 74 0 16 38 1.0
16 75 0 16 38 1.0
16 77 0 16 38 1.0
16 78 0 16 38 1.0
16 79 0 16 38 1.0
17 1 26 17 72 1.0
17 2 7 17 38 1.0
17 6 0 17 6 1.0
17 7 0 17 7 1.0
17 8 0 17 8 1.0
17 9 0 17 9 1.0
17 11 0 17 11 1.0
17 12 13 17 59 1.0
17 14 13 17 59 1.0
17 15 13 17 59 1.0
17 20 7 17 38 1.0
17 21 7 17 38 1.0
17 25 0 17 59 1.0
17 26 1 17 60 1.0
17 27 0 17 59 1.0
17 28 0 17 59 1.0
17 31 6 17 59 1.0
17 32 6 17 59 1.0
17 33 6 17 59 1.0
17 34 6 17 59 1.0
17 37 6 17 59 1.0
17 40 0 17 40 0.5
17 40 1 17 66 0.5
17 41 0 17 41 1.0
17 42 0 17 42 1.0
17 43 0 17 43 1.0
17 44 0 17 44 1.0
17 46 0 17 38 1.0
17 47 0 17 38 1.0
17 49 0 17 38 1.0
17 50 0 17 38 1.0
17 51 0 17 38 1.0
17 52 25 17 72 1.0
17 53 25 17 72 1.0
17 54 7 17 6 1.0
17 55 8 17 7 1.0
17 56 25 17 72 1.0
17 57 7 17 6 1.0
17 58 25 17 72 1.0
17 60 0 17 60 1.0
17 61 0 17 61 1.0
17 62 0 17 62 1.0
17 63 0 17 63 1.0
17 64 0 17 64 1.0
17 65 0 17 65 1.0
17 66 1 17 6 1.0
17 67 0 17 67 1.0
17 68 0 17 68 1.0
17 69 0 17 69 1.0
17 77 0 17 38 1.0
17 78 0 17 38 1.0
17 79 0 17 38 1.0
18 1 0 18 1 1.0
18 2 0 18 2 1.0
18 3 0 18 3 1.0
18 4 0 18 4 1.0
18 5 0 18 5 1.0
18 7 7 18 45 1.0
18 8 7 18 45 1.0
18 9 7 18 45 1.0
18 10 3 18 55 0.5
18 10 11 18 49 0.5
18 11 21 18 1 1.0
18 12 7 18 45 1.0
18 13 7 18 45 1.0
18 14 20 18 0 1.0
18 15 21 18 1 1.0
18 19 0 18 0 1.0
18 24 1 18 1 1.0
18 25 0 18 0 1.0
18 26 0 18 0 1.0
18 27 0 18 0 1.0
18 28 0 18 0 1.0
18 29 1 18 1 1.0
18 34 0 18 52 1.0
18 40 8 18 74 1.0
18 41 7 18 73 1.0
18 43 8 18 74 1.0
18 44 7 18 73 1.0
18 45 0 18 45 1.0
18 46 0 18 46 1.0
18 47 0 18 47 1.0
18 48 0 18 48 1.0
18 49 1 18 73 1.0
18 50 0 18 50 1.0
18 51 0 18 51 1.0
18 52 0 18 52 1.0
18 53 0 18 53 1.0
18 54 0 18 54 1.0
18 55 1 18 0 1.0
18 56 0 18 56 1.0
18 57 1 18 0 1.0
18 58 0 18 58 1.0
18 59 0 18 1 1.0
18 60 0 18 1 1.0
18 61 0 18 1 1.0
18 62 0 18 1 1.0
18 63 0 18 1 1.0
18 64 0 18 1 1.0
18 65 0 18 1 1.0
18 66 0 18 45 1.0
18 67 0 18 45 1.0
18 68 0 18 45 1.0
18 69 0 18 45 1.0
18 71 0 18 45 1.0
18 72 0 18 45 1.0
18 73 0 18 73 1.0
18 74 0 18 74 1.0
18 75 0 18 75 1.0
18 77 0 18 77 1.0
18 78 0 18 78 1.0
18 79 0 18 79 1.0
19 0 0 19 0 1.0
19 1 0 19 1 1.0
19 2 0 19 2 1.0
19 3 0 19 3 1.0
19 4 0 19 4 1.0
19 5 0 19 5 1.0
19 6 26 19 79 1.0
19 7 21 19 1 1.0
19 8 7 19 45 1.0
19 9 7 19 45 1.0
19 10 20 19 0 1.0
19 11 26 19 79 1.0
19 12 7 19 45 1.0
19 13 7 19 45 1.0
19 14 21 19 1 1.0
19 15 20 19 0 1.0
19 20 0 19 0 1.0
19 23 0 19 0 1.0
19 24 0 19 0 1.0
19 25 0 19 0 1.0
19 26 0 19 0 1.0
19 27 0 19 0 1.0
19 29 1 19 1 1.0
19 30 0 19 0 1.0
19 31 7 19 1 1.0
19 32 7 19 1 1.0
19 38 7 19 73 1.0
19 39 7 19 73 1.0
19 40 7 19 73 1.0
19 41 8 19 74 1.0
19 42 8 19 74 1.0
19 44 7 19 73 1.0
19 45 0 19 45 1.0
19 46 1 19 73 1.0
19 50 0 19 50 1.0
19 51 0 19 51 1.0
19 52 0 19 52 1.0
19 53 0 19 53 1.0
19 54 0 19 54 1.0
19 55 0 19 55 1.0
19 56 0 19 56 1.0
19 57 0 19 57 1.0
19 58 0 19 58 1.0
19 62 0 19 1 1.0
19 63 8 19 54 1.0
19 64 5 19 0 1.0
19 65 0 19 1 1.0
19 66 0 19 45 1.0
19 67 0 19 45 1.0
19 68 0 19 45 1.0
19 69 0 19 45 1.0
19 70 1 19 46 1.0
19 71 0 19 45 1.0
19 72 0 19 45 1.0
19 73 0 19 73 1.0
19 74 0 19 74 1.0
19 77 0 19 77 1.0
19 78 0 19 78 1.0
19 79 0 19 79 1.0
20 0 22 20 3 1.0
20 1 0 20 1 1.0
20 2 0 20 2 1.0
20 3 0 20 3 1.0
20 4 0 20 4 1.0
20 5 0 20 5 1.0
20 6 21 20 1 1.0
20 7 21 20 1 1.0
20 8 26 20 79 1.0
20 9 21 20 1 1.0
20 10 21 20 1 1.0
20 11 7 20 45 1.0
20 13 7 20 45 1.0
20 14 21 20 1 1.0
20 15 21 20 1 1.0
20 19 1 20 1 1.0
20 21 0 20 0 1.0
20 22 0 20 0 1.0
20 23 1 20 1 1.0
20 24 0 20 0 1.0
20 25 1 20 1 1.0
20 26 0 20 0 1.0
20 27 0 20 0 1.0
20 29 0 20 0 1.0
20 30 1 20 1 1.0
20 31 7 20 1 1.0
20 32 7 20 1 1.0
20 33 0 20 52 1.0
20 34 0 20 52 1.0
20 36 0 20 52 1.0
20 38 7 20 73 1.0
20 40 7 20 73 1.0
20 41 8 20 74 1.0
20 42 8 20 74 1.0
20 44 7 20 73 1.0
20 45 0 20 45 1.0
20 46 0 20 46 1.0
20 47 0 20 47 1.0
20 48 0 20 48 1.0
20 50 0 20 50 1.0
20 51 0 20 51 1.0
20 53 2 20 1 1.0
20 54 1 20 0 1.0
20 55 2 20 1 1.0
20 56 0 20 56 1.0
20 57 0 20 57 1.0
20 58 0 20 58 1.0
20 59 0 20 1 1.0
20 62 1 20 2 0.328125
20 62 5 20 0 0.296875
20 62 7 20 53 0.375
20 63 0 20 1 1.0
20 64 0 20 1 1.0
20 65 0 20 1 1.0
20 66 0 20 45 1.0
20 67 0 20 45 1.0
20 68 1 20 46 1.0
20 69 0 20 45 1.0
20 70 0 20 45 1.0
20 71 0 20 45 1.0
20 72 0 20 45 1.0
20 73 0 20 73 1.0
20 74 0 20 74 1.0
20 76 0 20 76 1.0
20 77 0 20 77 1.0
20 78 0 20 78 1.0
20 79 0 20 79 1.0
21 1 0 21 1 1.0
21 2 0 21 2 1.0
21 3 0 21 3 1.0
21 4 0 21 4 1.0
21 5 0 21 5 1.0
21 7 7 21 45 1.0
21 8 7 21 45 1.0
21 9 7 21 45 1.0
21 10 7 21 45 1.0
21 11 5 21 57 0.34375
21 11 9 21 47 0.328125
21 11 10 21 48 0.328125
21 12 20 21 0 1.0
21 14 20 21 0 1.0
21 15 21 21 1 1.0
21 16 21 21 1 1.0
21 17 21 21 1 1.0
21 22 0 21 0 1.0
21 24 1 21 1 1.0
21 25 0 21 0 1.0
21 26 0 21 0 1.0
21 27 0 21 0 1.0
21 28 0 21 0 1.0
21 29 0 21 0 1.0
21 31 0 21 52 1.0
21 33 0 21 52 1.0
21 34 7 21 1 1.0
21 36 0 21 52 1.0
21 37 0 21 52 1.0
21 38 7 21 73 1.0
21 40 8 21 74 1.0
21 41 8 21 74 1.0
21 43 7 21 73 1.0
21 44 7 21 73 1.0
21 46 0 21 46 1.0
21 47 0 21 47 1.0
21 49 0 21 49 1.0
21 50 0 21 50 1.0
21 51 0 21 51 1.0
21 52 0 21 52 1.0
21 53 0 21 53 1.0
21 54 0 21 54 1.0
21 55 0 21 55 1.0
21 56 1 21 0 1.0
21 57 1 21 0 1.0
21 58 0 21 58 1.0
21 59 0 21 1 1.0
21 60 0 21 1 1.0
21 61 0 21 1 1.0
21 62 0 21 1 1.0
21 63 0 21 1 1.0
21 64 0 21 1 1.0
21 65 0 21 1 1.0
21 66 0 21 45 1.0
21 67 0 21 45 1.0
21 68 1 21 46 0.75
21 68 19 21 57 0.25
21 69 0 21 45 1.0
21 71 0 21 45 1.0
21 72 0 21 45 1.0
21 73 0 21 73 1.0
21 75 0 21 75 1.0
21 77 0 21 77 1.0
21 78 0 21 78 1.0
21 79 0 21 79 1.0
22 1 0 22 1 1.0
22 2 0 22 2 1.0
22 6 7 22 45 1.0
22 7 7 22 45 1.0
22 8 26 22 79 1.0
22 10 6 22 58 1.0
22 11 2 22 54 1.0
22 12 7 22 45 1.0
22 13 20 22 0 1.0
22 14 21 22 1 1.0
22 15 21 22 1 1.0
22 20 0 22 0 1.0
22 21 0 22 0 1.0
22 24 1 22 1 1.0
22 25 0 22 0 1.0
22 26 0 22 0 1.0
22 27 0 22 0 1.0
22 29 0 22 0 1.0
22 32 0 22 52 1.0
22 33 7 22 1 1.0
22 34 7 22 1 1.0
22 36 7 22 1 1.0
22 37 0 22 52 1.0
22 40 8 22 74 1.0
22 41 8 22 74 1.0
22 42 7 22 73 1.0
22 43 8 22 74 1.0
22 45 1 22 73 1.0
22 46 1 22 73 1.0
22 47 0 22 47 1.0
22 49 0 22 49 1.0
22 50 0 22 50 1.0
22 51 0 22 51 1.0
22 52 0 22 52 1.0
22 53 0 22 53 1.0
22 54 0 22 54 1.0
22 55 0 22 55 1.0
22 56 0 22 56 1.0
22 57 1 22 0 1.0
22 58 0 22 58 1.0
22 59 0 22 1 1.0
22 60 0 22 1 1.0
22 61 0 22 1 1.0
22 62 0 22 1 1.0
22 63 0 22 1 1.0
22 64 0 22 1 1.0
22 65 0 22 1 1.0
22 67 0 22 45 1.0
22 68 1 22 46 1.0
22 69 0 22 45 1.0
22 75 0 22 75 1.0
22 76 0 22 76 1.0
22 77 0 22 77 1.0
22 78 0 22 78 1.0
22 79 0 22 79 1.0
23 0 0 23 0 1.0
23 1 0 23 1 1.0
23 2 0 23 2 1.0
23 3 0 23 3 1.0
23 4 0 23 4 1.0
23 5 0 23 5 1.0
23 6 20 23 0 1.0
23 7 7 23 45 1.0
23 9 20 23 0 1.0
23 10 7 23 45 1.0
23 11 7 23 45 1.0
23 12 7 23 45 1.0
23 13 7 23 45 1.0
23 14 20 23 0 1.0
23 15 21 23 1 1.0
23 16 7 23 45 1.0
23 19 0 23 0 1.0
23 20 0 23 0 1.0
23 21 0 23 0 1.0
23 22 0 23 0 1.0
23 24 0 23 0 1.0
23 25 0 23 0 1.0
23 26 0 23 0 1.0
23 27 0 23 0 1.0
23 29 0 23 0 1.0
23 30 0 23 0 1.0
23 31 7 23 1 1.0
23 32 7 23 1 1.0
23 35 0 23 52 1.0
23 40 8 23 74 1.0
23 41 8 23 74 1.0
23 42 8 23 74 1.0
23 44 7 23 73 1.0
23 45 1 23 73 1.0
23 48 0 23 48 1.0
23 49 0 23 49 1.0
23 50 0 23 50 1.0
23 51 0 23 51 1.0
23 52 0 23 52 1.0
23 53 0 23 53 1.0
23 54 0 23 54 1.0
23 55 0 23 55 1.0
23 56 0 23 56 1.0
23 57 1 23 0 1.0
23 58 0 23 58 1.0
23 62 0 23 1 1.0
23 63 0 23 1 1.0
23 64 0 23 1 1.0
23 65 0 23 1 1.0
23 66 0 23 45 1.0
23 67 0 23 45 1.0
23 68 0 23 45 1.0
23 69 1 23 46 1.0
23 70 1 23 46 1.0
23 71 0 23 45 1.0
23 72 0 23 45 1.0
23 73 0 23 73 1.0
23 74 0 23 74 1.0
23 75 0 23 75 1.0
23 77 0 23 77 1.0
23 78 0 23 78 1.0
23 79 0 23 79 1.0
24 0 14 24 1 1.0
24 1 0 24 1 1.0
24 2 0 24 2 1.0
24 3 0 24 3 1.0
24 4 1 24 52 1.0
24 5 0 24 5 1.0
24 6 8 24 60 1.0
24 7 8 24 60 1.0
24 8 8 24 60 1.0
24 9 8 24 60 1.0
24 10 8 24 60 1.0
24 14 0 24 59 1.0
24 15 0 24 59 1.0
24 19 1 24 1 1.0
24 20 1 24 1 1.0
24 23 0 24 0 0.453125
24 23 1 24 1 0.546875
24 25 0 24 0 1.0
24 26 0 24 0 1.0
24 27 0 24 0 1.0
24 29 1 24 1 1.0
24 30 0 24 0 1.0
24 31 0 24 31 1.0
24 32 0 24 32 1.0
24 34 0 24 34 1.0
24 39 11 24 0 1.0
24 40 21 24 32 1.0
24 41 11 24 0 1.0
24 42 11 24 0 1.0
24 44 11 24 0 1.0
24 45 11 24 0 1.0
24 47 11 24 0 1.0
24 48 11 24 0 1.0
24 50 11 24 0 1.0
24 51 11 24 0 1.0
24 53 0 24 53 1.0
24 54 0 24 54 1.0
24 55 0 24 55 1.0
24 56 0 24 56 1.0
24 57 0 24 57 1.0
24 61 0 24 61 1.0
24 63 0 24 63 1.0
24 64 0 24 64 1.0
24 65 0 24 65 1.0
24 66 19 24 52 1.0
24 67 19 24 52 1.0
24 68 19 24 52 1.0
24 69 18 24 65 1.0
24 70 18 24 65 1.0
24 71 24 24 57 1.0
24 72 18 24 65 1.0
24 73 0 24 0 1.0
24 74 0 24 0 1.0
24 77 0 24 0 1.0
24 78 0 24 0 1.0
24 79 0 24 0 1.0
25 0 0 25 0 1.0
25 1 0 25 1 1.0
25 2 15 25 1 1.0
25 3 0 25 3 1.0
25 4 15 25 1 1.0
25 5 0 25 5 1.0
25 6 7 25 59 1.0
25 7 8 25 60 1.0
25 8 7 25 59 1.0
25 9 7 25 59 1.0
25 10 8 25 60 1.0
25 11 7 25 59 1.0
25 12 0 25 59 1.0
25 13 0 25 59 1.0
25 14 0 25 59 1.0
25 15 0 25 59 1.0
25 16 0 25 59 1.0
25 17 11 25 35 1.0
25 18 0 25 0 1.0
25 19 0 25 0 1.0
25 20 0 25 0 1.0
25 21 0 25 0 1.0
25 22 0 25 0 1.0
25 23 0 25 0 1.0
25 24 0 25 0 1.0
25 26 0 25 0 1.0
25 27 0 25 0 1.0
25 28 0 25 0 1.0
25 29 0 25 0 1.0
25 30 0 25 0 1.0
25 31 0 25 31 1.0
25 32 0 25 32 1.0
25 33 0 25 33 1.0
25 34 0 25 34 1.0
25 35 8 25 59 1.0
25 36 0 25 36 1.0
25 37 0 25 37 1.0
25 38 11 25 0 1.0
25 39 11 25 0 1.0
25 40 11 25 0 1.0
25 41 11 25 0 1.0
25 42 11 25 0 1.0
25 43 11 25 0 1.0
25 44 11 25 0 1.0
25 45 11 25 0 1.0
25 46 11 25 0 1.0
25 47 11 25 0 1.0
25 48 11 25 0 1.0
25 49 11 25 0 1.0
25 50 11 25 0 1.0
25 51 11 25 0 1.0
25 52 0 25 52 1.0
25 53 0 25 53 1.0
25 54 0 25 54 1.0
25 55 1 25 0 1.0
25 56 0 25 56 1.0
25 57 0 25 57 1.0
25 58 0 25 58 1.0
25 59 0 25 59 1.0
25 60 0 25 60 1.0
25 61 1 25 31 1.0
25 62 20 25 52 1.0
25 63 0 25 63 1.0
25 64 0 25 64 1.0
25 65 0 25 65 1.0
25 67 9 25 62 0.515625
25 67 18 25 65 0.484375
25 68 19 25 52 1.0
25 69 6 25 59 1.0
25 70 6 25 59 1.0
25 71 19 25 52 1.0
25 72 6 25 59 1.0
25 73 0 25 0 1.0
25 74 0 25 0 1.0
25 75 0 25 0 1.0
25 76 0 25 0 1.0
25 77 0 25 0 1.0
25 78 0 25 0 1.0
25 79 0 25 0 1.0
26 0 0 26 0 1.0
26 1 0 26 1 1.0
26 2 0 26 2 0.015625
26 2 15 26 1 0.984375
26 3 1 26 52 1.0
26 4 0 26 4 0.0625
26 4 15 26 1 0.9375
26 5 1 26 52 1.0
26 6 7 26 59 1.0
26 7 7 26 59 1.0
26 8 8 26 60 1.0
26 9 7 26 59 1.0
26 10 8 26 60 1.0
26 11 7 26 59 1.0
26 12 0 26 59 1.0
26 13 1 26 60 1.0
26 14 0 26 59 1.0
26 15 0 26 59 1.0
26 16 1 26 60 1.0
26 17 0 26 59 1.0
26 18 0 26 0 1.0
26 19 0 26 0 1.0
26 20 9 26 55 1.0
26 21 11 26 57 1.0
26 22 0 26 0 1.0
26 23 0 26 0 1.0
26 24 0 26 0 1.0
26 25 0 26 0 1.0
26 27 0 26 0 1.0
26 28 0 26 0 1.0
26 29 5 26 5 1.0
26 30 0 26 0 1.0
26 31 0 26 31 1.0
26 32 0 26 32 1.0
26 33 0 26 33 1.0
26 34 8 26 59 1.0
26 35 0 26 35 1.0
26 36 0 26 36 1.0
26 37 0 26 37 1.0
26 38 11 26 0 1.0
26 39 11 26 0 1.0
26 40 11 26 0 1.0
26 41 11 26 0 1.0
26 42 11 26 0 1.0
26 43 11 26 0 1.0
26 44 11 26 0 1.0
26 45 11 26 0 1.0
26 46 11 26 0 1.0
26 47 11 26 0 1.0
26 48 11 26 0 1.0
26 49 11 26 0 1.0
26 50 11 26 0 1.0
26 51 11 26 0 1.0
26 52 0 26 52 1.0
26 53 0 26 53 1.0
26 54 0 26 54 1.0
26 55 0 26 55 1.0
26 56 0 26 56 1.0
26 57 2 26 1 0.25
26 57 3 26 2 0.265625
26 57 5 26 4 0.25
26 57 6 26 5 0.234375
26 58 0 26 58 1.0
26 59 0 26 59 1.0
26 60 0 26 60 1.0
26 61 0 26 61 1.0
26 62 0 26 62 0.046875
26 62 16 26 3 0.953125
26 63 0 26 63 1.0
26 64 0 26 64 1.0
26 65 0 26 65 1.0
26 67 18 26 65 1.0
26 68 5 26 35 1.0
26 69 6 26 59 1.0
26 70 6 26 59 1.0
26 71 6 26 59 1.0
26 72 6 26 59 1.0
26 73 0 26 0 1.0
26 74 0 26 0 1.0
26 75 0 26 0 1.0
26 76 0 26 0 1.0
26 77 0 26 0 1.0
26 78 0 26 0 1.0
26 79 12 26 59 1.0
27 0 0 27 0 1.0
27 1 0 27 1 1.0
27 2 0 27 2 1.0
27 3 0 27 3 1.0
27 4 15 27 1 1.0
27 5 0 27 5 1.0
27 6 7 27 59 1.0
27 7 7 27 59 1.0
27 8 7 27 59 1.0
27 9 7 27 59 1.0
27 10 8 27 60 1.0
27 11 7 27 59 1.0
27 12 0 27 59 1.0
27 13 0 27 59 1.0
27 14 0 27 59 1.0
27 15 0 27 59 1.0
27 16 1 27 60 1.0
27 17 0 27 59 1.0
27 18 0 27 0 1.0
27 19 0 27 0 1.0
27 20 0 27 0 1.0
27 21 0 27 0 1.0
27 22 0 27 0 1.0
27 23 0 27 0 1.0
27 24 0 27 0 1.0
27 25 0 27 0 1.0
27 26 0 27 0 1.0
27 28 0 27 0 1.0
27 29 1 27 1 1.0
27 30 0 27 0 1.0
27 31 0 27 31 1.0
27 32 0 27 32 1.0
27 33 0 27 33 1.0
27 34 0 27 34 1.0
27 35 0 27 35 1.0
27 36 0 27 36 1.0
27 37 0 27 37 1.0
27 38 11 27 0 1.0
27 39 11 27 0 1.0
27 40 11 27 0 1.0
27 41 11 27 0 1.0
27 42 11 27 0 1.0
27 43 21 27 32 1.0
27 44 11 27 0 1.0
27 45 11 27 0 1.0
27 46 11 27 0 1.0
27 47 11 27 0 1.0
27 48 11 27 0 1.0
27 49 11 27 0 1.0
27 50 11 27 0 1.0
27 51 11 27 0 1.0
27 52 0 27 52 1.0
27 53 0 27 53 1.0
27 54 0 27 54 1.0
27 55 0 27 55 1.0
27 56 0 27 56 1.0
27 57 0 27 57 1.0
27 58 0 27 58 1.0
27 59 0 27 59 1.0
27 60 0 27 60 1.0
27 61 0 27 61 1.0
27 62 0 27 62 1.0
27 63 0 27 63 1.0
27 64 0 27 64 1.0
27 65 0 27 65 1.0
27 66 6 27 59 1.0
27 67 6 27 59 1.0
27 68 19 27 52 1.0
27 69 6 27 59 1.0
27 70 6 27 59 1.0
27 71 6 27 59 1.0
27 72 6 27 59 1.0
27 73 0 27 0 1.0
27 74 0 27 0 1.0
27 75 0 27 0 1.0
27 76 0 27 0 1.0
27 77 0 27 0 1.0
27 78 0 27 0 1.0
27 79 0 27 0 1.0
28 0 0 28 0 1.0
28 1 0 28 1 1.0
28 2 0 28 2 1.0
28 3 0 28 3 1.0
28 4 0 28 4 1.0
28 9 7 28 59 1.0
28 11 7 28 59 1.0
28 12 0 28 59 1.0
28 14 0 28 59 1.0
28 15 0 28 59 1.0
28 18 0 28 0 1.0
28 20 0 28 0 1.0
28 21 0 28 0 1.0
28 22 0 28 0 1.0
28 25 0 28 0 1.0
28 26 0 28 0 1.0
28 27 0 28 0 1.0
28 29 0 28 0 1.0
28 30 0 28 0 1.0
28 32 0 28 32 1.0
28 33 0 28 33 1.0
28 34 18 28 35 1.0
28 35 0 28 35 1.0
28 36 0 28 36 1.0
28 37 0 28 37 1.0
28 39 11 28 0 1.0
28 40 11 28 0 1.0
28 41 11 28 0 1.0
28 45 11 28 0 1.0
28 46 11 28 0 1.0
28 47 11 28 0 1.0
28 48 11 28 0 1.0
28 49 11 28 0 1.0
28 50 11 28 0 1.0
28 51 11 28 0 1.0
28 52 0 28 52 1.0
28 53 0 28 53 1.0
28 54 0 28 54 1.0
28 55 0 28 55 1.0
28 56 0 28 56 1.0
28 57 0 28 57 1.0
28 58 0 28 58 1.0
28 59 0 28 59 1.0
28 60 0 28 60 1.0
28 61 0 28 61 1.0
28 62 0 28 62 1.0
28 63 0 28 63 1.0
28 64 2 28 32 1.0
28 65 4 28 34 1.0
28 66 17 28 5 1.0
28 67 6 28 59 1.0
28 68 19 28 52 1.0
28 69 18 28 65 1.0
28 72 18 28 65 1.0
28 74 0 28 0 1.0
28 77 0 28 0 1.0
28 78 0 28 0 1.0
28 79 0 28 0 1.0
29 0 0 29 0 1.0
29 1 0 29 1 1.0
29 2 15 29 1 1.0
29 3 0 29 3 1.0
29 4 0 29 4 1.0
29 5 15 29 1 1.0
29 6 8 29 60 1.0
29 7 7 29 59 1.0
29 8 7 29 59 1.0
29 9 8 29 60 1.0
29 10 8 29 60 1.0
29 11 7 29 59 1.0
29 12 0 29 59 1.0
29 13 0 29 59 1.0
29 14 1 29 60 1.0
29 15 0 29 59 1.0
29 16 0 29 59 1.0
29 19 0 29 0 1.0
29 20 0 29 0 1.0
29 21 0 29 0 0.203125
29 21 2 29 2 0.265625
29 21 5 29 5 0.265625
29 21 6 29 52 0.265625
29 22 0 29 0 1.0
29 23 0 29 0 1.0
29 24 0 29 0 1.0
29 25 0 29 0 1.0
29 26 0 29 0 1.0
29 27 0 29 0 1.0
29 28 0 29 0 1.0
29 30 0 29 0 1.0
29 31 0 29 31 1.0
29 32 0 29 32 1.0
29 33 0 29 33 1.0
29 34 0 29 34 1.0
29 35 0 29 35 1.0
29 36 9 29 60 1.0
29 39 11 29 0 1.0
29 40 11 29 0 1.0
29 41 11 29 0 1.0
29 42 11 29 0 1.0
29 43 11 29 0 1.0
29 44 11 29 0 1.0
29 45 11 29 0 1.0
29 47 11 29 0 1.0
29 48 11 29 0 1.0
29 49 11 29 0 1.0
29 50 11 29 0 1.0
29 51 11 29 0 1.0
29 52 1 29 0 1.0
29 53 0 29 53 1.0
29 54 0 29 54 1.0
29 55 0 29 55 1.0
29 56 0 29 56 1.0
29 57 0 29 57 1.0
29 58 0 29 58 1.0
29 61 0 29 61 1.0
29 62 0 29 62 1.0
29 63 0 29 63 1.0
29 64 1 29 31 1.0
29 65 1 29 31 1.0
29 66 19 29 52 1.0
29 67 6 29 59 1.0
29 68 20 29 53 1.0
29 69 20 29 53 1.0
29 70 6 29 59 1.0
29 71 20 29 53 1.0
29 72 18 29 65 1.0
29 73 0 29 0 1.0
29 74 0 29 0 1.0
29 75 0 29 0 1.0
29 76 0 29 0 1.0
29 77 0 29 0 1.0
29 78 0 29 0 1.0
29 79 0 29 0 1.0
30 0 0 30 0 1.0
30 1 0 30 1 1.0
30 2 0 30 2 1.0
30 3 0 30 3 1.0
30 4 0 30 4 1.0
30 5 0 30 5 1.0
30 6 7 30 59 1.0
30 7 8 30 60 1.0
30 8 7 30 59 1.0
30 9 8 30 60 1.0
30 10 7 30 59 1.0
30 14 1 30 60 1.0
30 15 0 30 59 1.0
30 19 0 30 0 1.0
30 20 0 30 0 1.0
30 22 0 30 0 1.0
30 23 0 30 0 1.0
30 24 0 30 0 1.0
30 25 0 30 0 1.0
30 26 0 30 0 1.0
30 28 0 30 0 1.0
30 29 2 30 2 1.0
30 31 0 30 31 1.0
30 32 0 30 32 1.0
30 33 0 30 33 1.0
30 40 11 30 0 1.0
30 41 11 30 0 1.0
30 42 11 30 0 1.0
30 43 11 30 0 1.0
30 44 18 30 58 1.0
30 45 11 30 0 1.0
30 46 11 30 0 1.0
30 48 11 30 0 1.0
30 50 11 30 0 1.0
30 51 11 30 0 1.0
30 53 0 30 53 1.0
30 54 0 30 54 1.0
30 57 0 30 57 1.0
30 58 0 30 58 1.0
30 59 1 30 31 1.0
30 63 0 30 63 1.0
30 64 0 30 64 1.0
30 65 0 30 65 1.0
30 66 19 30 52 1.0
30 67 19 30 52 1.0
30 68 18 30 65 1.0
30 69 20 30 53 1.0
30 70 20 30 53 1.0
30 71 19 30 52 1.0
30 72 18 30 65 1.0
30 73 0 30 0 1.0
30 74 0 30 0 1.0
30 77 0 30 0 1.0
30 78 0 30 0 1.0
30 79 0 30 0 1.0
31 0 0 31 24 1.0
31 1 1 31 25 1.0
31 2 0 31 24 1.0
31 3 0 31 24 1.0
31 4 1 31 25 1.0
31 5 0 31 24 1.0
31 6 0 31 6 1.0
31 7 0 31 7 1.0
31 8 0 31 8 1.0
31 9 0 31 9 1.0
31 10 0 31 10 1.0
31 14 19 31 30 1.0
31 15 18 31 29 1.0
31 16 0 31 6 1.0
31 19 12 31 28 1.0
31 20 12 31 28 1.0
31 23 12 31 28 1.0
31 24 0 31 24 1.0
31 25 0 31 25 1.0
31 26 0 31 26 1.0
31 27 0 31 27 1.0
31 28 0 31 28 1.0
31 29 6 31 57 1.0
31 30 0 31 30 1.0
31 32 6 31 24 1.0
31 37 6 31 24 1.0
31 38 6 31 6 1.0
31 40 21 31 25 1.0
31 41 21 31 25 1.0
31 42 21 31 25 1.0
31 44 21 31 25 1.0
31 45 21 31 25 1.0
31 50 20 31 24 1.0
31 51 20 31 24 1.0
31 53 0 31 53 1.0
31 54 0 31 54 1.0
31 55 24 31 63 1.0
31 56 0 31 56 1.0
31 57 1 31 24 1.0
31 58 0 31 58 1.0
31 63 0 31 63 1.0
31 64 7 31 24 1.0
31 65 0 31 65 1.0
31 66 1 31 7 1.0
31 67 0 31 6 1.0
31 68 0 31 6 1.0
31 69 0 31 6 1.0
31 70 0 31 6 1.0
31 71 0 31 6 1.0
31 72 0 31 6 1.0
31 73 12 31 59 1.0
31 74 14 31 61 1.0
31 75 12 31 59 1.0
31 77 12 31 59 1.0
31 78 12 31 59 1.0
31 79 6 31 52 1.0
32 0 0 32 24 1.0
32 1 0 32 24 1.0
32 2 0 32 24 1.0
32 3 0 32 24 1.0
32 4 23 32 9 1.0
32 5 0 32 24 1.0
32 6 0 32 6 1.0
32 7 0 32 7 1.0
32 8 0 32 8 1.0
32 9 0 32 9 1.0
32 10 0 32 10 1.0
32 11 0 32 11 1.0
32 12 0 32 6 1.0
32 14 0 32 6 1.0
32 15 0 32 6 1.0
32 16 0 32 6 1.0
32 17 0 32 6 1.0
32 18 0 32 52 1.0
32 19 12 32 28 1.0
32 20 12 32 28 1.0
32 21 8 32 24 1.0
32 22 8 32 24 1.0
32 23 12 32 28 1.0
32 24 0 32 24 1.0
32 25 0 32 25 1.0
32 26 0 32 26 1.0
32 27 0 32 27 1.0
32 28 0 32 28 1.0
32 29 0 32 29 1.0
32 30 0 32 30 1.0
32 31 6 32 24 1.0
32 33 6 32 24 1.0
32 34 6 32 24 1.0
32 35 6 32 24 1.0
32 36 6 32 24 1.0
32 38 20 32 24 1.0
32 39 20 32 24 1.0
32 40 24 32 28 1.0
32 41 21 32 25 1.0
32 42 21 32 25 1.0
32 43 21 32 25 1.0
32 44 21 32 25 1.0
32 45 21 32 25 1.0
32 46 20 32 24 1.0
32 47 20 32 24 1.0
32 48 20 32 24 1.0
32 49 20 32 24 1.0
32 50 20 32 24 1.0
32 51 20 32 24 1.0
32 52 0 32 52 1.0
32 53 0 32 53 1.0
32 54 0 32 54 1.0
32 55 0 32 55 1.0
32 56 0 32 56 1.0
32 57 1 32 24 1.0
32 58 0 32 58 1.0
32 59 0 32 59 1.0
32 60 0 32 60 1.0
32 61 0 32 61 1.0
32 62 7 32 24 1.0
32 63 0 32 63 1.0
32 64 0 32 64 1.0
32 65 0 32 65 1.0
32 66 0 32 6 1.0
32 67 1 32 7 1.0
32 68 0 32 6 1.0
32 69 0 32 6 1.0
32 70 0 32 6 1.0
32 71 0 32 6 1.0
32 72 0 32 6 1.0
32 73 12 32 59 1.0
32 74 14 32 61 1.0
32 75 12 32 59 1.0
32 76 12 32 59 1.0
32 77 13 32 60 1.0
32 78 13 32 60 1.0
32 79 12 32 59 1.0
33 1 0 33 24 1.0
33 2 0 33 24 1.0
33 4 1 33 25 1.0
33 5 0 33 24 1.0
33 6 0 33 6 1.0
33 7 0 33 7 1.0
33 8 0 33 8 1.0
33 9 0 33 9 1.0
33 10 0 33 10 1.0
33 11 0 33 11 1.0
33 12 0 33 6 1.0
33 13 0 33 6 1.0
33 14 0 33 6 1.0
33 15 0 33 6 1.0
33 16 0 33 6 1.0
33 17 0 33 6 1.0
33 18 8 33 24 1.0
33 19 8 33 24 1.0
33 20 8 33 24 1.0
33 21 8 33 24 1.0
33 22 8 33 24 1.0
33 23 8 33 24 1.0
33 25 0 33 25 1.0
33 26 0 33 26 1.0
33 27 0 33 27 1.0
33 28 0 33 28 1.0
33 29 1 33 52 1.0
33 32 6 33 24 1.0
33 34 6 33 24 1.0
33 35 6 33 24 1.0
33 36 6 33 24 1.0
33 37 6 33 24 1.0
33 38 20 33 24 1.0
33 39 23 33 27 1.0
33 40 21 33 25 1.0
33 41 21 33 25 1.0
33 42 21 33 25 1.0
33 43 6 33 6 1.0
33 45 20 33 24 1.0
33 46 20 33 24 1.0
33 47 20 33 24 1.0
33 48 21 33 25 1.0
33 49 20 33 24 1.0
33 50 20 33 24 1.0
33 51 20 33 24 1.0
33 52 0 33 52 1.0
33 53 0 33 53 1.0
33 54 0 33 54 1.0
33 55 3 33 26 1.0
33 56 0 33 56 1.0
33 57 1 33 24 0.875
33 57 3 33 26 0.125
33 58 0 33 58 1.0
33 59 0 33 59 1.0
33 60 0 33 60 1.0
33 61 0 33 61 1.0
33 62 0 33 62 1.0
33 63 0 33 63 1.0
33 64 0 33 64 1.0
33 65 0 33 65 1.0
33 66 1 33 7 1.0
33 67 0 33 6 1.0
33 68 1 33 7 1.0
33 69 0 33 6 1.0
33 70 0 33 6 1.0
33 72 0 33 6 1.0
33 73 12 33 59 1.0
33 74 6 33 52 1.0
33 75 12 33 59 1.0
33 76 12 33 59 1.0
33 77 12 33 59 1.0
33 78 12 33 59 1.0
33 79 13 33 60 1.0
34 0 0 34 24 1.0
34 1 0 34 24 1.0
34 2 0 34 24 1.0
34 4 0 34 24 1.0
34 7 0 34 7 1.0
34 8 0 34 8 1.0
34 9 0 34 9 1.0
34 11 0 34 11 1.0
34 12 0 34 6 1.0
34 13 9 34 62 1.0
34 14 0 34 6 1.0
34 15 0 34 6 1.0
34 16 0 34 6 1.0
34 17 0 34 6 1.0
34 18 8 34 24 1.0
34 19 8 34 24 1.0
34 20 8 34 24 1.0
34 21 8 34 24 1.0
34 22 8 34 24 1.0
34 23 8 34 24 1.0
34 25 0 34 25 1.0
34 26 0 34 26 1.0
34 27 0 34 27 1.0
34 28 0 34 28 1.0
34 29 0 34 29 1.0
34 32 6 34 24 1.0
34 33 6 34 24 1.0
34 35 6 34 24 1.0
34 36 6 34 24 1.0
34 37 6 34 24 1.0
34 38 20 34 24 1.0
34 39 20 34 24 1.0
34 40 21 34 25 1.0
34 41 6 34 6 1.0
34 43 21 34 25 1.0
34 44 6 34 6 1.0
34 45 20 34 24 1.0
34 46 20 34 24 1.0
34 47 20 34 24 1.0
34 48 20 34 24 1.0
34 49 20 34 24 1.0
34 50 6 34 6 1.0
34 51 20 34 24 1.0
34 52 0 34 52 1.0
34 53 0 34 53 1.0
34 54 0 34 54 1.0
34 55 0 34 55 1.0
34 56 0 34 56 1.0
34 57 0 34 57 1.0
34 58 0 34 58 1.0
34 59 0 34 59 1.0
34 60 0 34 60 1.0
34 61 0 34 61 1.0
34 62 0 34 62 1.0
34 63 0 34 63 1.0
34 64 7 34 24 1.0
34 65 7 34 24 1.0
34 66 0 34 6 1.0
34 67 0 34 6 1.0
34 68 1 34 7 1.0
34 69 0 34 6 1.0
34 70 0 34 6 1.0
34 72 0 34 6 1.0
34 73 6 34 52 1.0
34 74 12 34 59 1.0
34 75 12 34 59 1.0
34 76 12 34 59 1.0
34 77 6 34 52 1.0
34 78 13 34 60 1.0
34 79 13 34 60 1.0
35 1 0 35 24 1.0
35 2 0 35 24 1.0
35 8 0 35 8 1.0
35 9 0 35 9 1.0
35 10 0 35 10 1.0
35 11 0 35 11 1.0
35 14 23 35 55 1.0
35 15 0 35 6 1.0
35 17 0 35 6 1.0
35 19 0 35 52 0.5
35 19 1 35 53 0.5
35 21 8 35 24 1.0
35 22 8 35 24 1.0
35 25 0 35 25 1.0
35 26 0 35 26 1.0
35 27 0 35 27 1.0
35 29 0 35 29 0.015625
35 29 25 35 10 0.984375
35 30 0 35 30 1.0
35 32 6 35 24 1.0
35 33 6 35 24 1.0
35 34 5 35 11 0.5
35 34 26 35 65 0.5
35 36 6 35 24 1.0
35 37 6 35 24 1.0
35 40 21 35 25 1.0
35 41 21 35 25 1.0
35 42 6 35 6 1.0
35 45 20 35 24 1.0
35 46 6 35 6 1.0
35 47 20 35 24 1.0
35 48 6 35 6 1.0
35 49 20 35 24 1.0
35 50 20 35 24 1.0
35 51 20 35 24 1.0
35 52 1 35 24 1.0
35 53 1 35 24 1.0
35 54 0 35 54 0.765625
35 54 1 35 24 0.234375
35 55 3 35 26 1.0
35 56 0 35 56 1.0
35 57 0 35 57 1.0
35 58 0 35 58 1.0
35 60 0 35 60 1.0
35 61 0 35 61 1.0
35 62 0 35 62 1.0
35 63 0 35 63 1.0
35 64 0 35 64 1.0
35 65 7 35 24 1.0
35 66 0 35 6 1.0
35 67 0 35 6 1.0
35 68 1 35 7 1.0
35 69 11 35 64 1.0
35 70 0 35 6 1.0
35 72 0 35 6 1.0
35 74 6 35 52 1.0
35 75 6 35 52 1.0
35 76 6 35 52 1.0
35 77 6 35 52 1.0
35 78 13 35 60 1.0
35 79 13 35 60 1.0
36 0 0 36 24 1.0
36 1 0 36 24 1.0
36 2 0 36 24 1.0
36 3 0 36 24 1.0
36 7 0 36 7 1.0
36 8 0 36 8 1.0
36 9 0 36 9 1.0
36 10 1 36 59 1.0
36 11 0 36 11 1.0
36 12 0 36 6 1.0
36 14 0 36 6 1.0
36 15 0 36 6 1.0
36 16 0 36 6 1.0
36 17 0 36 6 1.0
36 18 8 36 24 1.0
36 20 8 36 24 1.0
36 21 0 36 52 1.0
36 22 8 36 24 1.0
36 23 8 36 24 1.0
36 25 0 36 25 1.0
36 26 0 36 26 1.0
36 27 0 36 27 1.0
36 28 0 36 28 1.0
36 29 0 36 29 1.0
36 30 0 36 30 1.0
36 32 6 36 24 1.0
36 33 6 36 24 1.0
36 34 6 36 24 1.0
36 35 6 36 24 1.0
36 37 6 36 24 1.0
36 38 20 36 24 1.0
36 39 6 36 6 1.0
36 40 21 36 25 1.0
36 41 21 36 25 1.0
36 42 8 36 8 1.0
36 43 8 36 8 1.0
36 44 6 36 6 1.0
36 45 20 36 24 1.0
36 46 20 36 24 1.0
36 47 20 36 24 1.0
36 48 20 36 24 1.0
36 49 20 36 24 1.0
36 50 20 36 24 1.0
36 51 20 36 24 1.0
36 52 0 36 52 1.0
36 53 0 36 53 1.0
36 54 0 36 54 1.0
36 55 2 36 25 1.0
36 56 0 36 56 1.0
36 57 0 36 57 1.0
36 58 1 36 24 1.0
36 59 0 36 59 1.0
36 60 0 36 60 1.0
36 61 0 36 61 1.0
36 62 0 36 62 1.0
36 63 0 36 63 1.0
36 64 0 36 64 1.0
36 65 0 36 65 1.0
36 66 1 36 7 1.0
36 67 25 36 29 1.0
36 68 1 36 7 0.765625
36 68 5 36 11 0.234375
36 69 0 36 6 1.0
36 70 0 36 6 1.0
36 72 0 36 6 1.0
36 73 12 36 59 1.0
36 74 6 36 52 1.0
36 75 12 36 59 1.0
36 76 6 36 52 1.0
36 77 12 36 59 1.0
36 78 12 36 59 1.0
36 79 13 36 60 1.0
37 0 0 37 24 1.0
37 1 0 37 24 1.0
37 2 0 37 24 1.0
37 7 0 37 7 1.0
37 8 0 37 8 1.0
37 10 6 37 64 0.5
37 10 13 37 29 0.5
37 11 0 37 11 1.0
37 12 0 37 6 1.0
37 13 0 37 6 1.0
37 14 2 37 8 1.0
37 15 1 37 7 1.0
37 16 1 37 7 1.0
37 17 1 37 7 1.0
37 18 0 37 52 1.0
37 19 8 37 24 1.0
37 20 0 37 52 1.0
37 21 5 37 57 1.0
37 22 8 37 24 1.0
37 23 0 37 52 1.0
37 24 0 37 24 1.0
37 25 0 37 25 1.0
37 26 0 37 26 1.0
37 27 0 37 27 1.0
37 28 0 37 28 1.0
37 29 2 37 53 1.0
37 30 0 37 30 1.0
37 32 6 37 24 1.0
37 33 6 37 24 1.0
37 34 6 37 24 1.0
37 35 6 37 24 1.0
37 36 6 37 24 1.0
37 38 20 37 24 1.0
37 39 0 37 59 0.109375
37 39 2 37 61 0.125
37 39 3 37 62 0.125
37 39 4 37 63 0.140625
37 39 6 37 6 0.125
37 39 7 37 7 0.125
37 39 9 37 9 0.125
37 39 10 37 10 0.125
37 40 21 37 25 1.0
37 41 13 37 53 1.0
37 42 6 37 6 1.0
37 43 21 37 25 1.0
37 45 3 37 55 1.0
37 46 20 37 24 1.0
37 47 20 37 24 1.0
37 48 20 37 24 1.0
37 49 20 37 24 1.0
37 50 20 37 24 1.0
37 51 20 37 24 1.0
37 52 0 37 52 1.0
37 53 0 37 53 1.0
37 54 0 37 54 1.0
37 55 3 37 26 1.0
37 56 0 37 56 1.0
37 57 0 37 57 1.0
37 58 0 37 58 1.0
37 59 0 37 59 1.0
37 60 0 37 60 1.0
37 61 7 37 24 1.0
37 62 21 37 53 1.0
37 63 7 37 24 1.0
37 64 16 37 61 1.0
37 65 0 37 65 1.0
37 66 0 37 6 1.0
37 67 0 37 6 1.0
37 68 3 37 9 1.0
37 69 1 37 7 1.0
37 70 0 37 6 1.0
37 72 0 37 6 1.0
37 73 9 37 55 1.0
37 74 12 37 59 1.0
37 75 12 37 59 1.0
37 77 13 37 60 1.0
37 78 13 37 60 1.0
37 79 15 37 62 1.0
38 0 0 38 73 1.0
38 1 0 38 73 1.0
38 2 0 38 73 1.0
38 4 0 38 73 1.0
38 6 0 38 12 1.0
38 8 1 38 13 1.0
38 9 0 38 12 1.0
38 10 0 38 12 1.0
38 11 0 38 12 1.0
38 13 26 38 79 1.0
38 14 0 38 14 1.0
38 15 0 38 15 1.0
38 17 0 38 17 1.0
38 22 7 38 73 1.0
38 23 7 38 73 1.0
38 25 14 38 69 1.0
38 26 22 38 49 1.0
38 27 6 38 12 1.0
38 28 6 38 12 1.0
38 31 6 38 12 1.0
38 33 6 38 12 1.0
38 34 6 38 12 1.0
38 36 6 38 12 1.0
38 39 20 38 73 1.0
38 40 21 38 74 1.0
38 41 21 38 74 1.0
38 45 0 38 45 1.0
38 46 0 38 46 1.0
38 48 0 38 48 1.0
38 50 0 38 50 1.0
38 51 0 38 51 1.0
38 53 12 38 79 1.0
38 54 12 38 79 1.0
38 55 22 38 69 1.0
38 56 12 38 79 1.0
38 57 12 38 79 1.0
38 58 1 38 73 1.0
38 59 1 38 13 1.0
38 60 0 38 12 1.0
38 61 1 38 13 1.0
38 62 0 38 12 1.0
38 63 0 38 12 1.0
38 64 1 38 13 1.0
38 65 1 38 13 1.0
38 66 0 38 66 1.0
38 67 0 38 67 1.0
38 68 0 38 68 1.0
38 69 0 38 69 1.0
38 75 0 38 75 1.0
38 76 0 38 76 1.0
38 77 0 38 77 1.0
38 78 0 38 78 1.0
38 79 0 38 79 1.0
39 0 0 39 73 1.0
39 1 0 39 73 1.0
39 2 0 39 73 1.0
39 4 0 39 73 1.0
39 5 0 39 73 1.0
39 6 0 39 12 1.0
39 8 0 39 12 1.0
39 10 2 39 14 1.0
39 11 0 39 12 1.0
39 12 0 39 12 1.0
39 13 1 39 66 1.0
39 14 0 39 14 1.0
39 15 0 39 15 1.0
39 16 0 39 16 1.0
39 18 7 39 73 1.0
39 19 7 39 73 1.0
39 20 7 39 73 1.0
39 21 7 39 73 1.0
39 22 7 39 73 1.0
39 25 0 39 78 1.0
39 26 6 39 12 1.0
39 27 6 39 12 1.0
39 28 19 39 46 1.0
39 31 6 39 12 1.0
39 32 6 39 12 1.0
39 33 6 39 12 1.0
39 36 6 39 12 1.0
39 37 6 39 12 1.0
39 38 10 39 49 0.25
39 38 11 39 50 0.25
39 38 12 39 51 0.25
39 38 21 39 74 0.25
39 40 23 39 76 1.0
39 41 23 39 76 1.0
39 42 20 39 73 1.0
39 43 22 39 75 1.0
39 45 0 39 45 1.0
39 46 0 39 46 1.0
39 47 8 39 73 0.328125
39 47 11 39 76 0.34375
39 47 12 39 77 0.328125
39 50 8 39 73 1.0
39 51 0 39 51 1.0
39 52 1 39 73 1.0
39 53 1 39 73 1.0
39 54 12 39 79 1.0
39 55 12 39 79 1.0
39 56 12 39 79 1.0
39 57 12 39 79 1.0
39 58 12 39 79 1.0
39 59 0 39 12 1.0
39 60 0 39 12 1.0
39 61 0 39 12 1.0
39 62 0 39 12 1.0
39 63 0 39 12 1.0
39 64 2 39 14 1.0
39 65 0 39 12 1.0
39 66 0 39 66 1.0
39 67 0 39 67 1.0
39 68 0 39 68 1.0
39 69 0 39 69 1.0
39 70 0 39 70 0.5
39 70 9 39 47 0.5
39 71 0 39 71 1.0
39 72 0 39 72 1.0
39 75 0 39 75 1.0
39 76 0 39 76 1.0
39 77 0 39 77 1.0
39 78 0 39 78 0.953125
39 78 10 39 74 0.046875
39 79 0 39 79 1.0
40 0 0 40 73 1.0
40 1 1 40 74 1.0
40 2 0 40 73 1.0
40 3 0 40 73 1.0
40 4 0 40 73 1.0
40 5 0 40 73 1.0
40 6 0 40 12 1.0
40 7 0 40 12 1.0
40 8 0 40 12 1.0
40 9 0 40 12 1.0
40 10 0 40 12 1.0
40 11 0 40 12 1.0
40 12 0 40 12 1.0
40 13 0 40 13 1.0
40 14 0 40 14 1.0
40 15 0 40 15 1.0
40 16 0 40 16 1.0
40 17 0 40 17 1.0
40 18 7 40 73 1.0
40 19 7 40 73 1.0
40 20 7 40 73 1.0
40 21 7 40 73 1.0
40 22 7 40 73 1.0
40 23 7 40 73 1.0
40 24 0 40 78 1.0
40 25 0 40 78 1.0
40 26 6 40 12 1.0
40 27 6 40 12 1.0
40 28 6 40 12 1.0
40 29 6 40 12 1.0
40 30 6 40 12 1.0
40 31 6 40 12 1.0
40 32 6 40 12 1.0
40 33 6 40 12 1.0
40 34 6 40 12 1.0
40 35 6 40 12 1.0
40 36 6 40 12 1.0
40 37 6 40 12 1.0
40 38 20 40 73 1.0
40 39 20 40 73 1.0
40 41 21 40 74 1.0
40 42 21 40 74 1.0
40 43 21 40 74 1.0
40 44 20 40 73 1.0
40 45 0 40 45 1.0
40 46 0 40 46 1.0
40 47 0 40 47 1.0
40 48 0 40 48 1.0
40 49 0 40 49 1.0
40 50 0 40 50 1.0
40 51 0 40 51 1.0
40 52 12 40 79 1.0
40 53 12 40 79 1.0
40 54 12 40 79 1.0
40 55 12 40 79 1.0
40 56 12 40 79 1.0
40 57 12 40 79 1.0
40 58 12 40 79 1.0
40 59 0 40 12 1.0
40 60 0 40 12 1.0
40 61 0 40 12 1.0
40 62 0 40 12 1.0
40 63 0 40 12 1.0
40 64 0 40 12 1.0
40 65 1 40 13 1.0
40 66 0 40 66 1.0
40 67 0 40 67 1.0
40 68 0 40 68 1.0
40 69 0 40 69 1.0
40 70 0 40 70 1.0
40 71 0 40 71 1.0
40 72 0 40 72 1.0
40 73 0 40 73 1.0
40 74 0 40 74 1.0
40 75 1 40 45 1.0
40 76 0 40 76 1.0
40 77 0 40 77 1.0
40 78 0 40 78 1.0
40 79 0 40 79 1.0
41 0 0 41 73 1.0
41 1 0 41 73 0.828125
41 1 9 41 47 0.171875
41 2 0 41 73 1.0
41 3 0 41 73 1.0
41 4 0 41 73 1.0
41 5 0 41 73 1.0
41 6 0 41 12 1.0
41 7 0 41 12 1.0
41 8 0 41 12 1.0
41 9 0 41 12 1.0
41 10 2 41 14 1.0
41 11 0 41 12 1.0
41 12 0 41 12 1.0
41 13 9 41 74 1.0
41 14 0 41 14 1.0
41 15 0 41 15 1.0
41 16 0 41 16 1.0
41 17 0 41 17 1.0
41 18 7 41 73 1.0
41 19 7 41 73 1.0
41 20 7 41 73 1.0
41 21 20 41 12 1.0
41 22 7 41 73 1.0
41 23 7 41 73 1.0
41 24 0 41 78 1.0
41 25 0 41 78 0.359375
41 25 6 41 12 0.640625
41 26 6 41 12 1.0
41 27 6 41 12 1.0
41 28 6 41 12 1.0
41 29 6 41 12 1.0
41 30 6 41 12 1.0
41 31 6 41 12 1.0
41 32 1 41 67 1.0
41 33 6 41 12 1.0
41 34 6 41 12 1.0
41 35 6 41 12 1.0
41 36 6 41 12 1.0
41 37 6 41 12 1.0
41 38 20 41 73 1.0
41 39 20 41 73 1.0
41 40 21 41 74 1.0
41 42 21 41 74 1.0
41 43 21 41 74 1.0
41 44 20 41 73 1.0
41 45 0 41 45 1.0
41 46 0 41 46 1.0
41 47 0 41 47 1.0
41 48 0 41 48 1.0
41 49 0 41 49 1.0
41 50 0 41 50 1.0
41 51 0 41 51 1.0
41 52 12 41 79 1.0
41 53 12 41 79 1.0
41 54 12 41 79 1.0
41 55 25 41 72 1.0
41 56 1 41 73 1.0
41 57 12 41 79 1.0
41 58 12 41 79 1.0
41 59 0 41 12 1.0
41 60 0 41 12 1.0
41 61 0 41 12 1.0
41 62 0 41 12 1.0
41 63 2 41 14 1.0
41 64 2 41 14 1.0
41 65 2 41 14 1.0
41 67 0 41 67 1.0
41 68 0 41 68 1.0
41 69 0 41 69 1.0
41 70 0 41 70 1.0
41 71 0 41 71 1.0
41 72 0 41 72 1.0
41 73 0 41 73 1.0
41 74 0 41 74 1.0
41 75 0 41 75 0.953125
41 75 15 41 13 0.046875
41 76 0 41 76 1.0
41 77 0 41 77 1.0
41 78 0 41 78 1.0
41 79 0 41 79 1.0
42 0 0 42 73 1.0
42 1 1 42 74 0.3125
42 1 8 42 46 0.6875
42 2 0 42 73 1.0
42 3 0 42 73 1.0
42 4 0 42 73 1.0
42 5 0 42 73 1.0
42 6 0 42 12 1.0
42 7 0 42 12 1.0
42 8 0 42 12 1.0
42 9 0 42 12 1.0
42 10 5 42 17 1.0
42 11 0 42 12 1.0
42 14 0 42 14 1.0
42 15 0 42 15 1.0
42 17 0 42 17 1.0
42 19 7 42 73 1.0
42 20 7 42 73 1.0
42 23 7 42 73 1.0
42 24 0 42 78 0.65625
42 24 1 42 73 0.34375
42 25 6 42 12 1.0
42 26 14 42 69 1.0
42 27 6 42 12 1.0
42 29 6 42 12 1.0
42 30 6 42 12 1.0
42 31 6 42 12 1.0
42 32 6 42 12 1.0
42 34 6 42 12 1.0
42 35 6 42 12 1.0
42 40 20 42 73 1.0
42 41 21 42 74 1.0
42 43 20 42 73 1.0
42 44 20 42 73 1.0
42 45 0 42 45 1.0
42 46 0 42 46 1.0
42 48 0 42 48 1.0
42 50 0 42 50 1.0
42 51 0 42 51 1.0
42 52 1 42 73 1.0
42 53 12 42 79 1.0
42 54 12 42 79 1.0
42 55 6 42 45 1.0
42 56 12 42 79 1.0
42 57 12 42 79 1.0
42 58 12 42 79 1.0
42 59 0 42 12 1.0
42 61 0 42 12 1.0
42 62 0 42 12 1.0
42 63 0 42 12 1.0
42 64 0 42 12 1.0
42 65 2 42 14 1.0
42 66 0 42 66 1.0
42 67 0 42 67 1.0
42 68 0 42 68 1.0
42 69 0 42 69 1.0
42 70 0 42 70 1.0
42 71 0 42 71 1.0
42 72 0 42 72 1.0
42 73 0 42 73 1.0
42 74 0 42 74 1.0
42 76 0 42 76 1.0
42 77 0 42 77 1.0
42 78 0 42 78 1.0
42 79 0 42 79 1.0
43 0 0 43 73 1.0
43 1 0 43 73 1.0
43 2 0 43 73 1.0
43 5 0 43 73 1.0
43 8 0 43 12 1.0
43 9 0 43 12 1.0
43 10 0 43 12 1.0
43 11 10 43 70 1.0
43 12 0 43 12 1.0
43 13 9 43 74 1.0
43 14 0 43 14 1.0
43 15 0 43 15 1.0
43 18 7 43 73 1.0
43 20 7 43 73 1.0
43 21 7 43 73 1.0
43 24 1 43 73 1.0
43 25 6 43 12 1.0
43 26 14 43 69 1.0
43 27 6 43 12 1.0
43 28 6 43 12 1.0
43 29 6 43 12 1.0
43 31 6 43 12 1.0
43 33 6 43 12 1.0
43 35 6 43 12 1.0
43 37 6 43 12 1.0
43 38 20 43 73 1.0
43 39 20 43 73 1.0
43 40 21 43 74 1.0
43 41 21 43 74 1.0
43 42 20 43 73 1.0
43 44 20 43 73 1.0
43 45 0 43 45 1.0
43 46 0 43 46 1.0
43 47 0 43 47 1.0
43 48 0 43 48 1.0
43 50 0 43 50 1.0
43 51 0 43 51 1.0
43 52 1 43 73 1.0
43 53 12 43 79 1.0
43 54 12 43 79 1.0
43 55 22 43 69 1.0
43 56 22 43 69 1.0
43 57 12 43 79 1.0
43 58 12 43 79 1.0
43 59 0 43 12 1.0
43 60 0 43 12 1.0
43 61 0 43 12 1.0
43 62 0 43 12 1.0
43 63 0 43 12 1.0
43 64 2 43 14 1.0
43 65 0 43 12 1.0
43 66 0 43 66 1.0
43 67 0 43 67 1.0
43 68 0 43 68 1.0
43 69 0 43 69 1.0
43 71 0 43 71 1.0
43 74 0 43 74 1.0
43 75 0 43 75 1.0
43 76 0 43 76 1.0
43 77 0 43 77 1.0
43 78 0 43 78 1.0
43 79 0 43 79 1.0
44 0 0 44 73 1.0
44 1 1 44 74 1.0
44 2 0 44 73 1.0
44 3 0 44 73 1.0
44 4 0 44 73 1.0
44 5 0 44 73 1.0
44 6 0 44 12 1.0
44 7 0 44 12 1.0
44 8 0 44 12 1.0
44 9 0 44 12 1.0
44 10 1 44 13 1.0
44 14 0 44 14 1.0
44 15 0 44 15 1.0
44 19 7 44 73 1.0
44 20 7 44 73 1.0
44 21 7 44 73 1.0
44 23 7 44 73 1.0
44 24 6 44 12 1.0
44 25 6 44 12 1.0
44 26 6 44 12 1.0
44 27 6 44 12 1.0
44 28 6 44 12 1.0
44 29 6 44 12 1.0
44 30 6 44 12 1.0
44 31 6 44 12 1.0
44 32 6 44 12 1.0
44 34 6 44 12 1.0
44 40 20 44 73 1.0
44 41 21 44 74 1.0
44 42 21 44 74 1.0
44 43 20 44 73 1.0
44 45 0 44 45 1.0
44 50 0 44 50 1.0
44 51 0 44 51 1.0
44 53 12 44 79 1.0
44 54 12 44 79 1.0
44 55 23 44 70 1.0
44 56 22 44 69 1.0
44 57 22 44 69 1.0
44 58 16 44 15 1.0
44 60 0 44 12 1.0
44 61 0 44 12 1.0
44 62 0 44 12 1.0
44 63 0 44 12 1.0
44 64 22 44 47 0.359375
44 64 24 44 49 0.640625
44 65 1 44 13 1.0
44 67 0 44 67 1.0
44 68 0 44 68 1.0
44 69 0 44 69 1.0
44 70 0 44 70 1.0
44 71 0 44 71 1.0
44 72 0 44 72 1.0
44 73 0 44 73 1.0
44 74 0 44 74 1.0
44 77 0 44 77 1.0
44 78 0 44 78 1.0
44 79 1 44 45 1.0
45 0 0 45 18 1.0
45 1 19 45 44 1.0
45 2 0 45 18 1.0
45 3 0 45 18 1.0
45 4 0 45 18 1.0
45 5 0 45 18 1.0
45 6 0 45 66 1.0
45 7 0 45 66 1.0
45 8 0 45 66 1.0
45 9 0 45 66 1.0
45 10 0 45 66 1.0
45 12 7 45 66 1.0
45 14 7 45 66 1.0
45 15 7 45 66 1.0
45 18 0 45 18 1.0
45 19 0 45 19 1.0
45 20 0 45 20 1.0
45 21 0 45 21 1.0
45 23 0 45 23 1.0
45 24 17 45 71 1.0
45 25 6 45 18 1.0
45 26 6 45 18 1.0
45 27 6 45 18 1.0
45 28 6 45 18 1.0
45 29 17 45 71 1.0
45 30 6 45 18 1.0
45 31 13 45 74 1.0
45 32 6 45 18 1.0
45 33 6 45 18 1.0
45 34 6 45 18 1.0
45 36 6 45 18 1.0
45 37 6 45 18 1.0
45 38 0 45 38 1.0
45 40 0 45 40 1.0
45 41 0 45 41 1.0
45 42 0 45 42 1.0
45 43 0 45 43 1.0
45 44 0 45 44 1.0
45 46 20 45 73 1.0
45 47 20 45 73 1.0
45 49 20 45 73 1.0
45 50 20 45 73 1.0
45 51 20 45 73 1.0
45 52 0 45 18 1.0
45 53 0 45 18 1.0
45 54 0 45 18 1.0
45 55 0 45 18 1.0
45 56 0 45 18 1.0
45 57 0 45 18 1.0
45 58 0 45 18 1.0
45 59 12 45 73 1.0
45 61 14 45 75 1.0
45 62 13 45 74 1.0
45 63 19 45 18 1.0
45 64 12 45 73 1.0
45 65 13 45 74 1.0
45 66 0 45 66 1.0
45 67 0 45 67 1.0
45 68 0 45 68 1.0
45 69 0 45 69 1.0
45 70 1 45 38 1.0
45 71 0 45 71 1.0
45 72 0 45 72 1.0
45 73 0 45 73 1.0
45 74 0 45 74 1.0
45 76 0 45 76 1.0
45 77 0 45 77 1.0
45 78 0 45 78 1.0
45 79 0 45 79 1.0
46 1 0 46 18 1.0
46 3 0 46 18 1.0
46 6 0 46 66 1.0
46 7 0 46 66 1.0
46 8 0 46 66 1.0
46 9 0 46 66 1.0
46 10 0 46 66 1.0
46 11 0 46 66 1.0
46 12 7 46 66 1.0
46 13 7 46 66 1.0
46 14 7 46 66 1.0
46 15 7 46 66 1.0
46 16 7 46 66 1.0
46 17 7 46 66 1.0
46 18 0 46 18 1.0
46 20 0 46 20 1.0
46 21 0 46 21 1.0
46 22 0 46 22 1.0
46 23 0 46 23 1.0
46 25 6 46 18 1.0
46 26 6 46 18 1.0
46 27 6 46 18 1.0
46 28 15 46 69 1.0
46 29 15 46 69 1.0
46 31 6 46 18 1.0
46 32 6 46 18 1.0
46 33 6 46 18 1.0
46 34 6 46 18 1.0
46 35 6 46 18 1.0
46 36 6 46 18 1.0
46 37 6 46 18 1.0
46 39 0 46 39 1.0
46 40 0 46 40 1.0
46 41 9 46 74 1.0
46 43 8 46 73 1.0
46 45 20 46 73 1.0
46 47 20 46 73 1.0
46 48 20 46 73 1.0
46 49 20 46 73 1.0
46 50 20 46 73 1.0
46 51 20 46 73 1.0
46 52 0 46 18 1.0
46 53 0 46 18 1.0
46 54 0 46 18 1.0
46 55 0 46 18 1.0
46 56 0 46 18 1.0
46 57 0 46 18 1.0
46 58 0 46 18 1.0
46 59 13 46 74 1.0
46 60 0 46 71 1.0
46 61 0 46 71 0.234375
46 61 9 46 41 0.390625
46 61 10 46 42 0.375
46 62 22 46 21 1.0
46 63 13 46 74 1.0
46 64 13 46 74 1.0
46 65 13 46 74 1.0
46 66 0 46 66 1.0
46 67 0 46 67 1.0
46 68 0 46 68 1.0
46 69 0 46 69 1.0
46 70 0 46 70 1.0
46 71 0 46 71 1.0
46 72 0 46 72 1.0
46 73 0 46 73 1.0
46 74 0 46 74 1.0
46 75 0 46 75 1.0
46 76 0 46 76 1.0
46 77 0 46 77 1.0
46 78 0 46 78 1.0
46 79 0 46 79 1.0
47 1 0 47 18 1.0
47 2 0 47 18 1.0
47 5 0 47 18 1.0
47 7 0 47 66 1.0
47 8 0 47 66 1.0
47 9 0 47 66 1.0
47 10 0 47 66 0.171875
47 10 3 47 69 0.15625
47 10 5 47 71 0.171875
47 10 6 47 72 0.171875
47 10 7 47 38 0.15625
47 10 9 47 40 0.171875
47 11 0 47 66 1.0
47 12 7 47 66 1.0
47 14 7 47 66 1.0
47 15 7 47 66 1.0
47 16 7 47 66 1.0
47 17 7 47 66 1.0
47 18 0 47 18 1.0
47 19 0 47 19 1.0
47 20 1 47 73 1.0
47 21 0 47 21 1.0
47 22 0 47 22 1.0
47 23 0 47 23 1.0
47 24 1 47 73 1.0
47 25 6 47 18 1.0
47 26 6 47 18 1.0
47 27 6 47 18 1.0
47 28 6 47 18 1.0
47 29 6 47 18 1.0
47 31 6 47 18 1.0
47 32 6 47 18 1.0
47 33 6 47 18 1.0
47 34 6 47 18 1.0
47 35 6 47 18 1.0
47 36 6 47 18 1.0
47 37 6 47 18 1.0
47 38 8 47 73 1.0
47 39 0 47 39 1.0
47 40 0 47 40 1.0
47 41 0 47 41 1.0
47 43 0 47 43 0.015625
47 43 8 47 73 0.984375
47 44 8 47 73 1.0
47 45 20 47 73 1.0
47 46 20 47 73 1.0
47 48 20 47 73 1.0
47 49 12 47 44 1.0
47 50 20 47 73 1.0
47 51 20 47 73 1.0
47 52 0 47 18 1.0
47 53 0 47 18 1.0
47 54 0 47 18 1.0
47 55 0 47 18 1.0
47 56 0 47 18 1.0
47 57 0 47 18 1.0
47 58 0 47 18 1.0
47 59 13 47 74 1.0
47 60 13 47 74 1.0
47 61 0 47 71 1.0
47 62 12 47 73 1.0
47 63 12 47 73 1.0
47 64 12 47 73 1.0
47 65 12 47 73 1.0
47 66 0 47 66 1.0
47 67 0 47 67 1.0
47 68 0 47 68 1.0
47 69 2 47 39 1.0
47 70 1 47 38 1.0
47 71 0 47 71 1.0
47 72 0 47 72 1.0
47 74 0 47 74 1.0
47 75 0 47 75 1.0
47 76 0 47 76 1.0
47 77 0 47 77 1.0
47 78 0 47 78 1.0
47 79 0 47 79 1.0
48 0 0 48 18 1.0
48 1 0 48 18 1.0
48 2 0 48 18 0.5
48 2 1 48 19 0.5
48 3 0 48 18 1.0
48 5 0 48 18 1.0
48 6 0 48 66 1.0
48 7 0 48 66 1.0
48 8 0 48 66 1.0
48 9 0 48 66 1.0
48 11 0 48 66 1.0
48 13 0 48 38 0.171875
48 13 7 48 66 0.171875
48 13 8 48 67 0.171875
48 13 9 48 68 0.171875
48 13 12 48 71 0.140625
48 13 13 48 72 0.171875
48 14 7 48 66 1.0
48 15 7 48 66 1.0
48 20 0 48 20 1.0
48 21 0 48 21 1.0
48 23 0 48 23 1.0
48 25 6 48 18 1.0
48 26 6 48 18 1.0
48 27 6 48 18 1.0
48 28 17 48 71 1.0
48 30 6 48 18 1.0
48 31 6 48 18 1.0
48 32 6 48 18 1.0
48 33 6 48 18 1.0
48 34 6 48 18 1.0
48 36 6 48 18 1.0
48 37 6 48 18 1.0
48 39 0 48 39 0.984375
48 39 4 48 69 0.015625
48 40 0 48 40 1.0
48 41 0 48 41 1.0
48 43 0 48 43 1.0
48 45 20 48 73 1.0
48 47 20 48 73 1.0
48 49 20 48 73 1.0
48 50 20 48 73 1.0
48 51 20 48 73 1.0
48 52 0 48 18 1.0
48 53 0 48 18 1.0
48 54 0 48 18 1.0
48 55 0 48 18 1.0
48 56 20 48 38 1.0
48 57 0 48 18 1.0
48 58 0 48 18 1.0
48 59 13 48 74 1.0
48 61 12 48 73 1.0
48 62 12 48 73 1.0
48 63 13 48 74 1.0
48 64 19 48 18 1.0
48 65 12 48 73 1.0
48 66 0 48 66 1.0
48 67 0 48 67 1.0
48 68 2 48 39 1.0
48 69 0 48 69 1.0
48 71 0 48 71 1.0
48 72 0 48 72 1.0
48 73 0 48 73 1.0
48 74 0 48 74 1.0
48 77 0 48 77 1.0
48 78 0 48 78 1.0
48 79 0 48 79 1.0
49 1 0 49 18 1.0
49 2 0 49 18 1.0
49 7 0 49 66 1.0
49 10 0 49 66 1.0
49 11 0 49 66 1.0
49 12 7 49 66 1.0
49 13 7 49 66 1.0
49 14 7 49 66 1.0
49 15 7 49 66 1.0
49 19 0 49 19 1.0
49 21 0 49 21 1.0
49 24 1 49 73 1.0
49 25 6 49 18 1.0
49 26 6 49 18 1.0
49 27 6 49 18 1.0
49 28 6 49 18 1.0
49 32 6 49 18 1.0
49 33 6 49 18 1.0
49 34 6 49 18 1.0
49 35 6 49 18 1.0
49 36 6 49 18 1.0
49 37 6 49 18 1.0
49 40 0 49 40 1.0
49 41 0 49 41 1.0
49 43 0 49 43 0.75
49 43 7 49 72 0.25
49 45 20 49 73 1.0
49 47 20 49 73 1.0
49 50 20 49 73 1.0
49 51 20 49 73 1.0
49 52 0 49 18 1.0
49 53 0 49 18 1.0
49 54 0 49 18 1.0
49 55 0 49 18 1.0
49 56 0 49 18 1.0
49 57 0 49 18 1.0
49 58 0 49 18 1.0
49 62 13 49 74 1.0
49 63 13 49 74 1.0
49 64 19 49 18 1.0
49 65 13 49 74 1.0
49 66 0 49 66 1.0
49 67 0 49 67 1.0
49 68 0 49 68 1.0
49 69 0 49 69 1.0
49 74 0 49 74 1.0
49 75 0 49 75 1.0
49 77 0 49 77 1.0
49 78 0 49 78 1.0
49 79 0 49 79 1.0
50 0 0 50 18 1.0
50 1 0 50 18 1.0
50 2 0 50 18 1.0
50 3 0 50 18 1.0
50 4 0 50 18 1.0
50 5 0 50 18 1.0
50 7 0 50 66 1.0
50 8 0 50 66 1.0
50 9 0 50 66 1.0
50 10 0 50 66 1.0
50 11 0 50 66 1.0
50 12 7 50 66 1.0
50 13 7 50 66 1.0
50 14 26 50 22 1.0
50 15 7 50 66 1.0
50 16 7 50 66 1.0
50 17 7 50 66 1.0
50 18 0 50 18 1.0
50 19 0 50 19 1.0
50 20 0 50 20 1.0
50 21 0 50 21 1.0
50 22 1 50 73 1.0
50 23 1 50 73 1.0
50 24 1 50 73 1.0
50 25 6 50 18 1.0
50 26 6 50 18 1.0
50 27 6 50 18 1.0
50 28 15 50 69 1.0
50 29 21 50 39 1.0
50 30 6 50 18 1.0
50 31 6 50 18 1.0
50 32 6 50 18 1.0
50 33 6 50 18 1.0
50 34 6 50 18 1.0
50 35 6 50 18 1.0
50 36 6 50 18 1.0
50 37 6 50 18 1.0
50 38 8 50 73 1.0
50 39 0 50 39 1.0
50 40 0 50 40 1.0
50 41 0 50 41 1.0
50 42 0 50 42 1.0
50 43 0 50 43 1.0
50 44 0 50 44 1.0
50 45 20 50 73 1.0
50 46 20 50 73 1.0
50 47 20 50 73 1.0
50 48 20 50 73 1.0
50 49 20 50 73 1.0
50 51 20 50 73 1.0
50 52 0 50 18 1.0
50 53 0 50 18 1.0
50 54 0 50 18 1.0
50 55 0 50 18 1.0
50 56 0 50 18 1.0
50 57 0 50 18 1.0
50 58 0 50 18 1.0
50 59 13 50 74 1.0
50 60 0 50 71 1.0
50 61 12 50 73 1.0
50 62 0 50 71 1.0
50 63 13 50 74 1.0
50 64 12 50 73 1.0
50 65 13 50 74 1.0
50 66 0 50 66 1.0
50 67 0 50 67 1.0
50 68 0 50 68 1.0
50 69 0 50 69 1.0
50 70 0 50 70 1.0
50 71 0 50 71 1.0
50 72 0 50 72 1.0
50 73 0 50 73 1.0
50 74 0 50 74 1.0
50 75 0 50 75 1.0
50 76 0 50 76 1.0
50 77 0 50 77 1.0
50 78 0 50 78 1.0
50 79 0 50 79 1.0
51 0 0 51 18 1.0
51 1 0 51 18 1.0
51 2 0 51 18 1.0
51 3 0 51 18 1.0
51 4 0 51 18 1.0
51 5 0 51 18 1.0
51 6 0 51 66 1.0
51 7 0 51 66 1.0
51 8 0 51 66 1.0
51 9 0 51 66 1.0
51 10 0 51 66 1.0
51 11 0 51 66 1.0
51 12 7 51 66 1.0
51 13 7 51 66 1.0
51 14 7 51 66 1.0
51 15 7 51 66 1.0
51 16 7 51 66 1.0
51 17 7 51 66 1.0
51 18 0 51 18 1.0
51 19 0 51 19 1.0
51 20 0 51 20 1.0
51 21 0 51 21 1.0
51 22 0 51 22 1.0
51 23 0 51 23 1.0
51 24 15 51 69 1.0
51 25 6 51 18 1.0
51 26 6 51 18 1.0
51 27 6 51 18 1.0
51 28 6 51 18 1.0
51 29 15 51 69 1.0
51 30 6 51 18 1.0
51 31 6 51 18 1.0
51 32 6 51 18 1.0
51 33 6 51 18 1.0
51 34 26 51 44 1.0
51 35 6 51 18 1.0
51 36 6 51 18 1.0
51 37 6 51 18 1.0
51 38 0 51 38 1.0
51 39 0 51 39 1.0
51 40 0 51 40 1.0
51 41 0 51 41 1.0
51 42 0 51 42 1.0
51 43 0 51 43 1.0
51 44 0 51 44 1.0
51 45 20 51 73 1.0
51 46 20 51 73 1.0
51 47 20 51 73 1.0
51 48 20 51 73 1.0
51 49 20 51 73 1.0
51 50 20 51 73 1.0
51 52 0 51 18 1.0
51 53 0 51 18 1.0
51 54 0 51 18 1.0
51 55 0 51 18 1.0
51 56 0 51 18 1.0
51 57 0 51 18 1.0
51 58 0 51 18 1.0
51 59 3 51 68 1.0
51 60 13 51 74 1.0
51 61 12 51 73 1.0
51 62 13 51 74 0.921875
51 62 15 51 76 0.078125
51 63 12 51 73 1.0
51 64 13 51 74 1.0
51 65 13 51 74 1.0
51 66 0 51 66 1.0
51 67 0 51 67 1.0
51 68 0 51 68 1.0
51 69 0 51 69 1.0
51 70 0 51 70 1.0
51 71 0 51 71 1.0
51 72 0 51 72 1.0
51 73 0 51 73 1.0
51 74 0 51 74 1.0
51 75 0 51 75 1.0
51 76 0 51 76 1.0
51 77 0 51 77 1.0
51 78 0 51 78 1.0
51 79 0 51 79 1.0
52 1 0 52 1 1.0
52 2 0 52 2 1.0
52 3 0 52 3 1.0
52 5 0 52 5 1.0
52 6 0 52 31 1.0
52 7 0 52 31 1.0
52 8 0 52 31 1.0
52 9 0 52 31 1.0
52 10 0 52 31 0.15625
52 10 1 52 32 0.15625
52 10 2 52 33 0.171875
52 10 7 52 24 0.125
52 10 8 52 25 0.0625
52 10 10 52 27 0.15625
52 10 11 52 28 0.171875
52 11 0 52 31 1.0
52 13 25 52 37 1.0
52 14 7 52 24 1.0
52 15 10 52 27 1.0
52 16 7 52 24 1.0
52 17 7 52 24 1.0
52 18 0 52 18 1.0
52 21 0 52 21 1.0
52 22 0 52 22 1.0
52 25 0 52 25 1.0
52 26 0 52 26 1.0
52 27 1 52 0 1.0
52 28 1 52 0 1.0
52 29 0 52 29 1.0
52 31 0 52 31 1.0
52 32 0 52 32 1.0
52 35 0 52 35 1.0
52 36 0 52 36 1.0
52 37 0 52 37 1.0
52 39 6 52 1 1.0
52 40 11 52 0 1.0
52 41 4 52 22 1.0
52 42 6 52 1 1.0
52 43 6 52 1 1.0
52 44 6 52 1 1.0
52 45 12 52 31 1.0
52 46 0 52 18 1.0
52 48 0 52 18 1.0
52 50 6 52 1 1.0
52 51 6 52 1 1.0
52 53 0 52 0 1.0
52 54 0 52 0 1.0
52 55 0 52 0 1.0
52 56 0 52 0 1.0
52 57 0 52 0 1.0
52 58 0 52 0 1.0
52 59 5 52 29 0.5
52 59 11 52 35 0.5
52 60 6 52 30 1.0
52 61 6 52 30 1.0
52 62 6 52 30 1.0
52 63 6 52 30 1.0
52 64 5 52 29 1.0
52 65 6 52 30 1.0
52 66 6 52 18 1.0
52 67 6 52 18 1.0
52 68 6 52 18 1.0
52 69 6 52 18 1.0
52 70 6 52 18 1.0
52 73 0 52 0 1.0
52 74 0 52 0 1.0
52 75 0 52 0 1.0
52 76 0 52 0 1.0
52 77 0 52 0 1.0
52 78 0 52 0 1.0
52 79 0 52 0 1.0
53 0 0 53 0 1.0
53 1 0 53 1 1.0
53 2 0 53 2 1.0
53 3 0 53 3 1.0
53 4 0 53 4 1.0
53 5 0 53 5 1.0
53 6 0 53 31 1.0
53 7 0 53 31 1.0
53 8 0 53 31 1.0
53 9 0 53 31 1.0
53 10 0 53 31 1.0
53 11 0 53 31 1.0
53 12 7 53 24 1.0
53 13 25 53 37 1.0
53 14 7 53 24 1.0
53 15 25 53 37 1.0
53 16 7 53 24 1.0
53 17 25 53 37 1.0
53 18 0 53 18 1.0
53 19 1 53 0 1.0
53 20 0 53 20 1.0
53 21 0 53 21 1.0
53 22 0 53 22 1.0
53 23 0 53 23 1.0
53 24 0 53 24 1.0
53 25 0 53 25 1.0
53 26 0 53 26 1.0
53 27 0 53 27 1.0
53 28 0 53 28 1.0
53 29 0 53 29 1.0
53 30 0 53 30 1.0
53 31 0 53 31 1.0
53 32 1 53 24 1.0
53 33 0 53 33 1.0
53 34 0 53 34 1.0
53 35 0 53 35 1.0
53 36 0 53 36 1.0
53 37 0 53 37 1.0
53 38 6 53 1 1.0
53 39 11 53 0 1.0
53 40 11 53 0 1.0
53 41 11 53 0 1.0
53 42 11 53 0 1.0
53 43 11 53 0 1.0
53 44 6 53 1 1.0
53 45 6 53 1 1.0
53 46 6 53 1 1.0
53 47 6 53 1 1.0
53 48 6 53 1 1.0
53 49 6 53 1 1.0
53 50 6 53 1 1.0
53 51 6 53 1 1.0
53 52 0 53 0 1.0
53 54 0 53 0 1.0
53 55 0 53 0 1.0
53 56 0 53 0 1.0
53 57 0 53 0 1.0
53 58 0 53 0 1.0
53 59 7 53 31 1.0
53 60 6 53 30 1.0
53 61 6 53 30 1.0
53 62 8 53 32 0.578125
53 62 19 53 0 0.421875
53 63 6 53 30 1.0
53 64 6 53 30 1.0
53 65 6 53 30 1.0
53 66 6 53 18 1.0
53 67 6 53 18 1.0
53 68 6 53 18 1.0
53 69 9 53 21 1.0
53 70 6 53 18 1.0
53 71 6 53 18 1.0
53 72 6 53 18 1.0
53 73 0 53 0 1.0
53 74 0 53 0 1.0
53 75 0 53 0 1.0
53 76 0 53 0 1.0
53 77 0 53 0 1.0
53 78 0 53 0 1.0
53 79 0 53 0 1.0
54 0 0 54 0 1.0
54 1 0 54 1 1.0
54 2 0 54 2 1.0
54 3 0 54 3 1.0
54 4 0 54 4 1.0
54 5 0 54 5 1.0
54 6 0 54 31 1.0
54 7 0 54 31 1.0
54 8 0 54 31 1.0
54 9 0 54 31 1.0
54 10 0 54 31 1.0
54 11 0 54 31 1.0
54 12 7 54 24 1.0
54 13 7 54 24 1.0
54 14 25 54 37 1.0
54 15 7 54 24 1.0
54 16 7 54 24 1.0
54 17 7 54 24 1.0
54 18 0 54 18 1.0
54 19 0 54 19 1.0
54 20 0 54 20 1.0
54 21 0 54 21 1.0
54 22 0 54 22 1.0
54 23 0 54 23 1.0
54 24 0 54 24 1.0
54 25 0 54 25 1.0
54 26 0 54 26 1.0
54 27 0 54 27 1.0
54 28 0 54 28 1.0
54 29 0 54 29 1.0
54 30 1 54 0 1.0
54 31 1 54 24 1.0
54 32 1 54 24 1.0
54 33 0 54 33 1.0
54 34 0 54 34 1.0
54 35 0 54 35 1.0
54 36 0 54 36 1.0
54 37 0 54 37 1.0
54 38 6 54 1 1.0
54 39 6 54 1 1.0
54 40 20 54 33 1.0
54 41 11 54 0 1.0
54 42 11 54 0 1.0
54 43 11 54 0 1.0
54 44 6 54 1 1.0
54 45 6 54 1 1.0
54 46 6 54 1 1.0
54 47 6 54 1 1.0
54 48 6 54 1 1.0
54 49 6 54 1 1.0
54 50 6 54 1 1.0
54 51 6 54 1 1.0
54 52 0 54 0 1.0
54 53 0 54 0 1.0
54 55 0 54 0 1.0
54 56 0 54 0 1.0
54 57 0 54 0 1.0
54 58 0 54 0 1.0
54 59 7 54 31 1.0
54 60 6 54 30 1.0
54 61 6 54 30 1.0
54 62 6 54 30 1.0
54 63 6 54 30 1.0
54 64 7 54 31 0.484375
54 64 8 54 32 0.515625
54 65 6 54 30 1.0
54 66 6 54 18 1.0
54 67 6 54 18 1.0
54 68 5 54 36 1.0
54 69 6 54 18 1.0
54 70 7 54 19 1.0
54 71 6 54 18 1.0
54 72 6 54 18 1.0
54 73 0 54 0 1.0
54 74 0 54 0 1.0
54 75 0 54 0 1.0
54 76 0 54 0 1.0
54 77 0 54 0 1.0
54 78 0 54 0 1.0
54 79 0 54 0 1.0
55 1 0 55 1 1.0
55 2 0 55 2 1.0
55 3 0 55 3 1.0
55 4 0 55 4 1.0
55 5 0 55 5 1.0
55 7 0 55 31 1.0
55 8 0 55 31 1.0
55 9 0 55 31 1.0
55 10 0 55 31 1.0
55 11 0 55 31 1.0
55 12 7 55 24 1.0
55 13 7 55 24 1.0
55 14 7 55 24 1.0
55 15 7 55 24 1.0
55 16 7 55 24 1.0
55 17 7 55 24 1.0
55 18 0 55 18 1.0
55 19 0 55 19 1.0
55 20 0 55 20 1.0
55 21 0 55 21 1.0
55 22 0 55 22 1.0
55 23 0 55 23 1.0
55 24 0 55 24 1.0
55 25 0 55 25 1.0
55 26 0 55 26 1.0
55 27 0 55 27 1.0
55 28 0 55 28 1.0
55 29 0 55 29 1.0
55 31 0 55 31 1.0
55 32 0 55 32 1.0
55 33 0 55 33 1.0
55 34 0 55 34 1.0
55 35 0 55 35 1.0
55 36 0 55 36 1.0
55 37 0 55 37 1.0
55 38 6 55 1 1.0
55 39 25 55 30 1.0
55 40 6 55 1 1.0
55 41 6 55 1 1.0
55 42 11 55 0 1.0
55 43 11 55 0 1.0
55 44 6 55 1 1.0
55 45 0 55 18 1.0
55 46 6 55 1 1.0
55 47 6 55 1 1.0
55 48 6 55 1 1.0
55 49 6 55 1 1.0
55 50 22 55 27 1.0
55 51 6 55 1 1.0
55 52 0 55 0 1.0
55 53 0 55 0 1.0
55 54 0 55 0 1.0
55 56 0 55 0 1.0
55 57 0 55 0 1.0
55 58 0 55 0 1.0
55 59 7 55 31 1.0
55 60 6 55 30 1.0
55 61 6 55 30 1.0
55 62 6 55 30 1.0
55 63 6 55 30 1.0
55 64 6 55 30 1.0
55 65 6 55 30 1.0
55 66 6 55 18 1.0
55 67 6 55 18 1.0
55 68 14 55 25 1.0
55 69 6 55 18 1.0
55 70 25 55 29 1.0
55 71 6 55 18 1.0
55 72 6 55 18 1.0
55 73 0 55 0 1.0
55 74 0 55 0 1.0
55 75 0 55 0 1.0
55 76 0 55 0 1.0
55 77 0 55 0 1.0
55 78 0 55 0 1.0
55 79 0 55 0 1.0
56 0 0 56 0 1.0
56 1 7 56 24 1.0
56 2 0 56 2 1.0
56 3 0 56 3 1.0
56 4 0 56 4 1.0
56 5 10 56 27 1.0
56 6 1 56 32 1.0
56 7 1 56 32 1.0
56 8 0 56 31 1.0
56 9 0 56 31 1.0
56 10 0 56 31 1.0
56 11 1 56 32 1.0
56 12 12 56 29 0.984375
56 12 25 56 37 0.015625
56 13 3 56 34 0.109375
56 13 9 56 26 0.09375
56 13 11 56 28 0.109375
56 13 12 56 29 0.09375
56 13 15 56 2 0.09375
56 13 16 56 3 0.09375
56 13 17 56 4 0.09375
56 13 18 56 5 0.09375
56 13 22 56 21 0.09375
56 13 23 56 22 0.09375
56 13 24 56 23 0.03125
56 14 25 56 37 1.0
56 15 7 56 24 1.0
56 16 7 56 24 1.0
56 17 1 56 32 1.0
56 18 0 56 18 1.0
56 19 1 56 0 1.0
56 20 1 56 0 1.0
56 21 1 56 0 1.0
56 22 1 56 0 1.0
56 23 1 56 0 1.0
56 24 1 56 0 1.0
56 25 1 56 0 1.0
56 26 0 56 26 1.0
56 27 0 56 27 1.0
56 28 1 56 0 1.0
56 29 0 56 29 1.0
56 30 0 56 30 1.0
56 31 0 56 31 1.0
56 32 0 56 32 1.0
56 33 4 56 27 1.0
56 34 4 56 27 0.84375
56 34 25 56 5 0.15625
56 35 4 56 27 1.0
56 36 1 56 24 1.0
56 37 4 56 27 1.0
56 38 6 56 1 1.0
56 39 6 56 1 1.0
56 40 11 56 0 1.0
56 41 3 56 21 1.0
56 42 11 56 0 1.0
56 43 11 56 0 1.0
56 44 6 56 1 1.0
56 45 3 56 21 1.0
56 46 6 56 1 1.0
56 47 6 56 1 1.0
56 48 3 56 21 1.0
56 49 6 56 1 1.0
56 50 6 56 1 1.0
56 51 6 56 1 1.0
56 52 0 56 0 1.0
56 53 0 56 0 1.0
56 54 11 56 23 1.0
56 55 1 56 1 0.09375
56 55 7 56 19 0.09375
56 55 8 56 20 0.109375
56 55 12 56 24 0.09375
56 55 13 56 25 0.09375
56 55 19 56 31 0.09375
56 55 21 56 33 0.109375
56 55 23 56 35 0.09375
56 55 24 56 36 0.109375
56 55 25 56 37 0.109375
56 57 0 56 0 1.0
56 58 0 56 0 1.0
56 59 8 56 32 1.0
56 60 6 56 30 1.0
56 61 6 56 30 1.0
56 62 6 56 30 1.0
56 63 6 56 30 1.0
56 64 6 56 30 1.0
56 65 6 56 30 1.0
56 66 17 56 28 1.0
56 67 6 56 18 1.0
56 68 16 56 27 1.0
56 69 7 56 19 0.5
56 69 14 56 25 0.5
56 70 7 56 19 1.0
56 71 6 56 18 1.0
56 72 6 56 18 1.0
56 73 0 56 0 1.0
56 74 0 56 0 1.0
56 75 0 56 0 1.0
56 76 0 56 0 1.0
56 77 0 56 0 1.0
56 78 0 56 0 1.0
56 79 9 56 21 1.0
57 0 0 57 0 1.0
57 1 0 57 1 1.0
57 2 0 57 2 1.0
57 3 0 57 3 1.0
57 4 0 57 4 1.0
57 5 0 57 5 1.0
57 6 0 57 31 1.0
57 7 0 57 31 1.0
57 8 0 57 31 1.0
57 9 0 57 31 1.0
57 10 0 57 31 1.0
57 11 0 57 31 1.0
57 12 7 57 24 1.0
57 13 0 57 31 0.171875
57 13 2 57 33 0.21875
57 13 6 57 30 0.1875
57 13 8 57 25 0.21875
57 13 10 57 27 0.203125
57 14 7 57 24 1.0
57 15 7 57 24 1.0
57 16 7 57 24 1.0
57 17 7 57 24 1.0
57 18 1 57 0 1.0
57 19 0 57 19 1.0
57 20 0 57 20 1.0
57 21 1 57 0 1.0
57 22 0 57 22 1.0
57 23 0 57 23 1.0
57 24 0 57 24 1.0
57 25 1 57 0 1.0
57 26 0 57 26 1.0
57 27 0 57 27 1.0
57 28 0 57 28 1.0
57 29 1 57 0 1.0
57 30 1 57 0 1.0
57 31 0 57 31 1.0
57 32 0 57 32 1.0
57 33 0 57 33 1.0
57 34 1 57 24 1.0
57 35 0 57 35 1.0
57 36 1 57 24 1.0
57 37 0 57 37 1.0
57 38 6 57 1 1.0
57 39 6 57 1 1.0
57 40 6 57 1 1.0
57 41 24 57 37 1.0
57 42 11 57 0 1.0
57 43 1 57 19 1.0
57 44 6 57 1 1.0
57 45 6 57 1 1.0
57 46 6 57 1 1.0
57 47 6 57 1 1.0
57 48 6 57 1 1.0
57 49 6 57 1 1.0
57 50 6 57 1 1.0
57 51 6 57 1 1.0
57 52 0 57 0 1.0
57 53 0 57 0 1.0
57 54 0 57 0 1.0
57 55 0 57 0 1.0
57 56 0 57 0 1.0
57 58 0 57 0 1.0
57 59 6 57 30 1.0
57 60 18 57 5 1.0
57 61 6 57 30 1.0
57 62 7 57 31 1.0
57 63 6 57 30 1.0
57 64 0 57 24 0.328125
57 64 5 57 29 0.3125
57 64 10 57 34 0.359375
57 65 6 57 30 1.0
57 66 6 57 18 1.0
57 67 6 57 18 1.0
57 68 6 57 18 0.171875
57 68 7 57 19 0.40625
57 68 11 57 23 0.421875
57 69 6 57 18 1.0
57 70 6 57 18 1.0
57 71 6 57 18 1.0
57 72 6 57 18 1.0
57 73 0 57 0 1.0
57 74 0 57 0 1.0
57 75 0 57 0 1.0
57 76 5 57 5 1.0
57 77 0 57 0 1.0
57 78 0 57 0 1.0
57 79 0 57 0 1.0
58 0 0 58 0 1.0
58 1 0 58 1 1.0
58 2 0 58 2 1.0
58 3 0 58 3 1.0
58 4 0 58 4 1.0
58 5 0 58 5 1.0
58 7 0 58 31 1.0
58 8 0 58 31 1.0
58 9 0 58 31 1.0
58 10 0 58 31 1.0
58 11 0 58 31 1.0
58 12 7 58 24 1.0
58 13 7 58 24 1.0
58 14 7 58 24 1.0
58 15 7 58 24 1.0
58 16 7 58 24 1.0
58 17 25 58 37 1.0
58 18 0 58 18 1.0
58 19 0 58 19 1.0
58 20 0 58 20 1.0
58 21 0 58 21 1.0
58 22 0 58 22 1.0
58 23 0 58 23 1.0
58 24 0 58 24 1.0
58 25 0 58 25 1.0
58 26 0 58 26 1.0
58 27 0 58 27 1.0
58 28 0 58 28 1.0
58 29 0 58 29 1.0
58 30 0 58 30 1.0
58 31 0 58 31 1.0
58 32 0 58 32 1.0
58 33 0 58 33 1.0
58 34 0 58 34 1.0
58 35 0 58 35 1.0
58 36 0 58 36 1.0
58 37 0 58 37 1.0
58 38 6 58 1 1.0
58 39 6 58 1 1.0
58 40 6 58 1 1.0
58 41 11 58 0 1.0
58 42 11 58 0 1.0
58 43 11 58 0 1.0
58 44 6 58 1 1.0
58 45 6 58 1 1.0
58 46 6 58 1 1.0
58 47 6 58 1 1.0
58 48 6 58 1 1.0
58 49 6 58 1 1.0
58 50 6 58 1 1.0
58 51 6 58 1 1.0
58 52 0 58 0 1.0
58 53 0 58 0 1.0
58 54 0 58 0 1.0
58 55 0 58 0 1.0
58 56 0 58 0 1.0
58 57 0 58 0 1.0
58 59 7 58 31 1.0
58 60 6 58 30 1.0
58 61 6 58 30 1.0
58 62 6 58 30 1.0
58 63 6 58 30 1.0
58 64 6 58 30 1.0
58 65 6 58 30 1.0
58 66 6 58 18 1.0
58 67 6 58 18 1.0
58 68 6 58 18 1.0
58 69 7 58 19 1.0
58 70 6 58 18 1.0
58 71 6 58 18 1.0
58 72 6 58 18 1.0
58 73 0 58 0 1.0
58 74 0 58 0 1.0
58 75 0 58 0 1.0
58 76 0 58 0 1.0
58 77 0 58 0 1.0
58 78 0 58 0 1.0
58 79 0 58 0 1.0
59 0 0 59 24 1.0
59 1 0 59 24 1.0
59 2 0 59 24 1.0
59 3 0 59 24 1.0
59 8 7 59 31 1.0
59 9 0 59 9 1.0
59 10 0 59 10 1.0
59 11 0 59 11 1.0
59 13 0 59 13 1.0
59 14 7 59 12 1.0
59 15 7 59 12 1.0
59 16 20 59 33 1.0
59 17 0 59 17 1.0
59 18 1 59 24 1.0
59 21 1 59 24 1.0
59 22 1 59 24 1.0
59 25 0 59 25 1.0
59 26 0 59 26 1.0
59 27 0 59 27 1.0
59 28 0 59 28 1.0
59 29 0 59 29 1.0
59 33 0 59 33 1.0
59 34 2 59 7 0.09375
59 34 3 59 8 0.125
59 34 8 59 25 0.109375
59 34 9 59 26 0.125
59 34 10 59 27 0.125
59 34 14 59 31 0.046875
59 34 22 59 14 0.125
59 34 23 59 15 0.125
59 34 24 59 16 0.125
59 39 0 59 12 1.0
59 40 0 59 12 1.0
59 41 0 59 12 1.0
59 43 0 59 12 1.0
59 45 11 59 6 1.0
59 47 11 59 6 1.0
59 50 11 59 6 1.0
59 51 11 59 6 1.0
59 52 0 59 24 1.0
59 53 0 59 24 1.0
59 54 0 59 24 1.0
59 55 0 59 24 1.0
59 56 0 59 24 1.0
59 57 0 59 24 1.0
59 58 0 59 24 1.0
59 60 12 59 24 1.0
59 61 12 59 24 1.0
59 62 12 59 24 1.0
59 63 22 59 34 1.0
59 64 12 59 24 1.0
59 65 12 59 24 1.0
59 66 6 59 12 1.0
59 67 6 59 12 1.0
59 68 8 59 14 1.0
59 69 6 59 12 1.0
59 72 6 59 12 1.0
59 73 10 59 16 1.0
59 76 9 59 15 1.0
59 77 6 59 12 1.0
59 78 6 59 12 1.0
59 79 11 59 17 1.0
60 0 0 60 24 1.0
60 2 0 60 24 1.0
60 7 0 60 7 1.0
60 10 0 60 10 1.0
60 11 7 60 31 1.0
60 12 0 60 12 1.0
60 13 7 60 12 1.0
60 14 0 60 14 1.0
60 15 0 60 15 1.0
60 16 0 60 16 1.0
60 18 1 60 24 1.0
60 23 1 60 24 1.0
60 24 0 60 24 1.0
60 25 0 60 25 1.0
60 26 0 60 26 1.0
60 27 0 60 27 1.0
60 29 1 60 31 0.328125
60 29 3 60 33 0.34375
60 29 5 60 35 0.328125
60 32 0 60 32 1.0
60 33 0 60 33 1.0
60 34 0 60 34 1.0
60 35 0 60 35 1.0
60 37 0 60 37 1.0
60 38 0 60 12 1.0
60 39 0 60 12 1.0
60 40 0 60 12 1.0
60 41 0 60 12 1.0
60 44 0 60 12 1.0
60 45 11 60 6 1.0
60 46 11 60 6 1.0
60 47 11 60 6 1.0
60 49 11 60 6 1.0
60 50 11 60 6 1.0
60 51 11 60 6 1.0
60 53 1 60 25 1.0
60 54 1 60 25 1.0
60 55 0 60 24 1.0
60 56 0 60 24 1.0
60 57 1 60 25 1.0
60 58 0 60 24 1.0
60 59 5 60 11 0.359375
60 59 13 60 25 0.28125
60 59 15 60 27 0.359375
60 61 9 60 15 1.0
60 62 12 60 24 1.0
60 63 13 60 25 1.0
60 64 13 60 25 1.0
60 65 13 60 25 1.0
60 66 18 60 37 1.0
60 67 6 60 12 1.0
60 68 7 60 13 1.0
60 69 6 60 12 1.0
60 73 6 60 12 1.0
60 77 6 60 12 1.0
60 78 9 60 15 1.0
60 79 9 60 15 1.0
61 1 0 61 24 1.0
61 2 0 61 24 1.0
61 4 0 61 24 1.0
61 6 0 61 6 1.0
61 8 0 61 8 1.0
61 9 0 61 9 1.0
61 12 0 61 12 1.0
61 14 0 61 14 1.0
61 15 0 61 15 1.0
61 17 0 61 17 1.0
61 18 1 61 24 1.0
61 19 20 61 30 1.0
61 21 1 61 24 1.0
61 22 20 61 30 1.0
61 24 0 61 24 1.0
61 25 0 61 25 1.0
61 26 0 61 26 1.0
61 27 0 61 27 1.0
61 28 0 61 28 1.0
61 29 0 61 29 1.0
61 32 0 61 32 1.0
61 33 0 61 33 1.0
61 34 0 61 34 1.0
61 35 0 61 35 1.0
61 36 0 61 36 1.0
61 37 0 61 37 1.0
61 38 0 61 12 1.0
61 39 0 61 12 1.0
61 40 0 61 12 1.0
61 41 0 61 12 1.0
61 42 0 61 12 1.0
61 45 11 61 6 1.0
61 46 11 61 6 1.0
61 47 11 61 6 1.0
61 48 11 61 6 1.0
61 49 11 61 6 1.0
61 50 11 61 6 1.0
61 51 11 61 6 1.0
61 52 0 61 24 1.0
61 53 0 61 24 1.0
61 54 0 61 24 1.0
61 55 2 61 26 1.0
61 56 0 61 24 1.0
61 57 0 61 24 1.0
61 58 0 61 24 1.0
61 59 12 61 24 1.0
61 60 12 61 24 1.0
61 62 12 61 24 1.0
61 63 16 61 28 1.0
61 64 12 61 24 1.0
61 65 12 61 24 1.0
61 66 6 61 12 1.0
61 67 6 61 12 1.0
61 68 8 61 14 1.0
61 69 6 61 12 1.0
61 70 6 61 12 1.0
61 75 1 61 24 1.0
61 76 6 61 12 1.0
61 77 9 61 15 1.0
61 78 6 61 12 1.0
61 79 9 61 15 1.0
62 1 0 62 24 1.0
62 7 0 62 7 1.0
62 8 0 62 8 1.0
62 9 0 62 9 1.0
62 11 0 62 11 1.0
62 12 0 62 12 1.0
62 14 0 62 14 1.0
62 15 6 62 11 1.0
62 16 0 62 16 1.0
62 17 0 62 17 1.0
62 18 1 62 24 1.0
62 19 1 62 24 1.0
62 20 1 62 24 1.0
62 21 1 62 24 1.0
62 22 1 62 24 1.0
62 23 1 62 24 1.0
62 25 0 62 25 1.0
62 26 0 62 26 1.0
62 27 0 62 27 1.0
62 28 0 62 28 1.0
62 29 0 62 29 1.0
62 32 0 62 32 1.0
62 33 0 62 33 1.0
62 34 0 62 34 1.0
62 35 0 62 35 1.0
62 36 0 62 36 1.0
62 37 0 62 37 1.0
62 38 0 62 12 1.0
62 39 0 62 12 1.0
62 40 0 62 12 1.0
62 41 0 62 12 1.0
62 42 0 62 12 1.0
62 43 0 62 12 1.0
62 44 0 62 12 1.0
62 45 11 62 6 1.0
62 46 11 62 6 1.0
62 47 11 62 6 1.0
62 48 11 62 6 1.0
62 49 11 62 6 1.0
62 50 11 62 6 1.0
62 51 11 62 6 1.0
62 52 0 62 24 1.0
62 53 0 62 24 1.0
62 54 0 62 24 1.0
62 55 2 62 26 1.0
62 56 0 62 24 1.0
62 57 0 62 24 1.0
62 58 0 62 24 1.0
62 59 13 62 25 1.0
62 60 16 62 28 1.0
62 61 12 62 24 1.0
62 63 12 62 24 1.0
62 64 12 62 24 1.0
62 65 12 62 24 1.0
62 66 6 62 12 1.0
62 67 6 62 12 1.0
62 68 6 62 12 1.0
62 69 6 62 12 1.0
62 70 6 62 12 1.0
62 71 6 62 12 1.0
62 72 6 62 12 1.0
62 73 10 62 16 1.0
62 74 6 62 12 1.0
62 75 6 62 12 1.0
62 76 6 62 12 1.0
62 77 6 62 12 1.0
62 78 6 62 12 1.0
62 79 10 62 16 1.0
63 0 0 63 24 1.0
63 1 0 63 24 1.0
63 2 0 63 24 1.0
63 3 0 63 24 1.0
63 4 0 63 24 1.0
63 5 0 63 24 1.0
63 6 0 63 6 1.0
63 7 0 63 7 1.0
63 8 0 63 8 1.0
63 9 0 63 9 1.0
63 10 3 63 14 1.0
63 11 0 63 11 1.0
63 12 0 63 12 1.0
63 14 0 63 14 1.0
63 15 0 63 15 1.0
63 16 13 63 25 1.0
63 17 0 63 17 1.0
63 18 2 63 25 1.0
63 19 20 63 30 1.0
63 20 20 63 30 1.0
63 21 2 63 25 1.0
63 22 2 63 25 1.0
63 23 5 63 28 1.0
63 24 0 63 24 1.0
63 25 0 63 25 1.0
63 26 0 63 26 1.0
63 27 0 63 27 1.0
63 28 1 63 31 1.0
63 29 0 63 29 1.0
63 30 0 63 30 1.0
63 31 0 63 31 1.0
63 32 0 63 32 1.0
63 33 0 63 33 1.0
63 34 0 63 34 1.0
63 35 0 63 35 1.0
63 36 0 63 36 1.0
63 37 0 63 37 1.0
63 38 2 63 14 1.0
63 39 0 63 12 1.0
63 40 0 63 12 1.0
63 41 0 63 12 1.0
63 42 0 63 12 1.0
63 43 0 63 12 1.0
63 44 0 63 12 1.0
63 45 11 63 6 1.0
63 46 11 63 6 1.0
63 47 11 63 6 1.0
63 48 11 63 6 1.0
63 49 11 63 6 1.0
63 50 11 63 6 1.0
63 51 11 63 6 1.0
63 52 0 63 24 1.0
63 53 0 63 24 1.0
63 54 0 63 24 1.0
63 55 0 63 24 1.0
63 56 0 63 24 1.0
63 57 0 63 24 1.0
63 58 0 63 24 1.0
63 59 12 63 24 1.0
63 60 13 63 25 1.0
63 61 14 63 26 1.0
63 62 13 63 25 1.0
63 64 12 63 24 1.0
63 65 12 63 24 1.0
63 66 6 63 12 1.0
63 67 6 63 12 1.0
63 68 7 63 13 1.0
63 69 6 63 12 1.0
63 70 6 63 12 1.0
63 71 6 63 12 1.0
63 72 6 63 12 1.0
63 73 21 63 9 1.0
63 74 6 63 12 1.0
63 75 9 63 15 1.0
63 76 9 63 15 1.0
63 77 9 63 15 1.0
63 78 9 63 15 1.0
63 79 6 63 12 1.0
64 0 0 64 24 1.0
64 1 0 64 24 1.0
64 2 0 64 24 1.0
64 3 0 64 24 1.0
64 4 0 64 24 1.0
64 5 0 64 24 1.0
64 6 0 64 6 1.0
64 7 0 64 7 1.0
64 8 0 64 8 1.0
64 9 0 64 9 1.0
64 10 7 64 31 1.0
64 11 0 64 11 1.0
64 12 0 64 12 1.0
64 14 0 64 14 1.0
64 15 0 64 15 1.0
64 16 0 64 16 1.0
64 17 0 64 17 1.0
64 18 1 64 24 1.0
64 19 20 64 30 1.0
64 20 1 64 24 1.0
64 21 1 64 24 1.0
64 22 20 64 30 1.0
64 23 1 64 24 1.0
64 24 0 64 24 1.0
64 25 0 64 25 1.0
64 26 0 64 26 1.0
64 27 0 64 27 1.0
64 28 0 64 28 1.0
64 29 1 64 31 1.0
64 30 0 64 30 1.0
64 31 0 64 31 1.0
64 32 0 64 32 1.0
64 33 0 64 33 1.0
64 34 7 64 24 1.0
64 35 0 64 35 1.0
64 36 0 64 36 1.0
64 37 0 64 37 1.0
64 38 0 64 12 1.0
64 39 0 64 12 0.953125
64 39 23 64 35 0.046875
64 40 0 64 12 1.0
64 41 0 64 12 1.0
64 42 0 64 12 1.0
64 43 0 64 12 1.0
64 44 0 64 12 1.0
64 45 11 64 6 1.0
64 46 11 64 6 1.0
64 47 11 64 6 1.0
64 48 11 64 6 1.0
64 49 11 64 6 1.0
64 50 11 64 6 1.0
64 51 11 64 6 1.0
64 52 0 64 24 1.0
64 53 0 64 24 1.0
64 54 0 64 24 1.0
64 55 0 64 24 1.0
64 56 0 64 24 1.0
64 57 0 64 24 1.0
64 58 0 64 24 1.0
64 59 13 64 25 1.0
64 60 12 64 24 1.0
64 61 12 64 24 1.0
64 62 12 64 24 1.0
64 63 12 64 24 1.0
64 65 12 64 24 1.0
64 66 6 64 12 1.0
64 67 6 64 12 1.0
64 68 5 64 11 1.0
64 69 6 64 12 1.0
64 70 6 64 12 1.0
64 71 6 64 12 1.0
64 72 6 64 12 1.0
64 73 6 64 12 1.0
64 74 9 64 15 1.0
64 75 9 64 15 1.0
64 76 6 64 12 1.0
64 77 9 64 15 1.0
64 78 6 64 12 1.0
64 79 6 64 12 1.0
65 0 0 65 24 1.0
65 1 0 65 24 1.0
65 2 0 65 24 1.0
65 3 0 65 24 1.0
65 4 0 65 24 1.0
65 5 0 65 24 1.0
65 6 7 65 31 1.0
65 7 0 65 7 1.0
65 8 7 65 31 1.0
65 9 3 65 14 1.0
65 10 7 65 31 1.0
65 11 0 65 11 1.0
65 12 5 65 10 1.0
65 13 0 65 13 1.0
65 14 18 65 31 1.0
65 15 2 65 7 0.375
65 15 11 65 17 0.625
65 16 0 65 16 1.0
65 17 0 65 17 1.0
65 18 5 65 28 1.0
65 19 20 65 30 1.0
65 20 1 65 24 1.0
65 21 1 65 24 1.0
65 22 5 65 28 1.0
65 23 1 65 24 1.0
65 24 0 65 24 1.0
65 25 0 65 25 1.0
65 26 16 65 14 1.0
65 27 1 65 31 1.0
65 28 0 65 28 1.0
65 29 0 65 29 1.0
65 30 0 65 30 1.0
65 31 0 65 31 1.0
65 32 0 65 32 1.0
65 33 0 65 33 1.0
65 34 7 65 24 1.0
65 35 0 65 35 1.0
65 36 0 65 36 1.0
65 37 0 65 37 1.0
65 38 2 65 14 1.0
65 39 2 65 14 1.0
65 40 0 65 12 1.0
65 41 2 65 14 1.0
65 42 0 65 12 1.0
65 43 2 65 14 1.0
65 44 14 65 25 1.0
65 45 19 65 24 1.0
65 46 19 65 24 1.0
65 47 19 65 24 1.0
65 48 11 65 6 1.0
65 49 19 65 24 1.0
65 50 19 65 24 1.0
65 51 19 65 24 1.0
65 52 0 65 24 1.0
65 53 0 65 24 1.0
65 54 0 65 24 1.0
65 55 0 65 24 1.0
65 56 18 65 10 1.0
65 57 0 65 24 1.0
65 58 0 65 24 1.0
65 59 14 65 26 1.0
65 60 12 65 24 1.0
65 61 12 65 24 1.0
65 62 12 65 24 1.0
65 63 20 65 32 1.0
65 64 16 65 28 1.0
65 66 6 65 12 1.0
65 67 7 65 13 1.0
65 68 0 65 6 0.125
65 68 2 65 8 0.140625
65 68 3 65 9 0.125
65 68 5 65 11 0.125
65 68 6 65 12 0.109375
65 68 9 65 15 0.125
65 68 10 65 16 0.125
65 68 11 65 17 0.125
65 69 8 65 14 1.0
65 70 8 65 14 1.0
65 71 8 65 14 1.0
65 72 8 65 14 1.0
65 73 10 65 16 1.0
65 74 10 65 16 1.0
65 75 6 65 12 1.0
65 76 6 65 12 1.0
65 77 6 65 12 1.0
65 78 1 65 24 0.15625
65 78 2 65 25 0.28125
65 78 3 65 26 0.265625
65 78 4 65 27 0.296875
65 79 9 65 15 1.0
66 0 6 66 38 1.0
66 1 20 66 51 1.0
66 2 20 66 51 1.0
66 3 6 66 38 1.0
66 4 20 66 51 1.0
66 5 6 66 38 1.0
66 6 0 66 6 1.0
66 7 0 66 7 1.0
66 8 0 66 8 1.0
66 9 0 66 9 1.0
66 10 0 66 10 1.0
66 11 0 66 11 1.0
66 12 0 66 12 1.0
66 13 1 66 6 1.0
66 14 0 66 14 1.0
66 15 0 66 15 1.0
66 16 0 66 16 1.0
66 17 0 66 17 1.0
66 18 0 66 45 1.0
66 19 0 66 45 1.0
66 21 0 66 45 1.0
66 22 0 66 45 1.0
66 23 0 66 45 1.0
66 24 6 66 12 1.0
66 25 6 66 12 1.0
66 26 6 66 12 1.0
66 27 6 66 12 1.0
66 28 6 66 12 1.0
66 29 6 66 12 1.0
66 30 6 66 12 1.0
66 31 0 66 6 1.0
66 32 0 66 6 1.0
66 33 0 66 6 1.0
66 34 0 66 6 1.0
66 35 0 66 6 1.0
66 36 0 66 6 1.0
66 37 0 66 6 1.0
66 38 21 66 40 1.0
66 39 0 66 39 1.0
66 40 1 66 12 1.0
66 41 0 66 41 1.0
66 42 0 66 42 1.0
66 43 0 66 43 1.0
66 44 0 66 44 1.0
66 45 0 66 45 1.0
66 46 0 66 46 1.0
66 47 0 66 47 1.0
66 48 0 66 48 1.0
66 49 0 66 49 1.0
66 50 0 66 50 1.0
66 52 6 66 6 1.0
66 53 6 66 6 1.0
66 54 12 66 38 1.0
66 55 23 66 12 1.0
66 56 24 66 44 1.0
66 57 2 66 47 1.0
66 58 6 66 6 1.0
66 59 0 66 6 1.0
66 60 0 66 6 1.0
66 61 0 66 6 1.0
66 62 0 66 6 1.0
66 63 0 66 6 1.0
66 64 0 66 6 1.0
66 65 0 66 6 1.0
66 67 0 66 6 1.0
66 68 0 66 6 1.0
66 69 0 66 6 1.0
66 70 0 66 6 1.0
66 71 0 66 6 1.0
66 72 0 66 6 1.0
66 73 7 66 45 1.0
66 74 7 66 45 1.0
66 75 7 66 45 1.0
66 76 7 66 45 1.0
67 0 10 67 42 1.0
67 1 20 67 51 1.0
67 2 20 67 51 1.0
67 3 20 67 51 1.0
67 4 20 67 51 1.0
67 5 20 67 51 1.0
67 6 7 67 7 1.0
67 7 1 67 12 1.0
67 8 0 67 8 1.0
67 9 0 67 9 1.0
67 10 0 67 10 1.0
67 11 0 67 11 1.0
67 12 0 67 12 1.0
67 13 1 67 6 1.0
67 14 0 67 14 1.0
67 15 0 67 15 1.0
67 16 0 67 16 0.875
67 16 5 67 10 0.125
67 17 0 67 17 1.0
67 18 0 67 45 1.0
67 19 0 67 45 1.0
67 20 0 67 45 1.0
67 21 0 67 45 1.0
67 22 0 67 45 1.0
67 23 0 67 45 1.0
67 24 6 67 12 1.0
67 25 6 67 12 1.0
67 26 16 67 42 1.0
67 27 6 67 12 1.0
67 28 4 67 11 1.0
67 29 6 67 12 1.0
67 30 6 67 12 1.0
67 31 0 67 6 1.0
67 32 3 67 9 1.0
67 33 3 67 9 1.0
67 34 0 67 6 1.0
67 35 3 67 9 1.0
67 36 1 67 7 1.0
67 37 3 67 9 1.0
67 38 2 67 13 1.0
67 39 0 67 39 1.0
67 40 0 67 40 1.0
67 41 0 67 41 1.0
67 42 0 67 42 1.0
67 43 1 67 12 1.0
67 44 0 67 44 1.0
67 45 0 67 45 1.0
67 46 0 67 46 0.5
67 46 12 67 50 0.5
67 47 0 67 47 1.0
67 48 0 67 48 1.0
67 49 0 67 49 1.0
67 50 0 67 50 1.0
67 51 0 67 51 1.0
67 52 25 67 51 1.0
67 53 24 67 44 1.0
67 54 6 67 6 1.0
67 55 6 67 6 1.0
67 56 3 67 48 1.0
67 57 3 67 48 1.0
67 58 24 67 44 1.0
67 59 1 67 7 1.0
67 60 3 67 9 1.0
67 61 1 67 7 1.0
67 62 1 67 7 1.0
67 63 3 67 9 1.0
67 64 0 67 6 0.25
67 64 1 67 7 0.234375
67 64 2 67 8 0.265625
67 64 3 67 9 0.25
67 65 1 67 7 1.0
67 66 1 67 7 1.0
67 68 1 67 7 1.0
67 69 5 67 11 1.0
67 70 3 67 9 1.0
67 71 1 67 7 1.0
67 72 3 67 9 1.0
67 73 7 67 45 1.0
67 74 7 67 45 1.0
67 75 7 67 45 1.0
67 76 7 67 45 1.0
67 77 7 67 45 1.0
67 78 7 67 45 1.0
67 79 7 67 45 1.0
68 0 20 68 51 1.0
68 1 20 68 51 1.0
68 2 20 68 51 1.0
68 3 20 68 51 1.0
68 4 20 68 51 1.0
68 5 20 68 51 1.0
68 6 10 68 10 1.0
68 7 1 68 12 1.0
68 8 7 68 6 1.0
68 9 0 68 9 1.0
68 10 0 68 10 1.0
68 11 0 68 11 1.0
68 12 0 68 12 1.0
68 13 0 68 13 1.0
68 14 0 68 14 1.0
68 15 0 68 15 1.0
68 16 0 68 16 1.0
68 17 0 68 17 1.0
68 18 0 68 45 1.0
68 19 0 68 45 1.0
68 20 0 68 45 1.0
68 21 0 68 45 1.0
68 22 0 68 45 1.0
68 23 0 68 45 1.0
68 24 6 68 12 1.0
68 25 6 68 12 1.0
68 26 6 68 12 1.0
68 27 6 68 12 1.0
68 28 6 68 12 1.0
68 29 6 68 12 1.0
68 30 6 68 12 1.0
68 31 2 68 8 1.0
68 32 0 68 6 1.0
68 33 2 68 8 1.0
68 34 0 68 6 1.0
68 35 2 68 8 1.0
68 36 2 68 8 1.0
68 37 0 68 6 1.0
68 38 0 68 38 1.0
68 39 0 68 39 1.0
68 40 0 68 40 1.0
68 41 0 68 41 1.0
68 42 1 68 12 1.0
68 43 0 68 43 1.0
68 44 0 68 44 1.0
68 45 0 68 45 1.0
68 46 0 68 46 1.0
68 47 0 68 47 1.0
68 48 1 68 38 1.0
68 49 1 68 38 1.0
68 50 0 68 50 1.0
68 51 0 68 51 1.0
68 52 6 68 6 1.0
68 53 24 68 44 1.0
68 54 1 68 46 0.328125
68 54 2 68 47 0.328125
68 54 10 68 10 0.34375
68 55 24 68 44 1.0
68 56 3 68 48 1.0
68 57 0 68 45 0.125
68 57 4 68 49 0.15625
68 57 5 68 50 0.15625
68 57 6 68 6 0.125
68 57 7 68 7 0.140625
68 57 8 68 8 0.140625
68 57 9 68 9 0.15625
68 58 24 68 44 1.0
68 59 2 68 8 1.0
68 60 2 68 8 1.0
68 61 2 68 8 1.0
68 62 2 68 8 1.0
68 63 0 68 6 1.0
68 64 2 68 8 1.0
68 65 1 68 7 1.0
68 66 1 68 7 1.0
68 67 2 68 8 1.0
68 69 2 68 8 1.0
68 70 2 68 8 1.0
68 71 0 68 6 1.0
68 72 0 68 6 1.0
68 73 7 68 45 1.0
68 74 7 68 45 1.0
68 75 7 68 45 1.0
68 76 7 68 45 1.0
68 77 7 68 45 1.0
68 78 7 68 45 1.0
68 79 7 68 45 1.0
69 0 20 69 51 1.0
69 1 20 69 51 1.0
69 2 24 69 10 1.0
69 3 20 69 51 1.0
69 4 20 69 51 1.0
69 5 20 69 51 1.0
69 6 0 69 6 1.0
69 7 0 69 7 1.0
69 8 0 69 8 1.0
69 9 0 69 9 1.0
69 10 3 69 14 1.0
69 11 0 69 11 1.0
69 12 0 69 12 1.0
69 14 0 69 14 1.0
69 15 0 69 15 1.0
69 16 0 69 16 1.0
69 17 0 69 17 1.0
69 18 0 69 45 1.0
69 19 0 69 45 1.0
69 20 0 69 45 1.0
69 21 0 69 45 1.0
69 22 0 69 45 1.0
69 23 0 69 45 1.0
69 24 20 69 47 1.0
69 25 6 69 12 1.0
69 26 6 69 12 1.0
69 27 6 69 12 1.0
69 28 6 69 12 1.0
69 29 6 69 12 1.0
69 30 6 69 12 1.0
69 31 1 69 7 1.0
69 32 0 69 6 1.0
69 33 0 69 6 1.0
69 34 0 69 6 1.0
69 35 0 69 6 1.0
69 36 0 69 6 1.0
69 37 0 69 6 1.0
69 38 1 69 12 1.0
69 39 0 69 39 1.0
69 40 0 69 40 1.0
69 41 0 69 41 1.0
69 42 0 69 42 1.0
69 43 0 69 43 1.0
69 44 0 69 44 1.0
69 45 0 69 45 1.0
69 46 0 69 46 1.0
69 47 0 69 47 1.0
69 48 0 69 48 1.0
69 49 0 69 49 1.0
69 50 0 69 50 1.0
69 51 0 69 51 1.0
69 52 6 69 6 1.0
69 53 24 69 44 1.0
69 54 6 69 6 1.0
69 55 17 69 43 1.0
69 56 24 69 44 1.0
69 57 6 69 6 1.0
69 58 6 69 6 1.0
69 59 0 69 6 1.0
69 60 0 69 6 1.0
69 61 0 69 6 1.0
69 62 1 69 7 1.0
69 63 0 69 6 1.0
69 64 3 69 9 1.0
69 65 0 69 6 1.0
69 66 0 69 6 1.0
69 67 0 69 6 1.0
69 68 1 69 7 1.0
69 70 0 69 6 1.0
69 71 0 69 6 1.0
69 72 0 69 6 1.0
69 73 7 69 45 1.0
69 74 7 69 45 1.0
69 75 7 69 45 1.0
69 76 7 69 45 1.0
69 77 7 69 45 1.0
69 78 7 69 45 1.0
69 79 7 69 45 1.0
70 0 20 70 51 1.0
70 1 20 70 51 1.0
70 2 20 70 51 1.0
70 3 20 70 51 1.0
70 4 20 70 51 1.0
70 5 20 70 51 1.0
70 6 7 70 7 1.0
70 7 0 70 7 1.0
70 9 0 70 9 1.0
70 10 0 70 10 1.0
70 11 0 70 11 1.0
70 12 0 70 12 1.0
70 13 11 70 42 1.0
70 14 0 70 14 1.0
70 15 0 70 15 1.0
70 17 0 70 17 1.0
70 19 0 70 45 1.0
70 20 0 70 45 1.0
70 21 0 70 45 1.0
70 22 0 70 45 1.0
70 23 0 70 45 1.0
70 24 6 70 12 1.0
70 25 6 70 12 1.0
70 26 0 70 7 1.0
70 27 6 70 12 1.0
70 28 6 70 12 1.0
70 29 6 70 12 1.0
70 30 6 70 12 1.0
70 31 1 70 7 1.0
70 32 2 70 8 1.0
70 33 0 70 6 1.0
70 39 0 70 39 1.0
70 40 0 70 40 1.0
70 41 0 70 41 1.0
70 42 0 70 42 1.0
70 44 0 70 44 1.0
70 45 0 70 45 1.0
70 46 0 70 46 1.0
70 47 0 70 47 1.0
70 49 0 70 49 1.0
70 50 0 70 50 1.0
70 51 0 70 51 1.0
70 53 24 70 44 1.0
70 54 6 70 6 1.0
70 55 6 70 6 1.0
70 56 24 70 44 1.0
70 57 5 70 50 1.0
70 58 24 70 44 1.0
70 59 0 70 6 1.0
70 61 0 70 6 1.0
70 62 0 70 6 0.53125
70 62 1 70 7 0.46875
70 63 0 70 6 1.0
70 64 3 70 9 1.0
70 65 19 70 38 1.0
70 66 0 70 6 1.0
70 67 1 70 7 1.0
70 68 1 70 7 1.0
70 69 0 70 6 1.0
70 71 1 70 7 1.0
70 72 0 70 6 1.0
70 73 7 70 45 1.0
70 74 7 70 45 1.0
70 75 7 70 45 1.0
70 77 7 70 45 1.0
70 78 7 70 45 1.0
70 79 7 70 45 1.0
71 0 20 71 51 1.0
71 1 20 71 51 1.0
71 2 20 71 51 1.0
71 3 20 71 51 1.0
71 4 20 71 51 1.0
71 5 20 71 51 1.0
71 6 0 71 6 1.0
71 7 0 71 7 1.0
71 9 0 71 9 1.0
71 10 4 71 15 1.0
71 14 0 71 14 1.0
71 15 1 71 6 1.0
71 19 0 71 45 1.0
71 20 0 71 45 1.0
71 22 0 71 45 1.0
71 23 0 71 45 1.0
71 24 6 71 12 1.0
71 25 6 71 12 1.0
71 26 6 71 12 1.0
71 27 6 71 12 1.0
71 29 6 71 12 1.0
71 30 6 71 12 1.0
71 31 1 71 7 1.0
71 32 0 71 6 1.0
71 33 0 71 6 1.0
71 36 0 71 6 1.0
71 40 0 71 40 1.0
71 41 0 71 41 1.0
71 42 0 71 42 1.0
71 44 0 71 44 1.0
71 45 0 71 45 1.0
71 50 0 71 50 1.0
71 51 0 71 51 1.0
71 53 6 71 6 1.0
71 54 24 71 44 1.0
71 55 6 71 6 1.0
71 56 24 71 44 1.0
71 57 24 71 44 1.0
71 58 6 71 6 1.0
71 60 0 71 6 1.0
71 61 0 71 6 1.0
71 63 0 71 6 1.0
71 64 3 71 9 1.0
71 65 0 71 6 1.0
71 67 0 71 6 1.0
71 68 0 71 6 1.0
71 69 0 71 6 1.0
71 70 0 71 6 1.0
71 72 0 71 6 1.0
71 73 7 71 45 1.0
71 74 7 71 45 1.0
71 75 7 71 45 1.0
71 77 7 71 45 1.0
71 78 7 71 45 1.0
71 79 7 71 45 1.0
72 0 21 72 7 1.0
72 1 20 72 51 1.0
72 2 20 72 51 1.0
72 3 20 72 51 1.0
72 4 21 72 7 1.0
72 5 20 72 51 1.0
72 6 0 72 6 1.0
72 7 0 72 7 1.0
72 9 0 72 9 1.0
72 10 0 72 10 0.125
72 10 2 72 13 0.875
72 11 0 72 11 1.0
72 12 0 72 12 1.0
72 13 0 72 13 1.0
72 14 0 72 14 1.0
72 15 0 72 15 1.0
72 16 1 72 6 1.0
72 17 0 72 17 1.0
72 18 0 72 45 1.0
72 19 0 72 45 1.0
72 20 0 72 45 1.0
72 23 0 72 45 1.0
72 24 6 72 12 1.0
72 25 6 72 12 1.0
72 26 5 72 6 1.0
72 27 6 72 12 1.0
72 29 6 72 12 1.0
72 30 6 72 12 1.0
72 31 1 72 7 1.0
72 32 0 72 6 1.0
72 33 0 72 6 1.0
72 34 0 72 6 1.0
72 36 0 72 6 1.0
72 38 0 72 38 1.0
72 39 0 72 39 1.0
72 40 0 72 40 1.0
72 41 0 72 41 1.0
72 42 0 72 42 1.0
72 43 3 72 14 0.09375
72 43 4 72 15 0.09375
72 43 5 72 16 0.109375
72 43 6 72 17 0.09375
72 43 7 72 45 0.09375
72 43 8 72 46 0.09375
72 43 9 72 47 0.109375
72 43 10 72 48 0.109375
72 43 11 72 49 0.109375
72 43 12 72 50 0.09375
72 44 0 72 44 1.0
72 45 0 72 45 1.0
72 46 0 72 46 1.0
72 47 0 72 47 1.0
72 49 0 72 49 1.0
72 50 0 72 50 1.0
72 51 0 72 51 1.0
72 53 24 72 44 1.0
72 54 24 72 44 1.0
72 55 6 72 6 1.0
72 56 24 72 44 1.0
72 57 24 72 44 1.0
72 58 24 72 44 1.0
72 60 0 72 6 1.0
72 61 0 72 6 1.0
72 62 0 72 6 1.0
72 63 19 72 38 1.0
72 64 3 72 9 1.0
72 65 0 72 6 1.0
72 66 1 72 7 1.0
72 67 0 72 6 1.0
72 68 1 72 7 1.0
72 69 0 72 6 1.0
72 70 0 72 6 1.0
72 71 0 72 6 1.0
72 73 7 72 45 1.0
72 74 7 72 45 1.0
72 75 7 72 45 1.0
72 77 7 72 45 1.0
72 78 7 72 45 1.0
72 79 7 72 45 1.0
73 0 0 73 0 1.0
73 1 0 73 1 1.0
73 2 0 73 2 1.0
73 3 0 73 3 1.0
73 4 0 73 4 1.0
73 5 0 73 5 1.0
73 6 21 73 2 1.0
73 7 25 73 44 1.0
73 8 0 73 38 1.0
73 9 25 73 44 1.0
73 10 25 73 44 1.0
73 14 0 73 38 1.0
73 15 0 73 38 1.0
73 19 0 73 19 1.0
73 20 0 73 20 1.0
73 23 0 73 23 1.0
73 24 0 73 0 1.0
73 25 0 73 0 1.0
73 26 0 73 0 1.0
73 27 0 73 0 1.0
73 29 2 73 2 1.0
73 30 0 73 0 1.0
73 31 1 73 2 1.0
73 32 0 73 1 1.0
73 39 0 73 39 1.0
73 40 1 73 45 1.0
73 41 1 73 45 1.0
73 42 1 73 45 1.0
73 44 0 73 44 1.0
73 45 0 73 45 1.0
73 47 0 73 47 1.0
73 48 0 73 48 1.0
73 50 0 73 50 1.0
73 51 0 73 51 1.0
73 53 0 73 0 1.0
73 54 0 73 0 1.0
73 55 0 73 0 1.0
73 56 0 73 0 1.0
73 57 0 73 0 1.0
73 58 0 73 0 1.0
73 59 7 73 2 1.0
73 61 6 73 1 1.0
73 62 18 73 18 1.0
73 63 6 73 1 1.0
73 64 4 73 42 1.0
73 65 18 73 18 1.0
73 66 19 73 0 1.0
73 67 0 73 38 1.0
73 68 0 73 38 1.0
73 69 0 73 38 1.0
73 70 7 73 45 1.0
73 71 0 73 38 1.0
73 72 0 73 38 1.0
73 74 0 73 0 1.0
73 75 0 73 0 1.0
73 76 0 73 0 1.0
73 77 0 73 0 1.0
73 78 0 73 0 1.0
73 79 0 73 0 1.0
74 0 0 74 0 1.0
74 1 0 74 1 1.0
74 2 0 74 2 1.0
74 3 0 74 3 1.0
74 4 0 74 4 1.0
74 5 0 74 5 1.0
74 6 20 74 1 1.0
74 7 20 74 1 1.0
74 8 0 74 38 1.0
74 9 20 74 1 1.0
74 10 25 74 44 1.0
74 12 0 74 38 1.0
74 14 0 74 38 1.0
74 15 17 74 3 1.0
74 19 0 74 19 1.0
74 20 0 74 20 1.0
74 23 0 74 23 1.0
74 24 0 74 0 1.0
74 25 0 74 0 1.0
74 26 0 74 0 1.0
74 27 0 74 0 1.0
74 28 0 74 0 1.0
74 29 0 74 0 1.0
74 30 0 74 0 1.0
74 31 0 74 1 1.0
74 32 6 74 18 1.0
74 38 20 74 18 1.0
74 40 0 74 40 1.0
74 41 0 74 41 1.0
74 42 0 74 42 1.0
74 43 0 74 43 1.0
74 44 0 74 44 1.0
74 45 0 74 45 1.0
74 46 0 74 46 1.0
74 47 0 74 47 1.0
74 48 0 74 48 1.0
74 50 0 74 50 1.0
74 51 0 74 51 1.0
74 52 0 74 0 1.0
74 53 0 74 0 1.0
74 54 0 74 0 1.0
74 55 0 74 0 1.0
74 56 0 74 0 1.0
74 57 0 74 0 1.0
74 58 0 74 0 1.0
74 62 6 74 1 1.0
74 63 6 74 1 1.0
74 64 6 74 1 1.0
74 65 6 74 1 1.0
74 66 1 74 39 1.0
74 67 0 74 38 1.0
74 68 1 74 39 1.0
74 69 1 74 39 1.0
74 70 1 74 39 1.0
74 71 0 74 38 1.0
74 72 0 74 38 1.0
74 73 0 74 0 1.0
74 77 0 74 0 1.0
74 78 0 74 0 1.0
74 79 0 74 0 1.0
75 2 0 75 2 1.0
75 7 20 75 1 1.0
75 8 25 75 44 1.0
75 9 0 75 38 1.0
75 12 1 75 39 1.0
75 13 0 75 38 1.0
75 14 0 75 38 1.0
75 15 0 75 38 1.0
75 18 0 75 18 1.0
75 21 0 75 21 1.0
75 23 0 75 23 1.0
75 25 0 75 0 1.0
75 26 0 75 0 1.0
75 27 0 75 0 1.0
75 28 0 75 0 1.0
75 29 0 75 0 1.0
75 34 6 75 18 1.0
75 35 0 75 1 1.0
75 36 6 75 18 1.0
75 37 0 75 1 1.0
75 39 0 75 39 1.0
75 40 0 75 40 1.0
75 41 0 75 41 1.0
75 43 0 75 43 1.0
75 45 0 75 45 1.0
75 46 0 75 46 1.0
75 47 0 75 47 1.0
75 48 0 75 48 1.0
75 50 0 75 50 1.0
75 51 0 75 51 1.0
75 53 0 75 0 1.0
75 54 0 75 0 1.0
75 55 0 75 0 1.0
75 56 0 75 0 1.0
75 57 0 75 0 1.0
75 58 0 75 0 1.0
75 60 6 75 1 1.0
75 62 6 75 1 1.0
75 63 6 75 1 1.0
75 64 6 75 1 1.0
75 65 6 75 1 1.0
75 66 0 75 38 1.0
75 67 0 75 38 1.0
75 68 0 75 38 1.0
75 69 0 75 38 1.0
75 70 0 75 38 1.0
75 71 0 75 38 1.0
75 74 0 75 0 1.0
75 77 0 75 0 1.0
75 78 0 75 0 1.0
75 79 0 75 0 1.0
76 0 0 76 0 1.0
76 1 0 76 1 1.0
76 2 0 76 2 1.0
76 4 0 76 4 1.0
76 5 0 76 5 1.0
76 9 25 76 44 1.0
76 12 0 76 38 1.0
76 13 0 76 38 1.0
76 14 0 76 38 1.0
76 15 0 76 38 1.0
76 19 0 76 19 1.0
76 21 0 76 21 1.0
76 23 0 76 23 1.0
76 25 0 76 0 1.0
76 26 0 76 0 1.0
76 27 0 76 0 1.0
76 29 1 76 1 1.0
76 30 0 76 0 1.0
76 32 0 76 1 1.0
76 33 6 76 18 1.0
76 34 0 76 1 1.0
76 36 0 76 1 1.0
76 37 0 76 1 1.0
76 38 0 76 38 1.0
76 39 0 76 39 1.0
76 40 0 76 40 1.0
76 41 0 76 41 1.0
76 43 0 76 43 1.0
76 46 0 76 46 1.0
76 50 0 76 50 1.0
76 51 0 76 51 1.0
76 52 0 76 0 1.0
76 53 0 76 0 1.0
76 54 0 76 0 1.0
76 55 0 76 0 1.0
76 56 0 76 0 1.0
76 57 0 76 0 1.0
76 58 0 76 0 1.0
76 59 6 76 1 1.0
76 60 6 76 1 1.0
76 61 6 76 1 1.0
76 62 6 76 1 1.0
76 63 6 76 1 1.0
76 64 6 76 1 1.0
76 65 6 76 1 1.0
76 66 0 76 38 1.0
76 67 0 76 38 1.0
76 68 0 76 38 1.0
76 69 0 76 38 1.0
76 70 0 76 38 1.0
76 71 0 76 38 1.0
76 75 0 76 0 1.0
76 77 0 76 0 1.0
76 78 0 76 0 1.0
76 79 0 76 0 1.0
77 0 0 77 0 1.0
77 1 0 77 1 1.0
77 2 0 77 2 1.0
77 3 0 77 3 1.0
77 4 0 77 4 1.0
77 5 0 77 5 1.0
77 6 20 77 1 1.0
77 7 25 77 44 1.0
77 8 20 77 1 1.0
77 9 20 77 1 1.0
77 10 7 77 45 1.0
77 11 19 77 0 1.0
77 12 0 77 38 1.0
77 13 0 77 38 1.0
77 14 0 77 38 1.0
77 15 0 77 38 1.0
77 16 0 77 38 1.0
77 17 0 77 38 1.0
77 18 0 77 18 1.0
77 19 0 77 19 1.0
77 20 0 77 20 1.0
77 21 0 77 21 1.0
77 22 0 77 22 1.0
77 23 0 77 23 1.0
77 24 0 77 0 1.0
77 25 0 77 0 1.0
77 26 0 77 0 1.0
77 27 0 77 0 1.0
77 28 0 77 0 1.0
77 29 0 77 0 1.0
77 30 0 77 0 1.0
77 31 6 77 18 1.0
77 32 6 77 18 1.0
77 33 0 77 1 1.0
77 34 6 77 18 1.0
77 35 6 77 18 1.0
77 36 6 77 18 1.0
77 37 0 77 1 1.0
77 38 0 77 38 1.0
77 39 0 77 39 1.0
77 40 0 77 40 1.0
77 41 0 77 41 1.0
77 42 0 77 42 1.0
77 43 0 77 43 1.0
77 44 0 77 44 1.0
77 45 0 77 45 1.0
77 46 0 77 46 1.0
77 47 0 77 47 1.0
77 48 0 77 48 1.0
77 49 0 77 49 1.0
77 50 0 77 50 1.0
77 51 0 77 51 1.0
77 52 0 77 0 1.0
77 53 0 77 0 1.0
77 54 0 77 0 1.0
77 55 0 77 0 1.0
77 56 0 77 0 1.0
77 57 0 77 0 1.0
77 58 0 77 0 1.0
77 59 7 77 2 1.0
77 60 6 77 1 1.0
77 61 6 77 1 1.0
77 62 6 77 1 1.0
77 63 6 77 1 1.0
77 64 6 77 1 1.0
77 65 6 77 1 1.0
77 66 0 77 38 1.0
77 67 0 77 38 1.0
77 68 0 77 38 1.0
77 69 0 77 38 1.0
77 70 0 77 38 1.0
77 71 0 77 38 1.0
77 72 0 77 38 1.0
77 73 0 77 0 1.0
77 74 0 77 0 1.0
77 75 0 77 0 1.0
77 76 0 77 0 1.0
77 78 0 77 0 1.0
77 79 0 77 0 1.0
78 0 24 78 51 1.0
78 1 13 78 39 1.0
78 2 0 78 2 1.0
78 3 0 78 3 1.0
78 4 0 78 4 1.0
78 5 0 78 5 1.0
78 6 20 78 1 1.0
78 7 0 78 38 1.0
78 8 19 78 0 1.0
78 9 20 78 1 1.0
78 10 25 78 44 1.0
78 11 20 78 1 1.0
78 12 0 78 38 1.0
78 14 0 78 38 1.0
78 15 0 78 38 1.0
78 16 0 78 38 1.0
78 17 0 78 38 1.0
78 18 0 78 18 1.0
78 19 0 78 19 1.0
78 20 0 78 20 1.0
78 21 0 78 21 1.0
78 22 0 78 22 1.0
78 23 0 78 23 1.0
78 24 0 78 0 1.0
78 25 0 78 0 1.0
78 26 0 78 0 1.0
78 27 0 78 0 1.0
78 28 0 78 0 1.0
78 29 12 78 45 1.0
78 30 0 78 0 1.0
78 31 6 78 18 1.0
78 32 6 78 18 1.0
78 33 6 78 18 1.0
78 34 6 78 18 1.0
78 35 6 78 18 1.0
78 36 6 78 18 1.0
78 37 6 78 18 1.0
78 38 0 78 38 1.0
78 39 0 78 39 1.0
78 40 0 78 40 1.0
78 41 0 78 41 1.0
78 42 0 78 42 1.0
78 43 0 78 43 1.0
78 44 0 78 44 1.0
78 45 0 78 45 1.0
78 46 0 78 46 1.0
78 47 0 78 47 1.0
78 48 0 78 48 1.0
78 49 0 78 49 1.0
78 50 0 78 50 1.0
78 51 0 78 51 1.0
78 52 6 78 18 1.0
78 53 0 78 0 1.0
78 54 0 78 0 1.0
78 55 0 78 0 1.0
78 56 4 78 4 1.0
78 57 0 78 0 1.0
78 58 14 78 46 1.0
78 59 7 78 2 1.0
78 60 5 78 43 1.0
78 61 6 78 1 1.0
78 62 6 78 1 1.0
78 63 6 78 1 1.0
78 64 6 78 1 1.0
78 65 6 78 1 1.0
78 67 0 78 38 1.0
78 68 0 78 38 1.0
78 69 0 78 38 1.0
78 70 0 78 38 1.0
78 71 0 78 38 1.0
78 72 0 78 38 1.0
78 73 0 78 0 1.0
78 74 0 78 0 1.0
78 75 0 78 0 1.0
78 76 0 78 0 1.0
78 77 15 78 41 1.0
78 79 1 78 1 1.0
79 0 0 79 0 1.0
79 1 0 79 1 1.0
79 2 0 79 2 1.0
79 3 0 79 3 1.0
79 4 0 79 4 1.0
79 5 0 79 5 1.0
79 6 25 79 44 1.0
79 7 25 79 44 1.0
79 8 0 79 38 1.0
79 9 0 79 38 1.0
79 10 19 79 0 1.0
79 11 20 79 1 1.0
79 12 2 79 40 1.0
79 14 0 79 38 1.0
79 15 16 79 2 1.0
79 16 0 79 38 1.0
79 17 0 79 38 1.0
79 18 0 79 18 1.0
79 19 0 79 19 1.0
79 20 0 79 20 1.0
79 21 0 79 21 1.0
79 22 0 79 22 1.0
79 23 0 79 23 1.0
79 24 0 79 0 1.0
79 25 0 79 0 1.0
79 26 0 79 0 1.0
79 27 0 79 0 1.0
79 28 0 79 0 1.0
79 29 1 79 1 1.0
79 30 0 79 0 1.0
79 31 6 79 18 1.0
79 32 6 79 18 1.0
79 33 6 79 18 1.0
79 34 6 79 18 1.0
79 35 6 79 18 1.0
79 36 6 79 18 1.0
79 37 12 79 46 1.0
79 38 0 79 38 1.0
79 39 0 79 39 1.0
79 40 0 79 40 1.0
79 41 0 79 41 1.0
79 42 0 79 42 1.0
79 43 0 79 43 1.0
79 44 0 79 44 1.0
79 45 0 79 45 1.0
79 46 0 79 46 1.0
79 47 0 79 47 1.0
79 48 0 79 48 1.0
79 49 0 79 49 1.0
79 50 0 79 50 1.0
79 51 0 79 51 1.0
79 52 20 79 39 1.0
79 53 0 79 0 1.0
79 54 0 79 0 1.0
79 55 0 79 0 1.0
79 56 0 79 0 1.0
79 57 0 79 0 1.0
79 58 0 79 0 1.0
79 59 6 79 1 1.0
79 60 6 79 1 1.0
79 61 6 79 1 1.0
79 62 6 79 1 1.0
79 63 6 79 1 1.0
79 64 1 79 39 0.328125
79 64 5 79 43 0.34375
79 64 8 79 3 0.328125
79 65 10 79 5 1.0
79 67 0 79 38 1.0
79 68 0 79 38 1.0
79 69 0 79 38 1.0
79 70 0 79 38 1.0
79 71 0 79 38 1.0
79 72 0 79 38 1.0
79 73 0 79 0 1.0
79 74 0 79 0 1.0
79 75 0 79 0 1.0
79 76 0 79 0 1.0
79 77 0 79 0 1.0
79 78 0 79 0 1.0
