0_45625_100000_100_0_0 25 75 0.554106 0.131143 0.537027 10.0413 310.666 1.85559
0_45625_100000_100_0_0 25 75 50 1547024 35489233500 22940.3 30940.5 709784670 1.30654e+09
0_45625_100000_100_1_1 25 75 0.554106 0.131143 0.537027 10.0413 310.666 1.85559
0_45625_100000_100_1_1 25 75 50 1547024 35489233500 22940.3 30940.5 709784670 1.30654e+09
0_45625_100000_100_2_2 25 75 0.55309 0.130176 0.539055 10.0297 309.218 1.87247
0_45625_100000_100_2_2 25 75 50 1547023 35489211000 22940.3 30940.5 709784220 1.36813e+09
0_45625_100000_100_3_3 25 75 0.584236 0.130802 0.539148 9.96538 311.512 1.87106
0_45625_100000_100_3_3 25 75 50 1547023 35489217000 22940.3 30940.5 709784340 1.39209e+09
0_45625_100000_100_4_4 25 75 0.547927 0.131653 0.543018 9.82943 301.172 1.84783
0_45625_100000_100_4_4 25 75 50 1547025 35489253000 22940.3 30940.5 709785060 1.30833e+09
0_45625_100000_100_5_5 25 75 0.564723 0.131389 0.540907 9.69988 340.074 1.788
0_45625_100000_100_5_5 25 75 50 1547021 35489155500 22940.3 30940.4 709783110 1.33835e+09
0_45625_100000_100_6_6 25 75 0.566586 0.13068 0.543724 10.1165 323.427 1.93336
0_45625_100000_100_6_6 25 75 50 1547024 35489248500 22940.3 30940.5 709784970 1.36586e+09
0_45625_100000_100_7_7 25 75 0.527395 0.131065 0.536853 9.61361 307.746 1.78836
0_45625_100000_100_7_7 25 75 50 1547023 35489197500 22940.3 30940.5 709783950 1.28795e+09
0_45625_100000_100_8_8 25 75 0.548303 0.130785 0.541729 9.85115 306.714 1.83847
0_45625_100000_100_8_8 25 75 50 1547021 35489163000 22940.3 30940.4 709783260 1.32832e+09
0_45625_100000_100_9_9 25 75 0.562453 0.130831 0.541103 10.034 338.219 1.89638
0_45625_100000_100_9_9 25 75 50 1547025 35489250000 22940.3 30940.5 709785000 1.40405e+09
