12_75_100_1000_0_0 250 750 0.619746 0.123171 4.57356 9.93078 160.206 7.21993
12_75_100_1000_0_0 250 750 500 4015427 52991658000 13197 8030.85 105983316 1.05482e+08
12_75_100_1000_1_1 250 750 0.619746 0.123171 4.57356 9.93078 160.206 7.21993
12_75_100_1000_1_1 250 750 500 4015427 52991658000 13197 8030.85 105983316 1.05482e+08
12_75_100_1000_2_2 250 750 0.622854 0.12312 4.64187 9.95946 250.237 7.25696
12_75_100_1000_2_2 250 750 500 4015962 52998601500 13197 8031.92 105997203 1.06094e+08
12_75_100_1000_3_3 250 750 0.620902 0.123214 4.60084 9.92618 439.995 7.23044
12_75_100_1000_3_3 250 750 500 4015642 52987122000 13195.2 8031.28 105974244 1.0558e+08
12_75_100_1000_4_4 250 750 0.622439 0.123148 4.58785 9.95699 1489.99 7.22603
12_75_100_1000_4_4 250 750 500 4016107 52999395000 13196.7 8032.21 105998790 1.05522e+08
12_75_100_1000_5_5 250 750 0.620881 0.123155 4.60683 9.9433 780.053 7.21554
12_75_100_1000_5_5 250 750 500 4015699 52994836500 13196.9 8031.4 105989673 1.05601e+08
12_75_100_1000_6_6 250 750 0.619236 0.123124 4.60237 9.94269 240.17 7.22842
12_75_100_1000_6_6 250 750 500 4015801 52996986000 13197.1 8031.6 105993972 1.05223e+08
12_75_100_1000_7_7 250 750 0.621338 0.123109 4.59634 9.99845 110.206 7.26738
12_75_100_1000_7_7 250 750 500 4016025 52995165000 13195.9 8032.05 105990330 1.06062e+08
12_75_100_1000_8_8 250 750 0.621566 0.123266 4.58162 9.96743 110.44 7.24122
12_75_100_1000_8_8 250 750 500 4015508 52990155000 13196.4 8031.02 105980310 1.0554e+08
12_75_100_1000_9_9 250 750 0.623267 0.123151 4.63354 9.94303 760.082 7.25089
12_75_100_1000_9_9 250 750 500 4015508 52991914500 13196.8 8031.02 105983829 1.06101e+08
