41_938_10000_200_0_49 50 150 0.482859 0.139869 0.830751 10.0194 165.187 3.94958
41_938_10000_200_0_49 50 150 100 1329682 46787581500 35187 13296.8 467875815 2.18084e+09
41_938_10000_200_50_99 50 150 0.493066 0.139921 0.845145 10.0883 168.946 4.06595
41_938_10000_200_50_99 50 150 100 1330389 46862796000 35224.9 13303.9 468627960 2.31043e+09
41_938_10000_200_100_149 50 150 0.490641 0.139911 0.824703 10.0095 199.445 3.96036
41_938_10000_200_100_149 50 150 100 1330800 46741608000 35122.9 13308 467416080 2.28811e+09
41_938_10000_200_150_199 50 150 0.516556 0.142417 0.894513 10.3246 242.024 4.31933
41_938_10000_200_150_199 50 150 100 1330984 47017338000 35325.2 13309.8 470173380 2.47586e+09
41_938_10000_200_200_249 50 150 0.487692 0.141018 0.849421 10.0473 409.511 4.00645
41_938_10000_200_200_249 50 150 100 1331829 47004099000 35292.9 13318.3 470040990 2.28942e+09
41_938_10000_200_250_299 50 150 0.487944 0.139931 0.841845 10.0394 199.878 4.03392
41_938_10000_200_250_299 50 150 100 1331239 46998426000 35304.3 13312.4 469984260 2.34197e+09
41_938_10000_200_300_349 50 150 0.496054 0.139526 0.833673 10.0624 190.03 4.02095
41_938_10000_200_300_349 50 150 100 1332022 46815309000 35146 13320.2 468153090 2.33844e+09
41_938_10000_200_350_399 50 150 0.511569 0.140796 0.88526 10.2451 295.194 4.25962
41_938_10000_200_350_399 50 150 100 1331748 46868475000 35193.2 13317.5 468684750 2.46345e+09
41_938_10000_200_400_449 50 150 0.521274 0.140569 0.883052 10.3379 251.236 4.29224
41_938_10000_200_400_449 50 150 100 1332080 46878697500 35192.1 13320.8 468786975 2.42644e+09
41_938_10000_200_450_499 50 150 0.477796 0.137074 0.809833 9.98192 141.306 3.88556
41_938_10000_200_450_499 50 150 100 1332043 46406137500 34838.3 13320.4 464061375 2.13955e+09
