16_1875_10000_640_0_0 160 480 0.815567 0.135805 0.721751 10.5993 727.378 3.7173
16_1875_10000_640_0_0 160 480 320 671957 23443500000 34888.4 2099.87 7.32609e+07 6.65777e+08
16_1875_10000_640_1_1 160 480 0.815567 0.135805 0.721751 10.5993 727.378 3.7173
16_1875_10000_640_1_1 160 480 320 671957 23443500000 34888.4 2099.87 7.32609e+07 6.65777e+08
16_1875_10000_640_2_2 160 480 0.787771 0.136539 0.738894 10.6845 717.849 3.77317
16_1875_10000_640_2_2 160 480 320 671687 23451031500 34913.6 2099.02 7.32845e+07 6.311e+08
16_1875_10000_640_3_3 160 480 0.882855 0.137904 0.774058 11.0918 1074.55 4.10963
16_1875_10000_640_3_3 160 480 320 671514 23547220500 35065.9 2098.48 7.35851e+07 6.99918e+08
16_1875_10000_640_4_4 160 480 0.825955 0.138987 0.782323 11.0935 675.009 4.06363
16_1875_10000_640_4_4 160 480 320 671445 23568705000 35101.5 2098.27 7.36522e+07 7.09711e+08
16_1875_10000_640_5_5 160 480 0.756501 0.136292 0.718694 10.5259 686.331 3.69073
16_1875_10000_640_5_5 160 480 320 671494 23430571500 34893.2 2098.42 7.32205e+07 4.99481e+08
16_1875_10000_640_6_6 160 480 0.838898 0.135743 0.717813 10.7125 731.814 3.65964
16_1875_10000_640_6_6 160 480 320 671044 23419284000 34899.8 2097.01 7.31853e+07 6.37568e+08
16_1875_10000_640_7_7 160 480 0.8869 0.136293 0.718278 10.8358 742.314 3.74323
16_1875_10000_640_7_7 160 480 320 670501 23468647500 35001.7 2095.32 7.33395e+07 6.61685e+08
16_1875_10000_640_8_8 160 480 0.813562 0.137111 0.768593 11.0919 710.086 4.03429
16_1875_10000_640_8_8 160 480 320 670750 23422525500 34919.9 2096.09 7.31954e+07 6.41305e+08
16_1875_10000_640_9_9 160 480 0.883619 0.135163 0.700499 10.4382 1080.18 3.48209
16_1875_10000_640_9_9 160 480 320 671353 23444805000 34921.7 2097.98 7.3265e+07 7.04062e+08
