63_25_100_200_0_49 50 150 0.503337 0.115273 0.603084 10.022 255.971 3.1441
63_25_100_200_0_49 50 150 100 2048397 71112009000 34715.9 20484 711120090 3.7797e+09
63_25_100_200_50_99 50 150 0.492638 0.115483 0.601103 9.98141 466.235 3.10279
63_25_100_200_50_99 50 150 100 2048365 71182626000 34750.9 20483.7 711826260 3.60283e+09
63_25_100_200_100_149 50 150 0.51327 0.113774 0.588846 9.95871 201.816 3.01071
63_25_100_200_100_149 50 150 100 2048260 71038279500 34682.3 20482.6 710382795 3.66563e+09
63_25_100_200_150_199 50 150 0.546683 0.116093 0.620581 10.2642 217.136 3.30665
63_25_100_200_150_199 50 150 100 2049538 71510266500 34890.9 20495.4 715102665 4.04086e+09
63_25_100_200_200_249 50 150 0.489293 0.116122 0.609363 9.94488 203.7 3.13861
63_25_100_200_200_249 50 150 100 2050300 71494434000 34870.2 20503 714944340 3.68782e+09
63_25_100_200_250_299 50 150 0.517439 0.115937 0.605147 10.0202 219.136 3.15201
63_25_100_200_250_299 50 150 100 2008076 69966849000 34842.7 20080.8 699668490 3.6461e+09
63_25_100_200_300_349 50 150 0.475317 0.115105 0.59162 9.70391 194.653 2.98918
63_25_100_200_300_349 50 150 100 2050135 71219578500 34739 20501.3 712195785 3.66466e+09
63_25_100_200_350_399 50 150 0.485875 0.115559 0.604469 9.93924 209.928 3.08902
63_25_100_200_350_399 50 150 100 2050835 71420800500 34825.2 20508.3 714208005 3.72577e+09
63_25_100_200_400_449 50 150 0.498137 0.115991 0.600382 9.90111 229.665 3.05242
63_25_100_200_400_449 50 150 100 2051549 71289558000 34749.1 20515.5 712895580 3.65148e+09
63_25_100_200_450_499 50 150 0.499542 0.114455 0.597449 9.95982 240.672 3.07312
63_25_100_200_450_499 50 150 100 2050274 70895313000 34578.5 20502.7 708953130 3.73498e+09
