0 14 49 0 73 0.015625
0 14 50 0 73 0.015625
0 14 51 0 73 0.015625
0 14 52 0 73 0.015625
0 14 54 0 73 0.015625
0 14 55 0 73 0.015625
0 14 56 0 74 0.015625
0 14 57 0 74 0.015625
0 14 58 0 74 0.015625
0 14 59 0 74 0.015625
0 14 61 0 74 0.015625
0 14 62 0 74 0.015625
0 14 63 0 75 0.015625
0 14 64 0 75 0.015625
0 14 65 0 75 0.015625
0 14 66 0 75 0.015625
0 14 68 0 75 0.015625
0 14 69 0 75 0.015625
0 14 70 0 76 0.015625
0 14 71 0 76 0.015625
0 14 72 0 76 0.03125
0 14 73 0 76 0.03125
0 14 75 0 76 0.03125
0 14 76 0 76 0.03125
0 14 77 0 77 0.03125
0 14 78 0 77 0.03125
0 14 79 0 77 0.03125
0 14 80 0 77 0.03125
0 14 82 0 77 0.03125
0 14 83 0 77 0.03125
0 14 84 0 78 0.03125
0 14 85 0 78 0.03125
0 14 86 0 78 0.03125
0 14 87 0 78 0.03125
0 14 89 0 78 0.03125
0 14 90 0 78 0.03125
0 14 91 0 79 0.03125
0 14 92 0 79 0.03125
0 14 93 0 79 0.03125
0 14 94 0 79 0.03125
0 14 96 0 79 0.03125
0 14 97 0 79 0.03125
0 29 0 0 29 0.296875
0 29 1 0 54 0.140625
0 29 2 0 52 0.125
0 29 3 0 53 0.125
0 29 4 0 55 0.125
0 29 5 0 56 0.03125
0 29 6 0 57 0.125
0 29 7 0 58 0.03125
0 36 0 0 25 0.03125
0 36 1 0 24 0.0625
0 36 2 0 26 0.0625
0 36 3 0 27 0.046875
0 36 4 0 54 0.125
0 36 5 0 28 0.046875
0 36 6 0 29 0.046875
0 36 7 0 30 0.046875
0 36 8 0 52 0.125
0 36 9 0 53 0.125
0 36 10 0 55 0.125
0 36 11 0 56 0.015625
0 36 12 0 57 0.125
0 36 13 0 58 0.015625
0 42 0 0 73 0.15625
0 42 1 0 74 0.140625
0 42 2 0 75 0.140625
0 42 3 0 76 0.140625
0 42 4 0 77 0.140625
0 42 5 0 78 0.140625
0 42 6 0 79 0.140625
4 14 49 4 73 0.015625
4 14 50 4 73 0.015625
4 14 51 4 73 0.015625
4 14 52 4 73 0.015625
4 14 54 4 73 0.015625
4 14 55 4 73 0.015625
4 14 56 4 74 0.015625
4 14 57 4 74 0.015625
4 14 58 4 74 0.015625
4 14 59 4 74 0.015625
4 14 61 4 74 0.015625
4 14 62 4 74 0.015625
4 14 63 4 75 0.015625
4 14 64 4 75 0.015625
4 14 65 4 75 0.015625
4 14 66 4 75 0.015625
4 14 68 4 75 0.015625
4 14 69 4 75 0.015625
4 14 70 4 76 0.015625
4 14 71 4 76 0.015625
4 14 72 4 76 0.03125
4 14 73 4 76 0.03125
4 14 75 4 76 0.03125
4 14 76 4 76 0.03125
4 14 77 4 77 0.03125
4 14 78 4 77 0.03125
4 14 79 4 77 0.03125
4 14 80 4 77 0.03125
4 14 82 4 77 0.03125
4 14 83 4 77 0.03125
4 14 84 4 78 0.03125
4 14 85 4 78 0.03125
4 14 86 4 78 0.03125
4 14 87 4 78 0.03125
4 14 89 4 78 0.03125
4 14 90 4 78 0.03125
4 14 91 4 79 0.03125
4 14 92 4 79 0.03125
4 14 93 4 79 0.03125
4 14 94 4 79 0.03125
4 14 96 4 79 0.03125
4 14 97 4 79 0.03125
4 29 0 4 29 0.296875
4 29 1 4 54 0.140625
4 29 2 4 52 0.125
4 29 3 4 53 0.125
4 29 4 4 55 0.125
4 29 5 4 56 0.03125
4 29 6 4 57 0.125
4 29 7 4 58 0.03125
4 36 0 4 25 0.03125
4 36 1 4 24 0.0625
4 36 2 4 26 0.0625
4 36 3 4 27 0.046875
4 36 4 4 54 0.125
4 36 5 4 28 0.046875
4 36 6 4 29 0.046875
4 36 7 4 30 0.046875
4 36 8 4 52 0.125
4 36 9 4 53 0.125
4 36 10 4 55 0.125
4 36 11 4 56 0.015625
4 36 12 4 57 0.125
4 36 13 4 58 0.015625
4 42 0 4 73 0.15625
4 42 1 4 74 0.140625
4 42 2 4 75 0.140625
4 42 3 4 76 0.140625
4 42 4 4 77 0.140625
4 42 5 4 78 0.140625
4 42 6 4 79 0.140625
5 14 49 5 73 0.015625
5 14 50 5 73 0.015625
5 14 51 5 73 0.015625
5 14 52 5 73 0.015625
5 14 54 5 73 0.015625
5 14 55 5 73 0.015625
5 14 56 5 74 0.015625
5 14 57 5 74 0.015625
5 14 58 5 74 0.015625
5 14 59 5 74 0.015625
5 14 61 5 74 0.015625
5 14 62 5 74 0.015625
5 14 63 5 75 0.015625
5 14 64 5 75 0.015625
5 14 65 5 75 0.015625
5 14 66 5 75 0.015625
5 14 68 5 75 0.015625
5 14 69 5 75 0.015625
5 14 70 5 76 0.015625
5 14 71 5 76 0.015625
5 14 72 5 76 0.03125
5 14 73 5 76 0.03125
5 14 75 5 76 0.03125
5 14 76 5 76 0.03125
5 14 77 5 77 0.03125
5 14 78 5 77 0.03125
5 14 79 5 77 0.03125
5 14 80 5 77 0.03125
5 14 82 5 77 0.03125
5 14 83 5 77 0.03125
5 14 84 5 78 0.03125
5 14 85 5 78 0.03125
5 14 86 5 78 0.03125
5 14 87 5 78 0.03125
5 14 89 5 78 0.03125
5 14 90 5 78 0.03125
5 14 91 5 79 0.03125
5 14 92 5 79 0.03125
5 14 93 5 79 0.03125
5 14 94 5 79 0.03125
5 14 96 5 79 0.03125
5 14 97 5 79 0.03125
5 29 0 5 29 0.296875
5 29 1 5 54 0.140625
5 29 2 5 52 0.125
5 29 3 5 53 0.125
5 29 4 5 55 0.125
5 29 5 5 56 0.03125
5 29 6 5 57 0.125
5 29 7 5 58 0.03125
5 36 0 5 25 0.03125
5 36 1 5 24 0.0625
5 36 2 5 26 0.0625
5 36 3 5 27 0.046875
5 36 4 5 54 0.125
5 36 5 5 28 0.046875
5 36 6 5 29 0.046875
5 36 7 5 30 0.046875
5 36 8 5 52 0.125
5 36 9 5 53 0.125
5 36 10 5 55 0.125
5 36 11 5 56 0.015625
5 36 12 5 57 0.125
5 36 13 5 58 0.015625
5 42 0 5 73 0.15625
5 42 1 5 74 0.140625
5 42 2 5 75 0.140625
5 42 3 5 76 0.140625
5 42 4 5 77 0.140625
5 42 5 5 78 0.140625
5 42 6 5 79 0.140625
8 14 8 8 66 0.15625
8 14 9 8 67 0.140625
8 14 10 8 68 0.140625
8 14 11 8 69 0.140625
8 14 12 8 70 0.140625
8 14 13 8 71 0.140625
8 14 14 8 72 0.140625
8 29 0 8 59 0.046875
8 29 1 8 60 0.0625
8 29 2 8 61 0.09375
8 29 3 8 62 0.09375
8 29 4 8 63 0.09375
8 29 5 8 64 0.09375
8 29 6 8 65 0.09375
8 29 7 8 31 0.046875
8 29 8 8 32 0.046875
8 29 9 8 33 0.0625
8 29 10 8 34 0.0625
8 29 11 8 35 0.078125
8 29 12 8 36 0.0625
8 29 13 8 37 0.0625
8 36 0 8 36 0.09375
8 36 1 8 59 0.09375
8 36 2 8 60 0.09375
8 36 3 8 61 0.15625
8 36 4 8 62 0.140625
8 36 5 8 63 0.140625
8 36 6 8 64 0.140625
8 36 7 8 65 0.140625
8 42 0 8 16 0.015625
8 42 1 8 12 0.015625
8 42 2 8 13 0.015625
8 42 3 8 14 0.015625
8 42 4 8 15 0.015625
8 42 5 8 17 0.015625
8 42 6 8 66 0.140625
8 42 7 8 67 0.140625
8 42 8 8 68 0.125
8 42 9 8 69 0.125
8 42 10 8 70 0.125
8 42 11 8 71 0.125
8 42 12 8 72 0.125
9 14 8 9 66 0.15625
9 14 9 9 67 0.140625
9 14 10 9 68 0.140625
9 14 11 9 69 0.140625
9 14 12 9 70 0.140625
9 14 13 9 71 0.140625
9 14 14 9 72 0.140625
9 29 0 9 59 0.046875
9 29 1 9 60 0.0625
9 29 2 9 61 0.09375
9 29 3 9 62 0.09375
9 29 4 9 63 0.09375
9 29 5 9 64 0.09375
9 29 6 9 65 0.09375
9 29 7 9 31 0.046875
9 29 8 9 32 0.046875
9 29 9 9 33 0.0625
9 29 10 9 34 0.0625
9 29 11 9 35 0.078125
9 29 12 9 36 0.0625
9 29 13 9 37 0.0625
9 36 0 9 36 0.09375
9 36 1 9 59 0.09375
9 36 2 9 60 0.09375
9 36 3 9 61 0.15625
9 36 4 9 62 0.140625
9 36 5 9 63 0.140625
9 36 6 9 64 0.140625
9 36 7 9 65 0.140625
9 42 0 9 16 0.015625
9 42 1 9 12 0.015625
9 42 2 9 13 0.015625
9 42 3 9 14 0.015625
9 42 4 9 15 0.015625
9 42 5 9 17 0.015625
9 42 6 9 66 0.140625
9 42 7 9 67 0.140625
9 42 8 9 68 0.125
9 42 9 9 69 0.125
9 42 10 9 70 0.125
9 42 11 9 71 0.125
9 42 12 9 72 0.125
10 14 8 10 66 0.15625
10 14 9 10 67 0.140625
10 14 10 10 68 0.140625
10 14 11 10 69 0.140625
10 14 12 10 70 0.140625
10 14 13 10 71 0.140625
10 14 14 10 72 0.140625
10 29 0 10 59 0.046875
10 29 1 10 60 0.0625
10 29 2 10 61 0.09375
10 29 3 10 62 0.09375
10 29 4 10 63 0.09375
10 29 5 10 64 0.09375
10 29 6 10 65 0.09375
10 29 7 10 31 0.046875
10 29 8 10 32 0.046875
10 29 9 10 33 0.0625
10 29 10 10 34 0.0625
10 29 11 10 35 0.078125
10 29 12 10 36 0.0625
10 29 13 10 37 0.0625
10 36 0 10 36 0.09375
10 36 1 10 59 0.09375
10 36 2 10 60 0.09375
10 36 3 10 61 0.15625
10 36 4 10 62 0.140625
10 36 5 10 63 0.140625
10 36 6 10 64 0.140625
10 36 7 10 65 0.140625
10 42 0 10 16 0.015625
10 42 1 10 12 0.015625
10 42 2 10 13 0.015625
10 42 3 10 14 0.015625
10 42 4 10 15 0.015625
10 42 5 10 17 0.015625
10 42 6 10 66 0.140625
10 42 7 10 67 0.140625
10 42 8 10 68 0.125
10 42 9 10 69 0.125
10 42 10 10 70 0.125
10 42 11 10 71 0.125
10 42 12 10 72 0.125
25 14 0 25 59 0.015625
25 14 1 25 60 0.015625
25 14 2 25 61 0.203125
25 14 3 25 62 0.203125
25 14 4 25 63 0.1875
25 14 5 25 64 0.1875
25 14 6 25 65 0.1875
25 29 0 25 0 0.03125
25 29 1 25 54 0.015625
25 29 2 25 52 0.015625
25 29 3 25 53 0.015625
25 29 4 25 55 0.015625
25 29 5 25 56 0.03125
25 29 6 25 57 0.03125
25 29 7 25 58 0.03125
25 29 8 25 1 0.0625
25 29 9 25 2 0.0625
25 29 10 25 3 0.0625
25 29 11 25 4 0.03125
25 29 12 25 5 0.03125
25 29 13 25 59 0.03125
25 29 14 25 60 0.03125
25 29 15 25 61 0.03125
25 29 16 25 62 0.03125
25 29 17 25 63 0.03125
25 29 18 25 64 0.03125
25 29 19 25 65 0.03125
25 29 20 25 31 0.046875
25 29 21 25 32 0.046875
25 29 22 25 33 0.046875
25 29 23 25 34 0.046875
25 29 24 25 35 0.0625
25 29 25 25 36 0.046875
25 29 26 25 37 0.046875
25 36 0 25 36 0.0625
25 36 1 25 54 0.0625
25 36 2 25 52 0.0625
25 36 3 25 53 0.0625
25 36 4 25 55 0.0625
25 36 5 25 56 0.0625
25 36 6 25 57 0.0625
25 36 7 25 58 0.0625
25 36 8 25 59 0.0625
25 36 9 25 60 0.046875
25 36 10 25 61 0.078125
25 36 11 25 62 0.078125
25 36 12 25 63 0.078125
25 36 13 25 64 0.078125
25 36 14 25 65 0.078125
25 42 0 25 0 0.03125
25 42 1 25 0 0.03125
25 42 2 25 0 0.03125
25 42 3 25 0 0.03125
25 42 4 25 0 0.03125
25 42 5 25 0 0.03125
25 42 6 25 0 0.03125
25 42 7 25 1 0.015625
25 42 8 25 1 0.015625
25 42 9 25 1 0.015625
25 42 10 25 1 0.015625
25 42 11 25 1 0.015625
25 42 12 25 1 0.015625
25 42 13 25 1 0.015625
25 42 14 25 2 0.015625
25 42 15 25 2 0.015625
25 42 16 25 2 0.015625
25 42 17 25 2 0.015625
25 42 18 25 2 0.015625
25 42 19 25 2 0.015625
25 42 20 25 2 0.015625
25 42 21 25 3 0.015625
25 42 22 25 3 0.015625
25 42 23 25 3 0.015625
25 42 24 25 3 0.015625
25 42 25 25 3 0.015625
25 42 26 25 3 0.015625
25 42 27 25 3 0.015625
25 42 28 25 4 0.03125
25 42 29 25 4 0.03125
25 42 30 25 4 0.03125
25 42 31 25 4 0.03125
25 42 32 25 4 0.03125
25 42 33 25 4 0.015625
25 42 34 25 4 0.015625
25 42 35 25 5 0.015625
25 42 36 25 5 0.015625
25 42 37 25 5 0.015625
25 42 38 25 5 0.015625
25 42 39 25 5 0.015625
25 42 40 25 5 0.015625
25 42 41 25 5 0.015625
25 42 42 25 59 0.015625
25 42 43 25 59 0.015625
25 42 44 25 59 0.015625
25 42 46 25 59 0.015625
25 42 47 25 59 0.015625
25 42 48 25 60 0.015625
25 42 49 25 60 0.015625
25 42 50 25 60 0.015625
25 42 52 25 60 0.015625
25 42 53 25 60 0.015625
33 14 0 33 59 0.078125
33 14 1 33 60 0.078125
33 14 2 33 61 0.125
33 14 3 33 62 0.109375
33 14 4 33 63 0.109375
33 14 5 33 64 0.109375
33 14 6 33 65 0.109375
33 14 7 33 6 0.046875
33 14 8 33 7 0.046875
33 14 9 33 8 0.046875
33 14 10 33 9 0.046875
33 14 11 33 10 0.046875
33 14 12 33 11 0.046875
33 29 0 33 29 0.0625
33 29 1 33 54 0.03125
33 29 2 33 52 0.046875
33 29 3 33 53 0.046875
33 29 4 33 55 0.046875
33 29 5 33 56 0.0625
33 29 6 33 57 0.046875
33 29 7 33 58 0.0625
33 29 8 33 59 0.0625
33 29 9 33 60 0.0625
33 29 10 33 61 0.09375
33 29 11 33 62 0.09375
33 29 12 33 63 0.09375
33 29 13 33 64 0.09375
33 29 14 33 65 0.09375
33 36 0 33 25 0.046875
33 36 1 33 24 0.03125
33 36 2 33 26 0.03125
33 36 3 33 27 0.015625
33 36 4 33 54 0.03125
33 36 5 33 28 0.015625
33 36 6 33 29 0.046875
33 36 7 33 30 0.015625
33 36 8 33 52 0.03125
33 36 9 33 53 0.03125
33 36 10 33 55 0.03125
33 36 11 33 56 0.03125
33 36 12 33 57 0.03125
33 36 13 33 58 0.03125
33 36 14 33 59 0.046875
33 36 15 33 60 0.046875
33 36 16 33 61 0.03125
33 36 17 33 62 0.03125
33 36 18 33 63 0.03125
33 36 19 33 64 0.03125
33 36 20 33 65 0.03125
33 36 21 33 6 0.0625
33 36 22 33 7 0.0625
33 36 23 33 8 0.046875
33 36 24 33 9 0.046875
33 36 25 33 10 0.046875
33 36 26 33 11 0.0625
33 42 3 33 59 0.015625
33 42 9 33 60 0.015625
33 42 45 33 6 0.015625
33 42 48 33 6 0.015625
33 42 49 33 6 0.015625
33 42 50 33 6 0.015625
33 42 51 33 6 0.015625
33 42 52 33 6 0.015625
33 42 53 33 6 0.015625
33 42 54 33 6 0.015625
33 42 58 33 7 0.015625
33 42 62 33 7 0.015625
33 42 63 33 7 0.015625
33 42 64 33 7 0.015625
33 42 65 33 7 0.015625
33 42 66 33 7 0.015625
33 42 67 33 7 0.015625
33 42 68 33 8 0.015625
33 42 69 33 8 0.015625
33 42 70 33 8 0.015625
33 42 71 33 8 0.015625
33 42 72 33 8 0.015625
33 42 73 33 8 0.015625
33 42 74 33 8 0.015625
33 42 75 33 8 0.015625
33 42 76 33 8 0.015625
33 42 77 33 8 0.015625
33 42 78 33 8 0.015625
33 42 79 33 8 0.015625
33 42 80 33 8 0.015625
33 42 81 33 9 0.015625
33 42 82 33 9 0.015625
33 42 83 33 9 0.015625
33 42 84 33 9 0.015625
33 42 85 33 9 0.015625
33 42 86 33 9 0.015625
33 42 87 33 9 0.015625
33 42 88 33 9 0.015625
33 42 89 33 9 0.015625
33 42 90 33 9 0.015625
33 42 91 33 9 0.015625
33 42 92 33 9 0.015625
33 42 93 33 9 0.015625
33 42 94 33 10 0.015625
33 42 95 33 10 0.015625
33 42 96 33 10 0.015625
33 42 97 33 10 0.015625
33 42 98 33 10 0.015625
33 42 99 33 10 0.015625
33 42 100 33 10 0.015625
33 42 101 33 10 0.015625
33 42 102 33 10 0.015625
33 42 103 33 10 0.015625
33 42 104 33 10 0.015625
33 42 105 33 10 0.015625
33 42 106 33 10 0.015625
33 42 110 33 11 0.015625
33 42 113 33 11 0.015625
33 42 114 33 11 0.015625
33 42 115 33 11 0.015625
33 42 116 33 11 0.015625
33 42 117 33 11 0.015625
33 42 118 33 11 0.015625
33 42 119 33 11 0.015625
34 14 0 34 59 0.078125
34 14 1 34 60 0.078125
34 14 2 34 61 0.125
34 14 3 34 62 0.109375
34 14 4 34 63 0.109375
34 14 5 34 64 0.109375
34 14 6 34 65 0.109375
34 14 7 34 6 0.046875
34 14 8 34 7 0.046875
34 14 9 34 8 0.046875
34 14 10 34 9 0.046875
34 14 11 34 10 0.046875
34 14 12 34 11 0.046875
34 29 0 34 29 0.0625
34 29 1 34 54 0.03125
34 29 2 34 52 0.046875
34 29 3 34 53 0.046875
34 29 4 34 55 0.046875
34 29 5 34 56 0.0625
34 29 6 34 57 0.046875
34 29 7 34 58 0.0625
34 29 8 34 59 0.0625
34 29 9 34 60 0.0625
34 29 10 34 61 0.09375
34 29 11 34 62 0.09375
34 29 12 34 63 0.09375
34 29 13 34 64 0.09375
34 29 14 34 65 0.09375
34 36 0 34 25 0.046875
34 36 1 34 24 0.03125
34 36 2 34 26 0.03125
34 36 3 34 27 0.015625
34 36 4 34 54 0.03125
34 36 5 34 28 0.015625
34 36 6 34 29 0.046875
34 36 7 34 30 0.015625
34 36 8 34 52 0.03125
34 36 9 34 53 0.03125
34 36 10 34 55 0.03125
34 36 11 34 56 0.03125
34 36 12 34 57 0.03125
34 36 13 34 58 0.03125
34 36 14 34 59 0.046875
34 36 15 34 60 0.046875
34 36 16 34 61 0.03125
34 36 17 34 62 0.03125
34 36 18 34 63 0.03125
34 36 19 34 64 0.03125
34 36 20 34 65 0.03125
34 36 21 34 6 0.0625
34 36 22 34 7 0.0625
34 36 23 34 8 0.046875
34 36 24 34 9 0.046875
34 36 25 34 10 0.046875
34 36 26 34 11 0.0625
34 42 3 34 59 0.015625
34 42 9 34 60 0.015625
34 42 45 34 6 0.015625
34 42 48 34 6 0.015625
34 42 49 34 6 0.015625
34 42 50 34 6 0.015625
34 42 51 34 6 0.015625
34 42 52 34 6 0.015625
34 42 53 34 6 0.015625
34 42 54 34 6 0.015625
34 42 58 34 7 0.015625
34 42 62 34 7 0.015625
34 42 63 34 7 0.015625
34 42 64 34 7 0.015625
34 42 65 34 7 0.015625
34 42 66 34 7 0.015625
34 42 67 34 7 0.015625
34 42 68 34 8 0.015625
34 42 69 34 8 0.015625
34 42 70 34 8 0.015625
34 42 71 34 8 0.015625
34 42 72 34 8 0.015625
34 42 73 34 8 0.015625
34 42 74 34 8 0.015625
34 42 75 34 8 0.015625
34 42 76 34 8 0.015625
34 42 77 34 8 0.015625
34 42 78 34 8 0.015625
34 42 79 34 8 0.015625
34 42 80 34 8 0.015625
34 42 81 34 9 0.015625
34 42 82 34 9 0.015625
34 42 83 34 9 0.015625
34 42 84 34 9 0.015625
34 42 85 34 9 0.015625
34 42 86 34 9 0.015625
34 42 87 34 9 0.015625
34 42 88 34 9 0.015625
34 42 89 34 9 0.015625
34 42 90 34 9 0.015625
34 42 91 34 9 0.015625
34 42 92 34 9 0.015625
34 42 93 34 9 0.015625
34 42 94 34 10 0.015625
34 42 95 34 10 0.015625
34 42 96 34 10 0.015625
34 42 97 34 10 0.015625
34 42 98 34 10 0.015625
34 42 99 34 10 0.015625
34 42 100 34 10 0.015625
34 42 101 34 10 0.015625
34 42 102 34 10 0.015625
34 42 103 34 10 0.015625
34 42 104 34 10 0.015625
34 42 105 34 10 0.015625
34 42 106 34 10 0.015625
34 42 110 34 11 0.015625
34 42 113 34 11 0.015625
34 42 114 34 11 0.015625
34 42 115 34 11 0.015625
34 42 116 34 11 0.015625
34 42 117 34 11 0.015625
34 42 118 34 11 0.015625
34 42 119 34 11 0.015625
37 14 0 37 59 0.078125
37 14 1 37 60 0.078125
37 14 2 37 61 0.125
37 14 3 37 62 0.109375
37 14 4 37 63 0.109375
37 14 5 37 64 0.109375
37 14 6 37 65 0.109375
37 14 7 37 6 0.046875
37 14 8 37 7 0.046875
37 14 9 37 8 0.046875
37 14 10 37 9 0.046875
37 14 11 37 10 0.046875
37 14 12 37 11 0.046875
37 29 0 37 29 0.0625
37 29 1 37 54 0.03125
37 29 2 37 52 0.046875
37 29 3 37 53 0.046875
37 29 4 37 55 0.046875
37 29 5 37 56 0.0625
37 29 6 37 57 0.046875
37 29 7 37 58 0.0625
37 29 8 37 59 0.0625
37 29 9 37 60 0.0625
37 29 10 37 61 0.09375
37 29 11 37 62 0.09375
37 29 12 37 63 0.09375
37 29 13 37 64 0.09375
37 29 14 37 65 0.09375
37 36 0 37 25 0.046875
37 36 1 37 24 0.03125
37 36 2 37 26 0.03125
37 36 3 37 27 0.015625
37 36 4 37 54 0.03125
37 36 5 37 28 0.015625
37 36 6 37 29 0.046875
37 36 7 37 30 0.015625
37 36 8 37 52 0.03125
37 36 9 37 53 0.03125
37 36 10 37 55 0.03125
37 36 11 37 56 0.03125
37 36 12 37 57 0.03125
37 36 13 37 58 0.03125
37 36 14 37 59 0.046875
37 36 15 37 60 0.046875
37 36 16 37 61 0.03125
37 36 17 37 62 0.03125
37 36 18 37 63 0.03125
37 36 19 37 64 0.03125
37 36 20 37 65 0.03125
37 36 21 37 6 0.0625
37 36 22 37 7 0.0625
37 36 23 37 8 0.046875
37 36 24 37 9 0.046875
37 36 25 37 10 0.046875
37 36 26 37 11 0.0625
37 42 3 37 59 0.015625
37 42 9 37 60 0.015625
37 42 45 37 6 0.015625
37 42 48 37 6 0.015625
37 42 49 37 6 0.015625
37 42 50 37 6 0.015625
37 42 51 37 6 0.015625
37 42 52 37 6 0.015625
37 42 53 37 6 0.015625
37 42 54 37 6 0.015625
37 42 58 37 7 0.015625
37 42 62 37 7 0.015625
37 42 63 37 7 0.015625
37 42 64 37 7 0.015625
37 42 65 37 7 0.015625
37 42 66 37 7 0.015625
37 42 67 37 7 0.015625
37 42 68 37 8 0.015625
37 42 69 37 8 0.015625
37 42 70 37 8 0.015625
37 42 71 37 8 0.015625
37 42 72 37 8 0.015625
37 42 73 37 8 0.015625
37 42 74 37 8 0.015625
37 42 75 37 8 0.015625
37 42 76 37 8 0.015625
37 42 77 37 8 0.015625
37 42 78 37 8 0.015625
37 42 79 37 8 0.015625
37 42 80 37 8 0.015625
37 42 81 37 9 0.015625
37 42 82 37 9 0.015625
37 42 83 37 9 0.015625
37 42 84 37 9 0.015625
37 42 85 37 9 0.015625
37 42 86 37 9 0.015625
37 42 87 37 9 0.015625
37 42 88 37 9 0.015625
37 42 89 37 9 0.015625
37 42 90 37 9 0.015625
37 42 91 37 9 0.015625
37 42 92 37 9 0.015625
37 42 93 37 9 0.015625
37 42 94 37 10 0.015625
37 42 95 37 10 0.015625
37 42 96 37 10 0.015625
37 42 97 37 10 0.015625
37 42 98 37 10 0.015625
37 42 99 37 10 0.015625
37 42 100 37 10 0.015625
37 42 101 37 10 0.015625
37 42 102 37 10 0.015625
37 42 103 37 10 0.015625
37 42 104 37 10 0.015625
37 42 105 37 10 0.015625
37 42 106 37 10 0.015625
37 42 110 37 11 0.015625
37 42 113 37 11 0.015625
37 42 114 37 11 0.015625
37 42 115 37 11 0.015625
37 42 116 37 11 0.015625
37 42 117 37 11 0.015625
37 42 118 37 11 0.015625
37 42 119 37 11 0.015625
45 14 0 45 38 0.0625
45 14 1 45 39 0.0625
45 14 2 45 40 0.0625
45 14 3 45 41 0.0625
45 14 5 45 43 0.0625
45 14 6 45 44 0.0625
45 14 7 45 66 0.078125
45 14 8 45 67 0.078125
45 14 9 45 68 0.09375
45 14 10 45 69 0.09375
45 14 11 45 70 0.09375
45 14 12 45 71 0.09375
45 14 13 45 72 0.09375
45 29 42 45 18 0.015625
45 29 47 45 18 0.015625
45 29 49 45 18 0.015625
45 29 50 45 18 0.015625
45 29 51 45 18 0.015625
45 29 52 45 18 0.015625
45 29 53 45 18 0.015625
45 29 54 45 18 0.015625
45 29 55 45 19 0.015625
45 29 56 45 19 0.015625
45 29 57 45 19 0.015625
45 29 58 45 19 0.015625
45 29 59 45 19 0.015625
45 29 60 45 19 0.03125
45 29 61 45 19 0.015625
45 29 62 45 19 0.03125
45 29 63 45 19 0.015625
45 29 64 45 19 0.015625
45 29 65 45 19 0.015625
45 29 66 45 19 0.015625
45 29 67 45 19 0.015625
45 29 68 45 20 0.015625
45 29 69 45 20 0.015625
45 29 70 45 20 0.015625
45 29 71 45 20 0.015625
45 29 72 45 20 0.015625
45 29 73 45 20 0.015625
45 29 74 45 20 0.015625
45 29 75 45 20 0.015625
45 29 76 45 20 0.015625
45 29 77 45 20 0.015625
45 29 78 45 20 0.015625
45 29 79 45 20 0.015625
45 29 80 45 20 0.015625
45 29 81 45 21 0.015625
45 29 86 45 21 0.015625
45 29 88 45 21 0.015625
45 29 89 45 21 0.015625
45 29 90 45 21 0.015625
45 29 91 45 21 0.015625
45 29 92 45 21 0.015625
45 29 93 45 21 0.015625
45 29 94 45 22 0.015625
45 29 99 45 22 0.015625
45 29 101 45 22 0.015625
45 29 102 45 22 0.015625
45 29 103 45 22 0.015625
45 29 104 45 22 0.015625
45 29 105 45 22 0.015625
45 29 106 45 22 0.015625
45 29 107 45 23 0.015625
45 29 108 45 23 0.015625
45 29 109 45 23 0.015625
45 29 110 45 23 0.015625
45 29 111 45 23 0.015625
45 29 112 45 23 0.015625
45 29 113 45 23 0.015625
45 29 114 45 23 0.015625
45 29 115 45 23 0.015625
45 29 116 45 23 0.015625
45 29 117 45 23 0.015625
45 29 118 45 23 0.015625
45 36 4 45 18 0.015625
45 36 6 45 18 0.015625
45 36 7 45 19 0.015625
45 36 8 45 19 0.015625
45 36 9 45 19 0.015625
45 36 10 45 19 0.015625
45 36 11 45 19 0.03125
45 36 12 45 19 0.015625
45 36 13 45 19 0.03125
45 36 14 45 20 0.015625
45 36 15 45 20 0.015625
45 36 16 45 20 0.015625
45 36 17 45 20 0.015625
45 36 18 45 20 0.015625
45 36 19 45 20 0.015625
45 36 20 45 20 0.015625
45 36 25 45 21 0.015625
45 36 27 45 21 0.015625
45 36 32 45 22 0.015625
45 36 34 45 22 0.015625
45 36 35 45 23 0.015625
45 36 36 45 23 0.015625
45 36 37 45 23 0.015625
45 36 38 45 23 0.015625
45 36 39 45 23 0.015625
45 36 40 45 23 0.015625
45 36 41 45 23 0.015625
45 36 42 45 66 0.015625
45 36 44 45 66 0.015625
45 36 45 45 66 0.015625
45 36 46 45 66 0.015625
45 36 48 45 67 0.015625
45 36 50 45 67 0.015625
45 36 51 45 67 0.015625
45 36 52 45 67 0.015625
45 36 54 45 68 0.015625
45 36 56 45 68 0.015625
45 36 57 45 68 0.015625
45 36 58 45 68 0.015625
45 36 60 45 69 0.015625
45 36 62 45 69 0.015625
45 36 63 45 69 0.015625
45 36 64 45 69 0.015625
45 36 65 45 69 0.015625
45 36 66 45 70 0.015625
45 36 67 45 70 0.015625
45 36 68 45 70 0.015625
45 36 69 45 70 0.015625
45 36 70 45 70 0.015625
45 36 71 45 70 0.015625
45 36 72 45 71 0.015625
45 36 73 45 71 0.015625
45 36 74 45 71 0.015625
45 36 75 45 71 0.015625
45 36 76 45 71 0.015625
45 36 77 45 71 0.015625
45 36 78 45 72 0.015625
45 36 79 45 72 0.015625
45 36 80 45 72 0.015625
45 36 81 45 72 0.015625
45 36 82 45 72 0.015625
45 36 83 45 72 0.015625
45 42 0 45 42 0.65625
45 42 1 45 73 0.0625
45 42 2 45 74 0.046875
45 42 3 45 75 0.046875
45 42 4 45 76 0.046875
45 42 5 45 77 0.046875
45 42 6 45 78 0.046875
45 42 7 45 79 0.046875
49 14 0 49 38 0.0625
49 14 1 49 39 0.0625
49 14 2 49 40 0.0625
49 14 3 49 41 0.0625
49 14 5 49 43 0.0625
49 14 6 49 44 0.0625
49 14 7 49 66 0.078125
49 14 8 49 67 0.078125
49 14 9 49 68 0.09375
49 14 10 49 69 0.09375
49 14 11 49 70 0.09375
49 14 12 49 71 0.09375
49 14 13 49 72 0.09375
49 29 42 49 18 0.015625
49 29 47 49 18 0.015625
49 29 49 49 18 0.015625
49 29 50 49 18 0.015625
49 29 51 49 18 0.015625
49 29 52 49 18 0.015625
49 29 53 49 18 0.015625
49 29 54 49 18 0.015625
49 29 55 49 19 0.015625
49 29 56 49 19 0.015625
49 29 57 49 19 0.015625
49 29 58 49 19 0.015625
49 29 59 49 19 0.015625
49 29 60 49 19 0.03125
49 29 61 49 19 0.015625
49 29 62 49 19 0.03125
49 29 63 49 19 0.015625
49 29 64 49 19 0.015625
49 29 65 49 19 0.015625
49 29 66 49 19 0.015625
49 29 67 49 19 0.015625
49 29 68 49 20 0.015625
49 29 69 49 20 0.015625
49 29 70 49 20 0.015625
49 29 71 49 20 0.015625
49 29 72 49 20 0.015625
49 29 73 49 20 0.015625
49 29 74 49 20 0.015625
49 29 75 49 20 0.015625
49 29 76 49 20 0.015625
49 29 77 49 20 0.015625
49 29 78 49 20 0.015625
49 29 79 49 20 0.015625
49 29 80 49 20 0.015625
49 29 81 49 21 0.015625
49 29 86 49 21 0.015625
49 29 88 49 21 0.015625
49 29 89 49 21 0.015625
49 29 90 49 21 0.015625
49 29 91 49 21 0.015625
49 29 92 49 21 0.015625
49 29 93 49 21 0.015625
49 29 94 49 22 0.015625
49 29 99 49 22 0.015625
49 29 101 49 22 0.015625
49 29 102 49 22 0.015625
49 29 103 49 22 0.015625
49 29 104 49 22 0.015625
49 29 105 49 22 0.015625
49 29 106 49 22 0.015625
49 29 107 49 23 0.015625
49 29 108 49 23 0.015625
49 29 109 49 23 0.015625
49 29 110 49 23 0.015625
49 29 111 49 23 0.015625
49 29 112 49 23 0.015625
49 29 113 49 23 0.015625
49 29 114 49 23 0.015625
49 29 115 49 23 0.015625
49 29 116 49 23 0.015625
49 29 117 49 23 0.015625
49 29 118 49 23 0.015625
49 36 4 49 18 0.015625
49 36 6 49 18 0.015625
49 36 7 49 19 0.015625
49 36 8 49 19 0.015625
49 36 9 49 19 0.015625
49 36 10 49 19 0.015625
49 36 11 49 19 0.03125
49 36 12 49 19 0.015625
49 36 13 49 19 0.03125
49 36 14 49 20 0.015625
49 36 15 49 20 0.015625
49 36 16 49 20 0.015625
49 36 17 49 20 0.015625
49 36 18 49 20 0.015625
49 36 19 49 20 0.015625
49 36 20 49 20 0.015625
49 36 25 49 21 0.015625
49 36 27 49 21 0.015625
49 36 32 49 22 0.015625
49 36 34 49 22 0.015625
49 36 35 49 23 0.015625
49 36 36 49 23 0.015625
49 36 37 49 23 0.015625
49 36 38 49 23 0.015625
49 36 39 49 23 0.015625
49 36 40 49 23 0.015625
49 36 41 49 23 0.015625
49 36 42 49 66 0.015625
49 36 44 49 66 0.015625
49 36 45 49 66 0.015625
49 36 46 49 66 0.015625
49 36 48 49 67 0.015625
49 36 50 49 67 0.015625
49 36 51 49 67 0.015625
49 36 52 49 67 0.015625
49 36 54 49 68 0.015625
49 36 56 49 68 0.015625
49 36 57 49 68 0.015625
49 36 58 49 68 0.015625
49 36 60 49 69 0.015625
49 36 62 49 69 0.015625
49 36 63 49 69 0.015625
49 36 64 49 69 0.015625
49 36 65 49 69 0.015625
49 36 66 49 70 0.015625
49 36 67 49 70 0.015625
49 36 68 49 70 0.015625
49 36 69 49 70 0.015625
49 36 70 49 70 0.015625
49 36 71 49 70 0.015625
49 36 72 49 71 0.015625
49 36 73 49 71 0.015625
49 36 74 49 71 0.015625
49 36 75 49 71 0.015625
49 36 76 49 71 0.015625
49 36 77 49 71 0.015625
49 36 78 49 72 0.015625
49 36 79 49 72 0.015625
49 36 80 49 72 0.015625
49 36 81 49 72 0.015625
49 36 82 49 72 0.015625
49 36 83 49 72 0.015625
49 42 0 49 42 0.65625
49 42 1 49 73 0.0625
49 42 2 49 74 0.046875
49 42 3 49 75 0.046875
49 42 4 49 76 0.046875
49 42 5 49 77 0.046875
49 42 6 49 78 0.046875
49 42 7 49 79 0.046875
56 14 0 56 25 0.015625
56 14 56 56 31 0.015625
56 14 58 56 31 0.015625
56 14 59 56 31 0.015625
56 14 60 56 31 0.015625
56 14 69 56 32 0.015625
56 14 71 56 32 0.015625
56 14 72 56 32 0.015625
56 14 73 56 32 0.015625
56 14 75 56 33 0.015625
56 14 76 56 33 0.015625
56 14 77 56 33 0.015625
56 14 78 56 33 0.015625
56 14 79 56 33 0.015625
56 14 80 56 33 0.015625
56 14 81 56 33 0.015625
56 14 82 56 33 0.015625
56 14 83 56 33 0.015625
56 14 84 56 33 0.015625
56 14 85 56 33 0.015625
56 14 86 56 33 0.015625
56 14 87 56 33 0.015625
56 14 88 56 34 0.015625
56 14 89 56 34 0.015625
56 14 90 56 34 0.015625
56 14 91 56 34 0.015625
56 14 92 56 34 0.015625
56 14 93 56 34 0.015625
56 14 94 56 34 0.015625
56 14 95 56 34 0.015625
56 14 96 56 34 0.015625
56 14 97 56 34 0.015625
56 14 98 56 34 0.015625
56 14 99 56 34 0.015625
56 14 100 56 34 0.015625
56 14 101 56 35 0.015625
56 14 102 56 35 0.015625
56 14 108 56 35 0.03125
56 14 109 56 35 0.015625
56 14 110 56 35 0.03125
56 14 111 56 35 0.03125
56 14 112 56 35 0.03125
56 14 113 56 35 0.015625
56 14 121 56 36 0.015625
56 14 123 56 36 0.015625
56 14 124 56 36 0.015625
56 14 125 56 36 0.015625
56 14 127 56 37 0.015625
56 14 128 56 37 0.015625
56 14 129 56 37 0.015625
56 14 130 56 37 0.015625
56 14 131 56 37 0.015625
56 14 132 56 37 0.015625
56 14 133 56 37 0.015625
56 14 134 56 37 0.015625
56 14 135 56 37 0.015625
56 14 136 56 37 0.015625
56 14 137 56 37 0.015625
56 14 138 56 37 0.015625
56 14 139 56 37 0.015625
56 29 0 56 29 0.03125
56 29 1 56 0 0.046875
56 29 2 56 1 0.15625
56 29 3 56 2 0.15625
56 29 4 56 3 0.15625
56 29 5 56 4 0.046875
56 29 6 56 5 0.046875
56 29 7 56 31 0.046875
56 29 8 56 32 0.046875
56 29 9 56 33 0.0625
56 29 10 56 34 0.0625
56 29 11 56 35 0.0625
56 29 12 56 36 0.03125
56 29 13 56 37 0.046875
56 36 0 56 36 0.046875
56 36 1 56 25 0.109375
56 36 2 56 24 0.15625
56 36 3 56 26 0.15625
56 36 4 56 27 0.15625
56 36 5 56 28 0.15625
56 36 6 56 29 0.0625
56 36 7 56 30 0.15625
56 42 15 56 18 0.03125
56 42 16 56 18 0.03125
56 42 17 56 18 0.03125
56 42 19 56 18 0.03125
56 42 20 56 18 0.03125
56 42 29 56 19 0.03125
56 42 30 56 19 0.046875
56 42 31 56 19 0.046875
56 42 33 56 19 0.046875
56 42 34 56 19 0.046875
56 42 43 56 20 0.03125
56 42 44 56 20 0.03125
56 42 45 56 20 0.03125
56 42 47 56 20 0.03125
56 42 48 56 20 0.03125
56 42 57 56 21 0.03125
56 42 58 56 21 0.03125
56 42 59 56 21 0.03125
56 42 61 56 21 0.03125
56 42 62 56 21 0.03125
56 42 71 56 22 0.03125
56 42 72 56 22 0.03125
56 42 73 56 22 0.03125
56 42 75 56 22 0.03125
56 42 76 56 22 0.03125
56 42 85 56 23 0.03125
56 42 86 56 23 0.03125
56 42 87 56 23 0.03125
56 42 89 56 23 0.03125
56 42 90 56 23 0.03125
58 14 0 58 25 0.015625
58 14 56 58 31 0.015625
58 14 58 58 31 0.015625
58 14 59 58 31 0.015625
58 14 60 58 31 0.015625
58 14 69 58 32 0.015625
58 14 71 58 32 0.015625
58 14 72 58 32 0.015625
58 14 73 58 32 0.015625
58 14 75 58 33 0.015625
58 14 76 58 33 0.015625
58 14 77 58 33 0.015625
58 14 78 58 33 0.015625
58 14 79 58 33 0.015625
58 14 80 58 33 0.015625
58 14 81 58 33 0.015625
58 14 82 58 33 0.015625
58 14 83 58 33 0.015625
58 14 84 58 33 0.015625
58 14 85 58 33 0.015625
58 14 86 58 33 0.015625
58 14 87 58 33 0.015625
58 14 88 58 34 0.015625
58 14 89 58 34 0.015625
58 14 90 58 34 0.015625
58 14 91 58 34 0.015625
58 14 92 58 34 0.015625
58 14 93 58 34 0.015625
58 14 94 58 34 0.015625
58 14 95 58 34 0.015625
58 14 96 58 34 0.015625
58 14 97 58 34 0.015625
58 14 98 58 34 0.015625
58 14 99 58 34 0.015625
58 14 100 58 34 0.015625
58 14 101 58 35 0.015625
58 14 102 58 35 0.015625
58 14 108 58 35 0.03125
58 14 109 58 35 0.015625
58 14 110 58 35 0.03125
58 14 111 58 35 0.03125
58 14 112 58 35 0.03125
58 14 113 58 35 0.015625
58 14 121 58 36 0.015625
58 14 123 58 36 0.015625
58 14 124 58 36 0.015625
58 14 125 58 36 0.015625
58 14 127 58 37 0.015625
58 14 128 58 37 0.015625
58 14 129 58 37 0.015625
58 14 130 58 37 0.015625
58 14 131 58 37 0.015625
58 14 132 58 37 0.015625
58 14 133 58 37 0.015625
58 14 134 58 37 0.015625
58 14 135 58 37 0.015625
58 14 136 58 37 0.015625
58 14 137 58 37 0.015625
58 14 138 58 37 0.015625
58 14 139 58 37 0.015625
58 29 0 58 29 0.03125
58 29 1 58 0 0.046875
58 29 2 58 1 0.15625
58 29 3 58 2 0.15625
58 29 4 58 3 0.15625
58 29 5 58 4 0.046875
58 29 6 58 5 0.046875
58 29 7 58 31 0.046875
58 29 8 58 32 0.046875
58 29 9 58 33 0.0625
58 29 10 58 34 0.0625
58 29 11 58 35 0.0625
58 29 12 58 36 0.03125
58 29 13 58 37 0.046875
58 36 0 58 36 0.046875
58 36 1 58 25 0.109375
58 36 2 58 24 0.15625
58 36 3 58 26 0.15625
58 36 4 58 27 0.15625
58 36 5 58 28 0.15625
58 36 6 58 29 0.0625
58 36 7 58 30 0.15625
58 42 15 58 18 0.03125
58 42 16 58 18 0.03125
58 42 17 58 18 0.03125
58 42 19 58 18 0.03125
58 42 20 58 18 0.03125
58 42 29 58 19 0.03125
58 42 30 58 19 0.046875
58 42 31 58 19 0.046875
58 42 33 58 19 0.046875
58 42 34 58 19 0.046875
58 42 43 58 20 0.03125
58 42 44 58 20 0.03125
58 42 45 58 20 0.03125
58 42 47 58 20 0.03125
58 42 48 58 20 0.03125
58 42 57 58 21 0.03125
58 42 58 58 21 0.03125
58 42 59 58 21 0.03125
58 42 61 58 21 0.03125
58 42 62 58 21 0.03125
58 42 71 58 22 0.03125
58 42 72 58 22 0.03125
58 42 73 58 22 0.03125
58 42 75 58 22 0.03125
58 42 76 58 22 0.03125
58 42 85 58 23 0.03125
58 42 86 58 23 0.03125
58 42 87 58 23 0.03125
58 42 89 58 23 0.03125
58 42 90 58 23 0.03125
59 14 0 59 14 0.171875
59 14 1 59 6 0.140625
59 14 2 59 7 0.15625
59 14 3 59 8 0.125
59 14 4 59 9 0.125
59 14 5 59 10 0.125
59 14 6 59 11 0.15625
59 29 0 59 29 0.21875
59 29 1 59 31 0.171875
59 29 2 59 32 0.171875
59 29 3 59 33 0.078125
59 29 4 59 34 0.078125
59 29 5 59 35 0.109375
59 29 6 59 36 0.078125
59 29 7 59 37 0.09375
59 36 0 59 36 0.0625
59 36 1 59 25 0.03125
59 36 2 59 24 0.046875
59 36 3 59 26 0.046875
59 36 4 59 27 0.046875
59 36 5 59 28 0.046875
59 36 6 59 29 0.03125
59 36 7 59 30 0.046875
59 36 8 59 6 0.125
59 36 9 59 7 0.140625
59 36 10 59 8 0.078125
59 36 11 59 9 0.078125
59 36 12 59 10 0.078125
59 36 13 59 11 0.140625
59 42 0 59 16 0.1875
59 42 1 59 12 0.203125
59 42 2 59 13 0.203125
59 42 4 59 15 0.203125
59 42 5 59 17 0.203125
60 14 0 60 14 0.171875
60 14 1 60 6 0.140625
60 14 2 60 7 0.15625
60 14 3 60 8 0.125
60 14 4 60 9 0.125
60 14 5 60 10 0.125
60 14 6 60 11 0.15625
60 29 0 60 29 0.21875
60 29 1 60 31 0.171875
60 29 2 60 32 0.171875
60 29 3 60 33 0.078125
60 29 4 60 34 0.078125
60 29 5 60 35 0.109375
60 29 6 60 36 0.078125
60 29 7 60 37 0.09375
60 36 0 60 36 0.0625
60 36 1 60 25 0.03125
60 36 2 60 24 0.046875
60 36 3 60 26 0.046875
60 36 4 60 27 0.046875
60 36 5 60 28 0.046875
60 36 6 60 29 0.03125
60 36 7 60 30 0.046875
60 36 8 60 6 0.125
60 36 9 60 7 0.140625
60 36 10 60 8 0.078125
60 36 11 60 9 0.078125
60 36 12 60 10 0.078125
60 36 13 60 11 0.140625
60 42 0 60 16 0.1875
60 42 1 60 12 0.203125
60 42 2 60 13 0.203125
60 42 4 60 15 0.203125
60 42 5 60 17 0.203125
