13_75_100_640_0_0 160 480 0.628112 0.105317 0.546606 9.9419 670.987 2.76679
13_75_100_640_0_0 160 480 320 570532 19935990000 34942.8 1782.91 6.23e+07 4.75731e+08
13_75_100_640_1_1 160 480 0.628112 0.105317 0.546606 9.9419 670.987 2.76679
13_75_100_640_1_1 160 480 320 570532 19935990000 34942.8 1782.91 6.23e+07 4.75731e+08
13_75_100_640_2_2 160 480 0.516335 0.103884 0.496877 8.7857 670.152 2.1249
13_75_100_640_2_2 160 480 320 570656 19906963500 34884.3 1783.3 6.22093e+07 3.59222e+08
13_75_100_640_3_3 160 480 0.799391 0.105278 0.536791 10.2496 686.25 2.74549
13_75_100_640_3_3 160 480 320 570599 20000686500 35052.1 1783.12 6.25021e+07 6.02411e+08
13_75_100_640_4_4 160 480 0.648153 0.104775 0.533767 9.81186 701.633 2.61156
13_75_100_640_4_4 160 480 320 570091 20067592500 35200.7 1781.53 6.27112e+07 4.75071e+08
13_75_100_640_5_5 160 480 0.522739 0.104531 0.506747 8.77385 719.751 2.224
13_75_100_640_5_5 160 480 320 570506 19895355000 34873.2 1782.83 6.2173e+07 3.14945e+08
13_75_100_640_6_6 160 480 0.684236 0.105154 0.531434 9.59928 700.018 2.53069
13_75_100_640_6_6 160 480 320 569882 19942657500 34994.4 1780.88 6.23208e+07 4.10845e+08
13_75_100_640_7_7 160 480 0.620374 0.104629 0.521574 9.70721 735.825 2.5261
13_75_100_640_7_7 160 480 320 569630 19885657500 34909.8 1780.09 6.21427e+07 4.32012e+08
13_75_100_640_8_8 160 480 0.691887 0.106635 0.538588 9.87082 720.25 2.66181
13_75_100_640_8_8 160 480 320 569281 20046880500 35214.4 1779 6.26465e+07 4.62642e+08
13_75_100_640_9_9 160 480 0.665171 0.104902 0.530829 9.95768 662.944 2.67722
13_75_100_640_9_9 160 480 320 569852 19848259500 34830.6 1780.79 6.20258e+07 4.75144e+08
