7_5_10_1000_0_0 250 750 0.569878 0.119786 2.1069 10.1162 108.915 5.82094
7_5_10_1000_0_0 250 750 500 554591 19469982000 35106.9 1109.18 38939964 2.89212e+08
7_5_10_1000_1_1 250 750 0.569878 0.119786 2.1069 10.1162 108.915 5.82094
7_5_10_1000_1_1 250 750 500 554591 19469982000 35106.9 1109.18 38939964 2.89212e+08
7_5_10_1000_2_2 250 750 0.560233 0.11992 2.10307 9.99437 149.887 5.73159
7_5_10_1000_2_2 250 750 500 553155 19125228000 34574.8 1106.31 38250456 2.68671e+08
7_5_10_1000_3_3 250 750 0.555975 0.119649 2.01701 9.90896 429.636 5.563
7_5_10_1000_3_3 250 750 500 553159 19071286500 34477 1106.32 38142573 2.68109e+08
7_5_10_1000_4_4 250 750 0.572148 0.120535 2.04605 9.88877 953.986 5.71892
7_5_10_1000_4_4 250 750 500 552446 19601133000 35480.6 1104.89 39202266 2.94695e+08
7_5_10_1000_5_5 250 750 0.568067 0.120063 2.07725 10.1762 809.859 5.79222
7_5_10_1000_5_5 250 750 500 551875 19380163500 35116.9 1103.75 38760327 2.79465e+08
7_5_10_1000_6_6 250 750 0.562539 0.119866 2.04628 10.0285 107.185 5.67645
7_5_10_1000_6_6 250 750 500 552154 19070295000 34538 1104.31 38140590 2.79202e+08
7_5_10_1000_7_7 250 750 0.553387 0.119705 1.89313 10.0087 267.769 5.60109
7_5_10_1000_7_7 250 750 500 552940 19226004000 34770.5 1105.88 38452008 2.86087e+08
7_5_10_1000_8_8 250 750 0.546761 0.120431 1.9503 9.91363 101.385 5.56824
7_5_10_1000_8_8 250 750 500 554284 19204353000 34647.1 1108.57 38408706 2.61384e+08
7_5_10_1000_9_9 250 750 0.552505 0.119705 1.99397 9.94816 85.7822 5.59656
7_5_10_1000_9_9 250 750 500 551613 19097532000 34621.3 1103.23 38195064 2.63806e+08
