8_625_1000_1000_0_0 250 750 0.564256 0.134448 1.76158 9.96343 249.953 5.32929
8_625_1000_1000_0_0 250 750 500 637726 22413339000 35145.7 1275.45 44826678 3.86396e+08
8_625_1000_1000_1_1 250 750 0.564256 0.134448 1.76158 9.96343 249.953 5.32929
8_625_1000_1000_1_1 250 750 500 637726 22413339000 35145.7 1275.45 44826678 3.86396e+08
8_625_1000_1000_2_2 250 750 0.552856 0.134379 1.73228 9.85526 259.605 5.20041
8_625_1000_1000_2_2 250 750 500 636435 21983230500 34541.2 1272.87 43966461 3.5094e+08
8_625_1000_1000_3_3 250 750 0.54794 0.133943 1.72307 9.78735 89.7897 5.16384
8_625_1000_1000_3_3 250 750 500 636050 21864867000 34376 1272.1 43729734 3.4371e+08
8_625_1000_1000_4_4 250 750 0.563158 0.134914 1.80086 9.89631 109.441 5.38821
8_625_1000_1000_4_4 250 750 500 635165 22481661000 35395 1270.33 44963322 3.84322e+08
8_625_1000_1000_5_5 250 750 0.558482 0.134613 1.74692 9.92381 329.92 5.24491
8_625_1000_1000_5_5 250 750 500 634764 22337317500 35190 1269.53 44674635 3.78203e+08
8_625_1000_1000_6_6 250 750 0.556766 0.134272 1.76422 9.87003 110.168 5.23379
8_625_1000_1000_6_6 250 750 500 634606 21990391500 34652 1269.21 43980783 3.8124e+08
8_625_1000_1000_7_7 250 750 0.554976 0.134029 1.67457 9.86754 647.73 5.19841
8_625_1000_1000_7_7 250 750 500 635802 22076701500 34722.6 1271.6 44153403 3.77571e+08
8_625_1000_1000_8_8 250 750 0.558119 0.134708 1.7393 9.94443 509.984 5.28519
8_625_1000_1000_8_8 250 750 500 637476 22124298000 34706.1 1274.95 44248596 3.53497e+08
8_625_1000_1000_9_9 250 750 0.559517 0.133994 1.7575 9.86016 626.569 5.24343
8_625_1000_1000_9_9 250 750 500 634235 21963831000 34630.4 1268.47 43927662 3.54537e+08
