8_625_1000_1000_0_0 250 750 0.564925 0.135529 1.76859 9.95641 148.697 5.33731
8_625_1000_1000_0_0 250 750 500 637726 22413339000 35145.7 1275.45 44826678 3.91457e+08
8_625_1000_1000_1_1 250 750 0.564925 0.135529 1.76859 9.95641 148.697 5.33731
8_625_1000_1000_1_1 250 750 500 637726 22413339000 35145.7 1275.45 44826678 3.91457e+08
8_625_1000_1000_2_2 250 750 0.553688 0.135393 1.73054 9.8672 99.9654 5.19871
8_625_1000_1000_2_2 250 750 500 636435 21975489000 34529 1272.87 43950978 3.48096e+08
8_625_1000_1000_3_3 250 750 0.552458 0.135036 1.74549 9.82639 290.091 5.1961
8_625_1000_1000_3_3 250 750 500 636050 21864846000 34376 1272.1 43729692 3.47778e+08
8_625_1000_1000_4_4 250 750 0.566203 0.136068 1.79816 9.90947 188.91 5.35027
8_625_1000_1000_4_4 250 750 500 635165 22484428500 35399.4 1270.33 44968857 3.86141e+08
8_625_1000_1000_5_5 250 750 0.562991 0.135692 1.78267 9.98715 529.878 5.31155
8_625_1000_1000_5_5 250 750 500 634764 22337314500 35190 1269.53 44674629 3.78263e+08
8_625_1000_1000_6_6 250 750 0.559972 0.135211 1.72916 9.85186 384.541 5.20572
8_625_1000_1000_6_6 250 750 500 634606 21990391500 34652 1269.21 43980783 3.7921e+08
8_625_1000_1000_7_7 250 750 0.555337 0.135103 1.67777 9.88445 497.809 5.19263
8_625_1000_1000_7_7 250 750 500 635802 22076701500 34722.6 1271.6 44153403 3.79472e+08
8_625_1000_1000_8_8 250 750 0.554458 0.135798 1.73403 9.90148 156.393 5.25509
8_625_1000_1000_8_8 250 750 500 637476 22124313000 34706.1 1274.95 44248626 3.50827e+08
8_625_1000_1000_9_9 250 750 0.55167 0.135149 1.72713 9.82563 171.74 5.18919
8_625_1000_1000_9_9 250 750 500 634235 21953505000 34614.1 1268.47 43907010 3.508e+08
