7_375_1000_1000_0_0 250 750 0.54962 0.118762 1.87155 9.97842 77.4839 5.57924
7_375_1000_1000_0_0 250 750 500 545268 19118661000 35062.9 1090.54 38237322 2.75486e+08
7_375_1000_1000_1_1 250 750 0.54962 0.118762 1.87155 9.97842 77.4839 5.57924
7_375_1000_1000_1_1 250 750 500 545268 19118661000 35062.9 1090.54 38237322 2.75486e+08
7_375_1000_1000_2_2 250 750 0.559447 0.118589 1.88882 9.98594 1389.91 5.49136
7_375_1000_1000_2_2 250 750 500 543995 18775933500 34514.9 1087.99 37551867 2.54263e+08
7_375_1000_1000_3_3 250 750 0.547375 0.118519 1.86203 9.7606 989.815 5.36437
7_375_1000_1000_3_3 250 750 500 543877 18702237000 34386.9 1087.75 37404474 2.53783e+08
7_375_1000_1000_4_4 250 750 0.553318 0.11924 1.92425 9.8301 684.656 5.55732
7_375_1000_1000_4_4 250 750 500 543096 19252422000 35449.4 1086.19 38504844 2.85772e+08
7_375_1000_1000_5_5 250 750 0.560131 0.119149 1.99326 10.1839 129.896 5.67462
7_375_1000_1000_5_5 250 750 500 542621 19122043500 35240.1 1085.24 38244087 2.74576e+08
7_375_1000_1000_6_6 250 750 0.544423 0.118613 1.83036 9.93378 99.0239 5.44244
7_375_1000_1000_6_6 250 750 500 542675 18790233000 34625.2 1085.35 37580466 2.74689e+08
7_375_1000_1000_7_7 250 750 0.532411 0.118587 1.73901 9.85501 128.927 5.3157
7_375_1000_1000_7_7 250 750 500 543860 18856399500 34671.4 1087.72 37712799 2.63671e+08
7_375_1000_1000_8_8 250 750 0.523476 0.119069 1.73951 9.76344 90.5077 5.18379
7_375_1000_1000_8_8 250 750 500 545221 18898242000 34661.6 1090.44 37796484 2.48858e+08
7_375_1000_1000_9_9 250 750 0.537589 0.118587 1.81202 9.82696 171.727 5.40959
7_375_1000_1000_9_9 250 750 500 542460 18772614000 34606.4 1084.92 37545228 2.55776e+08
