7_5_10_1000_0_0 250 750 0.56506 0.120174 2.05216 10.0986 107.141 5.75593
7_5_10_1000_0_0 250 750 500 554591 19474377000 35114.8 1109.18 38948754 2.92907e+08
7_5_10_1000_1_1 250 750 0.56506 0.120174 2.05216 10.0986 107.141 5.75593
7_5_10_1000_1_1 250 750 500 554591 19474377000 35114.8 1109.18 38948754 2.92907e+08
7_5_10_1000_2_2 250 750 0.56365 0.120175 2.0827 10.0827 719.975 5.70955
7_5_10_1000_2_2 250 750 500 553155 19125229500 34574.8 1106.31 38250459 2.6571e+08
7_5_10_1000_3_3 250 750 0.553124 0.119888 1.96672 9.87748 581.606 5.52231
7_5_10_1000_3_3 250 750 500 553159 19075522500 34484.7 1106.32 38151045 2.70871e+08
7_5_10_1000_4_4 250 750 0.572939 0.120822 2.06818 10.0334 953.142 5.76548
7_5_10_1000_4_4 250 750 500 552446 19601167500 35480.7 1104.89 39202335 2.92492e+08
7_5_10_1000_5_5 250 750 0.557757 0.120466 2.02973 10.0822 82.4675 5.67192
7_5_10_1000_5_5 250 750 500 551875 19377744000 35112.6 1103.75 38755488 2.75373e+08
7_5_10_1000_6_6 250 750 0.556321 0.120124 2.01453 9.9863 91.6384 5.6313
7_5_10_1000_6_6 250 750 500 552154 19070295000 34538 1104.31 38140590 2.80822e+08
7_5_10_1000_7_7 250 750 0.552351 0.119909 1.95337 9.91006 507.744 5.57586
7_5_10_1000_7_7 250 750 500 552940 19226004000 34770.5 1105.88 38452008 2.88169e+08
7_5_10_1000_8_8 250 750 0.545788 0.120817 1.91983 9.92228 219.848 5.4933
7_5_10_1000_8_8 250 750 500 554284 19210924500 34659 1108.57 38421849 2.66349e+08
7_5_10_1000_9_9 250 750 0.555418 0.119981 2.01155 10.0499 87.1778 5.64898
7_5_10_1000_9_9 250 750 500 551613 19097532000 34621.3 1103.23 38195064 2.63984e+08
