1375_0_0_44_0_0 11 33 0.553181 0.210341 1.02984 10.1197 110.003 4.7618
1375_0_0_44_0_0 11 33 22 1357897 47713072500 35137.5 61722.6 2.16878e+09 1.15e+10
1375_0_0_44_1_1 11 33 0.553181 0.210341 1.02984 10.1197 110.003 4.7618
1375_0_0_44_1_1 11 33 22 1357897 47713072500 35137.5 61722.6 2.16878e+09 1.15e+10
1375_0_0_44_2_2 11 33 0.547644 0.209081 1.00914 10.0914 101.653 4.69586
1375_0_0_44_2_2 11 33 22 1356829 47491146000 35001.6 61674 2.15869e+09 1.1488e+10
1375_0_0_44_3_3 11 33 0.550923 0.210674 1.03148 10.0846 99.9251 4.73613
1375_0_0_44_3_3 11 33 22 1358282 47627514000 35064.5 61740.1 2164887000 1.15507e+10
1375_0_0_44_4_4 11 33 0.546091 0.209314 1.00872 10.0579 101.575 4.65939
1375_0_0_44_4_4 11 33 22 1357206 47661739500 35117.5 61691.2 2.16644e+09 1.14942e+10
1375_0_0_44_5_5 11 33 0.545455 0.208653 0.998025 10.0423 100.021 4.65128
1375_0_0_44_5_5 11 33 22 1357079 47373265500 34908.3 61685.4 2153330250 1.12269e+10
1375_0_0_44_6_6 11 33 0.551737 0.210724 1.02975 10.0821 113.345 4.72562
1375_0_0_44_6_6 11 33 22 1356960 47637172500 35105.8 61680 2.16533e+09 1.14178e+10
1375_0_0_44_7_7 11 33 0.544786 0.20945 0.993992 10.015 114.015 4.60142
1375_0_0_44_7_7 11 33 22 1356786 47596821000 35080.6 61672.1 2.16349e+09 1.15491e+10
1375_0_0_44_8_8 11 33 0.539883 0.208257 0.983178 9.98248 112.497 4.58126
1375_0_0_44_8_8 11 33 22 1357347 47471788500 34974 61697.6 2.15781e+09 1.13005e+10
1375_0_0_44_9_9 11 33 0.551826 0.209596 1.01615 10.1211 114.195 4.70732
1375_0_0_44_9_9 11 33 22 1357079 47626327500 35094.7 61685.4 2.16483e+09 1.15424e+10
