0_5_10_100_0_0 25 75 0.560317 0.106962 0.607534 10.0173 175.097 2.08625
0_5_10_100_0_0 25 75 50 1177497 27316672500 23198.9 23549.9 546333450 1.10223e+09
0_5_10_100_1_1 25 75 0.560317 0.106962 0.607534 10.0173 175.097 2.08625
0_5_10_100_1_1 25 75 50 1177497 27316672500 23198.9 23549.9 546333450 1.10223e+09
0_5_10_100_2_2 25 75 0.583423 0.106855 0.607601 10.0797 181.65 2.1396
0_5_10_100_2_2 25 75 50 1177498 27316684500 23198.9 23550 546333690 1.15834e+09
0_5_10_100_3_3 25 75 0.578503 0.107117 0.606255 9.98885 181.178 2.0642
0_5_10_100_3_3 25 75 50 1177498 27316680000 23198.9 23550 546333600 1.1169e+09
0_5_10_100_4_4 25 75 0.563501 0.106557 0.605827 9.93466 180.441 2.05872
0_5_10_100_4_4 25 75 50 1177498 27316464000 23198.7 23550 546329280 1.12444e+09
0_5_10_100_5_5 25 75 0.534406 0.107252 0.602679 9.56453 186.387 1.96964
0_5_10_100_5_5 25 75 50 1177498 27316567500 23198.8 23550 546331350 1.04877e+09
0_5_10_100_6_6 25 75 0.558377 0.106723 0.595846 9.69423 214.868 1.92835
0_5_10_100_6_6 25 75 50 1177496 27316651500 23198.9 23549.9 546333030 1.07456e+09
0_5_10_100_7_7 25 75 0.570788 0.107112 0.612929 10.1187 181.739 2.15868
0_5_10_100_7_7 25 75 50 1177497 27316668000 23198.9 23549.9 546333360 1.12289e+09
0_5_10_100_8_8 25 75 0.52497 0.107247 0.598162 9.59396 180.654 1.92467
0_5_10_100_8_8 25 75 50 1177498 27315625500 23198 23550 546312510 1.05187e+09
0_5_10_100_9_9 25 75 0.553472 0.106804 0.605669 9.89042 165.216 2.03993
0_5_10_100_9_9 25 75 50 1177493 27316369500 23198.8 23549.9 546327390 1.12008e+09
