0_18125_100000_200_0 50 150 0.388301 0.216317 0.719289 5.37383 85.5226 1.54991
0_18125_100000_200_0 50 150 100 809323 28357794000 35038.9 8093.23 283577940 1.27464e+09
0_18125_100000_200_1 50 150 0.388301 0.216317 0.719289 5.37383 85.5226 1.54991
0_18125_100000_200_1 50 150 100 809323 28357794000 35038.9 8093.23 283577940 1.27464e+09
0_18125_100000_200_2 50 150 0.392351 0.214618 0.72125 5.48664 104.235 1.58563
0_18125_100000_200_2 50 150 100 808602 28218535500 34897.9 8086.02 282185355 1.35305e+09
0_18125_100000_200_3 50 150 0.388513 0.215554 0.719523 5.36392 116.216 1.55619
0_18125_100000_200_3 50 150 100 809252 28203058500 34850.8 8092.52 282030585 1.2543e+09
0_18125_100000_200_4 50 150 0.396764 0.217311 0.732187 5.64164 140.473 1.64667
0_18125_100000_200_4 50 150 100 809384 28503639000 35216.5 8093.84 285036390 1.33871e+09
0_18125_100000_200_5 50 150 0.381356 0.212364 0.706118 5.16343 96.1103 1.5065
0_18125_100000_200_5 50 150 100 808893 28004404500 34620.7 8088.93 280044045 1.22129e+09
0_18125_100000_200_6 50 150 0.387077 0.216156 0.715765 5.31706 100.892 1.53579
0_18125_100000_200_6 50 150 100 808878 28281030000 34963.3 8088.78 282810300 1.27135e+09
0_18125_100000_200_7 50 150 0.379039 0.212533 0.70338 5.00384 77.4828 1.47935
0_18125_100000_200_7 50 150 100 808446 28069978500 34720.9 8084.46 280699785 1.19442e+09
0_18125_100000_200_8 50 150 0.376556 0.212054 0.700733 4.95688 125.891 1.47112
0_18125_100000_200_8 50 150 100 808462 28124299500 34787.4 8084.62 281242995 1.21641e+09
0_18125_100000_200_9 50 150 0.380366 0.212294 0.706817 5.04193 100.4 1.48324
0_18125_100000_200_9 50 150 100 807583 28213740000 34936 8075.83 282137400 1.27174e+09
