0_38125_100000_100_0_0 25 75 0.559133 0.226478 1.07653 9.87269 160.225 4.12548
0_38125_100000_100_0_0 25 75 50 1558026 54435082500 34938.5 31160.5 1088701650 7.14905e+09
0_38125_100000_100_1_1 25 75 0.559133 0.226478 1.07653 9.87269 160.225 4.12548
0_38125_100000_100_1_1 25 75 50 1558026 54435082500 34938.5 31160.5 1088701650 7.14905e+09
0_38125_100000_100_2_2 25 75 0.563545 0.226728 1.08686 9.96553 110.054 4.19381
0_38125_100000_100_2_2 25 75 50 1555932 54150832500 34802.8 31118.6 1083016650 6.9927e+09
0_38125_100000_100_3_3 25 75 0.570693 0.227917 1.10749 10.0148 181.346 4.28032
0_38125_100000_100_3_3 25 75 50 1554670 54597976500 35118.7 31093.4 1091959530 7.45091e+09
0_38125_100000_100_4_4 25 75 0.556443 0.226498 1.07662 9.86731 136.114 4.11809
0_38125_100000_100_4_4 25 75 50 1556702 54081456000 34741 31134 1081629120 7.08365e+09
0_38125_100000_100_5_5 25 75 0.563374 0.227463 1.09489 9.94673 170.029 4.20887
0_38125_100000_100_5_5 25 75 50 1555969 54262624500 34873.8 31119.4 1085252490 7.1358e+09
0_38125_100000_100_6_6 25 75 0.560894 0.226408 1.0698 9.91029 180.047 4.13908
0_38125_100000_100_6_6 25 75 50 1553785 54447430500 35041.8 31075.7 1088948610 7.28856e+09
0_38125_100000_100_7_7 25 75 0.565535 0.226452 1.07108 9.98768 153.205 4.19237
0_38125_100000_100_7_7 25 75 50 1555581 54333334500 34928 31111.6 1086666690 7.35461e+09
0_38125_100000_100_8_8 25 75 0.566676 0.22756 1.09835 10.0058 199.996 4.21837
0_38125_100000_100_8_8 25 75 50 1556277 54244021500 34855 31125.5 1084880430 7.32474e+09
0_38125_100000_100_9_9 25 75 0.574469 0.226774 1.09025 10.0936 219.997 4.28534
0_38125_100000_100_9_9 25 75 50 1555292 54213406500 34857.4 31105.8 1084268130 7.3077e+09
