1_275_1000_320_0_0 80 240 3.42507 0.0825357 0.494396 10.4681 8317.53 2.05776
1_275_1000_320_0_0 80 240 160 2959610 77233686000 26095.9 18497.6 4.82711e+08 4.37044e+09
1_275_1000_320_1_1 80 240 3.42507 0.0825357 0.494396 10.4681 8317.53 2.05776
1_275_1000_320_1_1 80 240 160 2959610 77233686000 26095.9 18497.6 4.82711e+08 4.37044e+09
1_275_1000_320_2_2 80 240 3.23144 0.0828607 0.497661 10.311 8260.02 2.03926
1_275_1000_320_2_2 80 240 160 2961843 77259079500 26084.8 18511.5 4.82869e+08 4.10737e+09
1_275_1000_320_3_3 80 240 3.21137 0.0826514 0.495016 10.2179 4278.52 1.98643
1_275_1000_320_3_3 80 240 160 2961226 77241987000 26084.5 18507.7 4.82762e+08 3.88401e+09
1_275_1000_320_4_4 80 240 3.21666 0.0826487 0.499033 10.4768 8309.51 2.09999
1_275_1000_320_4_4 80 240 160 2959754 77224329000 26091.5 18498.5 4.82652e+08 3.93361e+09
1_275_1000_320_5_5 80 240 3.22468 0.0824495 0.490595 10.1874 4194.74 1.94447
1_275_1000_320_5_5 80 240 160 2961309 77177214000 26061.9 18508.2 4.82358e+08 3.91086e+09
1_275_1000_320_6_6 80 240 3.67571 0.0827249 0.495863 10.4379 8314.64 2.06106
1_275_1000_320_6_6 80 240 160 2960052 77226573000 26089.6 18500.3 4.82666e+08 4.83732e+09
1_275_1000_320_7_7 80 240 3.33189 0.0826333 0.495232 10.332 8272.2 2.04963
1_275_1000_320_7_7 80 240 160 2959418 77176938000 26078.4 18496.4 4.82356e+08 4.1329e+09
1_275_1000_320_8_8 80 240 3.26066 0.0828825 0.501028 10.5064 4203.58 2.11213
1_275_1000_320_8_8 80 240 160 2960813 77331361500 26118.3 18505.1 4.83321e+08 4.16314e+09
1_275_1000_320_9_9 80 240 3.1548 0.0826391 0.49219 10.0393 4180.38 1.9374
1_275_1000_320_9_9 80 240 160 2961496 77160397500 26054.5 18509.3 4.82252e+08 3.91078e+09
