58_0_0_100_0_0 25 75 0.575708 0.179777 1.14995 10.6049 86.4304 5.01344
58_0_0_100_0_0 25 75 50 42048 1442463000 34305.2 840.96 28849260 2.01434e+08
58_0_0_100_1_1 25 75 0.575708 0.179777 1.14995 10.6049 86.4304 5.01344
58_0_0_100_1_1 25 75 50 42048 1442463000 34305.2 840.96 28849260 2.01434e+08
58_0_0_100_2_2 25 75 0.527977 0.176448 1.02303 10.0513 83.1384 4.40234
58_0_0_100_2_2 25 75 50 41859 1456725000 34800.8 837.18 29134500 1.87894e+08
58_0_0_100_3_3 25 75 0.528341 0.178893 1.03505 10.0401 86.3502 4.41832
58_0_0_100_3_3 25 75 50 41949 1398625500 33341.1 838.98 27972510 1.70134e+08
58_0_0_100_4_4 25 75 0.552869 0.178509 1.04842 10.1848 86.7705 4.61189
58_0_0_100_4_4 25 75 50 41938 1489627500 35519.8 838.76 29792550 2.18665e+08
58_0_0_100_5_5 25 75 0.521448 0.178891 1.03521 10.1071 80.7679 4.30518
58_0_0_100_5_5 25 75 50 41841 1483438500 35454.2 836.82 29668770 1.812e+08
58_0_0_100_6_6 25 75 0.492299 0.167179 0.887885 9.64438 76.6838 3.82319
58_0_0_100_6_6 25 75 50 41874 1421388000 33944.4 837.48 28427760 1.70354e+08
58_0_0_100_7_7 25 75 0.52855 0.180254 1.05402 9.91774 79.541 4.42958
58_0_0_100_7_7 25 75 50 41895 1428288000 34092.1 837.9 28565760 1.84609e+08
58_0_0_100_8_8 25 75 0.485637 0.179827 0.954018 9.47263 63.1308 3.80252
58_0_0_100_8_8 25 75 50 42015 1426992000 33963.9 840.3 28539840 1.55835e+08
58_0_0_100_9_9 25 75 0.478439 0.178121 0.892646 9.57863 72.8741 3.75209
58_0_0_100_9_9 25 75 50 41804 1409211000 33710 836.08 28184220 1.55141e+08
