1_35_100_320_0_0 80 240 0.701346 0.149707 0.741492 10.4759 450.026 2.92443
1_35_100_320_0_0 80 240 160 3002541 81461079000 27130.7 18765.9 5.09132e+08 1.90081e+09
1_35_100_320_1_1 80 240 0.701346 0.149707 0.741492 10.4759 450.026 2.92443
1_35_100_320_1_1 80 240 160 3002541 81461079000 27130.7 18765.9 5.09132e+08 1.90081e+09
1_35_100_320_2_2 80 240 0.751082 0.150504 0.748668 10.4558 425.802 2.94751
1_35_100_320_2_2 80 240 160 3002543 81461164500 27130.7 18765.9 5.09132e+08 1.90991e+09
1_35_100_320_3_3 80 240 0.685468 0.149763 0.735466 10.2281 401.073 2.79156
1_35_100_320_3_3 80 240 160 3002542 81460917000 27130.7 18765.9 5.09131e+08 1.76789e+09
1_35_100_320_4_4 80 240 0.720597 0.150485 0.751106 10.429 455.128 2.94748
1_35_100_320_4_4 80 240 160 3002539 81460933500 27130.7 18765.9 5.09131e+08 1.89468e+09
1_35_100_320_5_5 80 240 0.767837 0.149974 0.743944 10.4797 399.296 2.92489
1_35_100_320_5_5 80 240 160 3002548 81461224500 27130.7 18765.9 5.09133e+08 1.93817e+09
1_35_100_320_6_6 80 240 0.67869 0.150206 0.735222 10.2474 424.297 2.80474
1_35_100_320_6_6 80 240 160 3002542 81461136000 27130.7 18765.9 509132100 1.70257e+09
1_35_100_320_7_7 80 240 0.748038 0.150082 0.744674 10.4016 569.854 2.89165
1_35_100_320_7_7 80 240 160 3002543 81458728500 27129.9 18765.9 5.09117e+08 1.86213e+09
1_35_100_320_8_8 80 240 0.77505 0.150286 0.752658 10.5395 464.714 3.01595
1_35_100_320_8_8 80 240 160 3002540 81460941000 27130.7 18765.9 5.09131e+08 2.02535e+09
1_35_100_320_9_9 80 240 0.698235 0.149617 0.743425 10.3506 390.052 2.88442
1_35_100_320_9_9 80 240 160 3002540 81460968000 27130.7 18765.9 509131050 1.79869e+09
