2_0_0_320_0_0 80 240 0.547951 0.168013 0.889215 10.0069 437.973 3.70134
2_0_0_320_0_0 80 240 160 4537143 117923826000 25990.8 28357.1 7.37024e+08 2.20887e+09
2_0_0_320_1_1 80 240 0.547951 0.168013 0.889215 10.0069 437.973 3.70134
2_0_0_320_1_1 80 240 160 4537143 117923826000 25990.8 28357.1 7.37024e+08 2.20887e+09
2_0_0_320_2_2 80 240 0.550076 0.168304 0.889826 9.98739 480.035 3.69998
2_0_0_320_2_2 80 240 160 4537495 117915727500 25987 28359.3 7.36973e+08 2.24541e+09
2_0_0_320_3_3 80 240 0.548568 0.167736 0.878036 10.0213 507.081 3.65524
2_0_0_320_3_3 80 240 160 4537233 117907383000 25986.6 28357.7 7.36921e+08 2.23211e+09
2_0_0_320_4_4 80 240 0.544159 0.168378 0.883349 9.94549 480.017 3.63667
2_0_0_320_4_4 80 240 160 4536661 117941775000 25997.5 28354.1 7.37136e+08 2.21355e+09
2_0_0_320_5_5 80 240 0.541342 0.168012 0.874351 9.93054 508.289 3.60963
2_0_0_320_5_5 80 240 160 4536661 117923458500 25993.4 28354.1 7.37022e+08 2.20623e+09
2_0_0_320_6_6 80 240 0.557212 0.167729 0.886312 10.0564 507.256 3.70768
2_0_0_320_6_6 80 240 160 4537641 117907735500 25984.4 28360.3 7.36923e+08 2.26109e+09
2_0_0_320_7_7 80 240 0.543034 0.168315 0.877245 9.98222 487.732 3.62783
2_0_0_320_7_7 80 240 160 4536521 117922593000 25994.1 28353.3 7.37016e+08 2.2044e+09
2_0_0_320_8_8 80 240 0.537951 0.167946 0.88153 9.97113 457.233 3.64793
2_0_0_320_8_8 80 240 160 4537261 117931738500 25991.8 28357.9 7.37073e+08 2.20957e+09
2_0_0_320_9_9 80 240 0.540103 0.167912 0.874282 9.90353 430.051 3.59849
2_0_0_320_9_9 80 240 160 4537281 117931540500 25991.7 28358 7.37072e+08 2.22869e+09
