0_175_1000_200_0 50 150 0.381665 0.109329 0.515079 5.31291 320.488 1.16581
0_175_1000_200_0 50 150 100 779912 27382048500 35109.2 7799.12 273820485 1.07676e+09
0_175_1000_200_1 50 150 0.381665 0.109329 0.515079 5.31291 320.488 1.16581
0_175_1000_200_1 50 150 100 779912 27382048500 35109.2 7799.12 273820485 1.07676e+09
0_175_1000_200_2 50 150 0.374668 0.109678 0.510158 5.11638 296.734 1.14114
0_175_1000_200_2 50 150 100 780325 27338974500 35035.4 7803.25 273389745 1.08028e+09
0_175_1000_200_3 50 150 0.412036 0.109614 0.507606 4.86748 307.993 1.11344
0_175_1000_200_3 50 150 100 781538 27451594500 35125.1 7815.38 274515945 1.08726e+09
0_175_1000_200_4 50 150 0.362819 0.107569 0.496642 4.51007 301.426 1.04476
0_175_1000_200_4 50 150 100 779233 27203317500 34910.4 7792.33 272033175 9.89011e+08
0_175_1000_200_5 50 150 0.34244 0.109193 0.498068 4.32119 192.294 1.03504
0_175_1000_200_5 50 150 100 782126 27399702000 35032.3 7821.26 273997020 9.43408e+08
0_175_1000_200_6 50 150 0.36667 0.109856 0.503422 4.73805 250.14 1.08307
0_175_1000_200_6 50 150 100 781383 27533394000 35236.7 7813.83 275333940 1.05589e+09
0_175_1000_200_7 50 150 0.374936 0.1093 0.504269 4.70283 317.169 1.08044
0_175_1000_200_7 50 150 100 780458 27098013000 34720.7 7804.58 270980130 1.03665e+09
0_175_1000_200_8 50 150 0.362954 0.107997 0.488696 4.38306 226.932 1.00785
0_175_1000_200_8 50 150 100 781572 27358294500 35004.2 7815.72 273582945 9.39979e+08
0_175_1000_200_9 50 150 0.363982 0.109034 0.497314 4.27384 210.93 1.02204
0_175_1000_200_9 50 150 100 781266 27464337000 35153.6 7812.66 274643370 9.88547e+08
