0_4375_10000_100_0_0 25 75 0.636698 0.279629 1.42921 10.0908 174.444 4.70876
0_4375_10000_100_0_0 25 75 50 1581910 54900175500 34705 31638.2 1098003510 8.18141e+09
0_4375_10000_100_1_1 25 75 0.636698 0.279629 1.42921 10.0908 174.444 4.70876
0_4375_10000_100_1_1 25 75 50 1581910 54900175500 34705 31638.2 1098003510 8.18141e+09
0_4375_10000_100_2_2 25 75 0.639063 0.279027 1.43147 10.0989 242.878 4.7564
0_4375_10000_100_2_2 25 75 50 1578729 55040047500 34863.5 31574.6 1100800950 8.41099e+09
0_4375_10000_100_3_3 25 75 0.644854 0.281554 1.47301 10.1106 210.036 4.83839
0_4375_10000_100_3_3 25 75 50 1579921 55135216500 34897.5 31598.4 1102704330 8.2465e+09
0_4375_10000_100_4_4 25 75 0.640882 0.279966 1.43267 10.1015 140.038 4.73805
0_4375_10000_100_4_4 25 75 50 1579541 55189972500 34940.5 31590.8 1103799450 8.39877e+09
0_4375_10000_100_5_5 25 75 0.637842 0.280674 1.43906 10.0786 150.054 4.72836
0_4375_10000_100_5_5 25 75 50 1580303 55316719500 35003.9 31606.1 1106334390 8.35293e+09
0_4375_10000_100_6_6 25 75 0.629258 0.279459 1.40307 10.0094 180.018 4.60592
0_4375_10000_100_6_6 25 75 50 1579462 54746578500 34661.5 31589.2 1094931570 8.01138e+09
0_4375_10000_100_7_7 25 75 0.632625 0.278881 1.43495 10.0242 230.025 4.67715
0_4375_10000_100_7_7 25 75 50 1581195 54875631000 34705.2 31623.9 1097512620 8.15015e+09
0_4375_10000_100_8_8 25 75 0.635176 0.279187 1.43244 10.0443 152.614 4.71112
0_4375_10000_100_8_8 25 75 50 1580032 55110319500 34879.2 31600.6 1102206390 8.26581e+09
0_4375_10000_100_9_9 25 75 0.632633 0.27762 1.41692 10.0498 165.132 4.6839
0_4375_10000_100_9_9 25 75 50 1580559 54624265500 34560.1 31611.2 1092485310 7.97507e+09
