0_43125_100000_100_0_0 25 75 0.618277 0.273216 1.34984 9.95796 212.493 4.51667
0_43125_100000_100_0_0 25 75 50 1559093 54476598000 34941.2 31181.9 1089531960 8.03139e+09
0_43125_100000_100_1_1 25 75 0.618277 0.273216 1.34984 9.95796 212.493 4.51667
0_43125_100000_100_1_1 25 75 50 1559093 54476598000 34941.2 31181.9 1089531960 8.03139e+09
0_43125_100000_100_2_2 25 75 0.610135 0.27071 1.3093 9.86846 180.02 4.44137
0_43125_100000_100_2_2 25 75 50 1556774 54376918500 34929.2 31135.5 1087538370 7.88049e+09
0_43125_100000_100_3_3 25 75 0.606934 0.27173 1.29799 9.79708 110.038 4.36875
0_43125_100000_100_3_3 25 75 50 1556914 54049488000 34715.8 31138.3 1080989760 7.77711e+09
0_43125_100000_100_4_4 25 75 0.604435 0.270027 1.27583 9.85784 210.046 4.35708
0_43125_100000_100_4_4 25 75 50 1558131 54024975000 34672.9 31162.6 1080499500 7.5226e+09
0_43125_100000_100_5_5 25 75 0.619498 0.273128 1.34427 9.97807 180.046 4.54866
0_43125_100000_100_5_5 25 75 50 1559704 54375745500 34862.9 31194.1 1087514910 7.97852e+09
0_43125_100000_100_6_6 25 75 0.600788 0.269803 1.27568 9.79712 134.79 4.3002
0_43125_100000_100_6_6 25 75 50 1556060 54028393500 34721.3 31121.2 1080567870 7.59039e+09
0_43125_100000_100_7_7 25 75 0.610437 0.27139 1.29887 9.89054 199.958 4.39716
0_43125_100000_100_7_7 25 75 50 1557786 54027393000 34682.2 31155.7 1080547860 7.70456e+09
0_43125_100000_100_8_8 25 75 0.603515 0.271408 1.27853 9.802 190.012 4.33001
0_43125_100000_100_8_8 25 75 50 1557955 54215212500 34799 31159.1 1084304250 7.70262e+09
0_43125_100000_100_9_9 25 75 0.604923 0.270823 1.2857 9.83033 95.0036 4.33511
0_43125_100000_100_9_9 25 75 50 1557944 54044121000 34689.4 31158.9 1080882420 7.64125e+09
