2_59375_100000_100_0_0 25 75 0.511227 0.177816 1.05049 9.86644 82.9894 4.38172
2_59375_100000_100_0_0 25 75 50 188240 6448194000 34255.2 3764.8 128963880 7.0573e+08
2_59375_100000_100_1_1 25 75 0.511227 0.177816 1.05049 9.86644 82.9894 4.38172
2_59375_100000_100_1_1 25 75 50 188240 6448194000 34255.2 3764.8 128963880 7.0573e+08
2_59375_100000_100_2_2 25 75 0.533573 0.183872 1.14818 9.97881 74.8793 4.64162
2_59375_100000_100_2_2 25 75 50 188121 6614662500 35161.7 3762.42 132293250 8.359e+08
2_59375_100000_100_3_3 25 75 0.517136 0.18329 1.12493 9.7271 140.02 4.40833
2_59375_100000_100_3_3 25 75 50 188643 6540666000 34672.2 3772.86 130813320 7.62521e+08
2_59375_100000_100_4_4 25 75 0.571358 0.186426 1.26224 10.347 79.0501 5.09395
2_59375_100000_100_4_4 25 75 50 188497 6618403500 35111.5 3769.94 132368070 8.83548e+08
2_59375_100000_100_5_5 25 75 0.55497 0.186034 1.24314 10.1721 79.344 4.96354
2_59375_100000_100_5_5 25 75 50 188194 6636132000 35262.2 3763.88 132722640 8.62931e+08
2_59375_100000_100_6_6 25 75 0.520116 0.178762 1.08121 9.98476 75.7265 4.43882
2_59375_100000_100_6_6 25 75 50 188176 6503868000 34562.7 3763.52 130077360 7.92089e+08
2_59375_100000_100_7_7 25 75 0.524174 0.183553 1.09214 9.8802 73.7625 4.47007
2_59375_100000_100_7_7 25 75 50 188033 6659047500 35414.2 3760.66 133180950 8.47191e+08
2_59375_100000_100_8_8 25 75 0.528944 0.183309 1.16173 9.81598 62.7644 4.5353
2_59375_100000_100_8_8 25 75 50 187720 6561117000 34951.6 3754.4 131222340 7.98098e+08
2_59375_100000_100_9_9 25 75 0.547829 0.185146 1.22713 10.1147 73.5209 4.80599
2_59375_100000_100_9_9 25 75 50 187946 6588777000 35056.8 3758.92 131775540 8.56274e+08
