5_625_1000_200_0_0 50 150 1.19883 0.0874372 0.39512 10.2326 600.449 1.31472
5_625_1000_200_0_0 50 150 100 1044180 21721387500 20802.3 10441.8 217213875 5.33464e+08
5_625_1000_200_1_1 50 150 1.19883 0.0874372 0.39512 10.2326 600.449 1.31472
5_625_1000_200_1_1 50 150 100 1044180 21721387500 20802.3 10441.8 217213875 5.33464e+08
5_625_1000_200_2_2 50 150 1.30592 0.0874155 0.398022 11.4999 1079.76 1.54819
5_625_1000_200_2_2 50 150 100 1044179 21721405500 20802.4 10441.8 217214055 5.93148e+08
5_625_1000_200_3_3 50 150 1.37722 0.0870934 0.394199 10.9165 600.373 1.43283
5_625_1000_200_3_3 50 150 100 1044184 21721264500 20802.1 10441.8 217212645 6.21752e+08
5_625_1000_200_4_4 50 150 1.13304 0.0874486 0.397174 10.3346 619.766 1.39524
5_625_1000_200_4_4 50 150 100 1044182 21721353000 20802.3 10441.8 217213530 4.98377e+08
5_625_1000_200_5_5 50 150 1.24123 0.0873202 0.395819 11.0773 590.299 1.46493
5_625_1000_200_5_5 50 150 100 1044183 21721305000 20802.2 10441.8 217213050 5.5815e+08
5_625_1000_200_6_6 50 150 1.15832 0.0873842 0.390336 9.78783 601.044 1.17867
5_625_1000_200_6_6 50 150 100 1044181 21721377000 20802.3 10441.8 217213770 5.02874e+08
5_625_1000_200_7_7 50 150 1.06825 0.0872333 0.390397 10.29 571.234 1.29425
5_625_1000_200_7_7 50 150 100 1044181 21721089000 20802 10441.8 217210890 4.77271e+08
5_625_1000_200_8_8 50 150 1.04435 0.0872508 0.389029 9.70439 574.053 1.17463
5_625_1000_200_8_8 50 150 100 1044178 21721053000 20802.1 10441.8 217210530 4.74043e+08
5_625_1000_200_9_9 50 150 1.19763 0.0874613 0.391702 10.1822 595.906 1.27884
5_625_1000_200_9_9 50 150 100 1044182 21721324500 20802.2 10441.8 217213245 5.40296e+08
