1350_0_0_43_0_0 10 32 0.56062 0.208583 1.04727 10.2251 84.6364 4.91789
1350_0_0_43_0_0 10 32 22 1364324 47907358500 35114.4 62014.7 2.17761e+09 1.16683e+10
1350_0_0_43_1_1 10 32 0.56062 0.208583 1.04727 10.2251 84.6364 4.91789
1350_0_0_43_1_1 10 32 22 1364324 47907358500 35114.4 62014.7 2.17761e+09 1.16683e+10
1350_0_0_43_2_2 10 32 0.558884 0.20826 1.03417 10.2324 85.0392 4.89465
1350_0_0_43_2_2 10 32 22 1362944 47722582500 35014.3 61952 2.16921e+09 1.15767e+10
1350_0_0_43_3_3 10 32 0.557642 0.208961 1.04732 10.1775 103.722 4.9026
1350_0_0_43_3_3 10 32 22 1364514 47862082500 35076.3 62023.4 2.17555e+09 1.17434e+10
1350_0_0_43_4_4 10 32 0.562165 0.20867 1.06055 10.2515 114.698 4.95243
1350_0_0_43_4_4 10 32 22 1363475 47848537500 35093.1 61976.1 2.17493e+09 1.1574e+10
1350_0_0_43_5_5 10 32 0.545967 0.207211 0.997978 10.0968 103.112 4.72292
1350_0_0_43_5_5 10 32 22 1363073 47484312000 34836.2 61957.9 2.15838e+09 1.13346e+10
1350_0_0_43_6_6 10 32 0.554554 0.208622 1.02284 10.2051 112.724 4.82028
1350_0_0_43_6_6 10 32 22 1363116 47890842000 35133.4 61959.8 2.17686e+09 1.16848e+10
1350_0_0_43_7_7 10 32 0.554135 0.208753 1.03421 10.1379 90.1635 4.82401
1350_0_0_43_7_7 10 32 22 1362739 47748370500 35038.5 61942.7 2.17038e+09 1.17479e+10
1350_0_0_43_8_8 10 32 0.554952 0.207531 1.01185 10.2062 112.673 4.83306
1350_0_0_43_8_8 10 32 22 1363491 47641903500 34941.1 61976.9 2.16554e+09 1.15176e+10
1350_0_0_43_9_9 10 32 0.563482 0.208838 1.04909 10.2997 111.599 4.93506
1350_0_0_43_9_9 10 32 22 1363532 47886300000 35119.3 61978.7 2176650000 1.17451e+10
