26_0_0_100_0_0 25 75 0.648301 0.131076 0.673688 10.3267 154.114 3.35084
26_0_0_100_0_0 25 75 50 234698 8112790500 34566.9 4693.96 162255810 7.72022e+08
26_0_0_100_1_1 25 75 0.648301 0.131076 0.673688 10.3267 154.114 3.35084
26_0_0_100_1_1 25 75 50 234698 8112790500 34566.9 4693.96 162255810 7.72022e+08
26_0_0_100_2_2 25 75 0.634439 0.132544 0.666609 10.3177 133.417 3.27252
26_0_0_100_2_2 25 75 50 234413 8180665500 34898.5 4688.26 163613310 8.18056e+08
26_0_0_100_3_3 25 75 0.662273 0.13319 0.674198 10.5839 141.48 3.38647
26_0_0_100_3_3 25 75 50 234714 8179329000 34848.1 4694.28 163586580 8.73194e+08
26_0_0_100_4_4 25 75 0.670641 0.134985 0.711919 10.6577 132.201 3.62664
26_0_0_100_4_4 25 75 50 234406 8224932000 35088.4 4688.12 164498640 9.08658e+08
26_0_0_100_5_5 25 75 0.637291 0.13552 0.682438 10.2816 131.042 3.34772
26_0_0_100_5_5 25 75 50 234209 8147646000 34787.9 4684.18 162952920 8.23003e+08
26_0_0_100_6_6 25 75 0.601242 0.130884 0.643988 10.1714 119.944 3.13206
26_0_0_100_6_6 25 75 50 234698 8148931500 34720.9 4693.96 162978630 8.05123e+08
26_0_0_100_7_7 25 75 0.665135 0.134534 0.693094 10.5648 131.209 3.49569
26_0_0_100_7_7 25 75 50 234334 8217381000 35067 4686.68 164347620 9.08685e+08
26_0_0_100_8_8 25 75 0.685401 0.133187 0.700086 10.7257 126.054 3.60683
26_0_0_100_8_8 25 75 50 234058 8212344000 35086.8 4681.16 164246880 8.96914e+08
26_0_0_100_9_9 25 75 0.720517 0.136929 0.739176 10.9591 130.984 3.8253
26_0_0_100_9_9 25 75 50 234180 8201227500 35021 4683.6 164024550 8.8061e+08
