0_475_1000_100_0_0 25 75 0.573116 0.231141 1.12131 9.95892 110.719 4.22069
0_475_1000_100_0_0 25 75 50 1239894 43306615500 34927.7 24797.9 866132310 5.83913e+09
0_475_1000_100_1_1 25 75 0.573116 0.231141 1.12131 9.95892 110.719 4.22069
0_475_1000_100_1_1 25 75 50 1239894 43306615500 34927.7 24797.9 866132310 5.83913e+09
0_475_1000_100_2_2 25 75 0.591616 0.233968 1.20047 10.1326 130.003 4.46389
0_475_1000_100_2_2 25 75 50 1238159 43424031000 35071.4 24763.2 868480620 6.04247e+09
0_475_1000_100_3_3 25 75 0.588862 0.234955 1.19927 10.0672 240.026 4.44582
0_475_1000_100_3_3 25 75 50 1239832 43450576500 35045.5 24796.6 869011530 5.80744e+09
0_475_1000_100_4_4 25 75 0.586694 0.234228 1.18585 10.0812 210.015 4.41486
0_475_1000_100_4_4 25 75 50 1239180 43692844500 35259.5 24783.6 873856890 5.9671e+09
0_475_1000_100_5_5 25 75 0.59459 0.234158 1.20898 10.1255 139.999 4.53419
0_475_1000_100_5_5 25 75 50 1238236 43489452000 35122.1 24764.7 869789040 6.12094e+09
0_475_1000_100_6_6 25 75 0.569503 0.230627 1.12167 9.93478 100.027 4.22225
0_475_1000_100_6_6 25 75 50 1237262 43301640000 34998 24745.2 866032800 5.707e+09
0_475_1000_100_7_7 25 75 0.611744 0.236675 1.25868 10.312 210.032 4.681
0_475_1000_100_7_7 25 75 50 1238676 43789395000 35351.8 24773.5 875787900 6.40973e+09
0_475_1000_100_8_8 25 75 0.60926 0.23557 1.24445 10.276 209.878 4.66715
0_475_1000_100_8_8 25 75 50 1240120 43485424500 35065.5 24802.4 869708490 6.19864e+09
0_475_1000_100_9_9 25 75 0.595454 0.235696 1.22384 10.1397 176.516 4.56188
0_475_1000_100_9_9 25 75 50 1240109 43512541500 35087.7 24802.2 870250830 5.91529e+09
