1325_0_0_43_0_0 10 32 0.527235 0.204741 0.911406 10.0002 110.009 4.43613
1325_0_0_43_0_0 10 32 22 1339109 47008005000 35103.9 60868.6 2136727500 1.08478e+10
1325_0_0_43_1_1 10 32 0.527235 0.204741 0.911406 10.0002 110.009 4.43613
1325_0_0_43_1_1 10 32 22 1339109 47008005000 35103.9 60868.6 2136727500 1.08478e+10
1325_0_0_43_2_2 10 32 0.518951 0.204125 0.8939 9.93493 79.8938 4.31978
1325_0_0_43_2_2 10 32 22 1338001 46835704500 35004.2 60818.2 2.1289e+09 1.08038e+10
1325_0_0_43_3_3 10 32 0.521553 0.205343 0.909254 9.93433 109.98 4.36415
1325_0_0_43_3_3 10 32 22 1339234 46955796000 35061.7 60874.3 2.13435e+09 1.08477e+10
1325_0_0_43_4_4 10 32 0.525346 0.205124 0.919105 9.9613 109.857 4.42124
1325_0_0_43_4_4 10 32 22 1338356 46949517000 35080 60834.4 2.13407e+09 1.07626e+10
1325_0_0_43_5_5 10 32 0.515861 0.203435 0.890785 9.87343 109.78 4.25588
1325_0_0_43_5_5 10 32 22 1337606 46600458000 34838.7 60800.3 2.1182e+09 1.05279e+10
1325_0_0_43_6_6 10 32 0.52376 0.205424 0.907617 9.95408 113.203 4.35689
1325_0_0_43_6_6 10 32 22 1337949 47007669000 35134.1 60815.9 2.13671e+09 1.092e+10
1325_0_0_43_7_7 10 32 0.522357 0.205093 0.90052 9.93567 77.2532 4.34232
1325_0_0_43_7_7 10 32 22 1337441 46842813000 35024.2 60792.8 2.12922e+09 1.08972e+10
1325_0_0_43_8_8 10 32 0.522155 0.20416 0.903979 9.97795 113.451 4.37082
1325_0_0_43_8_8 10 32 22 1338251 46782732000 34958.1 60829.6 2.12649e+09 1.07237e+10
1325_0_0_43_9_9 10 32 0.525387 0.204295 0.911661 10.0096 100.018 4.39965
1325_0_0_43_9_9 10 32 22 1338257 46984173000 35108.5 60829.9 2.13564e+09 1.07984e+10
