0 14 50 0 73 0.0390625
0 14 51 0 73 0.04296875
0 14 52 0 73 0.04296875
0 14 53 0 73 0.04296875
0 14 54 0 73 0.0390625
0 14 55 0 73 0.04296875
0 14 57 0 74 0.02734375
0 14 58 0 74 0.029296875
0 14 59 0 74 0.029296875
0 14 60 0 74 0.005859375
0 14 61 0 74 0.02734375
0 14 62 0 74 0.005859375
0 14 64 0 75 0.02734375
0 14 65 0 75 0.029296875
0 14 66 0 75 0.029296875
0 14 67 0 75 0.005859375
0 14 68 0 75 0.02734375
0 14 69 0 75 0.005859375
0 14 71 0 76 0.02734375
0 14 72 0 76 0.029296875
0 14 73 0 76 0.029296875
0 14 74 0 76 0.005859375
0 14 75 0 76 0.02734375
0 14 76 0 76 0.005859375
0 14 78 0 77 0.02734375
0 14 79 0 77 0.029296875
0 14 80 0 77 0.029296875
0 14 81 0 77 0.005859375
0 14 82 0 77 0.02734375
0 14 83 0 77 0.005859375
0 14 85 0 78 0.02734375
0 14 86 0 78 0.029296875
0 14 87 0 78 0.029296875
0 14 88 0 78 0.005859375
0 14 89 0 78 0.02734375
0 14 90 0 78 0.005859375
0 14 92 0 79 0.02734375
0 14 93 0 79 0.029296875
0 14 94 0 79 0.029296875
0 14 95 0 79 0.005859375
0 14 96 0 79 0.02734375
0 14 97 0 79 0.005859375
0 36 0 0 25 0.0625
0 36 1 0 24 0.125
0 36 2 0 26 0.0625
0 36 3 0 27 0.078125
0 36 4 0 54 0.046875
0 36 5 0 28 0.125
0 36 6 0 29 0.0625
0 36 7 0 30 0.125
0 36 8 0 52 0.0625
0 36 9 0 53 0.046875
0 36 10 0 55 0.046875
0 36 11 0 56 0.046875
0 36 12 0 57 0.0625
0 36 13 0 58 0.046875
0 38 0 0 73 0.046875
0 38 1 0 74 0.171875
0 38 2 0 75 0.15625
0 38 3 0 76 0.15625
0 38 4 0 77 0.15625
0 38 5 0 78 0.15625
0 38 6 0 79 0.15625
0 59 0 0 25 0.09375
0 59 1 0 24 0.1875
0 59 2 0 26 0.09375
0 59 3 0 27 0.09375
0 59 4 0 28 0.21875
0 59 5 0 29 0.09375
0 59 6 0 30 0.21875
5 14 50 5 73 0.0390625
5 14 51 5 73 0.04296875
5 14 52 5 73 0.04296875
5 14 53 5 73 0.04296875
5 14 54 5 73 0.0390625
5 14 55 5 73 0.04296875
5 14 57 5 74 0.02734375
5 14 58 5 74 0.029296875
5 14 59 5 74 0.029296875
5 14 60 5 74 0.005859375
5 14 61 5 74 0.02734375
5 14 62 5 74 0.005859375
5 14 64 5 75 0.02734375
5 14 65 5 75 0.029296875
5 14 66 5 75 0.029296875
5 14 67 5 75 0.005859375
5 14 68 5 75 0.02734375
5 14 69 5 75 0.005859375
5 14 71 5 76 0.02734375
5 14 72 5 76 0.029296875
5 14 73 5 76 0.029296875
5 14 74 5 76 0.005859375
5 14 75 5 76 0.02734375
5 14 76 5 76 0.005859375
5 14 78 5 77 0.02734375
5 14 79 5 77 0.029296875
5 14 80 5 77 0.029296875
5 14 81 5 77 0.005859375
5 14 82 5 77 0.02734375
5 14 83 5 77 0.005859375
5 14 85 5 78 0.02734375
5 14 86 5 78 0.029296875
5 14 87 5 78 0.029296875
5 14 88 5 78 0.005859375
5 14 89 5 78 0.02734375
5 14 90 5 78 0.005859375
5 14 92 5 79 0.02734375
5 14 93 5 79 0.029296875
5 14 94 5 79 0.029296875
5 14 95 5 79 0.005859375
5 14 96 5 79 0.02734375
5 14 97 5 79 0.005859375
5 36 0 5 25 0.0625
5 36 1 5 24 0.125
5 36 2 5 26 0.0625
5 36 3 5 27 0.0625
5 36 4 5 54 0.046875
5 36 5 5 28 0.125
5 36 6 5 29 0.078125
5 36 7 5 30 0.125
5 36 8 5 52 0.0625
5 36 9 5 53 0.046875
5 36 10 5 55 0.046875
5 36 11 5 56 0.046875
5 36 12 5 57 0.0625
5 36 13 5 58 0.046875
5 38 0 5 73 0.046875
5 38 1 5 74 0.171875
5 38 2 5 75 0.15625
5 38 3 5 76 0.15625
5 38 4 5 77 0.15625
5 38 5 5 78 0.15625
5 38 6 5 79 0.15625
5 59 0 5 25 0.09375
5 59 1 5 24 0.1875
5 59 2 5 26 0.09375
5 59 3 5 27 0.09375
5 59 4 5 28 0.21875
5 59 5 5 29 0.09375
5 59 6 5 30 0.21875
8 14 8 8 66 0.15625
8 14 9 8 67 0.140625
8 14 10 8 68 0.140625
8 14 11 8 69 0.140625
8 14 12 8 70 0.140625
8 14 13 8 71 0.140625
8 14 14 8 72 0.140625
8 36 0 8 36 0.140625
8 36 1 8 59 0.015625
8 36 2 8 60 0.140625
8 36 3 8 61 0.140625
8 36 4 8 62 0.140625
8 36 5 8 63 0.140625
8 36 6 8 64 0.140625
8 36 7 8 65 0.140625
8 38 0 8 16 0.015625
8 38 1 8 12 0.015625
8 38 2 8 13 0.015625
8 38 4 8 15 0.015625
8 38 5 8 17 0.015625
8 38 6 8 66 0.140625
8 38 7 8 67 0.140625
8 38 8 8 68 0.140625
8 38 9 8 69 0.125
8 38 10 8 70 0.125
8 38 11 8 71 0.125
8 38 12 8 72 0.125
8 59 0 8 59 0.09375
8 59 1 8 16 0.171875
8 59 3 8 32 0.015625
8 59 5 8 34 0.015625
8 59 6 8 35 0.015625
8 59 7 8 36 0.015625
8 59 8 8 37 0.015625
8 59 9 8 12 0.171875
8 59 10 8 13 0.140625
8 59 12 8 15 0.171875
8 59 13 8 17 0.171875
9 14 8 9 66 0.15625
9 14 9 9 67 0.140625
9 14 10 9 68 0.140625
9 14 11 9 69 0.140625
9 14 12 9 70 0.140625
9 14 13 9 71 0.140625
9 14 14 9 72 0.140625
9 36 0 9 36 0.140625
9 36 1 9 59 0.015625
9 36 2 9 60 0.140625
9 36 3 9 61 0.140625
9 36 4 9 62 0.140625
9 36 5 9 63 0.140625
9 36 6 9 64 0.140625
9 36 7 9 65 0.140625
9 38 0 9 16 0.015625
9 38 1 9 12 0.015625
9 38 2 9 13 0.015625
9 38 4 9 15 0.015625
9 38 5 9 17 0.015625
9 38 6 9 66 0.140625
9 38 7 9 67 0.140625
9 38 8 9 68 0.140625
9 38 9 9 69 0.125
9 38 10 9 70 0.125
9 38 11 9 71 0.125
9 38 12 9 72 0.125
9 59 0 9 59 0.09375
9 59 1 9 16 0.171875
9 59 3 9 32 0.015625
9 59 5 9 34 0.015625
9 59 6 9 35 0.015625
9 59 7 9 36 0.015625
9 59 8 9 37 0.015625
9 59 9 9 12 0.171875
9 59 10 9 13 0.140625
9 59 12 9 15 0.171875
9 59 13 9 17 0.171875
13 14 8 13 39 0.140625
13 14 9 13 40 0.140625
13 14 10 13 41 0.140625
13 14 11 13 42 0.03125
13 14 12 13 43 0.140625
13 14 13 13 44 0.03125
13 14 20 13 66 0.0625
13 14 21 13 67 0.0625
13 14 22 13 68 0.0625
13 14 23 13 69 0.046875
13 14 24 13 70 0.046875
13 14 25 13 71 0.046875
13 14 26 13 72 0.046875
13 36 1 13 60 0.015625
13 36 2 13 61 0.015625
13 36 3 13 62 0.015625
13 36 4 13 63 0.015625
13 36 5 13 64 0.015625
13 36 6 13 65 0.015625
13 36 7 13 6 0.171875
13 36 8 13 7 0.171875
13 36 9 13 8 0.109375
13 36 10 13 9 0.109375
13 36 11 13 10 0.171875
13 36 12 13 11 0.171875
13 38 0 13 38 0.015625
13 38 1 13 66 0.140625
13 38 2 13 67 0.140625
13 38 3 13 68 0.140625
13 38 4 13 69 0.140625
13 38 5 13 70 0.140625
13 38 6 13 71 0.140625
13 38 7 13 72 0.140625
13 59 0 13 59 0.09375
13 59 1 13 6 0.171875
13 59 2 13 7 0.171875
13 59 3 13 8 0.109375
13 59 4 13 9 0.109375
13 59 5 13 10 0.171875
13 59 6 13 11 0.171875
23 14 1 23 73 0.0146484375
23 14 2 23 73 0.01611328125
23 14 3 23 73 0.01611328125
23 14 4 23 73 0.01611328125
23 14 5 23 73 0.0146484375
23 14 6 23 73 0.01611328125
23 14 8 23 74 0.00341796875
23 14 9 23 74 0.003662109375
23 14 10 23 74 0.003662109375
23 14 11 23 74 7.32421875E-4
23 14 12 23 74 0.00341796875
23 14 13 23 74 7.32421875E-4
23 14 15 23 75 0.00341796875
23 14 16 23 75 0.003662109375
23 14 17 23 75 0.003662109375
23 14 18 23 75 7.32421875E-4
23 14 19 23 75 0.00341796875
23 14 20 23 75 7.32421875E-4
23 14 22 23 76 0.00341796875
23 14 23 23 76 0.003662109375
23 14 24 23 76 0.003662109375
23 14 25 23 76 7.32421875E-4
23 14 26 23 76 0.00341796875
23 14 27 23 76 7.32421875E-4
23 14 29 23 77 0.00341796875
23 14 30 23 77 0.003662109375
23 14 31 23 77 0.003662109375
23 14 32 23 77 7.32421875E-4
23 14 33 23 77 0.00341796875
23 14 34 23 77 7.32421875E-4
23 14 36 23 78 0.00341796875
23 14 37 23 78 0.003662109375
23 14 38 23 78 0.003662109375
23 14 39 23 78 7.32421875E-4
23 14 40 23 78 0.00341796875
23 14 41 23 78 7.32421875E-4
23 14 43 23 79 0.00341796875
23 14 44 23 79 0.003662109375
23 14 45 23 79 0.003662109375
23 14 46 23 79 7.32421875E-4
23 14 47 23 79 0.00341796875
23 14 48 23 79 7.32421875E-4
23 14 49 23 45 0.08203125
23 14 50 23 45 0.00390625
23 14 51 23 45 0.00390625
23 14 52 23 45 0.00390625
23 14 53 23 45 0.005859375
23 14 54 23 45 0.00390625
23 14 55 23 45 0.005859375
23 14 56 23 45 0.00390625
23 14 57 23 45 0.001953125
23 14 58 23 45 0.001953125
23 14 59 23 45 0.001953125
23 14 60 23 45 0.001953125
23 14 61 23 45 0.001953125
23 14 62 23 45 0.001953125
23 14 63 23 46 0.073486328125
23 14 64 23 46 0.00341796875
23 14 65 23 46 0.00341796875
23 14 66 23 46 0.00341796875
23 14 67 23 46 0.005126953125
23 14 68 23 46 0.00341796875
23 14 69 23 46 0.005126953125
23 14 70 23 46 0.001708984375
23 14 71 23 46 0.001708984375
23 14 72 23 46 0.001708984375
23 14 73 23 46 0.001708984375
23 14 74 23 46 0.001708984375
23 14 75 23 46 0.001708984375
23 14 76 23 46 0.001708984375
23 14 77 23 47 0.08203125
23 14 78 23 47 0.00390625
23 14 79 23 47 0.00390625
23 14 80 23 47 0.00390625
23 14 81 23 47 0.005859375
23 14 82 23 47 0.00390625
23 14 83 23 47 0.005859375
23 14 84 23 47 0.00390625
23 14 85 23 47 0.001953125
23 14 86 23 47 0.001953125
23 14 87 23 47 0.001953125
23 14 88 23 47 0.001953125
23 14 89 23 47 0.001953125
23 14 90 23 47 0.001953125
23 14 91 23 48 0.073486328125
23 14 92 23 48 0.00341796875
23 14 93 23 48 0.00341796875
23 14 94 23 48 0.00341796875
23 14 95 23 48 0.005126953125
23 14 96 23 48 0.00341796875
23 14 97 23 48 0.005126953125
23 14 98 23 48 0.001708984375
23 14 99 23 48 0.001708984375
23 14 100 23 48 0.001708984375
23 14 101 23 48 0.001708984375
23 14 102 23 48 0.001708984375
23 14 103 23 48 0.001708984375
23 14 104 23 48 0.001708984375
23 14 105 23 49 0.073486328125
23 14 106 23 49 0.00341796875
23 14 107 23 49 0.00341796875
23 14 108 23 49 0.00341796875
23 14 109 23 49 0.005126953125
23 14 110 23 49 0.00341796875
23 14 111 23 49 0.005126953125
23 14 112 23 49 0.001708984375
23 14 113 23 49 0.001708984375
23 14 114 23 49 0.001708984375
23 14 115 23 49 0.001708984375
23 14 116 23 49 0.001708984375
23 14 117 23 49 0.001708984375
23 14 118 23 49 0.001708984375
23 14 119 23 50 0.08203125
23 14 120 23 50 0.00390625
23 14 121 23 50 0.00390625
23 14 122 23 50 0.00390625
23 14 123 23 50 0.005859375
23 14 124 23 50 0.00390625
23 14 125 23 50 0.005859375
23 14 126 23 50 0.00390625
23 14 127 23 50 0.001953125
23 14 128 23 50 0.001953125
23 14 129 23 50 0.001953125
23 14 130 23 50 0.001953125
23 14 131 23 50 0.001953125
23 14 132 23 50 0.001953125
23 14 133 23 51 0.073486328125
23 14 134 23 51 0.00341796875
23 14 135 23 51 0.00341796875
23 14 136 23 51 0.00341796875
23 14 137 23 51 0.005126953125
23 14 138 23 51 0.00341796875
23 14 139 23 51 0.005126953125
23 14 140 23 51 0.001708984375
23 14 141 23 51 0.001708984375
23 14 142 23 51 0.001708984375
23 14 143 23 51 0.001708984375
23 14 144 23 51 0.001708984375
23 14 145 23 51 0.001708984375
23 14 146 23 51 0.001708984375
23 36 0 23 54 0.171875
23 36 1 23 52 0.109375
23 36 2 23 53 0.09375
23 36 3 23 55 0.171875
23 36 4 23 56 0.171875
23 36 5 23 57 0.109375
23 36 6 23 58 0.171875
23 38 7 23 45 0.140625
23 38 8 23 46 0.140625
23 38 9 23 47 0.140625
23 38 10 23 48 0.15625
23 38 11 23 49 0.140625
23 38 12 23 50 0.140625
23 38 13 23 51 0.140625
23 59 0 23 0 0.021484375
23 59 1 23 0 0.0234375
23 59 2 23 0 0.01953125
23 59 3 23 0 0.021484375
23 59 4 23 0 0.009765625
23 59 5 23 0 0.01953125
23 59 6 23 0 0.009765625
23 59 7 23 54 0.003662109375
23 59 8 23 54 0.003662109375
23 59 9 23 54 0.003662109375
23 59 10 23 54 0.003662109375
23 59 11 23 54 0.00146484375
23 59 12 23 54 0.003662109375
23 59 13 23 54 0.00146484375
23 59 14 23 54 0.002197265625
23 59 15 23 54 0.00439453125
23 59 16 23 54 0.00146484375
23 59 17 23 54 0.00439453125
23 59 18 23 54 0.00439453125
23 59 19 23 54 0.00439453125
23 59 20 23 54 0.00439453125
23 59 21 23 52 0.008544921875
23 59 22 23 52 0.008544921875
23 59 23 23 52 0.008544921875
23 59 24 23 52 0.008544921875
23 59 25 23 52 0.00341796875
23 59 26 23 52 0.008544921875
23 59 27 23 52 0.00341796875
23 59 28 23 52 0.00341796875
23 59 29 23 52 0.01025390625
23 59 30 23 52 0.00341796875
23 59 31 23 52 0.01025390625
23 59 32 23 52 0.01025390625
23 59 33 23 52 0.011962890625
23 59 34 23 52 0.01025390625
23 59 35 23 53 0.01708984375
23 59 36 23 53 0.01708984375
23 59 37 23 53 0.01708984375
23 59 38 23 53 0.01708984375
23 59 39 23 53 0.01025390625
23 59 40 23 53 0.01708984375
23 59 41 23 53 0.013671875
23 59 42 23 53 0.01025390625
23 59 43 23 53 0.01708984375
23 59 44 23 53 0.01025390625
23 59 45 23 53 0.01708984375
23 59 46 23 53 0.0205078125
23 59 47 23 53 0.01708984375
23 59 48 23 53 0.01708984375
23 59 49 23 55 0.003662109375
23 59 50 23 55 0.003662109375
23 59 51 23 55 0.003662109375
23 59 52 23 55 0.003662109375
23 59 53 23 55 0.00146484375
23 59 54 23 55 0.003662109375
23 59 55 23 55 0.00146484375
23 59 56 23 55 0.002197265625
23 59 57 23 55 0.00439453125
23 59 58 23 55 0.00146484375
23 59 59 23 55 0.00439453125
23 59 60 23 55 0.00439453125
23 59 61 23 55 0.00439453125
23 59 62 23 55 0.00439453125
23 59 63 23 56 0.003662109375
23 59 64 23 56 0.003662109375
23 59 65 23 56 0.003662109375
23 59 66 23 56 0.003662109375
23 59 67 23 56 0.00146484375
23 59 68 23 56 0.003662109375
23 59 69 23 56 0.00146484375
23 59 70 23 56 0.002197265625
23 59 71 23 56 0.00439453125
23 59 72 23 56 0.00146484375
23 59 73 23 56 0.00439453125
23 59 74 23 56 0.00439453125
23 59 75 23 56 0.00439453125
23 59 76 23 56 0.00439453125
23 59 77 23 57 0.008544921875
23 59 78 23 57 0.008544921875
23 59 79 23 57 0.008544921875
23 59 80 23 57 0.008544921875
23 59 81 23 57 0.00341796875
23 59 82 23 57 0.008544921875
23 59 83 23 57 0.00341796875
23 59 84 23 57 0.00341796875
23 59 85 23 57 0.01025390625
23 59 86 23 57 0.00341796875
23 59 87 23 57 0.01025390625
23 59 88 23 57 0.01025390625
23 59 89 23 57 0.011962890625
23 59 90 23 57 0.01025390625
23 59 91 23 58 0.003662109375
23 59 92 23 58 0.003662109375
23 59 93 23 58 0.003662109375
23 59 94 23 58 0.003662109375
23 59 95 23 58 0.00146484375
23 59 96 23 58 0.003662109375
23 59 97 23 58 0.00146484375
23 59 98 23 58 0.002197265625
23 59 99 23 58 0.00439453125
23 59 100 23 58 0.00146484375
23 59 101 23 58 0.00439453125
23 59 102 23 58 0.00439453125
23 59 103 23 58 0.00439453125
23 59 104 23 58 0.00439453125
23 59 105 23 1 0.00537109375
23 59 106 23 1 0.005859375
23 59 107 23 1 0.00537109375
23 59 108 23 1 0.00537109375
23 59 109 23 1 0.001953125
23 59 110 23 1 0.00537109375
23 59 111 23 1 0.001953125
23 59 112 23 2 0.00537109375
23 59 113 23 2 0.005859375
23 59 114 23 2 0.00537109375
23 59 115 23 2 0.00537109375
23 59 116 23 2 0.001953125
23 59 117 23 2 0.00537109375
23 59 118 23 2 0.001953125
23 59 119 23 3 0.00537109375
23 59 120 23 3 0.005859375
23 59 121 23 3 0.00537109375
23 59 122 23 3 0.00537109375
23 59 123 23 3 0.001953125
23 59 124 23 3 0.00537109375
23 59 125 23 3 0.001953125
23 59 126 23 4 0.00537109375
23 59 127 23 4 0.005859375
23 59 128 23 4 0.00537109375
23 59 129 23 4 0.00537109375
23 59 130 23 4 0.001953125
23 59 131 23 4 0.00537109375
23 59 132 23 4 0.001953125
23 59 133 23 5 0.01953125
23 59 134 23 5 0.0234375
23 59 135 23 5 0.01953125
23 59 136 23 5 0.021484375
23 59 137 23 5 0.009765625
23 59 138 23 5 0.021484375
23 59 139 23 5 0.009765625
25 14 0 25 59 0.078125
25 14 1 25 60 0.15625
25 14 2 25 61 0.15625
25 14 3 25 62 0.15625
25 14 4 25 63 0.15625
25 14 5 25 64 0.140625
25 14 6 25 65 0.15625
25 36 0 25 36 0.109375
25 36 1 25 54 0.0625
25 36 2 25 52 0.078125
25 36 3 25 53 0.0625
25 36 4 25 55 0.078125
25 36 5 25 56 0.078125
25 36 6 25 57 0.078125
25 36 7 25 58 0.078125
25 36 9 25 60 0.0625
25 36 10 25 61 0.0625
25 36 11 25 62 0.0625
25 36 12 25 63 0.0625
25 36 13 25 64 0.0625
25 36 14 25 65 0.0625
25 38 0 25 0 0.029296875
25 38 1 25 0 0.017578125
25 38 2 25 0 0.015625
25 38 3 25 0 0.015625
25 38 4 25 0 0.015625
25 38 5 25 0 0.015625
25 38 6 25 0 0.015625
25 38 7 25 1 0.02197265625
25 38 8 25 1 0.01318359375
25 38 9 25 1 0.01171875
25 38 10 25 1 0.01171875
25 38 11 25 1 0.01171875
25 38 12 25 1 0.01171875
25 38 13 25 1 0.01171875
25 38 14 25 2 0.02197265625
25 38 15 25 2 0.01318359375
25 38 16 25 2 0.01171875
25 38 17 25 2 0.01171875
25 38 18 25 2 0.01171875
25 38 19 25 2 0.01171875
25 38 20 25 2 0.01171875
25 38 21 25 3 0.02197265625
25 38 22 25 3 0.01318359375
25 38 23 25 3 0.01171875
25 38 24 25 3 0.01171875
25 38 25 25 3 0.01171875
25 38 26 25 3 0.01171875
25 38 27 25 3 0.01171875
25 38 28 25 4 0.02197265625
25 38 29 25 4 0.01318359375
25 38 30 25 4 0.01171875
25 38 31 25 4 0.01171875
25 38 32 25 4 0.01171875
25 38 33 25 4 0.01171875
25 38 34 25 4 0.01171875
25 38 35 25 5 0.029296875
25 38 36 25 5 0.017578125
25 38 37 25 5 0.015625
25 38 38 25 5 0.015625
25 38 39 25 5 0.015625
25 38 40 25 5 0.015625
25 38 41 25 5 0.015625
25 38 48 25 60 0.015625
25 38 49 25 60 0.009765625
25 38 50 25 60 0.01171875
25 38 52 25 60 0.009765625
25 38 53 25 60 0.015625
25 38 54 25 61 0.015625
25 38 55 25 61 0.009765625
25 38 56 25 61 0.01171875
25 38 58 25 61 0.009765625
25 38 59 25 61 0.015625
25 38 60 25 62 0.015625
25 38 61 25 62 0.009765625
25 38 62 25 62 0.01171875
25 38 64 25 62 0.009765625
25 38 65 25 62 0.015625
25 38 66 25 63 0.015625
25 38 67 25 63 0.009765625
25 38 68 25 63 0.01171875
25 38 70 25 63 0.009765625
25 38 71 25 63 0.015625
25 38 72 25 64 0.015625
25 38 73 25 64 0.009765625
25 38 74 25 64 0.01171875
25 38 76 25 64 0.009765625
25 38 77 25 64 0.015625
25 38 78 25 65 0.015625
25 38 79 25 65 0.009765625
25 38 80 25 65 0.01171875
25 38 82 25 65 0.009765625
25 38 83 25 65 0.015625
25 59 0 25 59 0.140625
25 59 1 25 31 0.140625
25 59 2 25 32 0.109375
25 59 3 25 33 0.140625
25 59 4 25 34 0.109375
25 59 5 25 35 0.125
25 59 6 25 36 0.125
25 59 7 25 37 0.109375
26 14 0 26 59 0.078125
26 14 1 26 60 0.15625
26 14 2 26 61 0.15625
26 14 3 26 62 0.15625
26 14 4 26 63 0.15625
26 14 5 26 64 0.140625
26 14 6 26 65 0.15625
26 36 0 26 36 0.109375
26 36 1 26 54 0.0625
26 36 2 26 52 0.078125
26 36 3 26 53 0.0625
26 36 4 26 55 0.078125
26 36 5 26 56 0.078125
26 36 6 26 57 0.078125
26 36 7 26 58 0.078125
26 36 9 26 60 0.0625
26 36 10 26 61 0.0625
26 36 11 26 62 0.0625
26 36 12 26 63 0.0625
26 36 13 26 64 0.0625
26 36 14 26 65 0.0625
26 38 0 26 0 0.029296875
26 38 1 26 0 0.017578125
26 38 2 26 0 0.015625
26 38 3 26 0 0.015625
26 38 4 26 0 0.015625
26 38 5 26 0 0.015625
26 38 6 26 0 0.015625
26 38 7 26 1 0.02197265625
26 38 8 26 1 0.01318359375
26 38 9 26 1 0.01171875
26 38 10 26 1 0.01171875
26 38 11 26 1 0.01171875
26 38 12 26 1 0.01171875
26 38 13 26 1 0.01171875
26 38 14 26 2 0.02197265625
26 38 15 26 2 0.01318359375
26 38 16 26 2 0.01171875
26 38 17 26 2 0.01171875
26 38 18 26 2 0.01171875
26 38 19 26 2 0.01171875
26 38 20 26 2 0.01171875
26 38 21 26 3 0.02197265625
26 38 22 26 3 0.01318359375
26 38 23 26 3 0.01171875
26 38 24 26 3 0.01171875
26 38 25 26 3 0.01171875
26 38 26 26 3 0.01171875
26 38 27 26 3 0.01171875
26 38 28 26 4 0.02197265625
26 38 29 26 4 0.01318359375
26 38 30 26 4 0.01171875
26 38 31 26 4 0.01171875
26 38 32 26 4 0.01171875
26 38 33 26 4 0.01171875
26 38 34 26 4 0.01171875
26 38 35 26 5 0.029296875
26 38 36 26 5 0.017578125
26 38 37 26 5 0.015625
26 38 38 26 5 0.015625
26 38 39 26 5 0.015625
26 38 40 26 5 0.015625
26 38 41 26 5 0.015625
26 38 48 26 60 0.015625
26 38 49 26 60 0.009765625
26 38 50 26 60 0.01171875
26 38 52 26 60 0.009765625
26 38 53 26 60 0.015625
26 38 54 26 61 0.015625
26 38 55 26 61 0.009765625
26 38 56 26 61 0.01171875
26 38 58 26 61 0.009765625
26 38 59 26 61 0.015625
26 38 60 26 62 0.015625
26 38 61 26 62 0.009765625
26 38 62 26 62 0.01171875
26 38 64 26 62 0.009765625
26 38 65 26 62 0.015625
26 38 66 26 63 0.015625
26 38 67 26 63 0.009765625
26 38 68 26 63 0.01171875
26 38 70 26 63 0.009765625
26 38 71 26 63 0.015625
26 38 72 26 64 0.015625
26 38 73 26 64 0.009765625
26 38 74 26 64 0.01171875
26 38 76 26 64 0.009765625
26 38 77 26 64 0.015625
26 38 78 26 65 0.015625
26 38 79 26 65 0.009765625
26 38 80 26 65 0.01171875
26 38 82 26 65 0.009765625
26 38 83 26 65 0.015625
26 59 0 26 59 0.140625
26 59 1 26 31 0.140625
26 59 2 26 32 0.109375
26 59 3 26 33 0.140625
26 59 4 26 34 0.109375
26 59 5 26 35 0.125
26 59 6 26 36 0.125
26 59 7 26 37 0.109375
27 14 0 27 59 0.078125
27 14 1 27 60 0.15625
27 14 2 27 61 0.15625
27 14 3 27 62 0.15625
27 14 4 27 63 0.15625
27 14 5 27 64 0.140625
27 14 6 27 65 0.15625
27 36 0 27 36 0.109375
27 36 1 27 54 0.0625
27 36 2 27 52 0.078125
27 36 3 27 53 0.0625
27 36 4 27 55 0.078125
27 36 5 27 56 0.078125
27 36 6 27 57 0.078125
27 36 7 27 58 0.078125
27 36 9 27 60 0.0625
27 36 10 27 61 0.0625
27 36 11 27 62 0.0625
27 36 12 27 63 0.0625
27 36 13 27 64 0.0625
27 36 14 27 65 0.0625
27 38 0 27 0 0.029296875
27 38 1 27 0 0.017578125
27 38 2 27 0 0.015625
27 38 3 27 0 0.015625
27 38 4 27 0 0.015625
27 38 5 27 0 0.015625
27 38 6 27 0 0.015625
27 38 7 27 1 0.02197265625
27 38 8 27 1 0.01318359375
27 38 9 27 1 0.01171875
27 38 10 27 1 0.01171875
27 38 11 27 1 0.01171875
27 38 12 27 1 0.01171875
27 38 13 27 1 0.01171875
27 38 14 27 2 0.02197265625
27 38 15 27 2 0.01318359375
27 38 16 27 2 0.01171875
27 38 17 27 2 0.01171875
27 38 18 27 2 0.01171875
27 38 19 27 2 0.01171875
27 38 20 27 2 0.01171875
27 38 21 27 3 0.02197265625
27 38 22 27 3 0.01318359375
27 38 23 27 3 0.01171875
27 38 24 27 3 0.01171875
27 38 25 27 3 0.01171875
27 38 26 27 3 0.01171875
27 38 27 27 3 0.01171875
27 38 28 27 4 0.02197265625
27 38 29 27 4 0.01318359375
27 38 30 27 4 0.01171875
27 38 31 27 4 0.01171875
27 38 32 27 4 0.01171875
27 38 33 27 4 0.01171875
27 38 34 27 4 0.01171875
27 38 35 27 5 0.029296875
27 38 36 27 5 0.017578125
27 38 37 27 5 0.015625
27 38 38 27 5 0.015625
27 38 39 27 5 0.015625
27 38 40 27 5 0.015625
27 38 41 27 5 0.015625
27 38 48 27 60 0.015625
27 38 49 27 60 0.009765625
27 38 50 27 60 0.01171875
27 38 52 27 60 0.009765625
27 38 53 27 60 0.015625
27 38 54 27 61 0.015625
27 38 55 27 61 0.009765625
27 38 56 27 61 0.01171875
27 38 58 27 61 0.009765625
27 38 59 27 61 0.015625
27 38 60 27 62 0.015625
27 38 61 27 62 0.009765625
27 38 62 27 62 0.01171875
27 38 64 27 62 0.009765625
27 38 65 27 62 0.015625
27 38 66 27 63 0.015625
27 38 67 27 63 0.009765625
27 38 68 27 63 0.01171875
27 38 70 27 63 0.009765625
27 38 71 27 63 0.015625
27 38 72 27 64 0.015625
27 38 73 27 64 0.009765625
27 38 74 27 64 0.01171875
27 38 76 27 64 0.009765625
27 38 77 27 64 0.015625
27 38 78 27 65 0.015625
27 38 79 27 65 0.009765625
27 38 80 27 65 0.01171875
27 38 82 27 65 0.009765625
27 38 83 27 65 0.015625
27 59 0 27 59 0.140625
27 59 1 27 31 0.140625
27 59 2 27 32 0.109375
27 59 3 27 33 0.140625
27 59 4 27 34 0.109375
27 59 5 27 35 0.125
27 59 6 27 36 0.125
27 59 7 27 37 0.109375
29 14 0 29 59 0.078125
29 14 1 29 60 0.15625
29 14 2 29 61 0.15625
29 14 3 29 62 0.15625
29 14 4 29 63 0.15625
29 14 5 29 64 0.140625
29 14 6 29 65 0.15625
29 36 0 29 36 0.109375
29 36 1 29 54 0.0625
29 36 2 29 52 0.078125
29 36 3 29 53 0.0625
29 36 4 29 55 0.078125
29 36 5 29 56 0.078125
29 36 6 29 57 0.078125
29 36 7 29 58 0.078125
29 36 9 29 60 0.0625
29 36 10 29 61 0.0625
29 36 11 29 62 0.0625
29 36 12 29 63 0.0625
29 36 13 29 64 0.0625
29 36 14 29 65 0.0625
29 38 0 29 0 0.029296875
29 38 1 29 0 0.017578125
29 38 2 29 0 0.015625
29 38 3 29 0 0.015625
29 38 4 29 0 0.015625
29 38 5 29 0 0.015625
29 38 6 29 0 0.015625
29 38 7 29 1 0.02197265625
29 38 8 29 1 0.01318359375
29 38 9 29 1 0.01171875
29 38 10 29 1 0.01171875
29 38 11 29 1 0.01171875
29 38 12 29 1 0.01171875
29 38 13 29 1 0.01171875
29 38 14 29 2 0.02197265625
29 38 15 29 2 0.01318359375
29 38 16 29 2 0.01171875
29 38 17 29 2 0.01171875
29 38 18 29 2 0.01171875
29 38 19 29 2 0.01171875
29 38 20 29 2 0.01171875
29 38 21 29 3 0.02197265625
29 38 22 29 3 0.01318359375
29 38 23 29 3 0.01171875
29 38 24 29 3 0.01171875
29 38 25 29 3 0.01171875
29 38 26 29 3 0.01171875
29 38 27 29 3 0.01171875
29 38 28 29 4 0.02197265625
29 38 29 29 4 0.01318359375
29 38 30 29 4 0.01171875
29 38 31 29 4 0.01171875
29 38 32 29 4 0.01171875
29 38 33 29 4 0.01171875
29 38 34 29 4 0.01171875
29 38 35 29 5 0.029296875
29 38 36 29 5 0.017578125
29 38 37 29 5 0.015625
29 38 38 29 5 0.015625
29 38 39 29 5 0.015625
29 38 40 29 5 0.015625
29 38 41 29 5 0.015625
29 38 48 29 60 0.015625
29 38 49 29 60 0.009765625
29 38 50 29 60 0.01171875
29 38 52 29 60 0.009765625
29 38 53 29 60 0.015625
29 38 54 29 61 0.015625
29 38 55 29 61 0.009765625
29 38 56 29 61 0.01171875
29 38 58 29 61 0.009765625
29 38 59 29 61 0.015625
29 38 60 29 62 0.015625
29 38 61 29 62 0.009765625
29 38 62 29 62 0.01171875
29 38 64 29 62 0.009765625
29 38 65 29 62 0.015625
29 38 66 29 63 0.015625
29 38 67 29 63 0.009765625
29 38 68 29 63 0.01171875
29 38 70 29 63 0.009765625
29 38 71 29 63 0.015625
29 38 72 29 64 0.015625
29 38 73 29 64 0.009765625
29 38 74 29 64 0.01171875
29 38 76 29 64 0.009765625
29 38 77 29 64 0.015625
29 38 78 29 65 0.015625
29 38 79 29 65 0.009765625
29 38 80 29 65 0.01171875
29 38 82 29 65 0.009765625
29 38 83 29 65 0.015625
29 59 0 29 59 0.140625
29 59 1 29 31 0.140625
29 59 2 29 32 0.109375
29 59 3 29 33 0.140625
29 59 4 29 34 0.109375
29 59 5 29 35 0.125
29 59 6 29 36 0.125
29 59 7 29 37 0.109375
32 14 7 32 6 0.15625
32 14 8 32 7 0.171875
32 14 9 32 8 0.171875
32 14 10 32 9 0.171875
32 14 11 32 10 0.15625
32 14 12 32 11 0.171875
32 36 0 32 25 0.0625
32 36 1 32 24 0.078125
32 36 2 32 26 0.0625
32 36 3 32 27 0.0625
32 36 4 32 54 0.03125
32 36 5 32 28 0.046875
32 36 6 32 29 0.0625
32 36 7 32 30 0.046875
32 36 8 32 52 0.03125
32 36 9 32 53 0.03125
32 36 10 32 55 0.03125
32 36 11 32 56 0.03125
32 36 12 32 57 0.03125
32 36 13 32 58 0.03125
32 36 14 32 59 0.015625
32 36 15 32 60 0.015625
32 36 16 32 61 0.015625
32 36 17 32 62 0.015625
32 36 18 32 63 0.015625
32 36 19 32 64 0.015625
32 36 20 32 65 0.015625
32 36 21 32 6 0.046875
32 36 22 32 7 0.046875
32 36 23 32 8 0.03125
32 36 24 32 9 0.03125
32 36 25 32 10 0.046875
32 36 26 32 11 0.046875
32 38 6 32 60 0.00390625
32 38 7 32 60 0.00244140625
32 38 8 32 60 0.0029296875
32 38 10 32 60 0.00244140625
32 38 11 32 60 0.00390625
32 38 12 32 61 0.00390625
32 38 13 32 61 0.00244140625
32 38 14 32 61 0.0029296875
32 38 16 32 61 0.00244140625
32 38 17 32 61 0.00390625
32 38 30 32 64 0.00390625
32 38 31 32 64 0.00244140625
32 38 32 32 64 0.0029296875
32 38 34 32 64 0.00244140625
32 38 35 32 64 0.00390625
32 38 36 32 65 0.00390625
32 38 37 32 65 0.00244140625
32 38 38 32 65 0.0029296875
32 38 40 32 65 0.00244140625
32 38 41 32 65 0.00390625
32 38 42 32 6 0.0087890625
32 38 43 32 6 0.017578125
32 38 44 32 6 0.01318359375
32 38 46 32 6 0.017578125
32 38 47 32 6 0.0087890625
32 38 48 32 6 0.0087890625
32 38 49 32 6 0.010986328125
32 38 50 32 6 0.010986328125
32 38 51 32 6 0.010986328125
32 38 52 32 6 0.010986328125
32 38 53 32 6 0.010986328125
32 38 54 32 6 0.010986328125
32 38 55 32 7 0.0087890625
32 38 56 32 7 0.017578125
32 38 57 32 7 0.01318359375
32 38 59 32 7 0.017578125
32 38 60 32 7 0.0087890625
32 38 61 32 7 0.0087890625
32 38 62 32 7 0.010986328125
32 38 63 32 7 0.010986328125
32 38 64 32 7 0.010986328125
32 38 65 32 7 0.010986328125
32 38 66 32 7 0.010986328125
32 38 67 32 7 0.010986328125
32 38 68 32 8 0.0087890625
32 38 69 32 8 0.017578125
32 38 70 32 8 0.0146484375
32 38 72 32 8 0.017578125
32 38 73 32 8 0.0087890625
32 38 74 32 8 0.0146484375
32 38 75 32 8 0.017578125
32 38 76 32 8 0.017578125
32 38 77 32 8 0.017578125
32 38 78 32 8 0.017578125
32 38 79 32 8 0.017578125
32 38 80 32 8 0.017578125
32 38 81 32 9 0.0087890625
32 38 82 32 9 0.017578125
32 38 83 32 9 0.0146484375
32 38 85 32 9 0.017578125
32 38 86 32 9 0.0087890625
32 38 87 32 9 0.0146484375
32 38 88 32 9 0.017578125
32 38 89 32 9 0.017578125
32 38 90 32 9 0.017578125
32 38 91 32 9 0.017578125
32 38 92 32 9 0.017578125
32 38 93 32 9 0.017578125
32 38 94 32 10 0.0087890625
32 38 95 32 10 0.017578125
32 38 96 32 10 0.01318359375
32 38 98 32 10 0.017578125
32 38 99 32 10 0.0087890625
32 38 100 32 10 0.0087890625
32 38 101 32 10 0.010986328125
32 38 102 32 10 0.010986328125
32 38 103 32 10 0.010986328125
32 38 104 32 10 0.010986328125
32 38 105 32 10 0.010986328125
32 38 106 32 10 0.010986328125
32 38 107 32 11 0.0087890625
32 38 108 32 11 0.017578125
32 38 109 32 11 0.01318359375
32 38 111 32 11 0.017578125
32 38 112 32 11 0.0087890625
32 38 113 32 11 0.0087890625
32 38 114 32 11 0.010986328125
32 38 115 32 11 0.010986328125
32 38 116 32 11 0.010986328125
32 38 117 32 11 0.010986328125
32 38 118 32 11 0.010986328125
32 38 119 32 11 0.010986328125
32 59 0 32 59 0.015625
32 59 1 32 25 0.015625
32 59 2 32 24 0.015625
32 59 3 32 26 0.015625
32 59 4 32 27 0.015625
32 59 6 32 29 0.015625
32 59 8 32 6 0.15625
32 59 9 32 7 0.15625
32 59 10 32 8 0.140625
32 59 11 32 9 0.140625
32 59 12 32 10 0.15625
32 59 13 32 11 0.15625
34 14 7 34 6 0.15625
34 14 8 34 7 0.15625
34 14 9 34 8 0.171875
34 14 10 34 9 0.171875
34 14 11 34 10 0.171875
34 14 12 34 11 0.171875
34 36 0 34 25 0.0625
34 36 1 34 24 0.078125
34 36 2 34 26 0.0625
34 36 3 34 27 0.0625
34 36 4 34 54 0.03125
34 36 5 34 28 0.046875
34 36 6 34 29 0.0625
34 36 7 34 30 0.046875
34 36 8 34 52 0.03125
34 36 9 34 53 0.03125
34 36 10 34 55 0.03125
34 36 11 34 56 0.03125
34 36 12 34 57 0.03125
34 36 13 34 58 0.03125
34 36 14 34 59 0.015625
34 36 15 34 60 0.015625
34 36 16 34 61 0.015625
34 36 17 34 62 0.015625
34 36 18 34 63 0.015625
34 36 19 34 64 0.015625
34 36 20 34 65 0.015625
34 36 21 34 6 0.046875
34 36 22 34 7 0.046875
34 36 23 34 8 0.03125
34 36 24 34 9 0.03125
34 36 25 34 10 0.046875
34 36 26 34 11 0.046875
34 38 6 34 60 0.00390625
34 38 7 34 60 0.00244140625
34 38 8 34 60 0.0029296875
34 38 10 34 60 0.00244140625
34 38 11 34 60 0.00390625
34 38 12 34 61 0.00390625
34 38 13 34 61 0.00244140625
34 38 14 34 61 0.0029296875
34 38 16 34 61 0.00244140625
34 38 17 34 61 0.00390625
34 38 30 34 64 0.00390625
34 38 31 34 64 0.00244140625
34 38 32 34 64 0.0029296875
34 38 34 34 64 0.00244140625
34 38 35 34 64 0.00390625
34 38 36 34 65 0.00390625
34 38 37 34 65 0.00244140625
34 38 38 34 65 0.0029296875
34 38 40 34 65 0.00244140625
34 38 41 34 65 0.00390625
34 38 42 34 6 0.0087890625
34 38 43 34 6 0.017578125
34 38 44 34 6 0.01318359375
34 38 46 34 6 0.017578125
34 38 47 34 6 0.0087890625
34 38 48 34 6 0.0087890625
34 38 49 34 6 0.010986328125
34 38 50 34 6 0.010986328125
34 38 51 34 6 0.010986328125
34 38 52 34 6 0.010986328125
34 38 53 34 6 0.010986328125
34 38 54 34 6 0.010986328125
34 38 55 34 7 0.0087890625
34 38 56 34 7 0.017578125
34 38 57 34 7 0.01318359375
34 38 59 34 7 0.017578125
34 38 60 34 7 0.0087890625
34 38 61 34 7 0.0087890625
34 38 62 34 7 0.010986328125
34 38 63 34 7 0.010986328125
34 38 64 34 7 0.010986328125
34 38 65 34 7 0.010986328125
34 38 66 34 7 0.010986328125
34 38 67 34 7 0.010986328125
34 38 68 34 8 0.0087890625
34 38 69 34 8 0.017578125
34 38 70 34 8 0.0146484375
34 38 72 34 8 0.017578125
34 38 73 34 8 0.0087890625
34 38 74 34 8 0.0146484375
34 38 75 34 8 0.017578125
34 38 76 34 8 0.017578125
34 38 77 34 8 0.017578125
34 38 78 34 8 0.017578125
34 38 79 34 8 0.017578125
34 38 80 34 8 0.017578125
34 38 81 34 9 0.0087890625
34 38 82 34 9 0.017578125
34 38 83 34 9 0.0146484375
34 38 85 34 9 0.017578125
34 38 86 34 9 0.0087890625
34 38 87 34 9 0.0146484375
34 38 88 34 9 0.017578125
34 38 89 34 9 0.017578125
34 38 90 34 9 0.017578125
34 38 91 34 9 0.017578125
34 38 92 34 9 0.017578125
34 38 93 34 9 0.017578125
34 38 94 34 10 0.0087890625
34 38 95 34 10 0.017578125
34 38 96 34 10 0.01318359375
34 38 98 34 10 0.017578125
34 38 99 34 10 0.0087890625
34 38 100 34 10 0.0087890625
34 38 101 34 10 0.010986328125
34 38 102 34 10 0.010986328125
34 38 103 34 10 0.010986328125
34 38 104 34 10 0.010986328125
34 38 105 34 10 0.010986328125
34 38 106 34 10 0.010986328125
34 38 107 34 11 0.0087890625
34 38 108 34 11 0.017578125
34 38 109 34 11 0.01318359375
34 38 111 34 11 0.017578125
34 38 112 34 11 0.0087890625
34 38 113 34 11 0.0087890625
34 38 114 34 11 0.010986328125
34 38 115 34 11 0.010986328125
34 38 116 34 11 0.010986328125
34 38 117 34 11 0.010986328125
34 38 118 34 11 0.010986328125
34 38 119 34 11 0.010986328125
34 59 0 34 59 0.015625
34 59 1 34 25 0.015625
34 59 2 34 24 0.015625
34 59 3 34 26 0.015625
34 59 4 34 27 0.015625
34 59 6 34 29 0.015625
34 59 8 34 6 0.15625
34 59 9 34 7 0.15625
34 59 10 34 8 0.140625
34 59 11 34 9 0.140625
34 59 12 34 10 0.15625
34 59 13 34 11 0.15625
37 14 7 37 6 0.15625
37 14 8 37 7 0.171875
37 14 9 37 8 0.171875
37 14 10 37 9 0.171875
37 14 11 37 10 0.171875
37 14 12 37 11 0.15625
37 36 0 37 25 0.0625
37 36 1 37 24 0.078125
37 36 2 37 26 0.0625
37 36 3 37 27 0.0625
37 36 4 37 54 0.03125
37 36 5 37 28 0.046875
37 36 6 37 29 0.0625
37 36 7 37 30 0.046875
37 36 8 37 52 0.03125
37 36 9 37 53 0.03125
37 36 10 37 55 0.03125
37 36 11 37 56 0.03125
37 36 12 37 57 0.03125
37 36 13 37 58 0.03125
37 36 14 37 59 0.015625
37 36 15 37 60 0.015625
37 36 16 37 61 0.015625
37 36 17 37 62 0.015625
37 36 18 37 63 0.015625
37 36 19 37 64 0.015625
37 36 20 37 65 0.015625
37 36 21 37 6 0.046875
37 36 22 37 7 0.046875
37 36 23 37 8 0.03125
37 36 24 37 9 0.03125
37 36 25 37 10 0.046875
37 36 26 37 11 0.046875
37 38 6 37 60 0.00390625
37 38 7 37 60 0.00244140625
37 38 8 37 60 0.0029296875
37 38 10 37 60 0.00244140625
37 38 11 37 60 0.00390625
37 38 12 37 61 0.00390625
37 38 13 37 61 0.00244140625
37 38 14 37 61 0.0029296875
37 38 16 37 61 0.00244140625
37 38 17 37 61 0.00390625
37 38 30 37 64 0.00390625
37 38 31 37 64 0.00244140625
37 38 32 37 64 0.0029296875
37 38 34 37 64 0.00244140625
37 38 35 37 64 0.00390625
37 38 36 37 65 0.00390625
37 38 37 37 65 0.00244140625
37 38 38 37 65 0.0029296875
37 38 40 37 65 0.00244140625
37 38 41 37 65 0.00390625
37 38 42 37 6 0.0087890625
37 38 43 37 6 0.017578125
37 38 44 37 6 0.01318359375
37 38 46 37 6 0.017578125
37 38 47 37 6 0.0087890625
37 38 48 37 6 0.0087890625
37 38 49 37 6 0.010986328125
37 38 50 37 6 0.010986328125
37 38 51 37 6 0.010986328125
37 38 52 37 6 0.010986328125
37 38 53 37 6 0.010986328125
37 38 54 37 6 0.010986328125
37 38 55 37 7 0.0087890625
37 38 56 37 7 0.017578125
37 38 57 37 7 0.01318359375
37 38 59 37 7 0.017578125
37 38 60 37 7 0.0087890625
37 38 61 37 7 0.0087890625
37 38 62 37 7 0.010986328125
37 38 63 37 7 0.010986328125
37 38 64 37 7 0.010986328125
37 38 65 37 7 0.010986328125
37 38 66 37 7 0.010986328125
37 38 67 37 7 0.010986328125
37 38 68 37 8 0.0087890625
37 38 69 37 8 0.017578125
37 38 70 37 8 0.0146484375
37 38 72 37 8 0.017578125
37 38 73 37 8 0.0087890625
37 38 74 37 8 0.0146484375
37 38 75 37 8 0.017578125
37 38 76 37 8 0.017578125
37 38 77 37 8 0.017578125
37 38 78 37 8 0.017578125
37 38 79 37 8 0.017578125
37 38 80 37 8 0.017578125
37 38 81 37 9 0.0087890625
37 38 82 37 9 0.017578125
37 38 83 37 9 0.0146484375
37 38 85 37 9 0.017578125
37 38 86 37 9 0.0087890625
37 38 87 37 9 0.0146484375
37 38 88 37 9 0.017578125
37 38 89 37 9 0.017578125
37 38 90 37 9 0.017578125
37 38 91 37 9 0.017578125
37 38 92 37 9 0.017578125
37 38 93 37 9 0.017578125
37 38 94 37 10 0.0087890625
37 38 95 37 10 0.017578125
37 38 96 37 10 0.01318359375
37 38 98 37 10 0.017578125
37 38 99 37 10 0.0087890625
37 38 100 37 10 0.0087890625
37 38 101 37 10 0.010986328125
37 38 102 37 10 0.010986328125
37 38 103 37 10 0.010986328125
37 38 104 37 10 0.010986328125
37 38 105 37 10 0.010986328125
37 38 106 37 10 0.010986328125
37 38 107 37 11 0.0087890625
37 38 108 37 11 0.017578125
37 38 109 37 11 0.01318359375
37 38 111 37 11 0.017578125
37 38 112 37 11 0.0087890625
37 38 113 37 11 0.0087890625
37 38 114 37 11 0.010986328125
37 38 115 37 11 0.010986328125
37 38 116 37 11 0.010986328125
37 38 117 37 11 0.010986328125
37 38 118 37 11 0.010986328125
37 38 119 37 11 0.010986328125
37 59 0 37 59 0.015625
37 59 1 37 25 0.015625
37 59 2 37 24 0.015625
37 59 3 37 26 0.015625
37 59 4 37 27 0.015625
37 59 6 37 29 0.015625
37 59 8 37 6 0.15625
37 59 9 37 7 0.15625
37 59 10 37 8 0.140625
37 59 11 37 9 0.140625
37 59 12 37 10 0.15625
37 59 13 37 11 0.15625
42 14 0 42 14 0.015625
42 14 1 42 66 0.140625
42 14 2 42 67 0.140625
42 14 3 42 68 0.140625
42 14 4 42 69 0.140625
42 14 5 42 70 0.140625
42 14 6 42 71 0.140625
42 14 7 42 72 0.140625
42 36 0 42 16 0.00341796875
42 36 1 42 16 0.001708984375
42 36 2 42 16 0.001708984375
42 36 3 42 16 0.001708984375
42 36 4 42 16 0.001708984375
42 36 5 42 16 0.001708984375
42 36 6 42 16 0.001708984375
42 36 7 42 16 0.01708984375
42 36 8 42 16 0.01708984375
42 36 9 42 16 0.013671875
42 36 10 42 16 0.013671875
42 36 11 42 16 0.01708984375
42 36 12 42 16 0.01708984375
42 36 13 42 12 0.00341796875
42 36 14 42 12 0.00341796875
42 36 15 42 12 0.00341796875
42 36 16 42 12 0.00341796875
42 36 17 42 12 0.00341796875
42 36 18 42 12 0.00341796875
42 36 19 42 12 0.00341796875
42 36 20 42 12 0.0341796875
42 36 21 42 12 0.0341796875
42 36 22 42 12 0.02734375
42 36 23 42 12 0.03076171875
42 36 24 42 12 0.0341796875
42 36 25 42 12 0.0341796875
42 36 26 42 13 0.003173828125
42 36 27 42 13 0.00634765625
42 36 28 42 13 0.00634765625
42 36 29 42 13 0.00634765625
42 36 30 42 13 0.00634765625
42 36 31 42 13 0.003173828125
42 36 32 42 13 0.00634765625
42 36 33 42 13 0.028564453125
42 36 34 42 13 0.028564453125
42 36 35 42 13 0.025390625
42 36 36 42 13 0.025390625
42 36 37 42 13 0.028564453125
42 36 38 42 13 0.028564453125
42 36 39 42 14 0.00732421875
42 36 40 42 14 4.8828125E-4
42 36 41 42 14 4.8828125E-4
42 36 42 42 14 4.8828125E-4
42 36 43 42 14 4.8828125E-4
42 36 44 42 14 4.8828125E-4
42 36 45 42 14 4.8828125E-4
42 36 46 42 14 0.00390625
42 36 47 42 14 0.00341796875
42 36 48 42 14 0.00341796875
42 36 49 42 14 0.00341796875
42 36 50 42 14 0.00341796875
42 36 51 42 14 0.00341796875
42 36 52 42 15 0.00341796875
42 36 53 42 15 0.00341796875
42 36 54 42 15 0.00341796875
42 36 55 42 15 0.00341796875
42 36 56 42 15 0.00341796875
42 36 57 42 15 0.00341796875
42 36 58 42 15 0.00341796875
42 36 59 42 15 0.0341796875
42 36 60 42 15 0.0341796875
42 36 61 42 15 0.02734375
42 36 62 42 15 0.03076171875
42 36 63 42 15 0.0341796875
42 36 64 42 15 0.0341796875
42 36 65 42 17 0.00341796875
42 36 66 42 17 0.001708984375
42 36 67 42 17 0.001708984375
42 36 68 42 17 0.001708984375
42 36 69 42 17 0.001708984375
42 36 70 42 17 0.001708984375
42 36 71 42 17 0.001708984375
42 36 72 42 17 0.01708984375
42 36 73 42 17 0.01708984375
42 36 74 42 17 0.013671875
42 36 75 42 17 0.013671875
42 36 76 42 17 0.01708984375
42 36 77 42 17 0.01708984375
42 36 78 42 66 0.002685546875
42 36 79 42 66 0.002685546875
42 36 80 42 66 0.00244140625
42 36 81 42 66 0.00244140625
42 36 82 42 66 0.002685546875
42 36 83 42 66 0.002685546875
42 36 84 42 67 0.002685546875
42 36 85 42 67 0.002685546875
42 36 86 42 67 0.00244140625
42 36 87 42 67 0.00244140625
42 36 88 42 67 0.002685546875
42 36 89 42 67 0.002685546875
42 36 90 42 68 0.002685546875
42 36 91 42 68 0.002685546875
42 36 92 42 68 0.00244140625
42 36 93 42 68 0.00244140625
42 36 94 42 68 0.002685546875
42 36 95 42 68 0.002685546875
42 36 96 42 69 0.002685546875
42 36 97 42 69 0.002685546875
42 36 98 42 69 0.00244140625
42 36 99 42 69 0.00244140625
42 36 100 42 69 0.002685546875
42 36 101 42 69 0.002685546875
42 36 102 42 70 0.002685546875
42 36 103 42 70 0.002685546875
42 36 104 42 70 0.00244140625
42 36 105 42 70 0.00244140625
42 36 106 42 70 0.002685546875
42 36 107 42 70 0.002685546875
42 36 108 42 71 0.002685546875
42 36 109 42 71 0.002685546875
42 36 110 42 71 0.00244140625
42 36 111 42 71 0.00244140625
42 36 112 42 71 0.002685546875
42 36 113 42 71 0.002685546875
42 36 114 42 72 0.002685546875
42 36 115 42 72 0.002685546875
42 36 116 42 72 0.00244140625
42 36 117 42 72 0.00244140625
42 36 118 42 72 0.002685546875
42 36 119 42 72 0.002685546875
42 38 8 42 45 0.140625
42 38 9 42 46 0.140625
42 38 10 42 47 0.140625
42 38 11 42 48 0.140625
42 38 12 42 49 0.140625
42 38 13 42 50 0.140625
42 38 14 42 51 0.140625
42 38 17 42 14 0.015625
42 59 0 42 16 0.140625
42 59 1 42 12 0.140625
42 59 2 42 13 0.125
42 59 3 42 14 0.3125
42 59 4 42 15 0.140625
42 59 5 42 17 0.140625
44 14 0 44 14 0.015625
44 14 1 44 66 0.140625
44 14 2 44 67 0.140625
44 14 3 44 68 0.140625
44 14 4 44 69 0.140625
44 14 5 44 70 0.140625
44 14 6 44 71 0.140625
44 14 7 44 72 0.140625
44 36 0 44 16 0.00341796875
44 36 1 44 16 0.001708984375
44 36 2 44 16 0.001708984375
44 36 3 44 16 0.001708984375
44 36 4 44 16 0.001708984375
44 36 5 44 16 0.001708984375
44 36 6 44 16 0.001708984375
44 36 7 44 16 0.01708984375
44 36 8 44 16 0.01708984375
44 36 9 44 16 0.013671875
44 36 10 44 16 0.013671875
44 36 11 44 16 0.01708984375
44 36 12 44 16 0.01708984375
44 36 13 44 12 0.00341796875
44 36 14 44 12 0.00341796875
44 36 15 44 12 0.00341796875
44 36 16 44 12 0.00341796875
44 36 17 44 12 0.00341796875
44 36 18 44 12 0.00341796875
44 36 19 44 12 0.00341796875
44 36 20 44 12 0.0341796875
44 36 21 44 12 0.0341796875
44 36 22 44 12 0.02734375
44 36 23 44 12 0.03076171875
44 36 24 44 12 0.0341796875
44 36 25 44 12 0.0341796875
44 36 26 44 13 0.003173828125
44 36 27 44 13 0.00634765625
44 36 28 44 13 0.00634765625
44 36 29 44 13 0.00634765625
44 36 30 44 13 0.00634765625
44 36 31 44 13 0.003173828125
44 36 32 44 13 0.00634765625
44 36 33 44 13 0.028564453125
44 36 34 44 13 0.028564453125
44 36 35 44 13 0.025390625
44 36 36 44 13 0.025390625
44 36 37 44 13 0.028564453125
44 36 38 44 13 0.028564453125
44 36 39 44 14 0.00732421875
44 36 40 44 14 4.8828125E-4
44 36 41 44 14 4.8828125E-4
44 36 42 44 14 4.8828125E-4
44 36 43 44 14 4.8828125E-4
44 36 44 44 14 4.8828125E-4
44 36 45 44 14 4.8828125E-4
44 36 46 44 14 0.00390625
44 36 47 44 14 0.00341796875
44 36 48 44 14 0.00341796875
44 36 49 44 14 0.00341796875
44 36 50 44 14 0.00341796875
44 36 51 44 14 0.00341796875
44 36 52 44 15 0.00341796875
44 36 53 44 15 0.00341796875
44 36 54 44 15 0.00341796875
44 36 55 44 15 0.00341796875
44 36 56 44 15 0.00341796875
44 36 57 44 15 0.00341796875
44 36 58 44 15 0.00341796875
44 36 59 44 15 0.0341796875
44 36 60 44 15 0.0341796875
44 36 61 44 15 0.02734375
44 36 62 44 15 0.03076171875
44 36 63 44 15 0.0341796875
44 36 64 44 15 0.0341796875
44 36 65 44 17 0.00341796875
44 36 66 44 17 0.001708984375
44 36 67 44 17 0.001708984375
44 36 68 44 17 0.001708984375
44 36 69 44 17 0.001708984375
44 36 70 44 17 0.001708984375
44 36 71 44 17 0.001708984375
44 36 72 44 17 0.01708984375
44 36 73 44 17 0.01708984375
44 36 74 44 17 0.013671875
44 36 75 44 17 0.013671875
44 36 76 44 17 0.01708984375
44 36 77 44 17 0.01708984375
44 36 78 44 66 0.002685546875
44 36 79 44 66 0.002685546875
44 36 80 44 66 0.00244140625
44 36 81 44 66 0.00244140625
44 36 82 44 66 0.002685546875
44 36 83 44 66 0.002685546875
44 36 84 44 67 0.002685546875
44 36 85 44 67 0.002685546875
44 36 86 44 67 0.00244140625
44 36 87 44 67 0.00244140625
44 36 88 44 67 0.002685546875
44 36 89 44 67 0.002685546875
44 36 90 44 68 0.002685546875
44 36 91 44 68 0.002685546875
44 36 92 44 68 0.00244140625
44 36 93 44 68 0.00244140625
44 36 94 44 68 0.002685546875
44 36 95 44 68 0.002685546875
44 36 96 44 69 0.002685546875
44 36 97 44 69 0.002685546875
44 36 98 44 69 0.00244140625
44 36 99 44 69 0.00244140625
44 36 100 44 69 0.002685546875
44 36 101 44 69 0.002685546875
44 36 102 44 70 0.002685546875
44 36 103 44 70 0.002685546875
44 36 104 44 70 0.00244140625
44 36 105 44 70 0.00244140625
44 36 106 44 70 0.002685546875
44 36 107 44 70 0.002685546875
44 36 108 44 71 0.002685546875
44 36 109 44 71 0.002685546875
44 36 110 44 71 0.00244140625
44 36 111 44 71 0.00244140625
44 36 112 44 71 0.002685546875
44 36 113 44 71 0.002685546875
44 36 114 44 72 0.002685546875
44 36 115 44 72 0.002685546875
44 36 116 44 72 0.00244140625
44 36 117 44 72 0.00244140625
44 36 118 44 72 0.002685546875
44 36 119 44 72 0.002685546875
44 38 8 44 45 0.140625
44 38 9 44 46 0.140625
44 38 10 44 47 0.140625
44 38 11 44 48 0.140625
44 38 12 44 49 0.140625
44 38 13 44 50 0.140625
44 38 14 44 51 0.140625
44 38 17 44 14 0.015625
44 59 0 44 16 0.140625
44 59 1 44 12 0.140625
44 59 2 44 13 0.125
44 59 3 44 14 0.3125
44 59 4 44 15 0.140625
44 59 5 44 17 0.140625
53 14 0 53 25 0.0048828125
53 14 1 53 25 0.001708984375
53 14 2 53 25 0.001708984375
53 14 3 53 25 0.001708984375
53 14 4 53 25 0.001708984375
53 14 5 53 25 0.001953125
53 14 6 53 25 0.001953125
53 14 7 53 24 0.0068359375
53 14 8 53 24 0.00146484375
53 14 9 53 24 0.00146484375
53 14 10 53 24 0.00146484375
53 14 11 53 24 0.00146484375
53 14 12 53 24 0.00146484375
53 14 13 53 24 0.00146484375
53 14 14 53 26 0.0048828125
53 14 15 53 26 0.001708984375
53 14 16 53 26 0.001708984375
53 14 17 53 26 0.001708984375
53 14 18 53 26 0.001708984375
53 14 19 53 26 0.001953125
53 14 20 53 26 0.001953125
53 14 21 53 27 0.0048828125
53 14 22 53 27 0.001708984375
53 14 23 53 27 0.001708984375
53 14 24 53 27 0.001708984375
53 14 25 53 27 0.001708984375
53 14 26 53 27 0.001953125
53 14 27 53 27 0.001953125
53 14 35 53 29 0.0048828125
53 14 36 53 29 0.001708984375
53 14 37 53 29 0.001708984375
53 14 38 53 29 0.001708984375
53 14 39 53 29 0.001708984375
53 14 40 53 29 0.001953125
53 14 41 53 29 0.001953125
53 14 49 53 31 0.00390625
53 14 54 53 31 0.001953125
53 14 55 53 31 0.001953125
53 14 56 53 31 0.01953125
53 14 57 53 31 0.01953125
53 14 58 53 31 0.01953125
53 14 59 53 31 0.01953125
53 14 60 53 31 0.01953125
53 14 61 53 31 0.01953125
53 14 62 53 32 0.00537109375
53 14 63 53 32 0.002685546875
53 14 64 53 32 0.002685546875
53 14 65 53 32 0.002685546875
53 14 66 53 32 0.002685546875
53 14 69 53 32 0.02685546875
53 14 70 53 32 0.02685546875
53 14 71 53 32 0.024169921875
53 14 72 53 32 0.024169921875
53 14 73 53 32 0.02685546875
53 14 74 53 32 0.02685546875
53 14 75 53 33 0.00390625
53 14 80 53 33 0.001953125
53 14 81 53 33 0.001953125
53 14 82 53 33 0.01953125
53 14 83 53 33 0.01953125
53 14 84 53 33 0.01953125
53 14 85 53 33 0.01953125
53 14 86 53 33 0.01953125
53 14 87 53 33 0.01953125
53 14 88 53 34 0.0048828125
53 14 89 53 34 0.00244140625
53 14 90 53 34 0.00244140625
53 14 91 53 34 0.00244140625
53 14 92 53 34 0.00244140625
53 14 95 53 34 0.0244140625
53 14 96 53 34 0.0244140625
53 14 97 53 34 0.02197265625
53 14 98 53 34 0.02197265625
53 14 99 53 34 0.0244140625
53 14 100 53 34 0.0244140625
53 14 101 53 35 0.00537109375
53 14 106 53 35 0.002685546875
53 14 107 53 35 0.002685546875
53 14 108 53 35 0.02685546875
53 14 109 53 35 0.02685546875
53 14 110 53 35 0.02685546875
53 14 111 53 35 0.02685546875
53 14 112 53 35 0.02685546875
53 14 113 53 35 0.02685546875
53 14 127 53 37 0.00537109375
53 14 128 53 37 0.002685546875
53 14 129 53 37 0.002685546875
53 14 130 53 37 0.002685546875
53 14 131 53 37 0.002685546875
53 14 134 53 37 0.02685546875
53 14 135 53 37 0.02685546875
53 14 136 53 37 0.024169921875
53 14 137 53 37 0.024169921875
53 14 138 53 37 0.02685546875
53 14 139 53 37 0.02685546875
53 36 0 53 36 0.0625
53 36 1 53 25 0.078125
53 36 2 53 24 0.15625
53 36 3 53 26 0.078125
53 36 4 53 27 0.078125
53 36 5 53 28 0.234375
53 36 6 53 29 0.078125
53 36 7 53 30 0.234375
53 38 14 53 18 0.017578125
53 38 15 53 18 0.017578125
53 38 16 53 18 0.01953125
53 38 17 53 18 0.017578125
53 38 18 53 18 0.017578125
53 38 19 53 18 0.017578125
53 38 20 53 18 0.017578125
53 38 28 53 19 0.017578125
53 38 29 53 19 0.017578125
53 38 30 53 19 0.01953125
53 38 31 53 19 0.017578125
53 38 32 53 19 0.017578125
53 38 33 53 19 0.017578125
53 38 34 53 19 0.017578125
53 38 42 53 20 0.024169921875
53 38 43 53 20 0.024169921875
53 38 44 53 20 0.02685546875
53 38 45 53 20 0.024169921875
53 38 46 53 20 0.024169921875
53 38 47 53 20 0.024169921875
53 38 48 53 20 0.024169921875
53 38 56 53 21 0.017578125
53 38 57 53 21 0.017578125
53 38 58 53 21 0.01953125
53 38 59 53 21 0.017578125
53 38 60 53 21 0.017578125
53 38 61 53 21 0.017578125
53 38 62 53 21 0.017578125
53 38 70 53 22 0.024169921875
53 38 71 53 22 0.024169921875
53 38 72 53 22 0.02685546875
53 38 73 53 22 0.024169921875
53 38 74 53 22 0.024169921875
53 38 75 53 22 0.024169921875
53 38 76 53 22 0.024169921875
53 38 84 53 23 0.04833984375
53 38 85 53 23 0.03515625
53 38 86 53 23 0.0439453125
53 38 87 53 23 0.03515625
53 38 88 53 23 0.03515625
53 38 89 53 23 0.04833984375
53 38 90 53 23 0.03515625
53 59 0 53 25 0.0625
53 59 1 53 24 0.109375
53 59 2 53 26 0.0625
53 59 3 53 27 0.0625
53 59 4 53 28 0.109375
53 59 5 53 29 0.0625
53 59 6 53 30 0.109375
53 59 7 53 31 0.03125
53 59 8 53 32 0.078125
53 59 9 53 33 0.03125
53 59 10 53 34 0.078125
53 59 11 53 35 0.078125
53 59 12 53 36 0.0625
53 59 13 53 37 0.0625
