0_41875_100000_100_0_0 25 75 0.621854 0.27824 1.37209 9.89262 110.039 4.51288
0_41875_100000_100_0_0 25 75 50 1513808 52745176500 34842.7 30276.2 1054903530 7.85117e+09
0_41875_100000_100_1_1 25 75 0.621854 0.27824 1.37209 9.89262 110.039 4.51288
0_41875_100000_100_1_1 25 75 50 1513808 52745176500 34842.7 30276.2 1054903530 7.85117e+09
0_41875_100000_100_2_2 25 75 0.621101 0.278167 1.358 9.86832 193.552 4.47228
0_41875_100000_100_2_2 25 75 50 1511983 52701238500 34855.7 30239.7 1054024770 7.96233e+09
0_41875_100000_100_3_3 25 75 0.622215 0.278182 1.37109 9.91967 100.224 4.52734
0_41875_100000_100_3_3 25 75 50 1511918 52534077000 34746.6 30238.4 1050681540 7.73549e+09
0_41875_100000_100_4_4 25 75 0.614725 0.277951 1.32842 9.851 169.995 4.41068
0_41875_100000_100_4_4 25 75 50 1513274 52597411500 34757.4 30265.5 1051948230 7.54901e+09
0_41875_100000_100_5_5 25 75 0.627893 0.2814 1.39117 9.94321 150.066 4.52912
0_41875_100000_100_5_5 25 75 50 1514213 52721797500 34818 30284.3 1054435950 7.7577e+09
0_41875_100000_100_6_6 25 75 0.612326 0.275548 1.32101 9.8304 90.0594 4.40031
0_41875_100000_100_6_6 25 75 50 1511032 52426054500 34695.5 30220.6 1048521090 7.57311e+09
0_41875_100000_100_7_7 25 75 0.618138 0.277833 1.34274 9.86046 191.507 4.42854
0_41875_100000_100_7_7 25 75 50 1513029 52566144000 34742.3 30260.6 1051322880 7.86623e+09
0_41875_100000_100_8_8 25 75 0.62409 0.281638 1.37288 9.9007 210.036 4.49718
0_41875_100000_100_8_8 25 75 50 1512701 52585501500 34762.7 30254 1051710030 7.56092e+09
0_41875_100000_100_9_9 25 75 0.622847 0.27939 1.37251 9.87592 161.487 4.49792
0_41875_100000_100_9_9 25 75 50 1512490 52707876000 34848.4 30249.8 1054157520 7.84176e+09
