13_25_100_1000_0_0 250 750 0.629893 0.132333 4.51923 9.9657 479.993 7.21433
13_25_100_1000_0_0 250 750 500 4172745 55067967000 13197.1 8345.49 110135934 1.10538e+08
13_25_100_1000_1_1 250 750 0.629893 0.132333 4.51923 9.9657 479.993 7.21433
13_25_100_1000_1_1 250 750 500 4172745 55067967000 13197.1 8345.49 110135934 1.10538e+08
13_25_100_1000_2_2 250 750 0.631764 0.132231 4.58565 9.98448 190.167 7.25057
13_25_100_1000_2_2 250 750 500 4173273 55077712500 13197.7 8346.55 110155425 1.10783e+08
13_25_100_1000_3_3 250 750 0.632376 0.132325 4.55579 9.98651 620.014 7.24988
13_25_100_1000_3_3 250 750 500 4173597 55078756500 13197 8347.19 110157513 1.11188e+08
13_25_100_1000_4_4 250 750 0.631016 0.132326 4.48946 9.96413 1820.06 7.18006
13_25_100_1000_4_4 250 750 500 4173437 55078902000 13197.5 8346.87 110157804 1.1057e+08
13_25_100_1000_5_5 250 750 0.630006 0.132294 4.55211 9.9705 230.138 7.20543
13_25_100_1000_5_5 250 750 500 4173317 55080405000 13198.2 8346.63 110160810 1.10578e+08
13_25_100_1000_6_6 250 750 0.630206 0.132261 4.55244 9.9832 390.072 7.23114
13_25_100_1000_6_6 250 750 500 4173183 55073973000 13197.1 8346.37 110147946 1.10569e+08
13_25_100_1000_7_7 250 750 0.629916 0.132308 4.51204 10.0125 640.057 7.23761
13_25_100_1000_7_7 250 750 500 4173386 55075993500 13197 8346.77 110151987 1.10837e+08
13_25_100_1000_8_8 250 750 0.629041 0.13241 4.49572 9.9658 150.084 7.20772
13_25_100_1000_8_8 250 750 500 4173541 55074987000 13196.2 8347.08 110149974 1.10147e+08
13_25_100_1000_9_9 250 750 0.634025 0.132334 4.58981 9.97114 760.104 7.25504
13_25_100_1000_9_9 250 750 500 4173339 55076538000 13197.2 8346.68 110153076 1.11637e+08
