7_0_0_640_0_0 160 480 0.873687 0.0761599 0.40497 9.06782 697.786 1.84373
7_0_0_640_0_0 160 480 320 290617 10102284000 34761.5 908.178 3.15696e+07 2.10412e+08
7_0_0_640_1_1 160 480 0.873687 0.0761599 0.40497 9.06782 697.786 1.84373
7_0_0_640_1_1 160 480 320 290617 10102284000 34761.5 908.178 3.15696e+07 2.10412e+08
7_0_0_640_2_2 160 480 0.469806 0.0763408 0.406416 8.66919 349.712 1.84021
7_0_0_640_2_2 160 480 320 290283 10116316500 34849.8 907.134 3.16135e+07 1.17591e+08
7_0_0_640_3_3 160 480 0.894077 0.0768901 0.418071 9.61937 659.718 2.05401
7_0_0_640_3_3 160 480 320 290708 10163427000 34960.9 908.462 3.17607e+07 2.1335e+08
7_0_0_640_4_4 160 480 0.794784 0.0776057 0.438381 10.1647 626.417 2.38944
7_0_0_640_4_4 160 480 320 290250 10164696000 35020.5 907.031 31764675 2.14007e+08
7_0_0_640_5_5 160 480 0.839886 0.0771584 0.436737 10.4382 719.395 2.49962
7_0_0_640_5_5 160 480 320 290248 10068556500 34689.5 907.025 3.14642e+07 1.90413e+08
7_0_0_640_6_6 160 480 0.538782 0.0759669 0.399448 8.26192 596.566 1.71677
7_0_0_640_6_6 160 480 320 290269 10099731000 34794.4 907.091 3.15617e+07 1.49756e+08
7_0_0_640_7_7 160 480 0.806815 0.0775209 0.440976 9.72465 656.683 2.25636
7_0_0_640_7_7 160 480 320 289939 10188969000 35141.8 906.059 3.18405e+07 2.22672e+08
7_0_0_640_8_8 160 480 0.629275 0.0773534 0.439842 9.68758 651.148 2.25395
7_0_0_640_8_8 160 480 320 289801 10188865500 35158.1 905.628 3.18402e+07 1.60728e+08
7_0_0_640_9_9 160 480 1.15366 0.0773034 0.473042 11.8028 732.735 2.99379
7_0_0_640_9_9 160 480 320 290267 10163389500 35013.9 907.084 3.17606e+07 2.99515e+08
