17_0_0_640_0_0 160 480 0.484287 0.161014 0.755415 9.78215 308.677 3.33091
17_0_0_640_0_0 160 480 320 705641 24596461500 34856.9 2205.13 7.68639e+07 4.67139e+08
17_0_0_640_1_1 160 480 0.484287 0.161014 0.755415 9.78215 308.677 3.33091
17_0_0_640_1_1 160 480 320 705641 24596461500 34856.9 2205.13 7.68639e+07 4.67139e+08
17_0_0_640_2_2 160 480 0.474511 0.15962 0.72702 9.56495 327.137 3.15498
17_0_0_640_2_2 160 480 320 705637 24620755500 34891.5 2205.12 7.69399e+07 4.83911e+08
17_0_0_640_3_3 160 480 0.456206 0.159952 0.724696 9.30126 240.256 3.05876
17_0_0_640_3_3 160 480 320 705324 24657487500 34959.1 2204.14 7.70546e+07 4.20604e+08
17_0_0_640_4_4 160 480 0.46867 0.163419 0.764469 9.39061 240.831 3.27083
17_0_0_640_4_4 160 480 320 705403 24726717000 35053.3 2204.38 7.7271e+07 4.56203e+08
17_0_0_640_5_5 160 480 0.479697 0.161672 0.764394 9.58097 540.086 3.34507
17_0_0_640_5_5 160 480 320 705221 24542571000 34801.2 2203.82 7.66955e+07 4.58529e+08
17_0_0_640_6_6 160 480 0.469255 0.159737 0.723846 9.25134 306.893 3.05913
17_0_0_640_6_6 160 480 320 704761 24581820000 34879.7 2202.38 7.68182e+07 5.00644e+08
17_0_0_640_7_7 160 480 0.500522 0.162531 0.779953 9.82707 363.401 3.46014
17_0_0_640_7_7 160 480 320 704430 24650667000 34993.8 2201.34 7.70333e+07 5.23826e+08
17_0_0_640_8_8 160 480 0.497955 0.161113 0.751307 9.70451 730.132 3.31087
17_0_0_640_8_8 160 480 320 704443 24559686000 34864 2201.38 7.6749e+07 5.11732e+08
17_0_0_640_9_9 160 480 0.473611 0.161473 0.742502 9.49436 387.198 3.20721
17_0_0_640_9_9 160 480 320 705003 24598705500 34891.6 2203.13 7.6871e+07 4.45316e+08
