3_3125_10000_100_0_0 25 75 0.398669 0.104897 0.52117 8.57419 100.399 2.133
3_3125_10000_100_0_0 25 75 50 157277 5429071500 34519.2 3145.54 108581430 4.35365e+08
3_3125_10000_100_1_1 25 75 0.398669 0.104897 0.52117 8.57419 100.399 2.133
3_3125_10000_100_1_1 25 75 50 157277 5429071500 34519.2 3145.54 108581430 4.35365e+08
3_3125_10000_100_2_2 25 75 0.43155 0.105298 0.534785 9.29406 102.826 2.39466
3_3125_10000_100_2_2 25 75 50 156862 5466171000 34847 3137.24 109323420 4.54901e+08
3_3125_10000_100_3_3 25 75 0.432469 0.107829 0.552198 9.12533 104.441 2.41321
3_3125_10000_100_3_3 25 75 50 157148 5482275000 34886.1 3142.96 109645500 4.53391e+08
3_3125_10000_100_4_4 25 75 0.483243 0.107677 0.545459 9.81095 113.035 2.63868
3_3125_10000_100_4_4 25 75 50 157162 5513980500 35084.7 3143.24 110279610 4.83208e+08
3_3125_10000_100_5_5 25 75 0.439155 0.104646 0.532225 9.69167 106.74 2.41309
3_3125_10000_100_5_5 25 75 50 157020 5418472500 34508.2 3140.4 108369450 4.58186e+08
3_3125_10000_100_6_6 25 75 0.443905 0.103969 0.515877 9.47418 105.005 2.21901
3_3125_10000_100_6_6 25 75 50 157304 5431210500 34526.8 3146.08 108624210 5.09197e+08
3_3125_10000_100_7_7 25 75 0.443358 0.106144 0.540529 9.87783 111.38 2.46949
3_3125_10000_100_7_7 25 75 50 156978 5514970500 35132.1 3139.56 110299410 5.20499e+08
3_3125_10000_100_8_8 25 75 0.431704 0.105742 0.516907 9.06662 100.659 2.16925
3_3125_10000_100_8_8 25 75 50 156601 5589850500 35694.9 3132.02 111797010 5.47631e+08
3_3125_10000_100_9_9 25 75 0.404791 0.108799 0.543125 9.09941 87.8082 2.3118
3_3125_10000_100_9_9 25 75 50 157007 5553381000 35370.3 3140.14 111067620 5.04013e+08
