0 1 1 0 25 0.015625
0 1 2 0 26 0.046875
0 1 3 0 27 0.0625
0 1 4 0 28 0.046875
0 1 5 0 29 0.046875
0 1 6 0 30 0.015625
0 1 8 0 74 0.046875
0 1 9 0 75 0.0625
0 1 10 0 76 0.046875
0 1 11 0 77 0.0625
0 1 13 0 79 0.0625
0 1 15 0 53 0.03125
0 1 17 0 55 0.0625
0 1 18 0 56 0.0625
0 1 19 0 57 0.0625
0 1 20 0 58 0.0625
0 1 21 0 18 0.046875
0 1 22 0 19 0.0625
0 1 23 0 20 0.0625
0 1 24 0 21 0.015625
0 1 26 0 23 0.015625
1 2 3 1 27 0.0625
1 2 4 1 28 0.046875
1 2 5 1 29 0.03125
1 2 6 1 30 0.015625
1 2 7 1 73 0.0625
1 2 8 1 74 0.015625
1 2 9 1 75 0.0625
1 2 10 1 76 0.015625
1 2 11 1 77 0.0625
1 2 12 1 78 0.046875
1 2 13 1 79 0.0625
1 2 15 1 53 0.046875
1 2 16 1 54 0.03125
1 2 17 1 55 0.0625
1 2 18 1 56 0.0625
1 2 19 1 57 0.0625
1 2 20 1 58 0.0625
1 2 21 1 18 0.046875
1 2 22 1 19 0.046875
1 2 23 1 20 0.0625
1 2 24 1 21 0.03125
2 3 4 2 28 0.0625
2 3 6 2 30 0.046875
2 3 7 2 73 0.046875
2 3 8 2 74 0.03125
2 3 9 2 75 0.046875
2 3 10 2 76 0.0625
2 3 11 2 77 0.046875
2 3 12 2 78 0.0625
2 3 13 2 79 0.046875
2 3 14 2 52 0.03125
2 3 16 2 54 0.046875
2 3 17 2 55 0.0625
2 3 18 2 56 0.0625
2 3 19 2 57 0.0625
2 3 20 2 58 0.0625
2 3 21 2 18 0.046875
2 3 22 2 19 0.03125
2 3 23 2 20 0.046875
2 3 24 2 21 0.0625
2 3 25 2 22 0.03125
3 4 2 3 26 0.046875
3 4 3 3 27 0.03125
3 4 5 3 29 0.046875
3 4 7 3 73 0.0625
3 4 8 3 74 0.0625
3 4 9 3 75 0.03125
3 4 10 3 76 0.0625
3 4 11 3 77 0.0625
3 4 12 3 78 0.046875
3 4 13 3 79 0.046875
3 4 15 3 53 0.03125
3 4 17 3 55 0.0625
3 4 18 3 56 0.0625
3 4 19 3 57 0.0625
3 4 20 3 58 0.0625
3 4 21 3 18 0.046875
3 4 23 3 20 0.03125
3 4 24 3 21 0.046875
3 4 25 3 22 0.0625
3 4 26 3 23 0.03125
4 5 2 4 26 0.0625
4 5 3 4 27 0.046875
4 5 4 4 28 0.046875
4 5 6 4 30 0.0625
4 5 7 4 73 0.0625
4 5 8 4 74 0.0625
4 5 10 4 76 0.0625
4 5 11 4 77 0.03125
4 5 12 4 78 0.0625
4 5 13 4 79 0.046875
4 5 14 4 52 0.03125
4 5 16 4 54 0.03125
4 5 17 4 55 0.0625
4 5 18 4 56 0.0625
4 5 19 4 57 0.0625
4 5 20 4 58 0.0625
4 5 21 4 18 0.046875
4 5 24 4 21 0.03125
4 5 25 4 22 0.046875
4 5 26 4 23 0.015625
5 6 4 5 25 0.015625
5 6 5 5 25 0.03125
5 6 8 5 26 0.046875
5 6 10 5 27 0.03125
5 6 11 5 27 0.03125
5 6 13 5 28 0.03125
5 6 14 5 28 0.03125
5 6 15 5 29 0.0625
5 6 18 5 30 0.015625
5 6 19 5 30 0.03125
5 6 25 5 53 0.046875
5 6 29 5 56 0.046875
5 6 30 5 56 0.015625
5 6 32 5 57 0.046875
5 6 34 5 58 0.015625
5 6 43 5 73 0.03125
5 6 44 5 73 0.015625
5 6 45 5 73 0.03125
5 6 47 5 74 0.015625
5 6 48 5 75 0.015625
5 6 49 5 75 0.015625
5 6 50 5 75 0.015625
5 6 54 5 76 0.015625
5 6 56 5 76 0.03125
5 6 59 5 77 0.03125
5 6 62 5 78 0.015625
5 6 63 5 78 0.03125
5 6 66 5 79 0.015625
5 6 68 5 79 0.015625
5 6 71 5 79 0.015625
5 6 75 5 52 0.046875
5 6 86 5 22 0.015625
5 6 102 5 75 0.015625
5 6 105 5 76 0.015625
5 6 109 5 77 0.015625
5 6 117 5 53 0.015625
5 6 136 5 58 0.03125
5 6 137 5 18 0.015625
5 6 172 5 57 0.015625
6 7 0 6 59 0.0625
6 7 1 6 60 0.0625
6 7 2 6 61 0.0625
6 7 3 6 62 0.0625
6 7 4 6 63 0.03125
6 7 5 6 64 0.0625
6 7 6 6 65 0.0625
6 7 7 6 31 0.046875
6 7 11 6 35 0.046875
6 7 13 6 37 0.015625
6 7 14 6 66 0.046875
6 7 15 6 67 0.015625
6 7 16 6 68 0.046875
6 7 17 6 69 0.0625
6 7 18 6 70 0.0625
6 7 19 6 71 0.03125
6 7 20 6 72 0.046875
6 7 21 6 12 0.03125
6 7 22 6 13 0.03125
6 7 23 6 14 0.0625
6 7 24 6 15 0.015625
6 7 26 6 17 0.03125
7 8 0 7 59 0.046875
7 8 1 7 60 0.0625
7 8 2 7 61 0.0625
7 8 3 7 62 0.0625
7 8 4 7 63 0.0625
7 8 5 7 64 0.0625
7 8 6 7 65 0.0625
7 8 7 7 31 0.046875
7 8 12 7 36 0.015625
7 8 14 7 66 0.0625
7 8 15 7 67 0.046875
7 8 16 7 68 0.046875
7 8 17 7 69 0.03125
7 8 18 7 70 0.0625
7 8 19 7 71 0.015625
7 8 20 7 72 0.0625
7 8 21 7 12 0.046875
7 8 22 7 13 0.0625
7 8 24 7 15 0.03125
7 8 26 7 17 0.046875
8 0 0 8 59 0.171875
8 0 13 8 32 0.109375
8 0 16 8 33 0.015625
8 0 29 8 35 0.078125
8 0 38 8 37 0.125
8 0 44 8 32 0.015625
8 0 50 8 66 0.03125
8 0 60 8 68 0.046875
8 0 62 8 70 0.078125
8 0 65 8 71 0.125
8 0 71 8 72 0.046875
8 0 84 8 14 0.0625
8 0 91 8 15 0.078125
8 0 148 8 16 0.015625
8 9 1 8 60 0.09375
8 9 2 8 61 0.078125
8 9 3 8 62 0.078125
8 9 4 8 63 0.09375
8 9 5 8 64 0.09375
8 9 6 8 65 0.0625
8 9 7 8 31 0.03125
8 9 14 8 66 0.0625
8 9 15 8 67 0.078125
8 9 17 8 69 0.0625
8 9 18 8 70 0.03125
8 9 19 8 71 0.03125
8 9 22 8 13 0.09375
8 9 23 8 14 0.046875
8 9 24 8 15 0.03125
8 9 34 8 65 0.03125
9 0 0 9 59 0.046875
9 0 1 9 59 0.015625
9 0 2 9 59 0.015625
9 0 3 9 61 0.015625
9 0 4 9 62 0.046875
9 0 5 9 63 0.046875
9 0 6 9 64 0.03125
9 0 7 9 64 0.015625
9 0 12 9 31 0.03125
9 0 13 9 31 0.015625
9 0 23 9 33 0.0625
9 0 29 9 35 0.015625
9 0 30 9 35 0.015625
9 0 33 9 36 0.03125
9 0 37 9 37 0.0625
9 0 38 9 37 0.015625
9 0 48 9 66 0.015625
9 0 49 9 66 0.015625
9 0 50 9 66 0.046875
9 0 51 9 67 0.015625
9 0 52 9 67 0.03125
9 0 62 9 69 0.03125
9 0 63 9 70 0.03125
9 0 64 9 70 0.046875
9 0 65 9 71 0.015625
9 0 66 9 71 0.015625
9 0 67 9 71 0.015625
9 0 70 9 71 0.03125
9 0 72 9 72 0.0625
9 0 76 9 12 0.015625
9 0 80 9 14 0.046875
9 0 83 9 14 0.015625
9 0 87 9 15 0.015625
9 0 90 9 16 0.015625
9 0 91 9 16 0.015625
9 0 134 9 70 0.015625
9 10 1 9 60 0.171875
9 10 2 9 61 0.125
9 10 3 9 62 0.046875
9 10 4 9 63 0.0625
9 10 5 9 64 0.09375
9 10 6 9 65 0.171875
9 10 15 9 67 0.09375
9 10 18 9 70 0.015625
9 10 21 9 12 0.140625
9 10 24 9 15 0.03125
9 10 29 9 15 0.046875
10 11 0 10 59 0.078125
10 11 1 10 60 0.09375
10 11 2 10 61 0.09375
10 11 3 10 62 0.078125
10 11 4 10 63 0.078125
10 11 5 10 64 0.078125
10 11 6 10 65 0.0625
10 11 7 10 31 0.078125
10 11 14 10 66 0.046875
10 11 15 10 67 0.046875
10 11 16 10 68 0.0625
10 11 18 10 70 0.0625
10 11 19 10 71 0.03125
10 11 22 10 13 0.078125
10 11 26 10 17 0.015625
10 11 28 10 67 0.015625
11 12 0 11 12 0.0625
11 12 1 11 59 0.03125
11 12 2 11 60 0.0625
11 12 3 11 61 0.0625
11 12 5 11 63 0.0625
11 12 6 11 64 0.0625
11 12 7 11 65 0.046875
11 12 8 11 66 0.0625
11 12 9 11 67 0.0625
11 12 10 11 68 0.0625
11 12 11 11 69 0.0625
11 12 13 11 71 0.0625
11 12 14 11 72 0.0625
11 12 15 11 59 0.015625
11 12 18 11 62 0.046875
11 12 56 11 14 0.046875
11 12 66 11 15 0.03125
11 12 68 11 16 0.03125
11 12 75 11 17 0.046875
11 12 79 11 62 0.015625
12 13 0 12 59 0.046875
12 13 1 12 60 0.0625
12 13 2 12 61 0.046875
12 13 3 12 62 0.0625
12 13 4 12 63 0.0625
12 13 5 12 64 0.046875
12 13 6 12 65 0.046875
12 13 10 12 9 0.046875
12 13 12 12 11 0.046875
12 13 16 12 41 0.015625
12 13 17 12 42 0.015625
12 13 18 12 43 0.015625
12 13 19 12 44 0.046875
12 13 20 12 66 0.0625
12 13 21 12 67 0.0625
12 13 22 12 68 0.0625
12 13 23 12 69 0.0625
12 13 24 12 70 0.0625
12 13 25 12 71 0.0625
12 13 26 12 72 0.0625
13 14 0 13 59 0.0625
13 14 1 13 60 0.0625
13 14 2 13 61 0.03125
13 14 3 13 62 0.046875
13 14 4 13 63 0.046875
13 14 5 13 64 0.03125
13 14 6 13 65 0.0625
13 14 8 13 7 0.03125
13 14 11 13 10 0.0625
13 14 13 13 38 0.03125
13 14 14 13 39 0.015625
13 14 15 13 40 0.03125
13 14 17 13 42 0.0625
13 14 18 13 43 0.015625
13 14 19 13 44 0.03125
13 14 20 13 66 0.0625
13 14 21 13 67 0.0625
13 14 22 13 68 0.0625
13 14 23 13 69 0.03125
13 14 24 13 70 0.046875
13 14 25 13 71 0.0625
13 14 26 13 72 0.046875
14 15 0 14 59 0.0625
14 15 1 14 60 0.0625
14 15 2 14 61 0.03125
14 15 3 14 62 0.03125
14 15 4 14 63 0.046875
14 15 5 14 64 0.03125
14 15 6 14 65 0.0625
14 15 7 14 6 0.015625
14 15 10 14 9 0.015625
14 15 11 14 10 0.0625
14 15 12 14 11 0.03125
14 15 13 14 38 0.015625
14 15 15 14 40 0.046875
14 15 17 14 42 0.03125
14 15 18 14 43 0.046875
14 15 20 14 66 0.0625
14 15 21 14 67 0.0625
14 15 22 14 68 0.0625
14 15 23 14 69 0.03125
14 15 24 14 70 0.0625
14 15 25 14 71 0.0625
14 15 26 14 72 0.0625
15 16 0 15 59 0.03125
15 16 2 15 61 0.046875
15 16 4 15 63 0.015625
15 16 7 15 6 0.046875
15 16 8 15 7 0.046875
15 16 9 15 8 0.03125
15 16 10 15 9 0.03125
15 16 11 15 10 0.03125
15 16 12 15 11 0.015625
15 16 13 15 38 0.0625
15 16 14 15 39 0.03125
15 16 15 15 40 0.046875
15 16 16 15 41 0.046875
15 16 17 15 42 0.03125
15 16 18 15 43 0.015625
15 16 19 15 44 0.0625
15 16 20 15 66 0.0625
15 16 21 15 67 0.0625
15 16 22 15 68 0.0625
15 16 23 15 69 0.03125
15 16 24 15 70 0.0625
15 16 25 15 71 0.0625
15 16 26 15 72 0.0625
16 11 0 16 11 0.171875
16 11 1 16 59 0.03125
16 11 7 16 65 0.03125
16 11 8 16 66 0.046875
16 11 9 16 67 0.0625
16 11 10 16 68 0.0625
16 11 11 16 69 0.015625
16 11 12 16 70 0.03125
16 11 13 16 71 0.015625
16 11 14 16 72 0.046875
16 11 33 16 6 0.046875
16 11 35 16 6 0.015625
16 11 40 16 7 0.046875
16 11 41 16 7 0.09375
16 11 42 16 7 0.015625
16 11 48 16 8 0.015625
16 11 53 16 9 0.015625
16 11 54 16 10 0.03125
16 11 57 16 10 0.015625
16 11 58 16 10 0.015625
16 11 65 16 41 0.03125
16 11 67 16 41 0.046875
16 11 71 16 43 0.015625
16 11 72 16 43 0.015625
16 11 73 16 44 0.015625
16 11 75 16 66 0.015625
16 11 77 16 67 0.015625
16 11 78 16 70 0.015625
16 17 0 16 59 0.046875
16 17 1 16 60 0.0625
16 17 2 16 61 0.046875
16 17 3 16 62 0.046875
16 17 4 16 63 0.0625
16 17 5 16 64 0.046875
16 17 6 16 65 0.015625
16 17 7 16 6 0.015625
16 17 8 16 7 0.015625
16 17 9 16 8 0.046875
16 17 10 16 9 0.046875
16 17 11 16 10 0.03125
16 17 14 16 39 0.0625
16 17 15 16 40 0.046875
16 17 16 16 41 0.03125
16 17 17 16 42 0.0625
16 17 18 16 43 0.03125
16 17 20 16 66 0.03125
16 17 21 16 67 0.03125
16 17 22 16 68 0.03125
16 17 23 16 69 0.046875
16 17 24 16 70 0.046875
16 17 25 16 71 0.046875
16 17 26 16 72 0.046875
17 18 2 17 38 0.015625
17 18 5 17 39 0.015625
17 18 6 17 39 0.046875
17 18 8 17 40 0.03125
17 18 9 17 40 0.03125
17 18 10 17 41 0.03125
17 18 11 17 41 0.015625
17 18 12 17 41 0.015625
17 18 14 17 42 0.03125
17 18 16 17 42 0.015625
17 18 20 17 43 0.015625
17 18 21 17 43 0.03125
17 18 22 17 43 0.015625
17 18 24 17 44 0.0625
17 18 29 17 66 0.03125
17 18 32 17 67 0.046875
17 18 33 17 68 0.03125
17 18 37 17 71 0.046875
17 18 40 17 72 0.015625
17 18 41 17 59 0.015625
17 18 42 17 59 0.015625
17 18 46 17 61 0.015625
17 18 49 17 62 0.046875
17 18 56 17 64 0.015625
17 18 57 17 64 0.015625
17 18 60 17 65 0.046875
17 18 64 17 6 0.046875
17 18 67 17 7 0.015625
17 18 75 17 9 0.015625
17 18 78 17 10 0.03125
17 18 87 17 68 0.015625
17 18 88 17 68 0.015625
17 18 90 17 72 0.046875
17 18 92 17 59 0.015625
17 18 112 17 9 0.015625
17 18 135 17 69 0.015625
17 18 139 17 71 0.015625
17 18 164 17 9 0.03125
18 9 4 18 53 0.03125
18 9 6 18 53 0.09375
18 9 9 18 54 0.078125
18 9 13 18 55 0.125
18 9 16 18 56 0.03125
18 9 17 18 57 0.046875
18 9 19 18 57 0.125
18 9 21 18 58 0.046875
18 9 23 18 45 0.0625
18 9 26 18 46 0.015625
18 9 30 18 47 0.046875
18 9 31 18 48 0.015625
18 9 33 18 50 0.015625
18 9 34 18 50 0.109375
18 9 35 18 51 0.015625
18 9 36 18 51 0.03125
18 9 61 18 74 0.0625
18 9 63 18 75 0.015625
18 9 64 18 75 0.015625
18 9 104 18 5 0.015625
18 10 6 18 53 0.0625
18 10 8 18 54 0.0625
18 10 11 18 55 0.046875
18 10 14 18 56 0.03125
18 10 21 18 45 0.109375
18 10 23 18 46 0.015625
18 10 24 18 47 0.03125
18 10 25 18 47 0.015625
18 10 27 18 47 0.078125
18 10 28 18 48 0.015625
18 10 29 18 49 0.15625
18 10 30 18 50 0.046875
18 10 31 18 51 0.03125
18 10 32 18 51 0.0625
18 10 36 18 1 0.015625
18 10 42 18 2 0.03125
18 10 59 18 74 0.015625
18 10 64 18 75 0.046875
18 10 71 18 78 0.046875
18 10 72 18 78 0.03125
18 10 73 18 78 0.015625
18 10 86 18 48 0.015625
18 10 88 18 49 0.015625
18 19 6 18 73 0.046875
18 19 8 18 75 0.03125
18 19 9 18 76 0.171875
18 19 10 18 77 0.171875
18 19 11 18 78 0.078125
18 19 12 18 79 0.171875
18 19 17 18 56 0.109375
18 19 19 18 58 0.078125
18 19 23 18 48 0.125
18 19 24 18 49 0.015625
19 20 2 19 2 0.015625
19 20 3 19 3 0.03125
19 20 4 19 4 0.0625
19 20 5 19 5 0.046875
19 20 6 19 73 0.0625
19 20 7 19 74 0.046875
19 20 8 19 75 0.0625
19 20 9 19 76 0.0625
19 20 10 19 77 0.0625
19 20 11 19 78 0.0625
19 20 12 19 79 0.0625
19 20 16 19 55 0.0625
19 20 17 19 56 0.0625
19 20 18 19 57 0.046875
19 20 19 19 58 0.046875
19 20 20 19 45 0.046875
19 20 21 19 46 0.03125
19 20 22 19 47 0.046875
19 20 23 19 48 0.015625
19 20 24 19 49 0.046875
19 20 25 19 50 0.015625
20 21 0 20 0 0.046875
20 21 3 20 3 0.015625
20 21 4 20 4 0.015625
20 21 5 20 5 0.0625
20 21 6 20 73 0.046875
20 21 7 20 74 0.0625
20 21 8 20 75 0.0625
20 21 9 20 76 0.0625
20 21 10 20 77 0.046875
20 21 11 20 78 0.0625
20 21 12 20 79 0.0625
20 21 16 20 55 0.0625
20 21 17 20 56 0.0625
20 21 18 20 57 0.0625
20 21 19 20 58 0.046875
20 21 20 20 45 0.03125
20 21 21 20 46 0.046875
20 21 23 20 48 0.0625
20 21 24 20 49 0.015625
20 21 25 20 50 0.046875
20 21 26 20 51 0.015625
21 22 0 21 0 0.046875
21 22 1 21 1 0.046875
21 22 2 21 2 0.015625
21 22 4 21 4 0.015625
21 22 5 21 5 0.03125
21 22 6 21 73 0.0625
21 22 7 21 74 0.0625
21 22 8 21 75 0.0625
21 22 9 21 76 0.046875
21 22 10 21 77 0.0625
21 22 11 21 78 0.03125
21 22 12 21 79 0.046875
21 22 16 21 55 0.0625
21 22 17 21 56 0.0625
21 22 18 21 57 0.0625
21 22 19 21 58 0.0625
21 22 20 21 45 0.046875
21 22 21 21 46 0.03125
21 22 23 21 48 0.03125
21 22 24 21 49 0.046875
21 22 25 21 50 0.015625
21 22 26 21 51 0.046875
22 23 0 22 0 0.015625
22 23 1 22 1 0.046875
22 23 2 22 2 0.046875
22 23 3 22 3 0.015625
22 23 5 22 5 0.015625
22 23 6 22 73 0.046875
22 23 7 22 74 0.0625
22 23 8 22 75 0.0625
22 23 9 22 76 0.046875
22 23 10 22 77 0.0625
22 23 11 22 78 0.0625
22 23 12 22 79 0.0625
22 23 14 22 53 0.015625
22 23 16 22 55 0.046875
22 23 17 22 56 0.0625
22 23 18 22 57 0.0625
22 23 19 22 58 0.0625
22 23 20 22 45 0.03125
22 23 21 22 46 0.03125
22 23 23 22 48 0.046875
22 23 24 22 49 0.046875
22 23 25 22 50 0.046875
23 24 0 23 0 0.0625
23 24 1 23 1 0.03125
23 24 2 23 2 0.046875
23 24 3 23 3 0.046875
23 24 4 23 4 0.015625
23 24 5 23 5 0.046875
23 24 7 23 53 0.0625
23 24 8 23 54 0.0625
23 24 9 23 55 0.0625
23 24 10 23 56 0.0625
23 24 11 23 57 0.046875
23 24 12 23 58 0.0625
23 24 17 23 75 0.015625
23 24 19 23 78 0.015625
23 24 22 23 79 0.015625
23 24 23 23 79 0.015625
23 24 72 23 73 0.015625
23 24 76 23 75 0.03125
23 24 79 23 76 0.046875
23 24 83 23 77 0.015625
23 24 84 23 77 0.03125
23 24 89 23 78 0.03125
23 24 91 23 79 0.015625
23 24 94 23 79 0.015625
23 24 110 23 47 0.015625
23 24 119 23 49 0.015625
23 24 122 23 49 0.015625
23 24 123 23 49 0.015625
23 24 126 23 50 0.015625
23 24 127 23 50 0.015625
23 24 130 23 51 0.03125
24 16 0 24 59 0.046875
24 16 1 24 60 0.15625
24 16 3 24 62 0.15625
24 16 4 24 63 0.140625
24 16 5 24 64 0.15625
24 16 6 24 65 0.171875
24 16 8 24 59 0.09375
24 16 9 24 61 0.03125
24 16 29 24 35 0.046875
24 19 2 24 2 0.0625
24 19 4 24 4 0.0625
24 19 5 24 5 0.03125
24 19 7 24 53 0.03125
24 19 8 24 54 0.046875
24 19 9 24 55 0.171875
24 19 10 24 56 0.0625
24 19 11 24 57 0.171875
24 19 12 24 58 0.03125
24 19 15 24 1 0.03125
24 19 16 24 2 0.015625
24 19 21 24 4 0.046875
24 19 39 24 4 0.03125
24 19 41 24 5 0.125
24 19 52 24 53 0.078125
24 25 1 24 1 0.0625
24 25 2 24 2 0.078125
24 25 3 24 3 0.171875
24 25 4 24 4 0.03125
24 25 6 24 59 0.03125
24 25 7 24 60 0.03125
24 25 9 24 62 0.015625
24 25 10 24 63 0.03125
24 25 11 24 64 0.015625
24 25 13 24 52 0.046875
24 25 14 24 53 0.03125
24 25 15 24 54 0.125
24 25 17 24 56 0.109375
24 25 19 24 58 0.140625
24 25 22 24 33 0.0625
24 25 26 24 37 0.015625
25 19 1 25 1 0.03125
25 19 2 25 2 0.015625
25 19 3 25 3 0.171875
25 19 4 25 4 0.09375
25 19 5 25 5 0.140625
25 19 7 25 53 0.03125
25 19 8 25 54 0.046875
25 19 14 25 0 0.046875
25 19 15 25 1 0.015625
25 19 19 25 4 0.078125
25 19 22 25 5 0.03125
25 19 34 25 37 0.0625
25 19 57 25 53 0.0625
25 19 98 25 63 0.125
25 19 104 25 64 0.046875
25 26 1 25 1 0.015625
25 26 2 25 2 0.046875
25 26 6 25 59 0.046875
25 26 7 25 60 0.0625
25 26 8 25 61 0.046875
25 26 9 25 62 0.0625
25 26 10 25 63 0.015625
25 26 11 25 64 0.03125
25 26 12 25 65 0.0625
25 26 13 25 52 0.046875
25 26 14 25 53 0.03125
25 26 15 25 54 0.046875
25 26 16 25 55 0.0625
25 26 17 25 56 0.0625
25 26 18 25 57 0.0625
25 26 19 25 58 0.0625
25 26 20 25 31 0.015625
25 26 21 25 32 0.046875
25 26 23 25 34 0.03125
25 26 24 25 35 0.046875
25 26 25 25 36 0.0625
25 26 26 25 37 0.03125
26 27 2 26 2 0.046875
26 27 3 26 3 0.03125
26 27 6 26 59 0.0625
26 27 7 26 60 0.0625
26 27 8 26 61 0.046875
26 27 9 26 62 0.0625
26 27 10 26 63 0.046875
26 27 11 26 64 0.046875
26 27 12 26 65 0.015625
26 27 14 26 53 0.046875
26 27 15 26 54 0.03125
26 27 16 26 55 0.0625
26 27 17 26 56 0.0625
26 27 18 26 57 0.0625
26 27 19 26 58 0.0625
26 27 20 26 31 0.046875
26 27 21 26 32 0.015625
26 27 22 26 33 0.046875
26 27 24 26 35 0.03125
26 27 25 26 36 0.046875
26 27 26 26 37 0.0625
27 28 3 27 3 0.046875
27 28 6 27 59 0.03125
27 28 7 27 60 0.0625
27 28 8 27 61 0.046875
27 28 9 27 62 0.015625
27 28 10 27 63 0.0625
27 28 11 27 64 0.03125
27 28 12 27 65 0.0625
27 28 13 27 52 0.046875
27 28 15 27 54 0.0625
27 28 16 27 55 0.0625
27 28 17 27 56 0.0625
27 28 18 27 57 0.0625
27 28 19 27 58 0.0625
27 28 20 27 31 0.03125
27 28 21 27 32 0.046875
27 28 22 27 33 0.0625
27 28 23 27 34 0.046875
27 28 25 27 36 0.03125
27 28 26 27 37 0.046875
27 28 45 27 61 0.015625
28 29 1 28 1 0.015625
28 29 4 28 4 0.046875
28 29 6 28 59 0.046875
28 29 7 28 60 0.0625
28 29 8 28 61 0.0625
28 29 9 28 62 0.015625
28 29 10 28 63 0.015625
28 29 11 28 64 0.0625
28 29 12 28 65 0.0625
28 29 13 28 52 0.03125
28 29 14 28 53 0.046875
28 29 16 28 55 0.0625
28 29 17 28 56 0.0625
28 29 18 28 57 0.0625
28 29 19 28 58 0.0625
28 29 20 28 31 0.046875
28 29 21 28 32 0.03125
28 29 22 28 33 0.046875
28 29 23 28 34 0.0625
28 29 24 28 35 0.046875
28 29 26 28 37 0.03125
28 29 28 28 62 0.015625
29 30 0 29 0 0.015625
29 30 3 29 3 0.03125
29 30 5 29 5 0.015625
29 30 6 29 59 0.046875
29 30 8 29 61 0.046875
29 30 9 29 62 0.0625
29 30 10 29 63 0.0625
29 30 11 29 64 0.03125
29 30 12 29 65 0.0625
29 30 14 29 53 0.03125
29 30 15 29 54 0.0625
29 30 16 29 55 0.0625
29 30 17 29 56 0.0625
29 30 18 29 57 0.0625
29 30 19 29 58 0.03125
29 30 20 29 31 0.03125
29 30 21 29 32 0.046875
29 30 22 29 33 0.046875
29 30 23 29 34 0.0625
29 30 24 29 35 0.0625
29 30 25 29 36 0.0625
30 25 0 30 0 0.109375
30 25 1 30 1 0.109375
30 25 2 30 2 0.09375
30 25 4 30 4 0.140625
30 25 16 30 55 0.0625
30 25 21 30 32 0.03125
30 25 22 30 33 0.046875
30 25 23 30 34 0.125
30 25 25 30 36 0.171875
30 25 26 30 37 0.109375
30 31 0 30 31 0.0625
30 31 1 30 59 0.0625
30 31 2 30 60 0.0625
30 31 3 30 61 0.0625
30 31 4 30 62 0.0625
30 31 5 30 63 0.0625
30 31 6 30 64 0.046875
30 31 7 30 65 0.015625
30 31 8 30 52 0.0625
30 31 9 30 53 0.0625
30 31 10 30 54 0.0625
30 31 11 30 55 0.03125
30 31 12 30 56 0.0625
30 31 13 30 57 0.0625
30 31 14 30 58 0.0625
30 31 36 30 65 0.03125
30 31 43 30 32 0.015625
30 31 48 30 32 0.015625
30 31 53 30 33 0.03125
30 31 55 30 34 0.015625
30 31 64 30 35 0.03125
30 31 66 30 37 0.015625
31 25 0 31 25 0.171875
31 25 1 31 52 0.015625
31 25 2 31 53 0.140625
31 25 4 31 55 0.015625
31 25 5 31 56 0.0625
31 25 6 31 57 0.046875
31 25 7 31 58 0.015625
31 25 9 31 60 0.15625
31 25 10 31 61 0.046875
31 25 11 31 62 0.109375
31 25 12 31 63 0.09375
31 25 13 31 64 0.09375
31 25 68 31 10 0.03125
31 32 0 31 24 0.09375
31 32 2 31 26 0.046875
31 32 3 31 27 0.015625
31 32 4 31 28 0.03125
31 32 5 31 29 0.015625
31 32 8 31 53 0.015625
31 32 9 31 54 0.09375
31 32 10 31 55 0.0625
31 32 12 31 57 0.0625
31 32 13 31 58 0.078125
31 32 14 31 59 0.09375
31 32 15 31 60 0.015625
31 32 16 31 61 0.0625
31 32 17 31 62 0.03125
31 32 18 31 63 0.03125
31 32 19 31 64 0.03125
31 32 20 31 65 0.09375
31 32 21 31 6 0.015625
31 32 23 31 8 0.015625
31 32 24 31 9 0.0625
31 32 25 31 10 0.03125
32 33 0 32 24 0.03125
32 33 1 32 25 0.046875
32 33 5 32 29 0.015625
32 33 9 32 54 0.046875
32 33 10 32 55 0.046875
32 33 11 32 56 0.0625
32 33 12 32 57 0.0625
32 33 13 32 58 0.046875
32 33 14 32 59 0.0625
32 33 15 32 60 0.0625
32 33 16 32 61 0.046875
32 33 17 32 62 0.0625
32 33 18 32 63 0.0625
32 33 19 32 64 0.0625
32 33 20 32 65 0.0625
32 33 22 32 7 0.0625
32 33 23 32 8 0.046875
32 33 24 32 9 0.015625
32 33 25 32 10 0.03125
32 33 26 32 11 0.0625
33 34 0 33 24 0.046875
33 34 1 33 25 0.015625
33 34 2 33 26 0.0625
33 34 9 33 54 0.015625
33 34 10 33 55 0.015625
33 34 11 33 56 0.0625
33 34 12 33 57 0.046875
33 34 13 33 58 0.0625
33 34 14 33 59 0.0625
33 34 15 33 60 0.0625
33 34 16 33 61 0.0625
33 34 17 33 62 0.0625
33 34 18 33 63 0.0625
33 34 19 33 64 0.0625
33 34 20 33 65 0.0625
33 34 21 33 6 0.03125
33 34 22 33 7 0.03125
33 34 23 33 8 0.015625
33 34 24 33 9 0.046875
33 34 25 33 10 0.046875
33 34 26 33 11 0.0625
34 35 0 34 24 0.046875
34 35 1 34 25 0.015625
34 35 2 34 26 0.015625
34 35 3 34 27 0.0625
34 35 9 34 54 0.03125
34 35 10 34 55 0.046875
34 35 11 34 56 0.03125
34 35 12 34 57 0.0625
34 35 13 34 58 0.03125
34 35 14 34 59 0.0625
34 35 15 34 60 0.0625
34 35 16 34 61 0.0625
34 35 17 34 62 0.0625
34 35 18 34 63 0.0625
34 35 19 34 64 0.0625
34 35 20 34 65 0.0625
34 35 21 34 6 0.015625
34 35 22 34 7 0.0625
34 35 23 34 8 0.03125
34 35 24 34 9 0.015625
34 35 25 34 10 0.03125
34 35 26 34 11 0.0625
35 25 0 35 25 0.171875
35 25 1 35 52 0.109375
35 25 3 35 54 0.046875
35 25 4 35 55 0.09375
35 25 6 35 57 0.125
35 25 7 35 58 0.015625
35 25 10 35 61 0.125
35 25 11 35 62 0.03125
35 25 12 35 63 0.046875
35 25 13 35 64 0.046875
35 25 14 35 65 0.171875
35 25 96 35 9 0.015625
35 36 0 35 24 0.078125
35 36 2 35 26 0.015625
35 36 3 35 27 0.03125
35 36 4 35 28 0.09375
35 36 8 35 53 0.078125
35 36 9 35 54 0.015625
35 36 10 35 55 0.015625
35 36 11 35 56 0.09375
35 36 12 35 57 0.03125
35 36 13 35 58 0.03125
35 36 14 35 59 0.078125
35 36 15 35 60 0.09375
35 36 16 35 61 0.03125
35 36 17 35 62 0.0625
35 36 18 35 63 0.0625
35 36 19 35 64 0.0625
35 36 23 35 8 0.0625
35 36 26 35 11 0.046875
35 36 31 35 9 0.015625
36 37 0 36 24 0.046875
36 37 3 36 27 0.015625
36 37 4 36 28 0.015625
36 37 5 36 29 0.0625
36 37 7 36 52 0.015625
36 37 9 36 54 0.046875
36 37 10 36 55 0.0625
36 37 11 36 56 0.0625
36 37 12 36 57 0.015625
36 37 13 36 58 0.03125
36 37 14 36 59 0.0625
36 37 15 36 60 0.0625
36 37 16 36 61 0.0625
36 37 17 36 62 0.0625
36 37 18 36 63 0.0625
36 37 19 36 64 0.0625
36 37 20 36 65 0.0625
36 37 21 36 6 0.015625
36 37 22 36 7 0.046875
36 37 23 36 8 0.015625
36 37 25 36 10 0.046875
36 37 26 36 11 0.0625
37 30 0 37 30 0.171875
37 30 1 37 52 0.171875
37 30 2 37 53 0.046875
37 30 7 37 58 0.078125
37 30 9 37 60 0.171875
37 30 10 37 61 0.015625
37 30 13 37 64 0.078125
37 30 15 37 24 0.09375
37 30 20 37 24 0.015625
37 30 24 37 25 0.015625
37 30 25 37 25 0.03125
37 30 26 37 26 0.046875
37 30 45 37 56 0.0625
37 38 0 37 59 0.015625
37 38 1 37 61 0.03125
37 38 2 37 61 0.015625
37 38 4 37 62 0.09375
37 38 5 37 63 0.015625
37 38 9 37 65 0.0625
37 38 11 37 6 0.03125
37 38 12 37 6 0.03125
37 38 14 37 7 0.0625
37 38 16 37 8 0.03125
37 38 17 37 8 0.0625
37 38 20 37 10 0.03125
37 38 21 37 10 0.015625
37 38 37 37 28 0.015625
37 38 40 37 29 0.015625
37 38 41 37 29 0.015625
37 38 57 37 55 0.0625
37 38 58 37 55 0.03125
37 38 69 37 59 0.0625
37 38 71 37 63 0.046875
37 38 72 37 63 0.03125
37 38 73 37 65 0.03125
37 38 74 37 6 0.015625
37 38 81 37 10 0.03125
37 38 82 37 11 0.0625
37 38 108 37 57 0.015625
37 38 116 37 61 0.015625
37 38 127 37 64 0.015625
37 38 128 37 64 0.03125
38 39 0 38 73 0.03125
38 39 1 38 74 0.046875
38 39 2 38 75 0.0625
38 39 3 38 76 0.015625
38 39 4 38 77 0.0625
38 39 5 38 78 0.046875
38 39 6 38 79 0.015625
38 39 7 38 12 0.046875
38 39 8 38 13 0.03125
38 39 10 38 15 0.03125
38 39 13 38 66 0.0625
38 39 14 38 67 0.046875
38 39 15 38 68 0.0625
38 39 16 38 69 0.0625
38 39 17 38 70 0.0625
38 39 18 38 71 0.0625
38 39 19 38 72 0.03125
38 39 20 38 45 0.015625
38 39 21 38 46 0.03125
38 39 22 38 47 0.03125
38 39 23 38 48 0.046875
38 39 25 38 50 0.0625
38 39 26 38 51 0.03125
39 40 0 39 73 0.046875
39 40 1 39 74 0.0625
39 40 2 39 75 0.046875
39 40 3 39 76 0.03125
39 40 4 39 77 0.046875
39 40 5 39 78 0.046875
39 40 6 39 79 0.03125
39 40 7 39 12 0.046875
39 40 8 39 13 0.015625
39 40 11 39 16 0.015625
39 40 13 39 66 0.0625
39 40 14 39 67 0.0625
39 40 15 39 68 0.0625
39 40 16 39 69 0.0625
39 40 17 39 70 0.0625
39 40 18 39 71 0.0625
39 40 19 39 72 0.0625
39 40 20 39 45 0.0625
39 40 21 39 46 0.015625
39 40 22 39 47 0.03125
39 40 23 39 48 0.015625
39 40 26 39 51 0.046875
40 41 0 40 73 0.0625
40 41 1 40 74 0.046875
40 41 2 40 75 0.0625
40 41 3 40 76 0.03125
40 41 4 40 77 0.046875
40 41 5 40 78 0.03125
40 41 6 40 79 0.0625
40 41 7 40 12 0.03125
40 41 8 40 13 0.046875
40 41 9 40 14 0.015625
40 41 13 40 66 0.0625
40 41 14 40 67 0.0625
40 41 15 40 68 0.0625
40 41 16 40 69 0.0625
40 41 17 40 70 0.046875
40 41 18 40 71 0.0625
40 41 19 40 72 0.046875
40 41 20 40 45 0.015625
40 41 21 40 46 0.03125
40 41 22 40 47 0.015625
40 41 23 40 48 0.046875
40 41 24 40 49 0.03125
40 41 25 40 50 0.015625
41 32 0 41 12 0.015625
41 32 1 41 12 0.046875
41 32 4 41 13 0.109375
41 32 5 41 14 0.046875
41 32 10 41 15 0.140625
41 32 12 41 15 0.03125
41 32 16 41 16 0.046875
41 32 18 41 17 0.09375
41 32 21 41 66 0.015625
41 32 22 41 67 0.125
41 32 24 41 68 0.046875
41 32 26 41 69 0.09375
41 32 27 41 71 0.015625
41 32 30 41 72 0.015625
41 32 42 41 75 0.03125
41 32 74 41 45 0.015625
41 32 75 41 45 0.0625
41 32 78 41 46 0.046875
41 42 1 41 74 0.046875
41 42 2 41 75 0.078125
41 42 3 41 76 0.046875
41 42 4 41 77 0.046875
41 42 5 41 78 0.046875
41 42 6 41 79 0.0625
41 42 7 41 12 0.0625
41 42 13 41 66 0.0625
41 42 14 41 67 0.015625
41 42 15 41 68 0.0625
41 42 16 41 69 0.015625
41 42 17 41 70 0.046875
41 42 18 41 71 0.0625
41 42 19 41 72 0.078125
41 42 20 41 45 0.046875
41 42 22 41 47 0.046875
41 42 23 41 48 0.015625
41 42 24 41 49 0.09375
41 42 25 41 50 0.03125
41 42 26 41 51 0.03125
42 43 0 42 73 0.046875
42 43 1 42 74 0.03125
42 43 2 42 75 0.03125
42 43 3 42 76 0.046875
42 43 4 42 77 0.03125
42 43 5 42 78 0.03125
42 43 6 42 79 0.03125
42 43 7 42 12 0.015625
42 43 8 42 13 0.046875
42 43 10 42 15 0.015625
42 43 13 42 66 0.03125
42 43 14 42 67 0.0625
42 43 15 42 68 0.0625
42 43 16 42 69 0.0625
42 43 17 42 70 0.046875
42 43 18 42 71 0.0625
42 43 19 42 72 0.0625
42 43 20 42 45 0.03125
42 43 22 42 47 0.046875
42 43 23 42 48 0.03125
42 43 24 42 49 0.015625
42 43 25 42 50 0.046875
42 43 26 42 51 0.046875
42 43 27 42 77 0.03125
42 43 30 42 45 0.03125
43 44 0 43 73 0.046875
43 44 1 43 74 0.046875
43 44 2 43 75 0.03125
43 44 3 43 76 0.0625
43 44 4 43 77 0.015625
43 44 5 43 78 0.0625
43 44 6 43 79 0.0625
43 44 7 43 12 0.015625
43 44 8 43 13 0.03125
43 44 9 43 14 0.015625
43 44 11 43 16 0.015625
43 44 13 43 66 0.0625
43 44 14 43 67 0.046875
43 44 15 43 68 0.046875
43 44 16 43 69 0.0625
43 44 17 43 70 0.0625
43 44 18 43 71 0.03125
43 44 19 43 72 0.0625
43 44 20 43 45 0.046875
43 44 21 43 46 0.03125
43 44 23 43 48 0.046875
43 44 24 43 49 0.03125
43 44 25 43 50 0.015625
43 44 26 43 51 0.046875
44 36 1 44 12 0.03125
44 36 4 44 13 0.046875
44 36 6 44 14 0.03125
44 36 8 44 14 0.046875
44 36 10 44 15 0.171875
44 36 13 44 17 0.125
44 36 22 44 68 0.046875
44 36 25 44 69 0.171875
44 36 27 44 70 0.078125
44 36 29 44 71 0.078125
44 36 32 44 72 0.03125
44 36 44 44 75 0.125
44 36 78 44 47 0.015625
44 38 0 44 73 0.046875
44 38 1 44 74 0.171875
44 38 2 44 75 0.015625
44 38 4 44 77 0.0625
44 38 5 44 78 0.09375
44 38 6 44 79 0.078125
44 38 15 44 68 0.015625
44 38 17 44 70 0.09375
44 38 19 44 72 0.0625
44 38 21 44 46 0.078125
44 38 22 44 47 0.015625
44 38 24 44 49 0.140625
44 38 25 44 50 0.09375
44 38 26 44 51 0.03125
44 45 0 44 45 0.171875
44 45 1 44 73 0.125
44 45 3 44 75 0.03125
44 45 5 44 77 0.015625
44 45 6 44 78 0.078125
44 45 7 44 79 0.09375
44 45 8 44 66 0.15625
44 45 9 44 67 0.15625
44 45 10 44 68 0.109375
44 45 14 44 72 0.03125
44 45 53 44 47 0.03125
45 46 0 45 73 0.09375
45 46 2 45 75 0.0625
45 46 3 45 76 0.09375
45 46 4 45 77 0.09375
45 46 5 45 78 0.09375
45 46 6 45 79 0.0625
45 46 8 45 19 0.015625
45 46 14 45 67 0.078125
45 46 15 45 68 0.03125
45 46 16 45 69 0.0625
45 46 17 45 70 0.03125
45 46 18 45 71 0.078125
45 46 19 45 72 0.015625
45 46 21 45 39 0.0625
45 46 23 45 41 0.0625
45 46 24 45 42 0.046875
45 46 25 45 43 0.015625
46 42 0 46 42 0.171875
46 42 1 46 73 0.09375
46 42 2 46 74 0.046875
46 42 3 46 75 0.015625
46 42 5 46 77 0.0625
46 42 6 46 78 0.046875
46 42 7 46 79 0.0625
46 42 8 46 66 0.03125
46 42 9 46 67 0.125
46 42 10 46 68 0.046875
46 42 11 46 69 0.078125
46 42 13 46 71 0.03125
46 42 14 46 72 0.015625
46 42 24 46 20 0.015625
46 42 29 46 23 0.046875
46 42 30 46 23 0.046875
46 42 50 46 40 0.015625
46 42 66 46 73 0.046875
46 47 0 46 73 0.015625
46 47 1 46 74 0.0625
46 47 2 46 75 0.0625
46 47 3 46 76 0.078125
46 47 5 46 78 0.0625
46 47 6 46 79 0.0625
46 47 13 46 66 0.046875
46 47 15 46 68 0.046875
46 47 16 46 69 0.046875
46 47 17 46 70 0.078125
46 47 18 46 71 0.046875
46 47 19 46 72 0.046875
46 47 20 46 38 0.046875
46 47 21 46 39 0.046875
46 47 22 46 40 0.0625
46 47 23 46 41 0.03125
46 47 25 46 43 0.078125
46 47 26 46 44 0.046875
46 47 52 46 72 0.03125
47 48 0 47 73 0.03125
47 48 1 47 74 0.0625
47 48 2 47 75 0.0625
47 48 3 47 76 0.0625
47 48 4 47 77 0.0625
47 48 5 47 78 0.0625
47 48 6 47 79 0.046875
47 48 8 47 19 0.03125
47 48 10 47 21 0.03125
47 48 11 47 22 0.015625
47 48 12 47 23 0.046875
47 48 13 47 66 0.03125
47 48 14 47 67 0.046875
47 48 15 47 68 0.0625
47 48 16 47 69 0.0625
47 48 17 47 70 0.0625
47 48 19 47 72 0.046875
47 48 20 47 38 0.015625
47 48 21 47 39 0.03125
47 48 23 47 41 0.046875
47 48 24 47 42 0.015625
47 48 26 47 44 0.046875
47 48 63 47 40 0.015625
48 49 0 48 73 0.0625
48 49 1 48 74 0.0625
48 49 2 48 75 0.0625
48 49 3 48 76 0.0625
48 49 4 48 77 0.0625
48 49 5 48 78 0.0625
48 49 6 48 79 0.046875
48 49 9 48 20 0.03125
48 49 13 48 66 0.0625
48 49 14 48 67 0.0625
48 49 15 48 68 0.0625
48 49 16 48 69 0.0625
48 49 17 48 70 0.03125
48 49 18 48 71 0.046875
48 49 19 48 72 0.046875
48 49 20 48 38 0.046875
48 49 21 48 39 0.015625
48 49 22 48 40 0.03125
48 49 24 48 42 0.046875
48 49 25 48 43 0.015625
48 49 26 48 44 0.015625
49 50 0 49 73 0.0625
49 50 1 49 74 0.0625
49 50 2 49 75 0.0625
49 50 3 49 76 0.0625
49 50 4 49 77 0.0625
49 50 5 49 78 0.0625
49 50 6 49 79 0.046875
49 50 8 49 19 0.03125
49 50 10 49 21 0.03125
49 50 13 49 66 0.0625
49 50 14 49 67 0.046875
49 50 15 49 68 0.03125
49 50 16 49 69 0.0625
49 50 17 49 70 0.0625
49 50 18 49 71 0.0625
49 50 21 49 39 0.046875
49 50 22 49 40 0.046875
49 50 23 49 41 0.03125
49 50 25 49 43 0.046875
49 50 26 49 44 0.015625
50 51 0 50 73 0.03125
50 51 1 50 74 0.0625
50 51 2 50 75 0.0625
50 51 3 50 76 0.0625
50 51 4 50 77 0.0625
50 51 5 50 78 0.0625
50 51 6 50 79 0.0625
50 51 8 50 19 0.0625
50 51 9 50 20 0.03125
50 51 11 50 22 0.03125
50 51 12 50 23 0.015625
50 51 13 50 66 0.046875
50 51 14 50 67 0.0625
50 51 15 50 68 0.03125
50 51 16 50 69 0.015625
50 51 17 50 70 0.0625
50 51 18 50 71 0.0625
50 51 20 50 38 0.015625
50 51 22 50 40 0.046875
50 51 23 50 41 0.046875
50 51 24 50 42 0.015625
50 51 26 50 44 0.046875
51 52 0 51 18 0.03125
51 52 1 51 19 0.0625
51 52 2 51 20 0.046875
51 52 3 51 21 0.03125
51 52 5 51 23 0.0625
51 52 6 51 73 0.015625
51 52 10 51 74 0.03125
51 52 11 51 74 0.03125
51 52 14 51 75 0.03125
51 52 15 51 75 0.03125
51 52 20 51 78 0.015625
51 52 21 51 79 0.015625
51 52 29 51 76 0.046875
51 52 31 51 77 0.015625
51 52 32 51 77 0.03125
51 52 33 51 78 0.046875
51 52 38 51 20 0.015625
51 52 50 51 66 0.015625
51 52 52 51 66 0.03125
51 52 54 51 67 0.03125
51 52 55 51 67 0.015625
51 52 57 51 68 0.015625
51 52 58 51 69 0.015625
51 52 60 51 71 0.03125
51 52 61 51 71 0.015625
51 52 64 51 72 0.03125
51 52 67 51 39 0.015625
51 52 70 51 41 0.0625
51 52 73 51 42 0.015625
51 52 89 51 79 0.015625
51 52 111 51 38 0.015625
51 52 126 51 42 0.015625
51 52 129 51 43 0.015625
51 52 143 51 76 0.015625
51 52 148 51 79 0.03125
51 52 165 51 70 0.015625
51 52 180 51 44 0.015625
52 45 1 52 19 0.015625
52 45 2 52 20 0.046875
52 45 3 52 21 0.015625
52 45 4 52 22 0.078125
52 45 5 52 23 0.171875
52 45 6 52 0 0.046875
52 45 8 52 0 0.03125
52 45 12 52 1 0.140625
52 45 17 52 5 0.078125
52 45 20 52 18 0.09375
52 45 21 52 18 0.03125
52 45 25 52 21 0.0625
52 45 33 52 26 0.015625
52 45 56 52 32 0.046875
52 45 58 52 33 0.015625
52 45 65 52 35 0.046875
52 45 131 52 35 0.0625
52 53 0 52 0 0.03125
52 53 1 52 24 0.015625
52 53 4 52 27 0.09375
52 53 6 52 29 0.03125
52 53 8 52 1 0.015625
52 53 9 52 2 0.09375
52 53 10 52 3 0.046875
52 53 11 52 4 0.078125
52 53 14 52 32 0.0625
52 53 15 52 33 0.0625
52 53 16 52 34 0.09375
52 53 17 52 35 0.015625
52 53 18 52 36 0.078125
52 53 19 52 37 0.046875
52 53 21 52 19 0.078125
52 53 22 52 20 0.0625
52 53 23 52 21 0.046875
52 53 24 52 22 0.046875
53 54 0 53 0 0.078125
53 54 3 53 26 0.03125
53 54 5 53 28 0.09375
53 54 8 53 1 0.03125
53 54 9 53 2 0.015625
53 54 10 53 3 0.09375
53 54 11 53 4 0.015625
53 54 12 53 5 0.078125
53 54 14 53 32 0.015625
53 54 15 53 33 0.078125
53 54 16 53 34 0.03125
53 54 17 53 35 0.015625
53 54 18 53 36 0.015625
53 54 19 53 37 0.078125
53 54 20 53 18 0.015625
53 54 21 53 19 0.0625
53 54 22 53 20 0.078125
53 54 23 53 21 0.09375
53 54 24 53 22 0.078125
54 46 0 54 18 0.15625
54 46 1 54 19 0.03125
54 46 2 54 20 0.015625
54 46 3 54 21 0.0625
54 46 4 54 22 0.03125
54 46 5 54 23 0.09375
54 46 11 54 1 0.078125
54 46 14 54 2 0.0625
54 46 18 54 4 0.078125
54 46 19 54 5 0.03125
54 46 51 54 5 0.015625
54 46 64 54 34 0.0625
54 46 92 54 27 0.078125
54 46 97 54 29 0.078125
54 46 110 54 4 0.03125
54 46 121 54 33 0.046875
54 46 132 54 36 0.015625
54 46 134 54 37 0.03125
54 47 1 54 19 0.046875
54 47 2 54 20 0.15625
54 47 3 54 21 0.078125
54 47 4 54 22 0.140625
54 47 5 54 23 0.078125
54 47 6 54 0 0.125
54 47 9 54 0 0.046875
54 47 14 54 1 0.0625
54 47 16 54 3 0.03125
54 47 20 54 4 0.0625
54 47 23 54 18 0.03125
54 47 26 54 21 0.03125
54 47 44 54 29 0.015625
54 47 67 54 34 0.015625
54 47 69 54 35 0.046875
54 47 70 54 36 0.03125
