31_0_0_200_0_0 50 150 0.531287 0.182318 1.14041 10.0066 115.888 4.60436
31_0_0_200_0_0 50 150 100 544736 18971658000 34827.3 5447.36 189716580 1.20759e+09
31_0_0_200_1_1 50 150 0.570746 0.190066 1.31812 10.2004 116.577 5.05455
31_0_0_200_1_1 50 150 100 571589 19975678500 34947.6 5715.89 199756785 1.42892e+09
31_0_0_200_2_2 50 150 0.562445 0.191951 1.33134 10.1695 112.198 5.02381
31_0_0_200_2_2 50 150 100 571483 19923877500 34863.5 5714.83 199238775 1.34577e+09
31_0_0_200_3_3 50 150 0.582939 0.19141 1.38533 10.3206 138.983 5.2591
31_0_0_200_3_3 50 150 100 571619 20016970500 35018 5716.19 200169705 1.51843e+09
31_0_0_200_4_4 50 150 0.58778 0.1934 1.43283 10.379 153.958 5.27322
31_0_0_200_4_4 50 150 100 571041 20086861500 35175.9 5710.41 200868615 1.53984e+09
31_0_0_200_5_5 50 150 0.575705 0.191891 1.36126 10.2409 169.936 5.13019
31_0_0_200_5_5 50 150 100 571118 19928764500 34894.3 5711.18 199287645 1.42962e+09
31_0_0_200_6_6 50 150 0.592435 0.196227 1.48635 10.2373 169.947 5.36364
31_0_0_200_6_6 50 150 100 570861 19980979500 35001.5 5708.61 199809795 1.46292e+09
31_0_0_200_7_7 50 150 0.580531 0.193028 1.41398 10.339 103.707 5.24518
31_0_0_200_7_7 50 150 100 570546 19845456000 34783.3 5705.46 198454560 1.40794e+09
31_0_0_200_8_8 50 150 0.5801 0.195569 1.45984 10.153 111.562 5.22591
31_0_0_200_8_8 50 150 100 570273 20055999000 35169.1 5702.73 200559990 1.44066e+09
31_0_0_200_9_9 50 150 0.581638 0.192759 1.38939 10.3273 150.027 5.2014
31_0_0_200_9_9 50 150 100 570990 19907238000 34864.4 5709.9 199072380 1.46108e+09
