3_5_10_100_0_0 25 75 0.589786 0.22988 1.15827 10.1539 149.831 4.34514
3_5_10_100_0_0 25 75 50 1134462 39973347000 35235.5 22689.2 799466940 5.72929e+09
3_5_10_100_1_1 25 75 0.589786 0.22988 1.15827 10.1539 149.831 4.34514
3_5_10_100_1_1 25 75 50 1134462 39973347000 35235.5 22689.2 799466940 5.72929e+09
3_5_10_100_2_2 25 75 0.594847 0.229315 1.17434 10.176 140.08 4.39436
3_5_10_100_2_2 25 75 50 1134165 39819247500 35108.9 22683.3 796384950 5.68666e+09
3_5_10_100_3_3 25 75 0.592396 0.22963 1.15626 10.1361 219.999 4.33234
3_5_10_100_3_3 25 75 50 1135161 39958369500 35200.6 22703.2 799167390 5.84453e+09
3_5_10_100_4_4 25 75 0.584426 0.228912 1.13963 10.1224 180.032 4.29114
3_5_10_100_4_4 25 75 50 1134054 39761572500 35061.4 22681.1 795231450 5.54501e+09
3_5_10_100_5_5 25 75 0.569732 0.224722 1.09156 9.99823 160.034 4.10967
3_5_10_100_5_5 25 75 50 1134280 39477037500 34803.6 22685.6 789540750 5.25718e+09
3_5_10_100_6_6 25 75 0.600519 0.230813 1.17507 10.2452 221.149 4.39905
3_5_10_100_6_6 25 75 50 1134370 40006824000 35267.9 22687.4 800136480 5.70957e+09
3_5_10_100_7_7 25 75 0.591256 0.230705 1.17885 10.1492 164.738 4.37869
3_5_10_100_7_7 25 75 50 1134139 39741883500 35041.5 22682.8 794837670 5.53357e+09
3_5_10_100_8_8 25 75 0.585354 0.229716 1.15267 10.1326 220.005 4.28684
3_5_10_100_8_8 25 75 50 1134584 39835081500 35109.9 22691.7 796701630 5.55958e+09
3_5_10_100_9_9 25 75 0.59503 0.228189 1.1595 10.2166 222.526 4.36661
3_5_10_100_9_9 25 75 50 1133843 39749586000 35057.4 22676.9 794991720 5.55352e+09
