1_225_1000_100_0_0 25 75 0.649503 0.281511 1.39945 10.1597 180.057 4.62082
1_225_1000_100_0_0 25 75 50 1361177 47306488500 34754.1 27223.5 946129770 7.19102e+09
1_225_1000_100_1_1 25 75 0.649503 0.281511 1.39945 10.1597 180.057 4.62082
1_225_1000_100_1_1 25 75 50 1361177 47306488500 34754.1 27223.5 946129770 7.19102e+09
1_225_1000_100_2_2 25 75 0.639272 0.280944 1.3825 10.0323 170.021 4.50224
1_225_1000_100_2_2 25 75 50 1360638 47571229500 34962.4 27212.8 951424590 7.24912e+09
1_225_1000_100_3_3 25 75 0.645846 0.280578 1.39336 10.0834 240.01 4.5689
1_225_1000_100_3_3 25 75 50 1363244 47460949500 34814.7 27264.9 949218990 7.25654e+09
1_225_1000_100_4_4 25 75 0.63997 0.277751 1.36241 10.0771 212.342 4.48237
1_225_1000_100_4_4 25 75 50 1361570 47419594500 34827.1 27231.4 948391890 7.21787e+09
1_225_1000_100_5_5 25 75 0.64161 0.279308 1.3742 10.099 220.072 4.50253
1_225_1000_100_5_5 25 75 50 1361307 47385799500 34809 27226.1 947715990 7.17076e+09
1_225_1000_100_6_6 25 75 0.638093 0.279444 1.34981 10.0356 250.038 4.46354
1_225_1000_100_6_6 25 75 50 1362123 47560449000 34916.4 27242.5 951208980 7.19471e+09
1_225_1000_100_7_7 25 75 0.638091 0.278361 1.35908 10.0998 190.015 4.51686
1_225_1000_100_7_7 25 75 50 1360423 47071848000 34600.9 27208.5 941436960 6.9365e+09
1_225_1000_100_8_8 25 75 0.63771 0.279868 1.37443 10.0147 222.833 4.49947
1_225_1000_100_8_8 25 75 50 1361564 47361936000 34785 27231.3 947238720 7.12217e+09
1_225_1000_100_9_9 25 75 0.644271 0.279284 1.38949 10.0709 170.065 4.53582
1_225_1000_100_9_9 25 75 50 1360132 47727559500 35090.4 27202.6 954551190 7.43567e+09
