0_8125_10000_100_0_0 25 75 0.570785 0.179003 0.834048 10.1727 164.846 3.53296
0_8125_10000_100_0_0 25 75 50 528830 18728388000 35414.8 10576.6 374567760 2.24551e+09
0_8125_10000_100_1_1 25 75 0.570785 0.179003 0.834048 10.1727 164.846 3.53296
0_8125_10000_100_1_1 25 75 50 528830 18728388000 35414.8 10576.6 374567760 2.24551e+09
0_8125_10000_100_2_2 25 75 0.564775 0.178055 0.83313 10.162 121.217 3.51405
0_8125_10000_100_2_2 25 75 50 528330 18540832500 35093.3 10566.6 370816650 2.22292e+09
0_8125_10000_100_3_3 25 75 0.583959 0.179877 0.859734 10.3341 122.306 3.69665
0_8125_10000_100_3_3 25 75 50 528566 18642111000 35269.2 10571.3 372842220 2.22747e+09
0_8125_10000_100_4_4 25 75 0.578155 0.179827 0.848972 10.2118 123.003 3.59694
0_8125_10000_100_4_4 25 75 50 528484 18626752500 35245.6 10569.7 372535050 2.26587e+09
0_8125_10000_100_5_5 25 75 0.615225 0.177503 0.843633 10.4298 169.394 3.67844
0_8125_10000_100_5_5 25 75 50 529331 18682000500 35293.6 10586.6 373640010 2.31348e+09
0_8125_10000_100_6_6 25 75 0.595712 0.180794 0.873062 10.3365 174.122 3.74515
0_8125_10000_100_6_6 25 75 50 528837 18757758000 35469.8 10576.7 375155160 2.21645e+09
0_8125_10000_100_7_7 25 75 0.637351 0.180535 0.874667 10.3994 191.089 3.74449
0_8125_10000_100_7_7 25 75 50 528705 18781231500 35523.1 10574.1 375624630 2.49178e+09
0_8125_10000_100_8_8 25 75 0.611958 0.178954 0.879352 10.434 143.281 3.76795
0_8125_10000_100_8_8 25 75 50 529517 18629982000 35183 10590.3 372599640 2.30127e+09
0_8125_10000_100_9_9 25 75 0.57127 0.176666 0.830937 10.1231 119.922 3.48382
0_8125_10000_100_9_9 25 75 50 528553 18621132000 35230.4 10571.1 372422640 2.25772e+09
