0 1 0 0 1 0.078125
0 1 4 0 22 0.015625
0 1 5 0 40 0.015625
0 1 6 0 53 0.03125
0 1 7 0 59 0.015625
0 1 8 0 79 0.046875
0 1 123 0 25 0.015625
0 1 128 0 25 0.015625
0 1 129 0 25 0.015625
0 1 130 0 25 0.015625
0 1 141 0 37 0.015625
0 1 145 0 37 0.015625
0 1 146 0 37 0.03125
0 1 153 0 40 0.015625
0 1 156 0 40 0.015625
0 1 158 0 43 0.015625
0 1 163 0 43 0.015625
0 1 164 0 43 0.015625
0 1 172 0 45 0.015625
0 1 173 0 45 0.015625
0 1 174 0 45 0.015625
0 1 175 0 45 0.015625
0 1 177 0 46 0.015625
0 1 182 0 46 0.015625
0 1 183 0 46 0.015625
0 1 184 0 46 0.015625
0 1 188 0 47 0.015625
0 1 189 0 47 0.015625
0 1 190 0 47 0.015625
0 1 191 0 47 0.015625
0 1 195 0 53 0.015625
0 1 196 0 53 0.015625
0 1 197 0 53 0.015625
0 1 202 0 54 0.046875
0 1 203 0 54 0.015625
0 1 204 0 54 0.03125
0 1 208 0 59 0.015625
0 1 209 0 59 0.03125
0 1 210 0 59 0.015625
0 1 211 0 59 0.015625
0 1 221 0 63 0.015625
0 1 222 0 63 0.015625
0 1 223 0 63 0.03125
0 1 224 0 63 0.015625
0 1 232 0 70 0.015625
0 1 233 0 70 0.015625
0 1 234 0 70 0.015625
0 1 235 0 70 0.015625
0 1 243 0 79 0.015625
0 1 244 0 79 0.015625
0 1 245 0 79 0.015625
1 2 0 1 2 0.078125
1 2 1 1 40 0.03125
1 2 2 1 55 0.03125
1 2 3 1 56 0.03125
1 2 4 1 72 0.03125
1 2 46 1 5 0.015625
1 2 130 1 35 0.015625
1 2 132 1 35 0.015625
1 2 135 1 35 0.015625
1 2 136 1 35 0.015625
1 2 143 1 40 0.015625
1 2 152 1 50 0.015625
1 2 154 1 50 0.015625
1 2 155 1 50 0.03125
1 2 160 1 52 0.015625
1 2 161 1 52 0.015625
1 2 162 1 52 0.015625
1 2 163 1 52 0.015625
1 2 164 1 52 0.015625
1 2 165 1 52 0.015625
1 2 173 1 53 0.015625
1 2 174 1 53 0.015625
1 2 180 1 55 0.015625
1 2 184 1 56 0.015625
1 2 185 1 56 0.015625
1 2 186 1 56 0.015625
1 2 190 1 59 0.015625
1 2 191 1 59 0.015625
1 2 193 1 59 0.015625
1 2 196 1 62 0.015625
1 2 198 1 62 0.015625
1 2 199 1 62 0.03125
1 2 205 1 64 0.015625
1 2 208 1 64 0.015625
1 2 209 1 64 0.03125
1 2 210 1 64 0.015625
1 2 216 1 66 0.015625
1 2 217 1 66 0.015625
1 2 218 1 66 0.015625
1 2 219 1 66 0.015625
1 2 220 1 66 0.015625
1 2 225 1 72 0.015625
1 2 226 1 72 0.015625
1 2 227 1 72 0.015625
1 2 229 1 77 0.015625
1 2 233 1 77 0.015625
1 2 236 1 77 0.015625
1 2 237 1 77 0.015625
1 2 241 1 79 0.015625
1 2 243 1 79 0.015625
1 2 244 1 79 0.015625
1 2 245 1 79 0.015625
1 2 246 1 79 0.015625
2 3 0 2 24 0.015625
2 3 2 2 41 0.03125
2 3 3 2 43 0.015625
2 3 4 2 45 0.015625
2 3 5 2 63 0.03125
2 3 6 2 72 0.015625
2 3 86 2 37 0.015625
2 3 87 2 37 0.015625
2 3 88 2 37 0.015625
2 3 89 2 37 0.015625
2 3 91 2 39 0.015625
2 3 92 2 39 0.015625
2 3 95 2 39 0.015625
2 3 101 2 40 0.015625
2 3 102 2 40 0.015625
2 3 113 2 42 0.015625
2 3 114 2 42 0.03125
2 3 115 2 42 0.015625
2 3 116 2 42 0.015625
2 3 130 2 44 0.015625
2 3 133 2 44 0.015625
2 3 134 2 44 0.015625
2 3 135 2 44 0.015625
2 3 136 2 44 0.015625
2 3 142 2 45 0.015625
2 3 143 2 45 0.015625
2 3 144 2 45 0.015625
2 3 150 2 46 0.03125
2 3 152 2 46 0.015625
2 3 157 2 55 0.015625
2 3 158 2 55 0.015625
2 3 159 2 55 0.015625
2 3 161 2 56 0.015625
2 3 162 2 56 0.015625
2 3 163 2 56 0.015625
2 3 164 2 56 0.03125
2 3 168 2 63 0.015625
2 3 172 2 63 0.015625
2 3 177 2 68 0.015625
2 3 179 2 68 0.015625
2 3 180 2 68 0.015625
2 3 185 2 69 0.015625
2 3 188 2 69 0.015625
2 3 189 2 69 0.015625
2 3 190 2 69 0.015625
2 3 191 2 69 0.015625
2 3 196 2 72 0.015625
2 3 197 2 72 0.015625
2 3 198 2 72 0.015625
2 3 199 2 72 0.015625
2 3 200 2 72 0.015625
2 3 201 2 72 0.015625
2 3 206 2 74 0.015625
2 3 207 2 74 0.015625
2 3 208 2 74 0.03125
2 3 209 2 74 0.015625
2 3 214 2 75 0.015625
2 3 215 2 75 0.015625
3 4 0 3 4 0.078125
3 4 1 3 5 0.015625
3 4 3 3 45 0.03125
3 4 4 3 47 0.015625
3 4 5 3 50 0.015625
3 4 6 3 57 0.015625
3 4 7 3 60 0.03125
3 4 8 3 71 0.03125
3 4 59 3 26 0.015625
3 4 60 3 26 0.015625
3 4 61 3 26 0.015625
3 4 62 3 26 0.015625
3 4 103 3 36 0.015625
3 4 104 3 36 0.015625
3 4 105 3 36 0.015625
3 4 112 3 41 0.015625
3 4 121 3 43 0.015625
3 4 135 3 47 0.015625
3 4 137 3 47 0.015625
3 4 138 3 47 0.015625
3 4 159 3 51 0.015625
3 4 160 3 51 0.015625
3 4 161 3 51 0.015625
3 4 162 3 51 0.015625
3 4 164 3 52 0.015625
3 4 170 3 52 0.015625
3 4 172 3 52 0.015625
3 4 177 3 57 0.015625
3 4 178 3 57 0.015625
3 4 179 3 57 0.015625
3 4 186 3 60 0.015625
3 4 187 3 60 0.03125
3 4 188 3 60 0.015625
3 4 195 3 62 0.03125
3 4 196 3 62 0.015625
3 4 197 3 62 0.015625
3 4 205 3 63 0.015625
3 4 207 3 63 0.015625
3 4 208 3 63 0.015625
3 4 209 3 63 0.015625
3 4 213 3 65 0.015625
3 4 214 3 65 0.015625
3 4 217 3 65 0.015625
3 4 218 3 65 0.015625
3 4 219 3 65 0.015625
3 4 220 3 65 0.015625
3 4 225 3 71 0.015625
3 4 226 3 71 0.015625
3 4 227 3 71 0.015625
3 4 231 3 72 0.015625
3 4 232 3 72 0.015625
3 4 233 3 72 0.015625
3 4 238 3 76 0.015625
3 4 239 3 76 0.015625
3 4 240 3 76 0.015625
4 5 0 4 5 0.078125
4 5 1 4 3 0.015625
4 5 3 4 60 0.03125
4 5 4 4 73 0.03125
4 5 11 4 3 0.015625
4 5 98 4 22 0.015625
4 5 112 4 25 0.015625
4 5 113 4 25 0.015625
4 5 114 4 25 0.015625
4 5 116 4 25 0.015625
4 5 137 4 38 0.015625
4 5 138 4 38 0.015625
4 5 139 4 38 0.015625
4 5 140 4 38 0.015625
4 5 141 4 38 0.015625
4 5 142 4 38 0.015625
4 5 147 4 42 0.015625
4 5 149 4 42 0.015625
4 5 150 4 42 0.015625
4 5 156 4 45 0.015625
4 5 157 4 45 0.015625
4 5 158 4 45 0.015625
4 5 165 4 46 0.015625
4 5 166 4 46 0.015625
4 5 171 4 47 0.015625
4 5 173 4 47 0.03125
4 5 174 4 47 0.015625
4 5 181 4 50 0.015625
4 5 182 4 50 0.015625
4 5 183 4 50 0.015625
4 5 186 4 54 0.015625
4 5 188 4 54 0.015625
4 5 189 4 54 0.015625
4 5 190 4 54 0.015625
4 5 197 4 55 0.015625
4 5 198 4 55 0.03125
4 5 199 4 55 0.015625
4 5 200 4 56 0.015625
4 5 203 4 56 0.015625
4 5 204 4 56 0.015625
4 5 205 4 56 0.015625
4 5 206 4 56 0.015625
4 5 207 4 56 0.015625
4 5 208 4 56 0.015625
4 5 214 4 57 0.015625
4 5 215 4 57 0.015625
4 5 216 4 57 0.015625
4 5 223 4 60 0.015625
4 5 224 4 60 0.015625
4 5 225 4 60 0.015625
4 5 234 4 68 0.015625
4 5 240 4 71 0.015625
4 5 245 4 73 0.015625
4 5 246 4 73 0.015625
4 5 247 4 73 0.015625
4 5 248 4 73 0.015625
5 0 0 5 1 0.015625
5 0 3 5 29 0.015625
5 0 4 5 37 0.015625
5 0 5 5 40 0.015625
5 0 6 5 43 0.015625
5 0 7 5 63 0.015625
5 0 14 5 1 0.015625
5 0 30 5 4 0.015625
5 0 80 5 36 0.015625
5 0 81 5 36 0.015625
5 0 82 5 36 0.015625
5 0 83 5 36 0.015625
5 0 84 5 36 0.015625
5 0 85 5 36 0.015625
5 0 86 5 36 0.015625
5 0 91 5 37 0.015625
5 0 92 5 37 0.015625
5 0 93 5 37 0.015625
5 0 94 5 37 0.015625
5 0 109 5 43 0.015625
5 0 110 5 43 0.015625
5 0 118 5 48 0.015625
5 0 119 5 48 0.015625
5 0 121 5 48 0.015625
5 0 122 5 48 0.015625
5 0 127 5 51 0.015625
5 0 129 5 51 0.015625
5 0 130 5 51 0.015625
5 0 131 5 51 0.015625
5 0 132 5 51 0.015625
5 0 138 5 52 0.015625
5 0 140 5 52 0.015625
5 0 141 5 52 0.015625
5 0 142 5 52 0.015625
5 0 148 5 58 0.015625
5 0 149 5 58 0.015625
5 0 156 5 60 0.015625
5 0 157 5 60 0.015625
5 0 158 5 60 0.015625
5 0 162 5 61 0.015625
5 0 163 5 61 0.015625
5 0 164 5 61 0.015625
5 0 165 5 61 0.015625
5 0 166 5 61 0.015625
5 0 175 5 63 0.015625
5 0 176 5 63 0.015625
5 0 180 5 64 0.015625
5 0 182 5 64 0.015625
5 0 183 5 64 0.015625
5 0 184 5 64 0.015625
5 0 185 5 64 0.015625
5 0 192 5 66 0.015625
5 0 193 5 66 0.015625
5 0 199 5 69 0.015625
5 0 201 5 69 0.015625
5 0 202 5 69 0.015625
5 0 207 5 73 0.015625
5 0 208 5 73 0.015625
5 0 209 5 73 0.015625
5 0 210 5 73 0.015625
5 0 215 5 74 0.015625
5 0 216 5 74 0.015625
5 0 217 5 74 0.015625
5 0 218 5 74 0.015625
5 6 0 5 1 0.03125
5 6 1 5 4 0.015625
5 6 4 5 33 0.015625
5 6 5 5 37 0.03125
5 6 6 5 40 0.015625
5 6 7 5 51 0.015625
5 6 8 5 52 0.015625
5 6 9 5 58 0.046875
5 6 10 5 63 0.015625
5 6 11 5 64 0.015625
5 6 12 5 74 0.03125
5 6 22 5 3 0.015625
5 6 30 5 3 0.015625
5 6 31 5 3 0.015625
5 6 91 5 36 0.015625
5 6 92 5 36 0.015625
5 6 93 5 36 0.015625
5 6 94 5 36 0.015625
5 6 95 5 36 0.015625
5 6 97 5 37 0.015625
5 6 101 5 37 0.015625
5 6 108 5 40 0.015625
5 6 122 5 51 0.015625
5 6 123 5 51 0.015625
5 6 124 5 51 0.015625
5 6 130 5 52 0.015625
5 6 131 5 52 0.015625
5 6 132 5 52 0.015625
5 6 133 5 52 0.015625
5 6 137 5 58 0.015625
5 6 138 5 58 0.015625
5 6 144 5 60 0.015625
5 6 146 5 60 0.015625
5 6 147 5 60 0.015625
5 6 151 5 61 0.015625
5 6 152 5 61 0.015625
5 6 154 5 61 0.015625
5 6 160 5 63 0.015625
5 6 161 5 63 0.015625
5 6 162 5 63 0.015625
5 6 168 5 64 0.015625
5 6 174 5 66 0.015625
5 6 175 5 66 0.015625
5 6 176 5 66 0.015625
5 6 177 5 66 0.015625
5 6 178 5 66 0.015625
5 6 183 5 69 0.015625
5 6 184 5 69 0.015625
5 6 185 5 69 0.015625
5 6 186 5 69 0.015625
5 6 187 5 69 0.015625
5 6 191 5 73 0.015625
5 6 193 5 73 0.015625
5 6 195 5 73 0.015625
5 6 198 5 74 0.015625
5 6 200 5 74 0.015625
5 6 201 5 74 0.015625
5 6 202 5 74 0.015625
5 6 203 5 74 0.015625
6 0 0 6 1 0.015625
6 0 5 6 37 0.015625
6 0 6 6 40 0.03125
6 0 7 6 63 0.046875
6 0 8 6 79 0.015625
6 0 15 6 1 0.015625
6 0 23 6 4 0.015625
6 0 25 6 4 0.015625
6 0 26 6 4 0.015625
6 0 27 6 4 0.015625
6 0 64 6 26 0.015625
6 0 66 6 26 0.015625
6 0 89 6 37 0.015625
6 0 91 6 37 0.015625
6 0 92 6 37 0.015625
6 0 106 6 50 0.015625
6 0 107 6 50 0.03125
6 0 108 6 50 0.015625
6 0 109 6 50 0.03125
6 0 116 6 51 0.015625
6 0 117 6 51 0.015625
6 0 118 6 51 0.015625
6 0 119 6 51 0.015625
6 0 125 6 52 0.015625
6 0 127 6 52 0.015625
6 0 128 6 52 0.015625
6 0 129 6 52 0.015625
6 0 132 6 57 0.015625
6 0 134 6 57 0.015625
6 0 135 6 57 0.015625
6 0 141 6 58 0.015625
6 0 142 6 58 0.015625
6 0 146 6 62 0.015625
6 0 147 6 62 0.015625
6 0 154 6 63 0.015625
6 0 156 6 63 0.015625
6 0 157 6 63 0.015625
6 0 164 6 64 0.015625
6 0 165 6 64 0.015625
6 0 166 6 64 0.015625
6 0 171 6 67 0.015625
6 0 172 6 67 0.015625
6 0 176 6 72 0.015625
6 0 177 6 72 0.015625
6 0 182 6 74 0.015625
6 0 183 6 74 0.015625
6 0 184 6 74 0.015625
6 0 185 6 74 0.015625
6 0 192 6 76 0.015625
6 0 193 6 76 0.03125
6 0 194 6 76 0.015625
6 0 197 6 78 0.015625
6 0 198 6 78 0.015625
6 0 199 6 78 0.015625
6 0 201 6 78 0.015625
6 0 202 6 78 0.015625
6 0 203 6 78 0.015625
6 0 211 6 79 0.015625
6 1 0 6 1 0.125
6 1 2 6 40 0.015625
6 1 5 6 62 0.015625
6 1 7 6 72 0.015625
6 1 8 6 79 0.015625
6 1 95 6 26 0.015625
6 1 96 6 26 0.015625
6 1 111 6 33 0.015625
6 1 121 6 40 0.015625
6 1 130 6 40 0.015625
6 1 137 6 50 0.015625
6 1 145 6 51 0.015625
6 1 146 6 51 0.015625
6 1 147 6 51 0.015625
6 1 148 6 51 0.015625
6 1 150 6 51 0.015625
6 1 156 6 52 0.015625
6 1 157 6 52 0.015625
6 1 158 6 52 0.015625
6 1 159 6 52 0.015625
6 1 160 6 52 0.015625
6 1 161 6 52 0.015625
6 1 164 6 57 0.015625
6 1 165 6 57 0.015625
6 1 166 6 57 0.015625
6 1 173 6 58 0.015625
6 1 180 6 62 0.015625
6 1 181 6 62 0.015625
6 1 182 6 62 0.015625
6 1 183 6 63 0.015625
6 1 191 6 63 0.015625
6 1 192 6 63 0.015625
6 1 193 6 63 0.015625
6 1 194 6 63 0.015625
6 1 201 6 64 0.015625
6 1 208 6 67 0.015625
6 1 209 6 67 0.015625
6 1 210 6 67 0.015625
6 1 211 6 67 0.015625
6 1 212 6 67 0.015625
6 1 213 6 67 0.015625
6 1 214 6 67 0.015625
6 1 219 6 72 0.015625
6 1 220 6 72 0.015625
6 1 221 6 72 0.015625
6 1 227 6 74 0.015625
6 1 228 6 74 0.015625
6 1 229 6 74 0.015625
6 1 230 6 74 0.015625
6 1 231 6 74 0.015625
6 1 235 6 76 0.015625
6 1 237 6 76 0.015625
6 1 238 6 76 0.015625
6 1 247 6 78 0.015625
6 1 248 6 79 0.015625
6 1 256 6 79 0.015625
6 1 257 6 79 0.015625
6 7 0 6 27 0.015625
6 7 1 6 37 0.015625
6 7 2 6 51 0.015625
6 7 3 6 57 0.015625
6 7 4 6 58 0.03125
6 7 5 6 62 0.015625
6 7 6 6 64 0.03125
6 7 7 6 76 0.015625
6 7 22 6 4 0.015625
6 7 61 6 26 0.015625
6 7 62 6 26 0.015625
6 7 63 6 26 0.015625
6 7 65 6 26 0.015625
6 7 66 6 26 0.015625
6 7 67 6 26 0.015625
6 7 96 6 40 0.015625
6 7 106 6 50 0.015625
6 7 112 6 51 0.015625
6 7 120 6 52 0.015625
6 7 122 6 52 0.015625
6 7 123 6 52 0.015625
6 7 124 6 52 0.015625
6 7 126 6 57 0.015625
6 7 127 6 57 0.015625
6 7 128 6 57 0.015625
6 7 129 6 57 0.015625
6 7 130 6 57 0.015625
6 7 133 6 58 0.015625
6 7 134 6 58 0.015625
6 7 135 6 58 0.015625
6 7 136 6 58 0.015625
6 7 137 6 58 0.015625
6 7 140 6 62 0.015625
6 7 141 6 62 0.015625
6 7 142 6 62 0.015625
6 7 143 6 62 0.015625
6 7 144 6 62 0.015625
6 7 150 6 63 0.015625
6 7 156 6 64 0.015625
6 7 157 6 64 0.015625
6 7 160 6 67 0.015625
6 7 161 6 67 0.015625
6 7 162 6 67 0.015625
6 7 163 6 67 0.015625
6 7 165 6 72 0.015625
6 7 166 6 72 0.015625
6 7 167 6 72 0.015625
6 7 168 6 72 0.015625
6 7 169 6 72 0.015625
6 7 174 6 74 0.015625
6 7 175 6 74 0.015625
6 7 177 6 74 0.015625
6 7 181 6 76 0.015625
6 7 184 6 76 0.015625
6 7 189 6 78 0.015625
6 7 190 6 78 0.015625
6 7 191 6 78 0.015625
6 7 192 6 78 0.015625
6 7 195 6 79 0.015625
6 7 197 6 79 0.015625
6 7 198 6 79 0.015625
6 7 200 6 79 0.015625
7 8 0 7 8 0.046875
7 8 1 7 28 0.015625
7 8 2 7 35 0.03125
7 8 3 7 39 0.03125
7 8 4 7 42 0.015625
7 8 5 7 51 0.015625
7 8 6 7 64 0.015625
7 8 7 7 65 0.015625
7 8 8 7 68 0.015625
7 8 9 7 70 0.015625
7 8 10 7 73 0.015625
7 8 11 7 77 0.015625
7 8 13 7 5 0.015625
7 8 17 7 5 0.015625
7 8 68 7 24 0.015625
7 8 77 7 27 0.015625
7 8 106 7 37 0.015625
7 8 110 7 37 0.015625
7 8 118 7 37 0.015625
7 8 122 7 39 0.015625
7 8 135 7 42 0.015625
7 8 140 7 44 0.015625
7 8 143 7 44 0.015625
7 8 147 7 44 0.015625
7 8 152 7 51 0.015625
7 8 156 7 51 0.015625
7 8 158 7 55 0.015625
7 8 163 7 55 0.015625
7 8 164 7 55 0.015625
7 8 165 7 55 0.015625
7 8 170 7 57 0.015625
7 8 171 7 57 0.015625
7 8 173 7 57 0.015625
7 8 175 7 58 0.015625
7 8 177 7 58 0.015625
7 8 178 7 58 0.015625
7 8 179 7 58 0.015625
7 8 180 7 60 0.015625
7 8 184 7 60 0.015625
7 8 185 7 60 0.015625
7 8 186 7 60 0.015625
7 8 187 7 60 0.015625
7 8 189 7 62 0.015625
7 8 192 7 62 0.015625
7 8 193 7 62 0.015625
7 8 194 7 62 0.015625
7 8 206 7 65 0.015625
7 8 208 7 65 0.015625
7 8 217 7 70 0.015625
7 8 222 7 70 0.015625
7 8 226 7 73 0.015625
7 8 231 7 73 0.015625
7 8 232 7 73 0.015625
7 8 233 7 73 0.015625
7 8 235 7 76 0.015625
7 8 237 7 76 0.015625
7 8 238 7 76 0.015625
7 8 239 7 76 0.015625
7 8 242 7 77 0.015625
7 8 250 7 77 0.015625
8 9 0 8 11 0.03125
8 9 2 8 61 0.015625
8 9 3 8 65 0.015625
8 9 4 8 73 0.015625
8 9 7 8 0 0.015625
8 9 8 8 0 0.015625
8 9 9 8 0 0.015625
8 9 11 8 1 0.015625
8 9 16 8 1 0.015625
8 9 25 8 4 0.015625
8 9 32 8 7 0.015625
8 9 33 8 7 0.015625
8 9 48 8 20 0.015625
8 9 49 8 20 0.015625
8 9 53 8 25 0.015625
8 9 57 8 25 0.015625
8 9 58 8 25 0.015625
8 9 59 8 28 0.015625
8 9 60 8 28 0.015625
8 9 61 8 28 0.015625
8 9 73 8 33 0.03125
8 9 80 8 35 0.015625
8 9 81 8 35 0.015625
8 9 82 8 35 0.015625
8 9 86 8 39 0.015625
8 9 88 8 39 0.015625
8 9 89 8 39 0.015625
8 9 94 8 41 0.015625
8 9 103 8 42 0.015625
8 9 104 8 42 0.015625
8 9 105 8 42 0.015625
8 9 106 8 43 0.015625
8 9 108 8 43 0.015625
8 9 110 8 43 0.015625
8 9 111 8 43 0.015625
8 9 117 8 51 0.015625
8 9 118 8 51 0.015625
8 9 119 8 51 0.015625
8 9 125 8 52 0.015625
8 9 132 8 61 0.015625
8 9 133 8 61 0.015625
8 9 139 8 63 0.015625
8 9 141 8 63 0.015625
8 9 147 8 64 0.015625
8 9 148 8 64 0.015625
8 9 149 8 64 0.015625
8 9 152 8 65 0.015625
8 9 153 8 65 0.015625
8 9 154 8 65 0.015625
8 9 160 8 68 0.015625
8 9 161 8 68 0.015625
8 9 162 8 68 0.015625
8 9 168 8 70 0.015625
8 9 171 8 70 0.015625
8 9 180 8 73 0.015625
8 9 186 8 77 0.015625
8 9 188 8 77 0.015625
8 9 195 8 78 0.015625
8 9 197 8 78 0.015625
8 9 205 8 79 0.015625
8 9 206 8 79 0.015625
8 9 207 8 79 0.015625
9 7 0 9 5 0.03125
9 7 1 9 14 0.015625
9 7 2 9 16 0.046875
9 7 3 9 57 0.015625
9 7 4 9 58 0.015625
9 7 5 9 60 0.03125
9 7 6 9 65 0.015625
9 7 7 9 73 0.015625
9 7 13 9 5 0.015625
9 7 49 9 15 0.015625
9 7 73 9 19 0.015625
9 7 108 9 40 0.015625
9 7 116 9 52 0.015625
9 7 117 9 52 0.015625
9 7 118 9 52 0.015625
9 7 119 9 52 0.015625
9 7 120 9 52 0.015625
9 7 121 9 52 0.015625
9 7 131 9 57 0.015625
9 7 132 9 57 0.015625
9 7 133 9 57 0.015625
9 7 134 9 57 0.015625
9 7 138 9 58 0.015625
9 7 139 9 58 0.015625
9 7 141 9 58 0.015625
9 7 146 9 60 0.015625
9 7 147 9 60 0.015625
9 7 148 9 60 0.015625
9 7 149 9 60 0.015625
9 7 150 9 60 0.015625
9 7 157 9 61 0.015625
9 7 158 9 61 0.015625
9 7 159 9 61 0.015625
9 7 160 9 61 0.015625
9 7 161 9 61 0.015625
9 7 162 9 61 0.015625
9 7 163 9 61 0.015625
9 7 167 9 65 0.015625
9 7 169 9 65 0.015625
9 7 170 9 65 0.015625
9 7 171 9 65 0.015625
9 7 175 9 66 0.015625
9 7 176 9 66 0.015625
9 7 177 9 66 0.015625
9 7 192 9 71 0.015625
9 7 194 9 71 0.015625
9 7 195 9 71 0.015625
9 7 196 9 71 0.015625
9 7 201 9 73 0.015625
9 7 202 9 73 0.015625
9 7 203 9 73 0.015625
9 7 204 9 73 0.015625
9 7 205 9 73 0.015625
9 7 206 9 73 0.015625
9 7 210 9 75 0.015625
9 7 211 9 75 0.015625
9 7 212 9 75 0.015625
9 7 213 9 75 0.015625
9 7 214 9 75 0.015625
9 7 215 9 75 0.015625
9 10 0 9 6 0.03125
9 10 1 9 14 0.015625
9 10 2 9 15 0.03125
9 10 3 9 19 0.046875
9 10 4 9 23 0.046875
9 10 5 9 40 0.015625
9 10 6 9 52 0.015625
9 10 7 9 60 0.015625
9 10 8 9 71 0.015625
9 10 9 9 75 0.03125
9 10 19 9 5 0.015625
9 10 28 9 11 0.015625
9 10 29 9 11 0.015625
9 10 33 9 11 0.015625
9 10 38 9 13 0.015625
9 10 40 9 13 0.015625
9 10 41 9 13 0.015625
9 10 42 9 13 0.015625
9 10 92 9 26 0.015625
9 10 93 9 26 0.015625
9 10 94 9 26 0.015625
9 10 99 9 30 0.015625
9 10 104 9 31 0.015625
9 10 105 9 31 0.015625
9 10 110 9 31 0.015625
9 10 113 9 40 0.015625
9 10 128 9 52 0.015625
9 10 133 9 56 0.015625
9 10 134 9 56 0.015625
9 10 136 9 56 0.015625
9 10 137 9 56 0.015625
9 10 138 9 56 0.015625
9 10 143 9 57 0.015625
9 10 144 9 57 0.015625
9 10 145 9 57 0.015625
9 10 151 9 58 0.015625
9 10 152 9 58 0.015625
9 10 153 9 58 0.015625
9 10 163 9 61 0.015625
9 10 170 9 65 0.015625
9 10 171 9 65 0.015625
9 10 176 9 66 0.015625
9 10 177 9 66 0.015625
9 10 178 9 66 0.015625
9 10 179 9 66 0.015625
9 10 186 9 67 0.015625
9 10 187 9 67 0.015625
9 10 188 9 67 0.015625
9 10 189 9 67 0.015625
9 10 190 9 67 0.015625
9 10 198 9 69 0.015625
9 10 199 9 69 0.015625
9 10 200 9 69 0.015625
9 10 201 9 69 0.015625
9 10 206 9 71 0.015625
9 10 208 9 71 0.015625
9 10 211 9 73 0.015625
10 6 0 10 6 0.09375
10 6 1 10 4 0.046875
10 6 2 10 21 0.046875
10 6 3 10 33 0.03125
10 6 4 10 40 0.03125
10 6 5 10 52 0.015625
10 6 6 10 63 0.015625
10 6 7 10 64 0.03125
10 6 8 10 76 0.015625
10 6 14 10 0 0.015625
10 6 80 10 18 0.015625
10 6 110 10 23 0.015625
10 6 126 10 32 0.015625
10 6 142 10 40 0.015625
10 6 150 10 48 0.015625
10 6 159 10 49 0.015625
10 6 160 10 49 0.015625
10 6 161 10 49 0.015625
10 6 162 10 49 0.015625
10 6 163 10 49 0.015625
10 6 169 10 52 0.015625
10 6 170 10 52 0.015625
10 6 171 10 52 0.015625
10 6 172 10 52 0.015625
10 6 177 10 53 0.015625
10 6 179 10 53 0.015625
10 6 180 10 53 0.015625
10 6 181 10 53 0.015625
10 6 186 10 59 0.015625
10 6 187 10 59 0.015625
10 6 188 10 59 0.015625
10 6 189 10 59 0.015625
10 6 190 10 59 0.015625
10 6 196 10 60 0.015625
10 6 198 10 60 0.015625
10 6 199 10 60 0.015625
10 6 205 10 63 0.015625
10 6 206 10 63 0.015625
10 6 207 10 63 0.015625
10 6 208 10 64 0.015625
10 6 212 10 64 0.015625
10 6 213 10 64 0.015625
10 6 220 10 71 0.015625
10 6 221 10 71 0.015625
10 6 222 10 71 0.015625
10 6 223 10 71 0.015625
10 6 224 10 71 0.015625
10 6 233 10 75 0.015625
10 6 234 10 75 0.015625
10 6 237 10 76 0.015625
10 6 241 10 76 0.015625
10 6 242 10 76 0.015625
10 11 0 10 0 0.03125
10 11 1 10 2 0.03125
10 11 3 10 29 0.015625
10 11 4 10 40 0.03125
10 11 5 10 43 0.046875
10 11 6 10 63 0.03125
10 11 7 10 75 0.03125
10 11 8 10 76 0.03125
10 11 10 10 0 0.015625
10 11 12 10 0 0.015625
10 11 15 10 0 0.015625
10 11 16 10 0 0.015625
10 11 23 10 2 0.015625
10 11 25 10 2 0.015625
10 11 26 10 2 0.015625
10 11 88 10 23 0.015625
10 11 101 10 32 0.015625
10 11 105 10 32 0.015625
10 11 106 10 32 0.015625
10 11 120 10 40 0.015625
10 11 122 10 43 0.015625
10 11 126 10 43 0.015625
10 11 127 10 43 0.015625
10 11 128 10 48 0.015625
10 11 132 10 48 0.015625
10 11 133 10 48 0.015625
10 11 134 10 48 0.015625
10 11 140 10 49 0.015625
10 11 141 10 49 0.015625
10 11 145 10 52 0.015625
10 11 148 10 52 0.015625
10 11 150 10 52 0.015625
10 11 151 10 52 0.015625
10 11 153 10 53 0.015625
10 11 156 10 53 0.015625
10 11 157 10 53 0.015625
10 11 162 10 59 0.015625
10 11 163 10 59 0.015625
10 11 164 10 59 0.015625
10 11 165 10 59 0.015625
10 11 166 10 59 0.015625
10 11 169 10 60 0.015625
10 11 170 10 60 0.015625
10 11 172 10 60 0.015625
10 11 173 10 60 0.015625
10 11 174 10 60 0.015625
10 11 175 10 60 0.015625
10 11 180 10 63 0.015625
10 11 183 10 63 0.015625
10 11 185 10 63 0.015625
10 11 197 10 71 0.015625
10 11 199 10 71 0.015625
10 11 202 10 75 0.015625
10 11 206 10 75 0.015625
10 11 212 10 76 0.015625
10 11 213 10 76 0.015625
11 12 0 11 0 0.03125
11 12 1 11 25 0.03125
11 12 2 11 37 0.015625
11 12 3 11 38 0.015625
11 12 4 11 51 0.03125
11 12 5 11 66 0.03125
11 12 6 11 69 0.015625
11 12 7 11 73 0.015625
11 12 8 11 75 0.015625
11 12 9 11 76 0.015625
11 12 18 11 2 0.015625
11 12 49 11 24 0.015625
11 12 67 11 27 0.015625
11 12 79 11 29 0.015625
11 12 89 11 36 0.015625
11 12 90 11 36 0.015625
11 12 93 11 36 0.015625
11 12 95 11 36 0.015625
11 12 104 11 37 0.015625
11 12 113 11 38 0.015625
11 12 116 11 40 0.015625
11 12 122 11 40 0.015625
11 12 123 11 40 0.015625
11 12 127 11 43 0.015625
11 12 128 11 43 0.015625
11 12 130 11 50 0.015625
11 12 134 11 50 0.015625
11 12 135 11 50 0.015625
11 12 137 11 50 0.015625
11 12 142 11 51 0.015625
11 12 144 11 51 0.015625
11 12 148 11 55 0.015625
11 12 150 11 55 0.015625
11 12 152 11 55 0.015625
11 12 157 11 57 0.015625
11 12 158 11 57 0.015625
11 12 165 11 63 0.015625
11 12 166 11 63 0.015625
11 12 167 11 63 0.015625
11 12 169 11 65 0.015625
11 12 170 11 65 0.015625
11 12 171 11 65 0.015625
11 12 172 11 65 0.015625
11 12 173 11 65 0.015625
11 12 177 11 66 0.015625
11 12 180 11 66 0.015625
11 12 186 11 69 0.015625
11 12 188 11 69 0.015625
11 12 189 11 69 0.015625
11 12 194 11 73 0.015625
11 12 195 11 73 0.015625
11 12 196 11 73 0.015625
11 12 203 11 75 0.015625
11 12 204 11 75 0.015625
11 12 205 11 76 0.015625
11 12 210 11 76 0.015625
11 12 213 11 79 0.015625
11 12 215 11 79 0.015625
11 12 216 11 79 0.015625
11 12 217 11 79 0.015625
12 9 0 12 5 0.015625
12 9 1 12 6 0.015625
12 9 2 12 30 0.015625
12 9 3 12 31 0.015625
12 9 4 12 58 0.015625
12 9 5 12 66 0.015625
12 9 6 12 67 0.015625
12 9 7 12 69 0.015625
12 9 8 12 73 0.015625
12 9 9 12 75 0.015625
12 9 18 12 5 0.015625
12 9 58 12 31 0.015625
12 9 61 12 34 0.015625
12 9 64 12 34 0.015625
12 9 68 12 34 0.015625
12 9 84 12 37 0.015625
12 9 87 12 37 0.015625
12 9 88 12 37 0.015625
12 9 99 12 38 0.015625
12 9 105 12 41 0.015625
12 9 108 12 41 0.015625
12 9 109 12 41 0.015625
12 9 111 12 41 0.015625
12 9 112 12 41 0.015625
12 9 113 12 41 0.015625
12 9 125 12 48 0.015625
12 9 145 12 58 0.015625
12 9 146 12 58 0.015625
12 9 148 12 58 0.015625
12 9 152 12 59 0.015625
12 9 153 12 59 0.015625
12 9 154 12 59 0.015625
12 9 155 12 59 0.015625
12 9 162 12 66 0.015625
12 9 163 12 66 0.015625
12 9 164 12 66 0.015625
12 9 167 12 67 0.015625
12 9 168 12 67 0.015625
12 9 169 12 67 0.015625
12 9 170 12 67 0.015625
12 9 171 12 67 0.015625
12 9 172 12 67 0.015625
12 9 173 12 67 0.015625
12 9 185 12 69 0.015625
12 9 186 12 69 0.015625
12 9 187 12 69 0.015625
12 9 188 12 69 0.015625
12 9 193 12 73 0.015625
12 9 194 12 73 0.015625
12 9 195 12 73 0.015625
12 9 196 12 73 0.015625
12 9 198 12 75 0.015625
12 9 199 12 75 0.015625
12 9 200 12 75 0.015625
12 9 203 12 76 0.015625
12 9 205 12 76 0.015625
12 9 207 12 76 0.015625
12 9 208 12 76 0.015625
12 9 209 12 77 0.015625
12 9 210 12 77 0.015625
12 9 211 12 77 0.015625
12 9 214 12 77 0.015625
12 9 215 12 77 0.015625
12 9 216 12 77 0.015625
12 13 0 12 0 0.03125
12 13 1 12 6 0.03125
12 13 2 12 30 0.03125
12 13 3 12 41 0.03125
12 13 4 12 47 0.015625
12 13 5 12 48 0.03125
12 13 6 12 66 0.015625
12 13 7 12 68 0.03125
12 13 8 12 77 0.015625
12 13 17 12 5 0.015625
12 13 18 12 5 0.015625
12 13 34 12 20 0.015625
12 13 36 12 20 0.015625
12 13 40 12 25 0.015625
12 13 43 12 25 0.015625
12 13 59 12 31 0.015625
12 13 60 12 31 0.015625
12 13 67 12 34 0.03125
12 13 71 12 34 0.015625
12 13 73 12 35 0.015625
12 13 77 12 35 0.015625
12 13 85 12 37 0.015625
12 13 86 12 37 0.015625
12 13 87 12 37 0.015625
12 13 88 12 37 0.015625
12 13 93 12 38 0.015625
12 13 96 12 38 0.015625
12 13 107 12 47 0.015625
12 13 108 12 47 0.015625
12 13 115 12 51 0.015625
12 13 116 12 51 0.015625
12 13 118 12 51 0.015625
12 13 119 12 51 0.015625
12 13 124 12 54 0.015625
12 13 127 12 54 0.015625
12 13 128 12 54 0.015625
12 13 135 12 58 0.015625
12 13 136 12 58 0.015625
12 13 144 12 59 0.015625
12 13 148 12 66 0.015625
12 13 160 12 67 0.015625
12 13 161 12 67 0.015625
12 13 171 12 69 0.015625
12 13 172 12 69 0.015625
12 13 175 12 69 0.015625
12 13 177 12 69 0.015625
12 13 178 12 73 0.015625
12 13 183 12 73 0.015625
12 13 184 12 73 0.015625
12 13 185 12 73 0.015625
12 13 187 12 75 0.015625
12 13 189 12 75 0.015625
12 13 191 12 75 0.015625
12 13 195 12 76 0.015625
12 13 199 12 76 0.015625
12 13 200 12 76 0.015625
12 13 201 12 77 0.015625
13 14 0 13 0 0.015625
13 14 1 13 9 0.015625
13 14 2 13 30 0.046875
13 14 3 13 45 0.015625
13 14 4 13 48 0.03125
13 14 5 13 50 0.015625
13 14 6 13 60 0.015625
13 14 7 13 61 0.015625
13 14 8 13 68 0.03125
13 14 9 13 74 0.03125
13 14 10 13 77 0.015625
13 14 13 13 0 0.015625
13 14 21 13 1 0.015625
13 14 23 13 1 0.015625
13 14 25 13 1 0.015625
13 14 26 13 1 0.015625
13 14 28 13 4 0.015625
13 14 35 13 4 0.015625
13 14 38 13 6 0.015625
13 14 40 13 6 0.015625
13 14 50 13 15 0.015625
13 14 51 13 15 0.015625
13 14 64 13 18 0.015625
13 14 68 13 18 0.015625
13 14 72 13 24 0.015625
13 14 81 13 28 0.015625
13 14 82 13 28 0.015625
13 14 83 13 28 0.015625
13 14 98 13 33 0.015625
13 14 100 13 33 0.015625
13 14 103 13 33 0.015625
13 14 108 13 41 0.015625
13 14 109 13 41 0.015625
13 14 119 13 45 0.015625
13 14 126 13 47 0.015625
13 14 128 13 47 0.015625
13 14 131 13 48 0.015625
13 14 138 13 49 0.015625
13 14 141 13 49 0.015625
13 14 143 13 49 0.015625
13 14 144 13 49 0.015625
13 14 146 13 50 0.015625
13 14 149 13 50 0.015625
13 14 159 13 60 0.015625
13 14 167 13 61 0.015625
13 14 169 13 61 0.015625
13 14 172 13 62 0.015625
13 14 173 13 62 0.015625
13 14 174 13 62 0.015625
13 14 175 13 62 0.015625
13 14 176 13 62 0.015625
13 14 183 13 63 0.015625
13 14 187 13 63 0.015625
13 14 192 13 66 0.015625
13 14 193 13 66 0.015625
13 14 196 13 66 0.015625
13 14 203 13 74 0.015625
13 14 205 13 74 0.015625
13 14 211 13 77 0.015625
14 15 1 14 10 0.03125
14 15 2 14 43 0.03125
14 15 3 14 68 0.015625
14 15 4 14 71 0.015625
14 15 7 14 0 0.015625
14 15 9 14 0 0.015625
14 15 10 14 0 0.015625
14 15 12 14 7 0.015625
14 15 14 14 7 0.015625
14 15 35 14 21 0.015625
14 15 36 14 21 0.015625
14 15 44 14 29 0.015625
14 15 45 14 29 0.015625
14 15 48 14 29 0.015625
14 15 54 14 30 0.03125
14 15 56 14 30 0.015625
14 15 64 14 34 0.015625
14 15 67 14 34 0.015625
14 15 68 14 34 0.015625
14 15 69 14 37 0.015625
14 15 71 14 37 0.015625
14 15 72 14 37 0.015625
14 15 73 14 37 0.015625
14 15 74 14 37 0.015625
14 15 77 14 38 0.015625
14 15 79 14 38 0.015625
14 15 82 14 38 0.015625
14 15 85 14 39 0.015625
14 15 91 14 39 0.015625
14 15 92 14 40 0.015625
14 15 98 14 40 0.015625
14 15 112 14 45 0.015625
14 15 113 14 45 0.015625
14 15 117 14 45 0.015625
14 15 118 14 48 0.015625
14 15 122 14 48 0.015625
14 15 123 14 48 0.015625
14 15 124 14 48 0.015625
14 15 129 14 50 0.015625
14 15 132 14 50 0.015625
14 15 145 14 53 0.015625
14 15 147 14 59 0.015625
14 15 151 14 59 0.015625
14 15 152 14 59 0.015625
14 15 153 14 60 0.015625
14 15 157 14 60 0.015625
14 15 159 14 60 0.015625
14 15 164 14 61 0.015625
14 15 165 14 61 0.015625
14 15 168 14 61 0.015625
14 15 177 14 65 0.015625
14 15 178 14 65 0.015625
14 15 183 14 68 0.015625
14 15 187 14 70 0.015625
14 15 188 14 70 0.015625
14 15 189 14 70 0.015625
14 15 190 14 70 0.015625
14 15 197 14 71 0.015625
14 15 209 14 74 0.015625
14 15 210 14 74 0.015625
14 15 214 14 77 0.015625
15 16 0 15 1 0.03125
15 16 1 15 9 0.015625
15 16 2 15 13 0.046875
15 16 3 15 19 0.03125
15 16 4 15 24 0.03125
15 16 5 15 32 0.03125
15 16 6 15 35 0.015625
15 16 7 15 46 0.03125
15 16 8 15 49 0.03125
15 16 9 15 68 0.03125
15 16 10 15 79 0.015625
15 16 20 15 3 0.015625
15 16 21 15 3 0.015625
15 16 24 15 3 0.015625
15 16 25 15 3 0.015625
15 16 39 15 11 0.015625
15 16 42 15 11 0.015625
15 16 43 15 11 0.015625
15 16 53 15 17 0.015625
15 16 57 15 17 0.015625
15 16 80 15 28 0.03125
15 16 83 15 28 0.015625
15 16 93 15 33 0.03125
15 16 97 15 33 0.015625
15 16 106 15 35 0.015625
15 16 110 15 41 0.015625
15 16 113 15 41 0.015625
15 16 114 15 41 0.015625
15 16 118 15 43 0.015625
15 16 121 15 43 0.015625
15 16 144 15 62 0.015625
15 16 145 15 62 0.015625
15 16 153 15 64 0.015625
15 16 157 15 64 0.015625
15 16 166 15 69 0.015625
15 16 168 15 69 0.015625
15 16 171 15 69 0.015625
15 16 172 15 69 0.015625
15 16 173 15 69 0.015625
15 16 179 15 71 0.015625
15 16 180 15 71 0.015625
15 16 181 15 71 0.015625
15 16 186 15 72 0.015625
15 16 187 15 72 0.015625
15 16 188 15 72 0.015625
15 16 192 15 76 0.015625
15 16 193 15 76 0.015625
15 16 194 15 76 0.015625
15 16 196 15 78 0.015625
15 16 199 15 78 0.015625
15 16 200 15 78 0.015625
15 16 201 15 78 0.015625
15 16 207 15 79 0.015625
16 8 0 16 1 0.046875
16 8 1 16 7 0.015625
16 8 2 16 25 0.015625
16 8 3 16 35 0.015625
16 8 4 16 61 0.015625
16 8 5 16 68 0.015625
16 8 7 16 79 0.015625
16 8 8 16 1 0.015625
16 8 15 16 5 0.015625
16 8 19 16 5 0.015625
16 8 23 16 5 0.015625
16 8 52 16 18 0.015625
16 8 55 16 18 0.0625
16 8 63 16 19 0.0625
16 8 73 16 22 0.015625
16 8 92 16 25 0.015625
16 8 106 16 27 0.015625
16 8 107 16 27 0.015625
16 8 141 16 38 0.015625
16 8 142 16 38 0.015625
16 8 145 16 38 0.015625
16 8 149 16 44 0.015625
16 8 151 16 44 0.015625
16 8 152 16 44 0.015625
16 8 153 16 44 0.015625
16 8 154 16 44 0.015625
16 8 155 16 44 0.015625
16 8 156 16 44 0.015625
16 8 157 16 46 0.015625
16 8 167 16 46 0.015625
16 8 177 16 50 0.015625
16 8 178 16 50 0.015625
16 8 179 16 50 0.015625
16 8 181 16 50 0.015625
16 8 183 16 50 0.015625
16 8 185 16 50 0.015625
16 8 192 16 55 0.015625
16 8 194 16 55 0.015625
16 8 201 16 61 0.015625
16 8 202 16 61 0.015625
16 8 203 16 61 0.015625
16 8 204 16 61 0.015625
16 8 205 16 61 0.015625
16 8 206 16 61 0.015625
16 8 207 16 61 0.015625
16 8 216 16 70 0.015625
16 8 220 16 70 0.015625
16 8 221 16 70 0.015625
16 8 223 16 70 0.015625
16 8 224 16 70 0.015625
16 8 225 16 79 0.015625
16 8 227 16 79 0.015625
16 8 228 16 79 0.015625
16 8 229 16 79 0.015625
16 8 230 16 79 0.015625
16 8 231 16 79 0.015625
16 17 0 16 19 0.015625
16 17 1 16 22 0.03125
16 17 2 16 24 0.03125
16 17 3 16 25 0.03125
16 17 4 16 34 0.046875
16 17 5 16 35 0.03125
16 17 6 16 38 0.03125
16 17 7 16 46 0.015625
16 17 8 16 48 0.03125
16 17 9 16 55 0.015625
16 17 10 16 68 0.03125
16 17 13 16 1 0.015625
16 17 16 16 1 0.015625
16 17 19 16 5 0.015625
16 17 21 16 5 0.015625
16 17 22 16 5 0.015625
16 17 25 16 7 0.015625
16 17 72 16 24 0.015625
16 17 86 16 27 0.015625
16 17 89 16 27 0.015625
16 17 97 16 32 0.015625
16 17 98 16 32 0.03125
16 17 109 16 34 0.015625
16 17 114 16 35 0.015625
16 17 127 16 38 0.015625
16 17 131 16 44 0.015625
16 17 134 16 44 0.015625
16 17 146 16 46 0.015625
16 17 147 16 48 0.015625
16 17 151 16 48 0.015625
16 17 160 16 49 0.015625
16 17 164 16 49 0.015625
16 17 165 16 49 0.015625
16 17 166 16 49 0.015625
16 17 167 16 49 0.015625
16 17 169 16 50 0.015625
16 17 172 16 50 0.015625
16 17 176 16 55 0.015625
16 17 180 16 55 0.015625
16 17 184 16 58 0.015625
16 17 186 16 58 0.015625
16 17 189 16 58 0.015625
16 17 190 16 58 0.015625
16 17 191 16 58 0.015625
16 17 194 16 61 0.015625
16 17 195 16 61 0.015625
16 17 196 16 61 0.015625
16 17 209 16 70 0.015625
16 17 210 16 70 0.015625
16 17 211 16 70 0.015625
16 17 212 16 70 0.015625
16 17 216 16 79 0.015625
16 17 217 16 79 0.03125
17 11 1 17 24 0.015625
17 11 2 17 25 0.015625
17 11 3 17 29 0.046875
17 11 4 17 38 0.015625
17 11 5 17 43 0.03125
17 11 6 17 55 0.015625
17 11 7 17 57 0.015625
17 11 16 17 19 0.015625
17 11 22 17 20 0.015625
17 11 29 17 20 0.015625
17 11 52 17 25 0.015625
17 11 58 17 26 0.015625
17 11 75 17 30 0.015625
17 11 79 17 30 0.015625
17 11 81 17 31 0.015625
17 11 83 17 31 0.015625
17 11 86 17 31 0.015625
17 11 87 17 31 0.015625
17 11 88 17 31 0.015625
17 11 89 17 31 0.015625
17 11 90 17 31 0.015625
17 11 95 17 34 0.015625
17 11 97 17 34 0.015625
17 11 100 17 34 0.015625
17 11 101 17 34 0.015625
17 11 105 17 35 0.015625
17 11 106 17 35 0.015625
17 11 110 17 35 0.015625
17 11 112 17 38 0.015625
17 11 113 17 38 0.015625
17 11 114 17 38 0.015625
17 11 115 17 38 0.015625
17 11 116 17 38 0.015625
17 11 117 17 38 0.015625
17 11 118 17 38 0.015625
17 11 120 17 43 0.015625
17 11 124 17 43 0.015625
17 11 125 17 43 0.015625
17 11 133 17 46 0.015625
17 11 134 17 46 0.015625
17 11 154 17 55 0.015625
17 11 159 17 56 0.015625
17 11 160 17 56 0.015625
17 11 161 17 56 0.015625
17 11 165 17 57 0.015625
17 11 166 17 57 0.015625
17 11 167 17 57 0.015625
17 11 168 17 57 0.015625
17 11 169 17 57 0.015625
17 11 179 17 67 0.015625
17 11 180 17 67 0.015625
17 11 181 17 67 0.015625
17 11 182 17 67 0.015625
17 11 193 17 74 0.015625
17 11 195 17 74 0.015625
17 11 198 17 78 0.015625
17 11 200 17 78 0.015625
17 11 201 17 78 0.015625
17 11 203 17 78 0.03125
17 11 204 17 78 0.015625
17 18 0 17 21 0.046875
17 18 1 17 22 0.03125
17 18 2 17 24 0.03125
17 18 3 17 25 0.015625
17 18 4 17 26 0.03125
17 18 5 17 48 0.03125
17 18 6 17 54 0.015625
17 18 7 17 55 0.015625
17 18 9 17 68 0.015625
17 18 18 17 19 0.015625
17 18 23 17 19 0.015625
17 18 28 17 20 0.015625
17 18 30 17 20 0.015625
17 18 55 17 24 0.015625
17 18 58 17 24 0.015625
17 18 77 17 26 0.015625
17 18 87 17 29 0.015625
17 18 88 17 30 0.015625
17 18 91 17 30 0.015625
17 18 100 17 31 0.015625
17 18 101 17 31 0.015625
17 18 116 17 35 0.015625
17 18 123 17 38 0.015625
17 18 124 17 43 0.015625
17 18 128 17 43 0.015625
17 18 130 17 43 0.015625
17 18 131 17 46 0.015625
17 18 134 17 46 0.015625
17 18 136 17 46 0.015625
17 18 137 17 46 0.015625
17 18 145 17 48 0.015625
17 18 152 17 54 0.015625
17 18 154 17 54 0.015625
17 18 155 17 54 0.015625
17 18 163 17 55 0.015625
17 18 165 17 56 0.015625
17 18 166 17 56 0.015625
17 18 167 17 56 0.015625
17 18 169 17 56 0.015625
17 18 170 17 56 0.015625
17 18 175 17 57 0.015625
17 18 176 17 57 0.015625
17 18 181 17 64 0.015625
17 18 182 17 64 0.015625
17 18 183 17 64 0.015625
17 18 184 17 64 0.015625
17 18 186 17 64 0.015625
17 18 189 17 67 0.015625
17 18 190 17 67 0.015625
17 18 191 17 67 0.015625
17 18 192 17 67 0.015625
17 18 196 17 68 0.015625
17 18 197 17 68 0.015625
17 18 204 17 74 0.015625
17 18 205 17 74 0.015625
17 18 206 17 74 0.015625
17 18 209 17 78 0.015625
17 18 210 17 78 0.015625
18 19 0 18 1 0.03125
18 19 1 18 10 0.03125
18 19 3 18 21 0.03125
18 19 4 18 39 0.015625
18 19 5 18 51 0.015625
18 19 6 18 54 0.015625
18 19 7 18 58 0.03125
18 19 8 18 67 0.015625
18 19 9 18 70 0.015625
18 19 13 18 0 0.015625
18 19 15 18 0 0.015625
18 19 67 18 24 0.015625
18 19 69 18 24 0.015625
18 19 76 18 25 0.015625
18 19 78 18 25 0.015625
18 19 79 18 25 0.015625
18 19 83 18 26 0.015625
18 19 86 18 26 0.015625
18 19 97 18 39 0.015625
18 19 99 18 45 0.015625
18 19 100 18 45 0.015625
18 19 101 18 45 0.015625
18 19 105 18 48 0.015625
18 19 106 18 48 0.015625
18 19 109 18 50 0.015625
18 19 110 18 50 0.015625
18 19 111 18 50 0.015625
18 19 116 18 51 0.015625
18 19 124 18 54 0.015625
18 19 126 18 54 0.015625
18 19 128 18 55 0.015625
18 19 131 18 55 0.015625
18 19 132 18 55 0.015625
18 19 137 18 58 0.015625
18 19 142 18 67 0.015625
18 19 143 18 67 0.015625
18 19 144 18 67 0.015625
18 19 149 18 68 0.03125
18 19 150 18 68 0.015625
18 19 151 18 68 0.015625
18 19 156 18 69 0.015625
18 19 157 18 69 0.015625
18 19 159 18 69 0.015625
18 19 160 18 69 0.015625
18 19 162 18 70 0.015625
18 19 163 18 70 0.015625
18 19 164 18 70 0.015625
18 19 165 18 70 0.015625
18 19 171 18 73 0.015625
18 19 173 18 73 0.015625
18 19 178 18 73 0.015625
18 19 182 18 75 0.015625
18 19 185 18 75 0.015625
18 19 187 18 75 0.015625
18 19 188 18 75 0.015625
18 19 193 18 79 0.015625
18 19 194 18 79 0.015625
18 19 195 18 79 0.015625
18 19 196 18 79 0.015625
19 17 0 19 17 0.125
19 17 2 19 21 0.046875
19 17 3 19 38 0.015625
19 17 4 19 43 0.015625
19 17 5 19 46 0.015625
19 17 7 19 56 0.015625
19 17 8 19 67 0.015625
19 17 9 19 78 0.03125
19 17 81 19 21 0.015625
19 17 101 19 36 0.015625
19 17 106 19 38 0.015625
19 17 107 19 38 0.015625
19 17 108 19 38 0.015625
19 17 109 19 38 0.015625
19 17 119 19 39 0.015625
19 17 122 19 41 0.015625
19 17 125 19 41 0.015625
19 17 128 19 41 0.015625
19 17 129 19 41 0.015625
19 17 138 19 42 0.015625
19 17 139 19 42 0.015625
19 17 154 19 46 0.015625
19 17 155 19 46 0.015625
19 17 156 19 46 0.015625
19 17 167 19 53 0.015625
19 17 168 19 53 0.015625
19 17 169 19 53 0.015625
19 17 170 19 53 0.015625
19 17 171 19 53 0.015625
19 17 177 19 54 0.015625
19 17 178 19 54 0.015625
19 17 179 19 54 0.015625
19 17 184 19 56 0.015625
19 17 186 19 56 0.015625
19 17 187 19 56 0.015625
19 17 205 19 62 0.015625
19 17 217 19 67 0.015625
19 17 218 19 67 0.015625
19 17 219 19 67 0.015625
19 17 220 19 67 0.015625
19 17 221 19 67 0.015625
19 17 222 19 67 0.015625
19 17 228 19 70 0.015625
19 17 229 19 70 0.015625
19 17 230 19 70 0.015625
19 17 231 19 70 0.015625
19 17 233 19 77 0.015625
19 17 235 19 77 0.015625
19 17 236 19 77 0.015625
19 17 239 19 78 0.015625
19 17 242 19 78 0.015625
19 17 243 19 78 0.015625
19 17 244 19 78 0.015625
19 17 245 19 78 0.015625
19 20 1 19 21 0.03125
19 20 2 19 38 0.03125
19 20 3 19 42 0.015625
19 20 4 19 43 0.03125
19 20 5 19 58 0.03125
19 20 8 19 1 0.015625
19 20 10 19 1 0.015625
19 20 67 19 36 0.015625
19 20 70 19 36 0.015625
19 20 71 19 36 0.03125
19 20 74 19 38 0.015625
19 20 81 19 39 0.015625
19 20 83 19 39 0.015625
19 20 84 19 41 0.015625
19 20 89 19 41 0.015625
19 20 91 19 41 0.015625
19 20 92 19 41 0.015625
19 20 100 19 42 0.015625
19 20 101 19 42 0.015625
19 20 103 19 42 0.015625
19 20 115 19 46 0.015625
19 20 121 19 46 0.015625
19 20 122 19 46 0.015625
19 20 123 19 46 0.015625
19 20 124 19 51 0.015625
19 20 127 19 51 0.015625
19 20 130 19 51 0.015625
19 20 131 19 51 0.015625
19 20 134 19 53 0.015625
19 20 136 19 53 0.015625
19 20 137 19 53 0.015625
19 20 138 19 53 0.015625
19 20 143 19 54 0.015625
19 20 147 19 54 0.015625
19 20 148 19 54 0.015625
19 20 152 19 56 0.015625
19 20 155 19 56 0.015625
19 20 156 19 56 0.015625
19 20 159 19 58 0.015625
19 20 161 19 58 0.015625
19 20 162 19 58 0.015625
19 20 169 19 62 0.015625
19 20 170 19 62 0.03125
19 20 172 19 63 0.015625
19 20 176 19 63 0.015625
19 20 179 19 63 0.015625
19 20 180 19 63 0.015625
19 20 185 19 67 0.015625
19 20 186 19 67 0.015625
19 20 187 19 67 0.015625
19 20 191 19 70 0.015625
19 20 193 19 70 0.015625
19 20 194 19 70 0.015625
19 20 198 19 77 0.015625
19 20 199 19 77 0.015625
19 20 200 19 77 0.015625
19 20 205 19 78 0.015625
19 20 207 19 78 0.015625
20 12 0 20 12 0.09375
20 12 1 20 0 0.015625
20 12 2 20 5 0.03125
20 12 3 20 34 0.0625
20 12 4 20 37 0.015625
20 12 5 20 38 0.015625
20 12 6 20 48 0.03125
20 12 7 20 58 0.015625
20 12 8 20 68 0.03125
20 12 9 20 76 0.015625
20 12 17 20 2 0.015625
20 12 18 20 2 0.015625
20 12 20 20 2 0.015625
20 12 21 20 2 0.015625
20 12 22 20 2 0.015625
20 12 23 20 2 0.015625
20 12 24 20 2 0.015625
20 12 27 20 5 0.015625
20 12 29 20 5 0.015625
20 12 82 20 21 0.015625
20 12 92 20 22 0.015625
20 12 117 20 27 0.03125
20 12 143 20 37 0.015625
20 12 145 20 37 0.015625
20 12 149 20 38 0.015625
20 12 152 20 38 0.015625
20 12 153 20 38 0.015625
20 12 157 20 42 0.015625
20 12 158 20 42 0.015625
20 12 159 20 42 0.015625
20 12 160 20 42 0.015625
20 12 161 20 42 0.015625
20 12 162 20 42 0.015625
20 12 163 20 42 0.015625
20 12 167 20 43 0.015625
20 12 171 20 44 0.015625
20 12 172 20 44 0.015625
20 12 173 20 44 0.015625
20 12 174 20 44 0.015625
20 12 202 20 58 0.015625
20 12 214 20 60 0.015625
20 12 217 20 68 0.015625
20 12 218 20 68 0.015625
20 12 219 20 68 0.015625
20 12 224 20 72 0.015625
20 12 225 20 72 0.015625
20 12 231 20 74 0.015625
20 12 233 20 74 0.015625
20 12 235 20 76 0.015625
20 12 239 20 76 0.015625
20 12 240 20 76 0.015625
20 12 241 20 76 0.015625
20 21 0 20 21 0.09375
20 21 1 20 0 0.03125
20 21 3 20 23 0.03125
20 21 4 20 26 0.015625
20 21 6 20 44 0.046875
20 21 7 20 60 0.03125
20 21 17 20 2 0.015625
20 21 77 20 22 0.015625
20 21 78 20 22 0.015625
20 21 84 20 22 0.015625
20 21 85 20 22 0.015625
20 21 101 20 26 0.015625
20 21 105 20 26 0.015625
20 21 129 20 37 0.015625
20 21 130 20 37 0.015625
20 21 133 20 37 0.015625
20 21 141 20 38 0.015625
20 21 142 20 38 0.015625
20 21 143 20 38 0.015625
20 21 145 20 38 0.015625
20 21 150 20 42 0.015625
20 21 151 20 43 0.015625
20 21 158 20 43 0.03125
20 21 159 20 43 0.015625
20 21 165 20 44 0.015625
20 21 166 20 45 0.015625
20 21 174 20 45 0.015625
20 21 175 20 45 0.015625
20 21 184 20 48 0.015625
20 21 185 20 48 0.015625
20 21 193 20 55 0.015625
20 21 194 20 55 0.015625
20 21 195 20 55 0.015625
20 21 196 20 55 0.015625
20 21 197 20 55 0.015625
20 21 198 20 55 0.015625
20 21 205 20 58 0.015625
20 21 206 20 58 0.015625
20 21 207 20 58 0.015625
20 21 215 20 60 0.015625
20 21 227 20 72 0.015625
20 21 228 20 72 0.015625
20 21 229 20 72 0.015625
20 21 230 20 72 0.015625
20 21 231 20 72 0.015625
20 21 238 20 74 0.015625
20 21 239 20 74 0.015625
20 21 240 20 74 0.015625
20 21 241 20 74 0.03125
20 21 246 20 76 0.015625
20 21 248 20 76 0.015625
20 21 249 20 76 0.015625
21 22 0 21 0 0.03125
21 22 1 21 4 0.03125
21 22 4 21 20 0.015625
21 22 5 21 26 0.03125
21 22 6 21 27 0.015625
21 22 7 21 41 0.015625
21 22 8 21 49 0.015625
21 22 9 21 67 0.03125
21 22 14 21 0 0.015625
21 22 19 21 4 0.015625
21 22 20 21 4 0.015625
21 22 21 21 4 0.015625
21 22 102 21 26 0.015625
21 22 136 21 35 0.015625
21 22 137 21 35 0.015625
21 22 138 21 35 0.015625
21 22 140 21 36 0.015625
21 22 141 21 36 0.015625
21 22 142 21 36 0.015625
21 22 143 21 36 0.015625
21 22 145 21 36 0.015625
21 22 146 21 36 0.015625
21 22 148 21 41 0.015625
21 22 149 21 41 0.015625
21 22 150 21 41 0.015625
21 22 156 21 44 0.015625
21 22 157 21 44 0.03125
21 22 158 21 44 0.015625
21 22 160 21 44 0.015625
21 22 163 21 49 0.015625
21 22 165 21 49 0.015625
21 22 166 21 49 0.015625
21 22 167 21 49 0.015625
21 22 168 21 49 0.015625
21 22 171 21 57 0.015625
21 22 172 21 57 0.015625
21 22 173 21 57 0.015625
21 22 174 21 57 0.015625
21 22 175 21 57 0.015625
21 22 176 21 57 0.015625
21 22 179 21 60 0.015625
21 22 180 21 60 0.015625
21 22 181 21 60 0.015625
21 22 184 21 63 0.015625
21 22 185 21 63 0.03125
21 22 186 21 66 0.015625
21 22 188 21 66 0.015625
21 22 189 21 66 0.015625
21 22 191 21 66 0.03125
21 22 195 21 67 0.015625
21 22 196 21 67 0.015625
21 22 197 21 67 0.015625
21 22 199 21 67 0.015625
21 22 202 21 69 0.015625
21 22 203 21 69 0.015625
21 22 204 21 69 0.015625
21 22 205 21 69 0.015625
22 23 0 22 0 0.015625
22 23 1 22 4 0.03125
22 23 4 22 42 0.03125
22 23 5 22 49 0.03125
22 23 6 22 52 0.015625
22 23 7 22 59 0.015625
22 23 8 22 79 0.015625
22 23 74 22 26 0.015625
22 23 89 22 41 0.015625
22 23 92 22 41 0.015625
22 23 96 22 42 0.015625
22 23 99 22 42 0.015625
22 23 104 22 43 0.015625
22 23 118 22 47 0.015625
22 23 119 22 47 0.015625
22 23 125 22 48 0.015625
22 23 128 22 48 0.015625
22 23 133 22 49 0.015625
22 23 134 22 49 0.015625
22 23 138 22 51 0.015625
22 23 139 22 51 0.015625
22 23 140 22 51 0.015625
22 23 142 22 51 0.015625
22 23 146 22 52 0.015625
22 23 147 22 52 0.015625
22 23 149 22 52 0.015625
22 23 150 22 52 0.015625
22 23 153 22 54 0.015625
22 23 154 22 54 0.015625
22 23 155 22 54 0.015625
22 23 156 22 54 0.015625
22 23 162 22 59 0.015625
22 23 163 22 59 0.015625
22 23 164 22 59 0.015625
22 23 165 22 59 0.015625
22 23 171 22 62 0.015625
22 23 173 22 62 0.015625
22 23 174 22 62 0.015625
22 23 175 22 62 0.015625
22 23 180 22 67 0.015625
22 23 181 22 67 0.015625
22 23 184 22 67 0.015625
22 23 185 22 67 0.015625
22 23 188 22 70 0.015625
22 23 189 22 70 0.015625
22 23 190 22 70 0.015625
22 23 198 22 71 0.015625
22 23 199 22 71 0.015625
22 23 200 22 71 0.015625
22 23 201 22 71 0.015625
22 23 205 22 74 0.015625
22 23 206 22 74 0.015625
22 23 208 22 74 0.015625
22 23 209 22 74 0.015625
22 23 210 22 74 0.015625
22 23 216 22 75 0.015625
22 23 218 22 75 0.015625
22 23 219 22 75 0.015625
22 23 222 22 79 0.015625
22 23 223 22 79 0.015625
22 23 224 22 79 0.015625
23 20 0 23 20 0.140625
23 20 1 23 0 0.0625
23 20 2 23 21 0.03125
23 20 3 23 27 0.015625
23 20 4 23 34 0.046875
23 20 5 23 42 0.015625
23 20 7 23 45 0.03125
23 20 8 23 55 0.03125
23 20 9 23 76 0.015625
23 20 25 23 4 0.015625
23 20 28 23 4 0.015625
23 20 92 23 29 0.015625
23 20 131 23 42 0.015625
23 20 136 23 42 0.015625
23 20 137 23 42 0.015625
23 20 138 23 42 0.015625
23 20 139 23 42 0.015625
23 20 156 23 45 0.015625
23 20 161 23 49 0.015625
23 20 171 23 52 0.015625
23 20 183 23 55 0.015625
23 20 184 23 55 0.015625
23 20 185 23 55 0.015625
23 20 186 23 55 0.015625
23 20 187 23 55 0.015625
23 20 195 23 56 0.015625
23 20 201 23 59 0.015625
23 20 203 23 69 0.015625
23 20 208 23 69 0.015625
23 20 209 23 69 0.015625
23 20 210 23 69 0.015625
23 20 211 23 69 0.015625
23 20 214 23 76 0.015625
23 20 217 23 76 0.015625
23 20 218 23 76 0.015625
23 20 219 23 76 0.015625
23 20 220 23 76 0.015625
23 20 224 23 77 0.015625
23 20 226 23 77 0.015625
23 20 231 23 78 0.03125
23 20 232 23 78 0.015625
23 20 233 23 78 0.015625
23 20 239 23 79 0.015625
23 20 240 23 79 0.015625
23 20 241 23 79 0.015625
23 20 242 23 79 0.015625
23 20 243 23 79 0.015625
23 24 2 23 45 0.015625
23 24 3 23 59 0.015625
23 24 4 23 76 0.015625
23 24 13 23 4 0.015625
23 24 89 23 34 0.015625
23 24 94 23 34 0.015625
23 24 99 23 42 0.015625
23 24 101 23 42 0.015625
23 24 108 23 44 0.015625
23 24 109 23 44 0.015625
23 24 110 23 44 0.015625
23 24 111 23 44 0.015625
23 24 112 23 44 0.015625
23 24 114 23 45 0.015625
23 24 121 23 45 0.015625
23 24 123 23 45 0.015625
23 24 129 23 49 0.015625
23 24 130 23 49 0.015625
23 24 131 23 49 0.015625
23 24 132 23 49 0.015625
23 24 133 23 49 0.015625
23 24 134 23 52 0.015625
23 24 136 23 52 0.015625
23 24 137 23 52 0.015625
23 24 138 23 52 0.03125
23 24 140 23 53 0.015625
23 24 141 23 53 0.015625
23 24 142 23 53 0.015625
23 24 143 23 53 0.015625
23 24 144 23 53 0.015625
23 24 145 23 53 0.015625
23 24 146 23 53 0.015625
23 24 153 23 55 0.015625
23 24 156 23 55 0.015625
23 24 157 23 55 0.015625
23 24 162 23 56 0.015625
23 24 163 23 56 0.015625
23 24 164 23 56 0.03125
23 24 165 23 56 0.015625
23 24 166 23 56 0.015625
23 24 168 23 59 0.015625
23 24 169 23 59 0.015625
23 24 170 23 59 0.015625
23 24 171 23 59 0.015625
23 24 172 23 59 0.015625
23 24 177 23 69 0.015625
23 24 178 23 69 0.015625
23 24 179 23 69 0.015625
23 24 180 23 69 0.015625
23 24 181 23 76 0.015625
23 24 185 23 76 0.015625
23 24 188 23 76 0.015625
23 24 192 23 77 0.03125
23 24 193 23 77 0.03125
23 24 197 23 78 0.015625
23 24 198 23 78 0.015625
23 24 207 23 79 0.015625
23 24 209 23 79 0.015625
23 24 210 23 79 0.015625
23 24 211 23 79 0.015625
24 25 0 24 2 0.046875
24 25 5 24 39 0.015625
24 25 6 24 54 0.015625
24 25 7 24 61 0.015625
24 25 8 24 64 0.015625
24 25 16 24 2 0.015625
24 25 20 24 3 0.015625
24 25 21 24 3 0.015625
24 25 83 24 26 0.015625
24 25 105 24 36 0.03125
24 25 107 24 36 0.015625
24 25 108 24 36 0.015625
24 25 117 24 39 0.015625
24 25 118 24 45 0.015625
24 25 123 24 45 0.015625
24 25 124 24 45 0.015625
24 25 125 24 45 0.015625
24 25 126 24 45 0.015625
24 25 131 24 47 0.015625
24 25 132 24 47 0.015625
24 25 133 24 47 0.015625
24 25 134 24 47 0.015625
24 25 141 24 50 0.015625
24 25 142 24 50 0.015625
24 25 143 24 50 0.015625
24 25 148 24 51 0.015625
24 25 149 24 51 0.015625
24 25 150 24 51 0.015625
24 25 151 24 51 0.015625
24 25 152 24 51 0.015625
24 25 153 24 51 0.015625
24 25 160 24 54 0.015625
24 25 161 24 54 0.015625
24 25 162 24 54 0.015625
24 25 163 24 54 0.015625
24 25 166 24 59 0.015625
24 25 167 24 59 0.015625
24 25 168 24 59 0.03125
24 25 171 24 61 0.015625
24 25 173 24 61 0.015625
24 25 174 24 61 0.015625
24 25 175 24 61 0.015625
24 25 176 24 61 0.015625
24 25 180 24 64 0.015625
24 25 181 24 64 0.015625
24 25 189 24 70 0.015625
24 25 190 24 70 0.015625
24 25 191 24 70 0.015625
24 25 192 24 70 0.015625
24 25 194 24 70 0.03125
24 25 198 24 74 0.015625
24 25 199 24 74 0.015625
24 25 200 24 74 0.015625
24 25 201 24 74 0.03125
24 25 202 24 74 0.015625
24 25 205 24 76 0.015625
24 25 206 24 76 0.03125
25 26 3 25 48 0.015625
25 26 16 25 2 0.015625
25 26 27 25 4 0.015625
25 26 89 25 35 0.015625
25 26 91 25 35 0.015625
25 26 94 25 35 0.015625
25 26 98 25 37 0.015625
25 26 99 25 37 0.015625
25 26 100 25 37 0.015625
25 26 102 25 39 0.015625
25 26 103 25 39 0.015625
25 26 104 25 39 0.015625
25 26 106 25 39 0.015625
25 26 108 25 39 0.015625
25 26 109 25 39 0.015625
25 26 115 25 42 0.015625
25 26 116 25 42 0.015625
25 26 119 25 46 0.015625
25 26 120 25 46 0.015625
25 26 127 25 48 0.015625
25 26 128 25 48 0.015625
25 26 134 25 52 0.015625
25 26 135 25 52 0.015625
25 26 136 25 52 0.015625
25 26 137 25 52 0.015625
25 26 142 25 54 0.015625
25 26 143 25 54 0.015625
25 26 144 25 54 0.03125
25 26 150 25 57 0.015625
25 26 151 25 57 0.015625
25 26 152 25 57 0.015625
25 26 153 25 57 0.015625
25 26 154 25 57 0.015625
25 26 155 25 57 0.015625
25 26 159 25 61 0.015625
25 26 160 25 61 0.015625
25 26 161 25 61 0.015625
25 26 162 25 61 0.015625
25 26 163 25 61 0.015625
25 26 167 25 64 0.015625
25 26 168 25 64 0.015625
25 26 169 25 64 0.015625
25 26 170 25 64 0.015625
25 26 174 25 68 0.015625
25 26 175 25 68 0.015625
25 26 176 25 68 0.015625
25 26 177 25 68 0.015625
25 26 184 25 69 0.015625
25 26 185 25 69 0.015625
25 26 186 25 69 0.015625
25 26 189 25 75 0.015625
25 26 191 25 75 0.015625
25 26 192 25 75 0.015625
25 26 193 25 75 0.015625
25 26 194 25 75 0.015625
25 26 198 25 77 0.015625
25 26 199 25 77 0.015625
25 26 200 25 77 0.015625
25 26 204 25 78 0.015625
25 26 206 25 78 0.015625
25 26 207 25 78 0.015625
25 26 208 25 78 0.03125
26 18 0 26 18 0.015625
26 18 2 26 22 0.015625
26 18 3 26 24 0.015625
26 18 4 26 33 0.015625
26 18 5 26 45 0.015625
26 18 6 26 48 0.015625
26 18 7 26 50 0.015625
26 18 8 26 55 0.015625
26 18 9 26 58 0.015625
26 18 10 26 73 0.015625
26 18 92 26 22 0.015625
26 18 103 26 24 0.015625
26 18 104 26 24 0.015625
26 18 120 26 41 0.015625
26 18 121 26 41 0.015625
26 18 122 26 41 0.015625
26 18 123 26 41 0.015625
26 18 124 26 41 0.015625
26 18 130 26 44 0.015625
26 18 131 26 44 0.015625
26 18 132 26 44 0.015625
26 18 133 26 44 0.015625
26 18 134 26 44 0.015625
26 18 135 26 45 0.015625
26 18 140 26 45 0.015625
26 18 141 26 45 0.015625
26 18 142 26 45 0.015625
26 18 147 26 48 0.015625
26 18 149 26 48 0.015625
26 18 150 26 48 0.015625
26 18 151 26 48 0.015625
26 18 158 26 49 0.015625
26 18 160 26 49 0.015625
26 18 161 26 49 0.015625
26 18 162 26 49 0.015625
26 18 166 26 50 0.015625
26 18 170 26 50 0.015625
26 18 172 26 50 0.015625
26 18 179 26 53 0.015625
26 18 180 26 53 0.015625
26 18 186 26 55 0.015625
26 18 187 26 55 0.015625
26 18 188 26 55 0.015625
26 18 194 26 58 0.015625
26 18 195 26 63 0.015625
26 18 200 26 63 0.015625
26 18 201 26 63 0.015625
26 18 202 26 63 0.015625
26 18 203 26 63 0.015625
26 18 213 26 66 0.015625
26 18 214 26 66 0.015625
26 18 215 26 66 0.015625
26 18 220 26 71 0.015625
26 18 221 26 71 0.015625
26 18 222 26 71 0.015625
26 18 223 26 71 0.015625
26 18 227 26 72 0.015625
26 18 228 26 72 0.015625
26 18 229 26 72 0.015625
26 18 232 26 73 0.015625
26 18 233 26 73 0.015625
26 18 234 26 73 0.015625
26 18 235 26 73 0.015625
26 18 241 26 76 0.015625
26 27 0 26 6 0.015625
26 27 1 26 20 0.015625
26 27 2 26 21 0.015625
26 27 3 26 22 0.015625
26 27 4 26 44 0.015625
26 27 5 26 45 0.03125
26 27 6 26 48 0.03125
26 27 7 26 71 0.015625
26 27 8 26 73 0.03125
26 27 9 26 76 0.015625
26 27 11 26 3 0.015625
26 27 12 26 3 0.015625
26 27 13 26 3 0.015625
26 27 16 26 3 0.015625
26 27 18 26 3 0.015625
26 27 75 26 24 0.015625
26 27 85 26 24 0.015625
26 27 110 26 44 0.015625
26 27 111 26 44 0.015625
26 27 117 26 45 0.015625
26 27 121 26 48 0.015625
26 27 125 26 48 0.015625
26 27 133 26 49 0.03125
26 27 134 26 49 0.015625
26 27 135 26 49 0.015625
26 27 139 26 50 0.015625
26 27 141 26 50 0.015625
26 27 146 26 53 0.015625
26 27 147 26 53 0.015625
26 27 148 26 53 0.015625
26 27 149 26 53 0.015625
26 27 150 26 53 0.015625
26 27 152 26 53 0.015625
26 27 153 26 55 0.015625
26 27 159 26 55 0.015625
26 27 160 26 55 0.015625
26 27 161 26 55 0.015625
26 27 162 26 55 0.015625
26 27 168 26 58 0.015625
26 27 169 26 58 0.015625
26 27 170 26 58 0.015625
26 27 171 26 58 0.015625
26 27 181 26 65 0.015625
26 27 182 26 65 0.015625
26 27 184 26 65 0.015625
26 27 185 26 65 0.015625
26 27 186 26 65 0.015625
26 27 187 26 65 0.015625
26 27 188 26 65 0.015625
26 27 189 26 65 0.015625
26 27 195 26 66 0.015625
26 27 196 26 66 0.015625
26 27 198 26 71 0.015625
26 27 200 26 71 0.015625
26 27 204 26 72 0.015625
26 27 205 26 72 0.03125
26 27 210 26 73 0.015625
26 27 212 26 76 0.015625
26 27 217 26 76 0.015625
27 23 0 27 23 0.21875
27 23 1 27 20 0.015625
27 23 2 27 21 0.015625
27 23 4 27 31 0.015625
27 23 5 27 32 0.015625
27 23 6 27 44 0.015625
27 23 7 27 45 0.015625
27 23 8 27 59 0.015625
27 23 9 27 76 0.015625
27 23 63 27 22 0.015625
27 23 66 27 22 0.015625
27 23 67 27 22 0.015625
27 23 68 27 22 0.015625
27 23 69 27 22 0.015625
27 23 70 27 22 0.015625
27 23 134 27 43 0.015625
27 23 135 27 43 0.015625
27 23 142 27 44 0.015625
27 23 146 27 44 0.015625
27 23 148 27 45 0.015625
27 23 152 27 45 0.015625
27 23 153 27 45 0.015625
27 23 154 27 45 0.015625
27 23 164 27 46 0.015625
27 23 173 27 47 0.015625
27 23 174 27 47 0.015625
27 23 175 27 47 0.015625
27 23 181 27 48 0.015625
27 23 182 27 48 0.015625
27 23 183 27 48 0.015625
27 23 184 27 48 0.015625
27 23 197 27 59 0.015625
27 23 198 27 59 0.015625
27 23 199 27 59 0.015625
27 23 200 27 59 0.015625
27 23 201 27 59 0.015625
27 23 216 27 71 0.015625
27 23 217 27 71 0.015625
27 23 218 27 71 0.015625
27 23 219 27 71 0.015625
27 23 220 27 71 0.015625
27 23 221 27 71 0.015625
27 23 233 27 75 0.015625
27 23 235 27 75 0.015625
27 23 237 27 75 0.015625
27 23 238 27 75 0.015625
27 23 244 27 76 0.015625
27 23 245 27 76 0.015625
27 23 246 27 76 0.015625
27 23 247 27 76 0.015625
27 23 248 27 76 0.015625
27 28 0 27 28 0.0625
27 28 1 27 7 0.03125
27 28 2 27 21 0.03125
27 28 3 27 31 0.015625
27 28 4 27 32 0.03125
27 28 5 27 44 0.015625
27 28 6 27 73 0.03125
27 28 7 27 75 0.03125
27 28 8 27 78 0.015625
27 28 12 27 6 0.03125
27 28 29 27 11 0.015625
27 28 64 27 22 0.015625
27 28 65 27 22 0.015625
27 28 67 27 22 0.015625
27 28 131 27 43 0.015625
27 28 138 27 43 0.015625
27 28 145 27 44 0.015625
27 28 146 27 44 0.015625
27 28 150 27 45 0.015625
27 28 152 27 45 0.015625
27 28 153 27 45 0.015625
27 28 159 27 46 0.015625
27 28 160 27 46 0.015625
27 28 161 27 46 0.015625
27 28 163 27 46 0.015625
27 28 164 27 46 0.015625
27 28 170 27 47 0.015625
27 28 171 27 47 0.015625
27 28 172 27 47 0.015625
27 28 173 27 48 0.015625
27 28 177 27 48 0.03125
27 28 178 27 51 0.015625
27 28 184 27 51 0.015625
27 28 188 27 59 0.015625
27 28 189 27 59 0.03125
27 28 195 27 64 0.015625
27 28 198 27 64 0.015625
27 28 199 27 64 0.015625
27 28 200 27 64 0.015625
27 28 205 27 71 0.015625
27 28 206 27 71 0.015625
27 28 207 27 71 0.015625
27 28 208 27 71 0.015625
27 28 212 27 73 0.015625
27 28 214 27 73 0.015625
27 28 215 27 73 0.015625
27 28 221 27 75 0.015625
27 28 224 27 76 0.015625
27 28 229 27 76 0.015625
27 28 230 27 76 0.015625
27 28 237 27 78 0.015625
27 28 238 27 78 0.015625
27 28 240 27 78 0.015625
28 29 0 28 31 0.03125
28 29 1 28 40 0.015625
28 29 2 28 66 0.015625
28 29 3 28 68 0.03125
28 29 4 28 77 0.015625
28 29 8 28 3 0.015625
28 29 11 28 3 0.015625
28 29 12 28 3 0.015625
28 29 56 28 21 0.015625
28 29 59 28 21 0.015625
28 29 65 28 24 0.015625
28 29 70 28 24 0.015625
28 29 71 28 24 0.015625
28 29 83 28 31 0.015625
28 29 89 28 32 0.015625
28 29 90 28 32 0.015625
28 29 93 28 32 0.015625
28 29 94 28 32 0.015625
28 29 99 28 33 0.015625
28 29 100 28 33 0.015625
28 29 104 28 37 0.015625
28 29 105 28 37 0.015625
28 29 109 28 37 0.015625
28 29 114 28 38 0.015625
28 29 115 28 38 0.015625
28 29 116 28 38 0.015625
28 29 117 28 38 0.015625
28 29 132 28 41 0.015625
28 29 135 28 41 0.015625
28 29 136 28 41 0.015625
28 29 137 28 41 0.015625
28 29 141 28 44 0.015625
28 29 142 28 44 0.015625
28 29 143 28 44 0.015625
28 29 144 28 54 0.015625
28 29 146 28 54 0.015625
28 29 147 28 54 0.015625
28 29 148 28 54 0.015625
28 29 149 28 54 0.015625
28 29 154 28 60 0.015625
28 29 155 28 60 0.015625
28 29 156 28 60 0.015625
28 29 162 28 66 0.015625
28 29 163 28 66 0.015625
28 29 171 28 68 0.015625
28 29 175 28 73 0.015625
28 29 176 28 73 0.015625
28 29 177 28 73 0.015625
28 29 178 28 73 0.015625
28 29 186 28 74 0.015625
28 29 187 28 74 0.015625
28 29 189 28 74 0.015625
28 29 195 28 75 0.015625
28 29 196 28 75 0.015625
28 29 197 28 75 0.015625
28 29 200 28 77 0.015625
28 29 201 28 77 0.015625
28 29 202 28 77 0.015625
28 29 205 28 78 0.015625
28 29 206 28 78 0.015625
28 29 207 28 78 0.015625
28 29 208 28 78 0.015625
29 30 2 29 23 0.03125
29 30 3 29 31 0.03125
29 30 4 29 40 0.015625
29 30 5 29 48 0.03125
29 30 6 29 49 0.015625
29 30 7 29 72 0.015625
29 30 8 29 76 0.015625
29 30 15 29 0 0.015625
29 30 17 29 0 0.015625
29 30 18 29 2 0.015625
29 30 19 29 2 0.015625
29 30 22 29 2 0.015625
29 30 23 29 2 0.015625
29 30 31 29 5 0.015625
29 30 32 29 5 0.015625
29 30 35 29 10 0.015625
29 30 87 29 34 0.015625
29 30 88 29 34 0.015625
29 30 89 29 34 0.015625
29 30 91 29 39 0.015625
29 30 93 29 39 0.015625
29 30 96 29 39 0.015625
29 30 97 29 39 0.015625
29 30 104 29 40 0.015625
29 30 106 29 46 0.015625
29 30 107 29 46 0.015625
29 30 113 29 47 0.015625
29 30 115 29 47 0.015625
29 30 116 29 47 0.015625
29 30 123 29 48 0.015625
29 30 128 29 49 0.015625
29 30 129 29 49 0.015625
29 30 130 29 49 0.015625
29 30 138 29 55 0.015625
29 30 139 29 55 0.015625
29 30 140 29 55 0.015625
29 30 146 29 58 0.015625
29 30 147 29 58 0.015625
29 30 148 29 58 0.015625
29 30 150 29 63 0.015625
29 30 153 29 63 0.015625
29 30 155 29 63 0.015625
29 30 156 29 63 0.015625
29 30 166 29 64 0.015625
29 30 167 29 64 0.015625
29 30 168 29 64 0.015625
29 30 172 29 65 0.015625
29 30 175 29 65 0.015625
29 30 176 29 65 0.015625
29 30 177 29 65 0.015625
29 30 184 29 66 0.015625
29 30 187 29 66 0.015625
29 30 188 29 66 0.015625
29 30 196 29 72 0.015625
29 30 197 29 72 0.03125
29 30 203 29 76 0.015625
29 30 204 29 76 0.015625
29 30 212 29 77 0.015625
29 30 213 29 77 0.015625
29 30 214 29 77 0.015625
30 21 2 30 23 0.015625
30 21 3 30 27 0.03125
30 21 6 30 57 0.015625
30 21 7 30 60 0.015625
30 21 8 30 67 0.015625
30 21 9 30 1 0.015625
30 21 13 30 1 0.015625
30 21 14 30 1 0.015625
30 21 87 30 33 0.015625
30 21 88 30 33 0.015625
30 21 102 30 38 0.015625
30 21 103 30 38 0.015625
30 21 104 30 38 0.015625
30 21 106 30 38 0.015625
30 21 113 30 40 0.015625
30 21 115 30 40 0.015625
30 21 117 30 45 0.015625
30 21 125 30 45 0.015625
30 21 126 30 45 0.015625
30 21 134 30 48 0.015625
30 21 135 30 48 0.015625
30 21 136 30 48 0.015625
30 21 141 30 49 0.015625
30 21 147 30 56 0.015625
30 21 148 30 56 0.015625
30 21 149 30 56 0.015625
30 21 150 30 56 0.015625
30 21 151 30 56 0.015625
30 21 156 30 57 0.015625
30 21 157 30 57 0.015625
30 21 158 30 57 0.015625
30 21 159 30 57 0.015625
30 21 166 30 59 0.015625
30 21 167 30 59 0.015625
30 21 168 30 59 0.015625
30 21 169 30 59 0.015625
30 21 178 30 60 0.015625
30 21 181 30 62 0.03125
30 21 182 30 62 0.015625
30 21 183 30 62 0.015625
30 21 184 30 62 0.015625
30 21 185 30 62 0.015625
30 21 186 30 62 0.03125
30 21 192 30 67 0.015625
30 21 193 30 67 0.015625
30 21 198 30 70 0.015625
30 21 199 30 70 0.015625
30 21 200 30 70 0.015625
30 21 201 30 70 0.015625
30 21 206 30 72 0.015625
30 21 207 30 72 0.015625
30 21 208 30 72 0.015625
30 21 209 30 72 0.015625
30 21 210 30 72 0.015625
30 21 216 30 73 0.015625
30 21 217 30 73 0.015625
30 21 218 30 73 0.015625
30 21 220 30 73 0.015625
30 21 225 30 76 0.015625
30 21 227 30 76 0.015625
30 21 228 30 76 0.015625
30 31 0 30 31 0.078125
30 31 4 30 23 0.046875
30 31 5 30 24 0.046875
30 31 6 30 27 0.03125
30 31 7 30 38 0.03125
30 31 8 30 40 0.046875
30 31 9 30 56 0.015625
30 31 10 30 60 0.015625
30 31 122 30 38 0.015625
30 31 123 30 38 0.015625
30 31 124 30 38 0.015625
30 31 139 30 45 0.015625
30 31 140 30 45 0.015625
30 31 141 30 45 0.015625
30 31 142 30 45 0.015625
30 31 156 30 49 0.015625
30 31 158 30 49 0.015625
30 31 159 30 49 0.015625
30 31 160 30 49 0.015625
30 31 169 30 56 0.015625
30 31 170 30 56 0.015625
30 31 177 30 57 0.015625
30 31 178 30 57 0.015625
30 31 179 30 57 0.015625
30 31 186 30 59 0.015625
30 31 187 30 59 0.015625
30 31 188 30 59 0.015625
30 31 189 30 59 0.015625
30 31 198 30 60 0.015625
30 31 199 30 60 0.015625
30 31 204 30 62 0.015625
30 31 205 30 62 0.015625
30 31 212 30 67 0.015625
30 31 213 30 67 0.015625
30 31 214 30 67 0.015625
30 31 215 30 67 0.015625
30 31 220 30 70 0.015625
30 31 221 30 70 0.015625
30 31 222 30 70 0.015625
30 31 223 30 70 0.015625
30 31 229 30 72 0.015625
30 31 230 30 72 0.015625
30 31 231 30 72 0.015625
30 31 232 30 72 0.015625
30 31 239 30 73 0.015625
30 31 240 30 73 0.015625
30 31 241 30 73 0.015625
30 31 242 30 73 0.015625
30 31 250 30 76 0.015625
30 31 252 30 76 0.015625
30 31 253 30 76 0.015625
30 31 254 30 76 0.015625
31 32 0 31 32 0.0625
31 32 1 31 21 0.03125
31 32 2 31 23 0.03125
31 32 3 31 27 0.015625
31 32 5 31 60 0.03125
31 32 6 31 66 0.015625
31 32 9 31 2 0.015625
31 32 10 31 2 0.015625
31 32 11 31 2 0.015625
31 32 19 31 4 0.015625
31 32 20 31 4 0.015625
31 32 22 31 4 0.015625
31 32 70 31 24 0.015625
31 32 78 31 24 0.015625
31 32 111 31 29 0.015625
31 32 153 31 34 0.015625
31 32 161 31 38 0.015625
31 32 163 31 38 0.015625
31 32 167 31 38 0.015625
31 32 172 31 40 0.015625
31 32 174 31 40 0.015625
31 32 176 31 41 0.015625
31 32 181 31 41 0.015625
31 32 182 31 41 0.015625
31 32 183 31 41 0.015625
31 32 184 31 41 0.015625
31 32 185 31 41 0.015625
31 32 191 31 47 0.015625
31 32 192 31 47 0.015625
31 32 194 31 47 0.015625
31 32 195 31 47 0.015625
31 32 196 31 47 0.015625
31 32 201 31 52 0.015625
31 32 202 31 52 0.015625
31 32 203 31 52 0.015625
31 32 204 31 52 0.015625
31 32 209 31 55 0.015625
31 32 210 31 55 0.015625
31 32 211 31 55 0.015625
31 32 212 31 55 0.015625
31 32 217 31 56 0.015625
31 32 219 31 56 0.015625
31 32 220 31 56 0.015625
31 32 222 31 56 0.015625
31 32 226 31 58 0.015625
31 32 227 31 58 0.015625
31 32 228 31 58 0.015625
31 32 235 31 60 0.015625
31 32 241 31 66 0.015625
31 32 242 31 66 0.015625
31 32 248 31 74 0.015625
31 32 249 31 74 0.015625
31 32 250 31 74 0.015625
31 32 252 31 74 0.015625
31 32 258 31 79 0.015625
31 32 259 31 79 0.015625
31 32 260 31 79 0.015625
31 32 261 31 79 0.015625
32 33 0 32 3 0.03125
32 33 1 32 10 0.015625
32 33 3 32 28 0.015625
32 33 4 32 43 0.03125
32 33 5 32 65 0.015625
32 33 6 32 72 0.015625
32 33 7 32 75 0.03125
32 33 8 32 78 0.03125
32 33 12 32 3 0.015625
32 33 91 32 35 0.015625
32 33 92 32 35 0.015625
32 33 93 32 35 0.015625
32 33 94 32 35 0.015625
32 33 97 32 36 0.015625
32 33 98 32 36 0.015625
32 33 99 32 36 0.015625
32 33 101 32 36 0.015625
32 33 111 32 46 0.015625
32 33 115 32 46 0.015625
32 33 116 32 46 0.015625
32 33 119 32 48 0.015625
32 33 123 32 48 0.015625
32 33 124 32 48 0.015625
32 33 134 32 57 0.015625
32 33 135 32 57 0.015625
32 33 137 32 57 0.015625
32 33 138 32 57 0.015625
32 33 139 32 57 0.015625
32 33 142 32 59 0.015625
32 33 143 32 59 0.015625
32 33 144 32 59 0.015625
32 33 145 32 59 0.015625
32 33 146 32 60 0.015625
32 33 147 32 60 0.015625
32 33 154 32 60 0.015625
32 33 155 32 60 0.015625
32 33 162 32 64 0.015625
32 33 163 32 64 0.015625
32 33 166 32 65 0.015625
32 33 168 32 65 0.015625
32 33 170 32 65 0.015625
32 33 174 32 66 0.015625
32 33 176 32 66 0.015625
32 33 177 32 66 0.015625
32 33 183 32 67 0.015625
32 33 184 32 67 0.015625
32 33 185 32 67 0.015625
32 33 187 32 67 0.015625
32 33 188 32 67 0.015625
32 33 189 32 68 0.015625
32 33 194 32 68 0.015625
32 33 196 32 68 0.015625
32 33 198 32 68 0.015625
32 33 202 32 72 0.015625
32 33 205 32 72 0.015625
32 33 206 32 72 0.015625
32 33 211 32 75 0.015625
32 33 212 32 75 0.015625
32 33 213 32 75 0.015625
32 33 220 32 78 0.015625
33 34 0 33 3 0.03125
33 34 1 33 50 0.03125
33 34 2 33 65 0.03125
33 34 3 33 69 0.046875
33 34 4 33 71 0.015625
33 34 5 33 75 0.03125
33 34 15 33 4 0.015625
33 34 17 33 4 0.015625
33 34 18 33 4 0.015625
33 34 20 33 4 0.015625
33 34 27 33 5 0.015625
33 34 28 33 5 0.015625
33 34 29 33 5 0.015625
33 34 32 33 5 0.015625
33 34 50 33 10 0.015625
33 34 75 33 25 0.015625
33 34 79 33 25 0.015625
33 34 81 33 25 0.015625
33 34 82 33 25 0.015625
33 34 89 33 26 0.015625
33 34 90 33 26 0.015625
33 34 92 33 26 0.015625
33 34 107 33 43 0.015625
33 34 112 33 43 0.015625
33 34 113 33 43 0.015625
33 34 120 33 44 0.015625
33 34 122 33 44 0.03125
33 34 125 33 44 0.015625
33 34 129 33 50 0.015625
33 34 131 33 50 0.015625
33 34 136 33 65 0.015625
33 34 147 33 70 0.015625
33 34 148 33 70 0.015625
33 34 149 33 70 0.015625
33 34 152 33 71 0.015625
33 34 153 33 71 0.015625
33 34 154 33 71 0.015625
33 34 159 33 72 0.015625
33 34 161 33 72 0.015625
33 34 162 33 72 0.015625
33 34 163 33 72 0.015625
33 34 164 33 74 0.015625
33 34 169 33 74 0.015625
33 34 170 33 74 0.015625
33 34 171 33 74 0.015625
33 34 175 33 75 0.015625
33 34 176 33 75 0.015625
33 34 181 33 77 0.015625
33 34 185 33 77 0.015625
33 34 186 33 77 0.015625
33 34 191 33 78 0.015625
33 34 192 33 78 0.015625
33 34 196 33 78 0.015625
33 34 200 33 79 0.015625
33 34 202 33 79 0.015625
33 34 203 33 79 0.015625
33 34 204 33 79 0.015625
34 27 1 34 20 0.03125
34 27 2 34 23 0.0625
34 27 3 34 31 0.046875
34 27 4 34 46 0.015625
34 27 5 34 51 0.03125
34 27 6 34 71 0.015625
34 27 7 34 75 0.046875
34 27 11 34 2 0.015625
34 27 12 34 2 0.015625
34 27 14 34 2 0.015625
34 27 15 34 2 0.015625
34 27 17 34 3 0.015625
34 27 18 34 3 0.015625
34 27 22 34 3 0.015625
34 27 81 34 29 0.015625
34 27 92 34 35 0.015625
34 27 107 34 36 0.015625
34 27 108 34 36 0.015625
34 27 114 34 40 0.015625
34 27 115 34 40 0.03125
34 27 116 34 40 0.015625
34 27 124 34 42 0.015625
34 27 126 34 42 0.015625
34 27 128 34 42 0.015625
34 27 129 34 42 0.015625
34 27 134 34 46 0.015625
34 27 136 34 46 0.015625
34 27 137 34 46 0.015625
34 27 147 34 51 0.015625
34 27 151 34 51 0.015625
34 27 157 34 58 0.015625
34 27 158 34 58 0.015625
34 27 159 34 58 0.015625
34 27 160 34 58 0.015625
34 27 167 34 62 0.03125
34 27 168 34 62 0.015625
34 27 169 34 62 0.015625
34 27 170 34 62 0.015625
34 27 174 34 63 0.015625
34 27 175 34 63 0.015625
34 27 176 34 63 0.015625
34 27 179 34 65 0.015625
34 27 180 34 65 0.015625
34 27 182 34 65 0.015625
34 27 183 34 65 0.015625
34 27 184 34 65 0.015625
34 27 185 34 65 0.015625
34 27 187 34 65 0.015625
34 27 199 34 69 0.015625
34 27 202 34 71 0.015625
34 27 204 34 71 0.015625
34 27 206 34 75 0.015625
34 27 209 34 75 0.015625
34 35 0 34 35 0.078125
34 35 4 34 36 0.03125
34 35 5 34 40 0.015625
34 35 6 34 41 0.03125
34 35 7 34 46 0.015625
34 35 8 34 50 0.03125
34 35 9 34 51 0.015625
34 35 10 34 58 0.015625
34 35 11 34 66 0.046875
34 35 12 34 71 0.03125
34 35 17 34 2 0.015625
34 35 21 34 2 0.015625
34 35 22 34 2 0.015625
34 35 27 34 3 0.015625
34 35 31 34 3 0.015625
34 35 32 34 3 0.015625
34 35 85 34 29 0.015625
34 35 132 34 36 0.015625
34 35 135 34 40 0.015625
34 35 142 34 41 0.015625
34 35 143 34 41 0.015625
34 35 146 34 41 0.015625
34 35 151 34 42 0.015625
34 35 153 34 42 0.015625
34 35 154 34 42 0.015625
34 35 155 34 42 0.015625
34 35 163 34 46 0.015625
34 35 164 34 46 0.015625
34 35 166 34 46 0.015625
34 35 170 34 50 0.015625
34 35 171 34 50 0.015625
34 35 173 34 50 0.015625
34 35 174 34 50 0.015625
34 35 185 34 58 0.015625
34 35 187 34 58 0.015625
34 35 188 34 58 0.03125
34 35 193 34 62 0.015625
34 35 194 34 62 0.015625
34 35 198 34 63 0.03125
34 35 201 34 63 0.015625
34 35 215 34 66 0.015625
34 35 216 34 66 0.015625
34 35 217 34 66 0.015625
34 35 223 34 69 0.015625
34 35 224 34 69 0.015625
34 35 225 34 69 0.015625
34 35 226 34 69 0.03125
34 35 229 34 71 0.015625
34 35 230 34 71 0.015625
34 35 235 34 75 0.015625
34 35 238 34 75 0.015625
35 36 0 35 36 0.125
35 36 4 35 39 0.015625
35 36 5 35 41 0.015625
35 36 6 35 47 0.03125
35 36 13 35 1 0.015625
35 36 14 35 1 0.015625
35 36 15 35 1 0.015625
35 36 128 35 37 0.015625
35 36 129 35 37 0.015625
35 36 130 35 37 0.03125
35 36 131 35 37 0.015625
35 36 132 35 37 0.015625
35 36 136 35 39 0.015625
35 36 137 35 39 0.015625
35 36 138 35 39 0.015625
35 36 139 35 39 0.015625
35 36 140 35 39 0.015625
35 36 141 35 39 0.015625
35 36 146 35 40 0.015625
35 36 156 35 41 0.015625
35 36 162 35 45 0.015625
35 36 169 35 46 0.015625
35 36 170 35 46 0.015625
35 36 171 35 46 0.015625
35 36 176 35 47 0.015625
35 36 177 35 47 0.015625
35 36 184 35 50 0.015625
35 36 185 35 50 0.015625
35 36 186 35 50 0.015625
35 36 187 35 50 0.015625
35 36 188 35 50 0.015625
35 36 197 35 51 0.015625
35 36 198 35 51 0.015625
35 36 199 35 51 0.015625
35 36 200 35 51 0.015625
35 36 201 35 51 0.015625
35 36 202 35 51 0.015625
35 36 205 35 55 0.015625
35 36 206 35 55 0.015625
35 36 207 35 55 0.015625
35 36 208 35 55 0.015625
35 36 214 35 58 0.015625
35 36 215 35 58 0.015625
35 36 216 35 58 0.015625
35 36 217 35 58 0.015625
35 36 224 35 66 0.015625
35 36 225 35 66 0.015625
35 36 226 35 66 0.015625
35 36 227 35 66 0.015625
35 36 232 35 71 0.015625
35 36 233 35 71 0.015625
35 36 234 35 71 0.015625
35 36 239 35 78 0.015625
35 36 240 35 78 0.015625
35 36 241 35 78 0.015625
36 37 2 36 35 0.015625
36 37 3 36 41 0.015625
36 37 4 36 52 0.015625
36 37 5 36 54 0.015625
36 37 6 36 61 0.015625
36 37 7 36 69 0.015625
36 37 8 36 70 0.015625
36 37 91 36 39 0.015625
36 37 96 36 41 0.015625
36 37 108 36 44 0.015625
36 37 109 36 44 0.015625
36 37 110 36 44 0.015625
36 37 111 36 44 0.015625
36 37 117 36 47 0.015625
36 37 118 36 47 0.015625
36 37 119 36 47 0.015625
36 37 123 36 52 0.015625
36 37 124 36 52 0.015625
36 37 128 36 53 0.015625
36 37 129 36 53 0.015625
36 37 130 36 53 0.015625
36 37 136 36 54 0.015625
36 37 137 36 54 0.015625
36 37 138 36 54 0.015625
36 37 139 36 54 0.015625
36 37 142 36 56 0.015625
36 37 143 36 56 0.015625
36 37 144 36 56 0.015625
36 37 145 36 56 0.015625
36 37 146 36 56 0.015625
36 37 150 36 59 0.015625
36 37 156 36 61 0.015625
36 37 158 36 61 0.015625
36 37 159 36 61 0.015625
36 37 160 36 61 0.015625
36 37 161 36 61 0.015625
36 37 165 36 62 0.015625
36 37 166 36 62 0.015625
36 37 167 36 62 0.015625
36 37 168 36 62 0.015625
36 37 169 36 62 0.015625
36 37 170 36 62 0.015625
36 37 177 36 63 0.015625
36 37 178 36 63 0.015625
36 37 179 36 63 0.015625
36 37 186 36 69 0.015625
36 37 187 36 69 0.015625
36 37 188 36 69 0.015625
36 37 192 36 70 0.015625
36 37 193 36 70 0.015625
36 37 194 36 70 0.015625
36 37 195 36 70 0.015625
36 37 196 36 70 0.015625
36 37 197 36 70 0.015625
36 37 202 36 72 0.015625
36 37 203 36 72 0.015625
36 37 204 36 72 0.015625
36 37 210 36 73 0.015625
36 37 211 36 73 0.015625
36 37 212 36 73 0.015625
36 37 213 36 73 0.015625
36 37 219 36 79 0.015625
36 37 220 36 79 0.015625
36 37 221 36 79 0.015625
37 38 5 37 54 0.03125
37 38 6 37 57 0.03125
37 38 7 37 60 0.015625
37 38 8 37 61 0.015625
37 38 9 37 69 0.015625
37 38 10 37 70 0.015625
37 38 11 37 75 0.03125
37 38 12 37 78 0.015625
37 38 107 37 41 0.015625
37 38 108 37 41 0.015625
37 38 113 37 42 0.015625
37 38 114 37 42 0.015625
37 38 115 37 42 0.015625
37 38 116 37 42 0.015625
37 38 117 37 42 0.015625
37 38 118 37 42 0.015625
37 38 134 37 52 0.015625
37 38 135 37 52 0.015625
37 38 136 37 52 0.015625
37 38 137 37 52 0.015625
37 38 138 37 52 0.015625
37 38 144 37 54 0.015625
37 38 145 37 54 0.015625
37 38 146 37 54 0.015625
37 38 147 37 54 0.015625
37 38 148 37 54 0.015625
37 38 153 37 57 0.015625
37 38 155 37 57 0.015625
37 38 156 37 57 0.015625
37 38 157 37 57 0.015625
37 38 158 37 57 0.015625
37 38 159 37 57 0.015625
37 38 165 37 58 0.015625
37 38 166 37 58 0.015625
37 38 167 37 58 0.015625
37 38 168 37 58 0.015625
37 38 175 37 60 0.015625
37 38 176 37 60 0.015625
37 38 177 37 60 0.015625
37 38 178 37 60 0.015625
37 38 181 37 60 0.015625
37 38 184 37 61 0.015625
37 38 185 37 61 0.015625
37 38 186 37 61 0.015625
37 38 187 37 61 0.015625
37 38 188 37 61 0.015625
37 38 191 37 69 0.015625
37 38 192 37 69 0.015625
37 38 194 37 69 0.015625
37 38 199 37 70 0.015625
37 38 200 37 70 0.015625
37 38 201 37 70 0.015625
37 38 202 37 70 0.015625
37 38 203 37 70 0.015625
37 38 204 37 70 0.015625
37 38 205 37 70 0.015625
37 38 209 37 75 0.015625
37 38 210 37 75 0.015625
37 38 211 37 75 0.015625
37 38 215 37 78 0.015625
37 38 216 37 78 0.015625
38 39 2 38 61 0.03125
38 39 3 38 72 0.015625
38 39 4 38 73 0.015625
38 39 5 38 75 0.03125
38 39 97 38 54 0.015625
38 39 98 38 54 0.015625
38 39 99 38 54 0.03125
38 39 100 38 54 0.015625
38 39 101 38 54 0.015625
38 39 104 38 56 0.015625
38 39 105 38 56 0.015625
38 39 106 38 56 0.03125
38 39 107 38 56 0.015625
38 39 108 38 56 0.015625
38 39 109 38 56 0.015625
38 39 112 38 57 0.015625
38 39 113 38 57 0.015625
38 39 114 38 57 0.015625
38 39 118 38 60 0.015625
38 39 119 38 60 0.015625
38 39 125 38 61 0.015625
38 39 126 38 61 0.015625
38 39 127 38 61 0.015625
38 39 128 38 61 0.015625
38 39 129 38 61 0.015625
38 39 130 38 61 0.015625
38 39 133 38 62 0.015625
38 39 135 38 62 0.015625
38 39 136 38 62 0.015625
38 39 141 38 63 0.015625
38 39 142 38 63 0.015625
38 39 144 38 63 0.015625
38 39 145 38 63 0.015625
38 39 153 38 65 0.015625
38 39 154 38 65 0.03125
38 39 159 38 66 0.015625
38 39 166 38 69 0.015625
38 39 167 38 69 0.015625
38 39 174 38 70 0.015625
38 39 175 38 70 0.03125
38 39 176 38 70 0.015625
38 39 177 38 70 0.015625
38 39 178 38 70 0.015625
38 39 179 38 70 0.015625
38 39 182 38 72 0.015625
38 39 183 38 72 0.015625
38 39 184 38 72 0.015625
38 39 185 38 72 0.015625
38 39 189 38 73 0.015625
38 39 190 38 73 0.015625
38 39 191 38 73 0.03125
38 39 197 38 75 0.015625
38 39 201 38 78 0.015625
38 39 202 38 78 0.015625
38 39 204 38 78 0.015625
38 39 205 38 78 0.03125
39 40 0 39 40 0.109375
39 40 1 39 2 0.03125
39 40 4 39 35 0.015625
39 40 5 39 48 0.015625
39 40 6 39 49 0.03125
39 40 7 39 53 0.03125
39 40 8 39 64 0.03125
39 40 106 39 36 0.015625
39 40 107 39 36 0.015625
39 40 108 39 36 0.015625
39 40 136 39 43 0.015625
39 40 142 39 43 0.015625
39 40 143 39 43 0.015625
39 40 147 39 44 0.015625
39 40 148 39 44 0.015625
39 40 149 39 44 0.015625
39 40 154 39 45 0.015625
39 40 156 39 45 0.015625
39 40 157 39 45 0.015625
39 40 160 39 46 0.015625
39 40 163 39 46 0.015625
39 40 165 39 46 0.015625
39 40 167 39 46 0.015625
39 40 168 39 46 0.015625
39 40 169 39 46 0.015625
39 40 176 39 48 0.015625
39 40 189 39 53 0.015625
39 40 190 39 53 0.03125
39 40 191 39 53 0.015625
39 40 192 39 53 0.015625
39 40 197 39 61 0.015625
39 40 198 39 61 0.015625
39 40 199 39 61 0.015625
39 40 200 39 61 0.015625
39 40 201 39 61 0.015625
39 40 208 39 64 0.015625
39 40 209 39 64 0.015625
39 40 210 39 64 0.03125
39 40 217 39 72 0.015625
39 40 218 39 72 0.03125
39 40 219 39 72 0.015625
39 40 226 39 73 0.015625
39 40 227 39 73 0.015625
39 40 228 39 73 0.015625
39 40 229 39 73 0.015625
39 40 230 39 74 0.015625
39 40 237 39 74 0.015625
39 40 238 39 74 0.015625
39 40 239 39 74 0.015625
39 40 247 39 75 0.015625
39 40 254 39 79 0.015625
40 41 0 40 2 0.015625
40 41 4 40 35 0.03125
40 41 5 40 42 0.0625
40 41 6 40 77 0.0625
40 41 7 40 78 0.0625
40 41 29 40 5 0.015625
40 41 35 40 5 0.015625
40 41 121 40 35 0.015625
40 41 124 40 35 0.015625
40 41 125 40 35 0.015625
40 41 129 40 39 0.015625
40 41 130 40 39 0.015625
40 41 131 40 39 0.015625
40 41 132 40 39 0.015625
40 41 138 40 42 0.015625
40 41 139 40 42 0.015625
40 41 140 40 42 0.015625
40 41 141 40 42 0.015625
40 41 142 40 48 0.015625
40 41 153 40 49 0.015625
40 41 154 40 49 0.015625
40 41 155 40 49 0.03125
40 41 156 40 52 0.015625
40 41 160 40 52 0.015625
40 41 162 40 52 0.03125
40 41 163 40 52 0.03125
40 41 164 40 52 0.015625
40 41 167 40 53 0.015625
40 41 168 40 53 0.015625
40 41 169 40 53 0.015625
40 41 170 40 53 0.03125
40 41 171 40 53 0.03125
40 41 172 40 53 0.015625
40 41 173 40 53 0.015625
40 41 174 40 60 0.015625
40 41 179 40 60 0.015625
40 41 180 40 60 0.015625
40 41 182 40 63 0.015625
40 41 187 40 63 0.015625
40 41 189 40 63 0.03125
40 41 190 40 63 0.015625
40 41 191 40 63 0.015625
40 41 194 40 64 0.015625
40 41 195 40 64 0.015625
40 41 201 40 77 0.015625
40 41 206 40 78 0.015625
40 41 207 40 78 0.015625
40 41 208 40 78 0.015625
41 42 0 41 42 0.09375
41 42 1 41 2 0.015625
41 42 6 41 37 0.015625
41 42 7 41 61 0.03125
41 42 8 41 76 0.015625
41 42 9 41 77 0.03125
41 42 17 41 2 0.015625
41 42 18 41 2 0.015625
41 42 20 41 2 0.015625
41 42 28 41 3 0.015625
41 42 88 41 26 0.015625
41 42 121 41 35 0.015625
41 42 122 41 35 0.015625
41 42 124 41 35 0.015625
41 42 129 41 36 0.015625
41 42 130 41 36 0.015625
41 42 131 41 36 0.015625
41 42 132 41 36 0.015625
41 42 133 41 36 0.015625
41 42 134 41 36 0.015625
41 42 140 41 37 0.015625
41 42 141 41 37 0.015625
41 42 172 41 50 0.015625
41 42 178 41 58 0.015625
41 42 180 41 58 0.015625
41 42 181 41 58 0.015625
41 42 182 41 58 0.015625
41 42 183 41 58 0.015625
41 42 188 41 61 0.015625
41 42 189 41 61 0.015625
41 42 190 41 61 0.015625
41 42 191 41 61 0.015625
41 42 195 41 67 0.015625
41 42 196 41 67 0.015625
41 42 197 41 67 0.015625
41 42 198 41 67 0.015625
41 42 203 41 69 0.015625
41 42 205 41 69 0.015625
41 42 206 41 69 0.015625
41 42 207 41 69 0.015625
41 42 208 41 69 0.015625
41 42 213 41 75 0.015625
41 42 215 41 75 0.015625
41 42 216 41 75 0.015625
41 42 221 41 76 0.015625
41 42 222 41 76 0.015625
41 42 223 41 76 0.015625
41 42 224 41 76 0.015625
41 42 229 41 77 0.015625
41 42 232 41 77 0.015625
41 42 233 41 77 0.015625
41 42 234 41 77 0.015625
41 42 239 41 78 0.015625
41 42 242 41 78 0.015625
41 42 243 41 78 0.015625
41 42 244 41 78 0.015625
41 42 245 41 78 0.015625
42 43 0 42 2 0.015625
42 43 4 42 22 0.015625
42 43 5 42 46 0.015625
42 43 6 42 51 0.015625
42 43 7 42 53 0.046875
42 43 8 42 65 0.03125
42 43 9 42 77 0.03125
42 43 13 42 2 0.015625
42 43 105 42 40 0.015625
42 43 109 42 40 0.015625
42 43 110 42 40 0.015625
42 43 111 42 40 0.015625
42 43 126 42 46 0.015625
42 43 127 42 46 0.015625
42 43 128 42 46 0.015625
42 43 129 42 46 0.015625
42 43 130 42 46 0.015625
42 43 131 42 51 0.015625
42 43 138 42 51 0.015625
42 43 139 42 51 0.015625
42 43 140 42 51 0.015625
42 43 145 42 53 0.015625
42 43 146 42 53 0.015625
42 43 147 42 53 0.015625
42 43 148 42 53 0.015625
42 43 149 42 53 0.03125
42 43 154 42 54 0.015625
42 43 155 42 54 0.015625
42 43 156 42 54 0.015625
42 43 160 42 56 0.015625
42 43 161 42 56 0.015625
42 43 162 42 56 0.015625
42 43 167 42 61 0.015625
42 43 168 42 61 0.015625
42 43 169 42 61 0.015625
42 43 175 42 62 0.015625
42 43 176 42 62 0.015625
42 43 184 42 65 0.015625
42 43 185 42 65 0.015625
42 43 186 42 65 0.015625
42 43 187 42 68 0.015625
42 43 194 42 68 0.015625
42 43 195 42 68 0.015625
42 43 196 42 68 0.015625
42 43 197 42 68 0.015625
42 43 199 42 72 0.015625
42 43 204 42 72 0.015625
42 43 205 42 72 0.03125
42 43 213 42 74 0.015625
42 43 214 42 74 0.015625
42 43 215 42 74 0.015625
42 43 222 42 76 0.015625
42 43 223 42 76 0.03125
42 43 228 42 77 0.015625
42 43 229 42 77 0.015625
42 43 230 42 77 0.015625
42 43 231 42 77 0.015625
43 44 0 43 44 0.0625
43 44 1 43 2 0.015625
43 44 5 43 39 0.046875
43 44 6 43 53 0.03125
43 44 7 43 65 0.03125
43 44 8 43 71 0.015625
43 44 9 43 77 0.03125
43 44 25 43 3 0.015625
43 44 28 43 3 0.015625
43 44 36 43 5 0.015625
43 44 38 43 5 0.015625
43 44 39 43 5 0.015625
43 44 40 43 5 0.015625
43 44 115 43 22 0.015625
43 44 116 43 22 0.015625
43 44 119 43 22 0.015625
43 44 150 43 39 0.015625
43 44 152 43 39 0.015625
43 44 153 43 39 0.015625
43 44 154 43 39 0.015625
43 44 155 43 39 0.015625
43 44 189 43 45 0.015625
43 44 190 43 45 0.03125
43 44 191 43 45 0.015625
43 44 195 43 46 0.015625
43 44 197 43 46 0.015625
43 44 198 43 46 0.015625
43 44 199 43 46 0.015625
43 44 201 43 47 0.015625
43 44 203 43 47 0.015625
43 44 204 43 47 0.015625
43 44 205 43 47 0.015625
43 44 206 43 47 0.015625
43 44 210 43 51 0.015625
43 44 211 43 51 0.015625
43 44 212 43 51 0.015625
43 44 213 43 51 0.015625
43 44 217 43 53 0.015625
43 44 218 43 53 0.015625
43 44 220 43 53 0.015625
43 44 221 43 53 0.03125
43 44 222 43 53 0.015625
43 44 223 43 53 0.03125
43 44 228 43 65 0.015625
43 44 233 43 71 0.015625
43 44 234 43 71 0.03125
43 44 235 43 71 0.015625
43 44 236 43 71 0.015625
43 44 242 43 77 0.015625
43 44 243 43 77 0.015625
43 44 244 43 77 0.015625
43 44 245 43 77 0.015625
44 45 0 44 2 0.015625
44 45 3 44 26 0.015625
44 45 5 44 39 0.015625
44 45 6 44 43 0.015625
44 45 7 44 50 0.03125
44 45 8 44 55 0.03125
44 45 9 44 65 0.046875
44 45 15 44 2 0.015625
44 45 17 44 2 0.015625
44 45 66 44 26 0.015625
44 45 67 44 26 0.015625
44 45 69 44 26 0.015625
44 45 100 44 36 0.015625
44 45 101 44 36 0.015625
44 45 102 44 36 0.015625
44 45 107 44 39 0.015625
44 45 109 44 39 0.015625
44 45 110 44 39 0.015625
44 45 111 44 39 0.015625
44 45 120 44 43 0.015625
44 45 130 44 50 0.015625
44 45 131 44 50 0.015625
44 45 132 44 50 0.015625
44 45 135 44 52 0.015625
44 45 136 44 52 0.03125
44 45 141 44 53 0.015625
44 45 142 44 53 0.015625
44 45 143 44 53 0.03125
44 45 144 44 53 0.03125
44 45 145 44 53 0.015625
44 45 150 44 54 0.015625
44 45 151 44 54 0.015625
44 45 158 44 55 0.015625
44 45 159 44 55 0.015625
44 45 164 44 56 0.015625
44 45 165 44 56 0.03125
44 45 169 44 61 0.015625
44 45 170 44 61 0.015625
44 45 171 44 61 0.015625
44 45 172 44 61 0.015625
44 45 173 44 62 0.015625
44 45 176 44 65 0.015625
44 45 180 44 65 0.015625
44 45 181 44 65 0.015625
44 45 182 44 71 0.015625
44 45 187 44 71 0.015625
44 45 189 44 71 0.03125
44 45 190 44 71 0.015625
44 45 191 44 71 0.03125
44 45 198 44 73 0.015625
44 45 202 44 75 0.015625
44 45 203 44 75 0.015625
44 45 204 44 75 0.015625
44 45 209 44 77 0.015625
45 28 2 45 24 0.015625
45 28 4 45 37 0.015625
45 28 5 45 74 0.015625
45 28 6 45 78 0.015625
45 28 16 45 2 0.015625
45 28 20 45 2 0.015625
45 28 21 45 2 0.015625
45 28 35 45 4 0.015625
45 28 36 45 4 0.015625
45 28 38 45 4 0.015625
45 28 87 45 24 0.015625
45 28 88 45 26 0.015625
45 28 91 45 26 0.015625
45 28 92 45 26 0.015625
45 28 94 45 26 0.015625
45 28 95 45 26 0.015625
45 28 118 45 35 0.015625
45 28 119 45 35 0.015625
45 28 120 45 35 0.015625
45 28 121 45 35 0.015625
45 28 122 45 35 0.015625
45 28 126 45 37 0.015625
45 28 127 45 37 0.015625
45 28 128 45 37 0.015625
45 28 133 45 39 0.015625
45 28 135 45 39 0.015625
45 28 136 45 39 0.015625
45 28 137 45 39 0.015625
45 28 145 45 43 0.015625
45 28 146 45 43 0.015625
45 28 147 45 47 0.015625
45 28 152 45 47 0.015625
45 28 153 45 47 0.015625
45 28 154 45 47 0.015625
45 28 155 45 50 0.015625
45 28 157 45 50 0.015625
45 28 158 45 50 0.015625
45 28 159 45 50 0.015625
45 28 160 45 50 0.015625
45 28 161 45 50 0.015625
45 28 162 45 50 0.015625
45 28 163 45 50 0.015625
45 28 166 45 55 0.015625
45 28 167 45 55 0.015625
45 28 168 45 63 0.015625
45 28 173 45 63 0.015625
45 28 174 45 63 0.015625
45 28 175 45 63 0.015625
45 28 176 45 63 0.015625
45 28 184 45 64 0.015625
45 28 185 45 64 0.015625
45 28 191 45 65 0.015625
45 28 193 45 65 0.046875
45 28 194 45 65 0.015625
45 28 195 45 65 0.015625
45 28 200 45 74 0.015625
45 28 207 45 78 0.015625
45 28 208 45 78 0.015625
45 28 210 45 78 0.015625
45 28 215 45 79 0.015625
45 28 216 45 79 0.015625
45 28 217 45 79 0.015625
45 46 0 45 0 0.015625
45 46 1 45 2 0.015625
45 46 4 45 35 0.015625
45 46 5 45 39 0.015625
45 46 6 45 43 0.015625
45 46 7 45 47 0.015625
45 46 8 45 74 0.015625
45 46 9 45 78 0.015625
45 46 16 45 2 0.015625
45 46 19 45 2 0.015625
45 46 22 45 2 0.015625
45 46 23 45 2 0.015625
45 46 24 45 3 0.015625
45 46 28 45 3 0.015625
45 46 29 45 3 0.015625
45 46 31 45 3 0.015625
45 46 93 45 24 0.015625
45 46 97 45 26 0.015625
45 46 115 45 35 0.015625
45 46 118 45 35 0.015625
45 46 124 45 37 0.015625
45 46 125 45 37 0.015625
45 46 130 45 39 0.015625
45 46 133 45 39 0.015625
45 46 134 45 39 0.015625
45 46 142 45 43 0.015625
45 46 143 45 43 0.015625
45 46 145 45 43 0.015625
45 46 146 45 43 0.015625
45 46 151 45 47 0.015625
45 46 153 45 47 0.015625
45 46 154 45 47 0.015625
45 46 155 45 47 0.015625
45 46 156 45 47 0.015625
45 46 157 45 47 0.015625
45 46 162 45 50 0.015625
45 46 163 45 50 0.015625
45 46 170 45 55 0.015625
45 46 171 45 55 0.015625
45 46 172 45 55 0.03125
45 46 178 45 63 0.015625
45 46 185 45 64 0.015625
45 46 186 45 64 0.015625
45 46 187 45 64 0.03125
45 46 188 45 64 0.015625
45 46 189 45 64 0.015625
45 46 193 45 65 0.015625
45 46 194 45 65 0.015625
45 46 195 45 65 0.015625
45 46 196 45 65 0.015625
45 46 197 45 65 0.015625
45 46 198 45 65 0.015625
45 46 201 45 74 0.015625
45 46 202 45 74 0.015625
45 46 203 45 74 0.015625
45 46 207 45 78 0.015625
45 46 210 45 78 0.015625
45 46 211 45 78 0.015625
45 46 212 45 78 0.015625
45 46 216 45 79 0.015625
45 46 217 45 79 0.015625
45 46 218 45 79 0.015625
46 47 0 46 47 0.0625
46 47 1 46 0 0.015625
46 47 2 46 4 0.015625
46 47 5 46 35 0.015625
46 47 6 46 43 0.015625
46 47 7 46 51 0.03125
46 47 8 46 53 0.03125
46 47 9 46 54 0.03125
46 47 10 46 68 0.03125
46 47 11 46 78 0.015625
46 47 19 46 0 0.015625
46 47 20 46 0 0.015625
46 47 36 46 4 0.015625
46 47 37 46 4 0.015625
46 47 124 46 35 0.015625
46 47 129 46 35 0.015625
46 47 130 46 35 0.015625
46 47 133 46 39 0.015625
46 47 134 46 39 0.015625
46 47 138 46 39 0.015625
46 47 139 46 39 0.015625
46 47 143 46 42 0.015625
46 47 144 46 42 0.015625
46 47 145 46 42 0.015625
46 47 146 46 42 0.015625
46 47 147 46 42 0.015625
46 47 148 46 42 0.015625
46 47 156 46 43 0.015625
46 47 157 46 43 0.015625
46 47 191 46 48 0.015625
46 47 192 46 48 0.015625
46 47 198 46 51 0.015625
46 47 201 46 51 0.015625
46 47 203 46 53 0.015625
46 47 206 46 53 0.015625
46 47 207 46 53 0.015625
46 47 208 46 53 0.015625
46 47 214 46 54 0.015625
46 47 216 46 54 0.015625
46 47 217 46 54 0.015625
46 47 218 46 54 0.015625
46 47 223 46 66 0.015625
46 47 225 46 66 0.015625
46 47 226 46 66 0.015625
46 47 227 46 66 0.015625
46 47 233 46 68 0.015625
46 47 234 46 68 0.015625
46 47 235 46 68 0.015625
46 47 236 46 68 0.015625
46 47 241 46 74 0.015625
46 47 243 46 74 0.015625
46 47 244 46 74 0.015625
46 47 245 46 74 0.015625
46 47 251 46 77 0.015625
46 47 252 46 77 0.015625
46 47 257 46 78 0.015625
46 47 258 46 78 0.015625
47 48 0 47 3 0.015625
47 48 3 47 22 0.015625
47 48 4 47 27 0.015625
47 48 6 47 46 0.03125
47 48 7 47 49 0.03125
47 48 8 47 65 0.03125
47 48 15 47 0 0.015625
47 48 16 47 0 0.015625
47 48 18 47 0 0.015625
47 48 25 47 4 0.015625
47 48 47 47 22 0.015625
47 48 48 47 24 0.015625
47 48 56 47 24 0.015625
47 48 86 47 35 0.015625
47 48 88 47 35 0.015625
47 48 89 47 35 0.015625
47 48 90 47 35 0.015625
47 48 91 47 35 0.015625
47 48 93 47 36 0.015625
47 48 95 47 36 0.015625
47 48 96 47 36 0.015625
47 48 106 47 43 0.015625
47 48 108 47 43 0.015625
47 48 118 47 45 0.015625
47 48 119 47 45 0.015625
47 48 120 47 45 0.015625
47 48 123 47 46 0.015625
47 48 127 47 46 0.015625
47 48 135 47 49 0.015625
47 48 136 47 49 0.015625
47 48 137 47 49 0.015625
47 48 138 47 49 0.015625
47 48 145 47 51 0.015625
47 48 146 47 51 0.015625
47 48 149 47 51 0.015625
47 48 151 47 51 0.015625
47 48 155 47 53 0.015625
47 48 156 47 53 0.015625
47 48 157 47 53 0.015625
47 48 158 47 53 0.015625
47 48 159 47 53 0.015625
47 48 165 47 54 0.015625
47 48 166 47 58 0.015625
47 48 171 47 58 0.015625
47 48 173 47 58 0.03125
47 48 177 47 59 0.015625
47 48 181 47 59 0.03125
47 48 182 47 59 0.015625
47 48 183 47 65 0.015625
47 48 198 47 68 0.015625
47 48 199 47 68 0.03125
47 48 200 47 68 0.015625
47 48 201 47 76 0.015625
47 48 205 47 76 0.015625
47 48 209 47 76 0.015625
47 48 210 47 76 0.015625
47 48 215 47 78 0.015625
47 48 217 47 78 0.015625
48 49 0 48 49 0.0625
48 49 4 48 22 0.015625
48 49 5 48 26 0.015625
48 49 8 48 39 0.03125
48 49 9 48 40 0.015625
48 49 10 48 55 0.078125
48 49 11 48 64 0.046875
48 49 16 48 3 0.015625
48 49 17 48 3 0.015625
48 49 18 48 3 0.015625
48 49 23 48 5 0.015625
48 49 24 48 5 0.015625
48 49 25 48 5 0.015625
48 49 26 48 5 0.015625
48 49 27 48 5 0.015625
48 49 88 48 18 0.015625
48 49 103 48 22 0.015625
48 49 104 48 22 0.015625
48 49 105 48 22 0.015625
48 49 106 48 22 0.015625
48 49 111 48 25 0.015625
48 49 112 48 25 0.015625
48 49 119 48 26 0.015625
48 49 120 48 26 0.015625
48 49 155 48 32 0.015625
48 49 156 48 32 0.015625
48 49 159 48 39 0.015625
48 49 161 48 39 0.015625
48 49 162 48 39 0.015625
48 49 163 48 39 0.015625
48 49 164 48 39 0.015625
48 49 174 48 46 0.015625
48 49 175 48 46 0.015625
48 49 177 48 46 0.015625
48 49 178 48 46 0.015625
48 49 209 48 55 0.015625
48 49 210 48 55 0.015625
48 49 214 48 64 0.015625
48 49 217 48 64 0.046875
48 49 218 48 64 0.03125
48 49 219 48 64 0.015625
48 49 222 48 65 0.015625
48 49 224 48 65 0.046875
48 49 225 48 65 0.03125
48 49 230 48 69 0.015625
48 49 231 48 69 0.015625
48 49 232 48 69 0.015625
48 49 233 48 69 0.015625
49 50 2 49 26 0.015625
49 50 3 49 47 0.046875
49 50 4 49 61 0.0625
49 50 5 49 66 0.046875
49 50 65 49 22 0.015625
49 50 79 49 26 0.015625
49 50 80 49 26 0.015625
49 50 99 49 39 0.015625
49 50 100 49 39 0.015625
49 50 101 49 39 0.015625
49 50 102 49 39 0.015625
49 50 110 49 47 0.015625
49 50 115 49 47 0.015625
49 50 116 49 47 0.015625
49 50 128 49 55 0.015625
49 50 130 49 55 0.015625
49 50 131 49 55 0.015625
49 50 132 49 55 0.015625
49 50 133 49 55 0.015625
49 50 134 49 55 0.03125
49 50 137 49 56 0.015625
49 50 138 49 56 0.015625
49 50 143 49 57 0.015625
49 50 144 49 57 0.015625
49 50 145 49 57 0.015625
49 50 149 49 58 0.015625
49 50 152 49 58 0.015625
49 50 153 49 58 0.015625
49 50 154 49 58 0.015625
49 50 155 49 58 0.015625
49 50 160 49 61 0.015625
49 50 161 49 61 0.015625
49 50 162 49 61 0.015625
49 50 164 49 62 0.015625
49 50 168 49 62 0.015625
49 50 172 49 64 0.015625
49 50 173 49 64 0.015625
49 50 174 49 64 0.015625
49 50 179 49 66 0.015625
49 50 182 49 71 0.015625
49 50 185 49 71 0.015625
49 50 188 49 71 0.015625
49 50 190 49 71 0.03125
49 50 191 49 71 0.015625
49 50 192 49 71 0.03125
49 50 198 49 74 0.015625
49 50 199 49 74 0.015625
49 50 200 49 74 0.015625
49 50 201 49 74 0.015625
49 50 206 49 75 0.015625
49 50 207 49 75 0.015625
49 50 208 49 75 0.015625
49 50 209 49 75 0.015625
49 50 210 49 75 0.015625
50 31 0 50 4 0.015625
50 31 1 50 24 0.015625
50 31 2 50 34 0.015625
50 31 3 50 41 0.015625
50 31 4 50 47 0.015625
50 31 5 50 66 0.015625
50 31 6 50 79 0.03125
50 31 7 50 1 0.015625
50 31 15 50 3 0.015625
50 31 16 50 3 0.015625
50 31 20 50 3 0.015625
50 31 22 50 3 0.015625
50 31 23 50 3 0.015625
50 31 24 50 4 0.015625
50 31 92 50 26 0.015625
50 31 93 50 26 0.015625
50 31 94 50 26 0.015625
50 31 95 50 26 0.015625
50 31 96 50 26 0.015625
50 31 97 50 26 0.015625
50 31 114 50 35 0.015625
50 31 115 50 35 0.015625
50 31 117 50 35 0.015625
50 31 118 50 35 0.015625
50 31 119 50 35 0.015625
50 31 120 50 35 0.015625
50 31 121 50 35 0.015625
50 31 132 50 41 0.015625
50 31 136 50 44 0.015625
50 31 137 50 44 0.015625
50 31 141 50 44 0.015625
50 31 142 50 44 0.015625
50 31 143 50 44 0.015625
50 31 144 50 45 0.015625
50 31 150 50 45 0.015625
50 31 151 50 45 0.015625
50 31 152 50 45 0.015625
50 31 153 50 45 0.015625
50 31 159 50 47 0.015625
50 31 162 50 61 0.015625
50 31 163 50 61 0.015625
50 31 164 50 61 0.015625
50 31 173 50 66 0.015625
50 31 178 50 66 0.015625
50 31 179 50 66 0.015625
50 31 180 50 66 0.015625
50 31 181 50 66 0.015625
50 31 182 50 66 0.015625
50 31 186 50 67 0.015625
50 31 188 50 67 0.015625
50 31 189 50 67 0.015625
50 31 190 50 67 0.015625
50 31 191 50 67 0.015625
50 31 192 50 67 0.015625
50 31 193 50 67 0.015625
50 31 194 50 68 0.015625
50 31 195 50 68 0.015625
50 31 200 50 68 0.015625
50 31 201 50 68 0.015625
50 31 202 50 68 0.015625
50 31 204 50 79 0.015625
50 31 205 50 79 0.015625
50 31 206 50 79 0.015625
