11_125_1000_640_0_0 160 480 1.18532 0.0806944 0.529206 11.1847 748.903 2.72858
11_125_1000_640_0_0 160 480 320 461323 16029364500 34746.5 1441.63 5.00918e+07 4.49571e+08
11_125_1000_640_1_1 160 480 1.18532 0.0806944 0.529206 11.1847 748.903 2.72858
11_125_1000_640_1_1 160 480 320 461323 16029364500 34746.5 1441.63 5.00918e+07 4.49571e+08
11_125_1000_640_2_2 160 480 1.13934 0.0815051 0.574106 12.3305 726.676 3.26306
11_125_1000_640_2_2 160 480 320 461594 16069684500 34813.5 1442.48 5.02178e+07 4.90423e+08
11_125_1000_640_3_3 160 480 1.12419 0.0818728 0.555834 12.4283 708.625 3.14768
11_125_1000_640_3_3 160 480 320 461664 16183768500 35055.3 1442.7 5.05743e+07 4.57919e+08
11_125_1000_640_4_4 160 480 0.739092 0.0819842 0.53612 10.2653 829.494 2.60847
11_125_1000_640_4_4 160 480 320 461268 16211829000 35146.2 1441.46 5.0662e+07 3.88164e+08
11_125_1000_640_5_5 160 480 0.752412 0.0817738 0.532607 10.0023 1089.32 2.47728
11_125_1000_640_5_5 160 480 320 461496 16124677500 34940 1442.17 5.03896e+07 3.53035e+08
11_125_1000_640_6_6 160 480 0.881407 0.081823 0.571658 11.378 722.049 3.05027
11_125_1000_640_6_6 160 480 320 461231 16160293500 35037.3 1441.35 5.05009e+07 5.07872e+08
11_125_1000_640_7_7 160 480 0.935825 0.0819757 0.534785 10.4083 689.087 2.57394
11_125_1000_640_7_7 160 480 320 460571 16046854500 34841.2 1439.28 5.01464e+07 4.38028e+08
11_125_1000_640_8_8 160 480 0.86517 0.0826445 0.550031 10.6843 697.154 2.84229
11_125_1000_640_8_8 160 480 320 460175 16161117000 35119.5 1438.05 5.05035e+07 3.85623e+08
11_125_1000_640_9_9 160 480 0.784698 0.0811882 0.530767 10.2788 747.486 2.57066
11_125_1000_640_9_9 160 480 320 460945 16037697000 34793.1 1440.45 5.01178e+07 3.8551e+08
