5_125_1000_100_0_0 25 75 0.576627 0.230274 1.27076 9.86667 101.323 4.49456
5_125_1000_100_0_0 25 75 50 847475 29813473500 35179.2 16949.5 596269470 4.30781e+09
5_125_1000_100_1_1 25 75 0.576627 0.230274 1.27076 9.86667 101.323 4.49456
5_125_1000_100_1_1 25 75 50 847475 29813473500 35179.2 16949.5 596269470 4.30781e+09
5_125_1000_100_2_2 25 75 0.56775 0.230464 1.24244 9.71061 100.024 4.37409
5_125_1000_100_2_2 25 75 50 847017 29675934000 35035.8 16940.3 593518680 4.27128e+09
5_125_1000_100_3_3 25 75 0.573281 0.230078 1.24956 9.84183 113.989 4.47673
5_125_1000_100_3_3 25 75 50 847688 29900737500 35273.3 16953.8 598014750 4.43962e+09
5_125_1000_100_4_4 25 75 0.578875 0.232294 1.28601 9.91003 109.886 4.56609
5_125_1000_100_4_4 25 75 50 847589 29754085500 35104.4 16951.8 595081710 4.24812e+09
5_125_1000_100_5_5 25 75 0.573725 0.230276 1.25378 9.80763 170.006 4.47151
5_125_1000_100_5_5 25 75 50 847041 29631964500 34982.9 16940.8 592639290 4.27181e+09
5_125_1000_100_6_6 25 75 0.578016 0.232617 1.28033 9.85463 109.891 4.50142
5_125_1000_100_6_6 25 75 50 846680 29758746000 35147.6 16933.6 595174920 4.33591e+09
5_125_1000_100_7_7 25 75 0.577854 0.231341 1.26729 9.86661 102.427 4.49218
5_125_1000_100_7_7 25 75 50 846543 29785227000 35184.5 16930.9 595704540 4.39296e+09
5_125_1000_100_8_8 25 75 0.565975 0.23014 1.23651 9.76005 84.4647 4.37793
5_125_1000_100_8_8 25 75 50 846465 29420845500 34757.3 16929.3 588416910 4.12219e+09
5_125_1000_100_9_9 25 75 0.571358 0.231856 1.23907 9.7326 200.035 4.38301
5_125_1000_100_9_9 25 75 50 846853 29756677500 35137.9 16937.1 595133550 4.20943e+09
