15 72 1 15 1 0.140625
15 72 4 15 33 0.140625
15 72 7 15 11 0.140625
15 72 8 15 13 0.125
15 72 9 15 17 0.125
15 72 14 15 28 0.125
15 72 15 15 19 0.03125
15 72 16 15 46 0.140625
15 72 24 15 64 0.03125
15 73 0 15 9 0.0625
15 73 4 15 43 0.03125
15 73 5 15 64 0.03125
15 73 7 15 35 0.0625
15 73 8 15 24 0.0625
15 73 9 15 41 0.0625
15 73 10 15 71 0.0625
15 73 11 15 72 0.0625
15 73 12 15 19 0.03125
15 73 13 15 69 0.0625
15 73 15 15 62 0.0625
15 73 16 15 78 0.0625
15 73 18 15 49 0.0625
15 73 19 15 76 0.0625
15 73 20 15 3 0.03125
15 73 21 15 10 0.0625
15 73 22 15 32 0.0625
15 73 23 15 79 0.0625
16 72 10 16 18 0.09375
16 72 11 16 48 0.09375
16 72 12 16 27 0.09375
16 72 14 16 44 0.09375
16 72 15 16 7 0.078125
16 72 17 16 22 0.109375
16 72 18 16 70 0.09375
16 72 20 16 34 0.078125
16 72 21 16 55 0.09375
16 72 22 16 9 0.09375
16 72 23 16 5 0.078125
16 73 0 16 5 0.03125
16 73 1 16 7 0.03125
16 73 9 16 50 0.125
16 73 10 16 61 0.125
16 73 11 16 24 0.125
16 73 14 16 68 0.125
16 73 16 16 34 0.03125
16 73 17 16 35 0.109375
16 73 19 16 46 0.125
16 73 21 16 79 0.046875
16 73 24 16 25 0.125
