7_875_1000_1000_0_0 250 750 0.576973 0.112921 2.39229 10.0964 92.1129 5.97555
7_875_1000_1000_0_0 250 750 500 366610 12592579500 34348.7 733.22 25185159 1.72392e+08
7_875_1000_1000_1_1 250 750 0.576973 0.112921 2.39229 10.0964 92.1129 5.97555
7_875_1000_1000_1_1 250 750 500 366610 12592579500 34348.7 733.22 25185159 1.72392e+08
7_875_1000_1000_2_2 250 750 0.594209 0.113855 2.77973 10.2737 72.4484 6.36954
7_875_1000_1000_2_2 250 750 500 365664 12755196000 34882.3 731.328 25510392 1.79798e+08
7_875_1000_1000_3_3 250 750 0.553349 0.112762 2.28834 10.053 61.9588 5.7868
7_875_1000_1000_3_3 250 750 500 365985 12131824500 33148.4 731.97 24263649 1.46786e+08
7_875_1000_1000_4_4 250 750 0.589877 0.11374 2.53016 10.2662 97.065 6.23565
7_875_1000_1000_4_4 250 750 500 365446 12892138500 35277.8 730.892 25784277 1.83344e+08
7_875_1000_1000_5_5 250 750 0.599842 0.113102 2.67733 10.4481 988.702 6.38649
7_875_1000_1000_5_5 250 750 500 365212 12927750000 35397.9 730.424 25855500 1.79829e+08
7_875_1000_1000_6_6 250 750 0.574011 0.112762 2.42825 10.0998 109.447 6.01394
7_875_1000_1000_6_6 250 750 500 365291 12359418000 33834.4 730.582 24718836 1.69792e+08
7_875_1000_1000_7_7 250 750 0.599107 0.112762 2.67386 10.2796 348.533 6.30334
7_875_1000_1000_7_7 250 750 500 366094 12488914500 34114 732.188 24977829 1.78139e+08
7_875_1000_1000_8_8 250 750 0.556349 0.112887 2.26717 10.0272 106.913 5.77374
7_875_1000_1000_8_8 250 750 500 366866 12395928000 33788.7 733.732 24791856 1.43991e+08
7_875_1000_1000_9_9 250 750 0.572677 0.112762 2.48529 10.1432 127.643 6.01488
7_875_1000_1000_9_9 250 750 500 364973 12353101500 33846.6 729.946 24706203 1.6031e+08
