15_75_100_640_0_0 160 480 0.497092 0.122861 0.596134 9.63668 559.372 2.82083
15_75_100_640_0_0 160 480 320 653802 22859979000 34964.7 2043.13 7.14374e+07 4.50796e+08
15_75_100_640_1_1 160 480 0.497092 0.122861 0.596134 9.63668 559.372 2.82083
15_75_100_640_1_1 160 480 320 653802 22859979000 34964.7 2043.13 7.14374e+07 4.50796e+08
15_75_100_640_2_2 160 480 0.695263 0.122128 0.582743 9.78529 724.002 2.748
15_75_100_640_2_2 160 480 320 653632 22849468500 34957.7 2042.6 7.14046e+07 5.39343e+08
15_75_100_640_3_3 160 480 0.708508 0.124111 0.598943 9.92936 658.741 2.91958
15_75_100_640_3_3 160 480 320 653479 22929850500 35088.9 2042.12 7.16558e+07 5.32813e+08
15_75_100_640_4_4 160 480 0.64311 0.122947 0.592676 9.70956 697.69 2.82003
15_75_100_640_4_4 160 480 320 653339 22971925500 35160.8 2041.68 7.17873e+07 4.87241e+08
15_75_100_640_5_5 160 480 0.60966 0.122078 0.595508 9.67086 680.26 2.84467
15_75_100_640_5_5 160 480 320 653496 22776145500 34852.8 2042.17 7.11755e+07 4.68861e+08
15_75_100_640_6_6 160 480 0.548159 0.121324 0.580038 9.54912 723.922 2.71015
15_75_100_640_6_6 160 480 320 652956 22797717000 34914.6 2040.49 7.12429e+07 4.66811e+08
15_75_100_640_7_7 160 480 0.738683 0.122259 0.596619 10.2283 671.676 2.99845
15_75_100_640_7_7 160 480 320 652584 22761216000 34878.6 2039.33 71128800 6.34291e+08
15_75_100_640_8_8 160 480 0.813914 0.121649 0.591393 10.0139 1078.75 2.8897
15_75_100_640_8_8 160 480 320 652450 22810296000 34961 2038.91 71282175 6.18973e+08
15_75_100_640_9_9 160 480 0.648637 0.123211 0.595185 9.80138 648.928 2.83291
15_75_100_640_9_9 160 480 320 652886 22864986000 35021.4 2040.27 7.14531e+07 4.8237e+08
