1_1875_10000_240_0_0 60 180 0.559979 0.167727 0.836007 9.65816 530.057 3.46101
1_1875_10000_240_0_0 60 180 120 3809741 97849533000 25684 31747.8 815412775 1.76592e+09
1_1875_10000_240_1_1 60 180 0.559979 0.167727 0.836007 9.65816 530.057 3.46101
1_1875_10000_240_1_1 60 180 120 3809741 97849533000 25684 31747.8 815412775 1.76592e+09
1_1875_10000_240_2_2 60 180 0.585776 0.167821 0.845573 9.89171 508.245 3.60208
1_1875_10000_240_2_2 60 180 120 3810939 97839525000 25673.3 31757.8 815329375 1.82412e+09
1_1875_10000_240_3_3 60 180 0.581879 0.167773 0.844161 9.81616 515.619 3.56904
1_1875_10000_240_3_3 60 180 120 3810130 97837035000 25678.1 31751.1 815308625 1.81211e+09
1_1875_10000_240_4_4 60 180 0.589261 0.167645 0.85649 10.0208 515.468 3.70257
1_1875_10000_240_4_4 60 180 120 3811338 97781572500 25655.4 31761.2 8.14846e+08 1.78791e+09
1_1875_10000_240_5_5 60 180 0.571228 0.168039 0.846535 9.81006 507.768 3.5714
1_1875_10000_240_5_5 60 180 120 3811582 97866103500 25676 31763.2 8.15551e+08 1.78723e+09
1_1875_10000_240_6_6 60 180 0.58962 0.167796 0.845543 9.8503 462.987 3.56483
1_1875_10000_240_6_6 60 180 120 3810605 97938372000 25701.5 31755 816153100 1.83033e+09
1_1875_10000_240_7_7 60 180 0.576548 0.167755 0.848434 9.87735 488.021 3.6079
1_1875_10000_240_7_7 60 180 120 3809843 97793262000 25668.6 31748.7 814943850 1.81509e+09
1_1875_10000_240_8_8 60 180 0.585386 0.168368 0.862225 9.92871 478.726 3.7088
1_1875_10000_240_8_8 60 180 120 3810567 97875000000 25685.2 31754.7 815625000 1.80145e+09
1_1875_10000_240_9_9 60 180 0.589749 0.16838 0.85471 9.95033 488.267 3.64445
1_1875_10000_240_9_9 60 180 120 3811359 97887204000 25683 31761.3 815726700 1.79476e+09
