1_2_10_240_0_0 60 180 0.616189 0.172505 0.901563 10.2145 534.667 3.9385
1_2_10_240_0_0 60 180 120 3851371 98963838000 25695.7 32094.8 824698650 1.91217e+09
1_2_10_240_1_1 60 180 0.616189 0.172505 0.901563 10.2145 534.667 3.9385
1_2_10_240_1_1 60 180 120 3851371 98963838000 25695.7 32094.8 824698650 1.91217e+09
1_2_10_240_2_2 60 180 0.62149 0.172023 0.898302 10.1906 530.056 3.93256
1_2_10_240_2_2 60 180 120 3852312 98935312500 25682.1 32102.6 8.24461e+08 1.95129e+09
1_2_10_240_3_3 60 180 0.630756 0.172737 0.910365 10.2372 495.476 3.97768
1_2_10_240_3_3 60 180 120 3850330 98984002500 25707.9 32086.1 8.24867e+08 1.90715e+09
1_2_10_240_4_4 60 180 0.630923 0.172092 0.907203 10.2877 498.705 4.02481
1_2_10_240_4_4 60 180 120 3849936 98771635500 25655.4 32082.8 8.23097e+08 1.90941e+09
1_2_10_240_5_5 60 180 0.617913 0.172765 0.91584 10.2594 507.89 4.0122
1_2_10_240_5_5 60 180 120 3851031 98900779500 25681.6 32091.9 8.24173e+08 1.89606e+09
1_2_10_240_6_6 60 180 0.607216 0.171436 0.883924 10.0282 487.928 3.79062
1_2_10_240_6_6 60 180 120 3850141 98764986000 25652.3 32084.5 823041550 1.84538e+09
1_2_10_240_7_7 60 180 0.622701 0.172784 0.913283 10.2825 512.507 4.01641
1_2_10_240_7_7 60 180 120 3850126 98861505000 25677.5 32084.4 823845875 1.92438e+09
1_2_10_240_8_8 60 180 0.625082 0.172406 0.918094 10.2195 508.06 3.99627
1_2_10_240_8_8 60 180 120 3851215 98899071000 25680 32093.5 824158925 1.89415e+09
1_2_10_240_9_9 60 180 0.632281 0.172819 0.907445 10.2708 510.016 3.9814
1_2_10_240_9_9 60 180 120 3850606 98942932500 25695.4 32088.4 8.24524e+08 1.9016e+09
