2 4 0 2 24 0.015625
2 4 1 2 25 0.015625
2 4 2 2 26 0.015625
2 4 3 2 27 0.015625
2 4 4 2 28 0.015625
2 4 6 2 30 0.015625
2 4 7 2 73 0.015625
2 4 9 2 75 0.03125
2 4 10 2 76 0.015625
2 4 11 2 77 0.015625
2 4 13 2 79 0.015625
2 4 16 2 54 0.015625
2 4 17 2 55 0.015625
2 4 20 2 58 0.015625
2 4 21 2 18 0.015625
2 4 22 2 19 0.015625
2 4 23 2 20 0.03125
2 4 24 2 21 0.015625
2 4 26 2 23 0.03125
2 4 27 2 73 0.015625
2 4 29 2 21 0.015625
2 4 30 2 25 0.015625
2 4 32 2 25 0.015625
2 4 33 2 25 0.015625
2 4 34 2 27 0.015625
2 4 35 2 28 0.015625
2 4 36 2 29 0.015625
2 4 37 2 29 0.015625
2 4 38 2 30 0.015625
2 4 40 2 73 0.015625
2 4 41 2 76 0.015625
2 4 42 2 76 0.015625
2 4 44 2 77 0.015625
2 4 46 2 77 0.046875
2 4 48 2 78 0.015625
2 4 49 2 79 0.015625
2 4 50 2 79 0.03125
2 4 51 2 53 0.015625
2 4 53 2 54 0.015625
2 4 54 2 55 0.015625
2 4 56 2 56 0.015625
2 4 57 2 58 0.015625
2 4 60 2 18 0.015625
2 4 61 2 18 0.015625
2 4 62 2 18 0.015625
2 4 66 2 21 0.015625
2 4 67 2 21 0.015625
2 4 68 2 22 0.015625
2 4 71 2 27 0.015625
2 4 72 2 28 0.015625
2 4 73 2 29 0.015625
2 4 74 2 29 0.015625
2 4 75 2 76 0.015625
2 4 76 2 76 0.015625
2 4 77 2 76 0.015625
2 4 79 2 26 0.015625
2 4 81 2 75 0.015625
2 4 82 2 75 0.015625
2 20 0 2 20 0.015625
2 20 2 2 74 0.015625
2 20 3 2 75 0.015625
2 20 4 2 76 0.015625
2 20 5 2 77 0.015625
2 20 8 2 52 0.015625
2 20 14 2 58 0.015625
2 20 15 2 24 0.015625
2 20 23 2 26 0.015625
2 20 24 2 26 0.015625
2 20 34 2 29 0.015625
2 20 36 2 74 0.015625
2 20 38 2 76 0.015625
2 20 40 2 77 0.015625
2 20 44 2 79 0.015625
2 20 57 2 19 0.015625
2 20 62 2 22 0.015625
2 20 69 2 27 0.015625
2 20 71 2 30 0.015625
2 20 72 2 30 0.015625
2 20 77 2 76 0.015625
2 20 84 2 58 0.015625
2 20 86 2 19 0.015625
2 20 90 2 25 0.015625
2 20 93 2 27 0.015625
2 20 94 2 28 0.015625
2 20 96 2 29 0.015625
2 20 99 2 30 0.015625
2 20 102 2 74 0.015625
2 20 104 2 56 0.015625
2 20 110 2 18 0.015625
2 20 111 2 18 0.015625
2 20 112 2 19 0.015625
2 20 114 2 21 0.015625
2 20 115 2 21 0.015625
2 20 116 2 21 0.015625
2 20 117 2 22 0.015625
2 20 118 2 22 0.015625
2 20 119 2 22 0.015625
2 20 124 2 25 0.015625
2 20 126 2 26 0.015625
2 20 128 2 26 0.015625
2 20 129 2 26 0.015625
2 20 130 2 26 0.015625
2 20 131 2 27 0.03125
2 20 132 2 27 0.015625
2 20 133 2 27 0.015625
2 20 135 2 28 0.015625
2 20 136 2 30 0.015625
2 20 137 2 30 0.015625
2 20 138 2 30 0.015625
2 20 139 2 77 0.015625
2 20 140 2 53 0.015625
2 20 142 2 54 0.015625
2 20 143 2 56 0.015625
2 20 144 2 56 0.015625
2 20 150 2 25 0.015625
2 20 153 2 28 0.015625
2 20 155 2 29 0.015625
2 20 156 2 55 0.015625
2 20 159 2 22 0.015625
2 20 166 2 21 0.015625
2 20 168 2 21 0.015625
2 23 3 2 75 0.03125
2 23 14 2 58 0.015625
2 23 18 2 24 0.015625
2 23 23 2 26 0.015625
2 23 27 2 27 0.015625
2 23 29 2 28 0.015625
2 23 35 2 74 0.015625
2 23 36 2 74 0.015625
2 23 42 2 78 0.015625
2 23 55 2 19 0.015625
2 23 65 2 22 0.015625
2 23 69 2 25 0.015625
2 23 70 2 26 0.015625
2 23 72 2 30 0.015625
2 23 73 2 30 0.015625
2 23 75 2 74 0.015625
2 23 78 2 76 0.015625
2 23 81 2 77 0.015625
2 23 83 2 79 0.015625
2 23 88 2 53 0.015625
2 23 91 2 55 0.015625
2 23 97 2 19 0.015625
2 23 99 2 25 0.015625
2 23 102 2 27 0.015625
2 23 103 2 28 0.015625
2 23 105 2 28 0.015625
2 23 106 2 29 0.015625
2 23 109 2 30 0.015625
2 23 114 2 56 0.015625
2 23 116 2 58 0.015625
2 23 118 2 18 0.015625
2 23 119 2 18 0.015625
2 23 123 2 21 0.015625
2 23 125 2 22 0.015625
2 23 126 2 22 0.015625
2 23 128 2 25 0.015625
2 23 130 2 26 0.015625
2 23 131 2 26 0.015625
2 23 132 2 26 0.015625
2 23 133 2 26 0.015625
2 23 134 2 27 0.015625
2 23 135 2 27 0.03125
2 23 136 2 27 0.015625
2 23 138 2 30 0.015625
2 23 139 2 30 0.015625
2 23 141 2 77 0.015625
2 23 143 2 53 0.015625
2 23 144 2 54 0.015625
2 23 145 2 54 0.015625
2 23 146 2 56 0.015625
2 23 147 2 56 0.015625
2 23 150 2 18 0.015625
2 23 151 2 21 0.015625
2 23 152 2 21 0.015625
2 23 153 2 24 0.015625
2 23 154 2 25 0.015625
2 23 155 2 25 0.015625
2 23 156 2 28 0.015625
2 23 157 2 28 0.015625
2 23 158 2 29 0.015625
2 23 165 2 24 0.015625
2 23 170 2 21 0.015625
2 35 0 2 24 0.015625
2 35 2 2 26 0.015625
2 35 3 2 27 0.015625
2 35 4 2 28 0.015625
2 35 12 2 57 0.015625
2 35 13 2 58 0.015625
2 35 18 2 27 0.015625
2 35 19 2 28 0.015625
2 35 21 2 29 0.015625
2 35 22 2 30 0.015625
2 35 24 2 58 0.015625
2 35 26 2 18 0.015625
2 35 32 2 21 0.015625
2 35 34 2 24 0.015625
2 35 35 2 25 0.015625
2 35 37 2 25 0.015625
2 35 40 2 26 0.015625
2 35 42 2 27 0.015625
2 35 43 2 27 0.015625
2 35 50 2 77 0.015625
2 35 52 2 78 0.015625
2 35 59 2 53 0.015625
2 35 60 2 53 0.015625
2 35 64 2 56 0.015625
2 35 69 2 18 0.015625
2 35 73 2 21 0.015625
2 35 74 2 21 0.015625
2 35 76 2 22 0.015625
2 35 80 2 24 0.015625
2 35 81 2 25 0.015625
2 35 82 2 25 0.015625
2 35 85 2 30 0.015625
2 35 86 2 73 0.015625
2 35 89 2 74 0.015625
2 35 97 2 76 0.015625
2 35 99 2 77 0.015625
2 35 102 2 78 0.015625
2 35 105 2 78 0.015625
2 35 107 2 79 0.015625
2 35 109 2 79 0.015625
2 35 111 2 18 0.015625
2 35 112 2 18 0.015625
2 35 113 2 18 0.015625
2 35 114 2 18 0.015625
2 35 118 2 19 0.015625
2 35 124 2 21 0.015625
2 35 125 2 22 0.015625
2 35 126 2 22 0.015625
2 35 127 2 22 0.015625
2 35 131 2 29 0.015625
2 35 133 2 73 0.015625
2 35 135 2 74 0.015625
2 35 142 2 76 0.015625
2 35 144 2 77 0.015625
2 35 157 2 56 0.015625
2 35 160 2 18 0.015625
2 35 161 2 18 0.015625
2 35 167 2 22 0.015625
2 35 170 2 29 0.015625
2 35 176 2 78 0.015625
2 35 178 2 53 0.015625
2 35 182 2 21 0.015625
2 35 184 2 21 0.015625
2 35 185 2 22 0.015625
3 4 0 3 24 0.015625
3 4 1 3 25 0.015625
3 4 2 3 26 0.015625
3 4 3 3 27 0.015625
3 4 4 3 28 0.015625
3 4 6 3 30 0.015625
3 4 7 3 73 0.015625
3 4 9 3 75 0.046875
3 4 10 3 76 0.015625
3 4 11 3 77 0.015625
3 4 16 3 54 0.015625
3 4 17 3 55 0.015625
3 4 18 3 56 0.015625
3 4 20 3 58 0.015625
3 4 22 3 19 0.015625
3 4 23 3 20 0.015625
3 4 24 3 21 0.015625
3 4 25 3 22 0.015625
3 4 26 3 23 0.015625
3 4 28 3 24 0.015625
3 4 29 3 24 0.015625
3 4 30 3 25 0.015625
3 4 32 3 26 0.015625
3 4 33 3 26 0.015625
3 4 34 3 28 0.015625
3 4 35 3 28 0.015625
3 4 36 3 30 0.015625
3 4 37 3 30 0.015625
3 4 38 3 30 0.015625
3 4 39 3 73 0.015625
3 4 40 3 73 0.015625
3 4 41 3 76 0.015625
3 4 42 3 77 0.015625
3 4 44 3 77 0.09375
3 4 45 3 77 0.015625
3 4 46 3 77 0.03125
3 4 48 3 79 0.015625
3 4 49 3 79 0.015625
3 4 51 3 53 0.015625
3 4 52 3 54 0.015625
3 4 53 3 54 0.015625
3 4 54 3 55 0.015625
3 4 56 3 56 0.015625
3 4 57 3 18 0.015625
3 4 58 3 18 0.015625
3 4 64 3 22 0.015625
3 4 68 3 27 0.015625
3 4 71 3 75 0.015625
3 4 72 3 76 0.015625
3 4 73 3 52 0.015625
3 4 75 3 58 0.015625
3 4 77 3 26 0.015625
3 4 78 3 75 0.015625
3 4 79 3 78 0.015625
3 4 80 3 58 0.015625
3 4 82 3 73 0.015625
3 20 2 3 74 0.015625
3 20 3 3 75 0.015625
3 20 4 3 76 0.015625
3 20 5 3 77 0.015625
3 20 14 3 58 0.015625
3 20 15 3 24 0.015625
3 20 23 3 26 0.015625
3 20 24 3 26 0.015625
3 20 28 3 27 0.015625
3 20 34 3 29 0.015625
3 20 36 3 73 0.015625
3 20 38 3 74 0.015625
3 20 39 3 74 0.015625
3 20 42 3 77 0.015625
3 20 50 3 58 0.015625
3 20 57 3 19 0.015625
3 20 61 3 22 0.015625
3 20 69 3 27 0.015625
3 20 70 3 27 0.015625
3 20 71 3 30 0.015625
3 20 75 3 74 0.015625
3 20 82 3 56 0.015625
3 20 84 3 58 0.015625
3 20 92 3 30 0.015625
3 20 94 3 30 0.015625
3 20 95 3 74 0.015625
3 20 96 3 77 0.015625
3 20 99 3 56 0.015625
3 20 103 3 18 0.015625
3 20 104 3 19 0.015625
3 20 106 3 21 0.015625
3 20 107 3 22 0.015625
3 20 108 3 22 0.015625
3 20 109 3 22 0.015625
3 20 110 3 22 0.015625
3 20 114 3 24 0.015625
3 20 116 3 25 0.015625
3 20 117 3 26 0.015625
3 20 119 3 26 0.015625
3 20 120 3 26 0.015625
3 20 122 3 26 0.015625
3 20 123 3 27 0.03125
3 20 124 3 27 0.015625
3 20 125 3 28 0.015625
3 20 126 3 28 0.015625
3 20 127 3 28 0.015625
3 20 128 3 28 0.015625
3 20 131 3 79 0.015625
3 20 132 3 52 0.015625
3 20 133 3 53 0.015625
3 20 135 3 56 0.015625
3 20 139 3 21 0.015625
3 20 140 3 21 0.015625
3 20 142 3 25 0.015625
3 20 145 3 28 0.015625
3 20 147 3 30 0.015625
3 20 148 3 55 0.015625
3 20 149 3 58 0.015625
3 20 151 3 19 0.015625
3 20 152 3 22 0.015625
3 20 157 3 57 0.015625
3 20 158 3 18 0.015625
3 20 160 3 21 0.015625
3 23 2 3 74 0.015625
3 23 3 3 75 0.015625
3 23 14 3 58 0.015625
3 23 18 3 24 0.015625
3 23 23 3 26 0.015625
3 23 28 3 27 0.015625
3 23 29 3 28 0.015625
3 23 36 3 74 0.015625
3 23 38 3 74 0.015625
3 23 57 3 19 0.015625
3 23 64 3 21 0.015625
3 23 65 3 22 0.015625
3 23 70 3 26 0.015625
3 23 71 3 28 0.015625
3 23 72 3 30 0.015625
3 23 76 3 74 0.015625
3 23 78 3 76 0.015625
3 23 86 3 54 0.015625
3 23 96 3 26 0.015625
3 23 99 3 30 0.015625
3 23 101 3 30 0.015625
3 23 103 3 77 0.015625
3 23 106 3 56 0.015625
3 23 108 3 18 0.015625
3 23 109 3 18 0.015625
3 23 110 3 19 0.015625
3 23 113 3 21 0.015625
3 23 114 3 22 0.015625
3 23 115 3 22 0.015625
3 23 116 3 22 0.015625
3 23 117 3 24 0.015625
3 23 119 3 25 0.015625
3 23 120 3 26 0.015625
3 23 122 3 26 0.015625
3 23 123 3 26 0.015625
3 23 124 3 26 0.015625
3 23 125 3 27 0.015625
3 23 126 3 27 0.015625
3 23 128 3 28 0.015625
3 23 129 3 28 0.015625
3 23 130 3 30 0.015625
3 23 133 3 79 0.015625
3 23 134 3 53 0.015625
3 23 135 3 54 0.015625
3 23 136 3 56 0.015625
3 23 137 3 58 0.015625
3 23 138 3 58 0.015625
3 23 139 3 58 0.015625
3 23 141 3 21 0.015625
3 23 142 3 21 0.015625
3 23 143 3 24 0.015625
3 23 144 3 25 0.015625
3 23 145 3 25 0.015625
3 23 146 3 28 0.015625
3 23 147 3 29 0.015625
3 23 150 3 52 0.015625
3 23 152 3 58 0.015625
3 23 154 3 19 0.015625
3 23 156 3 24 0.015625
3 23 157 3 75 0.015625
3 23 158 3 57 0.015625
3 23 159 3 18 0.015625
3 23 161 3 21 0.015625
3 23 162 3 21 0.015625
3 35 0 3 24 0.015625
3 35 2 3 26 0.015625
3 35 12 3 57 0.015625
3 35 13 3 58 0.015625
3 35 14 3 24 0.015625
3 35 19 3 25 0.015625
3 35 20 3 26 0.015625
3 35 24 3 30 0.015625
3 35 28 3 18 0.015625
3 35 34 3 21 0.015625
3 35 36 3 24 0.015625
3 35 37 3 25 0.015625
3 35 40 3 26 0.015625
3 35 42 3 26 0.015625
3 35 43 3 27 0.015625
3 35 48 3 77 0.015625
3 35 54 3 79 0.015625
3 35 58 3 52 0.015625
3 35 61 3 53 0.015625
3 35 64 3 54 0.015625
3 35 67 3 56 0.015625
3 35 71 3 18 0.015625
3 35 72 3 19 0.015625
3 35 76 3 21 0.015625
3 35 77 3 22 0.015625
3 35 81 3 24 0.015625
3 35 82 3 25 0.015625
3 35 91 3 74 0.015625
3 35 94 3 75 0.015625
3 35 99 3 77 0.015625
3 35 100 3 77 0.015625
3 35 102 3 78 0.015625
3 35 104 3 78 0.015625
3 35 107 3 78 0.015625
3 35 108 3 79 0.015625
3 35 109 3 79 0.015625
3 35 111 3 79 0.015625
3 35 112 3 18 0.015625
3 35 113 3 18 0.015625
3 35 114 3 18 0.015625
3 35 115 3 18 0.015625
3 35 119 3 19 0.015625
3 35 124 3 21 0.015625
3 35 125 3 22 0.015625
3 35 126 3 22 0.015625
3 35 127 3 22 0.015625
3 35 128 3 22 0.015625
3 35 134 3 28 0.015625
3 35 137 3 74 0.015625
3 35 138 3 74 0.015625
3 35 145 3 76 0.015625
3 35 156 3 56 0.015625
3 35 162 3 18 0.015625
3 35 163 3 18 0.015625
3 35 169 3 22 0.015625
3 35 172 3 24 0.015625
3 35 176 3 75 0.015625
3 35 177 3 76 0.015625
3 35 179 3 77 0.015625
3 35 180 3 78 0.015625
3 35 181 3 79 0.015625
3 35 183 3 53 0.015625
3 35 185 3 58 0.015625
3 35 188 3 21 0.015625
6 4 0 6 59 0.015625
6 4 2 6 59 0.015625
6 4 10 6 64 0.015625
6 4 13 6 65 0.015625
6 4 14 6 65 0.015625
6 4 15 6 31 0.015625
6 4 16 6 31 0.015625
6 4 26 6 33 0.015625
6 4 29 6 34 0.015625
6 4 36 6 36 0.015625
6 4 38 6 36 0.015625
6 4 39 6 36 0.015625
6 4 43 6 37 0.015625
6 4 44 6 37 0.015625
6 4 46 6 37 0.015625
6 4 49 6 59 0.015625
6 4 57 6 33 0.015625
6 4 62 6 67 0.015625
6 4 65 6 68 0.015625
6 4 67 6 69 0.015625
6 4 68 6 69 0.015625
6 4 71 6 69 0.015625
6 4 73 6 69 0.015625
6 4 74 6 69 0.015625
6 4 76 6 70 0.015625
6 4 79 6 70 0.015625
6 4 83 6 72 0.015625
6 4 84 6 72 0.015625
6 4 94 6 17 0.015625
6 4 96 6 59 0.015625
6 4 99 6 59 0.015625
6 4 101 6 61 0.015625
6 4 103 6 62 0.015625
6 4 104 6 62 0.015625
6 4 105 6 63 0.015625
6 4 109 6 65 0.015625
6 4 110 6 31 0.015625
6 4 115 6 33 0.015625
6 4 116 6 33 0.015625
6 4 120 6 34 0.015625
6 4 125 6 36 0.015625
6 4 126 6 36 0.015625
6 4 127 6 36 0.015625
6 4 131 6 67 0.015625
6 4 132 6 67 0.015625
6 4 136 6 71 0.015625
6 4 138 6 72 0.015625
6 4 141 6 12 0.015625
6 4 150 6 17 0.015625
6 4 157 6 64 0.015625
6 4 158 6 64 0.015625
6 4 160 6 34 0.015625
6 4 167 6 70 0.015625
6 4 170 6 12 0.015625
6 4 173 6 12 0.015625
6 4 176 6 14 0.015625
6 4 178 6 16 0.015625
6 4 179 6 17 0.015625
6 4 182 6 60 0.015625
6 4 186 6 63 0.015625
6 4 187 6 63 0.015625
6 4 193 6 67 0.015625
6 4 196 6 14 0.015625
6 4 198 6 32 0.015625
6 20 1 6 32 0.015625
6 20 2 6 33 0.015625
6 20 5 6 34 0.015625
6 20 7 6 34 0.015625
6 20 12 6 36 0.015625
6 20 13 6 36 0.015625
6 20 16 6 37 0.015625
6 20 17 6 37 0.015625
6 20 18 6 37 0.015625
6 20 23 6 69 0.015625
6 20 24 6 69 0.015625
6 20 25 6 70 0.015625
6 20 30 6 72 0.015625
6 20 32 6 72 0.015625
6 20 36 6 59 0.015625
6 20 39 6 61 0.015625
6 20 44 6 63 0.015625
6 20 46 6 64 0.015625
6 20 47 6 64 0.015625
6 20 48 6 64 0.015625
6 20 51 6 65 0.015625
6 20 57 6 34 0.015625
6 20 64 6 36 0.015625
6 20 66 6 37 0.015625
6 20 72 6 70 0.015625
6 20 76 6 12 0.015625
6 20 78 6 13 0.015625
6 20 84 6 59 0.015625
6 20 90 6 61 0.015625
6 20 93 6 63 0.015625
6 20 95 6 64 0.015625
6 20 96 6 64 0.015625
6 20 98 6 65 0.015625
6 20 99 6 31 0.015625
6 20 101 6 31 0.015625
6 20 104 6 31 0.015625
6 20 105 6 32 0.015625
6 20 107 6 32 0.015625
6 20 108 6 33 0.015625
6 20 109 6 33 0.015625
6 20 111 6 33 0.015625
6 20 112 6 34 0.015625
6 20 118 6 36 0.015625
6 20 119 6 36 0.015625
6 20 121 6 37 0.015625
6 20 122 6 66 0.015625
6 20 125 6 67 0.015625
6 20 127 6 68 0.015625
6 20 139 6 12 0.015625
6 20 140 6 12 0.015625
6 20 153 6 17 0.015625
6 20 158 6 59 0.015625
6 20 163 6 63 0.015625
6 20 164 6 64 0.015625
6 20 166 6 34 0.015625
6 20 172 6 71 0.015625
6 20 174 6 12 0.015625
6 20 183 6 17 0.015625
6 20 185 6 60 0.015625
6 20 194 6 68 0.015625
6 20 195 6 71 0.015625
6 20 196 6 12 0.015625
6 20 198 6 13 0.015625
6 20 199 6 67 0.015625
6 23 3 6 33 0.015625
6 23 5 6 33 0.015625
6 23 9 6 34 0.015625
6 23 10 6 34 0.015625
6 23 11 6 34 0.015625
6 23 34 6 72 0.015625
6 23 35 6 59 0.015625
6 23 42 6 62 0.015625
6 23 47 6 63 0.015625
6 23 48 6 63 0.015625
6 23 51 6 64 0.015625
6 23 52 6 64 0.015625
6 23 56 6 65 0.015625
6 23 58 6 31 0.015625
6 23 59 6 33 0.015625
6 23 68 6 36 0.015625
6 23 69 6 36 0.015625
6 23 72 6 37 0.015625
6 23 73 6 37 0.015625
6 23 76 6 69 0.015625
6 23 77 6 69 0.015625
6 23 78 6 70 0.015625
6 23 79 6 70 0.015625
6 23 82 6 12 0.015625
6 23 89 6 59 0.015625
6 23 91 6 60 0.015625
6 23 92 6 60 0.015625
6 23 93 6 60 0.015625
6 23 95 6 61 0.015625
6 23 99 6 64 0.015625
6 23 100 6 64 0.015625
6 23 101 6 65 0.015625
6 23 102 6 65 0.015625
6 23 103 6 31 0.015625
6 23 104 6 31 0.015625
6 23 107 6 31 0.015625
6 23 108 6 32 0.015625
6 23 109 6 32 0.015625
6 23 110 6 33 0.015625
6 23 111 6 33 0.015625
6 23 112 6 33 0.015625
6 23 113 6 34 0.015625
6 23 118 6 36 0.015625
6 23 119 6 36 0.015625
6 23 121 6 66 0.015625
6 23 124 6 67 0.015625
6 23 125 6 68 0.015625
6 23 138 6 12 0.015625
6 23 150 6 17 0.015625
6 23 151 6 17 0.015625
6 23 153 6 17 0.015625
6 23 159 6 63 0.015625
6 23 160 6 64 0.015625
6 23 162 6 34 0.015625
6 23 165 6 36 0.015625
6 23 170 6 71 0.015625
6 23 177 6 16 0.015625
6 23 180 6 17 0.015625
6 23 188 6 31 0.015625
6 23 193 6 67 0.015625
6 23 195 6 71 0.015625
6 23 196 6 72 0.015625
6 23 197 6 12 0.015625
6 23 199 6 13 0.015625
6 35 1 6 59 0.015625
6 35 7 6 65 0.015625
6 35 8 6 59 0.015625
6 35 9 6 59 0.015625
6 35 11 6 61 0.015625
6 35 13 6 63 0.015625
6 35 14 6 64 0.015625
6 35 15 6 64 0.015625
6 35 16 6 65 0.015625
6 35 18 6 31 0.015625
6 35 22 6 31 0.015625
6 35 28 6 32 0.015625
6 35 29 6 32 0.015625
6 35 32 6 33 0.015625
6 35 40 6 34 0.015625
6 35 42 6 34 0.015625
6 35 43 6 34 0.015625
6 35 44 6 36 0.015625
6 35 45 6 36 0.015625
6 35 46 6 36 0.015625
6 35 49 6 36 0.015625
6 35 52 6 36 0.015625
6 35 54 6 36 0.015625
6 35 55 6 37 0.015625
6 35 61 6 37 0.015625
6 35 66 6 69 0.015625
6 35 69 6 71 0.015625
6 35 80 6 17 0.015625
6 35 82 6 59 0.015625
6 35 83 6 59 0.015625
6 35 89 6 34 0.015625
6 35 93 6 67 0.015625
6 35 98 6 12 0.015625
6 35 105 6 31 0.015625
6 35 108 6 33 0.015625
6 35 109 6 33 0.015625
6 35 110 6 34 0.015625
6 35 111 6 37 0.015625
6 35 112 6 37 0.015625
6 35 113 6 37 0.015625
6 35 117 6 67 0.015625
6 35 118 6 67 0.015625
6 35 121 6 68 0.015625
6 35 123 6 69 0.015625
6 35 124 6 69 0.015625
6 35 127 6 70 0.015625
6 35 129 6 70 0.015625
6 35 134 6 12 0.015625
6 35 145 6 33 0.015625
6 35 146 6 66 0.015625
6 35 153 6 71 0.015625
6 35 157 6 12 0.015625
6 35 159 6 13 0.015625
6 35 163 6 16 0.015625
6 35 169 6 17 0.015625
6 35 173 6 31 0.015625
6 35 179 6 68 0.015625
6 35 180 6 69 0.015625
6 35 182 6 69 0.015625
6 35 183 6 70 0.015625
6 35 188 6 13 0.015625
6 35 191 6 17 0.015625
6 35 192 6 59 0.015625
6 35 195 6 33 0.015625
12 4 15 12 38 0.015625
12 4 18 12 39 0.015625
12 4 21 12 42 0.015625
12 4 23 12 44 0.015625
12 4 25 12 59 0.015625
12 4 27 12 59 0.015625
12 4 29 12 61 0.015625
12 4 32 12 63 0.015625
12 4 37 12 6 0.015625
12 4 39 12 6 0.015625
12 4 45 12 8 0.015625
12 4 49 12 10 0.015625
12 4 50 12 10 0.015625
12 4 53 12 10 0.015625
12 4 58 12 11 0.015625
12 4 65 12 41 0.015625
12 4 66 12 41 0.015625
12 4 73 12 67 0.015625
12 4 74 12 67 0.015625
12 4 77 12 68 0.015625
12 4 79 12 69 0.015625
12 4 80 12 69 0.015625
12 4 88 12 72 0.015625
12 4 90 12 72 0.015625
12 4 91 12 59 0.015625
12 4 93 12 59 0.015625
12 4 94 12 59 0.015625
12 4 96 12 61 0.015625
12 4 106 12 10 0.015625
12 4 109 12 11 0.015625
12 4 110 12 38 0.015625
12 4 113 12 38 0.015625
12 4 114 12 38 0.015625
12 4 115 12 38 0.015625
12 4 122 12 42 0.015625
12 4 124 12 43 0.015625
12 4 125 12 43 0.015625
12 4 130 12 44 0.015625
12 4 132 12 66 0.015625
12 4 135 12 67 0.015625
12 4 136 12 69 0.015625
12 4 138 12 71 0.015625
12 4 139 12 71 0.015625
12 4 140 12 71 0.015625
12 4 142 12 71 0.015625
12 4 143 12 72 0.015625
12 4 150 12 64 0.015625
12 4 151 12 64 0.015625
12 4 158 12 11 0.015625
12 4 160 12 38 0.015625
12 4 165 12 67 0.015625
12 4 166 12 68 0.015625
12 4 167 12 68 0.015625
12 4 169 12 68 0.015625
12 4 170 12 69 0.015625
12 4 176 12 71 0.015625
12 4 179 12 60 0.015625
12 4 180 12 61 0.015625
12 4 182 12 63 0.015625
12 4 183 12 63 0.015625
12 4 184 12 63 0.015625
12 4 188 12 39 0.015625
12 4 189 12 39 0.015625
12 4 195 12 68 0.015625
12 20 1 12 38 0.015625
12 20 13 12 44 0.015625
12 20 17 12 67 0.015625
12 20 19 12 67 0.015625
12 20 24 12 70 0.015625
12 20 28 12 72 0.015625
12 20 29 12 72 0.015625
12 20 31 12 59 0.015625
12 20 35 12 59 0.015625
12 20 38 12 59 0.015625
12 20 39 12 60 0.015625
12 20 41 12 61 0.015625
12 20 43 12 61 0.015625
12 20 44 12 61 0.015625
12 20 48 12 63 0.015625
12 20 52 12 64 0.015625
12 20 54 12 65 0.015625
12 20 61 12 8 0.015625
12 20 62 12 8 0.015625
12 20 65 12 9 0.015625
12 20 66 12 10 0.015625
12 20 70 12 11 0.015625
12 20 71 12 11 0.015625
12 20 74 12 38 0.015625
12 20 87 12 60 0.015625
12 20 88 12 61 0.015625
12 20 93 12 64 0.015625
12 20 94 12 64 0.015625
12 20 96 12 6 0.015625
12 20 97 12 6 0.015625
12 20 98 12 7 0.015625
12 20 106 12 10 0.015625
12 20 108 12 11 0.015625
12 20 110 12 40 0.015625
12 20 111 12 41 0.015625
12 20 113 12 42 0.015625
12 20 118 12 66 0.015625
12 20 122 12 67 0.015625
12 20 123 12 67 0.015625
12 20 125 12 68 0.015625
12 20 127 12 68 0.015625
12 20 130 12 69 0.015625
12 20 143 12 61 0.015625
12 20 145 12 63 0.015625
12 20 147 12 64 0.015625
12 20 153 12 8 0.015625
12 20 154 12 10 0.015625
12 20 155 12 11 0.015625
12 20 156 12 11 0.015625
12 20 157 12 11 0.015625
12 20 161 12 39 0.015625
12 20 165 12 43 0.015625
12 20 168 12 44 0.015625
12 20 171 12 69 0.015625
12 20 177 12 60 0.015625
12 20 179 12 61 0.015625
12 20 183 12 63 0.015625
12 20 186 12 65 0.015625
12 20 187 12 7 0.015625
12 20 190 12 38 0.015625
12 20 191 12 39 0.015625
12 20 194 12 68 0.015625
12 20 196 12 71 0.015625
12 20 199 12 43 0.015625
12 23 0 12 38 0.015625
12 23 1 12 38 0.015625
12 23 11 12 44 0.015625
12 23 12 12 44 0.015625
12 23 13 12 44 0.015625
12 23 19 12 67 0.015625
12 23 20 12 67 0.015625
12 23 25 12 71 0.015625
12 23 26 12 71 0.015625
12 23 27 12 71 0.015625
12 23 30 12 72 0.015625
12 23 33 12 59 0.015625
12 23 34 12 59 0.015625
12 23 38 12 59 0.015625
12 23 43 12 61 0.015625
12 23 46 12 62 0.015625
12 23 48 12 63 0.015625
12 23 52 12 64 0.015625
12 23 55 12 65 0.015625
12 23 57 12 65 0.015625
12 23 60 12 6 0.015625
12 23 62 12 8 0.015625
12 23 63 12 8 0.015625
12 23 68 12 10 0.015625
12 23 71 12 10 0.015625
12 23 73 12 11 0.015625
12 23 82 12 44 0.015625
12 23 87 12 59 0.015625
12 23 88 12 60 0.015625
12 23 89 12 60 0.015625
12 23 90 12 61 0.015625
12 23 95 12 64 0.015625
12 23 96 12 64 0.015625
12 23 97 12 64 0.015625
12 23 99 12 6 0.015625
12 23 101 12 7 0.015625
12 23 108 12 10 0.015625
12 23 109 12 10 0.015625
12 23 116 12 40 0.015625
12 23 120 12 43 0.015625
12 23 123 12 66 0.015625
12 23 124 12 66 0.015625
12 23 129 12 68 0.015625
12 23 131 12 68 0.015625
12 23 134 12 69 0.015625
12 23 140 12 71 0.015625
12 23 147 12 63 0.015625
12 23 148 12 63 0.015625
12 23 149 12 64 0.015625
12 23 157 12 11 0.015625
12 23 158 12 11 0.015625
12 23 170 12 69 0.015625
12 23 173 12 71 0.015625
12 23 174 12 71 0.015625
12 23 177 12 61 0.015625
12 23 181 12 63 0.015625
12 23 184 12 65 0.015625
12 23 185 12 7 0.015625
12 23 188 12 38 0.015625
12 23 189 12 39 0.015625
12 23 195 12 68 0.015625
12 23 197 12 71 0.015625
12 23 198 12 72 0.015625
12 23 199 12 43 0.015625
12 35 0 12 59 0.015625
12 35 6 12 65 0.015625
12 35 12 12 11 0.015625
12 35 13 12 59 0.015625
12 35 14 12 59 0.015625
12 35 17 12 61 0.015625
12 35 20 12 64 0.015625
12 35 23 12 10 0.015625
12 35 32 12 71 0.015625
12 35 35 12 59 0.015625
12 35 37 12 59 0.015625
12 35 38 12 59 0.015625
12 35 39 12 60 0.015625
12 35 41 12 61 0.015625
12 35 42 12 61 0.015625
12 35 45 12 63 0.015625
12 35 47 12 65 0.015625
12 35 48 12 65 0.015625
12 35 52 12 6 0.015625
12 35 56 12 8 0.015625
12 35 57 12 9 0.015625
12 35 59 12 10 0.015625
12 35 62 12 11 0.015625
12 35 65 12 11 0.015625
12 35 69 12 39 0.015625
12 35 87 12 64 0.015625
12 35 89 12 38 0.015625
12 35 90 12 38 0.015625
12 35 99 12 41 0.015625
12 35 100 12 41 0.015625
12 35 107 12 42 0.015625
12 35 108 12 42 0.015625
12 35 110 12 43 0.015625
12 35 111 12 43 0.015625
12 35 116 12 44 0.015625
12 35 121 12 67 0.015625
12 35 122 12 67 0.015625
12 35 131 12 70 0.015625
12 35 133 12 71 0.015625
12 35 138 12 61 0.015625
12 35 139 12 64 0.015625
12 35 143 12 10 0.015625
12 35 144 12 10 0.015625
12 35 146 12 11 0.015625
12 35 147 12 38 0.015625
12 35 152 12 43 0.015625
12 35 155 12 43 0.015625
12 35 156 12 44 0.015625
12 35 158 12 44 0.015625
12 35 159 12 44 0.015625
12 35 160 12 44 0.015625
12 35 161 12 44 0.015625
12 35 163 12 66 0.015625
12 35 165 12 66 0.015625
12 35 167 12 68 0.015625
12 35 168 12 68 0.015625
12 35 173 12 71 0.015625
12 35 174 12 71 0.015625
12 35 176 12 72 0.015625
12 35 189 12 67 0.015625
12 35 192 12 68 0.015625
12 35 193 12 69 0.015625
12 35 195 12 71 0.015625
12 35 197 12 61 0.015625
17 4 7 17 61 0.015625
17 4 8 17 61 0.015625
17 4 18 17 38 0.015625
17 4 20 17 39 0.015625
17 4 22 17 42 0.015625
17 4 23 17 43 0.015625
17 4 25 17 44 0.015625
17 4 27 17 59 0.015625
17 4 28 17 59 0.015625
17 4 31 17 61 0.015625
17 4 33 17 63 0.015625
17 4 38 17 6 0.015625
17 4 39 17 6 0.015625
17 4 42 17 6 0.015625
17 4 43 17 6 0.015625
17 4 52 17 10 0.015625
17 4 59 17 11 0.015625
17 4 67 17 41 0.015625
17 4 75 17 67 0.015625
17 4 76 17 67 0.015625
17 4 79 17 68 0.015625
17 4 81 17 69 0.015625
17 4 82 17 69 0.015625
17 4 90 17 72 0.015625
17 4 91 17 72 0.015625
17 4 93 17 59 0.015625
17 4 95 17 60 0.015625
17 4 96 17 61 0.015625
17 4 98 17 62 0.015625
17 4 107 17 10 0.015625
17 4 113 17 38 0.015625
17 4 114 17 38 0.015625
17 4 123 17 44 0.015625
17 4 125 17 44 0.015625
17 4 127 17 66 0.015625
17 4 129 17 67 0.015625
17 4 130 17 67 0.015625
17 4 132 17 69 0.015625
17 4 134 17 71 0.015625
17 4 135 17 71 0.015625
17 4 136 17 71 0.015625
17 4 138 17 71 0.015625
17 4 139 17 72 0.015625
17 4 148 17 64 0.015625
17 4 150 17 6 0.015625
17 4 154 17 10 0.015625
17 4 156 17 11 0.015625
17 4 159 17 38 0.015625
17 4 164 17 67 0.015625
17 4 166 17 68 0.015625
17 4 167 17 68 0.015625
17 4 168 17 68 0.015625
17 4 170 17 68 0.015625
17 4 171 17 69 0.015625
17 4 175 17 71 0.015625
17 4 178 17 60 0.015625
17 4 180 17 61 0.015625
17 4 182 17 63 0.015625
17 4 183 17 63 0.015625
17 4 184 17 63 0.015625
17 4 185 17 6 0.015625
17 4 187 17 39 0.015625
17 4 188 17 39 0.015625
17 4 195 17 68 0.015625
17 20 1 17 38 0.015625
17 20 3 17 39 0.015625
17 20 14 17 44 0.015625
17 20 16 17 67 0.015625
17 20 20 17 68 0.015625
17 20 22 17 69 0.015625
17 20 23 17 69 0.015625
17 20 27 17 72 0.015625
17 20 29 17 72 0.015625
17 20 33 17 59 0.015625
17 20 34 17 59 0.015625
17 20 39 17 60 0.015625
17 20 43 17 61 0.015625
17 20 47 17 63 0.015625
17 20 48 17 63 0.015625
17 20 50 17 64 0.015625
17 20 52 17 64 0.015625
17 20 58 17 65 0.015625
17 20 64 17 9 0.015625
17 20 65 17 10 0.015625
17 20 70 17 11 0.015625
17 20 82 17 60 0.015625
17 20 85 17 61 0.015625
17 20 90 17 64 0.015625
17 20 92 17 6 0.015625
17 20 93 17 6 0.015625
17 20 94 17 7 0.015625
17 20 101 17 10 0.015625
17 20 103 17 11 0.015625
17 20 106 17 40 0.015625
17 20 107 17 41 0.015625
17 20 111 17 66 0.015625
17 20 112 17 66 0.015625
17 20 115 17 67 0.015625
17 20 116 17 67 0.015625
17 20 118 17 68 0.015625
17 20 121 17 68 0.015625
17 20 122 17 68 0.015625
17 20 123 17 68 0.015625
17 20 124 17 69 0.015625
17 20 126 17 69 0.015625
17 20 138 17 61 0.015625
17 20 142 17 63 0.015625
17 20 148 17 6 0.015625
17 20 149 17 6 0.015625
17 20 152 17 8 0.015625
17 20 154 17 10 0.015625
17 20 155 17 10 0.015625
17 20 156 17 11 0.015625
17 20 157 17 11 0.015625
17 20 158 17 11 0.015625
17 20 160 17 11 0.015625
17 20 161 17 39 0.015625
17 20 169 17 44 0.015625
17 20 174 17 69 0.015625
17 20 179 17 60 0.015625
17 20 180 17 60 0.015625
17 20 181 17 61 0.015625
17 20 182 17 61 0.015625
17 20 186 17 63 0.015625
17 20 189 17 7 0.015625
17 20 192 17 38 0.015625
17 20 193 17 39 0.015625
17 20 197 17 71 0.015625
17 23 1 17 39 0.015625
17 23 10 17 44 0.015625
17 23 11 17 44 0.015625
17 23 12 17 44 0.015625
17 23 17 17 67 0.015625
17 23 18 17 67 0.015625
17 23 19 17 68 0.015625
17 23 24 17 71 0.015625
17 23 25 17 71 0.015625
17 23 26 17 71 0.015625
17 23 30 17 72 0.015625
17 23 34 17 59 0.015625
17 23 38 17 60 0.015625
17 23 42 17 61 0.015625
17 23 43 17 61 0.015625
17 23 44 17 62 0.015625
17 23 46 17 63 0.015625
17 23 48 17 63 0.015625
17 23 57 17 65 0.015625
17 23 60 17 6 0.015625
17 23 61 17 6 0.015625
17 23 63 17 8 0.015625
17 23 68 17 10 0.015625
17 23 72 17 11 0.015625
17 23 80 17 44 0.015625
17 23 86 17 60 0.015625
17 23 88 17 60 0.015625
17 23 89 17 61 0.015625
17 23 95 17 64 0.015625
17 23 97 17 6 0.015625
17 23 99 17 7 0.015625
17 23 106 17 10 0.015625
17 23 107 17 10 0.015625
17 23 115 17 40 0.015625
17 23 120 17 66 0.015625
17 23 125 17 68 0.015625
17 23 127 17 68 0.015625
17 23 128 17 68 0.015625
17 23 130 17 69 0.015625
17 23 131 17 69 0.015625
17 23 137 17 71 0.015625
17 23 145 17 63 0.015625
17 23 147 17 64 0.015625
17 23 149 17 65 0.015625
17 23 151 17 6 0.015625
17 23 152 17 6 0.015625
17 23 157 17 10 0.015625
17 23 158 17 11 0.015625
17 23 159 17 11 0.015625
17 23 161 17 39 0.015625
17 23 163 17 41 0.015625
17 23 172 17 68 0.015625
17 23 173 17 69 0.015625
17 23 174 17 69 0.015625
17 23 176 17 71 0.015625
17 23 177 17 71 0.015625
17 23 179 17 60 0.015625
17 23 181 17 61 0.015625
17 23 185 17 63 0.015625
17 23 188 17 7 0.015625
17 23 191 17 39 0.015625
17 23 197 17 70 0.015625
17 23 198 17 71 0.015625
17 23 199 17 72 0.015625
17 35 1 17 60 0.015625
17 35 13 17 59 0.015625
17 35 14 17 59 0.015625
17 35 18 17 61 0.015625
17 35 20 17 62 0.015625
17 35 22 17 64 0.015625
17 35 23 17 64 0.015625
17 35 24 17 10 0.015625
17 35 33 17 71 0.015625
17 35 34 17 59 0.015625
17 35 35 17 60 0.015625
17 35 36 17 60 0.015625
17 35 38 17 61 0.015625
17 35 39 17 62 0.015625
17 35 40 17 63 0.015625
17 35 47 17 6 0.015625
17 35 49 17 6 0.015625
17 35 54 17 9 0.015625
17 35 55 17 9 0.015625
17 35 57 17 10 0.015625
17 35 59 17 11 0.015625
17 35 63 17 39 0.015625
17 35 70 17 44 0.015625
17 35 78 17 61 0.015625
17 35 79 17 63 0.015625
17 35 80 17 63 0.015625
17 35 84 17 38 0.015625
17 35 94 17 41 0.015625
17 35 95 17 41 0.015625
17 35 96 17 41 0.015625
17 35 101 17 42 0.015625
17 35 103 17 43 0.015625
17 35 104 17 43 0.015625
17 35 109 17 44 0.015625
17 35 112 17 66 0.015625
17 35 115 17 67 0.015625
17 35 116 17 67 0.015625
17 35 117 17 67 0.015625
17 35 120 17 68 0.015625
17 35 121 17 69 0.015625
17 35 128 17 70 0.015625
17 35 130 17 71 0.015625
17 35 135 17 61 0.015625
17 35 136 17 64 0.015625
17 35 137 17 64 0.015625
17 35 142 17 10 0.015625
17 35 143 17 10 0.015625
17 35 145 17 11 0.015625
17 35 149 17 39 0.015625
17 35 157 17 44 0.015625
17 35 159 17 44 0.015625
17 35 160 17 44 0.015625
17 35 161 17 44 0.015625
17 35 163 17 66 0.015625
17 35 164 17 66 0.015625
17 35 166 17 67 0.015625
17 35 169 17 68 0.015625
17 35 171 17 68 0.015625
17 35 173 17 69 0.015625
17 35 176 17 71 0.015625
17 35 178 17 72 0.015625
17 35 192 17 69 0.015625
17 35 194 17 71 0.015625
17 35 195 17 72 0.015625
24 4 7 24 58 0.015625
24 4 10 24 0 0.015625
24 4 27 24 2 0.015625
24 4 29 24 3 0.015625
24 4 40 24 62 0.015625
24 4 46 24 64 0.015625
24 4 57 24 57 0.015625
24 4 58 24 31 0.015625
24 4 59 24 31 0.015625
24 4 66 24 33 0.015625
24 4 68 24 34 0.015625
24 4 69 24 34 0.015625
24 4 74 24 36 0.015625
24 4 75 24 36 0.015625
24 4 76 24 36 0.015625
24 4 79 24 37 0.015625
24 4 80 24 37 0.015625
24 4 87 24 62 0.015625
24 4 96 24 31 0.046875
24 4 97 24 33 0.015625
24 4 104 24 2 0.015625
24 4 107 24 3 0.015625
24 4 108 24 3 0.015625
24 4 111 24 59 0.015625
24 4 114 24 60 0.015625
24 4 116 24 61 0.015625
24 4 118 24 62 0.015625
24 4 120 24 63 0.015625
24 4 122 24 63 0.015625
24 4 126 24 65 0.015625
24 4 128 24 65 0.015625
24 4 131 24 57 0.015625
24 4 132 24 58 0.015625
24 4 135 24 31 0.015625
24 4 137 24 33 0.015625
24 4 138 24 33 0.015625
24 4 139 24 33 0.015625
24 4 142 24 34 0.015625
24 4 143 24 34 0.015625
24 4 147 24 36 0.015625
24 4 151 24 60 0.015625
24 4 158 24 63 0.015625
24 4 159 24 64 0.015625
24 4 162 24 58 0.015625
24 4 166 24 34 0.015625
24 4 167 24 34 0.015625
24 4 169 24 36 0.015625
24 4 171 24 1 0.015625
24 4 172 24 2 0.015625
24 4 174 24 3 0.015625
24 4 178 24 60 0.015625
24 4 179 24 60 0.015625
24 4 182 24 63 0.015625
24 4 183 24 63 0.015625
24 4 184 24 54 0.015625
24 4 185 24 54 0.015625
24 4 186 24 55 0.015625
24 4 188 24 33 0.015625
24 4 192 24 36 0.015625
24 4 194 24 37 0.015625
24 4 197 24 63 0.015625
24 4 199 24 34 0.015625
24 20 1 24 1 0.015625
24 20 12 24 58 0.015625
24 20 13 24 0 0.015625
24 20 15 24 1 0.015625
24 20 17 24 2 0.015625
24 20 21 24 31 0.015625
24 20 23 24 33 0.015625
24 20 26 24 34 0.015625
24 20 29 24 36 0.015625
24 20 30 24 36 0.015625
24 20 32 24 37 0.015625
24 20 36 24 2 0.015625
24 20 38 24 3 0.015625
24 20 45 24 62 0.015625
24 20 46 24 62 0.015625
24 20 47 24 63 0.015625
24 20 48 24 64 0.015625
24 20 58 24 55 0.015625
24 20 62 24 58 0.015625
24 20 68 24 37 0.015625
24 20 72 24 2 0.015625
24 20 76 24 60 0.015625
24 20 79 24 60 0.015625
24 20 82 24 61 0.015625
24 20 87 24 62 0.015625
24 20 89 24 63 0.015625
24 20 94 24 63 0.015625
24 20 95 24 63 0.015625
24 20 98 24 64 0.015625
24 20 100 24 65 0.015625
24 20 102 24 58 0.015625
24 20 103 24 31 0.015625
24 20 104 24 31 0.015625
24 20 105 24 31 0.015625
24 20 107 24 31 0.015625
24 20 108 24 32 0.015625
24 20 109 24 32 0.015625
24 20 115 24 33 0.015625
24 20 116 24 33 0.015625
24 20 118 24 33 0.015625
24 20 120 24 34 0.015625
24 20 122 24 34 0.015625
24 20 123 24 34 0.015625
24 20 128 24 36 0.015625
24 20 129 24 36 0.015625
24 20 130 24 36 0.015625
24 20 142 24 63 0.015625
24 20 145 24 63 0.015625
24 20 147 24 65 0.015625
24 20 148 24 54 0.015625
24 20 150 24 56 0.015625
24 20 151 24 57 0.015625
24 20 155 24 33 0.015625
24 20 157 24 34 0.015625
24 20 158 24 34 0.015625
24 20 161 24 36 0.015625
24 20 163 24 3 0.015625
24 20 167 24 60 0.015625
24 20 168 24 61 0.015625
24 20 176 24 65 0.015625
24 20 177 24 52 0.015625
24 20 178 24 54 0.015625
24 20 185 24 32 0.015625
24 20 186 24 34 0.015625
24 23 12 24 58 0.015625
24 23 13 24 0 0.015625
24 23 14 24 1 0.015625
24 23 15 24 1 0.015625
24 23 16 24 1 0.015625
24 23 17 24 2 0.015625
24 23 22 24 31 0.015625
24 23 25 24 33 0.015625
24 23 27 24 33 0.015625
24 23 30 24 34 0.015625
24 23 34 24 37 0.015625
24 23 36 24 1 0.015625
24 23 39 24 2 0.015625
24 23 40 24 3 0.015625
24 23 48 24 62 0.015625
24 23 54 24 64 0.015625
24 23 64 24 55 0.015625
24 23 68 24 55 0.015625
24 23 81 24 36 0.015625
24 23 86 24 3 0.015625
24 23 91 24 60 0.015625
24 23 92 24 60 0.015625
24 23 95 24 60 0.015625
24 23 97 24 61 0.015625
24 23 100 24 62 0.015625
24 23 103 24 62 0.015625
24 23 111 24 63 0.015625
24 23 112 24 64 0.015625
24 23 114 24 64 0.015625
24 23 117 24 65 0.015625
24 23 118 24 58 0.015625
24 23 119 24 31 0.015625
24 23 120 24 31 0.015625
24 23 122 24 31 0.015625
24 23 123 24 32 0.015625
24 23 124 24 32 0.015625
24 23 127 24 33 0.015625
24 23 128 24 33 0.015625
24 23 129 24 33 0.015625
24 23 130 24 33 0.015625
24 23 131 24 33 0.015625
24 23 132 24 34 0.015625
24 23 133 24 34 0.015625
24 23 135 24 34 0.015625
24 23 140 24 36 0.015625
24 23 142 24 36 0.015625
24 23 148 24 3 0.015625
24 23 155 24 63 0.015625
24 23 157 24 65 0.015625
24 23 158 24 54 0.015625
24 23 160 24 57 0.015625
24 23 163 24 31 0.015625
24 23 165 24 33 0.015625
24 23 166 24 34 0.015625
24 23 169 24 36 0.015625
24 23 170 24 36 0.015625
24 23 171 24 36 0.015625
24 23 172 24 3 0.015625
24 23 180 24 65 0.015625
24 23 181 24 65 0.015625
24 23 182 24 52 0.015625
24 23 186 24 33 0.015625
24 23 190 24 32 0.015625
24 23 191 24 34 0.015625
24 35 0 24 35 0.015625
24 35 1 24 59 0.015625
24 35 2 24 60 0.015625
24 35 4 24 62 0.015625
24 35 13 24 57 0.015625
24 35 14 24 58 0.015625
24 35 15 24 0 0.015625
24 35 18 24 0 0.015625
24 35 20 24 1 0.015625
24 35 21 24 1 0.015625
24 35 33 24 59 0.015625
24 35 34 24 60 0.015625
24 35 38 24 63 0.015625
24 35 39 24 63 0.015625
24 35 41 24 63 0.015625
24 35 42 24 65 0.015625
24 35 44 24 54 0.015625
24 35 49 24 31 0.015625
24 35 50 24 31 0.015625
24 35 51 24 31 0.015625
24 35 52 24 31 0.015625
24 35 59 24 32 0.015625
24 35 60 24 33 0.015625
24 35 63 24 33 0.015625
24 35 65 24 34 0.015625
24 35 66 24 34 0.015625
24 35 67 24 34 0.015625
24 35 70 24 34 0.015625
24 35 71 24 36 0.015625
24 35 73 24 36 0.015625
24 35 75 24 36 0.015625
24 35 77 24 36 0.015625
24 35 79 24 36 0.015625
24 35 80 24 37 0.015625
24 35 81 24 37 0.015625
24 35 84 24 37 0.015625
24 35 86 24 0 0.015625
24 35 87 24 1 0.015625
24 35 89 24 2 0.015625
24 35 91 24 2 0.015625
24 35 97 24 63 0.015625
24 35 100 24 55 0.015625
24 35 107 24 1 0.015625
24 35 110 24 2 0.015625
24 35 113 24 3 0.015625
24 35 120 24 63 0.015625
24 35 122 24 52 0.015625
24 35 123 24 54 0.015625
24 35 124 24 57 0.015625
24 35 125 24 31 0.015625
24 35 127 24 32 0.015625
24 35 128 24 33 0.015625
24 35 130 24 33 0.015625
24 35 131 24 34 0.015625
24 35 132 24 34 0.015625
24 35 133 24 37 0.015625
24 35 134 24 0 0.015625
24 35 136 24 1 0.015625
24 35 139 24 2 0.015625
24 35 141 24 3 0.015625
24 35 144 24 3 0.015625
24 35 159 24 3 0.015625
24 35 165 24 31 0.015625
24 35 172 24 33 0.015625
30 4 7 30 58 0.015625
30 4 10 30 0 0.015625
30 4 16 30 1 0.015625
30 4 18 30 1 0.015625
30 4 20 30 1 0.015625
30 4 23 30 2 0.015625
30 4 24 30 2 0.015625
30 4 25 30 2 0.015625
30 4 26 30 3 0.015625
30 4 29 30 3 0.015625
30 4 35 30 5 0.015625
30 4 36 30 5 0.015625
30 4 61 30 57 0.015625
30 4 72 30 33 0.015625
30 4 74 30 34 0.015625
30 4 75 30 34 0.015625
30 4 82 30 36 0.015625
30 4 90 30 62 0.015625
30 4 97 30 31 0.03125
30 4 98 30 32 0.015625
30 4 99 30 33 0.015625
30 4 106 30 2 0.015625
30 4 109 30 3 0.015625
30 4 115 30 60 0.015625
30 4 116 30 60 0.015625
30 4 117 30 61 0.015625
30 4 119 30 62 0.015625
30 4 120 30 63 0.015625
30 4 121 30 63 0.015625
30 4 122 30 63 0.015625
30 4 126 30 64 0.015625
30 4 127 30 65 0.015625
30 4 133 30 33 0.015625
30 4 134 30 33 0.015625
30 4 135 30 33 0.015625
30 4 143 30 36 0.015625
30 4 146 30 5 0.015625
30 4 148 30 60 0.015625
30 4 151 30 61 0.015625
30 4 153 30 63 0.015625
30 4 156 30 64 0.015625
30 4 160 30 58 0.015625
30 4 164 30 32 0.015625
30 4 165 30 34 0.015625
30 4 167 30 36 0.015625
30 4 170 30 0 0.03125
30 4 171 30 1 0.015625
30 4 172 30 3 0.015625
30 4 176 30 60 0.015625
30 4 177 30 60 0.015625
30 4 179 30 62 0.015625
30 4 180 30 63 0.015625
30 4 181 30 63 0.015625
30 4 182 30 64 0.015625
30 4 183 30 53 0.015625
30 4 184 30 54 0.015625
30 4 185 30 54 0.015625
30 4 186 30 54 0.015625
30 4 191 30 36 0.015625
30 4 193 30 37 0.015625
30 4 196 30 59 0.015625
30 4 198 30 34 0.015625
30 20 1 30 1 0.015625
30 20 12 30 58 0.015625
30 20 13 30 0 0.015625
30 20 14 30 0 0.015625
30 20 16 30 1 0.015625
30 20 17 30 2 0.015625
30 20 23 30 31 0.015625
30 20 27 30 34 0.015625
30 20 28 30 34 0.015625
30 20 31 30 36 0.015625
30 20 32 30 36 0.015625
30 20 34 30 37 0.015625
30 20 36 30 1 0.015625
30 20 38 30 2 0.015625
30 20 40 30 3 0.015625
30 20 41 30 3 0.015625
30 20 47 30 62 0.015625
30 20 48 30 62 0.015625
30 20 49 30 63 0.015625
30 20 55 30 52 0.015625
30 20 57 30 52 0.015625
30 20 64 30 58 0.015625
30 20 66 30 32 0.015625
30 20 72 30 37 0.015625
30 20 73 30 37 0.015625
30 20 75 30 1 0.015625
30 20 79 30 59 0.015625
30 20 81 30 60 0.015625
30 20 84 30 60 0.015625
30 20 87 30 61 0.015625
30 20 89 30 61 0.015625
30 20 93 30 63 0.015625
30 20 95 30 63 0.015625
30 20 100 30 64 0.015625
30 20 103 30 31 0.015625
30 20 105 30 31 0.015625
30 20 106 30 32 0.015625
30 20 107 30 32 0.015625
30 20 111 30 32 0.015625
30 20 114 30 33 0.015625
30 20 115 30 33 0.015625
30 20 117 30 33 0.015625
30 20 119 30 34 0.015625
30 20 121 30 34 0.015625
30 20 128 30 36 0.015625
30 20 129 30 36 0.015625
30 20 130 30 36 0.015625
30 20 133 30 0 0.015625
30 20 136 30 59 0.015625
30 20 141 30 62 0.015625
30 20 144 30 63 0.015625
30 20 147 30 65 0.015625
30 20 148 30 54 0.015625
30 20 150 30 56 0.015625
30 20 155 30 33 0.015625
30 20 157 30 34 0.015625
30 20 158 30 34 0.015625
30 20 167 30 60 0.015625
30 20 168 30 61 0.015625
30 20 176 30 65 0.015625
30 20 177 30 52 0.015625
30 20 179 30 54 0.015625
30 20 180 30 55 0.015625
30 20 184 30 65 0.015625
30 23 1 30 1 0.015625
30 23 4 30 4 0.015625
30 23 5 30 5 0.015625
30 23 12 30 58 0.015625
30 23 13 30 0 0.015625
30 23 14 30 0 0.015625
30 23 15 30 1 0.015625
30 23 16 30 1 0.015625
30 23 17 30 1 0.015625
30 23 18 30 2 0.015625
30 23 21 30 5 0.015625
30 23 24 30 31 0.015625
30 23 27 30 33 0.015625
30 23 29 30 33 0.015625
30 23 39 30 1 0.015625
30 23 40 30 1 0.015625
30 23 41 30 2 0.015625
30 23 42 30 2 0.015625
30 23 43 30 3 0.015625
30 23 44 30 3 0.015625
30 23 52 30 62 0.015625
30 23 72 30 55 0.015625
30 23 81 30 33 0.015625
30 23 87 30 1 0.015625
30 23 92 30 59 0.015625
30 23 94 30 60 0.015625
30 23 98 30 60 0.015625
30 23 100 30 61 0.015625
30 23 102 30 61 0.015625
30 23 104 30 62 0.015625
30 23 110 30 64 0.015625
30 23 112 30 64 0.015625
30 23 115 30 53 0.015625
30 23 116 30 31 0.015625
30 23 118 30 31 0.015625
30 23 119 30 32 0.015625
30 23 120 30 32 0.015625
30 23 124 30 33 0.015625
30 23 125 30 33 0.015625
30 23 126 30 33 0.015625
30 23 127 30 33 0.015625
30 23 128 30 33 0.015625
30 23 129 30 34 0.015625
30 23 131 30 34 0.015625
30 23 138 30 36 0.015625
30 23 148 30 62 0.015625
30 23 150 30 63 0.015625
30 23 153 30 65 0.015625
30 23 154 30 54 0.015625
30 23 155 30 56 0.015625
30 23 159 30 31 0.015625
30 23 161 30 33 0.015625
30 23 162 30 34 0.015625
30 23 165 30 36 0.015625
30 23 166 30 36 0.015625
30 23 168 30 3 0.015625
30 23 174 30 62 0.015625
30 23 177 30 64 0.015625
30 23 178 30 65 0.015625
30 23 179 30 65 0.015625
30 23 180 30 52 0.015625
30 23 183 30 54 0.015625
30 23 186 30 34 0.015625
30 23 189 30 65 0.015625
30 35 1 30 59 0.015625
30 35 2 30 60 0.015625
30 35 4 30 62 0.015625
30 35 14 30 58 0.015625
30 35 15 30 0 0.015625
30 35 18 30 0 0.015625
30 35 19 30 1 0.015625
30 35 20 30 1 0.015625
30 35 31 30 59 0.015625
30 35 32 30 59 0.015625
30 35 33 30 61 0.015625
30 35 34 30 62 0.015625
30 35 35 30 62 0.015625
30 35 37 30 63 0.015625
30 35 39 30 65 0.015625
30 35 45 30 54 0.015625
30 35 46 30 55 0.015625
30 35 49 30 58 0.015625
30 35 51 30 31 0.015625
30 35 53 30 31 0.015625
30 35 55 30 32 0.015625
30 35 57 30 32 0.015625
30 35 60 30 32 0.015625
30 35 61 30 33 0.015625
30 35 62 30 33 0.015625
30 35 66 30 33 0.015625
30 35 68 30 34 0.015625
30 35 69 30 34 0.015625
30 35 70 30 34 0.015625
30 35 71 30 34 0.015625
30 35 73 30 36 0.015625
30 35 75 30 36 0.015625
30 35 78 30 36 0.015625
30 35 79 30 37 0.015625
30 35 83 30 0 0.015625
30 35 84 30 1 0.015625
30 35 86 30 2 0.015625
30 35 94 30 62 0.015625
30 35 95 30 63 0.015625
30 35 102 30 37 0.015625
30 35 103 30 0 0.015625
30 35 104 30 0 0.015625
30 35 106 30 1 0.015625
30 35 109 30 2 0.015625
30 35 110 30 2 0.015625
30 35 111 30 3 0.015625
30 35 119 30 63 0.015625
30 35 122 30 54 0.015625
30 35 123 30 32 0.015625
30 35 124 30 33 0.015625
30 35 126 30 33 0.015625
30 35 127 30 34 0.015625
30 35 128 30 34 0.015625
30 35 129 30 37 0.015625
30 35 130 30 0 0.015625
30 35 133 30 1 0.015625
30 35 136 30 2 0.015625
30 35 138 30 3 0.015625
30 35 140 30 3 0.015625
30 35 148 30 54 0.015625
30 35 153 30 33 0.015625
30 35 156 30 3 0.015625
30 35 161 30 31 0.015625
30 35 167 30 33 0.015625
31 4 1 31 25 0.015625
31 4 13 31 58 0.015625
31 4 15 31 52 0.015625
31 4 20 31 56 0.015625
31 4 22 31 57 0.015625
31 4 24 31 58 0.03125
31 4 25 31 58 0.03125
31 4 33 31 64 0.015625
31 4 37 31 24 0.015625
31 4 40 31 25 0.015625
31 4 41 31 25 0.015625
31 4 45 31 27 0.015625
31 4 48 31 28 0.015625
31 4 49 31 28 0.015625
31 4 51 31 30 0.015625
31 4 56 31 56 0.015625
31 4 63 31 63 0.015625
31 4 68 31 6 0.015625
31 4 71 31 7 0.015625
31 4 81 31 27 0.015625
31 4 87 31 59 0.015625
31 4 90 31 60 0.015625
31 4 91 31 60 0.015625
31 4 93 31 61 0.015625
31 4 94 31 61 0.015625
31 4 96 31 62 0.015625
31 4 99 31 64 0.015625
31 4 103 31 64 0.015625
31 4 104 31 65 0.015625
31 4 105 31 6 0.015625
31 4 108 31 6 0.015625
31 4 112 31 8 0.015625
31 4 114 31 8 0.015625
31 4 117 31 8 0.015625
31 4 120 31 9 0.015625
31 4 121 31 9 0.015625
31 4 122 31 10 0.015625
31 4 123 31 10 0.015625
31 4 124 31 10 0.015625
31 4 125 31 11 0.015625
31 4 132 31 27 0.015625
31 4 140 31 61 0.015625
31 4 143 31 63 0.015625
31 4 144 31 64 0.015625
31 4 145 31 64 0.015625
31 4 148 31 6 0.015625
31 4 149 31 6 0.015625
31 4 155 31 8 0.015625
31 4 159 31 10 0.015625
31 4 162 31 27 0.015625
31 4 163 31 30 0.015625
31 4 166 31 60 0.015625
31 4 169 31 61 0.015625
31 4 171 31 63 0.015625
31 4 173 31 7 0.015625
31 4 174 31 8 0.015625
31 4 177 31 11 0.015625
31 4 178 31 11 0.015625
31 4 180 31 28 0.015625
31 4 181 31 30 0.015625
31 4 183 31 58 0.015625
31 4 184 31 9 0.015625
31 20 0 31 52 0.015625
31 20 6 31 58 0.015625
31 20 7 31 24 0.015625
31 20 11 31 24 0.015625
31 20 12 31 25 0.015625
31 20 15 31 25 0.015625
31 20 18 31 26 0.015625
31 20 19 31 26 0.015625
31 20 44 31 25 0.015625
31 20 46 31 26 0.015625
31 20 48 31 27 0.015625
31 20 53 31 28 0.015625
31 20 54 31 30 0.015625
31 20 55 31 30 0.015625
31 20 57 31 52 0.015625
31 20 61 31 57 0.015625
31 20 63 31 58 0.015625
31 20 73 31 64 0.015625
31 20 78 31 6 0.015625
31 20 82 31 8 0.015625
31 20 86 31 8 0.015625
31 20 88 31 9 0.015625
31 20 90 31 10 0.015625
31 20 92 31 11 0.015625
31 20 94 31 11 0.015625
31 20 95 31 24 0.015625
31 20 97 31 25 0.015625
31 20 98 31 27 0.015625
31 20 99 31 27 0.015625
31 20 100 31 28 0.015625
31 20 101 31 29 0.015625
31 20 105 31 56 0.015625
31 20 109 31 60 0.015625
31 20 113 31 61 0.015625
31 20 116 31 61 0.015625
31 20 123 31 64 0.015625
31 20 124 31 64 0.015625
31 20 126 31 65 0.015625
31 20 131 31 7 0.015625
31 20 133 31 8 0.015625
31 20 135 31 8 0.015625
31 20 138 31 10 0.015625
31 20 140 31 24 0.015625
31 20 142 31 25 0.015625
31 20 143 31 25 0.015625
31 20 145 31 28 0.015625
31 20 146 31 28 0.015625
31 20 149 31 53 0.015625
31 20 151 31 56 0.015625
31 20 155 31 60 0.015625
31 20 161 31 63 0.015625
31 20 162 31 64 0.015625
31 20 165 31 6 0.015625
31 20 166 31 6 0.015625
31 20 171 31 8 0.015625
31 20 176 31 10 0.015625
31 20 179 31 11 0.015625
31 20 182 31 28 0.015625
31 20 184 31 30 0.015625
31 20 185 31 55 0.015625
31 20 187 31 60 0.015625
31 20 188 31 61 0.015625
31 20 189 31 61 0.015625
31 20 197 31 30 0.015625
31 23 0 31 52 0.015625
31 23 6 31 58 0.015625
31 23 10 31 24 0.015625
31 23 13 31 25 0.015625
31 23 17 31 26 0.015625
31 23 22 31 27 0.015625
31 23 24 31 28 0.015625
31 23 39 31 25 0.015625
31 23 40 31 25 0.015625
31 23 49 31 30 0.015625
31 23 56 31 56 0.015625
31 23 58 31 57 0.015625
31 23 69 31 63 0.015625
31 23 73 31 64 0.015625
31 23 82 31 7 0.015625
31 23 83 31 8 0.015625
31 23 84 31 8 0.015625
31 23 86 31 8 0.015625
31 23 89 31 9 0.015625
31 23 94 31 11 0.015625
31 23 97 31 11 0.015625
31 23 99 31 24 0.015625
31 23 101 31 25 0.015625
31 23 103 31 27 0.015625
31 23 104 31 27 0.015625
31 23 105 31 29 0.015625
31 23 108 31 30 0.015625
31 23 110 31 56 0.015625
31 23 113 31 60 0.015625
31 23 114 31 60 0.015625
31 23 116 31 60 0.015625
31 23 117 31 61 0.015625
31 23 119 31 61 0.015625
31 23 120 31 61 0.015625
31 23 124 31 63 0.015625
31 23 125 31 64 0.015625
31 23 127 31 64 0.015625
31 23 128 31 64 0.015625
31 23 131 31 65 0.015625
31 23 136 31 7 0.015625
31 23 138 31 8 0.015625
31 23 140 31 9 0.015625
31 23 142 31 10 0.015625
31 23 143 31 10 0.015625
31 23 144 31 24 0.015625
31 23 145 31 24 0.015625
31 23 146 31 25 0.015625
31 23 147 31 25 0.015625
31 23 154 31 53 0.015625
31 23 155 31 56 0.015625
31 23 161 31 60 0.015625
31 23 164 31 62 0.015625
31 23 165 31 63 0.015625
31 23 166 31 64 0.015625
31 23 168 31 6 0.015625
31 23 176 31 8 0.015625
31 23 180 31 10 0.015625
31 23 182 31 11 0.015625
31 23 184 31 28 0.015625
31 23 185 31 29 0.015625
31 23 187 31 55 0.015625
31 23 190 31 61 0.015625
31 23 196 31 11 0.015625
31 23 197 31 30 0.015625
31 35 0 31 24 0.046875
31 35 1 31 25 0.015625
31 35 2 31 26 0.03125
31 35 3 31 27 0.015625
31 35 4 31 28 0.015625
31 35 7 31 52 0.015625
31 35 8 31 53 0.015625
31 35 9 31 54 0.015625
31 35 10 31 55 0.015625
31 35 12 31 57 0.015625
31 35 13 31 58 0.03125
31 35 14 31 59 0.03125
31 35 15 31 60 0.015625
31 35 16 31 61 0.015625
31 35 17 31 62 0.015625
31 35 20 31 65 0.015625
31 35 22 31 7 0.015625
31 35 23 31 8 0.015625
31 35 25 31 10 0.015625
31 35 26 31 11 0.03125
31 35 28 31 25 0.015625
31 35 29 31 30 0.015625
31 35 30 31 54 0.015625
31 35 32 31 6 0.015625
31 35 33 31 7 0.015625
31 35 34 31 24 0.015625
31 35 36 31 24 0.015625
31 35 37 31 25 0.015625
31 35 38 31 26 0.015625
31 35 39 31 27 0.015625
31 35 40 31 28 0.015625
31 35 41 31 28 0.015625
31 35 42 31 28 0.015625
31 35 43 31 30 0.015625
31 35 46 31 55 0.015625
31 35 47 31 56 0.015625
31 35 48 31 56 0.015625
31 35 50 31 56 0.015625
31 35 51 31 56 0.015625
31 35 52 31 57 0.015625
31 35 55 31 58 0.015625
31 35 57 31 60 0.015625
31 35 58 31 60 0.015625
31 35 59 31 61 0.03125
31 35 66 31 8 0.015625
31 35 69 31 8 0.03125
31 35 70 31 8 0.015625
31 35 71 31 8 0.015625
31 35 72 31 9 0.015625
31 35 73 31 9 0.015625
31 35 74 31 10 0.015625
31 35 75 31 11 0.015625
31 35 78 31 61 0.015625
31 35 80 31 56 0.015625
31 35 83 31 24 0.015625
31 35 85 31 27 0.015625
34 4 3 34 27 0.015625
34 4 9 34 54 0.015625
34 4 13 34 58 0.015625
34 4 18 34 57 0.015625
34 4 20 34 58 0.03125
34 4 29 34 64 0.015625
34 4 31 34 64 0.015625
34 4 39 34 27 0.015625
34 4 42 34 28 0.015625
34 4 43 34 28 0.015625
34 4 44 34 30 0.015625
34 4 45 34 30 0.015625
34 4 49 34 53 0.015625
34 4 52 34 54 0.015625
34 4 53 34 54 0.015625
34 4 54 34 55 0.015625
34 4 56 34 56 0.015625
34 4 62 34 62 0.015625
34 4 68 34 6 0.015625
34 4 70 34 6 0.015625
34 4 74 34 7 0.015625
34 4 85 34 27 0.015625
34 4 86 34 27 0.015625
34 4 88 34 54 0.015625
34 4 92 34 59 0.015625
34 4 93 34 59 0.015625
34 4 97 34 60 0.015625
34 4 98 34 61 0.015625
34 4 100 34 62 0.015625
34 4 102 34 63 0.015625
34 4 104 34 64 0.015625
34 4 108 34 64 0.015625
34 4 110 34 6 0.015625
34 4 113 34 6 0.015625
34 4 117 34 8 0.015625
34 4 118 34 8 0.015625
34 4 122 34 9 0.015625
34 4 123 34 9 0.015625
34 4 124 34 9 0.015625
34 4 126 34 10 0.015625
34 4 128 34 10 0.015625
34 4 129 34 10 0.015625
34 4 136 34 27 0.015625
34 4 145 34 61 0.015625
34 4 146 34 62 0.015625
34 4 148 34 63 0.015625
34 4 149 34 64 0.015625
34 4 150 34 64 0.015625
34 4 152 34 6 0.015625
34 4 153 34 6 0.015625
34 4 154 34 6 0.015625
34 4 156 34 6 0.015625
34 4 162 34 9 0.015625
34 4 164 34 10 0.015625
34 4 166 34 11 0.015625
34 4 176 34 63 0.015625
34 4 179 34 7 0.015625
34 4 180 34 8 0.015625
34 4 184 34 11 0.015625
34 4 185 34 28 0.015625
34 4 186 34 28 0.015625
34 4 187 34 30 0.015625
34 4 189 34 11 0.015625
34 20 2 34 54 0.015625
34 20 6 34 58 0.015625
34 20 8 34 24 0.015625
34 20 12 34 24 0.015625
34 20 18 34 26 0.015625
34 20 19 34 26 0.015625
34 20 32 34 29 0.015625
34 20 33 34 29 0.015625
34 20 43 34 24 0.015625
34 20 45 34 26 0.015625
34 20 48 34 27 0.015625
34 20 52 34 30 0.015625
34 20 54 34 30 0.015625
34 20 55 34 30 0.015625
34 20 58 34 55 0.015625
34 20 59 34 56 0.015625
34 20 64 34 58 0.015625
34 20 70 34 62 0.015625
34 20 71 34 62 0.015625
34 20 73 34 63 0.015625
34 20 76 34 64 0.015625
34 20 82 34 6 0.015625
34 20 87 34 8 0.015625
34 20 89 34 9 0.015625
34 20 91 34 10 0.015625
34 20 93 34 10 0.015625
34 20 97 34 11 0.015625
34 20 98 34 11 0.015625
34 20 100 34 24 0.015625
34 20 102 34 25 0.015625
34 20 103 34 27 0.015625
34 20 104 34 27 0.015625
34 20 105 34 28 0.015625
34 20 107 34 29 0.015625
34 20 111 34 54 0.015625
34 20 112 34 56 0.015625
34 20 116 34 60 0.015625
34 20 120 34 61 0.015625
34 20 122 34 61 0.015625
34 20 130 34 64 0.015625
34 20 131 34 64 0.015625
34 20 136 34 7 0.015625
34 20 140 34 8 0.015625
34 20 143 34 10 0.015625
34 20 145 34 24 0.015625
34 20 146 34 25 0.015625
34 20 148 34 28 0.015625
34 20 149 34 28 0.015625
34 20 153 34 30 0.015625
34 20 155 34 56 0.015625
34 20 161 34 63 0.015625
34 20 162 34 64 0.015625
34 20 163 34 65 0.015625
34 20 164 34 65 0.015625
34 20 165 34 6 0.015625
34 20 168 34 6 0.015625
34 20 169 34 6 0.015625
34 20 174 34 8 0.015625
34 20 179 34 9 0.015625
34 20 182 34 11 0.015625
34 20 184 34 11 0.015625
34 20 187 34 30 0.015625
34 20 189 34 55 0.015625
34 20 198 34 30 0.015625
34 23 2 34 54 0.015625
34 23 6 34 58 0.015625
34 23 11 34 24 0.015625
34 23 17 34 26 0.015625
34 23 21 34 27 0.015625
34 23 26 34 28 0.015625
34 23 39 34 24 0.015625
34 23 40 34 25 0.015625
34 23 44 34 27 0.015625
34 23 49 34 30 0.015625
34 23 52 34 54 0.015625
34 23 53 34 55 0.015625
34 23 66 34 62 0.015625
34 23 70 34 63 0.015625
34 23 73 34 64 0.015625
34 23 81 34 7 0.015625
34 23 82 34 8 0.015625
34 23 87 34 9 0.015625
34 23 89 34 9 0.015625
34 23 90 34 10 0.015625
34 23 93 34 10 0.015625
34 23 97 34 11 0.015625
34 23 98 34 11 0.015625
34 23 100 34 24 0.015625
34 23 102 34 25 0.015625
34 23 104 34 27 0.015625
34 23 105 34 27 0.015625
34 23 106 34 28 0.015625
34 23 108 34 29 0.015625
34 23 110 34 30 0.015625
34 23 112 34 54 0.015625
34 23 113 34 56 0.015625
34 23 115 34 60 0.015625
34 23 116 34 60 0.015625
34 23 117 34 60 0.015625
34 23 118 34 60 0.015625
34 23 119 34 61 0.015625
34 23 121 34 61 0.015625
34 23 126 34 63 0.015625
34 23 127 34 64 0.015625
34 23 128 34 64 0.015625
34 23 129 34 64 0.015625
34 23 130 34 64 0.015625
34 23 136 34 7 0.015625
34 23 139 34 8 0.015625
34 23 140 34 9 0.015625
34 23 143 34 10 0.015625
34 23 144 34 10 0.015625
34 23 145 34 24 0.015625
34 23 151 34 30 0.015625
34 23 153 34 30 0.015625
34 23 155 34 56 0.015625
34 23 161 34 62 0.015625
34 23 163 34 63 0.015625
34 23 164 34 64 0.015625
34 23 165 34 65 0.015625
34 23 167 34 6 0.015625
34 23 169 34 6 0.015625
34 23 171 34 6 0.015625
34 23 183 34 11 0.015625
34 23 186 34 29 0.015625
34 23 190 34 55 0.015625
34 23 196 34 8 0.015625
34 23 198 34 30 0.015625
34 35 0 34 24 0.046875
34 35 1 34 25 0.015625
34 35 2 34 26 0.03125
34 35 3 34 27 0.015625
34 35 4 34 28 0.015625
34 35 5 34 29 0.015625
34 35 6 34 30 0.015625
34 35 7 34 52 0.015625
34 35 8 34 53 0.015625
34 35 9 34 54 0.015625
34 35 10 34 55 0.015625
34 35 12 34 57 0.03125
34 35 13 34 58 0.03125
34 35 14 34 59 0.015625
34 35 15 34 60 0.015625
34 35 16 34 61 0.015625
34 35 17 34 62 0.015625
34 35 20 34 65 0.015625
34 35 22 34 7 0.015625
34 35 23 34 8 0.015625
34 35 25 34 10 0.015625
34 35 26 34 11 0.03125
34 35 27 34 25 0.015625
34 35 28 34 54 0.015625
34 35 30 34 62 0.015625
34 35 31 34 7 0.015625
34 35 32 34 24 0.015625
34 35 34 34 27 0.03125
34 35 35 34 28 0.015625
34 35 36 34 28 0.015625
34 35 37 34 28 0.015625
34 35 38 34 28 0.015625
34 35 39 34 28 0.015625
34 35 40 34 30 0.015625
34 35 41 34 30 0.015625
34 35 42 34 53 0.015625
34 35 43 34 53 0.015625
34 35 44 34 55 0.015625
34 35 45 34 56 0.015625
34 35 46 34 56 0.015625
34 35 48 34 58 0.015625
34 35 49 34 58 0.015625
34 35 52 34 62 0.015625
34 35 54 34 62 0.015625
34 35 56 34 65 0.015625
34 35 58 34 6 0.015625
34 35 63 34 8 0.015625
34 35 65 34 9 0.015625
34 35 67 34 9 0.015625
34 35 68 34 9 0.015625
34 35 69 34 10 0.015625
34 35 70 34 10 0.015625
34 35 73 34 53 0.015625
34 35 77 34 56 0.015625
34 35 78 34 56 0.015625
34 35 80 34 24 0.015625
34 35 82 34 9 0.015625
36 4 6 36 30 0.015625
36 4 9 36 54 0.015625
36 4 13 36 58 0.015625
36 4 17 36 54 0.015625
36 4 20 36 57 0.015625
36 4 31 36 64 0.015625
36 4 33 36 64 0.015625
36 4 36 36 24 0.015625
36 4 43 36 28 0.015625
36 4 44 36 30 0.015625
36 4 45 36 30 0.015625
36 4 47 36 30 0.015625
36 4 48 36 52 0.015625
36 4 60 36 62 0.015625
36 4 62 36 63 0.015625
36 4 66 36 6 0.015625
36 4 68 36 6 0.015625
36 4 83 36 27 0.015625
36 4 84 36 28 0.03125
36 4 87 36 54 0.015625
36 4 90 36 59 0.015625
36 4 93 36 60 0.015625
36 4 94 36 60 0.015625
36 4 95 36 61 0.015625
36 4 96 36 61 0.015625
36 4 98 36 62 0.015625
36 4 99 36 63 0.015625
36 4 100 36 63 0.015625
36 4 101 36 64 0.015625
36 4 104 36 64 0.015625
36 4 107 36 65 0.015625
36 4 108 36 6 0.015625
36 4 109 36 6 0.015625
36 4 114 36 7 0.015625
36 4 122 36 9 0.015625
36 4 123 36 10 0.015625
36 4 124 36 10 0.015625
36 4 125 36 10 0.015625
36 4 126 36 11 0.015625
36 4 132 36 27 0.015625
36 4 138 36 60 0.015625
36 4 141 36 61 0.015625
36 4 144 36 63 0.015625
36 4 145 36 64 0.015625
36 4 146 36 64 0.015625
36 4 150 36 6 0.015625
36 4 151 36 6 0.015625
36 4 153 36 6 0.015625
36 4 159 36 10 0.015625
36 4 162 36 11 0.015625
36 4 164 36 30 0.015625
36 4 168 36 60 0.015625
36 4 169 36 60 0.015625
36 4 170 36 61 0.015625
36 4 171 36 61 0.015625
36 4 173 36 62 0.015625
36 4 176 36 63 0.015625
36 4 178 36 7 0.015625
36 4 181 36 11 0.015625
36 4 182 36 28 0.015625
36 4 183 36 28 0.015625
36 4 184 36 30 0.015625
36 4 186 36 11 0.015625
36 20 0 36 52 0.015625
36 20 6 36 58 0.015625
36 20 7 36 24 0.015625
36 20 11 36 24 0.015625
36 20 16 36 26 0.015625
36 20 17 36 26 0.015625
36 20 24 36 28 0.015625
36 20 29 36 29 0.015625
36 20 30 36 29 0.015625
36 20 33 36 52 0.015625
36 20 43 36 26 0.015625
36 20 45 36 27 0.015625
36 20 49 36 29 0.015625
36 20 51 36 52 0.015625
36 20 53 36 54 0.015625
36 20 58 36 58 0.015625
36 20 60 36 58 0.015625
36 20 67 36 61 0.015625
36 20 71 36 63 0.015625
36 20 75 36 64 0.015625
36 20 79 36 6 0.015625
36 20 84 36 7 0.015625
36 20 87 36 9 0.015625
36 20 88 36 10 0.015625
36 20 90 36 10 0.015625
36 20 92 36 10 0.015625
36 20 93 36 11 0.015625
36 20 95 36 11 0.015625
36 20 98 36 24 0.015625
36 20 102 36 28 0.015625
36 20 103 36 29 0.015625
36 20 107 36 56 0.015625
36 20 110 36 60 0.015625
36 20 114 36 61 0.015625
36 20 117 36 61 0.015625
36 20 125 36 63 0.015625
36 20 127 36 64 0.015625
36 20 128 36 64 0.015625
36 20 130 36 65 0.015625
36 20 135 36 7 0.015625
36 20 136 36 7 0.015625
36 20 138 36 8 0.015625
36 20 141 36 10 0.015625
36 20 142 36 24 0.015625
36 20 144 36 25 0.015625
36 20 146 36 28 0.015625
36 20 147 36 28 0.015625
36 20 150 36 30 0.015625
36 20 151 36 30 0.015625
36 20 153 36 56 0.015625
36 20 160 36 63 0.015625
36 20 161 36 64 0.015625
36 20 162 36 65 0.015625
36 20 166 36 6 0.015625
36 20 168 36 6 0.015625
36 20 172 36 8 0.015625
36 20 177 36 10 0.015625
36 20 179 36 10 0.015625
36 20 181 36 11 0.015625
36 20 184 36 28 0.015625
36 20 186 36 30 0.015625
36 20 190 36 60 0.015625
36 20 191 36 61 0.015625
36 20 192 36 61 0.015625
36 23 0 36 52 0.015625
36 23 6 36 58 0.015625
36 23 10 36 24 0.015625
36 23 15 36 26 0.015625
36 23 18 36 27 0.015625
36 23 21 36 27 0.015625
36 23 23 36 28 0.015625
36 23 30 36 52 0.015625
36 23 46 36 29 0.015625
36 23 47 36 30 0.015625
36 23 50 36 52 0.015625
36 23 51 36 54 0.015625
36 23 54 36 55 0.015625
36 23 70 36 63 0.015625
36 23 76 36 64 0.015625
36 23 87 36 8 0.015625
36 23 88 36 8 0.015625
36 23 91 36 10 0.015625
36 23 96 36 11 0.015625
36 23 99 36 11 0.015625
36 23 100 36 11 0.015625
36 23 105 36 27 0.015625
36 23 106 36 27 0.015625
36 23 107 36 29 0.015625
36 23 109 36 30 0.015625
36 23 110 36 54 0.015625
36 23 111 36 56 0.015625
36 23 113 36 60 0.015625
36 23 114 36 60 0.015625
36 23 116 36 60 0.015625
36 23 117 36 61 0.015625
36 23 119 36 61 0.015625
36 23 120 36 61 0.015625
36 23 125 36 63 0.015625
36 23 127 36 64 0.015625
36 23 128 36 64 0.015625
36 23 129 36 64 0.015625
36 23 132 36 65 0.015625
36 23 137 36 7 0.015625
36 23 139 36 8 0.015625
36 23 140 36 9 0.015625
36 23 142 36 10 0.015625
36 23 143 36 10 0.015625
36 23 144 36 24 0.015625
36 23 145 36 24 0.015625
36 23 146 36 25 0.015625
36 23 149 36 28 0.015625
36 23 153 36 30 0.015625
36 23 154 36 30 0.015625
36 23 157 36 58 0.015625
36 23 163 36 63 0.015625
36 23 164 36 64 0.015625
36 23 165 36 65 0.015625
36 23 168 36 6 0.015625
36 23 178 36 10 0.015625
36 23 179 36 10 0.015625
36 23 181 36 11 0.015625
36 23 183 36 28 0.015625
36 23 184 36 29 0.015625
36 23 186 36 52 0.015625
36 23 190 36 60 0.015625
36 23 191 36 61 0.015625
36 23 194 36 62 0.015625
36 23 199 36 30 0.015625
36 35 0 36 24 0.046875
36 35 2 36 26 0.03125
36 35 3 36 27 0.015625
36 35 4 36 28 0.015625
36 35 5 36 29 0.015625
36 35 7 36 52 0.015625
36 35 8 36 53 0.015625
36 35 9 36 54 0.015625
36 35 12 36 57 0.015625
36 35 13 36 58 0.03125
36 35 14 36 59 0.046875
36 35 15 36 60 0.015625
36 35 16 36 61 0.015625
36 35 17 36 62 0.015625
36 35 20 36 65 0.015625
36 35 22 36 7 0.015625
36 35 23 36 8 0.015625
36 35 25 36 10 0.015625
36 35 26 36 11 0.03125
36 35 28 36 52 0.03125
36 35 29 36 54 0.015625
36 35 30 36 62 0.015625
36 35 32 36 7 0.015625
36 35 33 36 24 0.015625
36 35 35 36 24 0.015625
36 35 36 36 28 0.015625
36 35 37 36 28 0.015625
36 35 38 36 28 0.03125
36 35 39 36 28 0.015625
36 35 40 36 29 0.015625
36 35 41 36 30 0.015625
36 35 42 36 30 0.03125
36 35 43 36 52 0.015625
36 35 46 36 55 0.015625
36 35 48 36 57 0.015625
36 35 49 36 58 0.015625
36 35 50 36 58 0.015625
36 35 52 36 58 0.015625
36 35 53 36 58 0.015625
36 35 54 36 58 0.015625
36 35 57 36 61 0.03125
36 35 58 36 62 0.015625
36 35 59 36 63 0.015625
36 35 60 36 63 0.015625
36 35 61 36 63 0.015625
36 35 62 36 65 0.015625
36 35 67 36 8 0.015625
36 35 68 36 10 0.015625
36 35 69 36 10 0.015625
36 35 70 36 10 0.015625
36 35 75 36 61 0.015625
36 35 77 36 56 0.015625
36 35 79 36 24 0.015625
44 4 4 44 77 0.015625
44 4 10 44 76 0.015625
44 4 14 44 45 0.015625
44 4 17 44 46 0.015625
44 4 39 44 77 0.015625
44 4 49 44 12 0.015625
44 4 50 44 12 0.015625
44 4 57 44 17 0.015625
44 4 58 44 17 0.015625
44 4 59 44 17 0.015625
44 4 60 44 17 0.015625
44 4 63 44 17 0.015625
44 4 66 44 66 0.015625
44 4 67 44 67 0.015625
44 4 68 44 67 0.015625
44 4 69 44 68 0.015625
44 4 76 44 72 0.015625
44 4 77 44 72 0.015625
44 4 82 44 47 0.015625
44 4 84 44 49 0.015625
44 4 92 44 12 0.015625
44 4 95 44 12 0.015625
44 4 102 44 15 0.015625
44 4 109 44 66 0.015625
44 4 110 44 66 0.015625
44 4 113 44 66 0.015625
44 4 116 44 67 0.015625
44 4 117 44 67 0.015625
44 4 119 44 67 0.015625
44 4 120 44 68 0.015625
44 4 121 44 68 0.015625
44 4 122 44 68 0.015625
44 4 123 44 69 0.015625
44 4 124 44 69 0.015625
44 4 127 44 71 0.015625
44 4 128 44 71 0.015625
44 4 129 44 71 0.015625
44 4 130 44 71 0.015625
44 4 131 44 71 0.015625
44 4 133 44 71 0.015625
44 4 136 44 72 0.015625
44 4 137 44 72 0.015625
44 4 151 44 77 0.015625
44 4 152 44 78 0.015625
44 4 154 44 12 0.015625
44 4 157 44 12 0.015625
44 4 161 44 16 0.015625
44 4 163 44 17 0.015625
44 4 164 44 17 0.015625
44 4 167 44 67 0.015625
44 4 168 44 68 0.015625
44 4 169 44 68 0.015625
44 4 172 44 70 0.015625
44 4 174 44 71 0.015625
44 4 176 44 46 0.015625
44 4 180 44 49 0.015625
44 4 181 44 49 0.015625
44 4 183 44 50 0.015625
44 4 184 44 51 0.015625
44 4 187 44 12 0.015625
44 4 191 44 68 0.015625
44 4 192 44 69 0.015625
44 4 197 44 77 0.015625
44 4 198 44 16 0.015625
44 20 2 44 75 0.015625
44 20 3 44 76 0.015625
44 20 4 44 77 0.015625
44 20 7 44 45 0.015625
44 20 10 44 48 0.015625
44 20 18 44 76 0.015625
44 20 30 44 67 0.015625
44 20 32 44 68 0.015625
44 20 34 44 69 0.015625
44 20 39 44 72 0.015625
44 20 41 44 72 0.015625
44 20 43 44 73 0.015625
44 20 45 44 74 0.015625
44 20 50 44 77 0.015625
44 20 54 44 79 0.015625
44 20 58 44 12 0.015625
44 20 61 44 15 0.015625
44 20 66 44 72 0.015625
44 20 67 44 45 0.015625
44 20 80 44 78 0.015625
44 20 82 44 12 0.015625
44 20 84 44 12 0.015625
44 20 85 44 12 0.015625
44 20 88 44 12 0.015625
44 20 93 44 13 0.015625
44 20 94 44 13 0.015625
44 20 96 44 14 0.015625
44 20 99 44 14 0.015625
44 20 100 44 15 0.015625
44 20 108 44 17 0.015625
44 20 113 44 17 0.015625
44 20 117 44 66 0.015625
44 20 121 44 67 0.015625
44 20 122 44 67 0.015625
44 20 123 44 67 0.015625
44 20 130 44 68 0.015625
44 20 132 44 68 0.015625
44 20 139 44 70 0.015625
44 20 145 44 49 0.015625
44 20 148 44 12 0.015625
44 20 149 44 12 0.015625
44 20 150 44 12 0.015625
44 20 153 44 15 0.015625
44 20 156 44 17 0.015625
44 20 160 44 66 0.015625
44 20 162 44 67 0.015625
44 20 165 44 69 0.015625
44 20 167 44 69 0.015625
44 20 169 44 70 0.015625
44 20 170 44 70 0.015625
44 20 172 44 71 0.015625
44 20 174 44 72 0.015625
44 20 175 44 47 0.015625
44 20 178 44 48 0.015625
44 20 179 44 50 0.015625
44 20 180 44 51 0.015625
44 20 184 44 12 0.015625
44 20 186 44 68 0.015625
44 20 188 44 71 0.015625
44 20 190 44 71 0.015625
44 20 191 44 72 0.015625
44 20 197 44 68 0.015625
44 20 198 44 45 0.015625
44 20 199 44 50 0.015625
44 23 2 44 75 0.015625
44 23 3 44 76 0.015625
44 23 4 44 77 0.015625
44 23 18 44 76 0.015625
44 23 27 44 66 0.015625
44 23 29 44 68 0.015625
44 23 35 44 71 0.015625
44 23 36 44 71 0.015625
44 23 39 44 72 0.015625
44 23 41 44 72 0.015625
44 23 52 44 79 0.015625
44 23 61 44 66 0.015625
44 23 63 44 72 0.015625
44 23 72 44 49 0.015625
44 23 80 44 74 0.015625
44 23 85 44 78 0.015625
44 23 86 44 78 0.015625
44 23 87 44 79 0.015625
44 23 88 44 12 0.015625
44 23 90 44 12 0.015625
44 23 93 44 12 0.015625
44 23 100 44 13 0.015625
44 23 105 44 14 0.015625
44 23 107 44 15 0.015625
44 23 112 44 17 0.015625
44 23 114 44 17 0.015625
44 23 115 44 17 0.015625
44 23 116 44 17 0.015625
44 23 118 44 17 0.015625
44 23 123 44 66 0.015625
44 23 124 44 66 0.015625
44 23 126 44 67 0.015625
44 23 130 44 67 0.015625
44 23 133 44 68 0.015625
44 23 134 44 68 0.015625
44 23 140 44 70 0.015625
44 23 143 44 71 0.015625
44 23 144 44 72 0.015625
44 23 148 44 12 0.015625
44 23 150 44 12 0.015625
44 23 155 44 17 0.015625
44 23 156 44 17 0.015625
44 23 158 44 66 0.015625
44 23 161 44 67 0.015625
44 23 162 44 67 0.015625
44 23 163 44 67 0.015625
44 23 165 44 68 0.015625
44 23 166 44 68 0.015625
44 23 167 44 69 0.015625
44 23 172 44 70 0.015625
44 23 173 44 71 0.015625
44 23 174 44 71 0.015625
44 23 175 44 72 0.015625
44 23 177 44 47 0.015625
44 23 179 44 48 0.015625
44 23 181 44 51 0.015625
44 23 182 44 78 0.015625
44 23 184 44 12 0.015625
44 23 188 44 68 0.015625
44 23 190 44 71 0.015625
44 23 191 44 71 0.015625
44 23 192 44 72 0.015625
44 23 193 44 72 0.015625
44 23 198 44 75 0.015625
44 35 0 44 12 0.015625
44 35 8 44 14 0.015625
44 35 12 44 17 0.015625
44 35 16 44 17 0.015625
44 35 17 44 17 0.015625
44 35 27 44 71 0.015625
44 35 30 44 73 0.015625
44 35 32 44 74 0.015625
44 35 34 44 75 0.015625
44 35 38 44 77 0.015625
44 35 49 44 79 0.015625
44 35 57 44 12 0.015625
44 35 58 44 14 0.015625
44 35 59 44 16 0.015625
44 35 60 44 17 0.015625
44 35 61 44 17 0.015625
44 35 62 44 66 0.015625
44 35 68 44 71 0.015625
44 35 71 44 45 0.015625
44 35 74 44 46 0.015625
44 35 75 44 46 0.015625
44 35 77 44 47 0.015625
44 35 80 44 47 0.015625
44 35 82 44 50 0.015625
44 35 88 44 74 0.015625
44 35 94 44 77 0.015625
44 35 98 44 78 0.015625
44 35 100 44 12 0.015625
44 35 101 44 12 0.015625
44 35 103 44 12 0.015625
44 35 108 44 15 0.015625
44 35 114 44 66 0.015625
44 35 116 44 67 0.015625
44 35 117 44 67 0.015625
44 35 122 44 69 0.015625
44 35 126 44 71 0.015625
44 35 127 44 71 0.015625
44 35 129 44 71 0.015625
44 35 130 44 72 0.015625
44 35 131 44 72 0.015625
44 35 133 44 72 0.015625
44 35 135 44 45 0.015625
44 35 140 44 49 0.015625
44 35 145 44 51 0.015625
44 35 151 44 74 0.015625
44 35 157 44 77 0.015625
44 35 158 44 77 0.015625
44 35 162 44 12 0.015625
44 35 163 44 13 0.015625
44 35 165 44 16 0.015625
44 35 167 44 17 0.015625
44 35 168 44 17 0.015625
44 35 169 44 66 0.015625
44 35 172 44 68 0.015625
44 35 174 44 71 0.015625
44 35 175 44 72 0.015625
44 35 176 44 45 0.015625
44 35 178 44 46 0.015625
44 35 186 44 51 0.015625
44 35 189 44 78 0.015625
44 35 190 44 79 0.015625
44 35 194 44 68 0.015625
44 35 195 44 69 0.015625
44 35 198 44 16 0.015625
46 4 2 46 75 0.015625
46 4 8 46 19 0.015625
46 4 9 46 20 0.015625
46 4 12 46 23 0.015625
46 4 15 46 19 0.015625
46 4 16 46 19 0.015625
46 4 20 46 21 0.015625
46 4 21 46 21 0.015625
46 4 22 46 21 0.015625
46 4 26 46 38 0.015625
46 4 31 46 42 0.015625
46 4 32 46 43 0.015625
46 4 33 46 44 0.015625
46 4 40 46 75 0.015625
46 4 52 46 19 0.015625
46 4 54 46 21 0.015625
46 4 55 46 21 0.015625
46 4 57 46 22 0.015625
46 4 62 46 68 0.015625
46 4 66 46 72 0.015625
46 4 67 46 72 0.015625
46 4 76 46 19 0.015625
46 4 80 46 21 0.015625
46 4 82 46 66 0.015625
46 4 86 46 66 0.015625
46 4 89 46 67 0.015625
46 4 93 46 67 0.015625
46 4 98 46 68 0.015625
46 4 105 46 70 0.015625
46 4 106 46 71 0.015625
46 4 108 46 71 0.015625
46 4 109 46 71 0.015625
46 4 113 46 71 0.015625
46 4 123 46 38 0.015625
46 4 126 46 38 0.015625
46 4 137 46 42 0.015625
46 4 139 46 42 0.015625
46 4 140 46 43 0.015625
46 4 141 46 43 0.015625
46 4 142 46 44 0.015625
46 4 143 46 44 0.015625
46 4 144 46 44 0.015625
46 4 145 46 44 0.015625
46 4 146 46 74 0.015625
46 4 147 46 74 0.015625
46 4 150 46 76 0.015625
46 4 151 46 19 0.015625
46 4 157 46 68 0.015625
46 4 158 46 68 0.015625
46 4 159 46 68 0.015625
46 4 160 46 69 0.015625
46 4 165 46 70 0.015625
46 4 166 46 70 0.015625
46 4 170 46 38 0.015625
46 4 171 46 38 0.015625
46 4 175 46 43 0.015625
46 4 181 46 74 0.015625
46 4 182 46 75 0.015625
46 4 183 46 75 0.015625
46 4 190 46 67 0.015625
46 4 192 46 67 0.015625
46 4 195 46 70 0.015625
46 4 198 46 43 0.015625
46 4 199 46 67 0.015625
46 20 3 46 75 0.015625
46 20 4 46 76 0.015625
46 20 9 46 74 0.015625
46 20 27 46 19 0.015625
46 20 30 46 19 0.015625
46 20 31 46 19 0.015625
46 20 33 46 19 0.015625
46 20 38 46 21 0.015625
46 20 45 46 23 0.015625
46 20 56 46 68 0.015625
46 20 58 46 69 0.015625
46 20 63 46 72 0.015625
46 20 65 46 72 0.015625
46 20 67 46 38 0.015625
46 20 74 46 43 0.015625
46 20 78 46 44 0.015625
46 20 84 46 19 0.015625
46 20 86 46 72 0.015625
46 20 87 46 38 0.015625
46 20 94 46 75 0.015625
46 20 95 46 76 0.015625
46 20 99 46 18 0.015625
46 20 100 46 19 0.015625
46 20 101 46 19 0.015625
46 20 102 46 19 0.015625
46 20 103 46 19 0.015625
46 20 104 46 21 0.015625
46 20 107 46 22 0.015625
46 20 112 46 66 0.015625
46 20 113 46 66 0.015625
46 20 114 46 66 0.015625
46 20 117 46 67 0.015625
46 20 121 46 68 0.015625
46 20 122 46 68 0.015625
46 20 124 46 68 0.015625
46 20 126 46 70 0.015625
46 20 135 46 40 0.015625
46 20 136 46 41 0.015625
46 20 139 46 44 0.015625
46 20 141 46 66 0.015625
46 20 146 46 68 0.015625
46 20 147 46 68 0.015625
46 20 148 46 69 0.015625
46 20 151 46 70 0.015625
46 20 152 46 70 0.015625
46 20 155 46 71 0.015625
46 20 160 46 39 0.015625
46 20 161 46 40 0.015625
46 20 163 46 40 0.015625
46 20 165 46 41 0.015625
46 20 166 46 42 0.015625
46 20 169 46 43 0.015625
46 20 171 46 43 0.015625
46 20 176 46 74 0.015625
46 20 177 46 74 0.015625
46 20 180 46 22 0.015625
46 20 184 46 67 0.015625
46 20 188 46 71 0.015625
46 20 191 46 38 0.015625
46 20 192 46 39 0.015625
46 20 193 46 42 0.015625
46 20 195 46 43 0.015625
46 20 197 46 18 0.015625
46 20 198 46 67 0.015625
46 23 3 46 75 0.015625
46 23 12 46 74 0.015625
46 23 28 46 19 0.015625
46 23 30 46 19 0.015625
46 23 32 46 19 0.015625
46 23 44 46 21 0.015625
46 23 47 46 21 0.015625
46 23 51 46 66 0.015625
46 23 55 46 68 0.015625
46 23 63 46 72 0.015625
46 23 64 46 72 0.015625
46 23 76 46 44 0.015625
46 23 79 46 73 0.015625
46 23 82 46 19 0.015625
46 23 84 46 72 0.015625
46 23 87 46 41 0.015625
46 23 88 46 44 0.015625
46 23 93 46 75 0.015625
46 23 94 46 76 0.015625
46 23 96 46 78 0.015625
46 23 98 46 18 0.015625
46 23 100 46 19 0.015625
46 23 105 46 21 0.015625
46 23 107 46 22 0.015625
46 23 109 46 22 0.015625
46 23 112 46 66 0.015625
46 23 113 46 66 0.015625
46 23 114 46 66 0.015625
46 23 115 46 67 0.015625
46 23 119 46 68 0.015625
46 23 120 46 68 0.015625
46 23 123 46 70 0.015625
46 23 124 46 71 0.015625
46 23 125 46 71 0.015625
46 23 129 46 72 0.015625
46 23 132 46 40 0.015625
46 23 134 46 42 0.015625
46 23 136 46 44 0.015625
46 23 137 46 21 0.015625
46 23 139 46 66 0.015625
46 23 142 46 67 0.015625
46 23 144 46 68 0.015625
46 23 146 46 68 0.015625
46 23 147 46 69 0.015625
46 23 151 46 70 0.015625
46 23 154 46 71 0.015625
46 23 156 46 71 0.015625
46 23 159 46 39 0.015625
46 23 163 46 40 0.015625
46 23 165 46 41 0.015625
46 23 166 46 42 0.015625
46 23 178 46 74 0.015625
46 23 179 46 74 0.015625
46 23 185 46 67 0.015625
46 23 188 46 70 0.015625
46 23 190 46 71 0.015625
46 23 191 46 72 0.015625
46 23 193 46 38 0.015625
46 23 194 46 39 0.015625
46 23 195 46 42 0.015625
46 23 196 46 43 0.015625
46 23 197 46 75 0.015625
46 23 198 46 18 0.015625
46 23 199 46 67 0.015625
46 35 1 46 18 0.015625
46 35 3 46 19 0.015625
46 35 11 46 21 0.015625
46 35 13 46 21 0.015625
46 35 23 46 68 0.015625
46 35 26 46 69 0.015625
46 35 29 46 71 0.015625
46 35 31 46 72 0.015625
46 35 34 46 75 0.015625
46 35 35 46 76 0.015625
46 35 36 46 77 0.015625
46 35 37 46 77 0.015625
46 35 40 46 78 0.015625
46 35 46 46 18 0.015625
46 35 47 46 18 0.015625
46 35 52 46 21 0.015625
46 35 53 46 21 0.015625
46 35 56 46 22 0.015625
46 35 59 46 66 0.015625
46 35 62 46 67 0.015625
46 35 67 46 70 0.015625
46 35 70 46 71 0.015625
46 35 72 46 71 0.015625
46 35 73 46 71 0.015625
46 35 76 46 38 0.015625
46 35 77 46 39 0.015625
46 35 82 46 41 0.015625
46 35 84 46 42 0.015625
46 35 87 46 44 0.015625
46 35 88 46 44 0.015625
46 35 90 46 44 0.015625
46 35 92 46 74 0.015625
46 35 95 46 74 0.015625
46 35 108 46 18 0.015625
46 35 109 46 18 0.015625
46 35 110 46 18 0.015625
46 35 111 46 19 0.015625
46 35 113 46 19 0.015625
46 35 116 46 19 0.015625
46 35 121 46 21 0.015625
46 35 123 46 22 0.015625
46 35 125 46 66 0.015625
46 35 126 46 66 0.015625
46 35 128 46 67 0.015625
46 35 129 46 67 0.015625
46 35 134 46 70 0.015625
46 35 135 46 71 0.015625
46 35 138 46 71 0.015625
46 35 145 46 38 0.015625
46 35 149 46 40 0.015625
46 35 152 46 41 0.015625
46 35 156 46 44 0.015625
46 35 158 46 74 0.015625
46 35 169 46 66 0.015625
46 35 171 46 68 0.015625
46 35 173 46 72 0.015625
46 35 174 46 38 0.015625
46 35 176 46 42 0.015625
46 35 179 46 43 0.015625
46 35 180 46 43 0.015625
46 35 191 46 19 0.015625
46 35 192 46 21 0.015625
46 35 193 46 22 0.015625
46 35 198 46 44 0.015625
52 4 7 52 30 0.015625
52 4 10 52 20 0.015625
52 4 13 52 23 0.078125
52 4 27 52 30 0.015625
52 4 28 52 30 0.015625
52 4 34 52 1 0.015625
52 4 40 52 3 0.015625
52 4 46 52 5 0.015625
52 4 53 52 33 0.015625
52 4 54 52 33 0.015625
52 4 56 52 34 0.015625
52 4 57 52 34 0.015625
52 4 60 52 36 0.015625
52 4 61 52 36 0.015625
52 4 64 52 22 0.015625
52 4 65 52 22 0.015625
52 4 72 52 30 0.015625
52 4 77 52 36 0.015625
52 4 78 52 37 0.015625
52 4 79 52 37 0.015625
52 4 82 52 21 0.015625
52 4 83 52 21 0.015625
52 4 84 52 21 0.015625
52 4 90 52 25 0.015625
52 4 91 52 26 0.015625
52 4 94 52 27 0.015625
52 4 95 52 30 0.015625
52 4 98 52 2 0.015625
52 4 100 52 2 0.015625
52 4 102 52 3 0.015625
52 4 103 52 3 0.015625
52 4 104 52 3 0.015625
52 4 105 52 5 0.015625
52 4 109 52 33 0.015625
52 4 110 52 33 0.015625
52 4 111 52 33 0.015625
52 4 113 52 34 0.015625
52 4 121 52 37 0.015625
52 4 123 52 37 0.015625
52 4 125 52 21 0.015625
52 4 131 52 29 0.015625
52 4 136 52 33 0.015625
52 4 137 52 33 0.015625
52 4 138 52 33 0.015625
52 4 139 52 34 0.015625
52 4 140 52 36 0.015625
52 4 142 52 36 0.015625
52 4 143 52 37 0.015625
52 4 149 52 1 0.015625
52 4 151 52 2 0.015625
52 4 153 52 3 0.015625
52 4 156 52 5 0.015625
52 4 157 52 33 0.015625
52 4 159 52 36 0.015625
52 4 160 52 36 0.015625
52 4 162 52 37 0.015625
52 4 163 52 21 0.015625
52 4 164 52 25 0.015625
52 4 166 52 2 0.015625
52 4 168 52 31 0.015625
52 20 5 52 4 0.015625
52 20 6 52 24 0.015625
52 20 10 52 24 0.015625
52 20 16 52 26 0.015625
52 20 28 52 29 0.015625
52 20 29 52 29 0.015625
52 20 32 52 30 0.015625
52 20 41 52 5 0.015625
52 20 46 52 34 0.015625
52 20 49 52 36 0.015625
52 20 51 52 37 0.015625
52 20 54 52 18 0.015625
52 20 56 52 19 0.015625
52 20 58 52 19 0.015625
52 20 62 52 22 0.015625
52 20 64 52 22 0.015625
52 20 65 52 22 0.015625
52 20 75 52 27 0.015625
52 20 77 52 30 0.015625
52 20 79 52 3 0.015625
52 20 83 52 36 0.015625
52 20 84 52 19 0.015625
52 20 93 52 27 0.015625
52 20 94 52 28 0.015625
52 20 95 52 29 0.015625
52 20 98 52 30 0.015625
52 20 103 52 31 0.015625
52 20 105 52 31 0.015625
52 20 106 52 32 0.015625
52 20 110 52 33 0.015625
52 20 112 52 34 0.015625
52 20 113 52 34 0.015625
52 20 118 52 36 0.015625
52 20 119 52 36 0.015625
52 20 120 52 37 0.015625
52 20 122 52 37 0.015625
52 20 131 52 18 0.015625
52 20 132 52 18 0.015625
52 20 133 52 19 0.015625
52 20 135 52 21 0.015625
52 20 137 52 21 0.015625
52 20 138 52 22 0.015625
52 20 139 52 22 0.015625
52 20 140 52 22 0.015625
52 20 145 52 25 0.015625
52 20 147 52 26 0.015625
52 20 148 52 27 0.015625
52 20 149 52 28 0.015625
52 20 150 52 28 0.015625
52 20 151 52 28 0.015625
52 20 152 52 29 0.015625
52 20 154 52 30 0.015625
52 20 157 52 31 0.015625
52 20 160 52 32 0.015625
52 20 161 52 33 0.015625
52 20 163 52 33 0.015625
52 20 164 52 33 0.015625
52 20 165 52 34 0.015625
52 20 170 52 37 0.015625
52 20 171 52 37 0.015625
52 20 182 52 30 0.015625
52 20 184 52 3 0.015625
52 20 195 52 22 0.015625
52 20 199 52 21 0.015625
52 23 5 52 4 0.015625
52 23 10 52 24 0.015625
52 23 15 52 26 0.015625
52 23 28 52 30 0.015625
52 23 43 52 33 0.015625
52 23 46 52 34 0.015625
52 23 56 52 19 0.015625
52 23 58 52 19 0.015625
52 23 66 52 22 0.015625
52 23 68 52 22 0.015625
52 23 78 52 30 0.015625
52 23 79 52 30 0.015625
52 23 80 52 2 0.015625
52 23 86 52 19 0.015625
52 23 91 52 25 0.015625
52 23 95 52 27 0.015625
52 23 96 52 27 0.015625
52 23 97 52 28 0.015625
52 23 98 52 28 0.015625
52 23 99 52 29 0.015625
52 23 101 52 30 0.015625
52 23 108 52 31 0.015625
52 23 110 52 31 0.015625
52 23 111 52 32 0.015625
52 23 113 52 33 0.015625
52 23 114 52 33 0.03125
52 23 115 52 33 0.015625
52 23 116 52 34 0.015625
52 23 117 52 34 0.015625
52 23 118 52 34 0.015625
52 23 123 52 36 0.015625
52 23 127 52 37 0.015625
52 23 129 52 37 0.015625
52 23 133 52 18 0.015625
52 23 134 52 19 0.015625
52 23 138 52 21 0.015625
52 23 140 52 21 0.015625
52 23 141 52 22 0.015625
52 23 143 52 25 0.015625
52 23 144 52 26 0.015625
52 23 145 52 26 0.015625
52 23 146 52 27 0.015625
52 23 147 52 28 0.015625
52 23 150 52 29 0.015625
52 23 155 52 31 0.015625
52 23 156 52 31 0.015625
52 23 159 52 33 0.015625
52 23 160 52 33 0.015625
52 23 162 52 33 0.015625
52 23 163 52 33 0.015625
52 23 164 52 34 0.015625
52 23 168 52 36 0.015625
52 23 170 52 37 0.015625
52 23 171 52 37 0.015625
52 23 173 52 37 0.015625
52 23 176 52 21 0.015625
52 23 177 52 21 0.015625
52 23 180 52 29 0.015625
52 23 181 52 30 0.015625
52 23 183 52 3 0.015625
52 23 187 52 5 0.015625
52 23 188 52 33 0.015625
52 23 189 52 36 0.015625
52 35 1 52 24 0.015625
52 35 3 52 26 0.015625
52 35 9 52 0 0.015625
52 35 12 52 0 0.015625
52 35 13 52 24 0.015625
52 35 20 52 28 0.015625
52 35 22 52 29 0.015625
52 35 25 52 30 0.015625
52 35 29 52 1 0.015625
52 35 40 52 5 0.015625
52 35 42 52 31 0.015625
52 35 49 52 32 0.015625
52 35 50 52 33 0.015625
52 35 53 52 33 0.015625
52 35 54 52 33 0.015625
52 35 56 52 33 0.015625
52 35 58 52 34 0.015625
52 35 59 52 34 0.015625
52 35 60 52 34 0.015625
52 35 61 52 34 0.015625
52 35 62 52 36 0.015625
52 35 64 52 36 0.015625
52 35 69 52 37 0.015625
52 35 70 52 37 0.015625
52 35 73 52 37 0.015625
52 35 76 52 18 0.015625
52 35 81 52 21 0.015625
52 35 88 52 1 0.015625
52 35 90 52 2 0.015625
52 35 100 52 37 0.015625
52 35 102 52 0 0.015625
52 35 105 52 25 0.015625
52 35 113 52 2 0.015625
52 35 115 52 3 0.015625
52 35 120 52 31 0.015625
52 35 121 52 33 0.015625
52 35 123 52 33 0.015625
52 35 124 52 34 0.015625
52 35 125 52 37 0.015625
52 35 126 52 37 0.015625
52 35 128 52 18 0.015625
52 35 129 52 18 0.015625
52 35 133 52 19 0.015625
52 35 138 52 21 0.015625
52 35 140 52 22 0.015625
52 35 141 52 22 0.015625
52 35 148 52 1 0.015625
52 35 149 52 1 0.015625
52 35 154 52 2 0.015625
52 35 156 52 3 0.015625
52 35 158 52 3 0.015625
52 35 159 52 3 0.015625
52 35 162 52 18 0.015625
52 35 163 52 18 0.015625
52 35 169 52 22 0.015625
52 35 170 52 22 0.015625
52 35 177 52 29 0.015625
52 35 181 52 3 0.015625
52 35 187 52 21 0.015625
52 35 189 52 21 0.015625
52 35 194 52 5 0.015625
52 35 196 52 33 0.015625
52 35 198 52 37 0.015625
52 35 199 52 37 0.015625
54 4 7 54 30 0.015625
54 4 13 54 23 0.078125
54 4 14 54 0 0.015625
54 4 18 54 0 0.015625
54 4 24 54 25 0.015625
54 4 25 54 25 0.015625
54 4 27 54 28 0.015625
54 4 28 54 28 0.015625
54 4 33 54 30 0.015625
54 4 35 54 1 0.015625
54 4 40 54 1 0.015625
54 4 47 54 3 0.015625
54 4 48 54 3 0.015625
54 4 69 54 34 0.015625
54 4 82 54 30 0.015625
54 4 86 54 31 0.015625
54 4 87 54 32 0.015625
54 4 89 54 36 0.015625
54 4 90 54 36 0.015625
54 4 91 54 36 0.015625
54 4 92 54 36 0.015625
54 4 95 54 21 0.015625
54 4 100 54 25 0.015625
54 4 101 54 25 0.015625
54 4 102 54 25 0.015625
54 4 103 54 26 0.015625
54 4 107 54 27 0.015625
54 4 109 54 1 0.015625
54 4 111 54 2 0.015625
54 4 113 54 2 0.015625
54 4 116 54 3 0.015625
54 4 117 54 3 0.015625
54 4 118 54 5 0.015625
54 4 122 54 33 0.015625
54 4 123 54 33 0.015625
54 4 124 54 33 0.015625
54 4 127 54 34 0.015625
54 4 128 54 34 0.015625
54 4 131 54 36 0.015625
54 4 138 54 21 0.015625
54 4 143 54 29 0.015625
54 4 144 54 30 0.015625
54 4 148 54 33 0.015625
54 4 149 54 33 0.015625
54 4 150 54 34 0.015625
54 4 151 54 36 0.015625
54 4 153 54 36 0.015625
54 4 155 54 37 0.015625
54 4 156 54 18 0.015625
54 4 160 54 1 0.015625
54 4 163 54 2 0.015625
54 4 165 54 3 0.015625
54 4 170 54 34 0.015625
54 4 172 54 36 0.015625
54 4 173 54 36 0.015625
54 4 175 54 37 0.015625
54 4 176 54 21 0.015625
54 4 177 54 25 0.015625
54 4 178 54 2 0.015625
54 4 180 54 31 0.015625
54 20 2 54 1 0.015625
54 20 7 54 0 0.015625
54 20 8 54 24 0.015625
54 20 11 54 24 0.015625
54 20 15 54 25 0.015625
54 20 18 54 26 0.015625
54 20 27 54 28 0.015625
54 20 37 54 30 0.015625
54 20 38 54 1 0.015625
54 20 39 54 1 0.015625
54 20 40 54 1 0.015625
54 20 55 54 36 0.015625
54 20 57 54 37 0.015625
54 20 62 54 19 0.015625
54 20 64 54 19 0.015625
54 20 78 54 27 0.015625
54 20 80 54 29 0.015625
54 20 81 54 30 0.015625
54 20 82 54 30 0.015625
54 20 84 54 3 0.015625
54 20 87 54 36 0.015625
54 20 88 54 19 0.015625
54 20 92 54 25 0.015625
54 20 94 54 25 0.015625
54 20 99 54 28 0.015625
54 20 101 54 1 0.015625
54 20 105 54 5 0.015625
54 20 106 54 31 0.015625
54 20 108 54 31 0.015625
54 20 112 54 33 0.015625
54 20 113 54 33 0.015625
54 20 115 54 34 0.015625
54 20 117 54 34 0.015625
54 20 121 54 36 0.015625
54 20 122 54 36 0.015625
54 20 123 54 36 0.015625
54 20 124 54 36 0.015625
54 20 128 54 37 0.015625
54 20 131 54 18 0.015625
54 20 132 54 18 0.015625
54 20 133 54 18 0.015625
54 20 138 54 21 0.015625
54 20 140 54 22 0.015625
54 20 144 54 25 0.015625
54 20 146 54 26 0.015625
54 20 147 54 27 0.015625
54 20 149 54 28 0.015625
54 20 150 54 28 0.015625
54 20 152 54 30 0.015625
54 20 153 54 30 0.015625
54 20 156 54 31 0.015625
54 20 157 54 31 0.015625
54 20 160 54 33 0.015625
54 20 162 54 33 0.015625
54 20 164 54 34 0.015625
54 20 165 54 34 0.015625
54 20 169 54 36 0.015625
54 20 171 54 37 0.015625
54 20 180 54 30 0.015625
54 20 181 54 1 0.015625
54 20 182 54 2 0.015625
54 20 183 54 3 0.015625
54 20 197 54 33 0.015625
54 20 199 54 21 0.015625
54 23 2 54 1 0.015625
54 23 10 54 24 0.015625
54 23 23 54 27 0.015625
54 23 24 54 28 0.015625
54 23 33 54 30 0.015625
54 23 34 54 1 0.015625
54 23 35 54 1 0.015625
54 23 36 54 1 0.015625
54 23 47 54 33 0.015625
54 23 55 54 36 0.015625
54 23 61 54 19 0.015625
54 23 72 54 22 0.015625
54 23 79 54 25 0.015625
54 23 82 54 29 0.015625
54 23 83 54 30 0.015625
54 23 84 54 30 0.015625
54 23 85 54 2 0.015625
54 23 93 54 25 0.015625
54 23 94 54 25 0.015625
54 23 98 54 27 0.015625
54 23 99 54 27 0.015625
54 23 100 54 28 0.015625
54 23 101 54 28 0.015625
54 23 103 54 30 0.015625
54 23 105 54 1 0.015625
54 23 109 54 31 0.015625
54 23 111 54 31 0.015625
54 23 114 54 33 0.015625
54 23 115 54 33 0.015625
54 23 116 54 34 0.015625
54 23 117 54 34 0.015625
54 23 121 54 36 0.015625
54 23 122 54 36 0.015625
54 23 129 54 37 0.015625
54 23 131 54 18 0.015625
54 23 138 54 21 0.015625
54 23 141 54 25 0.015625
54 23 142 54 26 0.015625
54 23 143 54 26 0.015625
54 23 144 54 27 0.015625
54 23 145 54 28 0.015625
54 23 148 54 30 0.015625
54 23 150 54 30 0.015625
54 23 154 54 31 0.015625
54 23 155 54 31 0.015625
54 23 156 54 31 0.015625
54 23 158 54 33 0.015625
54 23 161 54 33 0.015625
54 23 162 54 33 0.015625
54 23 163 54 34 0.015625
54 23 164 54 34 0.015625
54 23 168 54 36 0.015625
54 23 170 54 36 0.015625
54 23 171 54 36 0.015625
54 23 172 54 37 0.015625
54 23 175 54 21 0.015625
54 23 176 54 21 0.015625
54 23 179 54 30 0.015625
54 23 180 54 2 0.015625
54 23 182 54 3 0.015625
54 23 185 54 33 0.015625
54 23 186 54 34 0.015625
54 23 187 54 34 0.015625
54 23 195 54 33 0.015625
54 35 1 54 24 0.015625
54 35 3 54 26 0.015625
54 35 9 54 0 0.015625
54 35 12 54 0 0.015625
54 35 13 54 25 0.015625
54 35 14 54 25 0.015625
54 35 16 54 27 0.015625
54 35 17 54 28 0.015625
54 35 19 54 28 0.015625
54 35 20 54 30 0.015625
54 35 22 54 30 0.015625
54 35 23 54 30 0.015625
54 35 24 54 1 0.015625
54 35 25 54 1 0.015625
54 35 28 54 1 0.015625
54 35 29 54 1 0.015625
54 35 42 54 31 0.015625
54 35 44 54 31 0.015625
54 35 51 54 32 0.015625
54 35 52 54 33 0.015625
54 35 55 54 33 0.015625
54 35 58 54 33 0.015625
54 35 62 54 34 0.015625
54 35 63 54 34 0.015625
54 35 64 54 36 0.015625
54 35 65 54 36 0.015625
54 35 70 54 36 0.015625
54 35 72 54 37 0.015625
54 35 74 54 37 0.015625
54 35 76 54 18 0.015625
54 35 90 54 30 0.015625
54 35 92 54 2 0.015625
54 35 94 54 2 0.015625
54 35 104 54 22 0.015625
54 35 107 54 25 0.015625
54 35 108 54 25 0.015625
54 35 109 54 25 0.015625
54 35 118 54 2 0.015625
54 35 122 54 33 0.015625
54 35 124 54 33 0.015625
54 35 125 54 34 0.015625
54 35 126 54 34 0.015625
54 35 127 54 37 0.015625
54 35 128 54 18 0.015625
54 35 129 54 18 0.015625
54 35 133 54 19 0.015625
54 35 145 54 1 0.015625
54 35 146 54 1 0.015625
54 35 151 54 2 0.015625
54 35 153 54 3 0.015625
54 35 155 54 3 0.015625
54 35 156 54 3 0.015625
54 35 161 54 18 0.015625
54 35 162 54 18 0.015625
54 35 174 54 29 0.015625
54 35 179 54 3 0.015625
54 35 184 54 34 0.015625
54 35 186 54 18 0.015625
54 35 189 54 21 0.015625
54 35 190 54 21 0.015625
54 35 191 54 21 0.015625
54 35 196 54 33 0.015625
54 35 197 54 33 0.015625
54 35 198 54 36 0.015625
56 4 1 56 24 0.015625
56 4 7 56 30 0.015625
56 4 14 56 0 0.015625
56 4 15 56 0 0.015625
56 4 18 56 0 0.015625
56 4 19 56 0 0.015625
56 4 21 56 24 0.015625
56 4 23 56 25 0.015625
56 4 26 56 28 0.015625
56 4 35 56 1 0.015625
56 4 39 56 2 0.015625
56 4 41 56 3 0.015625
56 4 42 56 3 0.015625
56 4 57 56 34 0.015625
56 4 58 56 34 0.015625
56 4 64 56 36 0.015625
56 4 66 56 22 0.015625
56 4 67 56 22 0.015625
56 4 68 56 22 0.015625
56 4 73 56 24 0.015625
56 4 76 56 30 0.015625
56 4 80 56 31 0.015625
56 4 81 56 31 0.015625
56 4 83 56 33 0.015625
56 4 86 56 36 0.015625
56 4 88 56 18 0.015625
56 4 97 56 25 0.015625
56 4 98 56 25 0.015625
56 4 101 56 27 0.015625
56 4 102 56 30 0.015625
56 4 105 56 2 0.015625
56 4 106 56 2 0.015625
56 4 109 56 3 0.015625
56 4 110 56 3 0.015625
56 4 111 56 3 0.015625
56 4 112 56 5 0.015625
56 4 116 56 31 0.015625
56 4 117 56 33 0.015625
56 4 118 56 33 0.015625
56 4 119 56 33 0.015625
56 4 122 56 34 0.015625
56 4 123 56 34 0.015625
56 4 130 56 18 0.015625
56 4 133 56 21 0.015625
56 4 135 56 25 0.015625
56 4 138 56 29 0.015625
56 4 139 56 30 0.015625
56 4 144 56 33 0.015625
56 4 145 56 33 0.015625
56 4 146 56 33 0.015625
56 4 147 56 34 0.015625
56 4 148 56 36 0.015625
56 4 150 56 36 0.015625
56 4 155 56 1 0.015625
56 4 156 56 1 0.015625
56 4 157 56 2 0.015625
56 4 159 56 2 0.015625
56 4 161 56 3 0.015625
56 4 164 56 33 0.015625
56 4 165 56 34 0.015625
56 4 166 56 36 0.015625
56 4 169 56 37 0.015625
56 4 171 56 2 0.015625
56 4 173 56 33 0.015625
56 20 5 56 4 0.015625
56 20 7 56 24 0.015625
56 20 12 56 24 0.015625
56 20 15 56 25 0.015625
56 20 18 56 26 0.015625
56 20 20 56 26 0.015625
56 20 27 56 28 0.015625
56 20 47 56 34 0.015625
56 20 51 56 36 0.015625
56 20 52 56 36 0.015625
56 20 53 56 37 0.015625
56 20 58 56 19 0.015625
56 20 62 56 22 0.015625
56 20 64 56 22 0.015625
56 20 65 56 22 0.015625
56 20 74 56 25 0.015625
56 20 76 56 27 0.015625
56 20 77 56 29 0.015625
56 20 79 56 30 0.015625
56 20 81 56 3 0.015625
56 20 84 56 36 0.015625
56 20 85 56 19 0.015625
56 20 88 56 25 0.015625
56 20 89 56 25 0.015625
56 20 94 56 28 0.015625
56 20 95 56 29 0.015625
56 20 97 56 30 0.015625
56 20 98 56 30 0.015625
56 20 104 56 5 0.015625
56 20 105 56 31 0.015625
56 20 106 56 31 0.015625
56 20 107 56 32 0.015625
56 20 108 56 32 0.015625
56 20 111 56 33 0.015625
56 20 112 56 33 0.015625
56 20 115 56 33 0.015625
56 20 116 56 34 0.015625
56 20 118 56 34 0.015625
56 20 119 56 34 0.015625
56 20 123 56 36 0.015625
56 20 124 56 36 0.015625
56 20 133 56 18 0.015625
56 20 134 56 18 0.015625
56 20 136 56 19 0.015625
56 20 138 56 21 0.015625
56 20 140 56 22 0.015625
56 20 141 56 22 0.015625
56 20 143 56 22 0.015625
56 20 148 56 24 0.015625
56 20 151 56 25 0.015625
56 20 154 56 26 0.015625
56 20 156 56 28 0.015625
56 20 157 56 28 0.015625
56 20 158 56 30 0.015625
56 20 164 56 31 0.015625
56 20 165 56 31 0.015625
56 20 166 56 31 0.015625
56 20 168 56 33 0.015625
56 20 173 56 34 0.015625
56 20 185 56 30 0.015625
56 20 186 56 2 0.015625
56 20 187 56 3 0.015625
56 20 197 56 33 0.015625
56 20 199 56 21 0.015625
56 23 5 56 4 0.015625
56 23 7 56 24 0.015625
56 23 10 56 24 0.015625
56 23 12 56 24 0.015625
56 23 14 56 25 0.015625
56 23 18 56 26 0.015625
56 23 23 56 28 0.015625
56 23 30 56 2 0.015625
56 23 37 56 33 0.015625
56 23 42 56 34 0.015625
56 23 46 56 36 0.015625
56 23 52 56 19 0.015625
56 23 59 56 22 0.015625
56 23 61 56 22 0.015625
56 23 70 56 29 0.015625
56 23 71 56 30 0.015625
56 23 73 56 2 0.015625
56 23 79 56 19 0.015625
56 23 82 56 25 0.015625
56 23 85 56 27 0.015625
56 23 86 56 27 0.015625
56 23 87 56 28 0.015625
56 23 88 56 28 0.015625
56 23 91 56 30 0.015625
56 23 92 56 30 0.015625
56 23 99 56 31 0.015625
56 23 100 56 31 0.015625
56 23 101 56 32 0.015625
56 23 102 56 32 0.015625
56 23 105 56 33 0.015625
56 23 107 56 33 0.015625
56 23 108 56 33 0.015625
56 23 109 56 34 0.015625
56 23 110 56 34 0.015625
56 23 111 56 34 0.015625
56 23 114 56 36 0.015625
56 23 122 56 18 0.015625
56 23 124 56 18 0.015625
56 23 133 56 22 0.015625
56 23 136 56 25 0.015625
56 23 137 56 26 0.015625
56 23 138 56 26 0.015625
56 23 139 56 27 0.015625
56 23 142 56 30 0.015625
56 23 144 56 30 0.015625
56 23 148 56 31 0.015625
56 23 150 56 31 0.015625
56 23 151 56 31 0.015625
56 23 152 56 33 0.015625
56 23 155 56 33 0.015625
56 23 156 56 33 0.015625
56 23 157 56 34 0.015625
56 23 158 56 34 0.015625
56 23 162 56 36 0.015625
56 23 165 56 21 0.015625
56 23 166 56 21 0.015625
56 23 170 56 30 0.015625
56 23 171 56 1 0.015625
56 23 172 56 2 0.015625
56 23 174 56 3 0.015625
56 23 175 56 3 0.015625
56 23 177 56 33 0.015625
56 23 178 56 34 0.015625
56 23 182 56 33 0.015625
56 35 1 56 24 0.015625
56 35 3 56 26 0.015625
56 35 8 56 0 0.015625
56 35 11 56 0 0.015625
56 35 12 56 24 0.015625
56 35 14 56 24 0.015625
56 35 15 56 25 0.015625
56 35 21 56 28 0.015625
56 35 22 56 28 0.015625
56 35 23 56 29 0.015625
56 35 38 56 31 0.015625
56 35 39 56 31 0.015625
56 35 41 56 31 0.015625
56 35 42 56 31 0.015625
56 35 47 56 32 0.015625
56 35 48 56 33 0.015625
56 35 51 56 33 0.015625
56 35 56 56 33 0.015625
56 35 58 56 34 0.015625
56 35 59 56 34 0.015625
56 35 60 56 34 0.015625
56 35 61 56 34 0.015625
56 35 62 56 34 0.015625
56 35 63 56 36 0.015625
56 35 64 56 36 0.015625
56 35 66 56 36 0.015625
56 35 71 56 18 0.015625
56 35 83 56 1 0.015625
56 35 85 56 2 0.015625
56 35 87 56 2 0.015625
56 35 98 56 22 0.015625
56 35 99 56 0 0.015625
56 35 104 56 25 0.015625
56 35 112 56 2 0.015625
56 35 113 56 2 0.015625
56 35 114 56 3 0.015625
56 35 119 56 31 0.015625
56 35 120 56 33 0.015625
56 35 122 56 33 0.015625
56 35 123 56 34 0.015625
56 35 127 56 18 0.015625
56 35 129 56 18 0.015625
56 35 134 56 19 0.015625
56 35 139 56 21 0.015625
56 35 140 56 22 0.015625
56 35 141 56 22 0.015625
56 35 142 56 22 0.015625
56 35 148 56 1 0.015625
56 35 153 56 2 0.015625
56 35 155 56 3 0.015625
56 35 157 56 3 0.015625
56 35 158 56 3 0.015625
56 35 161 56 18 0.015625
56 35 162 56 18 0.015625
56 35 168 56 22 0.015625
56 35 173 56 0 0.015625
56 35 176 56 29 0.015625
56 35 180 56 3 0.015625
56 35 186 56 18 0.015625
56 35 188 56 21 0.015625
56 35 193 56 1 0.015625
56 35 196 56 33 0.015625
56 35 197 56 33 0.015625
56 35 199 56 37 0.015625
60 4 1 60 25 0.015625
60 4 13 60 28 0.015625
60 4 25 60 34 0.015625
60 4 31 60 36 0.015625
60 4 33 60 36 0.015625
60 4 40 60 26 0.015625
60 4 42 60 27 0.015625
60 4 43 60 28 0.015625
60 4 45 60 28 0.015625
60 4 50 60 30 0.015625
60 4 51 60 32 0.015625
60 4 62 60 13 0.015625
60 4 63 60 13 0.015625
60 4 65 60 15 0.015625
60 4 66 60 15 0.015625
60 4 67 60 15 0.015625
60 4 69 60 17 0.015625
60 4 70 60 6 0.015625
60 4 72 60 8 0.015625
60 4 78 60 10 0.015625
60 4 82 60 11 0.015625
60 4 85 60 25 0.015625
60 4 88 60 32 0.015625
60 4 89 60 33 0.015625
60 4 96 60 36 0.015625
60 4 100 60 12 0.015625
60 4 102 60 12 0.015625
60 4 113 60 16 0.015625
60 4 119 60 6 0.015625
60 4 120 60 7 0.015625
60 4 123 60 7 0.015625
60 4 124 60 8 0.015625
60 4 127 60 9 0.015625
60 4 129 60 10 0.015625
60 4 130 60 10 0.015625
60 4 131 60 10 0.015625
60 4 133 60 11 0.015625
60 4 135 60 11 0.015625
60 4 139 60 27 0.015625
60 4 143 60 34 0.015625
60 4 144 60 34 0.015625
60 4 146 60 34 0.015625
60 4 147 60 34 0.015625
60 4 149 60 36 0.015625
60 4 153 60 12 0.015625
60 4 154 60 12 0.015625
60 4 156 60 13 0.015625
60 4 158 60 13 0.015625
60 4 161 60 15 0.015625
60 4 163 60 16 0.015625
60 4 164 60 16 0.015625
60 4 168 60 17 0.015625
60 4 169 60 6 0.015625
60 4 171 60 6 0.015625
60 4 175 60 8 0.015625
60 4 176 60 9 0.015625
60 4 177 60 9 0.015625
60 4 180 60 11 0.015625
60 4 183 60 27 0.015625
60 4 192 60 8 0.015625
60 4 195 60 11 0.015625
60 4 196 60 30 0.015625
60 4 197 60 30 0.015625
60 4 198 60 33 0.015625
60 20 0 60 24 0.015625
60 20 3 60 24 0.015625
60 20 11 60 26 0.015625
60 20 12 60 26 0.015625
60 20 20 60 28 0.015625
60 20 23 60 28 0.015625
60 20 30 60 29 0.015625
60 20 34 60 31 0.015625
60 20 36 60 32 0.015625
60 20 46 60 37 0.015625
60 20 48 60 26 0.015625
60 20 51 60 27 0.015625
60 20 54 60 30 0.015625
60 20 58 60 36 0.015625
60 20 61 60 12 0.015625
60 20 62 60 12 0.015625
60 20 63 60 12 0.015625
60 20 68 60 14 0.015625
60 20 69 60 15 0.015625
60 20 72 60 16 0.015625
60 20 78 60 7 0.015625
60 20 81 60 9 0.015625
60 20 83 60 9 0.015625
60 20 85 60 10 0.015625
60 20 88 60 10 0.015625
60 20 89 60 10 0.015625
60 20 90 60 11 0.015625
60 20 95 60 25 0.015625
60 20 98 60 29 0.015625
60 20 100 60 31 0.015625
60 20 102 60 32 0.015625
60 20 103 60 32 0.015625
60 20 104 60 32 0.015625
60 20 105 60 33 0.015625
60 20 107 60 34 0.015625
60 20 114 60 36 0.015625
60 20 117 60 12 0.015625
60 20 129 60 17 0.015625
60 20 133 60 7 0.015625
60 20 134 60 8 0.015625
60 20 135 60 8 0.015625
60 20 137 60 8 0.015625
60 20 142 60 10 0.015625
60 20 144 60 25 0.015625
60 20 145 60 27 0.015625
60 20 146 60 28 0.015625
60 20 147 60 28 0.015625
60 20 151 60 33 0.015625
60 20 152 60 34 0.015625
60 20 153 60 34 0.015625
60 20 157 60 12 0.015625
60 20 160 60 13 0.015625
60 20 166 60 15 0.015625
60 20 173 60 6 0.015625
60 20 175 60 6 0.015625
60 20 181 60 9 0.015625
60 20 183 60 9 0.015625
60 20 184 60 11 0.015625
60 20 185 60 11 0.015625
60 20 187 60 30 0.015625
60 20 192 60 16 0.015625
60 20 196 60 30 0.015625
60 20 198 60 33 0.015625
60 20 199 60 34 0.015625
60 23 3 60 24 0.015625
60 23 10 60 26 0.015625
60 23 17 60 27 0.015625
60 23 20 60 28 0.015625
60 23 31 60 31 0.015625
60 23 33 60 33 0.015625
60 23 42 60 36 0.015625
60 23 44 60 37 0.015625
60 23 45 60 25 0.015625
60 23 46 60 25 0.015625
60 23 50 60 26 0.015625
60 23 54 60 30 0.015625
60 23 55 60 30 0.015625
60 23 60 60 12 0.015625
60 23 61 60 12 0.015625
60 23 63 60 12 0.015625
60 23 64 60 12 0.015625
60 23 68 60 13 0.015625
60 23 71 60 14 0.015625
60 23 72 60 15 0.015625
60 23 74 60 16 0.015625
60 23 77 60 16 0.015625
60 23 78 60 16 0.015625
60 23 85 60 9 0.015625
60 23 87 60 9 0.015625
60 23 88 60 10 0.015625
60 23 89 60 10 0.015625
60 23 90 60 10 0.015625
60 23 92 60 11 0.015625
60 23 94 60 11 0.015625
60 23 97 60 25 0.015625
60 23 98 60 25 0.015625
60 23 102 60 29 0.015625
60 23 105 60 32 0.015625
60 23 107 60 32 0.015625
60 23 110 60 34 0.015625
60 23 115 60 36 0.015625
60 23 119 60 12 0.015625
60 23 124 60 14 0.015625
60 23 126 60 15 0.015625
60 23 130 60 17 0.015625
60 23 134 60 7 0.015625
60 23 136 60 8 0.015625
60 23 138 60 8 0.015625
60 23 141 60 10 0.015625
60 23 142 60 10 0.015625
60 23 146 60 28 0.015625
60 23 147 60 28 0.015625
60 23 150 60 33 0.015625
60 23 152 60 34 0.015625
60 23 153 60 34 0.015625
60 23 155 60 34 0.015625
60 23 159 60 13 0.015625
60 23 160 60 13 0.015625
60 23 167 60 16 0.015625
60 23 172 60 6 0.015625
60 23 173 60 6 0.015625
60 23 181 60 9 0.015625
60 23 185 60 11 0.015625
60 23 186 60 11 0.015625
60 23 189 60 31 0.015625
60 23 193 60 16 0.015625
60 23 197 60 30 0.015625
60 23 199 60 33 0.015625
60 35 1 60 24 0.015625
60 35 2 60 25 0.015625
60 35 3 60 26 0.015625
60 35 9 60 7 0.015625
60 35 13 60 11 0.015625
60 35 19 60 28 0.015625
60 35 20 60 28 0.015625
60 35 24 60 31 0.015625
60 35 25 60 31 0.015625
60 35 28 60 32 0.015625
60 35 29 60 32 0.015625
60 35 38 60 34 0.015625
60 35 39 60 34 0.015625
60 35 42 60 36 0.015625
60 35 43 60 36 0.015625
60 35 44 60 36 0.015625
60 35 45 60 36 0.015625
60 35 48 60 36 0.015625
60 35 51 60 37 0.015625
60 35 58 60 15 0.015625
60 35 64 60 8 0.015625
60 35 65 60 10 0.015625
60 35 68 60 10 0.015625
60 35 71 60 25 0.015625
60 35 74 60 28 0.015625
60 35 75 60 29 0.015625
60 35 77 60 30 0.015625
60 35 78 60 31 0.015625
60 35 80 60 34 0.015625
60 35 84 60 12 0.015625
60 35 85 60 12 0.015625
60 35 89 60 13 0.015625
60 35 95 60 9 0.015625
60 35 96 60 9 0.015625
60 35 97 60 9 0.015625
60 35 99 60 11 0.015625
60 35 102 60 25 0.015625
60 35 105 60 31 0.015625
60 35 106 60 31 0.015625
60 35 109 60 33 0.015625
60 35 112 60 34 0.015625
60 35 113 60 34 0.015625
60 35 114 60 36 0.015625
60 35 115 60 37 0.015625
60 35 116 60 37 0.015625
60 35 118 60 12 0.015625
60 35 126 60 15 0.015625
60 35 132 60 11 0.015625
60 35 133 60 33 0.015625
60 35 134 60 12 0.015625
60 35 137 60 13 0.015625
60 35 138 60 13 0.015625
60 35 142 60 16 0.015625
60 35 152 60 7 0.015625
60 35 154 60 10 0.015625
60 35 157 60 13 0.015625
60 35 159 60 16 0.015625
60 35 160 60 16 0.015625
60 35 161 60 17 0.015625
60 35 164 60 9 0.015625
60 35 168 60 33 0.015625
60 35 169 60 36 0.015625
60 35 170 60 15 0.015625
60 35 173 60 8 0.015625
