2 4 0 2 10 0.125
2 4 1 2 46 0.09375
2 4 2 2 25 0.09375
2 4 3 2 45 0.25
2 4 4 2 56 0.0625
2 4 5 2 55 0.125
2 4 6 2 42 0.09375
2 4 7 2 31 0.0625
2 4 8 2 68 0.09375
2 20 0 2 20 0.046875
2 20 1 2 37 0.078125
2 20 2 2 43 0.09375
2 20 3 2 45 0.15625
2 20 4 2 72 0.0625
2 20 5 2 55 0.125
2 20 6 2 42 0.09375
2 20 7 2 44 0.078125
2 20 8 2 34 0.0625
2 20 9 2 74 0.078125
2 20 10 2 68 0.125
2 23 0 2 10 0.15625
2 23 1 2 20 0.109375
2 23 2 2 29 0.078125
2 23 3 2 45 0.109375
2 23 4 2 56 0.0625
2 23 5 2 55 0.125
2 23 6 2 42 0.09375
2 23 7 2 44 0.078125
2 23 8 2 34 0.0625
2 23 9 2 69 0.078125
2 23 10 2 31 0.046875
2 35 0 2 1 0.09375
2 35 1 2 37 0.09375
2 35 2 2 46 0.125
2 35 3 2 25 0.09375
2 35 4 2 40 0.078125
2 35 5 2 45 0.125
2 35 6 2 55 0.109375
2 35 7 2 39 0.109375
2 35 8 2 34 0.078125
2 35 9 2 41 0.09375
3 4 0 3 4 0.0625
3 4 1 3 47 0.078125
3 4 2 3 45 0.140625
3 4 3 3 33 0.140625
3 4 4 3 5 0.109375
3 4 5 3 50 0.09375
3 4 6 3 57 0.171875
3 4 7 3 60 0.09375
3 4 8 3 71 0.109375
3 20 0 3 43 0.125
3 20 1 3 45 0.171875
3 20 2 3 72 0.078125
3 20 3 3 5 0.078125
3 20 4 3 34 0.0625
3 20 5 3 60 0.09375
3 20 6 3 76 0.109375
3 20 7 3 26 0.09375
3 20 8 3 48 0.1875
3 23 0 3 45 0.234375
3 23 1 3 52 0.171875
3 23 2 3 34 0.09375
3 23 3 3 76 0.140625
3 23 4 3 32 0.25
3 23 5 3 4 0.109375
3 35 0 3 47 0.078125
3 35 1 3 45 0.109375
3 35 2 3 15 0.140625
3 35 3 3 50 0.125
3 35 4 3 34 0.078125
3 35 5 3 41 0.09375
3 35 6 3 36 0.0625
3 35 7 3 32 0.09375
3 35 8 3 71 0.140625
3 35 9 3 51 0.078125
6 4 0 6 4 0.15625
6 4 1 6 10 0.203125
6 4 2 6 13 0.109375
6 4 3 6 21 0.09375
6 4 4 6 33 0.140625
6 4 5 6 50 0.09375
6 4 6 6 57 0.203125
6 20 0 6 37 0.09375
6 20 1 6 12 0.09375
6 20 2 6 21 0.09375
6 20 3 6 72 0.078125
6 20 4 6 74 0.109375
6 20 5 6 76 0.15625
6 20 6 6 26 0.109375
6 20 7 6 58 0.09375
6 20 8 6 27 0.171875
6 23 0 6 10 0.140625
6 23 1 6 21 0.09375
6 23 2 6 79 0.140625
6 23 3 6 52 0.0625
6 23 4 6 76 0.09375
6 23 5 6 4 0.125
6 23 6 6 9 0.09375
6 23 7 6 78 0.140625
6 23 8 6 27 0.109375
6 35 0 6 1 0.109375
6 35 1 6 37 0.09375
6 35 2 6 12 0.09375
6 35 3 6 21 0.109375
6 35 4 6 40 0.078125
6 35 5 6 50 0.1875
6 35 6 6 51 0.078125
6 35 7 6 58 0.09375
6 35 8 6 78 0.15625
12 4 0 12 25 0.109375
12 4 1 12 54 0.0625
12 4 2 12 47 0.078125
12 4 3 12 6 0.28125
12 4 4 12 5 0.125
12 4 5 12 31 0.0625
12 4 6 12 68 0.125
12 4 7 12 73 0.078125
12 4 8 12 38 0.078125
12 20 0 12 20 0.03125
12 20 1 12 0 0.25
12 20 2 12 37 0.078125
12 20 3 12 5 0.078125
12 20 4 12 34 0.0625
12 20 5 12 68 0.15625
12 20 6 12 76 0.09375
12 20 7 12 48 0.109375
12 20 8 12 38 0.0625
12 20 9 12 58 0.078125
12 23 0 12 0 0.1875
12 23 1 12 59 0.078125
12 23 2 12 20 0.078125
12 23 3 12 77 0.265625
12 23 4 12 30 0.0625
12 23 5 12 34 0.0625
12 23 6 12 69 0.109375
12 23 7 12 31 0.046875
12 23 8 12 76 0.109375
12 35 0 12 35 0.0625
12 35 1 12 37 0.125
12 35 2 12 25 0.125
12 35 3 12 47 0.109375
12 35 4 12 66 0.125
12 35 5 12 34 0.109375
12 35 6 12 41 0.125
12 35 7 12 51 0.09375
12 35 8 12 58 0.125
17 4 0 17 46 0.09375
17 4 1 17 22 0.234375
17 4 2 17 25 0.078125
17 4 3 17 21 0.078125
17 4 4 17 54 0.046875
17 4 5 17 56 0.0625
17 4 6 17 55 0.09375
17 4 7 17 31 0.046875
17 4 8 17 68 0.09375
17 4 9 17 57 0.109375
17 4 10 17 38 0.0625
17 20 0 17 20 0.03125
17 20 1 17 22 0.234375
17 20 2 17 21 0.0625
17 20 3 17 43 0.09375
17 20 4 17 55 0.09375
17 20 5 17 34 0.0625
17 20 6 17 74 0.078125
17 20 7 17 68 0.109375
17 20 8 17 26 0.078125
17 20 9 17 48 0.09375
17 20 10 17 38 0.0625
17 23 0 17 21 0.15625
17 23 1 17 20 0.046875
17 23 2 17 29 0.109375
17 23 3 17 56 0.0625
17 23 4 17 30 0.0625
17 23 5 17 55 0.203125
17 23 6 17 34 0.0625
17 23 7 17 31 0.0625
17 23 8 17 78 0.234375
17 35 0 17 35 0.03125
17 35 1 17 46 0.15625
17 35 2 17 25 0.109375
17 35 3 17 21 0.109375
17 35 4 17 15 0.25
17 35 5 17 55 0.109375
17 35 6 17 34 0.09375
17 35 7 17 78 0.140625
24 4 0 24 13 0.296875
24 4 1 24 54 0.078125
24 4 2 24 47 0.109375
24 4 3 24 45 0.15625
24 4 4 24 50 0.171875
24 4 5 24 31 0.078125
24 4 6 24 3 0.109375
24 20 0 24 45 0.1875
24 20 1 24 2 0.078125
24 20 2 24 74 0.21875
24 20 3 24 76 0.1875
24 20 4 24 26 0.234375
24 20 5 24 17 0.09375
24 23 0 24 59 0.25
24 23 1 24 45 0.21875
24 23 2 24 30 0.1875
24 23 3 24 31 0.109375
24 23 4 24 76 0.234375
24 35 0 24 47 0.078125
24 35 1 24 45 0.078125
24 35 2 24 15 0.125
24 35 3 24 16 0.171875
24 35 4 24 50 0.109375
24 35 5 24 39 0.09375
24 35 6 24 36 0.0625
24 35 7 24 51 0.0625
24 35 8 24 7 0.140625
24 35 9 24 17 0.078125
30 4 0 30 23 0.078125
30 4 1 30 13 0.109375
30 4 2 30 45 0.125
30 4 3 30 33 0.140625
30 4 4 30 56 0.0625
30 4 5 30 31 0.0625
30 4 6 30 57 0.171875
30 4 7 30 60 0.09375
30 4 8 30 73 0.078125
30 4 9 30 38 0.078125
30 20 0 30 23 0.078125
30 20 1 30 12 0.078125
30 20 2 30 45 0.140625
30 20 3 30 72 0.078125
30 20 4 30 60 0.09375
30 20 5 30 76 0.109375
30 20 6 30 48 0.171875
30 20 7 30 38 0.078125
30 20 8 30 27 0.109375
30 20 9 30 17 0.0625
30 23 0 30 23 0.046875
30 23 1 30 59 0.078125
30 23 2 30 45 0.09375
30 23 3 30 56 0.0625
30 23 4 30 31 0.046875
30 23 5 30 76 0.09375
30 23 6 30 9 0.109375
30 23 7 30 27 0.140625
30 23 8 30 49 0.328125
30 35 0 30 1 0.21875
30 35 1 30 12 0.1875
30 35 2 30 40 0.171875
30 35 3 30 45 0.265625
30 35 4 30 17 0.15625
31 4 0 31 4 0.03125
31 4 1 31 23 0.046875
31 4 2 31 21 0.171875
31 4 3 31 47 0.109375
31 4 4 31 56 0.09375
31 4 5 31 55 0.234375
31 4 6 31 60 0.171875
31 4 7 31 38 0.140625
31 20 0 31 23 0.03125
31 20 1 31 12 0.09375
31 20 2 31 21 0.078125
31 20 3 31 2 0.0625
31 20 4 31 55 0.125
31 20 5 31 34 0.0625
31 20 6 31 74 0.09375
31 20 7 31 60 0.09375
31 20 8 31 38 0.078125
31 20 9 31 58 0.078125
31 20 10 31 27 0.140625
31 20 11 31 17 0.0625
31 23 0 31 23 0.015625
31 23 1 31 21 0.09375
31 23 2 31 79 0.140625
31 23 3 31 29 0.078125
31 23 4 31 52 0.0625
31 23 5 31 56 0.0625
31 23 6 31 30 0.046875
31 23 7 31 55 0.09375
31 23 8 31 34 0.0625
31 23 9 31 32 0.09375
31 23 10 31 4 0.03125
31 23 11 31 9 0.09375
31 23 12 31 27 0.125
31 35 0 31 12 0.09375
31 35 1 31 21 0.09375
31 35 2 31 47 0.078125
31 35 3 31 40 0.078125
31 35 4 31 55 0.09375
31 35 5 31 66 0.09375
31 35 6 31 34 0.09375
31 35 7 31 41 0.09375
31 35 8 31 32 0.109375
31 35 9 31 58 0.09375
31 35 10 31 17 0.078125
34 4 0 34 23 0.0625
34 4 1 34 46 0.1875
34 4 2 34 50 0.1875
34 4 3 34 42 0.109375
34 4 4 34 31 0.09375
34 4 5 34 3 0.109375
34 4 6 34 71 0.25
34 20 0 34 20 0.046875
34 20 1 34 23 0.0625
34 20 2 34 12 0.21875
34 20 3 34 2 0.140625
34 20 4 34 42 0.1875
34 20 5 34 58 0.203125
34 20 6 34 17 0.140625
34 23 0 34 23 0.0625
34 23 1 34 20 0.109375
34 23 2 34 29 0.296875
34 23 3 34 42 0.171875
34 23 4 34 69 0.28125
34 23 5 34 31 0.078125
34 35 0 34 35 0.03125
34 35 1 34 46 0.09375
34 35 2 34 12 0.078125
34 35 3 34 40 0.0625
34 35 4 34 16 0.109375
34 35 5 34 50 0.09375
34 35 6 34 66 0.078125
34 35 7 34 41 0.078125
34 35 8 34 36 0.0625
34 35 9 34 71 0.109375
34 35 10 34 51 0.0625
34 35 11 34 58 0.078125
34 35 12 34 17 0.0625
36 4 0 36 21 0.125
36 4 1 36 54 0.09375
36 4 2 36 47 0.125
36 4 3 36 56 0.125
36 4 4 36 5 0.234375
36 4 5 36 3 0.140625
36 4 6 36 73 0.15625
36 20 0 36 21 0.15625
36 20 1 36 72 0.296875
36 20 2 36 5 0.1875
36 20 3 36 44 0.21875
36 20 4 36 34 0.140625
36 23 0 36 21 0.09375
36 23 1 36 59 0.078125
36 23 2 36 79 0.1875
36 23 3 36 53 0.171875
36 23 4 36 52 0.0625
36 23 5 36 56 0.0625
36 23 6 36 44 0.078125
36 23 7 36 34 0.0625
36 23 8 36 69 0.09375
36 23 9 36 32 0.109375
36 35 0 36 35 0.109375
36 35 1 36 21 0.109375
36 35 2 36 47 0.109375
36 35 3 36 39 0.234375
36 35 4 36 34 0.109375
36 35 5 36 41 0.15625
36 35 6 36 32 0.171875
44 4 0 44 23 0.0625
44 4 1 44 21 0.109375
44 4 2 44 54 0.0625
44 4 3 44 33 0.25
44 4 4 44 56 0.0625
44 4 5 44 55 0.125
44 4 6 44 50 0.109375
44 4 7 44 71 0.140625
44 4 8 44 73 0.078125
44 20 0 44 20 0.046875
44 20 1 44 23 0.046875
44 20 2 44 21 0.09375
44 20 3 44 43 0.25
44 20 4 44 2 0.0625
44 20 5 44 55 0.234375
44 20 6 44 26 0.125
44 20 7 44 27 0.140625
44 23 0 44 23 0.046875
44 23 1 44 21 0.125
44 23 2 44 20 0.0625
44 23 3 44 53 0.203125
44 23 4 44 77 0.140625
44 23 5 44 52 0.078125
44 23 6 44 56 0.0625
44 23 7 44 55 0.109375
44 23 8 44 27 0.171875
44 35 0 44 21 0.09375
44 35 1 44 16 0.234375
44 35 2 44 55 0.078125
44 35 3 44 50 0.125
44 35 4 44 39 0.109375
44 35 5 44 36 0.0625
44 35 6 44 71 0.140625
44 35 7 44 7 0.15625
46 4 0 46 4 0.140625
46 4 1 46 25 0.234375
46 4 2 46 54 0.078125
46 4 3 46 47 0.109375
46 4 4 46 42 0.203125
46 4 5 46 68 0.234375
46 20 0 46 0 0.265625
46 20 1 46 43 0.09375
46 20 2 46 2 0.046875
46 20 3 46 42 0.078125
46 20 4 46 34 0.0625
46 20 5 46 74 0.078125
46 20 6 46 68 0.109375
46 20 7 46 48 0.109375
46 20 8 46 27 0.09375
46 20 9 46 17 0.0625
46 23 0 46 0 0.140625
46 23 1 46 53 0.125
46 23 2 46 29 0.078125
46 23 3 46 77 0.125
46 23 4 46 42 0.078125
46 23 5 46 34 0.0625
46 23 6 46 32 0.09375
46 23 7 46 4 0.046875
46 23 8 46 78 0.140625
46 23 9 46 27 0.109375
46 35 0 46 35 0.0625
46 35 1 46 25 0.078125
46 35 2 46 47 0.0625
46 35 3 46 15 0.109375
46 35 4 46 16 0.125
46 35 5 46 66 0.078125
46 35 6 46 39 0.09375
46 35 7 46 34 0.0625
46 35 8 46 32 0.09375
46 35 9 46 51 0.0625
46 35 10 46 78 0.109375
46 35 11 46 17 0.0625
52 4 0 52 10 0.078125
52 4 1 52 23 0.078125
52 4 2 52 8 0.3125
52 4 3 52 22 0.125
52 4 4 52 25 0.0625
52 4 5 52 6 0.078125
52 4 6 52 55 0.078125
52 4 7 52 5 0.078125
52 4 8 52 31 0.046875
52 4 9 52 3 0.0625
52 20 0 52 23 0.078125
52 20 1 52 8 0.34375
52 20 2 52 37 0.0625
52 20 3 52 22 0.234375
52 20 4 52 72 0.0625
52 20 5 52 55 0.078125
52 20 6 52 5 0.078125
52 20 7 52 44 0.0625
52 23 0 52 23 0.0625
52 23 1 52 10 0.203125
52 23 2 52 53 0.140625
52 23 3 52 77 0.125
52 23 4 52 55 0.140625
52 23 5 52 44 0.078125
52 23 6 52 69 0.09375
52 23 7 52 31 0.046875
52 23 8 52 9 0.109375
52 35 0 52 1 0.109375
52 35 2 52 37 0.125
52 35 3 52 25 0.125
52 35 4 52 40 0.09375
52 35 5 52 55 0.234375
52 35 6 52 66 0.125
52 35 7 52 36 0.09375
52 35 8 52 51 0.09375
54 4 0 54 4 0.046875
54 4 1 54 46 0.09375
54 4 2 54 22 0.296875
54 4 3 54 25 0.09375
54 4 4 54 47 0.0625
54 4 5 54 56 0.0625
54 4 6 54 42 0.09375
54 4 7 54 68 0.109375
54 4 8 54 73 0.0625
54 4 9 54 38 0.078125
54 20 0 54 0 0.15625
54 20 1 54 37 0.078125
54 20 2 54 22 0.203125
54 20 3 54 12 0.078125
54 20 4 54 42 0.078125
54 20 5 54 44 0.0625
54 20 6 54 68 0.140625
54 20 7 54 38 0.0625
54 20 8 54 58 0.078125
54 20 9 54 17 0.0625
54 23 0 54 0 0.3125
54 23 1 54 59 0.109375
54 23 2 54 56 0.09375
54 23 3 54 42 0.21875
54 23 4 54 44 0.171875
54 23 5 54 4 0.09375
54 35 0 54 37 0.125
54 35 1 54 46 0.21875
54 35 2 54 25 0.125
54 35 3 54 12 0.109375
54 35 4 54 47 0.109375
54 35 5 54 36 0.09375
54 35 6 54 58 0.125
54 35 7 54 17 0.09375
56 4 0 56 4 0.03125
56 4 1 56 23 0.078125
56 4 2 56 54 0.078125
56 4 3 56 42 0.140625
56 4 4 56 31 0.09375
56 4 5 56 60 0.171875
56 4 6 56 71 0.15625
56 4 7 56 73 0.109375
56 4 8 56 38 0.140625
56 20 0 56 23 0.046875
56 20 1 56 2 0.09375
56 20 2 56 42 0.21875
56 20 3 56 44 0.125
56 20 4 56 60 0.140625
56 20 5 56 38 0.140625
56 20 6 56 58 0.140625
56 20 7 56 17 0.09375
56 23 0 56 23 0.03125
56 23 1 56 59 0.078125
56 23 2 56 30 0.046875
56 23 3 56 42 0.09375
56 23 4 56 44 0.078125
56 23 5 56 31 0.046875
56 23 6 56 4 0.03125
56 23 7 56 9 0.109375
56 23 8 56 78 0.140625
56 23 9 56 49 0.34375
56 35 0 56 1 0.125
56 35 1 56 36 0.09375
56 35 2 56 71 0.234375
56 35 3 56 51 0.109375
56 35 4 56 58 0.125
56 35 5 56 78 0.21875
56 35 6 56 17 0.09375
60 4 0 60 4 0.0625
60 4 1 60 10 0.25
60 4 2 60 13 0.125
60 4 3 60 21 0.09375
60 4 4 60 56 0.0625
60 4 5 60 5 0.109375
60 4 6 60 31 0.0625
60 4 7 60 3 0.078125
60 4 8 60 73 0.078125
60 4 9 60 38 0.078125
60 20 0 60 20 0.1875
60 20 1 60 37 0.25
60 20 2 60 21 0.15625
60 20 3 60 5 0.234375
60 20 4 60 38 0.171875
60 23 0 60 10 0.171875
60 23 1 60 21 0.09375
60 23 2 60 79 0.203125
60 23 3 60 20 0.078125
60 23 4 60 56 0.0625
60 23 5 60 30 0.046875
60 23 6 60 31 0.046875
60 23 7 60 32 0.109375
60 23 8 60 4 0.0625
60 23 9 60 9 0.125
60 35 0 60 37 0.109375
60 35 1 60 21 0.125
60 35 2 60 40 0.09375
60 35 3 60 66 0.15625
60 35 4 60 32 0.171875
60 35 5 60 7 0.34375
