20_25_100_200_0_0 50 150 0.577596 0.246023 1.22095 9.88772 160.037 4.44961
20_25_100_200_0_0 50 150 100 2681343 75771378000 28258.7 26813.4 757713780 2.19926e+09
20_25_100_200_1_1 50 150 0.577596 0.246023 1.22095 9.88772 160.037 4.44961
20_25_100_200_1_1 50 150 100 2681343 75771378000 28258.7 26813.4 757713780 2.19926e+09
20_25_100_200_2_2 50 150 0.576337 0.246397 1.22017 9.83624 180.047 4.43118
20_25_100_200_2_2 50 150 100 2681342 75771364500 28258.7 26813.4 757713645 2.194e+09
20_25_100_200_3_3 50 150 0.577869 0.246191 1.22977 9.90532 221.803 4.49568
20_25_100_200_3_3 50 150 100 2681343 75771343500 28258.7 26813.4 757713435 2.19533e+09
20_25_100_200_4_4 50 150 0.57397 0.246081 1.20978 9.84053 220.052 4.40442
20_25_100_200_4_4 50 150 100 2681342 75771339000 28258.7 26813.4 757713390 2.15712e+09
20_25_100_200_5_5 50 150 0.579206 0.246624 1.2281 9.88435 240.059 4.48215
20_25_100_200_5_5 50 150 100 2681341 75771352500 28258.8 26813.4 757713525 2.18836e+09
20_25_100_200_6_6 50 150 0.573952 0.245459 1.20845 9.88363 230.025 4.41991
20_25_100_200_6_6 50 150 100 2681340 75771265500 28258.7 26813.4 757712655 2.14889e+09
20_25_100_200_7_7 50 150 0.57357 0.246246 1.2116 9.79471 170.009 4.41075
20_25_100_200_7_7 50 150 100 2681345 75771409500 28258.7 26813.5 757714095 2.2033e+09
20_25_100_200_8_8 50 150 0.577011 0.24596 1.22006 9.87373 200.001 4.45901
20_25_100_200_8_8 50 150 100 2681344 75771337500 28258.7 26813.4 757713375 2.19466e+09
20_25_100_200_9_9 50 150 0.578158 0.246189 1.21028 9.88774 249.755 4.4543
20_25_100_200_9_9 50 150 100 2681340 75771316500 28258.7 26813.4 757713165 2.17982e+09
