8_375_1000_1000_0_0 250 750 0.567425 0.12641 2.23907 9.93163 85.8484 5.71601
8_375_1000_1000_0_0 250 750 500 389740 13366336500 34295.5 779.48 26732673 1.82894e+08
8_375_1000_1000_1_1 250 750 0.567425 0.12641 2.23907 9.93163 85.8484 5.71601
8_375_1000_1000_1_1 250 750 500 389740 13366336500 34295.5 779.48 26732673 1.82894e+08
8_375_1000_1000_2_2 250 750 0.607487 0.127054 2.78393 10.1812 85.3325 6.34042
8_375_1000_1000_2_2 250 750 500 388929 13573990500 34900.9 777.858 27147981 2.00688e+08
8_375_1000_1000_3_3 250 750 0.580732 0.12604 2.43081 10.0309 659.797 5.91726
8_375_1000_1000_3_3 250 750 500 389379 12917992500 33175.9 778.758 25835985 1.69086e+08
8_375_1000_1000_4_4 250 750 0.616278 0.12675 2.81312 10.2502 85.2626 6.4111
8_375_1000_1000_4_4 250 750 500 388596 13724296500 35317.6 777.192 27448593 2.09691e+08
8_375_1000_1000_5_5 250 750 0.607597 0.126411 2.71744 10.2966 122.371 6.30706
8_375_1000_1000_5_5 250 750 500 388297 13745128500 35398.5 776.594 27490257 2.0365e+08
8_375_1000_1000_6_6 250 750 0.590559 0.12619 2.45094 10.0752 239.011 6.00954
8_375_1000_1000_6_6 250 750 500 388520 13112815500 33750.7 777.04 26225631 1.9138e+08
8_375_1000_1000_7_7 250 750 0.602477 0.126121 2.56554 10.2722 98.6725 6.24705
8_375_1000_1000_7_7 250 750 500 389404 13275262500 34091.2 778.808 26550525 1.92249e+08
8_375_1000_1000_8_8 250 750 0.580429 0.12641 2.40389 10.1249 149.904 5.95323
8_375_1000_1000_8_8 250 750 500 390150 13161558000 33734.6 780.3 26323116 1.60517e+08
8_375_1000_1000_9_9 250 750 0.583785 0.126074 2.47029 10.1543 137.653 5.98341
8_375_1000_1000_9_9 250 750 500 388148 13103190000 33758.2 776.296 26206380 1.75575e+08
