13 64 0 13 1 0.484375
13 64 17 13 0 0.484375
13 64 23 13 50 0.03125
13 65 9 13 4 0.109375
13 65 13 13 63 0.109375
13 65 15 13 16 0.109375
13 65 18 13 77 0.125
13 65 19 13 62 0.109375
13 65 21 13 74 0.109375
13 65 22 13 49 0.109375
13 65 23 13 6 0.109375
13 65 24 13 41 0.109375
14 64 0 14 7 0.0625
14 64 1 14 10 0.0625
14 64 3 14 39 0.0625
14 64 4 14 40 0.0625
14 64 5 14 45 0.0625
14 64 6 14 48 0.046875
14 64 7 14 53 0.015625
14 64 8 14 61 0.046875
14 64 9 14 68 0.046875
14 64 10 14 70 0.046875
14 64 11 14 74 0.046875
14 64 14 14 9 0.046875
14 64 15 14 65 0.046875
14 64 16 14 43 0.046875
14 64 17 14 34 0.046875
14 64 18 14 30 0.046875
14 64 19 14 0 0.046875
14 64 20 14 71 0.015625
14 64 21 14 60 0.046875
14 64 22 14 21 0.046875
14 64 23 14 59 0.046875
14 65 5 14 38 0.21875
14 65 13 14 50 0.203125
14 65 18 14 77 0.21875
14 65 19 14 37 0.21875
14 65 21 14 53 0.140625
15 64 8 15 43 0.328125
15 64 13 15 76 0.203125
15 64 19 15 71 0.203125
15 64 22 15 19 0.265625
15 65 13 15 41 0.234375
15 65 19 15 13 0.21875
15 65 20 15 76 0.078125
15 65 22 15 69 0.234375
15 65 24 15 79 0.234375
