6_625_1000_1000_0_0 250 750 0.503466 0.101587 1.47089 9.87444 132.047 5.0294
6_625_1000_1000_0_0 250 750 500 489804 17223504000 35164.1 979.608 34447008 2.28617e+08
6_625_1000_1000_1_1 250 750 0.503466 0.101587 1.47089 9.87444 132.047 5.0294
6_625_1000_1000_1_1 250 750 500 489804 17223504000 35164.1 979.608 34447008 2.28617e+08
6_625_1000_1000_2_2 250 750 0.486914 0.101502 1.44899 9.66032 252.486 4.88362
6_625_1000_1000_2_2 250 750 500 488923 16890652500 34546.7 977.846 33781305 2.0205e+08
6_625_1000_1000_3_3 250 750 0.480505 0.101165 1.43905 9.53432 68.1356 4.82786
6_625_1000_1000_3_3 250 750 500 488570 16780410000 34346 977.14 33560820 2.02519e+08
6_625_1000_1000_4_4 250 750 0.493909 0.101964 1.45727 9.62654 409.883 4.95554
6_625_1000_1000_4_4 250 750 500 487887 17273488500 35404.7 975.774 34546977 2.22508e+08
6_625_1000_1000_5_5 250 750 0.498135 0.101611 1.54987 9.91292 74.3877 5.11386
6_625_1000_1000_5_5 250 750 500 487586 17152561500 35178.5 975.172 34305123 2.14915e+08
6_625_1000_1000_6_6 250 750 0.517748 0.101579 1.50596 9.98157 1239.99 5.1024
6_625_1000_1000_6_6 250 750 500 487412 16907460000 34688.2 974.824 33814920 2.26802e+08
6_625_1000_1000_7_7 250 750 0.493628 0.10129 1.38471 9.78023 507.735 4.86112
6_625_1000_1000_7_7 250 750 500 488348 16960858500 34731.1 976.696 33921717 2.17817e+08
6_625_1000_1000_8_8 250 750 0.483957 0.101617 1.41507 9.76625 81.2897 4.78624
6_625_1000_1000_8_8 250 750 500 489632 16992523500 34704.7 979.264 33985047 2.0343e+08
6_625_1000_1000_9_9 250 750 0.489276 0.101478 1.42165 9.77743 102.684 4.91191
6_625_1000_1000_9_9 250 750 500 487145 16867236000 34624.7 974.29 33734472 2.05805e+08
