21_0_0_640_0_0 160 480 0.497106 0.157384 0.756185 9.65138 400.646 3.37115
21_0_0_640_0_0 160 480 320 871764 30548034000 35041.6 2724.26 9.54626e+07 6.34235e+08
21_0_0_640_1_1 160 480 0.497106 0.157384 0.756185 9.65138 400.646 3.37115
21_0_0_640_1_1 160 480 320 871764 30548034000 35041.6 2724.26 9.54626e+07 6.34235e+08
21_0_0_640_2_2 160 480 0.494723 0.157998 0.75884 9.68875 567.349 3.36613
21_0_0_640_2_2 160 480 320 871191 30512028000 35023.4 2722.47 9.53501e+07 6.26626e+08
21_0_0_640_3_3 160 480 0.506802 0.157541 0.744333 9.82817 461.389 3.36103
21_0_0_640_3_3 160 480 320 871620 30641269500 35154.4 2723.81 9.5754e+07 6.76031e+08
21_0_0_640_4_4 160 480 0.487143 0.159811 0.777452 9.74078 312.195 3.47898
21_0_0_640_4_4 160 480 320 871259 30581908500 35100.8 2722.68 9.55685e+07 6.13361e+08
21_0_0_640_5_5 160 480 0.516019 0.156969 0.754506 9.78419 556.454 3.3948
21_0_0_640_5_5 160 480 320 870736 30418956000 34934.8 2721.05 9.50592e+07 6.5888e+08
21_0_0_640_6_6 160 480 0.497771 0.159712 0.785542 9.82305 369.641 3.51238
21_0_0_640_6_6 160 480 320 870677 30495630000 35025.2 2720.87 9.52988e+07 6.21777e+08
21_0_0_640_7_7 160 480 0.48998 0.158149 0.763305 9.64247 455.558 3.35601
21_0_0_640_7_7 160 480 320 870340 30527863500 35075.8 2719.81 9.53996e+07 6.02901e+08
21_0_0_640_8_8 160 480 0.536906 0.15655 0.760406 10.0088 580.9 3.49538
21_0_0_640_8_8 160 480 320 870274 30373327500 34900.9 2719.61 9.49166e+07 7.27054e+08
21_0_0_640_9_9 160 480 0.547296 0.160883 0.810481 10.0907 558.075 3.74756
21_0_0_640_9_9 160 480 320 871166 30568495500 35089.2 2722.39 9.55265e+07 6.71149e+08
