5_875_1000_100_0_0 25 75 0.455423 0.0928866 0.465033 9.00907 133.278 1.82313
5_875_1000_100_0_0 25 75 50 108642 3765769500 34662.2 2172.84 75315390 2.96837e+08
5_875_1000_100_1_1 25 75 0.455423 0.0928866 0.465033 9.00907 133.278 1.82313
5_875_1000_100_1_1 25 75 50 108642 3765769500 34662.2 2172.84 75315390 2.96837e+08
5_875_1000_100_2_2 25 75 0.410872 0.0923013 0.449171 7.76721 119.722 1.55539
5_875_1000_100_2_2 25 75 50 108213 3726406500 34435.8 2164.26 74528130 2.71342e+08
5_875_1000_100_3_3 25 75 0.572007 0.0909562 0.450472 9.26935 191.117 1.86348
5_875_1000_100_3_3 25 75 50 108237 3747444000 34622.6 2164.74 74948880 3.60057e+08
5_875_1000_100_4_4 25 75 0.436268 0.0923255 0.449106 9.01285 109.049 1.74652
5_875_1000_100_4_4 25 75 50 108110 3797460000 35125.9 2162.2 75949200 3.08858e+08
5_875_1000_100_5_5 25 75 0.475364 0.091778 0.453477 8.85827 118.01 1.82251
5_875_1000_100_5_5 25 75 50 108205 3758823000 34738 2164.1 75176460 3.39119e+08
5_875_1000_100_6_6 25 75 0.465992 0.0912189 0.429441 7.35162 162.018 1.43624
5_875_1000_100_6_6 25 75 50 108246 3705043500 34228 2164.92 74100870 3.11367e+08
5_875_1000_100_7_7 25 75 0.327841 0.0946632 0.450762 7.16552 99.472 1.50699
5_875_1000_100_7_7 25 75 50 108154 3697072500 34183.4 2163.08 73941450 2.92164e+08
5_875_1000_100_8_8 25 75 0.347261 0.0937563 0.439716 7.0104 170.3 1.41217
5_875_1000_100_8_8 25 75 50 108347 3816891000 35228.4 2166.94 76337820 2.61361e+08
5_875_1000_100_9_9 25 75 0.45445 0.0952825 0.480797 9.50241 99.9678 1.97033
5_875_1000_100_9_9 25 75 50 108260 3768685500 34811.4 2165.2 75373710 2.73895e+08
