6_0_0_100_0_0 25 75 0.516547 0.0948233 0.485973 10.2795 104.511 2.34425
6_0_0_100_0_0 25 75 50 110935 3817338000 34410.6 2218.7 76346760 3.1655e+08
6_0_0_100_1_1 25 75 0.516547 0.0948233 0.485973 10.2795 104.511 2.34425
6_0_0_100_1_1 25 75 50 110935 3817338000 34410.6 2218.7 76346760 3.1655e+08
6_0_0_100_2_2 25 75 0.456811 0.0938428 0.463304 8.51753 126.208 1.83851
6_0_0_100_2_2 25 75 50 110417 3805275000 34462.8 2208.34 76105500 3.11246e+08
6_0_0_100_3_3 25 75 0.456702 0.0967584 0.493643 8.72767 124.83 1.91954
6_0_0_100_3_3 25 75 50 110519 3841489500 34758.6 2210.38 76829790 2.90747e+08
6_0_0_100_4_4 25 75 0.620554 0.0955193 0.501488 10.8465 127.09 2.46958
6_0_0_100_4_4 25 75 50 110378 3883972500 35187.9 2207.56 77679450 4.43456e+08
6_0_0_100_5_5 25 75 0.581695 0.0915561 0.457526 10.1471 181.163 2.06882
6_0_0_100_5_5 25 75 50 110500 3836109000 34715.9 2210 76722180 3.76596e+08
6_0_0_100_6_6 25 75 0.527199 0.0923195 0.460488 9.41752 161.814 1.84199
6_0_0_100_6_6 25 75 50 110551 3751582500 33935.3 2211.02 75031650 3.05461e+08
6_0_0_100_7_7 25 75 0.453836 0.0941257 0.453319 8.40371 107.888 1.6713
6_0_0_100_7_7 25 75 50 110510 3798409500 34371.6 2210.2 75968190 3.15432e+08
6_0_0_100_8_8 25 75 0.429827 0.0971999 0.493231 9.62901 92.521 2.18074
6_0_0_100_8_8 25 75 50 110579 3905730000 35320.7 2211.58 78114600 3.32095e+08
6_0_0_100_9_9 25 75 0.423096 0.0974528 0.47847 8.78885 101.454 1.90166
6_0_0_100_9_9 25 75 50 110482 3881359500 35131.1 2209.64 77627190 3.29242e+08
