3_88125_100000_200_0_49 50 150 0.399335 0.0791335 0.712448 9.53088 115.274 3.68898
3_88125_100000_200_0_49 50 150 100 125458 4420359000 35233.8 1254.58 44203590 9.7302e+07
3_88125_100000_200_50_99 50 150 0.447877 0.0800196 0.804175 10.5137 98.5063 4.44117
3_88125_100000_200_50_99 50 150 100 125089 4443006000 35518.8 1250.89 44430060 1.05868e+08
3_88125_100000_200_100_149 50 150 0.429031 0.0790395 0.769269 10.1154 76.8814 4.10415
3_88125_100000_200_100_149 50 150 100 125743 4402507500 35011.9 1257.43 44025075 1.01253e+08
3_88125_100000_200_150_199 50 150 0.457719 0.0821243 0.857209 10.2498 144.543 4.39308
3_88125_100000_200_150_199 50 150 100 125296 4468410000 35662.8 1252.96 44684100 1.0755e+08
3_88125_100000_200_200_249 50 150 0.446573 0.0875489 0.862527 10.2249 81.326 4.34981
3_88125_100000_200_200_249 50 150 100 126008 4535902500 35996.9 1260.08 45359025 1.14144e+08
3_88125_100000_200_250_299 50 150 0.42467 0.0795283 0.756045 10.027 143.51 4.00301
3_88125_100000_200_250_299 50 150 100 125569 4427485500 35259.4 1255.69 44274855 1.07918e+08
3_88125_100000_200_300_349 50 150 0.423957 0.0778771 0.741789 10.1426 78.7152 3.90698
3_88125_100000_200_300_349 50 150 100 125704 4437721500 35302.9 1257.04 44377215 1.03714e+08
3_88125_100000_200_350_399 50 150 0.495046 0.0871323 0.945964 10.6936 105.512 5.09098
3_88125_100000_200_350_399 50 150 100 126239 4525794000 35851 1262.39 45257940 1.18137e+08
3_88125_100000_200_400_449 50 150 0.440367 0.0823514 0.77814 10.2917 248.928 4.232
3_88125_100000_200_400_449 50 150 100 125829 4495380000 35726.1 1258.29 44953800 1.08342e+08
3_88125_100000_200_450_499 50 150 0.435432 0.0827612 0.829054 10.0055 81.3013 4.24078
3_88125_100000_200_450_499 50 150 100 125822 4442970000 35311.6 1258.22 44429700 1.04808e+08
