0_376563_1000000_100_0_0 25 75 0.600857 0.25601 1.27302 9.98891 153.94 4.47558
0_376563_1000000_100_0_0 25 75 50 1538621 53613567000 34845.2 30772.4 1072271340 7.45372e+09
0_376563_1000000_100_1_1 25 75 0.600857 0.25601 1.27302 9.98891 153.94 4.47558
0_376563_1000000_100_1_1 25 75 50 1538621 53613567000 34845.2 30772.4 1072271340 7.45372e+09
0_376563_1000000_100_2_2 25 75 0.604641 0.256784 1.28076 9.99925 199.993 4.5078
0_376563_1000000_100_2_2 25 75 50 1536042 53499988500 34829.8 30720.8 1069999770 7.45226e+09
0_376563_1000000_100_3_3 25 75 0.599619 0.254717 1.25002 9.99395 211.407 4.43921
0_376563_1000000_100_3_3 25 75 50 1535249 53714992500 34987.8 30705 1074299850 7.71705e+09
0_376563_1000000_100_4_4 25 75 0.603758 0.256281 1.2846 9.98838 212.151 4.5218
0_376563_1000000_100_4_4 25 75 50 1538170 53900344500 35041.9 30763.4 1078006890 7.58338e+09
0_376563_1000000_100_5_5 25 75 0.596699 0.257653 1.25544 9.93275 110.019 4.40794
0_376563_1000000_100_5_5 25 75 50 1536672 53542482000 34843.1 30733.4 1070849640 7.37488e+09
0_376563_1000000_100_6_6 25 75 0.597982 0.256218 1.25796 9.95477 163.224 4.41873
0_376563_1000000_100_6_6 25 75 50 1533774 53504307000 34884.1 30675.5 1070086140 7.36518e+09
0_376563_1000000_100_7_7 25 75 0.604255 0.257451 1.26991 10.0164 210.023 4.47732
0_376563_1000000_100_7_7 25 75 50 1538424 53587045500 34832.4 30768.5 1071740910 7.5593e+09
0_376563_1000000_100_8_8 25 75 0.609401 0.258817 1.30627 10.0107 210.011 4.54888
0_376563_1000000_100_8_8 25 75 50 1537433 53511207000 34805.6 30748.7 1070224140 7.4993e+09
0_376563_1000000_100_9_9 25 75 0.59952 0.256088 1.2603 9.93479 109.675 4.43487
0_376563_1000000_100_9_9 25 75 50 1538122 53508303000 34788.1 30762.4 1070166060 7.40291e+09
