1_625_1000_100_0_0 25 75 0.534556 0.148142 0.767468 10.1444 113.237 3.57159
1_625_1000_100_0_0 25 75 50 393217 13662739500 34746.1 7864.34 273254790 1.43737e+09
1_625_1000_100_1_1 25 75 0.534556 0.148142 0.767468 10.1444 113.237 3.57159
1_625_1000_100_1_1 25 75 50 393217 13662739500 34746.1 7864.34 273254790 1.43737e+09
1_625_1000_100_2_2 25 75 0.508837 0.147075 0.748022 10.0959 109.977 3.41247
1_625_1000_100_2_2 25 75 50 393085 13675626000 34790.5 7861.7 273512520 1.36812e+09
1_625_1000_100_3_3 25 75 0.553822 0.149899 0.772492 10.3933 118.666 3.64626
1_625_1000_100_3_3 25 75 50 393145 13803858000 35111.4 7862.9 276077160 1.65623e+09
1_625_1000_100_4_4 25 75 0.502825 0.146818 0.733942 10.0822 191.704 3.40653
1_625_1000_100_4_4 25 75 50 393361 13762696500 34987.4 7867.22 275253930 1.5216e+09
1_625_1000_100_5_5 25 75 0.498806 0.143095 0.704945 9.94996 119.611 3.25562
1_625_1000_100_5_5 25 75 50 393287 13725231000 34898.8 7865.74 274504620 1.50327e+09
1_625_1000_100_6_6 25 75 0.532086 0.151703 0.793816 10.2676 113.78 3.6465
1_625_1000_100_6_6 25 75 50 392806 13885368000 35349.2 7856.12 277707360 1.59587e+09
1_625_1000_100_7_7 25 75 0.502029 0.14766 0.740738 10.0259 100.836 3.34583
1_625_1000_100_7_7 25 75 50 392775 13654030500 34763 7855.5 273080610 1.36997e+09
1_625_1000_100_8_8 25 75 0.520759 0.149612 0.772838 10.1372 121.59 3.55707
1_625_1000_100_8_8 25 75 50 392289 13677046500 34864.7 7845.78 273540930 1.541e+09
1_625_1000_100_9_9 25 75 0.527181 0.146527 0.751534 10.3291 112.796 3.5151
1_625_1000_100_9_9 25 75 50 393334 13567978500 34494.8 7866.68 271359570 1.41227e+09
