m_dring_cluster_b_0_10_1.log	0.07007831009133267	0.0538294	0.330726	5.80977
m_dring_cluster_b_0_10_2.log	0.06947457609585667	0.0537721	0.324262	4.75114
m_dring_cluster_b_0_10_3.log	0.06938028077590089	0.0537721	0.324195	4.42614
m_dring_cluster_b_0_10_4.log	0.07050104798726912	0.0538309	0.333812	5.75356
m_dring_cluster_b_0_10_5.log	0.06940515744221937	0.0537858	0.318805	4.85747
m_dring_cluster_b_0_20_1.log	0.07797595698769413	0.0575271	0.379559	6.87511
m_dring_cluster_b_0_20_2.log	0.07860503071377441	0.0575533	0.379023	8.05206
m_dring_cluster_b_0_20_3.log	0.0786759257938988	0.0574939	0.37544	9.07905
m_dring_cluster_b_0_20_4.log	0.07846588903395364	0.0575524	0.379387	7.85444
m_dring_cluster_b_0_20_5.log	0.0781931673218994	0.0575743	0.378512	7.02236
m_dring_cluster_b_0_30_1.log	0.08969696490012535	0.0622355	0.437403	9.45874
m_dring_cluster_b_0_30_2.log	0.0899499575763847	0.0621593	0.440056	9.09679
m_dring_cluster_b_0_30_3.log	0.08918592882825166	0.062038	0.433799	9.55512
m_dring_cluster_b_0_30_4.log	0.09016361995588588	0.0621768	0.44397	9.61905
m_dring_cluster_b_0_30_5.log	0.08906971318606827	0.0620108	0.43669	8.94235
m_dring_cluster_b_0_40_1.log	0.103850757241413	0.0680208	0.51195	10.4903
m_dring_cluster_b_0_40_2.log	0.10388715330415102	0.0680895	0.512334	10.6463
m_dring_cluster_b_0_40_3.log	0.10450780703387062	0.0681298	0.512495	10.3911
m_dring_cluster_b_0_40_4.log	0.10461751046098595	0.0681744	0.516608	10.4044
m_dring_cluster_b_0_40_5.log	0.10407756744601022	0.068108	0.510563	10.3019
m_dring_cluster_b_0_50_1.log	0.12321063746752918	0.0761241	0.619027	11.2025
m_dring_cluster_b_0_50_2.log	0.1238803742602156	0.0761938	0.621355	11.2903
m_dring_cluster_b_0_50_3.log	0.12389136915883271	0.076301	0.618813	11.2433
m_dring_cluster_b_0_50_4.log	0.12357539142605252	0.0762046	0.615946	11.3152
m_dring_cluster_b_0_50_5.log	0.12295315968346648	0.0761572	0.612349	11.1436
m_dring_cluster_b_0_60_1.log	0.14827214469243674	0.0871319	0.772413	13.5167
m_dring_cluster_b_0_60_2.log	0.14496514209239028	0.0866564	0.753686	12.246
m_dring_cluster_b_0_60_3.log	0.14738307556771305	0.0865064	0.771514	12.9602
m_dring_cluster_b_0_60_4.log	0.1476106236110702	0.0868835	0.768082	12.983
m_dring_cluster_b_0_60_5.log	0.14769200161856064	0.0870839	0.76929	13.0109
m_dring_cluster_b_0_70_1.log	0.178948114684506	0.101443	1.04325	17.1253
m_dring_cluster_b_0_70_2.log	0.17808325664753039	0.101547	1.03896	16.8917
m_dring_cluster_b_0_70_3.log	0.17847070021385336	0.101124	1.02647	17.2369
m_dring_cluster_b_0_70_4.log	0.17775057704325165	0.101505	1.02021	16.7915
m_dring_cluster_b_0_70_5.log	0.1782093872369746	0.101238	1.03042	16.7478
m_dring_cluster_b_0_80_1.log	0.21958514246659325	0.120852	1.57449	22.3322
m_dring_cluster_b_0_80_2.log	0.22052733516864167	0.120946	1.61014	22.1566
m_dring_cluster_b_0_80_3.log	0.22052866573346308	0.121082	1.59765	21.3757
m_dring_cluster_b_0_80_4.log	0.2207296514077087	0.12099	1.60208	21.8162
m_dring_cluster_b_0_80_5.log	0.21966668549705543	0.120824	1.58804	20.7435
m_dring_cluster_b_0_90_1.log	0.27662260849886045	0.145301	3.10194	28.801
m_dring_cluster_b_0_90_2.log	0.27737943722830516	0.146141	3.13988	28.447
m_dring_cluster_b_0_90_3.log	0.2776253606308035	0.14588	3.12509	30.5568
m_dring_cluster_b_0_90_4.log	0.27642691368531236	0.145537	3.04015	28.5122
m_dring_cluster_b_0_90_5.log	0.27827897124826423	0.146424	3.18731	29.6803
