0_4625_10000_100_0_0 25 75 0.594386 0.244784 1.24552 10.0208 129.801 4.456
0_4625_10000_100_0_0 25 75 50 1207458 41884104000 34687.8 24149.2 837682080 5.72739e+09
0_4625_10000_100_1_1 25 75 0.594386 0.244784 1.24552 10.0208 129.801 4.456
0_4625_10000_100_1_1 25 75 50 1207458 41884104000 34687.8 24149.2 837682080 5.72739e+09
0_4625_10000_100_2_2 25 75 0.613383 0.248182 1.33342 10.1574 180.052 4.67411
0_4625_10000_100_2_2 25 75 50 1205779 42160125000 34965.1 24115.6 843202500 5.94292e+09
0_4625_10000_100_3_3 25 75 0.610299 0.24678 1.29621 10.1913 129.995 4.59997
0_4625_10000_100_3_3 25 75 50 1207018 42383779500 35114.5 24140.4 847675590 5.96824e+09
0_4625_10000_100_4_4 25 75 0.593928 0.244868 1.23922 9.95082 180.005 4.40111
0_4625_10000_100_4_4 25 75 50 1205111 42033847500 34879.6 24102.2 840676950 5.85895e+09
0_4625_10000_100_5_5 25 75 0.610437 0.246817 1.28604 10.1779 110.081 4.61028
0_4625_10000_100_5_5 25 75 50 1207329 42048061500 34827.3 24146.6 840961230 5.83057e+09
0_4625_10000_100_6_6 25 75 0.607274 0.244994 1.27732 10.1526 100.055 4.59351
0_4625_10000_100_6_6 25 75 50 1203717 42177403500 35039.3 24074.3 843548070 5.95637e+09
0_4625_10000_100_7_7 25 75 0.596003 0.243736 1.24105 9.98832 190.011 4.42135
0_4625_10000_100_7_7 25 75 50 1207699 42187734000 34932.3 24154 843754680 5.9803e+09
0_4625_10000_100_8_8 25 75 0.600106 0.244371 1.25952 10.0081 230.021 4.51591
0_4625_10000_100_8_8 25 75 50 1207093 42134707500 34905.9 24141.9 842694150 5.94768e+09
0_4625_10000_100_9_9 25 75 0.591884 0.244812 1.23062 9.98751 180.011 4.4132
0_4625_10000_100_9_9 25 75 50 1206047 42341526000 35107.7 24120.9 846830520 5.96836e+09
