0_37_100_100_0_0 25 75 0.615382 0.269186 1.33635 9.95436 87.5891 4.52566
0_37_100_100_0_0 25 75 50 1512474 52624210500 34793.5 30249.5 1052484210 7.51758e+09
0_37_100_100_1_1 25 75 0.615382 0.269186 1.33635 9.95436 87.5891 4.52566
0_37_100_100_1_1 25 75 50 1512474 52624210500 34793.5 30249.5 1052484210 7.51758e+09
0_37_100_100_2_2 25 75 0.615294 0.269024 1.33705 9.95839 219.977 4.51046
0_37_100_100_2_2 25 75 50 1509755 52595920500 34837.4 30195.1 1051918410 7.6435e+09
0_37_100_100_3_3 25 75 0.61546 0.267998 1.33152 9.96347 149.985 4.51758
0_37_100_100_3_3 25 75 50 1508902 52648285500 34891.8 30178 1052965710 7.60534e+09
0_37_100_100_4_4 25 75 0.611169 0.268468 1.31629 9.90359 240.032 4.45596
0_37_100_100_4_4 25 75 50 1509632 52764342000 34951.8 30192.6 1055286840 7.69515e+09
0_37_100_100_5_5 25 75 0.610167 0.268942 1.33325 9.91849 150.005 4.48802
0_37_100_100_5_5 25 75 50 1508364 52593747000 34868.1 30167.3 1051874940 7.52357e+09
0_37_100_100_6_6 25 75 0.619252 0.267927 1.34836 10.0151 160.147 4.57472
0_37_100_100_6_6 25 75 50 1508704 52490334000 34791.7 30174.1 1049806680 7.77027e+09
0_37_100_100_7_7 25 75 0.624205 0.269858 1.38201 9.98999 143.488 4.63735
0_37_100_100_7_7 25 75 50 1509816 53025214500 35120.3 30196.3 1060504290 7.89017e+09
0_37_100_100_8_8 25 75 0.616757 0.270324 1.34717 9.93447 210.042 4.52869
0_37_100_100_8_8 25 75 50 1507737 52835764500 35043.1 30154.7 1056715290 7.61574e+09
0_37_100_100_9_9 25 75 0.614353 0.268501 1.33212 9.938 225.367 4.5072
0_37_100_100_9_9 25 75 50 1509683 52203165000 34578.9 30193.7 1044063300 7.4104e+09
