7_25_100_1000_0_0 250 750 0.532441 0.112668 1.78587 9.95421 339.952 5.49544
7_25_100_1000_0_0 250 750 500 536310 18822087000 35095.5 1072.62 37644174 2.70858e+08
7_25_100_1000_1_1 250 750 0.532441 0.112668 1.78587 9.95421 339.952 5.49544
7_25_100_1000_1_1 250 750 500 536310 18822087000 35095.5 1072.62 37644174 2.70858e+08
7_25_100_1000_2_2 250 750 0.526776 0.112474 1.72814 9.92967 106.229 5.34691
7_25_100_1000_2_2 250 750 500 534743 18461068500 34523.3 1069.49 36922137 2.49013e+08
7_25_100_1000_3_3 250 750 0.518629 0.112375 1.69579 9.74248 96.7709 5.24283
7_25_100_1000_3_3 250 750 500 534738 18396528000 34402.9 1069.48 36793056 2.41883e+08
7_25_100_1000_4_4 250 750 0.543023 0.11314 1.78282 9.86635 953.182 5.4992
7_25_100_1000_4_4 250 750 500 533881 18897417000 35396.3 1067.76 37794834 2.72872e+08
7_25_100_1000_5_5 250 750 0.552329 0.113 1.88896 10.1488 1059.89 5.64946
7_25_100_1000_5_5 250 750 500 533345 18786819000 35224.5 1066.69 37573638 2.66466e+08
7_25_100_1000_6_6 250 750 0.537835 0.11239 1.76048 9.9365 1279.95 5.38235
7_25_100_1000_6_6 250 750 500 533679 18459678000 34589.5 1067.36 36919356 2.66976e+08
7_25_100_1000_7_7 250 750 0.525323 0.112133 1.63029 9.84231 558.895 5.27762
7_25_100_1000_7_7 250 750 500 534288 18522556500 34667.7 1068.58 37045113 2.60047e+08
7_25_100_1000_8_8 250 750 0.52752 0.112986 1.7497 9.89162 157.52 5.38317
7_25_100_1000_8_8 250 750 500 536026 18642597000 34779.3 1072.05 37285194 2.53367e+08
7_25_100_1000_9_9 250 750 0.519126 0.112386 1.68182 9.82864 179.988 5.30658
7_25_100_1000_9_9 250 750 500 533308 18491583000 34673.4 1066.62 36983166 2.47776e+08
