16_75_100_640_0_0 160 480 0.47268 0.129989 0.586605 9.38795 427.96 2.58443
16_75_100_640_0_0 160 480 320 695204 24245985000 34876.1 2172.51 7.57687e+07 4.59825e+08
16_75_100_640_1_1 160 480 0.47268 0.129989 0.586605 9.38795 427.96 2.58443
16_75_100_640_1_1 160 480 320 695204 24245985000 34876.1 2172.51 7.57687e+07 4.59825e+08
16_75_100_640_2_2 160 480 0.595986 0.130969 0.604062 9.41785 670.189 2.67439
16_75_100_640_2_2 160 480 320 695237 24258013500 34891.7 2172.62 7.58063e+07 5.82505e+08
16_75_100_640_3_3 160 480 0.584124 0.131259 0.598282 9.50142 630.145 2.68146
16_75_100_640_3_3 160 480 320 695002 24361524000 35052.5 2171.88 7.61298e+07 5.37863e+08
16_75_100_640_4_4 160 480 0.783438 0.131473 0.625003 10.2252 739.852 3.01111
16_75_100_640_4_4 160 480 320 694989 24375892500 35073.8 2171.84 7.61747e+07 6.966e+08
16_75_100_640_5_5 160 480 0.57095 0.128355 0.573643 9.22307 608.289 2.50464
16_75_100_640_5_5 160 480 320 694742 24148707000 34759.2 2171.07 7.54647e+07 5.44908e+08
16_75_100_640_6_6 160 480 0.606915 0.131068 0.605817 9.72742 717.487 2.7382
16_75_100_640_6_6 160 480 320 694425 24238725000 34904.7 2170.08 7.5746e+07 5.58077e+08
16_75_100_640_7_7 160 480 0.535924 0.130959 0.607265 9.60942 558.858 2.71854
16_75_100_640_7_7 160 480 320 694100 24226384500 34903.3 2169.06 7.57075e+07 5.84882e+08
16_75_100_640_8_8 160 480 0.711429 0.129916 0.613094 10.0748 712.151 2.93766
16_75_100_640_8_8 160 480 320 694320 24237781500 34908.7 2169.75 7.57431e+07 6.93718e+08
16_75_100_640_9_9 160 480 0.58604 0.130612 0.608453 9.74184 664.01 2.79278
16_75_100_640_9_9 160 480 320 694580 24194727000 34833.6 2170.56 7.56085e+07 5.68143e+08
