108_0_0_200_0_49 50 150 0.472766 0.149681 0.82826 9.77959 291.879 3.75225
108_0_0_200_0_49 50 150 100 3499198 121654849500 34766.5 34992 1216548495 6.55099e+09
108_0_0_200_50_99 50 150 0.471829 0.14922 0.823002 9.77182 147.515 3.73766
108_0_0_200_50_99 50 150 100 3498985 121461589500 34713.4 34989.8 1214615895 6.51997e+09
108_0_0_200_100_149 50 150 0.470109 0.148528 0.809632 9.71922 383.503 3.65941
108_0_0_200_100_149 50 150 100 3497680 121376418000 34702 34976.8 1213764180 6.65301e+09
108_0_0_200_150_199 50 150 0.477729 0.150187 0.836844 9.77406 154.043 3.80334
108_0_0_200_150_199 50 150 100 3498947 121917187500 34844 34989.5 1219171875 6.88599e+09
108_0_0_200_200_249 50 150 0.47594 0.149198 0.83276 9.79632 165.11 3.76485
108_0_0_200_200_249 50 150 100 3499298 121916235000 34840.2 34993 1219162350 6.65963e+09
108_0_0_200_250_299 50 150 0.478768 0.149345 0.835148 9.8601 141.901 3.81602
108_0_0_200_250_299 50 150 100 3428936 119032405500 34714.1 34289.4 1190324055 6.66163e+09
108_0_0_200_300_349 50 150 0.475238 0.150731 0.832759 9.77863 219.892 3.7778
108_0_0_200_300_349 50 150 100 3500781 121909677000 34823.6 35007.8 1219096770 6.60637e+09
108_0_0_200_350_399 50 150 0.473584 0.149788 0.83103 9.75509 167.507 3.75691
108_0_0_200_350_399 50 150 100 3501573 121639159500 34738.4 35015.7 1216391595 6.62528e+09
108_0_0_200_400_449 50 150 0.475642 0.149485 0.832109 9.8239 156.438 3.80457
108_0_0_200_400_449 50 150 100 3501221 121578778500 34724.7 35012.2 1215787785 6.53735e+09
108_0_0_200_450_499 50 150 0.470467 0.149349 0.829597 9.69785 154.232 3.74626
108_0_0_200_450_499 50 150 100 3500062 121235286000 34638 35000.6 1212352860 6.61504e+09
