110_0_0_200_0_49 50 150 0.508187 0.155529 0.924444 10.0742 451.561 4.20156
110_0_0_200_0_49 50 150 100 3564124 123821008500 34740.9 35641.2 1238210085 7.29055e+09
110_0_0_200_50_99 50 150 0.506022 0.15543 0.907307 10.0851 505.545 4.15243
110_0_0_200_50_99 50 150 100 3563727 123707307000 34712.9 35637.3 1237073070 7.25894e+09
110_0_0_200_100_149 50 150 0.500385 0.154363 0.898651 10.0119 219.92 4.08977
110_0_0_200_100_149 50 150 100 3562598 123536920500 34676.1 35626 1235369205 7.19053e+09
110_0_0_200_150_199 50 150 0.515377 0.157414 0.94919 10.1099 189.319 4.29324
110_0_0_200_150_199 50 150 100 3563723 124049490000 34809 35637.2 1240494900 7.36163e+09
110_0_0_200_200_249 50 150 0.510661 0.155593 0.918849 10.0933 202.34 4.1871
110_0_0_200_200_249 50 150 100 3564347 124137349500 34827.5 35643.5 1241373495 7.44858e+09
110_0_0_200_250_299 50 150 0.50887 0.155025 0.906813 10.0737 188.156 4.15574
110_0_0_200_250_299 50 150 100 3492559 121256841000 34718.6 34925.6 1212568410 7.15e+09
110_0_0_200_300_349 50 150 0.516676 0.155943 0.916244 10.146 190.202 4.21106
110_0_0_200_300_349 50 150 100 3565293 124057326000 34795.8 35652.9 1240573260 7.65114e+09
110_0_0_200_350_399 50 150 0.512917 0.155965 0.927181 10.1173 212.384 4.23956
110_0_0_200_350_399 50 150 100 3566364 123857184000 34729.3 35663.6 1238571840 7.33353e+09
110_0_0_200_400_449 50 150 0.51659 0.15563 0.922349 10.1561 332.71 4.24994
110_0_0_200_400_449 50 150 100 3565897 123744154500 34702.1 35659 1237441545 7.4433e+09
110_0_0_200_450_499 50 150 0.514988 0.154437 0.916143 10.1289 207.674 4.21167
110_0_0_200_450_499 50 150 100 3564661 123362310000 34607 35646.6 1233623100 7.41905e+09
