6_875_1000_100_0_0 25 75 0.541828 0.10693 0.576262 10.2532 107.312 2.90063
6_875_1000_100_0_0 25 75 50 127175 4392723000 34540.8 2543.5 87854460 4.42994e+08
6_875_1000_100_1_1 25 75 0.541828 0.10693 0.576262 10.2532 107.312 2.90063
6_875_1000_100_1_1 25 75 50 127175 4392723000 34540.8 2543.5 87854460 4.42994e+08
6_875_1000_100_2_2 25 75 0.451797 0.108142 0.578078 9.3237 110.571 2.65916
6_875_1000_100_2_2 25 75 50 126640 4400089500 34744.9 2532.8 88001790 4.04391e+08
6_875_1000_100_3_3 25 75 0.529301 0.111876 0.611759 10.2334 114.713 3.14493
6_875_1000_100_3_3 25 75 50 126652 4404709500 34778 2533.04 88094190 4.11152e+08
6_875_1000_100_4_4 25 75 0.46142 0.110092 0.560425 9.67566 111.085 2.56203
6_875_1000_100_4_4 25 75 50 126427 4443805500 35149.2 2528.54 88876110 4.18197e+08
6_875_1000_100_5_5 25 75 0.520514 0.106023 0.561233 10.1557 127.344 2.69219
6_875_1000_100_5_5 25 75 50 126586 4409242500 34832 2531.72 88184850 4.44015e+08
6_875_1000_100_6_6 25 75 0.390156 0.105663 0.547707 8.7745 72.3847 2.40264
6_875_1000_100_6_6 25 75 50 126690 4314226500 34053.4 2533.8 86284530 3.33251e+08
6_875_1000_100_7_7 25 75 0.494316 0.1083 0.562852 10.0121 99.5981 2.67255
6_875_1000_100_7_7 25 75 50 126528 4364026500 34490.6 2530.56 87280530 4.49541e+08
6_875_1000_100_8_8 25 75 0.46653 0.108652 0.600356 9.57759 103.943 2.89107
6_875_1000_100_8_8 25 75 50 126596 4443963000 35103.5 2531.92 88879260 4.6071e+08
6_875_1000_100_9_9 25 75 0.457169 0.108861 0.562329 9.16397 119.765 2.48054
6_875_1000_100_9_9 25 75 50 126672 4407253500 34792.6 2533.44 88145070 4.0589e+08
