23_0_0_200_0_0 50 150 0.672034 0.123311 0.594951 10.3364 298.76 2.92033
23_0_0_200_0_0 50 150 100 807524 28298925000 35044.1 8075.24 282989250 1.80404e+09
23_0_0_200_1_1 50 150 0.672034 0.123311 0.594951 10.3364 298.76 2.92033
23_0_0_200_1_1 50 150 100 807524 28298925000 35044.1 8075.24 282989250 1.80404e+09
23_0_0_200_2_2 50 150 0.68253 0.121143 0.584372 10.5291 319.615 2.92669
23_0_0_200_2_2 50 150 100 806888 28188141000 34934.4 8068.88 281881410 1.77187e+09
23_0_0_200_3_3 50 150 0.645682 0.123268 0.590191 10.2278 309.163 2.83733
23_0_0_200_3_3 50 150 100 807145 28370236500 35148.9 8071.45 283702365 1.7974e+09
23_0_0_200_4_4 50 150 0.672544 0.122881 0.596317 10.4036 527.284 2.92455
23_0_0_200_4_4 50 150 100 807291 28301742000 35057.7 8072.91 283017420 1.82566e+09
23_0_0_200_5_5 50 150 0.622077 0.121952 0.581966 10.2704 309.682 2.83248
23_0_0_200_5_5 50 150 100 806584 28126815000 34871.5 8065.84 281268150 1.68847e+09
23_0_0_200_6_6 50 150 0.612904 0.121751 0.581903 10.2315 319.869 2.79169
23_0_0_200_6_6 50 150 100 806157 28185397500 34962.7 8061.57 281853975 1.80204e+09
23_0_0_200_7_7 50 150 0.709256 0.123229 0.598092 10.3701 320.121 2.91692
23_0_0_200_7_7 50 150 100 806215 28235614500 35022.4 8062.15 282356145 1.74224e+09
23_0_0_200_8_8 50 150 0.737056 0.122252 0.592271 10.4289 300.121 2.9318
23_0_0_200_8_8 50 150 100 806065 28113082500 34876.9 8060.65 281130825 1.79731e+09
23_0_0_200_9_9 50 150 0.69656 0.122522 0.587164 10.3203 299.488 2.83801
23_0_0_200_9_9 50 150 100 806748 28271172000 35043.4 8067.48 282711720 1.8859e+09
