0 14 2 0 24 0.015625
0 14 5 0 25 0.015625
0 14 12 0 27 0.015625
0 14 13 0 27 0.015625
0 14 14 0 28 0.015625
0 14 15 0 28 0.015625
0 14 24 0 73 0.015625
0 14 32 0 76 0.015625
0 14 42 0 27 0.015625
0 14 47 0 30 0.015625
0 14 49 0 73 0.015625
0 14 53 0 78 0.015625
0 14 57 0 79 0.015625
0 14 59 0 79 0.015625
0 14 64 0 53 0.015625
0 14 65 0 53 0.015625
0 14 67 0 53 0.015625
0 14 81 0 18 0.015625
0 14 82 0 18 0.015625
0 14 86 0 20 0.015625
0 14 87 0 21 0.015625
0 14 88 0 21 0.015625
0 14 91 0 23 0.015625
0 14 97 0 24 0.015625
0 14 98 0 24 0.015625
0 14 100 0 26 0.015625
0 14 105 0 29 0.015625
0 14 108 0 73 0.015625
0 14 113 0 76 0.015625
0 14 114 0 77 0.015625
0 14 116 0 79 0.015625
0 14 117 0 52 0.015625
0 14 118 0 52 0.015625
0 14 120 0 52 0.015625
0 14 121 0 53 0.015625
0 14 129 0 56 0.015625
0 14 130 0 56 0.015625
0 14 131 0 56 0.015625
0 14 134 0 58 0.015625
0 14 135 0 58 0.015625
0 14 142 0 19 0.015625
0 14 144 0 20 0.015625
0 14 146 0 20 0.015625
0 14 147 0 20 0.015625
0 14 148 0 21 0.015625
0 14 150 0 21 0.015625
0 14 152 0 21 0.015625
0 14 155 0 22 0.015625
0 14 157 0 24 0.015625
0 14 158 0 25 0.015625
0 14 159 0 25 0.015625
0 14 167 0 75 0.015625
0 14 169 0 52 0.015625
0 14 171 0 52 0.015625
0 14 173 0 53 0.015625
0 14 174 0 53 0.015625
0 14 176 0 56 0.015625
0 14 179 0 58 0.015625
0 14 181 0 58 0.015625
0 14 184 0 20 0.015625
0 14 185 0 21 0.015625
0 14 191 0 30 0.015625
0 14 193 0 79 0.015625
0 14 195 0 58 0.015625
0 36 0 0 24 0.015625
0 36 7 0 52 0.015625
0 36 10 0 55 0.015625
0 36 17 0 24 0.015625
0 36 18 0 24 0.015625
0 36 21 0 25 0.015625
0 36 22 0 27 0.015625
0 36 24 0 27 0.015625
0 36 25 0 27 0.015625
0 36 28 0 29 0.015625
0 36 34 0 20 0.015625
0 36 35 0 20 0.015625
0 36 45 0 75 0.015625
0 36 46 0 75 0.015625
0 36 47 0 76 0.015625
0 36 51 0 79 0.015625
0 36 56 0 53 0.015625
0 36 57 0 53 0.015625
0 36 63 0 56 0.015625
0 36 64 0 56 0.015625
0 36 67 0 58 0.015625
0 36 69 0 58 0.015625
0 36 73 0 23 0.015625
0 36 75 0 73 0.015625
0 36 80 0 74 0.015625
0 36 81 0 75 0.015625
0 36 82 0 75 0.015625
0 36 86 0 76 0.015625
0 36 88 0 76 0.015625
0 36 95 0 78 0.015625
0 36 97 0 79 0.015625
0 36 98 0 79 0.015625
0 36 99 0 79 0.015625
0 36 100 0 79 0.015625
0 36 104 0 18 0.015625
0 36 106 0 18 0.015625
0 36 111 0 19 0.015625
0 36 113 0 20 0.015625
0 36 114 0 20 0.015625
0 36 116 0 20 0.015625
0 36 117 0 20 0.015625
0 36 119 0 21 0.015625
0 36 120 0 21 0.015625
0 36 121 0 21 0.015625
0 36 125 0 22 0.015625
0 36 129 0 27 0.015625
0 36 132 0 73 0.015625
0 36 140 0 77 0.015625
0 36 141 0 78 0.015625
0 36 143 0 52 0.015625
0 36 147 0 57 0.015625
0 36 148 0 18 0.015625
0 36 149 0 19 0.015625
0 36 150 0 21 0.015625
0 36 153 0 21 0.015625
0 36 154 0 22 0.015625
0 36 156 0 24 0.015625
0 36 159 0 30 0.015625
0 36 162 0 77 0.015625
0 36 164 0 56 0.015625
0 36 166 0 28 0.015625
0 36 167 0 53 0.015625
0 36 168 0 53 0.015625
0 36 169 0 20 0.015625
0 38 1 0 74 0.015625
0 38 8 0 73 0.015625
0 38 24 0 20 0.015625
0 38 25 0 20 0.015625
0 38 26 0 20 0.015625
0 38 28 0 21 0.015625
0 38 29 0 21 0.015625
0 38 35 0 23 0.015625
0 38 41 0 24 0.015625
0 38 42 0 24 0.015625
0 38 45 0 27 0.015625
0 38 48 0 27 0.015625
0 38 52 0 29 0.015625
0 38 54 0 30 0.015625
0 38 63 0 78 0.015625
0 38 65 0 79 0.015625
0 38 66 0 52 0.015625
0 38 68 0 52 0.015625
0 38 71 0 53 0.015625
0 38 75 0 56 0.015625
0 38 77 0 18 0.015625
0 38 78 0 18 0.015625
0 38 79 0 18 0.015625
0 38 81 0 21 0.015625
0 38 91 0 25 0.015625
0 38 95 0 26 0.015625
0 38 101 0 27 0.015625
0 38 102 0 27 0.015625
0 38 103 0 27 0.015625
0 38 111 0 29 0.015625
0 38 116 0 52 0.015625
0 38 117 0 52 0.015625
0 38 118 0 52 0.015625
0 38 120 0 53 0.015625
0 38 121 0 54 0.015625
0 38 122 0 55 0.015625
0 38 129 0 56 0.015625
0 38 132 0 58 0.015625
0 38 133 0 58 0.015625
0 38 135 0 20 0.015625
0 38 137 0 21 0.015625
0 38 140 0 24 0.015625
0 38 144 0 27 0.015625
0 38 145 0 27 0.015625
0 38 147 0 28 0.015625
0 38 150 0 73 0.015625
0 38 152 0 74 0.015625
0 38 154 0 52 0.015625
0 38 166 0 56 0.015625
0 38 168 0 57 0.015625
0 38 172 0 58 0.015625
0 38 174 0 58 0.015625
0 38 175 0 18 0.015625
0 38 177 0 20 0.015625
0 38 178 0 20 0.015625
0 38 179 0 21 0.015625
0 38 180 0 21 0.015625
0 38 184 0 26 0.015625
0 38 187 0 78 0.015625
0 38 188 0 52 0.015625
0 38 189 0 52 0.015625
0 38 190 0 53 0.015625
0 38 196 0 20 0.015625
0 38 197 0 21 0.015625
0 59 5 0 29 0.015625
0 59 7 0 24 0.015625
0 59 9 0 24 0.015625
0 59 10 0 27 0.015625
0 59 16 0 52 0.015625
0 59 34 0 24 0.015625
0 59 35 0 24 0.015625
0 59 36 0 25 0.015625
0 59 37 0 25 0.015625
0 59 38 0 27 0.015625
0 59 40 0 27 0.015625
0 59 41 0 29 0.015625
0 59 48 0 73 0.015625
0 59 51 0 75 0.015625
0 59 54 0 76 0.015625
0 59 70 0 19 0.015625
0 59 71 0 20 0.015625
0 59 72 0 20 0.015625
0 59 75 0 22 0.015625
0 59 77 0 23 0.015625
0 59 80 0 73 0.015625
0 59 89 0 75 0.015625
0 59 94 0 76 0.015625
0 59 102 0 79 0.015625
0 59 104 0 79 0.015625
0 59 106 0 52 0.015625
0 59 108 0 52 0.015625
0 59 109 0 52 0.015625
0 59 110 0 53 0.015625
0 59 112 0 53 0.015625
0 59 113 0 53 0.015625
0 59 117 0 55 0.015625
0 59 118 0 56 0.015625
0 59 119 0 58 0.015625
0 59 120 0 58 0.015625
0 59 124 0 18 0.015625
0 59 128 0 19 0.015625
0 59 131 0 19 0.015625
0 59 134 0 20 0.015625
0 59 135 0 20 0.015625
0 59 137 0 21 0.015625
0 59 139 0 21 0.015625
0 59 149 0 74 0.015625
0 59 150 0 74 0.015625
0 59 152 0 77 0.015625
0 59 155 0 78 0.015625
0 59 158 0 52 0.015625
0 59 160 0 53 0.015625
0 59 161 0 53 0.015625
0 59 167 0 56 0.015625
0 59 169 0 56 0.015625
0 59 173 0 58 0.015625
0 59 175 0 58 0.015625
0 59 182 0 24 0.015625
0 59 183 0 26 0.015625
0 59 184 0 27 0.015625
0 59 186 0 79 0.015625
0 59 188 0 53 0.015625
0 59 192 0 21 0.015625
0 59 194 0 30 0.015625
0 59 196 0 52 0.015625
0 59 197 0 56 0.015625
0 59 198 0 27 0.015625
0 59 199 0 20 0.015625
5 14 2 5 24 0.015625
5 14 5 5 25 0.015625
5 14 10 5 27 0.015625
5 14 11 5 27 0.015625
5 14 13 5 28 0.015625
5 14 23 5 73 0.015625
5 14 26 5 74 0.015625
5 14 40 5 27 0.015625
5 14 45 5 30 0.015625
5 14 47 5 30 0.015625
5 14 48 5 73 0.015625
5 14 49 5 73 0.015625
5 14 50 5 73 0.015625
5 14 53 5 74 0.015625
5 14 63 5 53 0.015625
5 14 64 5 53 0.015625
5 14 74 5 57 0.015625
5 14 75 5 57 0.015625
5 14 77 5 18 0.015625
5 14 78 5 18 0.015625
5 14 79 5 18 0.015625
5 14 80 5 18 0.015625
5 14 82 5 19 0.015625
5 14 84 5 19 0.015625
5 14 89 5 21 0.015625
5 14 97 5 24 0.015625
5 14 100 5 26 0.015625
5 14 104 5 29 0.015625
5 14 107 5 73 0.015625
5 14 110 5 74 0.015625
5 14 113 5 76 0.015625
5 14 117 5 79 0.015625
5 14 119 5 52 0.015625
5 14 121 5 52 0.015625
5 14 122 5 53 0.015625
5 14 128 5 56 0.015625
5 14 129 5 56 0.015625
5 14 130 5 56 0.015625
5 14 132 5 57 0.015625
5 14 134 5 58 0.015625
5 14 135 5 18 0.015625
5 14 136 5 18 0.015625
5 14 142 5 19 0.015625
5 14 146 5 20 0.015625
5 14 147 5 20 0.015625
5 14 148 5 21 0.015625
5 14 150 5 21 0.015625
5 14 155 5 22 0.015625
5 14 157 5 25 0.015625
5 14 165 5 79 0.015625
5 14 167 5 52 0.015625
5 14 169 5 52 0.015625
5 14 171 5 53 0.015625
5 14 175 5 57 0.015625
5 14 176 5 57 0.015625
5 14 180 5 58 0.015625
5 14 183 5 20 0.015625
5 14 184 5 21 0.015625
5 14 187 5 25 0.015625
5 14 189 5 30 0.015625
5 14 191 5 79 0.015625
5 14 193 5 58 0.015625
5 14 198 5 27 0.015625
5 14 199 5 76 0.015625
5 36 0 5 24 0.015625
5 36 7 5 52 0.015625
5 36 17 5 24 0.015625
5 36 18 5 24 0.015625
5 36 20 5 27 0.015625
5 36 23 5 27 0.015625
5 36 25 5 29 0.015625
5 36 31 5 20 0.015625
5 36 32 5 20 0.015625
5 36 40 5 30 0.015625
5 36 41 5 30 0.015625
5 36 42 5 30 0.015625
5 36 43 5 73 0.015625
5 36 45 5 76 0.015625
5 36 49 5 79 0.015625
5 36 50 5 79 0.015625
5 36 51 5 79 0.015625
5 36 63 5 57 0.015625
5 36 65 5 22 0.015625
5 36 68 5 73 0.015625
5 36 72 5 73 0.015625
5 36 75 5 74 0.015625
5 36 77 5 74 0.015625
5 36 82 5 75 0.015625
5 36 85 5 76 0.015625
5 36 88 5 76 0.015625
5 36 94 5 79 0.015625
5 36 95 5 79 0.015625
5 36 96 5 18 0.015625
5 36 97 5 18 0.015625
5 36 99 5 18 0.015625
5 36 101 5 18 0.015625
5 36 102 5 19 0.015625
5 36 106 5 19 0.015625
5 36 109 5 20 0.015625
5 36 110 5 20 0.015625
5 36 112 5 20 0.015625
5 36 113 5 20 0.015625
5 36 115 5 21 0.015625
5 36 116 5 21 0.015625
5 36 118 5 21 0.015625
5 36 123 5 22 0.015625
5 36 126 5 27 0.015625
5 36 131 5 74 0.015625
5 36 133 5 74 0.015625
5 36 138 5 76 0.015625
5 36 139 5 78 0.015625
5 36 142 5 79 0.015625
5 36 143 5 52 0.015625
5 36 144 5 53 0.015625
5 36 148 5 57 0.015625
5 36 149 5 18 0.015625
5 36 150 5 19 0.015625
5 36 151 5 21 0.015625
5 36 154 5 21 0.015625
5 36 155 5 21 0.015625
5 36 156 5 22 0.015625
5 36 158 5 22 0.015625
5 36 160 5 24 0.015625
5 36 161 5 30 0.015625
5 36 165 5 18 0.015625
5 36 169 5 53 0.015625
5 36 170 5 53 0.015625
5 36 171 5 20 0.015625
5 38 1 5 74 0.015625
5 38 6 5 79 0.015625
5 38 9 5 73 0.015625
5 38 25 5 19 0.015625
5 38 26 5 20 0.015625
5 38 27 5 20 0.015625
5 38 28 5 20 0.015625
5 38 30 5 21 0.015625
5 38 31 5 21 0.015625
5 38 39 5 24 0.015625
5 38 41 5 24 0.015625
5 38 42 5 27 0.015625
5 38 46 5 27 0.015625
5 38 52 5 30 0.015625
5 38 54 5 73 0.015625
5 38 57 5 74 0.015625
5 38 65 5 79 0.015625
5 38 66 5 52 0.015625
5 38 68 5 52 0.015625
5 38 74 5 56 0.015625
5 38 77 5 57 0.015625
5 38 78 5 18 0.015625
5 38 79 5 18 0.015625
5 38 80 5 18 0.015625
5 38 82 5 21 0.015625
5 38 83 5 21 0.015625
5 38 94 5 26 0.015625
5 38 100 5 27 0.015625
5 38 101 5 27 0.015625
5 38 102 5 27 0.015625
5 38 110 5 29 0.015625
5 38 117 5 52 0.015625
5 38 118 5 52 0.015625
5 38 119 5 52 0.015625
5 38 121 5 53 0.015625
5 38 122 5 54 0.015625
5 38 123 5 55 0.015625
5 38 128 5 56 0.015625
5 38 129 5 57 0.015625
5 38 132 5 58 0.015625
5 38 134 5 20 0.015625
5 38 136 5 21 0.015625
5 38 140 5 24 0.015625
5 38 142 5 27 0.015625
5 38 143 5 27 0.015625
5 38 144 5 28 0.015625
5 38 147 5 73 0.015625
5 38 149 5 74 0.015625
5 38 150 5 79 0.015625
5 38 152 5 52 0.015625
5 38 165 5 57 0.015625
5 38 166 5 57 0.015625
5 38 171 5 18 0.015625
5 38 173 5 19 0.015625
5 38 174 5 19 0.015625
5 38 175 5 20 0.015625
5 38 176 5 20 0.015625
5 38 177 5 21 0.015625
5 38 184 5 30 0.015625
5 38 186 5 78 0.015625
5 38 187 5 52 0.015625
5 38 188 5 52 0.015625
5 38 189 5 53 0.015625
5 38 195 5 20 0.015625
5 59 5 5 29 0.015625
5 59 6 5 30 0.015625
5 59 8 5 24 0.015625
5 59 9 5 27 0.015625
5 59 15 5 52 0.015625
5 59 31 5 57 0.015625
5 59 34 5 24 0.015625
5 59 35 5 24 0.015625
5 59 37 5 27 0.015625
5 59 38 5 27 0.015625
5 59 41 5 30 0.015625
5 59 43 5 30 0.015625
5 59 46 5 73 0.015625
5 59 55 5 79 0.015625
5 59 65 5 19 0.015625
5 59 66 5 20 0.015625
5 59 67 5 20 0.015625
5 59 71 5 22 0.015625
5 59 74 5 30 0.015625
5 59 83 5 74 0.015625
5 59 88 5 76 0.015625
5 59 92 5 76 0.015625
5 59 98 5 79 0.015625
5 59 99 5 79 0.015625
5 59 101 5 52 0.015625
5 59 103 5 52 0.015625
5 59 104 5 52 0.015625
5 59 105 5 53 0.015625
5 59 106 5 53 0.015625
5 59 109 5 55 0.015625
5 59 110 5 56 0.015625
5 59 112 5 58 0.015625
5 59 114 5 18 0.015625
5 59 115 5 18 0.015625
5 59 117 5 18 0.015625
5 59 119 5 18 0.015625
5 59 124 5 19 0.015625
5 59 125 5 20 0.015625
5 59 128 5 20 0.015625
5 59 129 5 20 0.015625
5 59 131 5 21 0.015625
5 59 133 5 21 0.015625
5 59 146 5 73 0.015625
5 59 149 5 74 0.015625
5 59 150 5 74 0.015625
5 59 155 5 79 0.015625
5 59 157 5 79 0.015625
5 59 158 5 52 0.015625
5 59 160 5 53 0.015625
5 59 161 5 53 0.015625
5 59 165 5 56 0.015625
5 59 166 5 56 0.015625
5 59 169 5 57 0.015625
5 59 171 5 58 0.015625
5 59 175 5 18 0.015625
5 59 180 5 21 0.015625
5 59 181 5 21 0.015625
5 59 186 5 27 0.015625
5 59 187 5 79 0.015625
5 59 189 5 53 0.015625
5 59 191 5 19 0.015625
5 59 192 5 19 0.015625
5 59 195 5 30 0.015625
5 59 199 5 27 0.015625
8 14 2 8 60 0.015625
8 14 5 8 63 0.015625
8 14 8 8 66 0.015625
8 14 9 8 67 0.015625
8 14 10 8 68 0.015625
8 14 13 8 71 0.015625
8 14 14 8 72 0.015625
8 14 16 8 61 0.015625
8 14 25 8 33 0.015625
8 14 32 8 35 0.015625
8 14 38 8 37 0.015625
8 14 43 8 68 0.015625
8 14 47 8 72 0.015625
8 14 48 8 12 0.015625
8 14 50 8 13 0.015625
8 14 56 8 13 0.015625
8 14 68 8 16 0.015625
8 14 72 8 17 0.015625
8 14 73 8 17 0.015625
8 14 75 8 61 0.015625
8 14 76 8 62 0.015625
8 14 82 8 31 0.015625
8 14 84 8 31 0.015625
8 14 86 8 34 0.015625
8 14 87 8 34 0.015625
8 14 89 8 35 0.015625
8 14 93 8 37 0.015625
8 14 94 8 37 0.015625
8 14 97 8 67 0.015625
8 14 98 8 67 0.015625
8 14 99 8 67 0.015625
8 14 103 8 72 0.015625
8 14 104 8 72 0.015625
8 14 107 8 72 0.015625
8 14 110 8 61 0.015625
8 14 113 8 31 0.015625
8 14 114 8 32 0.015625
8 14 117 8 33 0.015625
8 14 120 8 34 0.015625
8 14 125 8 37 0.015625
8 14 128 8 67 0.015625
8 14 132 8 72 0.015625
8 14 133 8 12 0.015625
8 14 135 8 13 0.015625
8 14 139 8 15 0.015625
8 14 146 8 31 0.015625
8 14 149 8 33 0.015625
8 14 152 8 34 0.015625
8 14 155 8 37 0.015625
8 14 157 8 37 0.015625
8 14 158 8 37 0.015625
8 14 162 8 15 0.015625
8 14 163 8 15 0.015625
8 14 164 8 17 0.015625
8 14 165 8 31 0.015625
8 14 168 8 35 0.015625
8 14 173 8 12 0.015625
8 14 175 8 63 0.015625
8 14 176 8 63 0.015625
8 14 177 8 31 0.015625
8 14 179 8 35 0.015625
8 14 180 8 35 0.015625
8 14 181 8 37 0.015625
8 14 182 8 72 0.015625
8 36 29 8 33 0.015625
8 36 30 8 33 0.015625
8 36 33 8 33 0.015625
8 36 35 8 34 0.015625
8 36 40 8 35 0.015625
8 36 44 8 35 0.015625
8 36 45 8 35 0.015625
8 36 46 8 37 0.015625
8 36 50 8 37 0.015625
8 36 53 8 37 0.015625
8 36 56 8 66 0.015625
8 36 82 8 34 0.015625
8 36 83 8 69 0.015625
8 36 84 8 13 0.015625
8 36 86 8 13 0.015625
8 36 88 8 15 0.015625
8 36 91 8 61 0.015625
8 36 93 8 65 0.015625
8 36 95 8 31 0.015625
8 36 97 8 34 0.015625
8 36 98 8 34 0.015625
8 36 99 8 34 0.015625
8 36 101 8 35 0.015625
8 36 104 8 37 0.015625
8 36 105 8 66 0.015625
8 36 111 8 67 0.015625
8 36 112 8 67 0.015625
8 36 113 8 67 0.015625
8 36 114 8 67 0.015625
8 36 115 8 67 0.015625
8 36 120 8 69 0.015625
8 36 125 8 72 0.015625
8 36 126 8 72 0.015625
8 36 127 8 72 0.015625
8 36 128 8 72 0.015625
8 36 129 8 72 0.015625
8 36 131 8 13 0.015625
8 36 138 8 34 0.015625
8 36 139 8 66 0.015625
8 36 141 8 66 0.015625
8 36 142 8 67 0.015625
8 36 143 8 67 0.015625
8 36 146 8 68 0.015625
8 36 150 8 72 0.015625
8 36 151 8 72 0.015625
8 36 152 8 72 0.015625
8 36 153 8 72 0.015625
8 36 159 8 13 0.015625
8 36 164 8 16 0.015625
8 36 167 8 61 0.015625
8 36 168 8 62 0.015625
8 36 171 8 31 0.015625
8 36 172 8 33 0.015625
8 36 173 8 34 0.015625
8 36 174 8 35 0.015625
8 36 175 8 67 0.015625
8 36 177 8 69 0.015625
8 36 178 8 70 0.015625
8 36 189 8 61 0.015625
8 36 192 8 31 0.015625
8 36 195 8 35 0.015625
8 36 196 8 35 0.015625
8 36 197 8 37 0.015625
8 36 199 8 15 0.015625
8 38 0 8 66 0.015625
8 38 1 8 67 0.015625
8 38 2 8 68 0.015625
8 38 5 8 71 0.015625
8 38 6 8 72 0.015625
8 38 18 8 61 0.015625
8 38 20 8 62 0.015625
8 38 27 8 66 0.015625
8 38 35 8 72 0.015625
8 38 36 8 72 0.015625
8 38 41 8 65 0.015625
8 38 44 8 31 0.015625
8 38 45 8 31 0.015625
8 38 47 8 33 0.015625
8 38 48 8 33 0.015625
8 38 51 8 34 0.015625
8 38 58 8 37 0.015625
8 38 59 8 37 0.015625
8 38 61 8 37 0.015625
8 38 62 8 66 0.015625
8 38 64 8 66 0.015625
8 38 65 8 67 0.015625
8 38 66 8 67 0.015625
8 38 71 8 69 0.015625
8 38 74 8 72 0.015625
8 38 75 8 72 0.015625
8 38 80 8 13 0.015625
8 38 82 8 16 0.015625
8 38 83 8 17 0.015625
8 38 91 8 61 0.015625
8 38 95 8 61 0.015625
8 38 96 8 62 0.015625
8 38 97 8 62 0.015625
8 38 108 8 65 0.015625
8 38 115 8 32 0.015625
8 38 117 8 33 0.015625
8 38 118 8 33 0.015625
8 38 124 8 34 0.015625
8 38 125 8 34 0.015625
8 38 128 8 35 0.015625
8 38 134 8 37 0.015625
8 38 135 8 37 0.015625
8 38 136 8 37 0.015625
8 38 145 8 72 0.015625
8 38 147 8 17 0.015625
8 38 151 8 61 0.015625
8 38 152 8 61 0.015625
8 38 153 8 61 0.015625
8 38 155 8 62 0.015625
8 38 156 8 63 0.015625
8 38 158 8 63 0.015625
8 38 161 8 64 0.015625
8 38 164 8 31 0.015625
8 38 166 8 31 0.015625
8 38 168 8 35 0.015625
8 38 170 8 35 0.015625
8 38 172 8 37 0.015625
8 38 174 8 37 0.015625
8 38 180 8 62 0.015625
8 38 182 8 31 0.015625
8 38 184 8 34 0.015625
8 38 193 8 17 0.015625
8 38 194 8 32 0.015625
8 38 195 8 34 0.015625
8 59 3 8 33 0.015625
8 59 7 8 37 0.015625
8 59 16 8 60 0.015625
8 59 18 8 61 0.015625
8 59 19 8 61 0.015625
8 59 25 8 62 0.015625
8 59 27 8 62 0.015625
8 59 36 8 65 0.015625
8 59 40 8 31 0.015625
8 59 42 8 33 0.015625
8 59 48 8 37 0.015625
8 59 51 8 66 0.015625
8 59 59 8 69 0.015625
8 59 61 8 71 0.015625
8 59 62 8 72 0.015625
8 59 69 8 64 0.015625
8 59 70 8 64 0.015625
8 59 71 8 33 0.015625
8 59 72 8 33 0.015625
8 59 73 8 34 0.015625
8 59 74 8 34 0.015625
8 59 76 8 37 0.015625
8 59 81 8 69 0.015625
8 59 83 8 72 0.015625
8 59 86 8 13 0.015625
8 59 87 8 13 0.015625
8 59 88 8 13 0.015625
8 59 89 8 13 0.015625
8 59 92 8 15 0.015625
8 59 96 8 61 0.015625
8 59 104 8 35 0.015625
8 59 108 8 67 0.015625
8 59 118 8 71 0.015625
8 59 119 8 72 0.015625
8 59 120 8 72 0.015625
8 59 123 8 66 0.015625
8 59 124 8 66 0.015625
8 59 125 8 66 0.015625
8 59 128 8 67 0.015625
8 59 130 8 67 0.015625
8 59 131 8 67 0.015625
8 59 133 8 69 0.015625
8 59 134 8 69 0.015625
8 59 135 8 70 0.015625
8 59 139 8 72 0.015625
8 59 140 8 72 0.015625
8 59 141 8 72 0.015625
8 59 142 8 72 0.015625
8 59 145 8 13 0.015625
8 59 149 8 61 0.015625
8 59 151 8 62 0.015625
8 59 152 8 63 0.015625
8 59 155 8 64 0.015625
8 59 156 8 33 0.015625
8 59 157 8 34 0.015625
8 59 158 8 34 0.015625
8 59 160 8 70 0.015625
8 59 162 8 60 0.015625
8 59 164 8 61 0.015625
8 59 165 8 61 0.015625
8 59 167 8 62 0.015625
8 59 168 8 63 0.015625
8 59 171 8 35 0.015625
8 59 173 8 33 0.015625
9 14 2 9 60 0.015625
9 14 5 9 63 0.015625
9 14 6 9 64 0.015625
9 14 9 9 67 0.015625
9 14 10 9 68 0.015625
9 14 12 9 70 0.015625
9 14 13 9 71 0.015625
9 14 14 9 72 0.015625
9 14 15 9 60 0.015625
9 14 16 9 61 0.015625
9 14 17 9 61 0.015625
9 14 26 9 33 0.015625
9 14 39 9 37 0.015625
9 14 42 9 67 0.015625
9 14 48 9 13 0.015625
9 14 53 9 13 0.015625
9 14 55 9 15 0.015625
9 14 64 9 16 0.015625
9 14 65 9 17 0.015625
9 14 69 9 17 0.015625
9 14 71 9 17 0.015625
9 14 73 9 61 0.015625
9 14 80 9 31 0.015625
9 14 83 9 31 0.015625
9 14 84 9 32 0.015625
9 14 85 9 34 0.015625
9 14 91 9 37 0.015625
9 14 93 9 67 0.015625
9 14 94 9 67 0.015625
9 14 103 9 72 0.015625
9 14 104 9 72 0.015625
9 14 108 9 63 0.015625
9 14 110 9 31 0.015625
9 14 112 9 31 0.015625
9 14 113 9 32 0.015625
9 14 114 9 32 0.015625
9 14 116 9 33 0.015625
9 14 118 9 33 0.015625
9 14 120 9 34 0.015625
9 14 122 9 35 0.015625
9 14 129 9 67 0.015625
9 14 135 9 13 0.015625
9 14 141 9 15 0.015625
9 14 151 9 34 0.015625
9 14 153 9 35 0.015625
9 14 154 9 35 0.015625
9 14 158 9 37 0.015625
9 14 159 9 37 0.015625
9 14 160 9 70 0.015625
9 14 162 9 15 0.015625
9 14 163 9 15 0.015625
9 14 164 9 17 0.015625
9 14 165 9 61 0.015625
9 14 166 9 63 0.015625
9 14 167 9 31 0.015625
9 14 168 9 31 0.015625
9 14 170 9 35 0.015625
9 14 171 9 37 0.015625
9 14 173 9 70 0.015625
9 14 175 9 12 0.015625
9 14 177 9 63 0.015625
9 14 179 9 35 0.015625
9 14 180 9 35 0.015625
9 14 181 9 35 0.015625
9 36 9 9 60 0.015625
9 36 21 9 32 0.015625
9 36 23 9 32 0.015625
9 36 26 9 33 0.015625
9 36 30 9 33 0.015625
9 36 32 9 34 0.015625
9 36 34 9 34 0.015625
9 36 35 9 35 0.015625
9 36 41 9 35 0.015625
9 36 42 9 35 0.015625
9 36 43 9 37 0.015625
9 36 44 9 37 0.015625
9 36 64 9 13 0.015625
9 36 70 9 17 0.015625
9 36 78 9 69 0.015625
9 36 79 9 13 0.015625
9 36 81 9 13 0.015625
9 36 84 9 15 0.015625
9 36 87 9 61 0.015625
9 36 91 9 31 0.015625
9 36 92 9 31 0.015625
9 36 93 9 32 0.015625
9 36 95 9 34 0.015625
9 36 97 9 35 0.015625
9 36 99 9 35 0.015625
9 36 100 9 37 0.015625
9 36 101 9 37 0.015625
9 36 105 9 66 0.015625
9 36 106 9 67 0.015625
9 36 107 9 67 0.015625
9 36 108 9 67 0.015625
9 36 109 9 67 0.015625
9 36 116 9 69 0.015625
9 36 121 9 72 0.015625
9 36 125 9 72 0.015625
9 36 126 9 13 0.015625
9 36 136 9 34 0.015625
9 36 137 9 66 0.015625
9 36 138 9 67 0.015625
9 36 139 9 67 0.015625
9 36 144 9 68 0.015625
9 36 145 9 68 0.015625
9 36 146 9 68 0.015625
9 36 153 9 12 0.015625
9 36 154 9 12 0.015625
9 36 155 9 12 0.015625
9 36 157 9 13 0.015625
9 36 163 9 16 0.015625
9 36 165 9 17 0.015625
9 36 167 9 61 0.015625
9 36 168 9 62 0.015625
9 36 171 9 31 0.015625
9 36 172 9 31 0.015625
9 36 173 9 35 0.015625
9 36 176 9 70 0.015625
9 36 179 9 70 0.015625
9 36 182 9 72 0.015625
9 36 189 9 61 0.015625
9 36 190 9 62 0.015625
9 36 191 9 63 0.015625
9 36 192 9 31 0.015625
9 36 196 9 35 0.015625
9 36 197 9 35 0.015625
9 36 198 9 37 0.015625
9 38 0 9 66 0.015625
9 38 1 9 67 0.015625
9 38 2 9 68 0.015625
9 38 6 9 72 0.015625
9 38 8 9 13 0.015625
9 38 12 9 17 0.015625
9 38 18 9 61 0.015625
9 38 20 9 62 0.015625
9 38 24 9 65 0.015625
9 38 32 9 68 0.015625
9 38 36 9 71 0.015625
9 38 46 9 65 0.015625
9 38 49 9 31 0.015625
9 38 50 9 31 0.015625
9 38 52 9 33 0.015625
9 38 53 9 33 0.015625
9 38 55 9 34 0.015625
9 38 59 9 35 0.015625
9 38 62 9 37 0.015625
9 38 63 9 37 0.015625
9 38 65 9 37 0.015625
9 38 68 9 67 0.015625
9 38 72 9 69 0.015625
9 38 73 9 71 0.015625
9 38 78 9 13 0.015625
9 38 82 9 15 0.015625
9 38 84 9 17 0.015625
9 38 85 9 17 0.015625
9 38 88 9 17 0.015625
9 38 91 9 61 0.015625
9 38 95 9 61 0.015625
9 38 96 9 62 0.015625
9 38 104 9 65 0.015625
9 38 112 9 32 0.015625
9 38 113 9 32 0.015625
9 38 115 9 33 0.015625
9 38 121 9 34 0.015625
9 38 123 9 34 0.015625
9 38 126 9 35 0.015625
9 38 128 9 35 0.015625
9 38 130 9 35 0.015625
9 38 138 9 37 0.015625
9 38 143 9 70 0.015625
9 38 145 9 72 0.015625
9 38 146 9 17 0.015625
9 38 149 9 61 0.015625
9 38 152 9 61 0.015625
9 38 154 9 62 0.015625
9 38 155 9 63 0.015625
9 38 157 9 63 0.015625
9 38 159 9 63 0.015625
9 38 162 9 64 0.015625
9 38 163 9 65 0.015625
9 38 167 9 31 0.015625
9 38 170 9 33 0.015625
9 38 171 9 35 0.015625
9 38 175 9 37 0.015625
9 38 176 9 12 0.015625
9 38 180 9 61 0.015625
9 38 181 9 62 0.015625
9 38 184 9 31 0.015625
9 38 193 9 17 0.015625
9 38 194 9 17 0.015625
9 38 196 9 34 0.015625
9 59 4 9 34 0.015625
9 59 7 9 37 0.015625
9 59 12 9 16 0.015625
9 59 17 9 60 0.015625
9 59 20 9 61 0.015625
9 59 21 9 61 0.015625
9 59 28 9 62 0.015625
9 59 38 9 65 0.015625
9 59 39 9 65 0.015625
9 59 42 9 31 0.015625
9 59 44 9 33 0.015625
9 59 45 9 34 0.015625
9 59 46 9 35 0.015625
9 59 58 9 69 0.015625
9 59 60 9 71 0.015625
9 59 61 9 72 0.015625
9 59 67 9 17 0.015625
9 59 68 9 63 0.015625
9 59 69 9 64 0.015625
9 59 70 9 64 0.015625
9 59 71 9 32 0.015625
9 59 75 9 35 0.015625
9 59 83 9 13 0.015625
9 59 84 9 13 0.015625
9 59 85 9 13 0.015625
9 59 86 9 13 0.015625
9 59 90 9 15 0.015625
9 59 92 9 17 0.015625
9 59 99 9 31 0.015625
9 59 100 9 35 0.015625
9 59 106 9 67 0.015625
9 59 115 9 71 0.015625
9 59 118 9 72 0.015625
9 59 121 9 34 0.015625
9 59 126 9 67 0.015625
9 59 127 9 67 0.015625
9 59 128 9 67 0.015625
9 59 129 9 67 0.015625
9 59 132 9 68 0.015625
9 59 133 9 68 0.015625
9 59 136 9 70 0.015625
9 59 137 9 70 0.015625
9 59 139 9 72 0.015625
9 59 140 9 72 0.015625
9 59 142 9 72 0.015625
9 59 145 9 13 0.015625
9 59 146 9 17 0.015625
9 59 147 9 61 0.015625
9 59 148 9 61 0.015625
9 59 149 9 61 0.015625
9 59 151 9 62 0.015625
9 59 152 9 62 0.015625
9 59 154 9 31 0.015625
9 59 155 9 31 0.015625
9 59 157 9 37 0.015625
9 59 158 9 69 0.015625
9 59 163 9 61 0.015625
9 59 164 9 61 0.015625
9 59 166 9 63 0.015625
9 59 167 9 63 0.015625
9 59 168 9 63 0.015625
9 59 169 9 34 0.015625
9 59 170 9 35 0.015625
9 59 171 9 70 0.015625
13 14 1 13 60 0.015625
13 14 4 13 63 0.03125
13 14 5 13 64 0.015625
13 14 6 13 65 0.015625
13 14 7 13 6 0.015625
13 14 8 13 7 0.015625
13 14 11 13 10 0.015625
13 14 13 13 38 0.03125
13 14 17 13 42 0.015625
13 14 18 13 43 0.015625
13 14 19 13 44 0.015625
13 14 20 13 66 0.015625
13 14 21 13 67 0.015625
13 14 22 13 68 0.03125
13 14 23 13 69 0.015625
13 14 24 13 70 0.015625
13 14 25 13 71 0.03125
13 14 26 13 72 0.046875
13 14 27 13 42 0.015625
13 14 31 13 60 0.015625
13 14 32 13 60 0.015625
13 14 34 13 60 0.015625
13 14 35 13 61 0.046875
13 14 38 13 63 0.015625
13 14 39 13 63 0.015625
13 14 41 13 64 0.015625
13 14 44 13 64 0.015625
13 14 45 13 65 0.015625
13 14 46 13 65 0.03125
13 14 47 13 65 0.015625
13 14 48 13 7 0.015625
13 14 49 13 7 0.015625
13 14 50 13 8 0.015625
13 14 52 13 11 0.015625
13 14 54 13 11 0.015625
13 14 55 13 39 0.03125
13 14 56 13 39 0.015625
13 14 58 13 39 0.03125
13 14 59 13 40 0.015625
13 14 62 13 42 0.015625
13 14 64 13 43 0.015625
13 14 66 13 44 0.015625
13 14 67 13 44 0.015625
13 14 68 13 44 0.015625
13 14 69 13 66 0.015625
13 14 70 13 67 0.015625
13 14 71 13 68 0.015625
13 14 72 13 68 0.015625
13 14 74 13 69 0.03125
13 14 75 13 71 0.015625
13 14 80 13 62 0.015625
13 14 82 13 7 0.015625
13 36 1 13 60 0.015625
13 36 6 13 65 0.015625
13 36 12 13 11 0.015625
13 36 18 13 62 0.015625
13 36 19 13 62 0.015625
13 36 23 13 63 0.015625
13 36 26 13 64 0.015625
13 36 28 13 64 0.015625
13 36 30 13 65 0.015625
13 36 34 13 66 0.015625
13 36 45 13 60 0.015625
13 36 49 13 62 0.015625
13 36 50 13 62 0.015625
13 36 51 13 62 0.015625
13 36 53 13 64 0.015625
13 36 59 13 8 0.015625
13 36 63 13 10 0.015625
13 36 65 13 11 0.015625
13 36 67 13 11 0.015625
13 36 68 13 11 0.015625
13 36 70 13 11 0.015625
13 36 76 13 42 0.015625
13 36 81 13 44 0.015625
13 36 84 13 67 0.015625
13 36 89 13 61 0.015625
13 36 92 13 65 0.015625
13 36 93 13 7 0.015625
13 36 94 13 8 0.015625
13 36 104 13 39 0.015625
13 36 107 13 40 0.015625
13 36 110 13 42 0.015625
13 36 114 13 44 0.015625
13 36 119 13 67 0.015625
13 36 120 13 67 0.015625
13 36 121 13 67 0.015625
13 36 122 13 67 0.015625
13 36 123 13 67 0.015625
13 36 125 13 69 0.015625
13 36 135 13 60 0.015625
13 36 136 13 64 0.015625
13 36 139 13 8 0.015625
13 36 140 13 8 0.015625
13 36 147 13 39 0.015625
13 36 148 13 39 0.015625
13 36 149 13 39 0.015625
13 36 151 13 40 0.015625
13 36 153 13 40 0.015625
13 36 159 13 42 0.015625
13 36 163 13 44 0.015625
13 36 166 13 67 0.015625
13 36 168 13 68 0.015625
13 36 170 13 68 0.015625
13 36 172 13 71 0.015625
13 36 173 13 72 0.015625
13 36 178 13 64 0.015625
13 36 180 13 9 0.015625
13 36 184 13 42 0.015625
13 36 185 13 42 0.015625
13 36 186 13 44 0.015625
13 36 191 13 71 0.015625
13 36 192 13 61 0.015625
13 36 193 13 62 0.015625
13 36 194 13 39 0.015625
13 36 195 13 40 0.015625
13 38 0 13 38 0.015625
13 38 1 13 66 0.015625
13 38 2 13 67 0.015625
13 38 3 13 68 0.015625
13 38 6 13 71 0.015625
13 38 7 13 72 0.015625
13 38 11 13 60 0.015625
13 38 15 13 61 0.015625
13 38 21 13 6 0.015625
13 38 31 13 11 0.015625
13 38 34 13 39 0.015625
13 38 38 13 40 0.015625
13 38 44 13 42 0.015625
13 38 51 13 44 0.015625
13 38 52 13 44 0.015625
13 38 57 13 67 0.015625
13 38 59 13 68 0.015625
13 38 68 13 60 0.015625
13 38 69 13 65 0.015625
13 38 71 13 6 0.015625
13 38 74 13 9 0.015625
13 38 78 13 40 0.015625
13 38 85 13 61 0.015625
13 38 91 13 63 0.015625
13 38 97 13 64 0.015625
13 38 105 13 7 0.015625
13 38 106 13 8 0.015625
13 38 108 13 8 0.015625
13 38 112 13 11 0.015625
13 38 115 13 40 0.015625
13 38 117 13 40 0.015625
13 38 118 13 41 0.015625
13 38 120 13 42 0.015625
13 38 132 13 61 0.015625
13 38 133 13 61 0.015625
13 38 134 13 61 0.015625
13 38 136 13 62 0.015625
13 38 137 13 62 0.015625
13 38 138 13 62 0.015625
13 38 139 13 62 0.015625
13 38 140 13 63 0.015625
13 38 142 13 63 0.015625
13 38 146 13 64 0.015625
13 38 148 13 65 0.015625
13 38 150 13 6 0.015625
13 38 151 13 6 0.015625
13 38 153 13 7 0.015625
13 38 156 13 8 0.015625
13 38 157 13 8 0.015625
13 38 160 13 9 0.015625
13 38 161 13 9 0.015625
13 38 167 13 11 0.015625
13 38 169 13 11 0.015625
13 38 170 13 11 0.015625
13 38 171 13 42 0.015625
13 38 175 13 61 0.015625
13 38 177 13 62 0.015625
13 38 184 13 39 0.015625
13 38 186 13 41 0.015625
13 38 187 13 41 0.015625
13 38 188 13 42 0.015625
13 38 195 13 39 0.015625
13 38 197 13 44 0.015625
13 38 199 13 42 0.015625
13 59 0 13 59 0.015625
13 59 11 13 60 0.015625
13 59 13 13 61 0.015625
13 59 15 13 61 0.015625
13 59 22 13 62 0.015625
13 59 27 13 63 0.015625
13 59 28 13 63 0.015625
13 59 42 13 65 0.015625
13 59 50 13 9 0.015625
13 59 54 13 11 0.015625
13 59 74 13 71 0.015625
13 59 76 13 72 0.015625
13 59 77 13 60 0.015625
13 59 80 13 63 0.015625
13 59 81 13 64 0.015625
13 59 83 13 64 0.015625
13 59 90 13 42 0.015625
13 59 95 13 60 0.015625
13 59 96 13 60 0.015625
13 59 97 13 62 0.015625
13 59 98 13 62 0.015625
13 59 103 13 64 0.015625
13 59 104 13 65 0.015625
13 59 112 13 39 0.015625
13 59 114 13 39 0.015625
13 59 115 13 39 0.015625
13 59 121 13 41 0.015625
13 59 122 13 42 0.015625
13 59 124 13 42 0.015625
13 59 126 13 42 0.015625
13 59 130 13 44 0.015625
13 59 132 13 66 0.015625
13 59 134 13 67 0.015625
13 59 141 13 72 0.015625
13 59 142 13 61 0.015625
13 59 146 13 40 0.015625
13 59 147 13 40 0.015625
13 59 148 13 40 0.015625
13 59 152 13 44 0.015625
13 59 153 13 44 0.015625
13 59 154 13 44 0.015625
13 59 156 13 67 0.015625
13 59 157 13 67 0.015625
13 59 159 13 68 0.015625
13 59 160 13 68 0.015625
13 59 161 13 70 0.015625
13 59 164 13 71 0.015625
13 59 166 13 72 0.015625
13 59 168 13 61 0.015625
13 59 169 13 61 0.015625
13 59 170 13 62 0.015625
13 59 172 13 64 0.015625
13 59 176 13 7 0.015625
13 59 177 13 9 0.015625
13 59 182 13 44 0.015625
13 59 187 13 72 0.015625
13 59 189 13 61 0.015625
13 59 190 13 62 0.015625
13 59 192 13 65 0.015625
13 59 193 13 11 0.015625
13 59 195 13 39 0.015625
13 59 196 13 40 0.015625
13 59 197 13 42 0.015625
13 59 198 13 42 0.015625
23 14 29 23 49 0.015625
23 14 32 23 50 0.015625
23 14 35 23 50 0.015625
23 14 40 23 0 0.015625
23 14 44 23 1 0.015625
23 14 45 23 1 0.015625
23 14 50 23 3 0.015625
23 14 51 23 3 0.015625
23 14 56 23 5 0.015625
23 14 58 23 73 0.015625
23 14 66 23 53 0.015625
23 14 67 23 53 0.015625
23 14 74 23 54 0.015625
23 14 75 23 54 0.015625
23 14 79 23 56 0.015625
23 14 82 23 56 0.015625
23 14 83 23 57 0.015625
23 14 99 23 1 0.015625
23 14 101 23 2 0.015625
23 14 103 23 3 0.015625
23 14 105 23 3 0.015625
23 14 115 23 74 0.015625
23 14 117 23 75 0.015625
23 14 119 23 76 0.015625
23 14 120 23 76 0.015625
23 14 121 23 77 0.015625
23 14 124 23 78 0.015625
23 14 125 23 78 0.015625
23 14 126 23 78 0.015625
23 14 128 23 79 0.015625
23 14 130 23 52 0.015625
23 14 135 23 57 0.015625
23 14 137 23 57 0.015625
23 14 138 23 58 0.015625
23 14 139 23 58 0.015625
23 14 144 23 50 0.015625
23 14 147 23 0 0.015625
23 14 149 23 1 0.015625
23 14 154 23 73 0.015625
23 14 157 23 75 0.015625
23 14 158 23 75 0.015625
23 14 161 23 78 0.015625
23 14 162 23 79 0.015625
23 14 163 23 79 0.015625
23 14 165 23 52 0.015625
23 14 166 23 52 0.015625
23 14 167 23 52 0.015625
23 14 168 23 52 0.015625
23 14 170 23 53 0.015625
23 14 171 23 53 0.015625
23 14 172 23 54 0.015625
23 14 175 23 58 0.015625
23 14 178 23 47 0.015625
23 14 184 23 3 0.015625
23 14 187 23 5 0.015625
23 14 188 23 75 0.015625
23 14 191 23 79 0.015625
23 14 192 23 58 0.015625
23 14 193 23 46 0.015625
23 14 194 23 48 0.015625
23 14 196 23 76 0.015625
23 14 197 23 48 0.015625
23 14 198 23 51 0.015625
23 14 199 23 48 0.015625
23 36 0 23 52 0.015625
23 36 2 23 54 0.015625
23 36 3 23 55 0.015625
23 36 9 23 1 0.015625
23 36 15 23 3 0.015625
23 36 22 23 52 0.015625
23 36 24 23 54 0.015625
23 36 27 23 58 0.015625
23 36 29 23 0 0.015625
23 36 30 23 0 0.015625
23 36 33 23 0 0.015625
23 36 34 23 1 0.015625
23 36 35 23 1 0.015625
23 36 37 23 3 0.015625
23 36 42 23 75 0.015625
23 36 43 23 75 0.015625
23 36 45 23 76 0.015625
23 36 47 23 79 0.015625
23 36 48 23 79 0.015625
23 36 51 23 79 0.015625
23 36 53 23 52 0.015625
23 36 57 23 53 0.015625
23 36 58 23 53 0.015625
23 36 63 23 54 0.015625
23 36 69 23 58 0.015625
23 36 75 23 46 0.015625
23 36 83 23 50 0.015625
23 36 88 23 1 0.015625
23 36 92 23 3 0.015625
23 36 104 23 75 0.015625
23 36 109 23 76 0.015625
23 36 111 23 76 0.015625
23 36 116 23 78 0.015625
23 36 120 23 79 0.015625
23 36 121 23 79 0.015625
23 36 130 23 47 0.015625
23 36 133 23 48 0.015625
23 36 137 23 48 0.015625
23 36 145 23 51 0.015625
23 36 147 23 1 0.015625
23 36 148 23 1 0.015625
23 36 150 23 3 0.015625
23 36 151 23 4 0.015625
23 36 158 23 76 0.015625
23 36 161 23 77 0.015625
23 36 164 23 78 0.015625
23 36 167 23 52 0.015625
23 36 168 23 52 0.015625
23 36 170 23 54 0.015625
23 36 171 23 45 0.015625
23 36 172 23 45 0.015625
23 36 173 23 46 0.015625
23 36 176 23 47 0.015625
23 36 178 23 49 0.015625
23 36 180 23 50 0.015625
23 36 182 23 51 0.015625
23 36 183 23 1 0.015625
23 36 186 23 5 0.015625
23 36 188 23 5 0.015625
23 36 190 23 78 0.015625
23 36 191 23 79 0.015625
23 36 192 23 57 0.015625
23 36 193 23 46 0.015625
23 36 196 23 50 0.015625
23 38 1 23 74 0.015625
23 38 4 23 77 0.015625
23 38 18 23 3 0.015625
23 38 19 23 46 0.015625
23 38 20 23 46 0.015625
23 38 21 23 47 0.015625
23 38 26 23 51 0.015625
23 38 29 23 0 0.015625
23 38 36 23 5 0.015625
23 38 45 23 77 0.015625
23 38 49 23 78 0.015625
23 38 51 23 78 0.015625
23 38 57 23 52 0.015625
23 38 60 23 52 0.015625
23 38 65 23 57 0.015625
23 38 72 23 0 0.015625
23 38 79 23 1 0.015625
23 38 83 23 3 0.015625
23 38 84 23 4 0.015625
23 38 85 23 4 0.015625
23 38 89 23 74 0.015625
23 38 92 23 52 0.015625
23 38 93 23 52 0.015625
23 38 94 23 52 0.015625
23 38 95 23 52 0.015625
23 38 100 23 53 0.015625
23 38 101 23 53 0.015625
23 38 104 23 54 0.015625
23 38 106 23 55 0.015625
23 38 107 23 56 0.015625
23 38 108 23 56 0.015625
23 38 111 23 56 0.015625
23 38 112 23 56 0.015625
23 38 114 23 57 0.015625
23 38 119 23 58 0.015625
23 38 121 23 46 0.015625
23 38 122 23 46 0.015625
23 38 123 23 49 0.015625
23 38 126 23 0 0.015625
23 38 127 23 0 0.015625
23 38 128 23 1 0.015625
23 38 130 23 1 0.015625
23 38 134 23 3 0.015625
23 38 140 23 5 0.015625
23 38 141 23 5 0.015625
23 38 145 23 75 0.015625
23 38 146 23 78 0.015625
23 38 148 23 79 0.015625
23 38 149 23 79 0.015625
23 38 151 23 52 0.015625
23 38 152 23 52 0.015625
23 38 157 23 54 0.015625
23 38 166 23 58 0.015625
23 38 167 23 58 0.015625
23 38 170 23 4 0.015625
23 38 175 23 76 0.015625
23 38 178 23 78 0.015625
23 38 179 23 78 0.015625
23 38 180 23 79 0.015625
23 38 181 23 52 0.015625
23 38 186 23 58 0.015625
23 38 188 23 45 0.015625
23 38 190 23 47 0.015625
23 38 196 23 48 0.015625
23 59 2 23 1 0.015625
23 59 5 23 3 0.015625
23 59 10 23 52 0.015625
23 59 25 23 56 0.015625
23 59 29 23 58 0.015625
23 59 30 23 58 0.015625
23 59 31 23 58 0.015625
23 59 35 23 3 0.015625
23 59 47 23 77 0.015625
23 59 50 23 79 0.015625
23 59 52 23 53 0.015625
23 59 60 23 47 0.015625
23 59 69 23 49 0.015625
23 59 76 23 51 0.015625
23 59 78 23 51 0.015625
23 59 79 23 0 0.015625
23 59 82 23 0 0.015625
23 59 84 23 1 0.015625
23 59 85 23 1 0.015625
23 59 94 23 75 0.015625
23 59 95 23 75 0.015625
23 59 98 23 75 0.015625
23 59 99 23 75 0.015625
23 59 100 23 75 0.015625
23 59 101 23 76 0.015625
23 59 102 23 76 0.015625
23 59 105 23 76 0.015625
23 59 109 23 78 0.015625
23 59 111 23 79 0.015625
23 59 112 23 79 0.015625
23 59 113 23 52 0.015625
23 59 114 23 52 0.015625
23 59 115 23 52 0.015625
23 59 116 23 53 0.015625
23 59 117 23 53 0.015625
23 59 118 23 53 0.015625
23 59 120 23 54 0.015625
23 59 124 23 58 0.015625
23 59 125 23 58 0.015625
23 59 127 23 58 0.015625
23 59 129 23 45 0.015625
23 59 133 23 47 0.015625
23 59 136 23 48 0.015625
23 59 140 23 50 0.015625
23 59 146 23 0 0.015625
23 59 149 23 3 0.015625
23 59 150 23 4 0.015625
23 59 153 23 5 0.015625
23 59 160 23 77 0.015625
23 59 165 23 79 0.015625
23 59 167 23 79 0.015625
23 59 168 23 79 0.015625
23 59 170 23 52 0.015625
23 59 177 23 58 0.015625
23 59 179 23 46 0.015625
23 59 180 23 46 0.015625
23 59 181 23 46 0.015625
23 59 182 23 47 0.015625
23 59 191 23 78 0.015625
23 59 194 23 47 0.015625
23 59 195 23 50 0.015625
23 59 196 23 1 0.015625
23 59 197 23 3 0.015625
23 59 199 23 52 0.015625
25 14 1 25 60 0.015625
25 14 4 25 63 0.015625
25 14 25 25 35 0.015625
25 14 36 25 2 0.015625
25 14 42 25 4 0.015625
25 14 49 25 60 0.015625
25 14 50 25 60 0.015625
25 14 51 25 60 0.015625
25 14 52 25 63 0.015625
25 14 57 25 53 0.015625
25 14 59 25 53 0.015625
25 14 71 25 31 0.015625
25 14 72 25 32 0.015625
25 14 74 25 34 0.015625
25 14 80 25 37 0.015625
25 14 81 25 37 0.015625
25 14 84 25 0 0.015625
25 14 85 25 0 0.015625
25 14 86 25 0 0.015625
25 14 88 25 1 0.015625
25 14 89 25 2 0.015625
25 14 91 25 2 0.015625
25 14 97 25 4 0.015625
25 14 99 25 5 0.015625
25 14 100 25 5 0.015625
25 14 103 25 52 0.015625
25 14 105 25 52 0.015625
25 14 109 25 53 0.015625
25 14 111 25 53 0.015625
25 14 112 25 53 0.015625
25 14 117 25 56 0.015625
25 14 118 25 56 0.015625
25 14 119 25 56 0.015625
25 14 122 25 57 0.015625
25 14 126 25 58 0.015625
25 14 128 25 31 0.015625
25 14 130 25 32 0.015625
25 14 131 25 32 0.015625
25 14 132 25 32 0.015625
25 14 138 25 34 0.015625
25 14 139 25 34 0.015625
25 14 142 25 37 0.015625
25 14 145 25 0 0.015625
25 14 149 25 3 0.015625
25 14 151 25 4 0.015625
25 14 156 25 60 0.015625
25 14 157 25 61 0.015625
25 14 161 25 52 0.015625
25 14 162 25 52 0.015625
25 14 163 25 53 0.015625
25 14 167 25 55 0.015625
25 14 168 25 56 0.015625
25 14 170 25 57 0.015625
25 14 180 25 32 0.015625
25 14 183 25 37 0.015625
25 14 184 25 37 0.015625
25 14 186 25 3 0.015625
25 14 188 25 55 0.015625
25 14 191 25 58 0.015625
25 14 192 25 31 0.015625
25 14 193 25 34 0.015625
25 14 195 25 35 0.015625
25 14 197 25 31 0.015625
25 14 199 25 35 0.015625
25 36 9 25 53 0.015625
25 36 11 25 55 0.015625
25 36 29 25 60 0.015625
25 36 31 25 63 0.015625
25 36 32 25 63 0.015625
25 36 33 25 63 0.015625
25 36 40 25 57 0.015625
25 36 47 25 31 0.015625
25 36 49 25 32 0.015625
25 36 51 25 32 0.015625
25 36 52 25 32 0.015625
25 36 53 25 32 0.015625
25 36 58 25 33 0.015625
25 36 61 25 34 0.015625
25 36 68 25 35 0.015625
25 36 69 25 35 0.015625
25 36 70 25 37 0.015625
25 36 72 25 37 0.015625
25 36 78 25 2 0.015625
25 36 79 25 3 0.015625
25 36 81 25 62 0.015625
25 36 83 25 53 0.015625
25 36 84 25 53 0.015625
25 36 85 25 53 0.015625
25 36 86 25 55 0.015625
25 36 87 25 55 0.015625
25 36 88 25 55 0.015625
25 36 89 25 56 0.015625
25 36 92 25 31 0.015625
25 36 93 25 34 0.015625
25 36 96 25 1 0.015625
25 36 100 25 60 0.015625
25 36 104 25 32 0.015625
25 36 105 25 32 0.015625
25 36 107 25 34 0.015625
25 36 109 25 35 0.015625
25 36 111 25 37 0.015625
25 36 112 25 37 0.015625
25 36 113 25 37 0.015625
25 36 114 25 0 0.015625
25 36 116 25 0 0.015625
25 36 117 25 0 0.015625
25 36 118 25 1 0.015625
25 36 120 25 1 0.015625
25 36 122 25 3 0.015625
25 36 124 25 4 0.015625
25 36 125 25 4 0.015625
25 36 127 25 4 0.015625
25 36 136 25 57 0.015625
25 36 137 25 34 0.015625
25 36 138 25 0 0.015625
25 36 141 25 1 0.015625
25 36 142 25 2 0.015625
25 36 146 25 5 0.015625
25 36 151 25 56 0.015625
25 36 153 25 31 0.015625
25 36 154 25 31 0.015625
25 36 155 25 34 0.015625
25 36 156 25 35 0.015625
25 36 158 25 3 0.015625
25 36 160 25 61 0.015625
25 36 162 25 31 0.015625
25 36 167 25 35 0.015625
25 36 168 25 37 0.015625
25 38 1 25 0 0.015625
25 38 2 25 0 0.015625
25 38 3 25 1 0.015625
25 38 6 25 3 0.015625
25 38 13 25 60 0.015625
25 38 17 25 61 0.015625
25 38 19 25 63 0.015625
25 38 24 25 0 0.015625
25 38 30 25 2 0.015625
25 38 32 25 2 0.015625
25 38 37 25 5 0.015625
25 38 42 25 60 0.015625
25 38 43 25 60 0.015625
25 38 47 25 52 0.015625
25 38 49 25 52 0.015625
25 38 51 25 53 0.015625
25 38 53 25 53 0.015625
25 38 54 25 53 0.015625
25 38 59 25 55 0.015625
25 38 62 25 56 0.015625
25 38 67 25 57 0.015625
25 38 71 25 57 0.015625
25 38 72 25 58 0.015625
25 38 76 25 31 0.015625
25 38 81 25 32 0.015625
25 38 83 25 33 0.015625
25 38 86 25 34 0.015625
25 38 87 25 34 0.015625
25 38 95 25 37 0.015625
25 38 96 25 37 0.015625
25 38 101 25 0 0.015625
25 38 102 25 0 0.015625
25 38 105 25 1 0.015625
25 38 109 25 4 0.015625
25 38 111 25 5 0.015625
25 38 118 25 61 0.015625
25 38 119 25 61 0.015625
25 38 127 25 52 0.015625
25 38 128 25 52 0.015625
25 38 130 25 53 0.015625
25 38 131 25 53 0.015625
25 38 136 25 56 0.015625
25 38 137 25 57 0.015625
25 38 138 25 58 0.015625
25 38 142 25 32 0.015625
25 38 147 25 34 0.015625
25 38 148 25 34 0.015625
25 38 149 25 34 0.015625
25 38 156 25 3 0.015625
25 38 157 25 3 0.015625
25 38 159 25 60 0.015625
25 38 161 25 62 0.015625
25 38 162 25 63 0.015625
25 38 164 25 52 0.015625
25 38 169 25 56 0.015625
25 38 170 25 57 0.015625
25 38 171 25 57 0.015625
25 38 176 25 31 0.015625
25 38 179 25 33 0.015625
25 38 181 25 35 0.015625
25 38 182 25 35 0.015625
25 38 185 25 37 0.015625
25 38 188 25 4 0.015625
25 38 190 25 62 0.015625
25 59 11 25 3 0.015625
25 59 15 25 60 0.015625
25 59 17 25 60 0.015625
25 59 21 25 61 0.015625
25 59 25 25 62 0.015625
25 59 40 25 52 0.015625
25 59 56 25 57 0.015625
25 59 62 25 31 0.015625
25 59 63 25 32 0.015625
25 59 64 25 32 0.015625
25 59 67 25 35 0.015625
25 59 72 25 0 0.015625
25 59 76 25 63 0.015625
25 59 77 25 64 0.015625
25 59 78 25 64 0.015625
25 59 81 25 53 0.015625
25 59 84 25 31 0.015625
25 59 85 25 32 0.015625
25 59 86 25 34 0.015625
25 59 87 25 34 0.015625
25 59 93 25 1 0.015625
25 59 96 25 4 0.015625
25 59 98 25 60 0.015625
25 59 106 25 52 0.015625
25 59 107 25 52 0.015625
25 59 108 25 53 0.015625
25 59 109 25 53 0.015625
25 59 113 25 55 0.015625
25 59 114 25 56 0.015625
25 59 116 25 56 0.015625
25 59 118 25 57 0.015625
25 59 119 25 58 0.015625
25 59 120 25 58 0.015625
25 59 124 25 35 0.015625
25 59 128 25 0 0.015625
25 59 130 25 1 0.015625
25 59 131 25 1 0.015625
25 59 135 25 2 0.015625
25 59 137 25 2 0.015625
25 59 138 25 3 0.015625
25 59 140 25 4 0.015625
25 59 142 25 4 0.015625
25 59 146 25 53 0.015625
25 59 147 25 53 0.015625
25 59 161 25 57 0.015625
25 59 162 25 58 0.015625
25 59 166 25 31 0.015625
25 59 167 25 32 0.015625
25 59 168 25 0 0.015625
25 59 169 25 0 0.015625
25 59 170 25 1 0.015625
25 59 171 25 2 0.015625
25 59 172 25 3 0.015625
25 59 177 25 61 0.015625
25 59 179 25 61 0.015625
25 59 180 25 62 0.015625
25 59 183 25 56 0.015625
25 59 185 25 34 0.015625
25 59 187 25 35 0.015625
25 59 188 25 3 0.015625
25 59 189 25 3 0.015625
25 59 190 25 60 0.015625
25 59 193 25 62 0.015625
25 59 195 25 52 0.015625
26 14 1 26 60 0.015625
26 14 4 26 63 0.015625
26 14 5 26 64 0.015625
26 14 14 26 31 0.015625
26 14 20 26 33 0.015625
26 14 26 26 35 0.015625
26 14 37 26 2 0.015625
26 14 43 26 3 0.015625
26 14 45 26 4 0.015625
26 14 47 26 5 0.015625
26 14 54 26 60 0.015625
26 14 55 26 60 0.015625
26 14 56 26 61 0.015625
26 14 57 26 63 0.015625
26 14 58 26 63 0.015625
26 14 71 26 56 0.015625
26 14 77 26 31 0.015625
26 14 78 26 32 0.015625
26 14 79 26 34 0.015625
26 14 86 26 37 0.015625
26 14 93 26 0 0.015625
26 14 94 26 1 0.015625
26 14 96 26 2 0.015625
26 14 98 26 2 0.015625
26 14 103 26 4 0.015625
26 14 107 26 5 0.015625
26 14 110 26 52 0.015625
26 14 112 26 52 0.015625
26 14 115 26 53 0.015625
26 14 116 26 54 0.015625
26 14 120 26 56 0.015625
26 14 121 26 56 0.015625
26 14 122 26 56 0.015625
26 14 124 26 57 0.015625
26 14 128 26 58 0.015625
26 14 130 26 31 0.015625
26 14 131 26 32 0.015625
26 14 132 26 32 0.015625
26 14 137 26 33 0.015625
26 14 139 26 34 0.015625
26 14 140 26 34 0.015625
26 14 143 26 37 0.015625
26 14 146 26 0 0.015625
26 14 157 26 60 0.015625
26 14 158 26 61 0.015625
26 14 160 26 52 0.015625
26 14 161 26 53 0.015625
26 14 164 26 54 0.015625
26 14 167 26 55 0.015625
26 14 169 26 57 0.015625
26 14 170 26 57 0.015625
26 14 175 26 58 0.015625
26 14 178 26 32 0.015625
26 14 179 26 32 0.015625
26 14 181 26 33 0.015625
26 14 185 26 37 0.015625
26 14 186 26 37 0.015625
26 14 187 26 37 0.015625
26 14 192 26 58 0.015625
26 14 193 26 34 0.015625
26 14 195 26 35 0.015625
26 14 196 26 4 0.015625
26 14 197 26 31 0.015625
26 14 198 26 35 0.015625
26 36 7 26 65 0.015625
26 36 11 26 55 0.015625
26 36 18 26 2 0.015625
26 36 19 26 2 0.015625
26 36 34 26 56 0.015625
26 36 36 26 57 0.015625
26 36 37 26 58 0.015625
26 36 42 26 31 0.015625
26 36 44 26 32 0.015625
26 36 45 26 32 0.015625
26 36 46 26 32 0.015625
26 36 47 26 32 0.015625
26 36 48 26 32 0.015625
26 36 50 26 32 0.015625
26 36 52 26 33 0.015625
26 36 55 26 33 0.015625
26 36 56 26 33 0.015625
26 36 58 26 34 0.015625
26 36 64 26 35 0.015625
26 36 65 26 35 0.015625
26 36 72 26 1 0.015625
26 36 73 26 2 0.015625
26 36 74 26 5 0.015625
26 36 77 26 54 0.015625
26 36 79 26 55 0.015625
26 36 81 26 58 0.015625
26 36 82 26 58 0.015625
26 36 83 26 31 0.015625
26 36 87 26 1 0.015625
26 36 90 26 4 0.015625
26 36 97 26 32 0.015625
26 36 99 26 34 0.015625
26 36 101 26 35 0.015625
26 36 102 26 35 0.015625
26 36 103 26 37 0.015625
26 36 104 26 37 0.015625
26 36 105 26 37 0.015625
26 36 106 26 0 0.015625
26 36 108 26 0 0.015625
26 36 109 26 0 0.015625
26 36 110 26 1 0.015625
26 36 115 26 2 0.015625
26 36 116 26 3 0.015625
26 36 121 26 4 0.015625
26 36 126 26 54 0.015625
26 36 127 26 54 0.015625
26 36 128 26 54 0.015625
26 36 129 26 57 0.015625
26 36 130 26 34 0.015625
26 36 131 26 0 0.015625
26 36 134 26 1 0.015625
26 36 135 26 2 0.015625
26 36 139 26 4 0.015625
26 36 140 26 5 0.015625
26 36 146 26 31 0.015625
26 36 147 26 31 0.015625
26 36 148 26 33 0.015625
26 36 149 26 33 0.015625
26 36 150 26 35 0.015625
26 36 153 26 4 0.015625
26 36 155 26 61 0.015625
26 36 156 26 31 0.015625
26 36 160 26 35 0.015625
26 36 161 26 37 0.015625
26 38 2 26 1 0.015625
26 38 5 26 3 0.015625
26 38 18 26 61 0.015625
26 38 20 26 63 0.015625
26 38 23 26 65 0.015625
26 38 25 26 0 0.015625
26 38 31 26 2 0.015625
26 38 34 26 2 0.015625
26 38 38 26 5 0.015625
26 38 42 26 60 0.015625
26 38 43 26 60 0.015625
26 38 44 26 61 0.015625
26 38 46 26 65 0.015625
26 38 49 26 52 0.015625
26 38 51 26 52 0.015625
26 38 55 26 54 0.015625
26 38 56 26 54 0.015625
26 38 62 26 56 0.015625
26 38 66 26 57 0.015625
26 38 69 26 57 0.015625
26 38 70 26 58 0.015625
26 38 73 26 58 0.015625
26 38 74 26 31 0.015625
26 38 76 26 31 0.015625
26 38 81 26 32 0.015625
26 38 84 26 33 0.015625
26 38 86 26 34 0.015625
26 38 87 26 34 0.015625
26 38 96 26 37 0.015625
26 38 101 26 0 0.015625
26 38 102 26 0 0.015625
26 38 104 26 1 0.015625
26 38 106 26 2 0.015625
26 38 109 26 4 0.015625
26 38 111 26 4 0.015625
26 38 119 26 61 0.015625
26 38 120 26 61 0.015625
26 38 123 26 62 0.015625
26 38 129 26 52 0.015625
26 38 130 26 53 0.015625
26 38 133 26 54 0.015625
26 38 136 26 56 0.015625
26 38 137 26 57 0.015625
26 38 139 26 58 0.015625
26 38 140 26 31 0.015625
26 38 143 26 32 0.015625
26 38 150 26 34 0.015625
26 38 151 26 34 0.015625
26 38 165 26 60 0.015625
26 38 168 26 63 0.015625
26 38 170 26 52 0.015625
26 38 173 26 57 0.015625
26 38 174 26 57 0.015625
26 38 176 26 58 0.015625
26 38 178 26 31 0.015625
26 38 179 26 32 0.015625
26 38 182 26 33 0.015625
26 38 183 26 33 0.015625
26 38 185 26 35 0.015625
26 38 186 26 35 0.015625
26 38 189 26 37 0.015625
26 38 191 26 4 0.015625
26 38 193 26 54 0.015625
26 38 198 26 34 0.015625
26 59 2 26 32 0.015625
26 59 3 26 33 0.015625
26 59 11 26 3 0.015625
26 59 14 26 5 0.015625
26 59 16 26 60 0.015625
26 59 17 26 60 0.015625
26 59 18 26 60 0.015625
26 59 22 26 61 0.015625
26 59 28 26 62 0.015625
26 59 40 26 52 0.015625
26 59 45 26 54 0.015625
26 59 49 26 56 0.015625
26 59 50 26 57 0.015625
26 59 53 26 58 0.015625
26 59 56 26 31 0.015625
26 59 58 26 32 0.015625
26 59 59 26 32 0.015625
26 59 61 26 33 0.015625
26 59 63 26 35 0.015625
26 59 72 26 63 0.015625
26 59 73 26 64 0.015625
26 59 76 26 54 0.015625
26 59 79 26 31 0.015625
26 59 80 26 34 0.015625
26 59 85 26 1 0.015625
26 59 90 26 4 0.015625
26 59 91 26 4 0.015625
26 59 93 26 5 0.015625
26 59 95 26 61 0.015625
26 59 103 26 52 0.015625
26 59 104 26 53 0.015625
26 59 107 26 56 0.015625
26 59 110 26 57 0.015625
26 59 112 26 58 0.015625
26 59 113 26 58 0.015625
26 59 118 26 35 0.015625
26 59 123 26 0 0.015625
26 59 125 26 1 0.015625
26 59 130 26 1 0.015625
26 59 132 26 2 0.015625
26 59 133 26 2 0.015625
26 59 134 26 2 0.015625
26 59 135 26 3 0.015625
26 59 145 26 54 0.015625
26 59 148 26 56 0.015625
26 59 150 26 56 0.015625
26 59 155 26 57 0.015625
26 59 156 26 58 0.015625
26 59 159 26 58 0.015625
26 59 162 26 31 0.015625
26 59 163 26 32 0.015625
26 59 164 26 0 0.015625
26 59 169 26 4 0.015625
26 59 172 26 61 0.015625
26 59 174 26 61 0.015625
26 59 175 26 62 0.015625
26 59 176 26 64 0.015625
26 59 181 26 33 0.015625
26 59 182 26 33 0.015625
26 59 183 26 37 0.015625
26 59 185 26 4 0.015625
26 59 186 26 60 0.015625
26 59 188 26 61 0.015625
26 59 192 26 32 0.015625
27 14 4 27 63 0.015625
27 14 5 27 64 0.015625
27 14 12 27 31 0.015625
27 14 14 27 32 0.015625
27 14 15 27 32 0.015625
27 14 18 27 33 0.015625
27 14 26 27 35 0.015625
27 14 35 27 1 0.015625
27 14 37 27 2 0.015625
27 14 43 27 4 0.015625
27 14 48 27 5 0.015625
27 14 59 27 65 0.015625
27 14 64 27 53 0.015625
27 14 72 27 31 0.015625
27 14 73 27 31 0.015625
27 14 81 27 37 0.015625
27 14 84 27 0 0.015625
27 14 85 27 0 0.015625
27 14 86 27 0 0.015625
27 14 89 27 1 0.015625
27 14 90 27 2 0.015625
27 14 92 27 2 0.015625
27 14 98 27 5 0.015625
27 14 99 27 5 0.015625
27 14 102 27 52 0.015625
27 14 104 27 52 0.015625
27 14 113 27 56 0.015625
27 14 114 27 56 0.015625
27 14 115 27 56 0.015625
27 14 116 27 56 0.015625
27 14 118 27 57 0.015625
27 14 122 27 58 0.015625
27 14 123 27 58 0.015625
27 14 125 27 31 0.015625
27 14 126 27 32 0.015625
27 14 127 27 32 0.015625
27 14 131 27 33 0.015625
27 14 133 27 34 0.015625
27 14 134 27 34 0.015625
27 14 140 27 37 0.015625
27 14 143 27 0 0.015625
27 14 149 27 3 0.015625
27 14 152 27 4 0.015625
27 14 153 27 4 0.015625
27 14 157 27 60 0.015625
27 14 159 27 61 0.015625
27 14 163 27 52 0.015625
27 14 164 27 52 0.015625
27 14 167 27 53 0.015625
27 14 170 27 55 0.015625
27 14 171 27 57 0.015625
27 14 178 27 32 0.015625
27 14 179 27 33 0.015625
27 14 183 27 37 0.015625
27 14 184 27 37 0.015625
27 14 185 27 37 0.015625
27 14 188 27 2 0.015625
27 14 190 27 53 0.015625
27 14 192 27 58 0.015625
27 14 193 27 34 0.015625
27 14 195 27 35 0.015625
27 14 196 27 4 0.015625
27 14 197 27 31 0.015625
27 14 199 27 35 0.015625
27 36 8 27 52 0.015625
27 36 11 27 55 0.015625
27 36 20 27 2 0.015625
27 36 21 27 2 0.015625
27 36 31 27 52 0.015625
27 36 32 27 52 0.015625
27 36 36 27 31 0.015625
27 36 40 27 31 0.015625
27 36 41 27 32 0.015625
27 36 42 27 32 0.015625
27 36 43 27 32 0.015625
27 36 44 27 32 0.015625
27 36 45 27 32 0.015625
27 36 47 27 32 0.015625
27 36 49 27 33 0.015625
27 36 52 27 33 0.015625
27 36 53 27 33 0.015625
27 36 55 27 34 0.015625
27 36 64 27 35 0.015625
27 36 65 27 35 0.015625
27 36 66 27 37 0.015625
27 36 67 27 37 0.015625
27 36 72 27 37 0.015625
27 36 75 27 0 0.015625
27 36 76 27 2 0.015625
27 36 79 27 5 0.015625
27 36 86 27 58 0.015625
27 36 88 27 34 0.015625
27 36 91 27 1 0.015625
27 36 92 27 2 0.015625
27 36 94 27 4 0.015625
27 36 95 27 4 0.015625
27 36 96 27 5 0.015625
27 36 101 27 32 0.015625
27 36 103 27 34 0.015625
27 36 105 27 37 0.015625
27 36 106 27 37 0.015625
27 36 108 27 0 0.015625
27 36 110 27 0 0.015625
27 36 111 27 1 0.015625
27 36 114 27 2 0.015625
27 36 115 27 3 0.015625
27 36 116 27 3 0.015625
27 36 119 27 4 0.015625
27 36 120 27 4 0.015625
27 36 123 27 5 0.015625
27 36 126 27 52 0.015625
27 36 127 27 52 0.015625
27 36 130 27 34 0.015625
27 36 131 27 0 0.015625
27 36 133 27 1 0.015625
27 36 134 27 1 0.015625
27 36 135 27 2 0.015625
27 36 139 27 4 0.015625
27 36 140 27 5 0.015625
27 36 144 27 31 0.015625
27 36 145 27 31 0.015625
27 36 146 27 33 0.015625
27 36 147 27 35 0.015625
27 36 149 27 4 0.015625
27 36 150 27 60 0.015625
27 36 153 27 31 0.015625
27 36 157 27 35 0.015625
27 36 158 27 37 0.015625
27 38 1 27 0 0.015625
27 38 3 27 1 0.015625
27 38 6 27 3 0.015625
27 38 17 27 61 0.015625
27 38 18 27 62 0.015625
27 38 23 27 65 0.015625
27 38 26 27 0 0.015625
27 38 32 27 2 0.015625
27 38 35 27 2 0.015625
27 38 37 27 4 0.015625
27 38 41 27 5 0.015625
27 38 47 27 60 0.015625
27 38 53 27 52 0.015625
27 38 56 27 52 0.015625
27 38 66 27 56 0.015625
27 38 70 27 57 0.015625
27 38 72 27 57 0.015625
27 38 73 27 58 0.015625
27 38 77 27 31 0.015625
27 38 81 27 32 0.015625
27 38 82 27 32 0.015625
27 38 85 27 33 0.015625
27 38 87 27 33 0.015625
27 38 88 27 34 0.015625
27 38 89 27 34 0.015625
27 38 98 27 37 0.015625
27 38 99 27 37 0.015625
27 38 103 27 0 0.015625
27 38 104 27 0 0.015625
27 38 107 27 1 0.015625
27 38 109 27 2 0.015625
27 38 113 27 4 0.015625
27 38 114 27 4 0.015625
27 38 115 27 5 0.015625
27 38 124 27 61 0.015625
27 38 126 27 62 0.015625
27 38 131 27 52 0.015625
27 38 132 27 52 0.015625
27 38 134 27 53 0.015625
27 38 136 27 56 0.015625
27 38 137 27 57 0.015625
27 38 138 27 58 0.015625
27 38 139 27 58 0.015625
27 38 140 27 31 0.015625
27 38 143 27 32 0.015625
27 38 150 27 34 0.015625
27 38 159 27 37 0.015625
27 38 162 27 3 0.015625
27 38 163 27 3 0.015625
27 38 164 27 60 0.015625
27 38 165 27 61 0.015625
27 38 169 27 52 0.015625
27 38 171 27 57 0.015625
27 38 172 27 57 0.015625
27 38 175 27 58 0.015625
27 38 178 27 31 0.015625
27 38 179 27 32 0.015625
27 38 181 27 33 0.015625
27 38 182 27 33 0.015625
27 38 184 27 35 0.015625
27 38 188 27 37 0.015625
27 38 191 27 4 0.015625
27 38 192 27 62 0.015625
27 38 193 27 52 0.015625
27 59 3 27 33 0.015625
27 59 6 27 36 0.015625
27 59 7 27 37 0.015625
27 59 12 27 3 0.015625
27 59 14 27 5 0.015625
27 59 16 27 60 0.015625
27 59 17 27 60 0.015625
27 59 19 27 61 0.015625
27 59 21 27 61 0.015625
27 59 27 27 62 0.015625
27 59 32 27 64 0.015625
27 59 41 27 52 0.015625
27 59 53 27 57 0.015625
27 59 56 27 31 0.015625
27 59 58 27 31 0.015625
27 59 59 27 32 0.015625
27 59 60 27 32 0.015625
27 59 61 27 33 0.015625
27 59 62 27 33 0.015625
27 59 65 27 35 0.015625
27 59 75 27 63 0.015625
27 59 76 27 64 0.015625
27 59 77 27 64 0.015625
27 59 81 27 34 0.015625
27 59 82 27 34 0.015625
27 59 89 27 1 0.015625
27 59 96 27 5 0.015625
27 59 97 27 5 0.015625
27 59 98 27 60 0.015625
27 59 108 27 52 0.015625
27 59 109 27 52 0.015625
27 59 110 27 53 0.015625
27 59 114 27 54 0.015625
27 59 117 27 57 0.015625
27 59 118 27 58 0.015625
27 59 119 27 58 0.015625
27 59 127 27 0 0.015625
27 59 129 27 1 0.015625
27 59 134 27 1 0.015625
27 59 135 27 2 0.015625
27 59 136 27 2 0.015625
27 59 137 27 2 0.015625
27 59 139 27 3 0.015625
27 59 142 27 4 0.015625
27 59 146 27 5 0.015625
27 59 148 27 52 0.015625
27 59 154 27 56 0.015625
27 59 156 27 56 0.015625
27 59 161 27 58 0.015625
27 59 166 27 31 0.015625
27 59 167 27 32 0.015625
27 59 168 27 0 0.015625
27 59 170 27 2 0.015625
27 59 174 27 4 0.015625
27 59 176 27 5 0.015625
27 59 177 27 61 0.015625
27 59 178 27 61 0.015625
27 59 179 27 64 0.015625
27 59 183 27 33 0.015625
27 59 185 27 35 0.015625
27 59 189 27 4 0.015625
27 59 190 27 60 0.015625
27 59 193 27 52 0.015625
27 59 194 27 53 0.015625
29 14 4 29 63 0.015625
29 14 15 29 31 0.015625
29 14 17 29 32 0.015625
29 14 20 29 33 0.015625
29 14 34 29 1 0.015625
29 14 35 29 2 0.015625
29 14 42 29 4 0.015625
29 14 46 29 5 0.015625
29 14 52 29 60 0.015625
29 14 58 29 52 0.015625
29 14 62 29 53 0.015625
29 14 71 29 58 0.015625
29 14 74 29 31 0.015625
29 14 77 29 34 0.015625
29 14 81 29 37 0.015625
29 14 85 29 1 0.015625
29 14 86 29 1 0.015625
29 14 87 29 2 0.015625
29 14 89 29 2 0.015625
29 14 94 29 4 0.015625
29 14 97 29 4 0.015625
29 14 98 29 5 0.015625
29 14 99 29 5 0.015625
29 14 101 29 62 0.015625
29 14 104 29 52 0.015625
29 14 106 29 52 0.015625
29 14 108 29 52 0.015625
29 14 111 29 53 0.015625
29 14 117 29 56 0.015625
29 14 118 29 56 0.015625
29 14 119 29 56 0.015625
29 14 120 29 56 0.015625
29 14 121 29 56 0.015625
29 14 129 29 58 0.015625
29 14 131 29 31 0.015625
29 14 135 29 33 0.015625
29 14 137 29 33 0.015625
29 14 139 29 34 0.015625
29 14 143 29 37 0.015625
29 14 146 29 0 0.015625
29 14 147 29 1 0.015625
29 14 149 29 1 0.015625
29 14 152 29 3 0.015625
29 14 155 29 5 0.015625
29 14 160 29 60 0.015625
29 14 161 29 61 0.015625
29 14 166 29 52 0.015625
29 14 167 29 52 0.015625
29 14 169 29 53 0.015625
29 14 172 29 55 0.015625
29 14 173 29 56 0.015625
29 14 179 29 58 0.015625
29 14 181 29 32 0.015625
29 14 184 29 37 0.015625
29 14 185 29 37 0.015625
29 14 186 29 37 0.015625
29 14 188 29 2 0.015625
29 14 189 29 3 0.015625
29 14 193 29 58 0.015625
29 14 194 29 34 0.015625
29 14 195 29 35 0.015625
29 14 196 29 4 0.015625
29 14 197 29 31 0.015625
29 14 199 29 35 0.015625
29 36 8 29 52 0.015625
29 36 11 29 55 0.015625
29 36 20 29 2 0.015625
29 36 21 29 2 0.015625
29 36 35 29 63 0.015625
29 36 38 29 52 0.015625
29 36 39 29 52 0.015625
29 36 42 29 56 0.015625
29 36 44 29 58 0.015625
29 36 48 29 31 0.015625
29 36 49 29 32 0.015625
29 36 56 29 33 0.015625
29 36 59 29 33 0.015625
29 36 62 29 34 0.015625
29 36 63 29 34 0.015625
29 36 69 29 35 0.015625
29 36 70 29 35 0.015625
29 36 71 29 37 0.015625
29 36 79 29 1 0.015625
29 36 80 29 1 0.015625
29 36 81 29 2 0.015625
29 36 84 29 5 0.015625
29 36 88 29 52 0.015625
29 36 92 29 58 0.015625
29 36 93 29 58 0.015625
29 36 94 29 34 0.015625
29 36 97 29 1 0.015625
29 36 101 29 4 0.015625
29 36 102 29 4 0.015625
29 36 104 29 60 0.015625
29 36 106 29 64 0.015625
29 36 112 29 37 0.015625
29 36 113 29 37 0.015625
29 36 114 29 37 0.015625
29 36 115 29 0 0.015625
29 36 116 29 0 0.015625
29 36 117 29 1 0.015625
29 36 119 29 1 0.015625
29 36 120 29 2 0.015625
29 36 121 29 2 0.015625
29 36 123 29 3 0.015625
29 36 126 29 4 0.015625
29 36 127 29 4 0.015625
29 36 129 29 5 0.015625
29 36 131 29 5 0.015625
29 36 132 29 52 0.015625
29 36 134 29 56 0.015625
29 36 136 29 34 0.015625
29 36 137 29 0 0.015625
29 36 139 29 1 0.015625
29 36 140 29 2 0.015625
29 36 144 29 4 0.015625
29 36 145 29 5 0.015625
29 36 151 29 56 0.015625
29 36 153 29 31 0.015625
29 36 154 29 31 0.015625
29 36 155 29 35 0.015625
29 36 157 29 4 0.015625
29 36 158 29 60 0.015625
29 36 159 29 61 0.015625
29 36 160 29 62 0.015625
29 36 161 29 31 0.015625
29 36 165 29 35 0.015625
29 36 166 29 37 0.015625
29 38 5 29 3 0.015625
29 38 15 29 61 0.015625
29 38 27 29 2 0.015625
29 38 28 29 3 0.015625
29 38 34 29 5 0.015625
29 38 35 29 5 0.015625
29 38 39 29 60 0.015625
29 38 41 29 60 0.015625
29 38 48 29 52 0.015625
29 38 51 29 52 0.015625
29 38 53 29 53 0.015625
29 38 60 29 56 0.015625
29 38 61 29 56 0.015625
29 38 63 29 56 0.015625
29 38 68 29 57 0.015625
29 38 69 29 58 0.015625
29 38 75 29 31 0.015625
29 38 78 29 31 0.015625
29 38 81 29 33 0.015625
29 38 83 29 34 0.015625
29 38 84 29 34 0.015625
29 38 92 29 37 0.015625
29 38 93 29 37 0.015625
29 38 94 29 37 0.015625
29 38 95 29 37 0.015625
29 38 97 29 37 0.015625
29 38 100 29 0 0.015625
29 38 103 29 1 0.015625
29 38 104 29 2 0.015625
29 38 106 29 4 0.015625
29 38 108 29 4 0.015625
29 38 109 29 4 0.015625
29 38 110 29 5 0.015625
29 38 111 29 5 0.015625
29 38 115 29 5 0.015625
29 38 118 29 61 0.015625
29 38 119 29 61 0.015625
29 38 122 29 62 0.015625
29 38 123 29 62 0.015625
29 38 128 29 52 0.015625
29 38 129 29 52 0.015625
29 38 131 29 53 0.015625
29 38 135 29 56 0.015625
29 38 136 29 57 0.015625
29 38 137 29 58 0.015625
29 38 138 29 31 0.015625
29 38 141 29 32 0.015625
29 38 148 29 34 0.015625
29 38 149 29 34 0.015625
29 38 158 29 3 0.015625
29 38 159 29 3 0.015625
29 38 161 29 60 0.015625
29 38 164 29 62 0.015625
29 38 169 29 52 0.015625
29 38 170 29 52 0.015625
29 38 171 29 54 0.015625
29 38 177 29 58 0.015625
29 38 178 29 58 0.015625
29 38 180 29 31 0.015625
29 38 184 29 33 0.015625
29 38 187 29 37 0.015625
29 38 191 29 4 0.015625
29 38 193 29 62 0.015625
29 38 198 29 34 0.015625
29 59 0 29 59 0.015625
29 59 3 29 33 0.015625
29 59 7 29 37 0.015625
29 59 13 29 3 0.015625
29 59 19 29 60 0.015625
29 59 20 29 60 0.015625
29 59 25 29 61 0.015625
29 59 31 29 62 0.015625
29 59 38 29 64 0.015625
29 59 62 29 31 0.015625
29 59 63 29 33 0.015625
29 59 64 29 33 0.015625
29 59 74 29 63 0.015625
29 59 75 29 64 0.015625
29 59 76 29 64 0.015625
29 59 82 29 34 0.015625
29 59 83 29 34 0.015625
29 59 88 29 1 0.015625
29 59 90 29 3 0.015625
29 59 92 29 4 0.015625
29 59 94 29 4 0.015625
29 59 96 29 5 0.015625
29 59 97 29 5 0.015625
29 59 98 29 60 0.015625
29 59 104 29 64 0.015625
29 59 107 29 52 0.015625
29 59 108 29 52 0.015625
29 59 109 29 52 0.015625
29 59 110 29 53 0.015625
29 59 111 29 53 0.015625
29 59 114 29 56 0.015625
29 59 119 29 58 0.015625
29 59 120 29 58 0.015625
29 59 123 29 58 0.015625
29 59 128 29 0 0.015625
29 59 129 29 1 0.015625
29 59 132 29 1 0.015625
29 59 133 29 1 0.015625
29 59 134 29 2 0.015625
29 59 135 29 2 0.015625
29 59 136 29 2 0.015625
29 59 137 29 2 0.015625
29 59 144 29 5 0.015625
29 59 153 29 56 0.015625
29 59 157 29 56 0.015625
29 59 162 29 58 0.015625
29 59 164 29 58 0.015625
29 59 166 29 31 0.015625
29 59 168 29 0 0.015625
29 59 169 29 1 0.015625
29 59 170 29 2 0.015625
29 59 171 29 3 0.015625
29 59 174 29 4 0.015625
29 59 176 29 5 0.015625
29 59 178 29 60 0.015625
29 59 179 29 61 0.015625
29 59 181 29 61 0.015625
29 59 182 29 62 0.015625
29 59 183 29 64 0.015625
29 59 190 29 3 0.015625
29 59 191 29 4 0.015625
29 59 193 29 61 0.015625
29 59 194 29 62 0.015625
29 59 196 29 52 0.015625
32 14 4 32 63 0.015625
32 14 5 32 64 0.015625
32 14 15 32 25 0.015625
32 14 19 32 27 0.015625
32 14 20 32 27 0.015625
32 14 21 32 28 0.015625
32 14 27 32 6 0.015625
32 14 28 32 6 0.015625
32 14 31 32 8 0.015625
32 14 34 32 11 0.015625
32 14 37 32 27 0.015625
32 14 38 32 27 0.015625
32 14 41 32 30 0.015625
32 14 54 32 60 0.015625
32 14 56 32 60 0.015625
32 14 57 32 60 0.015625
32 14 64 32 63 0.015625
32 14 65 32 64 0.015625
32 14 71 32 6 0.015625
32 14 79 32 24 0.015625
32 14 80 32 24 0.015625
32 14 81 32 26 0.015625
32 14 89 32 29 0.015625
32 14 92 32 52 0.015625
32 14 94 32 52 0.015625
32 14 101 32 53 0.015625
32 14 104 32 53 0.015625
32 14 109 32 56 0.015625
32 14 111 32 56 0.015625
32 14 112 32 56 0.015625
32 14 116 32 57 0.015625
32 14 124 32 58 0.015625
32 14 125 32 58 0.015625
32 14 126 32 58 0.015625
32 14 130 32 24 0.015625
32 14 132 32 25 0.015625
32 14 133 32 25 0.015625
32 14 134 32 26 0.015625
32 14 135 32 26 0.015625
32 14 142 32 28 0.015625
32 14 143 32 29 0.015625
32 14 145 32 30 0.015625
32 14 146 32 30 0.015625
32 14 147 32 52 0.015625
32 14 151 32 56 0.015625
32 14 153 32 56 0.015625
32 14 155 32 58 0.015625
32 14 157 32 58 0.015625
32 14 158 32 60 0.015625
32 14 160 32 61 0.015625
32 14 167 32 10 0.015625
32 14 171 32 25 0.015625
32 14 172 32 26 0.015625
32 14 180 32 53 0.015625
32 14 182 32 54 0.015625
32 14 185 32 57 0.015625
32 14 186 32 57 0.015625
32 14 187 32 58 0.015625
32 14 188 32 61 0.015625
32 14 190 32 9 0.015625
32 14 194 32 27 0.015625
32 14 195 32 6 0.015625
32 14 197 32 11 0.015625
32 14 198 32 57 0.015625
32 36 0 32 24 0.046875
32 36 1 32 25 0.015625
32 36 2 32 26 0.015625
32 36 4 32 28 0.015625
32 36 5 32 29 0.015625
32 36 7 32 52 0.015625
32 36 8 32 53 0.015625
32 36 9 32 54 0.015625
32 36 10 32 55 0.03125
32 36 11 32 56 0.015625
32 36 13 32 58 0.015625
32 36 15 32 60 0.03125
32 36 18 32 63 0.015625
32 36 19 32 64 0.015625
32 36 20 32 65 0.0625
32 36 21 32 6 0.015625
32 36 22 32 7 0.015625
32 36 23 32 8 0.015625
32 36 24 32 9 0.015625
32 36 25 32 10 0.03125
32 36 26 32 11 0.015625
32 36 27 32 27 0.015625
32 36 28 32 30 0.015625
32 36 29 32 60 0.03125
32 36 30 32 63 0.03125
32 36 32 32 25 0.015625
32 36 33 32 25 0.015625
32 36 34 32 27 0.015625
32 36 35 32 30 0.015625
32 36 36 32 53 0.015625
32 36 37 32 53 0.015625
32 36 38 32 53 0.015625
32 36 39 32 53 0.015625
32 36 40 32 53 0.015625
32 36 41 32 54 0.015625
32 36 43 32 56 0.03125
32 36 44 32 56 0.015625
32 36 46 32 58 0.015625
32 36 47 32 58 0.015625
32 36 49 32 61 0.015625
32 36 51 32 63 0.015625
32 36 52 32 65 0.015625
32 36 53 32 65 0.015625
32 36 56 32 10 0.015625
32 36 57 32 10 0.015625
32 36 58 32 11 0.015625
32 36 59 32 25 0.015625
32 36 60 32 65 0.015625
32 36 61 32 10 0.015625
32 36 62 32 11 0.015625
32 36 63 32 26 0.015625
32 36 64 32 28 0.015625
32 36 65 32 53 0.015625
32 38 3 32 60 0.015625
32 38 8 32 61 0.015625
32 38 13 32 65 0.015625
32 38 15 32 6 0.015625
32 38 16 32 6 0.015625
32 38 17 32 6 0.015625
32 38 18 32 6 0.015625
32 38 23 32 8 0.015625
32 38 28 32 10 0.015625
32 38 32 32 11 0.015625
32 38 36 32 27 0.015625
32 38 37 32 28 0.015625
32 38 39 32 28 0.015625
32 38 45 32 52 0.015625
32 38 46 32 52 0.015625
32 38 51 32 53 0.015625
32 38 52 32 53 0.015625
32 38 53 32 53 0.015625
32 38 59 32 56 0.015625
32 38 64 32 57 0.015625
32 38 66 32 57 0.015625
32 38 68 32 57 0.015625
32 38 69 32 58 0.015625
32 38 72 32 60 0.015625
32 38 73 32 60 0.015625
32 38 74 32 65 0.015625
32 38 90 32 25 0.015625
32 38 98 32 27 0.015625
32 38 99 32 27 0.015625
32 38 100 32 27 0.015625
32 38 103 32 28 0.015625
32 38 105 32 29 0.015625
32 38 108 32 52 0.015625
32 38 109 32 52 0.015625
32 38 113 32 56 0.015625
32 38 115 32 58 0.015625
32 38 116 32 58 0.015625
32 38 123 32 61 0.015625
32 38 125 32 61 0.015625
32 38 126 32 62 0.015625
32 38 127 32 62 0.015625
32 38 130 32 63 0.015625
32 38 137 32 65 0.015625
32 38 141 32 6 0.015625
32 38 142 32 7 0.015625
32 38 145 32 8 0.015625
32 38 148 32 10 0.015625
32 38 154 32 25 0.015625
32 38 155 32 25 0.015625
32 38 156 32 27 0.015625
32 38 157 32 29 0.015625
32 38 158 32 30 0.015625
32 38 159 32 30 0.015625
32 38 162 32 52 0.015625
32 38 169 32 56 0.015625
32 38 171 32 57 0.015625
32 38 174 32 58 0.015625
32 38 175 32 58 0.015625
32 38 177 32 60 0.015625
32 38 179 32 61 0.015625
32 38 180 32 61 0.015625
32 38 185 32 8 0.015625
32 38 190 32 25 0.015625
32 38 192 32 26 0.015625
32 59 6 32 29 0.015625
32 59 16 32 25 0.015625
32 59 18 32 26 0.015625
32 59 19 32 27 0.015625
32 59 20 32 27 0.015625
32 59 22 32 27 0.015625
32 59 26 32 30 0.015625
32 59 28 32 52 0.015625
32 59 41 32 57 0.015625
32 59 46 32 60 0.015625
32 59 48 32 60 0.015625
32 59 50 32 61 0.015625
32 59 53 32 61 0.015625
32 59 59 32 62 0.015625
32 59 63 32 63 0.015625
32 59 65 32 64 0.015625
32 59 75 32 65 0.015625
32 59 77 32 6 0.015625
32 59 78 32 6 0.015625
32 59 81 32 9 0.015625
32 59 85 32 24 0.015625
32 59 92 32 54 0.015625
32 59 96 32 63 0.015625
32 59 97 32 64 0.015625
32 59 98 32 6 0.015625
32 59 106 32 29 0.015625
32 59 108 32 52 0.015625
32 59 110 32 53 0.015625
32 59 113 32 56 0.015625
32 59 115 32 56 0.015625
32 59 118 32 58 0.015625
32 59 119 32 58 0.015625
32 59 120 32 58 0.015625
32 59 122 32 60 0.015625
32 59 123 32 60 0.015625
32 59 125 32 62 0.015625
32 59 130 32 65 0.015625
32 59 131 32 6 0.015625
32 59 132 32 8 0.015625
32 59 137 32 53 0.015625
32 59 138 32 53 0.015625
32 59 139 32 53 0.015625
32 59 140 32 53 0.015625
32 59 141 32 53 0.015625
32 59 146 32 56 0.015625
32 59 149 32 56 0.015625
32 59 152 32 57 0.015625
32 59 154 32 57 0.015625
32 59 155 32 58 0.015625
32 59 157 32 58 0.015625
32 59 160 32 10 0.015625
32 59 162 32 30 0.015625
32 59 163 32 54 0.015625
32 59 165 32 61 0.015625
32 59 166 32 61 0.015625
32 59 167 32 61 0.015625
32 59 169 32 62 0.015625
32 59 170 32 64 0.015625
32 59 171 32 30 0.015625
32 59 172 32 52 0.015625
32 59 174 32 56 0.015625
32 59 176 32 61 0.015625
32 59 177 32 63 0.015625
32 59 182 32 27 0.015625
34 14 1 34 60 0.015625
34 14 4 34 63 0.015625
34 14 13 34 24 0.015625
34 14 15 34 25 0.015625
34 14 20 34 27 0.015625
34 14 21 34 28 0.015625
34 14 28 34 6 0.015625
34 14 31 34 8 0.015625
34 14 32 34 8 0.015625
34 14 34 34 9 0.015625
34 14 40 34 27 0.015625
34 14 43 34 29 0.015625
34 14 46 34 30 0.015625
34 14 59 34 60 0.015625
34 14 60 34 60 0.015625
34 14 61 34 60 0.015625
34 14 63 34 60 0.015625
34 14 64 34 60 0.015625
34 14 65 34 61 0.015625
34 14 71 34 63 0.015625
34 14 83 34 24 0.015625
34 14 84 34 24 0.015625
34 14 86 34 26 0.015625
34 14 87 34 26 0.015625
34 14 92 34 27 0.015625
34 14 96 34 29 0.015625
34 14 98 34 30 0.015625
34 14 99 34 52 0.015625
34 14 100 34 52 0.015625
34 14 102 34 52 0.015625
34 14 108 34 53 0.015625
34 14 109 34 54 0.015625
34 14 112 34 55 0.015625
34 14 113 34 56 0.015625
34 14 115 34 56 0.015625
34 14 116 34 56 0.015625
34 14 121 34 57 0.015625
34 14 128 34 58 0.015625
34 14 129 34 58 0.015625
34 14 130 34 9 0.015625
34 14 133 34 24 0.015625
34 14 134 34 25 0.015625
34 14 135 34 25 0.015625
34 14 136 34 25 0.015625
34 14 144 34 28 0.015625
34 14 145 34 30 0.015625
34 14 149 34 52 0.015625
34 14 150 34 52 0.015625
34 14 152 34 52 0.015625
34 14 153 34 53 0.015625
34 14 158 34 56 0.015625
34 14 161 34 56 0.015625
34 14 165 34 58 0.015625
34 14 166 34 58 0.015625
34 14 167 34 60 0.015625
34 14 169 34 61 0.015625
34 14 182 34 30 0.015625
34 14 184 34 53 0.015625
34 14 185 34 53 0.015625
34 14 189 34 57 0.015625
34 14 190 34 57 0.015625
34 14 192 34 58 0.015625
34 14 194 34 9 0.015625
34 14 199 34 26 0.015625
34 36 0 34 24 0.03125
34 36 1 34 25 0.015625
34 36 2 34 26 0.015625
34 36 4 34 28 0.015625
34 36 5 34 29 0.015625
34 36 7 34 52 0.015625
34 36 8 34 53 0.015625
34 36 9 34 54 0.015625
34 36 10 34 55 0.03125
34 36 11 34 56 0.015625
34 36 12 34 57 0.015625
34 36 13 34 58 0.015625
34 36 15 34 60 0.03125
34 36 16 34 61 0.015625
34 36 17 34 62 0.015625
34 36 20 34 65 0.078125
34 36 21 34 6 0.015625
34 36 22 34 7 0.015625
34 36 24 34 9 0.015625
34 36 25 34 10 0.015625
34 36 26 34 11 0.015625
34 36 28 34 27 0.015625
34 36 29 34 27 0.015625
34 36 31 34 55 0.015625
34 36 32 34 60 0.03125
34 36 34 34 24 0.015625
34 36 36 34 25 0.015625
34 36 38 34 30 0.015625
34 36 39 34 30 0.015625
34 36 40 34 30 0.015625
34 36 41 34 30 0.015625
34 36 42 34 30 0.015625
34 36 44 34 53 0.015625
34 36 45 34 53 0.015625
34 36 46 34 53 0.015625
34 36 47 34 55 0.015625
34 36 48 34 55 0.015625
34 36 49 34 55 0.015625
34 36 50 34 55 0.015625
34 36 51 34 56 0.015625
34 36 52 34 57 0.015625
34 36 53 34 58 0.015625
34 36 54 34 58 0.015625
34 36 55 34 58 0.015625
34 36 56 34 58 0.015625
34 36 57 34 60 0.015625
34 36 59 34 62 0.015625
34 36 60 34 63 0.015625
34 36 61 34 8 0.015625
34 36 62 34 10 0.015625
34 36 63 34 11 0.015625
34 36 64 34 11 0.015625
34 36 66 34 56 0.015625
34 36 68 34 65 0.015625
34 36 69 34 9 0.015625
34 36 70 34 54 0.015625
34 38 2 34 60 0.015625
34 38 7 34 61 0.015625
34 38 13 34 6 0.015625
34 38 15 34 6 0.015625
34 38 19 34 8 0.015625
34 38 20 34 8 0.015625
34 38 24 34 9 0.015625
34 38 28 34 11 0.015625
34 38 29 34 11 0.015625
34 38 31 34 24 0.015625
34 38 32 34 26 0.015625
34 38 34 34 27 0.015625
34 38 35 34 28 0.015625
34 38 43 34 52 0.015625
34 38 46 34 53 0.015625
34 38 47 34 53 0.015625
34 38 49 34 53 0.015625
34 38 57 34 56 0.015625
34 38 62 34 57 0.015625
34 38 63 34 57 0.015625
34 38 65 34 57 0.015625
34 38 66 34 58 0.015625
34 38 68 34 60 0.015625
34 38 69 34 60 0.015625
34 38 81 34 24 0.015625
34 38 84 34 25 0.015625
34 38 87 34 25 0.015625
34 38 94 34 27 0.015625
34 38 95 34 27 0.015625
34 38 96 34 27 0.015625
34 38 100 34 29 0.015625
34 38 101 34 30 0.015625
34 38 106 34 30 0.015625
34 38 107 34 52 0.015625
34 38 109 34 53 0.015625
34 38 114 34 56 0.015625
34 38 116 34 58 0.015625
34 38 117 34 58 0.015625
34 38 120 34 60 0.015625
34 38 125 34 61 0.015625
34 38 126 34 61 0.015625
34 38 127 34 62 0.015625
34 38 128 34 62 0.015625
34 38 140 34 6 0.015625
34 38 143 34 7 0.015625
34 38 145 34 8 0.015625
34 38 147 34 10 0.015625
34 38 153 34 25 0.015625
34 38 154 34 27 0.015625
34 38 156 34 28 0.015625
34 38 158 34 30 0.015625
34 38 160 34 30 0.015625
34 38 162 34 52 0.015625
34 38 169 34 56 0.015625
34 38 172 34 57 0.015625
34 38 176 34 58 0.015625
34 38 177 34 58 0.015625
34 38 178 34 60 0.015625
34 38 179 34 61 0.015625
34 38 180 34 61 0.015625
34 38 181 34 62 0.015625
34 38 186 34 8 0.015625
34 38 189 34 9 0.015625
34 38 192 34 26 0.015625
34 59 6 34 29 0.015625
34 59 7 34 30 0.015625
34 59 18 34 26 0.015625
34 59 19 34 27 0.015625
34 59 23 34 30 0.015625
34 59 26 34 52 0.015625
34 59 43 34 57 0.015625
34 59 47 34 60 0.015625
34 59 48 34 60 0.015625
34 59 49 34 60 0.015625
34 59 51 34 61 0.015625
34 59 52 34 61 0.015625
34 59 58 34 62 0.015625
34 59 61 34 63 0.015625
34 59 77 34 24 0.015625
34 59 78 34 25 0.015625
34 59 79 34 26 0.015625
34 59 80 34 27 0.015625
34 59 81 34 27 0.015625
34 59 82 34 30 0.015625
34 59 85 34 55 0.015625
34 59 91 34 64 0.015625
34 59 92 34 64 0.015625
34 59 93 34 6 0.015625
34 59 94 34 6 0.015625
34 59 95 34 7 0.015625
34 59 100 34 11 0.015625
34 59 101 34 27 0.015625
34 59 103 34 52 0.015625
34 59 105 34 53 0.015625
34 59 106 34 53 0.015625
34 59 109 34 56 0.015625
34 59 111 34 56 0.015625
34 59 113 34 57 0.015625
34 59 115 34 58 0.015625
34 59 116 34 58 0.015625
34 59 118 34 60 0.015625
34 59 119 34 60 0.015625
34 59 121 34 62 0.015625
34 59 122 34 63 0.015625
34 59 126 34 65 0.015625
34 59 133 34 53 0.015625
34 59 134 34 53 0.015625
34 59 137 34 54 0.015625
34 59 141 34 55 0.015625
34 59 144 34 56 0.015625
34 59 147 34 56 0.015625
34 59 148 34 57 0.015625
34 59 150 34 57 0.015625
34 59 152 34 58 0.015625
34 59 153 34 58 0.015625
34 59 154 34 58 0.015625
34 59 157 34 9 0.015625
34 59 159 34 30 0.015625
34 59 160 34 30 0.015625
34 59 161 34 61 0.015625
34 59 162 34 61 0.015625
34 59 164 34 62 0.015625
34 59 166 34 62 0.015625
34 59 168 34 30 0.015625
34 59 169 34 53 0.015625
34 59 171 34 56 0.015625
34 59 174 34 61 0.015625
34 59 175 34 63 0.015625
37 14 4 37 63 0.015625
37 14 13 37 24 0.015625
37 14 15 37 25 0.015625
37 14 17 37 26 0.015625
37 14 20 37 27 0.015625
37 14 21 37 28 0.015625
37 14 28 37 6 0.015625
37 14 30 37 8 0.015625
37 14 31 37 8 0.015625
37 14 34 37 25 0.015625
37 14 35 37 27 0.015625
37 14 40 37 30 0.015625
37 14 42 37 30 0.015625
37 14 47 37 54 0.015625
37 14 61 37 60 0.015625
37 14 63 37 60 0.015625
37 14 73 37 6 0.015625
37 14 75 37 7 0.015625
37 14 79 37 9 0.015625
37 14 84 37 24 0.015625
37 14 85 37 24 0.015625
37 14 86 37 26 0.015625
37 14 92 37 27 0.015625
37 14 96 37 29 0.015625
37 14 98 37 52 0.015625
37 14 100 37 52 0.015625
37 14 108 37 53 0.015625
37 14 109 37 54 0.015625
37 14 114 37 56 0.015625
37 14 115 37 56 0.015625
37 14 116 37 56 0.015625
37 14 118 37 56 0.015625
37 14 119 37 56 0.015625
37 14 121 37 57 0.015625
37 14 123 37 57 0.015625
37 14 125 37 57 0.015625
37 14 131 37 58 0.015625
37 14 132 37 63 0.015625
37 14 134 37 6 0.015625
37 14 138 37 25 0.015625
37 14 139 37 25 0.015625
37 14 140 37 25 0.015625
37 14 141 37 26 0.015625
37 14 147 37 28 0.015625
37 14 148 37 29 0.015625
37 14 150 37 30 0.015625
37 14 151 37 30 0.015625
37 14 152 37 52 0.015625
37 14 154 37 53 0.015625
37 14 155 37 53 0.015625
37 14 156 37 53 0.015625
37 14 161 37 58 0.015625
37 14 165 37 58 0.015625
37 14 166 37 60 0.015625
37 14 168 37 61 0.015625
37 14 184 37 53 0.015625
37 14 185 37 55 0.015625
37 14 188 37 57 0.015625
37 14 189 37 58 0.015625
37 14 190 37 62 0.015625
37 14 192 37 9 0.015625
37 14 195 37 27 0.015625
37 14 196 37 6 0.015625
37 14 199 37 57 0.015625
37 36 0 37 24 0.03125
37 36 1 37 25 0.015625
37 36 2 37 26 0.015625
37 36 4 37 28 0.015625
37 36 5 37 29 0.015625
37 36 7 37 52 0.015625
37 36 8 37 53 0.015625
37 36 9 37 54 0.015625
37 36 10 37 55 0.03125
37 36 11 37 56 0.015625
37 36 15 37 60 0.015625
37 36 18 37 63 0.015625
37 36 20 37 65 0.046875
37 36 21 37 6 0.015625
37 36 22 37 7 0.015625
37 36 24 37 9 0.015625
37 36 25 37 10 0.015625
37 36 26 37 11 0.015625
37 36 27 37 25 0.015625
37 36 28 37 27 0.015625
37 36 29 37 27 0.015625
37 36 30 37 60 0.015625
37 36 31 37 25 0.015625
37 36 33 37 27 0.015625
37 36 34 37 30 0.03125
37 36 35 37 30 0.015625
37 36 36 37 30 0.015625
37 36 38 37 53 0.015625
37 36 39 37 53 0.015625
37 36 40 37 53 0.015625
37 36 41 37 53 0.015625
37 36 42 37 53 0.015625
37 36 43 37 55 0.015625
37 36 44 37 55 0.03125
37 36 45 37 55 0.015625
37 36 46 37 55 0.015625
37 36 47 37 55 0.03125
37 36 49 37 57 0.03125
37 36 50 37 58 0.015625
37 36 51 37 58 0.015625
37 36 52 37 60 0.015625
37 36 53 37 61 0.015625
37 36 54 37 62 0.015625
37 36 55 37 62 0.015625
37 36 57 37 63 0.015625
37 36 58 37 64 0.015625
37 36 59 37 7 0.015625
37 36 60 37 7 0.015625
37 36 61 37 7 0.015625
37 36 62 37 9 0.015625
37 36 63 37 9 0.015625
37 36 64 37 10 0.015625
37 36 65 37 56 0.015625
37 36 66 37 10 0.015625
37 36 69 37 65 0.015625
37 36 70 37 62 0.015625
37 38 7 37 61 0.015625
37 38 12 37 6 0.015625
37 38 13 37 6 0.015625
37 38 16 37 7 0.015625
37 38 17 37 7 0.015625
37 38 18 37 7 0.015625
37 38 19 37 8 0.015625
37 38 24 37 9 0.015625
37 38 27 37 10 0.015625
37 38 30 37 11 0.015625
37 38 32 37 24 0.015625
37 38 33 37 25 0.015625
37 38 35 37 27 0.015625
37 38 36 37 28 0.015625
37 38 44 37 52 0.015625
37 38 48 37 53 0.015625
37 38 49 37 53 0.015625
37 38 52 37 55 0.015625
37 38 53 37 55 0.015625
37 38 55 37 56 0.015625
37 38 59 37 57 0.015625
37 38 60 37 57 0.015625
37 38 63 37 57 0.015625
37 38 64 37 58 0.015625
37 38 70 37 60 0.015625
37 38 71 37 60 0.015625
37 38 84 37 25 0.015625
37 38 87 37 25 0.015625
37 38 95 37 27 0.015625
37 38 96 37 27 0.015625
37 38 97 37 27 0.015625
37 38 100 37 28 0.015625
37 38 102 37 29 0.015625
37 38 103 37 30 0.015625
37 38 107 37 52 0.015625
37 38 108 37 52 0.015625
37 38 111 37 53 0.015625
37 38 114 37 56 0.015625
37 38 115 37 57 0.015625
37 38 117 37 58 0.015625
37 38 123 37 61 0.015625
37 38 125 37 61 0.015625
37 38 126 37 62 0.015625
37 38 129 37 62 0.015625
37 38 138 37 65 0.015625
37 38 141 37 6 0.015625
37 38 144 37 7 0.015625
37 38 146 37 8 0.015625
37 38 149 37 10 0.015625
37 38 155 37 26 0.015625
37 38 156 37 27 0.015625
37 38 158 37 28 0.015625
37 38 159 37 29 0.015625
37 38 161 37 30 0.015625
37 38 164 37 53 0.015625
37 38 172 37 57 0.015625
37 38 175 37 58 0.015625
37 38 176 37 58 0.015625
37 38 178 37 60 0.015625
37 38 179 37 61 0.015625
37 38 180 37 61 0.015625
37 38 181 37 62 0.015625
37 38 187 37 8 0.015625
37 38 188 37 9 0.015625
37 59 0 37 59 0.015625
37 59 6 37 29 0.015625
37 59 7 37 30 0.015625
37 59 14 37 25 0.015625
37 59 16 37 27 0.015625
37 59 18 37 28 0.015625
37 59 23 37 30 0.015625
37 59 25 37 52 0.015625
37 59 38 37 57 0.015625
37 59 39 37 57 0.015625
37 59 44 37 60 0.015625
37 59 45 37 60 0.015625
37 59 47 37 61 0.015625
37 59 50 37 61 0.015625
37 59 58 37 62 0.015625
37 59 63 37 64 0.015625
37 59 72 37 7 0.015625
37 59 73 37 9 0.015625
37 59 77 37 24 0.015625
37 59 78 37 25 0.015625
37 59 79 37 27 0.015625
37 59 81 37 30 0.015625
37 59 86 37 55 0.015625
37 59 91 37 63 0.015625
37 59 92 37 64 0.015625
37 59 93 37 6 0.015625
37 59 95 37 7 0.015625
37 59 97 37 7 0.015625
37 59 100 37 27 0.015625
37 59 101 37 29 0.015625
37 59 102 37 52 0.015625
37 59 104 37 53 0.015625
37 59 106 37 53 0.015625
37 59 109 37 56 0.015625
37 59 112 37 57 0.015625
37 59 114 37 58 0.015625
37 59 115 37 58 0.015625
37 59 116 37 58 0.015625
37 59 118 37 58 0.015625
37 59 119 37 60 0.015625
37 59 120 37 60 0.015625
37 59 125 37 64 0.015625
37 59 127 37 65 0.015625
37 59 133 37 53 0.015625
37 59 134 37 53 0.015625
37 59 135 37 53 0.015625
37 59 140 37 55 0.015625
37 59 141 37 56 0.015625
37 59 143 37 56 0.015625
37 59 144 37 56 0.015625
37 59 152 37 58 0.015625
37 59 154 37 58 0.015625
37 59 157 37 30 0.015625
37 59 158 37 30 0.015625
37 59 160 37 61 0.015625
37 59 161 37 61 0.015625
37 59 162 37 62 0.015625
37 59 164 37 62 0.015625
37 59 165 37 64 0.015625
37 59 167 37 30 0.015625
37 59 168 37 52 0.015625
37 59 171 37 61 0.015625
37 59 172 37 63 0.015625
37 59 176 37 27 0.015625
42 14 3 42 68 0.015625
42 14 6 42 71 0.015625
42 14 7 42 72 0.015625
42 14 16 42 77 0.015625
42 14 18 42 79 0.015625
42 14 21 42 12 0.015625
42 14 23 42 12 0.015625
42 14 26 42 13 0.015625
42 14 27 42 13 0.015625
42 14 28 42 13 0.015625
42 14 38 42 16 0.015625
42 14 41 42 16 0.015625
42 14 43 42 17 0.015625
42 14 46 42 67 0.015625
42 14 48 42 67 0.015625
42 14 58 42 72 0.015625
42 14 59 42 45 0.015625
42 14 74 42 50 0.015625
42 14 77 42 73 0.015625
42 14 88 42 49 0.015625
42 14 90 42 51 0.015625
42 14 92 42 51 0.015625
42 14 93 42 73 0.015625
42 14 96 42 74 0.015625
42 14 98 42 75 0.015625
42 14 99 42 76 0.015625
42 14 100 42 76 0.015625
42 14 103 42 78 0.015625
42 14 106 42 79 0.015625
42 14 108 42 79 0.015625
42 14 110 42 13 0.015625
42 14 112 42 15 0.015625
42 14 115 42 16 0.015625
42 14 123 42 45 0.015625
42 14 126 42 47 0.015625
42 14 129 42 48 0.015625
42 14 133 42 51 0.015625
42 14 135 42 74 0.015625
42 14 138 42 74 0.015625
42 14 139 42 74 0.015625
42 14 140 42 75 0.015625
42 14 141 42 75 0.015625
42 14 142 42 75 0.015625
42 14 145 42 77 0.015625
42 14 146 42 77 0.015625
42 14 150 42 79 0.015625
42 14 153 42 15 0.015625
42 14 159 42 45 0.015625
42 14 167 42 47 0.015625
42 14 169 42 47 0.015625
42 14 174 42 50 0.015625
42 14 176 42 51 0.015625
42 14 178 42 73 0.015625
42 14 180 42 79 0.015625
42 14 186 42 45 0.015625
42 14 188 42 48 0.015625
42 14 189 42 48 0.015625
42 14 191 42 76 0.015625
42 14 192 42 12 0.015625
42 14 193 42 15 0.015625
42 14 195 42 16 0.015625
42 14 197 42 48 0.015625
42 14 198 42 51 0.015625
42 14 199 42 15 0.015625
42 36 5 42 13 0.015625
42 36 9 42 15 0.015625
42 36 10 42 15 0.015625
42 36 12 42 16 0.015625
42 36 15 42 16 0.015625
42 36 18 42 17 0.015625
42 36 22 42 67 0.015625
42 36 34 42 74 0.015625
42 36 35 42 75 0.015625
42 36 36 42 75 0.015625
42 36 38 42 76 0.015625
42 36 39 42 76 0.015625
42 36 47 42 79 0.015625
42 36 49 42 79 0.015625
42 36 50 42 79 0.015625
42 36 52 42 79 0.015625
42 36 55 42 15 0.015625
42 36 57 42 16 0.015625
42 36 60 42 69 0.015625
42 36 61 42 69 0.015625
42 36 63 42 70 0.015625
42 36 67 42 45 0.015625
42 36 69 42 47 0.015625
42 36 79 42 51 0.015625
42 36 80 42 51 0.015625
42 36 81 42 73 0.015625
42 36 85 42 75 0.015625
42 36 88 42 76 0.015625
42 36 90 42 76 0.015625
42 36 92 42 76 0.015625
42 36 96 42 79 0.015625
42 36 98 42 13 0.015625
42 36 109 42 66 0.015625
42 36 113 42 67 0.015625
42 36 126 42 45 0.015625
42 36 131 42 47 0.015625
42 36 132 42 47 0.015625
42 36 134 42 47 0.015625
42 36 136 42 47 0.015625
42 36 142 42 49 0.015625
42 36 143 42 49 0.015625
42 36 145 42 49 0.015625
42 36 148 42 51 0.015625
42 36 149 42 51 0.015625
42 36 150 42 51 0.015625
42 36 151 42 73 0.015625
42 36 154 42 75 0.015625
42 36 157 42 76 0.015625
42 36 158 42 76 0.015625
42 36 161 42 12 0.015625
42 36 162 42 12 0.015625
42 36 168 42 15 0.015625
42 36 169 42 16 0.015625
42 36 173 42 68 0.015625
42 36 179 42 45 0.015625
42 36 181 42 45 0.015625
42 36 183 42 45 0.015625
42 36 184 42 46 0.015625
42 36 189 42 49 0.015625
42 36 190 42 51 0.015625
42 36 194 42 47 0.015625
42 36 195 42 47 0.015625
42 36 197 42 48 0.015625
42 36 199 42 16 0.015625
42 38 1 42 74 0.046875
42 38 3 42 76 0.015625
42 38 4 42 77 0.015625
42 38 5 42 78 0.015625
42 38 6 42 79 0.015625
42 38 8 42 13 0.015625
42 38 11 42 16 0.015625
42 38 12 42 17 0.015625
42 38 13 42 66 0.234375
42 38 14 42 67 0.015625
42 38 15 42 68 0.015625
42 38 16 42 69 0.015625
42 38 18 42 71 0.015625
42 38 19 42 72 0.0625
42 38 24 42 49 0.015625
42 38 25 42 50 0.015625
42 38 28 42 51 0.046875
42 38 31 42 76 0.015625
42 38 35 42 79 0.015625
42 38 36 42 79 0.015625
42 38 37 42 79 0.015625
42 38 40 42 79 0.015625
42 38 41 42 12 0.015625
42 38 44 42 12 0.015625
42 38 46 42 13 0.015625
42 38 52 42 15 0.015625
42 38 53 42 15 0.015625
42 38 57 42 16 0.015625
42 38 62 42 67 0.015625
42 38 64 42 68 0.015625
42 38 68 42 48 0.015625
42 38 70 42 49 0.015625
42 38 71 42 50 0.015625
42 38 72 42 51 0.015625
42 38 73 42 76 0.015625
42 38 74 42 78 0.015625
42 38 77 42 74 0.015625
42 38 78 42 74 0.015625
42 38 80 42 15 0.015625
42 38 82 42 67 0.015625
42 38 86 42 49 0.015625
42 38 87 42 73 0.015625
42 38 89 42 17 0.015625
42 59 2 42 14 0.015625
42 59 4 42 16 0.015625
42 59 7 42 15 0.015625
42 59 23 42 71 0.015625
42 59 28 42 75 0.015625
42 59 36 42 79 0.015625
42 59 40 42 12 0.015625
42 59 42 42 13 0.015625
42 59 43 42 13 0.015625
42 59 44 42 13 0.015625
42 59 53 42 15 0.015625
42 59 54 42 15 0.015625
42 59 56 42 16 0.015625
42 59 57 42 16 0.015625
42 59 62 42 67 0.015625
42 59 63 42 67 0.015625
42 59 65 42 68 0.015625
42 59 68 42 70 0.015625
42 59 69 42 71 0.015625
42 59 86 42 51 0.015625
42 59 88 42 51 0.015625
42 59 89 42 73 0.015625
42 59 95 42 75 0.015625
42 59 99 42 75 0.015625
42 59 100 42 76 0.015625
42 59 104 42 76 0.015625
42 59 105 42 76 0.015625
42 59 108 42 78 0.015625
42 59 109 42 79 0.015625
42 59 110 42 79 0.015625
42 59 115 42 67 0.015625
42 59 124 42 72 0.015625
42 59 126 42 45 0.015625
42 59 127 42 45 0.015625
42 59 128 42 45 0.015625
42 59 129 42 45 0.015625
42 59 135 42 47 0.015625
42 59 136 42 47 0.015625
42 59 137 42 48 0.015625
42 59 138 42 48 0.015625
42 59 140 42 48 0.015625
42 59 144 42 49 0.015625
42 59 145 42 49 0.015625
42 59 148 42 50 0.015625
42 59 149 42 50 0.015625
42 59 150 42 51 0.015625
42 59 151 42 51 0.015625
42 59 152 42 51 0.015625
42 59 154 42 51 0.015625
42 59 163 42 78 0.015625
42 59 164 42 79 0.015625
42 59 167 42 79 0.015625
42 59 173 42 67 0.015625
42 59 174 42 70 0.015625
42 59 176 42 72 0.015625
42 59 179 42 46 0.015625
42 59 181 42 46 0.015625
42 59 184 42 47 0.015625
42 59 185 42 48 0.015625
42 59 188 42 12 0.015625
42 59 190 42 16 0.015625
42 59 194 42 72 0.015625
42 59 195 42 47 0.015625
42 59 196 42 47 0.015625
44 14 3 44 68 0.015625
44 14 6 44 71 0.015625
44 14 7 44 72 0.015625
44 14 19 44 79 0.015625
44 14 21 44 12 0.015625
44 14 25 44 13 0.015625
44 14 26 44 13 0.015625
44 14 27 44 13 0.015625
44 14 41 44 16 0.015625
44 14 48 44 67 0.015625
44 14 50 44 68 0.015625
44 14 52 44 68 0.015625
44 14 58 44 72 0.015625
44 14 72 44 49 0.015625
44 14 75 44 50 0.015625
44 14 78 44 50 0.015625
44 14 81 44 73 0.015625
44 14 93 44 49 0.015625
44 14 96 44 51 0.015625
44 14 103 44 76 0.015625
44 14 105 44 77 0.015625
44 14 109 44 78 0.015625
44 14 115 44 13 0.015625
44 14 119 44 15 0.015625
44 14 122 44 16 0.015625
44 14 127 44 68 0.015625
44 14 133 44 47 0.015625
44 14 134 44 48 0.015625
44 14 135 44 48 0.015625
44 14 137 44 50 0.015625
44 14 138 44 51 0.015625
44 14 140 44 51 0.015625
44 14 141 44 74 0.015625
44 14 143 44 74 0.015625
44 14 144 44 74 0.015625
44 14 145 44 74 0.015625
44 14 146 44 75 0.015625
44 14 147 44 75 0.015625
44 14 148 44 75 0.015625
44 14 151 44 77 0.015625
44 14 152 44 78 0.015625
44 14 154 44 12 0.015625
44 14 157 44 15 0.015625
44 14 158 44 15 0.015625
44 14 161 44 70 0.015625
44 14 163 44 71 0.015625
44 14 164 44 72 0.015625
44 14 165 44 45 0.015625
44 14 170 44 46 0.015625
44 14 173 44 47 0.015625
44 14 176 44 47 0.015625
44 14 180 44 50 0.015625
44 14 182 44 73 0.015625
44 14 184 44 79 0.015625
44 14 185 44 12 0.015625
44 14 189 44 68 0.015625
44 14 190 44 45 0.015625
44 14 191 44 46 0.015625
44 14 192 44 48 0.015625
44 14 193 44 48 0.015625
44 14 195 44 76 0.015625
44 14 196 44 15 0.015625
44 14 197 44 16 0.015625
44 14 199 44 51 0.015625
44 36 4 44 13 0.015625
44 36 5 44 13 0.015625
44 36 16 44 16 0.015625
44 36 19 44 16 0.015625
44 36 27 44 67 0.015625
44 36 28 44 68 0.015625
44 36 30 44 68 0.015625
44 36 36 44 71 0.015625
44 36 40 44 75 0.015625
44 36 42 44 76 0.015625
44 36 43 44 76 0.015625
44 36 47 44 78 0.015625
44 36 53 44 79 0.015625
44 36 56 44 15 0.015625
44 36 58 44 16 0.015625
44 36 62 44 69 0.015625
44 36 63 44 69 0.015625
44 36 65 44 70 0.015625
44 36 67 44 45 0.015625
44 36 68 44 46 0.015625
44 36 71 44 47 0.015625
44 36 76 44 50 0.015625
44 36 78 44 50 0.015625
44 36 79 44 50 0.015625
44 36 82 44 51 0.015625
44 36 83 44 51 0.015625
44 36 84 44 73 0.015625
44 36 88 44 75 0.015625
44 36 98 44 12 0.015625
44 36 100 44 13 0.015625
44 36 106 44 15 0.015625
44 36 113 44 67 0.015625
44 36 117 44 68 0.015625
44 36 127 44 46 0.015625
44 36 131 44 47 0.015625
44 36 132 44 47 0.015625
44 36 134 44 47 0.015625
44 36 136 44 48 0.015625
44 36 141 44 49 0.015625
44 36 144 44 50 0.015625
44 36 145 44 51 0.015625
44 36 146 44 51 0.015625
44 36 147 44 51 0.015625
44 36 148 44 51 0.015625
44 36 149 44 73 0.015625
44 36 154 44 76 0.015625
44 36 157 44 12 0.015625
44 36 158 44 12 0.015625
44 36 159 44 12 0.015625
44 36 160 44 13 0.015625
44 36 165 44 16 0.015625
44 36 169 44 68 0.015625
44 36 171 44 70 0.015625
44 36 177 44 45 0.015625
44 36 179 44 46 0.015625
44 36 180 44 46 0.015625
44 36 183 44 48 0.015625
44 36 185 44 49 0.015625
44 36 186 44 50 0.015625
44 36 187 44 51 0.015625
44 36 191 44 70 0.015625
44 36 195 44 47 0.015625
44 36 197 44 48 0.015625
44 36 199 44 16 0.015625
44 38 1 44 74 0.046875
44 38 3 44 76 0.015625
44 38 4 44 77 0.015625
44 38 5 44 78 0.015625
44 38 6 44 79 0.015625
44 38 7 44 12 0.015625
44 38 8 44 13 0.015625
44 38 11 44 16 0.015625
44 38 12 44 17 0.015625
44 38 13 44 66 0.078125
44 38 14 44 67 0.015625
44 38 15 44 68 0.03125
44 38 16 44 69 0.015625
44 38 18 44 71 0.015625
44 38 19 44 72 0.078125
44 38 24 44 49 0.015625
44 38 25 44 50 0.015625
44 38 27 44 48 0.0625
44 38 28 44 48 0.015625
44 38 29 44 51 0.046875
44 38 30 44 74 0.015625
44 38 32 44 75 0.015625
44 38 39 44 78 0.015625
44 38 41 44 79 0.015625
44 38 42 44 12 0.015625
44 38 43 44 12 0.015625
44 38 46 44 13 0.015625
44 38 47 44 13 0.015625
44 38 60 44 66 0.03125
44 38 61 44 66 0.015625
44 38 64 44 68 0.015625
44 38 67 44 71 0.015625
44 38 69 44 48 0.03125
44 38 70 44 48 0.015625
44 38 71 44 49 0.015625
44 38 72 44 49 0.015625
44 38 73 44 50 0.015625
44 38 74 44 50 0.015625
44 38 77 44 74 0.015625
44 38 79 44 15 0.015625
44 38 81 44 66 0.015625
44 38 82 44 67 0.015625
44 38 84 44 71 0.015625
44 38 86 44 17 0.015625
44 38 88 44 67 0.015625
44 38 89 44 71 0.015625
44 59 2 44 14 0.015625
44 59 4 44 16 0.015625
44 59 19 44 68 0.015625
44 59 21 44 68 0.015625
44 59 29 44 71 0.015625
44 59 31 44 75 0.015625
44 59 37 44 12 0.015625
44 59 38 44 12 0.015625
44 59 39 44 12 0.015625
44 59 42 44 13 0.015625
44 59 43 44 13 0.015625
44 59 44 44 13 0.015625
44 59 51 44 15 0.015625
44 59 55 44 16 0.015625
44 59 56 44 17 0.015625
44 59 62 44 67 0.015625
44 59 63 44 67 0.015625
44 59 65 44 68 0.015625
44 59 66 44 68 0.015625
44 59 69 44 70 0.015625
44 59 70 44 71 0.015625
44 59 78 44 48 0.015625
44 59 88 44 51 0.015625
44 59 90 44 51 0.015625
44 59 99 44 76 0.015625
44 59 105 44 77 0.015625
44 59 107 44 78 0.015625
44 59 113 44 67 0.015625
44 59 116 44 69 0.015625
44 59 122 44 71 0.015625
44 59 126 44 45 0.015625
44 59 127 44 45 0.015625
44 59 128 44 45 0.015625
44 59 130 44 46 0.015625
44 59 134 44 47 0.015625
44 59 136 44 47 0.015625
44 59 137 44 47 0.015625
44 59 139 44 48 0.015625
44 59 140 44 48 0.015625
44 59 142 44 48 0.015625
44 59 143 44 49 0.015625
44 59 145 44 49 0.015625
44 59 146 44 50 0.015625
44 59 147 44 50 0.015625
44 59 148 44 50 0.015625
44 59 150 44 51 0.015625
44 59 151 44 51 0.015625
44 59 153 44 51 0.015625
44 59 162 44 78 0.015625
44 59 163 44 79 0.015625
44 59 165 44 13 0.015625
44 59 172 44 72 0.015625
44 59 175 44 46 0.015625
44 59 177 44 46 0.015625
44 59 178 44 46 0.015625
44 59 179 44 47 0.015625
44 59 181 44 48 0.015625
44 59 182 44 51 0.015625
44 59 183 44 12 0.015625
44 59 185 44 16 0.015625
44 59 191 44 72 0.015625
44 59 192 44 47 0.015625
44 59 193 44 47 0.015625
44 59 197 44 70 0.015625
53 14 2 53 24 0.015625
53 14 6 53 25 0.015625
53 14 8 53 26 0.015625
53 14 10 53 27 0.015625
53 14 11 53 27 0.015625
53 14 13 53 28 0.015625
53 14 14 53 28 0.015625
53 14 28 53 33 0.015625
53 14 31 53 34 0.015625
53 14 48 53 25 0.015625
53 14 49 53 27 0.015625
53 14 52 53 1 0.015625
53 14 61 53 4 0.015625
53 14 66 53 5 0.015625
53 14 69 53 31 0.015625
53 14 74 53 37 0.015625
53 14 75 53 18 0.015625
53 14 76 53 18 0.015625
53 14 77 53 18 0.015625
53 14 78 53 18 0.015625
53 14 84 53 20 0.015625
53 14 85 53 21 0.015625
53 14 86 53 21 0.015625
53 14 92 53 22 0.015625
53 14 93 53 22 0.015625
53 14 101 53 0 0.015625
53 14 102 53 24 0.015625
53 14 107 53 26 0.015625
53 14 112 53 29 0.015625
53 14 114 53 2 0.015625
53 14 118 53 4 0.015625
53 14 122 53 5 0.015625
53 14 125 53 31 0.015625
53 14 129 53 33 0.015625
53 14 131 53 33 0.015625
53 14 134 53 35 0.015625
53 14 137 53 37 0.015625
53 14 138 53 18 0.015625
53 14 139 53 18 0.015625
53 14 145 53 20 0.015625
53 14 146 53 21 0.015625
53 14 150 53 22 0.015625
53 14 154 53 25 0.015625
53 14 155 53 25 0.015625
53 14 156 53 26 0.015625
53 14 157 53 27 0.015625
53 14 160 53 28 0.015625
53 14 165 53 1 0.015625
53 14 167 53 3 0.015625
53 14 170 53 3 0.015625
53 14 171 53 4 0.015625
53 14 178 53 20 0.015625
53 14 179 53 21 0.015625
53 14 182 53 22 0.015625
53 14 183 53 25 0.015625
53 14 186 53 28 0.015625
53 14 188 53 3 0.015625
53 14 189 53 4 0.015625
53 14 190 53 31 0.015625
53 14 191 53 34 0.015625
53 14 192 53 35 0.015625
53 14 197 53 4 0.015625
53 14 198 53 31 0.015625
53 14 199 53 35 0.015625
53 36 0 53 36 0.015625
53 36 1 53 24 0.015625
53 36 10 53 24 0.015625
53 36 14 53 25 0.015625
53 36 15 53 25 0.015625
53 36 25 53 1 0.015625
53 36 30 53 2 0.015625
53 36 32 53 3 0.015625
53 36 41 53 31 0.015625
53 36 49 53 33 0.015625
53 36 52 53 33 0.015625
53 36 54 53 34 0.015625
53 36 57 53 34 0.015625
53 36 60 53 34 0.015625
53 36 63 53 35 0.015625
53 36 83 53 25 0.015625
53 36 84 53 30 0.015625
53 36 85 53 1 0.015625
53 36 88 53 25 0.015625
53 36 90 53 27 0.015625
53 36 97 53 3 0.015625
53 36 101 53 4 0.015625
53 36 102 53 31 0.015625
53 36 104 53 34 0.015625
53 36 105 53 34 0.015625
53 36 108 53 37 0.015625
53 36 109 53 37 0.015625
53 36 112 53 18 0.015625
53 36 117 53 20 0.015625
53 36 120 53 20 0.015625
53 36 121 53 20 0.015625
53 36 136 53 0 0.015625
53 36 137 53 25 0.015625
53 36 138 53 27 0.015625
53 36 139 53 27 0.015625
53 36 143 53 1 0.015625
53 36 146 53 3 0.015625
53 36 149 53 4 0.015625
53 36 150 53 4 0.015625
53 36 154 53 5 0.015625
53 36 157 53 18 0.015625
53 36 158 53 19 0.015625
53 36 161 53 21 0.015625
53 36 162 53 21 0.015625
53 36 163 53 21 0.015625
53 36 164 53 21 0.015625
53 36 165 53 22 0.015625
53 36 167 53 23 0.015625
53 36 169 53 0 0.015625
53 36 171 53 28 0.015625
53 36 172 53 1 0.015625
53 36 175 53 4 0.015625
53 36 178 53 31 0.015625
53 36 179 53 35 0.015625
53 36 180 53 37 0.015625
53 36 181 53 18 0.015625
53 36 184 53 22 0.015625
53 36 186 53 24 0.015625
53 36 188 53 28 0.015625
53 36 189 53 28 0.015625
53 36 190 53 3 0.015625
53 36 191 53 4 0.015625
53 36 194 53 31 0.015625
53 36 199 53 35 0.015625
53 38 5 53 3 0.015625
53 38 19 53 21 0.015625
53 38 31 53 23 0.015625
53 38 36 53 0 0.015625
53 38 38 53 24 0.015625
53 38 39 53 24 0.015625
53 38 41 53 25 0.015625
53 38 43 53 27 0.015625
53 38 45 53 27 0.015625
53 38 46 53 27 0.015625
53 38 50 53 28 0.015625
53 38 57 53 5 0.015625
53 38 59 53 31 0.015625
53 38 66 53 33 0.015625
53 38 68 53 33 0.015625
53 38 69 53 34 0.015625
53 38 73 53 35 0.015625
53 38 80 53 37 0.015625
53 38 81 53 37 0.015625
53 38 85 53 18 0.015625
53 38 86 53 18 0.015625
53 38 88 53 21 0.015625
53 38 89 53 22 0.015625
53 38 90 53 22 0.015625
53 38 92 53 0 0.015625
53 38 93 53 0 0.015625
53 38 95 53 24 0.015625
53 38 97 53 25 0.015625
53 38 100 53 25 0.015625
53 38 102 53 25 0.015625
53 38 103 53 25 0.015625
53 38 104 53 27 0.015625
53 38 105 53 27 0.015625
53 38 108 53 27 0.015625
53 38 113 53 29 0.015625
53 38 116 53 30 0.015625
53 38 122 53 1 0.015625
53 38 127 53 3 0.015625
53 38 129 53 4 0.015625
53 38 130 53 4 0.015625
53 38 131 53 4 0.015625
53 38 136 53 5 0.015625
53 38 140 53 32 0.015625
53 38 144 53 33 0.015625
53 38 146 53 34 0.015625
53 38 147 53 34 0.015625
53 38 151 53 35 0.015625
53 38 156 53 18 0.015625
53 38 158 53 20 0.015625
53 38 159 53 21 0.015625
53 38 164 53 27 0.015625
53 38 166 53 28 0.015625
53 38 167 53 1 0.015625
53 38 170 53 3 0.015625
53 38 171 53 3 0.015625
53 38 173 53 31 0.015625
53 38 175 53 33 0.015625
53 38 180 53 20 0.015625
53 38 181 53 20 0.015625
53 38 185 53 26 0.015625
53 38 189 53 4 0.015625
53 38 192 53 31 0.015625
53 38 194 53 34 0.015625
53 38 198 53 4 0.015625
53 59 5 53 29 0.015625
53 59 6 53 30 0.015625
53 59 9 53 33 0.015625
53 59 13 53 37 0.015625
53 59 21 53 5 0.015625
53 59 23 53 31 0.015625
53 59 25 53 33 0.015625
53 59 28 53 34 0.015625
53 59 32 53 0 0.015625
53 59 33 53 24 0.015625
53 59 34 53 25 0.015625
53 59 35 53 25 0.015625
53 59 39 53 26 0.015625
53 59 40 53 27 0.015625
53 59 46 53 1 0.015625
53 59 54 53 34 0.015625
53 59 55 53 35 0.015625
53 59 56 53 37 0.015625
53 59 58 53 20 0.015625
53 59 59 53 22 0.015625
53 59 62 53 22 0.015625
53 59 70 53 1 0.015625
53 59 72 53 3 0.015625
53 59 75 53 4 0.015625
53 59 92 53 20 0.015625
53 59 96 53 20 0.015625
53 59 97 53 21 0.015625
53 59 103 53 22 0.015625
53 59 104 53 22 0.015625
53 59 108 53 22 0.015625
53 59 111 53 0 0.015625
53 59 112 53 25 0.015625
53 59 113 53 25 0.015625
53 59 119 53 30 0.015625
53 59 120 53 1 0.015625
53 59 123 53 1 0.015625
53 59 124 53 2 0.015625
53 59 125 53 2 0.015625
53 59 129 53 4 0.015625
53 59 130 53 4 0.015625
53 59 133 53 5 0.015625
53 59 134 53 31 0.015625
53 59 136 53 18 0.015625
53 59 137 53 18 0.015625
53 59 143 53 21 0.015625
53 59 144 53 21 0.015625
53 59 145 53 22 0.015625
53 59 146 53 22 0.015625
53 59 148 53 23 0.015625
53 59 152 53 0 0.015625
53 59 154 53 27 0.015625
53 59 155 53 28 0.015625
53 59 156 53 28 0.015625
53 59 157 53 28 0.015625
53 59 158 53 3 0.015625
53 59 162 53 4 0.015625
53 59 163 53 4 0.015625
53 59 167 53 37 0.015625
53 59 170 53 19 0.015625
53 59 171 53 21 0.015625
53 59 172 53 22 0.015625
53 59 174 53 4 0.015625
53 59 176 53 27 0.015625
53 59 177 53 20 0.015625
