31_0_0_100_0_0 25 75 0.536507 0.18263 1.16336 10.1143 69.4555 4.73553
31_0_0_100_0_0 25 75 50 140222 4832818500 34465.5 2804.44 96656370 5.64904e+08
31_0_0_100_1_1 25 75 0.536507 0.18263 1.16336 10.1143 69.4555 4.73553
31_0_0_100_1_1 25 75 50 140222 4832818500 34465.5 2804.44 96656370 5.64904e+08
31_0_0_100_2_2 25 75 0.521772 0.17683 1.11124 9.83235 78.5444 4.41584
31_0_0_100_2_2 25 75 50 139713 4864687500 34819.1 2794.26 97293750 6.46468e+08
31_0_0_100_3_3 25 75 0.520533 0.18057 1.11366 9.68034 80.6298 4.44128
31_0_0_100_3_3 25 75 50 139711 4846098000 34686.6 2794.22 96921960 6.3391e+08
31_0_0_100_4_4 25 75 0.550953 0.182027 1.23747 10.1628 83.3169 4.91546
31_0_0_100_4_4 25 75 50 139547 4940004000 35400.3 2790.94 98800080 6.78614e+08
31_0_0_100_5_5 25 75 0.50439 0.178092 1.05727 9.69428 73.7462 4.25486
31_0_0_100_5_5 25 75 50 139764 4859814000 34771.6 2795.28 97196280 5.96378e+08
31_0_0_100_6_6 25 75 0.513045 0.174544 1.04814 9.9959 75.2422 4.30376
31_0_0_100_6_6 25 75 50 139877 4788730500 34235.3 2797.54 95774610 5.8568e+08
31_0_0_100_7_7 25 75 0.529448 0.177605 1.10687 9.93142 82.323 4.5436
31_0_0_100_7_7 25 75 50 139914 4860016500 34735.7 2798.28 97200330 6.72402e+08
31_0_0_100_8_8 25 75 0.531309 0.178057 1.12203 10.0781 79.6834 4.58287
31_0_0_100_8_8 25 75 50 139880 4943866500 35343.6 2797.6 98877330 6.79058e+08
31_0_0_100_9_9 25 75 0.52269 0.181005 1.13597 9.84646 99.7734 4.51534
31_0_0_100_9_9 25 75 50 139481 4889757000 35056.8 2789.62 97795140 6.2317e+08
