0 1 1 0 25 0.015625
0 1 2 0 26 0.03125
0 1 6 0 30 0.015625
0 1 7 0 73 0.03125
0 1 8 0 74 0.046875
0 1 9 0 75 0.046875
0 1 10 0 76 0.03125
0 1 11 0 77 0.03125
0 1 12 0 78 0.046875
0 1 13 0 79 0.046875
0 1 14 0 52 0.046875
0 1 15 0 53 0.0625
0 1 16 0 54 0.0625
0 1 17 0 55 0.046875
0 1 18 0 56 0.0625
0 1 19 0 57 0.0625
0 1 20 0 58 0.0625
0 1 21 0 18 0.046875
0 1 22 0 19 0.046875
0 1 23 0 20 0.046875
0 1 24 0 21 0.046875
0 1 25 0 22 0.046875
0 1 46 0 77 0.015625
1 2 1 1 25 0.046875
1 2 2 1 26 0.046875
1 2 5 1 29 0.03125
1 2 6 1 30 0.03125
1 2 7 1 73 0.046875
1 2 8 1 74 0.03125
1 2 9 1 75 0.046875
1 2 10 1 76 0.03125
1 2 11 1 77 0.03125
1 2 12 1 78 0.03125
1 2 13 1 79 0.046875
1 2 14 1 52 0.046875
1 2 15 1 53 0.046875
1 2 16 1 54 0.046875
1 2 17 1 55 0.046875
1 2 18 1 56 0.046875
1 2 19 1 57 0.046875
1 2 20 1 58 0.046875
1 2 21 1 18 0.03125
1 2 22 1 19 0.046875
1 2 23 1 20 0.046875
1 2 24 1 21 0.046875
1 2 25 1 22 0.046875
1 2 26 1 23 0.03125
2 3 1 2 25 0.03125
2 3 2 2 26 0.046875
2 3 5 2 29 0.015625
2 3 6 2 30 0.03125
2 3 7 2 73 0.03125
2 3 8 2 74 0.046875
2 3 9 2 75 0.046875
2 3 10 2 76 0.046875
2 3 11 2 77 0.03125
2 3 12 2 78 0.046875
2 3 13 2 79 0.046875
2 3 14 2 52 0.046875
2 3 15 2 53 0.046875
2 3 16 2 54 0.046875
2 3 17 2 55 0.046875
2 3 18 2 56 0.046875
2 3 19 2 57 0.046875
2 3 20 2 58 0.046875
2 3 21 2 18 0.03125
2 3 22 2 19 0.046875
2 3 23 2 20 0.03125
2 3 24 2 21 0.046875
2 3 25 2 22 0.046875
2 3 26 2 23 0.03125
2 3 27 2 73 0.015625
3 4 0 3 24 0.03125
3 4 1 3 25 0.03125
3 4 2 3 26 0.03125
3 4 3 3 27 0.03125
3 4 6 3 30 0.03125
3 4 7 3 73 0.03125
3 4 8 3 74 0.03125
3 4 9 3 75 0.046875
3 4 10 3 76 0.046875
3 4 11 3 77 0.03125
3 4 12 3 78 0.046875
3 4 13 3 79 0.046875
3 4 14 3 52 0.046875
3 4 15 3 53 0.03125
3 4 16 3 54 0.046875
3 4 17 3 55 0.046875
3 4 18 3 56 0.046875
3 4 19 3 57 0.046875
3 4 20 3 58 0.046875
3 4 21 3 18 0.046875
3 4 22 3 19 0.03125
3 4 23 3 20 0.015625
3 4 24 3 21 0.046875
3 4 25 3 22 0.046875
3 4 26 3 23 0.046875
3 4 27 3 53 0.015625
4 1 1 4 25 0.0625
4 1 2 4 26 0.015625
4 1 3 4 27 0.0625
4 1 4 4 28 0.078125
4 1 5 4 29 0.015625
4 1 6 4 30 0.03125
4 1 7 4 73 0.015625
4 1 8 4 74 0.015625
4 1 9 4 75 0.03125
4 1 10 4 76 0.015625
4 1 11 4 77 0.015625
4 1 12 4 78 0.015625
4 1 13 4 79 0.0625
4 1 14 4 52 0.015625
4 1 15 4 53 0.015625
4 1 16 4 54 0.015625
4 1 17 4 55 0.03125
4 1 18 4 56 0.015625
4 1 19 4 57 0.015625
4 1 21 4 18 0.015625
4 1 22 4 19 0.0625
4 1 23 4 20 0.046875
4 1 24 4 21 0.03125
4 1 25 4 22 0.015625
4 1 26 4 23 0.09375
4 1 31 4 27 0.015625
4 1 32 4 27 0.015625
4 1 40 4 73 0.015625
4 1 41 4 73 0.015625
4 1 43 4 74 0.015625
4 1 46 4 75 0.015625
4 1 50 4 77 0.015625
4 1 54 4 79 0.015625
4 1 63 4 19 0.015625
4 1 65 4 22 0.015625
4 1 66 4 22 0.015625
4 1 75 4 19 0.015625
4 5 0 4 24 0.03125
4 5 1 4 25 0.03125
4 5 2 4 26 0.046875
4 5 3 4 27 0.03125
4 5 4 4 28 0.03125
4 5 5 4 29 0.03125
4 5 6 4 30 0.03125
4 5 7 4 73 0.03125
4 5 8 4 74 0.03125
4 5 9 4 75 0.03125
4 5 10 4 76 0.046875
4 5 11 4 77 0.03125
4 5 12 4 78 0.03125
4 5 13 4 79 0.03125
4 5 14 4 52 0.046875
4 5 15 4 53 0.046875
4 5 16 4 54 0.03125
4 5 17 4 55 0.046875
4 5 18 4 56 0.046875
4 5 19 4 57 0.046875
4 5 20 4 58 0.046875
4 5 21 4 18 0.046875
4 5 22 4 19 0.03125
4 5 23 4 20 0.03125
4 5 24 4 21 0.03125
4 5 25 4 22 0.03125
4 5 26 4 23 0.03125
4 5 45 4 75 0.015625
5 0 2 5 26 0.015625
5 0 3 5 27 0.015625
5 0 5 5 29 0.015625
5 0 7 5 73 0.015625
5 0 8 5 74 0.015625
5 0 9 5 75 0.015625
5 0 10 5 76 0.0625
5 0 11 5 77 0.0625
5 0 12 5 78 0.015625
5 0 13 5 79 0.015625
5 0 14 5 52 0.078125
5 0 15 5 53 0.015625
5 0 16 5 54 0.03125
5 0 17 5 55 0.015625
5 0 18 5 56 0.125
5 0 19 5 57 0.015625
5 0 20 5 58 0.046875
5 0 21 5 18 0.046875
5 0 22 5 19 0.015625
5 0 23 5 20 0.03125
5 0 24 5 21 0.0625
5 0 25 5 22 0.046875
5 0 26 5 23 0.078125
5 0 29 5 56 0.015625
5 0 40 5 73 0.015625
5 0 42 5 74 0.015625
5 0 43 5 75 0.015625
5 0 59 5 20 0.015625
5 0 64 5 23 0.0625
5 6 4 5 25 0.015625
5 6 6 5 25 0.015625
5 6 7 5 25 0.015625
5 6 10 5 26 0.015625
5 6 12 5 26 0.015625
5 6 13 5 26 0.015625
5 6 16 5 27 0.015625
5 6 23 5 29 0.015625
5 6 24 5 29 0.015625
5 6 25 5 30 0.015625
5 6 26 5 30 0.015625
5 6 29 5 30 0.015625
5 6 30 5 52 0.015625
5 6 31 5 53 0.015625
5 6 32 5 53 0.015625
5 6 33 5 53 0.015625
5 6 34 5 54 0.015625
5 6 35 5 54 0.015625
5 6 39 5 55 0.015625
5 6 42 5 56 0.015625
5 6 43 5 57 0.015625
5 6 46 5 57 0.015625
5 6 47 5 58 0.03125
5 6 48 5 58 0.015625
5 6 54 5 73 0.015625
5 6 55 5 73 0.03125
5 6 59 5 74 0.03125
5 6 60 5 75 0.03125
5 6 61 5 75 0.015625
5 6 62 5 76 0.03125
5 6 63 5 77 0.015625
5 6 64 5 78 0.015625
5 6 65 5 78 0.015625
5 6 67 5 78 0.015625
5 6 68 5 79 0.03125
5 6 70 5 52 0.015625
5 6 72 5 54 0.015625
5 6 74 5 57 0.015625
5 6 76 5 18 0.015625
5 6 78 5 19 0.015625
5 6 80 5 19 0.015625
5 6 81 5 19 0.015625
5 6 84 5 20 0.015625
5 6 87 5 21 0.03125
5 6 88 5 22 0.015625
5 6 90 5 23 0.015625
5 6 105 5 74 0.015625
5 6 128 5 55 0.015625
5 6 135 5 18 0.015625
5 6 139 5 20 0.015625
5 6 143 5 22 0.015625
5 6 148 5 29 0.015625
5 6 155 5 77 0.015625
5 6 161 5 79 0.015625
5 6 166 5 54 0.015625
5 6 171 5 18 0.015625
5 6 176 5 22 0.015625
6 0 1 6 59 0.015625
6 0 2 6 59 0.015625
6 0 3 6 60 0.015625
6 0 4 6 61 0.015625
6 0 8 6 63 0.03125
6 0 15 6 31 0.015625
6 0 16 6 32 0.015625
6 0 17 6 32 0.015625
6 0 18 6 32 0.015625
6 0 20 6 33 0.03125
6 0 21 6 33 0.015625
6 0 23 6 33 0.015625
6 0 25 6 34 0.015625
6 0 26 6 34 0.03125
6 0 27 6 34 0.03125
6 0 30 6 35 0.015625
6 0 32 6 35 0.03125
6 0 34 6 35 0.015625
6 0 39 6 36 0.015625
6 0 40 6 36 0.015625
6 0 41 6 36 0.015625
6 0 42 6 36 0.015625
6 0 48 6 37 0.03125
6 0 49 6 37 0.03125
6 0 51 6 59 0.015625
6 0 56 6 31 0.015625
6 0 63 6 67 0.046875
6 0 64 6 67 0.015625
6 0 65 6 67 0.015625
6 0 66 6 68 0.015625
6 0 67 6 68 0.015625
6 0 68 6 69 0.015625
6 0 70 6 69 0.015625
6 0 71 6 69 0.015625
6 0 73 6 69 0.03125
6 0 74 6 70 0.03125
6 0 76 6 70 0.015625
6 0 77 6 70 0.015625
6 0 78 6 70 0.015625
6 0 80 6 71 0.015625
6 0 81 6 72 0.015625
6 0 82 6 72 0.015625
6 0 85 6 12 0.015625
6 0 88 6 13 0.015625
6 0 90 6 15 0.015625
6 0 95 6 17 0.015625
6 0 100 6 61 0.015625
6 0 126 6 66 0.015625
6 0 136 6 12 0.015625
6 0 142 6 16 0.015625
6 0 151 6 64 0.03125
6 0 172 6 14 0.015625
6 7 0 6 59 0.046875
6 7 1 6 60 0.046875
6 7 2 6 61 0.046875
6 7 3 6 62 0.046875
6 7 4 6 63 0.046875
6 7 5 6 64 0.03125
6 7 6 6 65 0.046875
6 7 7 6 31 0.046875
6 7 8 6 32 0.03125
6 7 9 6 33 0.015625
6 7 10 6 34 0.015625
6 7 11 6 35 0.015625
6 7 12 6 36 0.03125
6 7 13 6 37 0.015625
6 7 14 6 66 0.0625
6 7 15 6 67 0.015625
6 7 16 6 68 0.046875
6 7 18 6 70 0.015625
6 7 19 6 71 0.046875
6 7 20 6 72 0.03125
6 7 21 6 12 0.03125
6 7 22 6 13 0.03125
6 7 23 6 14 0.046875
6 7 24 6 15 0.046875
6 7 25 6 16 0.046875
6 7 26 6 17 0.046875
6 7 31 6 62 0.015625
6 7 51 6 69 0.015625
6 7 60 6 13 0.015625
7 8 0 7 59 0.046875
7 8 1 7 60 0.046875
7 8 2 7 61 0.046875
7 8 3 7 62 0.046875
7 8 4 7 63 0.03125
7 8 5 7 64 0.046875
7 8 6 7 65 0.046875
7 8 7 7 31 0.03125
7 8 8 7 32 0.03125
7 8 9 7 33 0.03125
7 8 10 7 34 0.03125
7 8 11 7 35 0.03125
7 8 12 7 36 0.03125
7 8 13 7 37 0.03125
7 8 14 7 66 0.046875
7 8 15 7 67 0.03125
7 8 16 7 68 0.03125
7 8 17 7 69 0.03125
7 8 18 7 70 0.03125
7 8 19 7 71 0.03125
7 8 20 7 72 0.015625
7 8 21 7 12 0.046875
7 8 22 7 13 0.03125
7 8 23 7 14 0.03125
7 8 24 7 15 0.046875
7 8 25 7 16 0.046875
7 8 26 7 17 0.03125
7 8 69 7 72 0.015625
8 9 0 8 59 0.046875
8 9 1 8 60 0.046875
8 9 2 8 61 0.046875
8 9 3 8 62 0.046875
8 9 4 8 63 0.046875
8 9 5 8 64 0.046875
8 9 6 8 65 0.046875
8 9 7 8 31 0.03125
8 9 8 8 32 0.03125
8 9 9 8 33 0.03125
8 9 10 8 34 0.03125
8 9 11 8 35 0.03125
8 9 12 8 36 0.03125
8 9 13 8 37 0.03125
8 9 14 8 66 0.046875
8 9 15 8 67 0.03125
8 9 16 8 68 0.03125
8 9 17 8 69 0.03125
8 9 18 8 70 0.03125
8 9 19 8 71 0.03125
8 9 20 8 72 0.03125
8 9 21 8 12 0.046875
8 9 22 8 13 0.046875
8 9 23 8 14 0.03125
8 9 24 8 15 0.03125
8 9 25 8 16 0.03125
8 9 26 8 17 0.03125
9 4 0 9 59 0.015625
9 4 1 9 59 0.015625
9 4 2 9 59 0.015625
9 4 3 9 60 0.015625
9 4 5 9 61 0.015625
9 4 6 9 61 0.015625
9 4 7 9 61 0.015625
9 4 8 9 61 0.015625
9 4 9 9 62 0.015625
9 4 10 9 63 0.015625
9 4 11 9 63 0.015625
9 4 12 9 63 0.015625
9 4 13 9 64 0.015625
9 4 14 9 64 0.015625
9 4 15 9 65 0.015625
9 4 16 9 65 0.015625
9 4 17 9 31 0.015625
9 4 18 9 31 0.015625
9 4 19 9 32 0.015625
9 4 20 9 32 0.015625
9 4 21 9 33 0.015625
9 4 22 9 33 0.015625
9 4 26 9 34 0.015625
9 4 28 9 35 0.015625
9 4 30 9 35 0.015625
9 4 34 9 35 0.015625
9 4 36 9 36 0.015625
9 4 37 9 36 0.015625
9 4 38 9 36 0.015625
9 4 39 9 36 0.015625
9 4 40 9 37 0.03125
9 4 42 9 37 0.015625
9 4 43 9 37 0.015625
9 4 52 9 34 0.015625
9 4 54 9 34 0.015625
9 4 56 9 66 0.03125
9 4 57 9 66 0.015625
9 4 59 9 67 0.015625
9 4 60 9 67 0.015625
9 4 61 9 67 0.015625
9 4 62 9 68 0.015625
9 4 65 9 69 0.015625
9 4 67 9 69 0.015625
9 4 68 9 69 0.015625
9 4 70 9 70 0.015625
9 4 71 9 70 0.015625
9 4 73 9 72 0.015625
9 4 74 9 72 0.015625
9 4 75 9 72 0.015625
9 4 76 9 72 0.015625
9 4 77 9 72 0.015625
9 4 78 9 72 0.015625
9 4 83 9 14 0.015625
9 4 85 9 17 0.03125
9 4 88 9 17 0.015625
9 4 99 9 63 0.015625
9 4 102 9 64 0.015625
9 4 108 9 31 0.015625
9 4 128 9 69 0.015625
9 4 133 9 72 0.015625
9 4 138 9 12 0.015625
9 10 0 9 59 0.046875
9 10 1 9 60 0.046875
9 10 2 9 61 0.03125
9 10 3 9 62 0.0625
9 10 4 9 63 0.046875
9 10 5 9 64 0.03125
9 10 6 9 65 0.0625
9 10 7 9 31 0.015625
9 10 8 9 32 0.03125
9 10 9 9 33 0.015625
9 10 10 9 34 0.015625
9 10 11 9 35 0.015625
9 10 12 9 36 0.03125
9 10 13 9 37 0.015625
9 10 14 9 66 0.03125
9 10 15 9 67 0.03125
9 10 16 9 68 0.046875
9 10 17 9 69 0.03125
9 10 18 9 70 0.03125
9 10 19 9 71 0.046875
9 10 20 9 72 0.015625
9 10 21 9 12 0.046875
9 10 22 9 13 0.0625
9 10 23 9 14 0.046875
9 10 24 9 15 0.046875
9 10 25 9 16 0.03125
9 10 26 9 17 0.015625
9 10 30 9 35 0.015625
9 10 33 9 16 0.015625
9 10 56 9 37 0.015625
10 6 0 10 59 0.03125
10 6 1 10 60 0.0625
10 6 2 10 61 0.078125
10 6 3 10 62 0.046875
10 6 4 10 63 0.0625
10 6 5 10 64 0.015625
10 6 6 10 65 0.0625
10 6 7 10 31 0.015625
10 6 8 10 32 0.015625
10 6 9 10 33 0.015625
10 6 10 10 34 0.015625
10 6 11 10 35 0.015625
10 6 14 10 66 0.09375
10 6 15 10 67 0.015625
10 6 16 10 68 0.0625
10 6 17 10 69 0.015625
10 6 19 10 71 0.015625
10 6 20 10 72 0.015625
10 6 21 10 12 0.046875
10 6 22 10 13 0.0625
10 6 23 10 14 0.078125
10 6 24 10 15 0.046875
10 6 25 10 16 0.015625
10 6 26 10 17 0.046875
10 6 63 10 69 0.015625
10 6 65 10 69 0.015625
10 6 66 10 71 0.015625
10 7 0 10 59 0.0625
10 7 1 10 60 0.015625
10 7 2 10 61 0.015625
10 7 3 10 62 0.015625
10 7 4 10 63 0.015625
10 7 5 10 64 0.046875
10 7 6 10 65 0.015625
10 7 7 10 31 0.03125
10 7 8 10 32 0.015625
10 7 9 10 33 0.0625
10 7 10 10 34 0.03125
10 7 11 10 35 0.0625
10 7 12 10 36 0.015625
10 7 13 10 37 0.078125
10 7 15 10 67 0.046875
10 7 16 10 68 0.03125
10 7 17 10 69 0.046875
10 7 18 10 70 0.046875
10 7 19 10 71 0.015625
10 7 20 10 72 0.03125
10 7 21 10 12 0.046875
10 7 22 10 13 0.03125
10 7 25 10 16 0.015625
10 7 26 10 17 0.015625
10 7 27 10 64 0.015625
10 7 28 10 65 0.015625
10 7 30 10 13 0.015625
10 7 43 10 31 0.015625
10 7 60 10 67 0.03125
10 7 62 10 69 0.015625
10 7 64 10 71 0.015625
10 7 65 10 71 0.015625
10 7 66 10 72 0.015625
10 7 67 10 72 0.015625
10 7 68 10 72 0.015625
10 11 0 10 59 0.0625
10 11 1 10 60 0.0625
10 11 2 10 61 0.03125
10 11 3 10 62 0.03125
10 11 4 10 63 0.0625
10 11 5 10 64 0.0625
10 11 6 10 65 0.046875
10 11 7 10 31 0.015625
10 11 8 10 32 0.015625
10 11 9 10 33 0.015625
10 11 10 10 34 0.015625
10 11 11 10 35 0.015625
10 11 12 10 36 0.015625
10 11 14 10 66 0.015625
10 11 15 10 67 0.015625
10 11 16 10 68 0.03125
10 11 17 10 69 0.03125
10 11 18 10 70 0.03125
10 11 19 10 71 0.03125
10 11 20 10 72 0.015625
10 11 21 10 12 0.015625
10 11 22 10 13 0.03125
10 11 23 10 14 0.015625
10 11 24 10 15 0.015625
10 11 25 10 16 0.015625
10 11 26 10 17 0.015625
10 11 28 10 65 0.015625
10 11 29 10 65 0.015625
10 11 30 10 66 0.015625
10 11 31 10 14 0.015625
10 11 36 10 62 0.015625
10 11 37 10 62 0.015625
10 11 42 10 65 0.015625
10 11 55 10 34 0.015625
10 11 64 10 67 0.015625
10 11 65 10 68 0.015625
10 11 66 10 71 0.015625
10 11 67 10 72 0.015625
10 11 68 10 12 0.015625
10 11 69 10 13 0.015625
10 11 70 10 16 0.015625
10 11 76 10 32 0.015625
10 11 78 10 69 0.015625
11 12 0 11 12 0.09375
11 12 1 11 59 0.015625
11 12 2 11 60 0.015625
11 12 3 11 61 0.046875
11 12 4 11 62 0.015625
11 12 5 11 63 0.03125
11 12 6 11 64 0.078125
11 12 7 11 65 0.078125
11 12 8 11 66 0.015625
11 12 9 11 67 0.0625
11 12 10 11 68 0.078125
11 12 11 11 69 0.03125
11 12 12 11 70 0.03125
11 12 13 11 71 0.015625
11 12 14 11 72 0.03125
11 12 27 11 35 0.015625
11 12 28 11 35 0.015625
11 12 36 11 37 0.015625
11 12 37 11 37 0.015625
11 12 39 11 66 0.015625
11 12 40 11 66 0.015625
11 12 42 11 67 0.015625
11 12 43 11 67 0.015625
11 12 44 11 69 0.015625
11 12 45 11 69 0.015625
11 12 46 11 71 0.015625
11 12 47 11 72 0.015625
11 12 48 11 72 0.015625
11 12 49 11 13 0.015625
11 12 54 11 14 0.015625
11 12 56 11 15 0.015625
11 12 65 11 17 0.015625
11 12 68 11 60 0.015625
11 12 72 11 61 0.015625
11 12 85 11 67 0.015625
11 12 86 11 69 0.015625
11 12 87 11 69 0.015625
11 12 116 11 14 0.015625
12 13 0 12 59 0.015625
12 13 1 12 60 0.03125
12 13 2 12 61 0.0625
12 13 3 12 62 0.015625
12 13 4 12 63 0.03125
12 13 5 12 64 0.015625
12 13 6 12 65 0.0625
12 13 10 12 9 0.015625
12 13 12 12 11 0.046875
12 13 13 12 38 0.015625
12 13 14 12 39 0.015625
12 13 15 12 40 0.0625
12 13 16 12 41 0.015625
12 13 18 12 43 0.046875
12 13 19 12 44 0.015625
12 13 20 12 66 0.0625
12 13 21 12 67 0.078125
12 13 22 12 68 0.078125
12 13 23 12 69 0.078125
12 13 24 12 70 0.03125
12 13 25 12 71 0.0625
12 13 26 12 72 0.046875
12 13 27 12 59 0.015625
12 13 36 12 62 0.015625
12 13 54 12 39 0.015625
12 13 58 12 67 0.015625
12 13 59 12 70 0.015625
12 13 60 12 71 0.015625
13 14 0 13 59 0.03125
13 14 1 13 60 0.015625
13 14 2 13 61 0.046875
13 14 3 13 62 0.03125
13 14 4 13 63 0.015625
13 14 5 13 64 0.015625
13 14 6 13 65 0.03125
13 14 12 13 11 0.046875
13 14 13 13 38 0.015625
13 14 14 13 39 0.015625
13 14 15 13 40 0.03125
13 14 16 13 41 0.015625
13 14 17 13 42 0.03125
13 14 18 13 43 0.046875
13 14 19 13 44 0.015625
13 14 20 13 66 0.046875
13 14 21 13 67 0.046875
13 14 22 13 68 0.125
13 14 23 13 69 0.078125
13 14 24 13 70 0.046875
13 14 25 13 71 0.0625
13 14 26 13 72 0.03125
13 14 51 13 38 0.015625
13 14 53 13 41 0.015625
13 14 54 13 43 0.015625
13 14 57 13 43 0.015625
13 14 60 13 66 0.015625
13 14 61 13 66 0.015625
13 14 62 13 67 0.015625
13 14 63 13 69 0.015625
13 14 64 13 69 0.015625
13 14 65 13 70 0.015625
14 10 0 14 10 0.03125
14 10 1 14 59 0.015625
14 10 2 14 60 0.015625
14 10 3 14 61 0.015625
14 10 4 14 62 0.015625
14 10 5 14 63 0.015625
14 10 6 14 64 0.015625
14 10 7 14 65 0.015625
14 10 8 14 66 0.015625
14 10 9 14 67 0.015625
14 10 10 14 68 0.03125
14 10 11 14 69 0.03125
14 10 12 14 70 0.015625
14 10 13 14 71 0.015625
14 10 14 14 72 0.015625
14 10 17 14 61 0.015625
14 10 18 14 61 0.015625
14 10 20 14 62 0.015625
14 10 21 14 63 0.015625
14 10 25 14 64 0.015625
14 10 31 14 7 0.015625
14 10 39 14 9 0.015625
14 10 40 14 11 0.015625
14 10 41 14 11 0.015625
14 10 42 14 11 0.015625
14 10 43 14 38 0.015625
14 10 45 14 38 0.015625
14 10 46 14 38 0.015625
14 10 48 14 39 0.015625
14 10 49 14 40 0.015625
14 10 50 14 41 0.015625
14 10 51 14 41 0.015625
14 10 53 14 42 0.015625
14 10 54 14 42 0.015625
14 10 55 14 44 0.03125
14 10 56 14 66 0.015625
14 10 57 14 68 0.015625
14 10 58 14 69 0.015625
14 10 59 14 69 0.015625
14 10 60 14 71 0.015625
14 10 61 14 71 0.015625
14 10 73 14 62 0.015625
14 10 77 14 39 0.015625
14 10 78 14 39 0.015625
14 10 79 14 39 0.015625
14 10 81 14 40 0.015625
14 10 82 14 42 0.015625
14 10 84 14 44 0.015625
14 10 85 14 44 0.015625
14 10 86 14 44 0.015625
14 10 90 14 69 0.015625
14 10 91 14 69 0.015625
14 10 93 14 71 0.015625
14 10 114 14 43 0.015625
14 10 119 14 43 0.015625
14 10 122 14 66 0.015625
14 10 125 14 68 0.015625
14 10 127 14 69 0.015625
14 10 164 14 38 0.015625
14 10 169 14 66 0.015625
14 15 0 14 59 0.03125
14 15 1 14 60 0.015625
14 15 2 14 61 0.015625
14 15 3 14 62 0.078125
14 15 4 14 63 0.0625
14 15 5 14 64 0.03125
14 15 6 14 65 0.0625
14 15 10 14 9 0.015625
14 15 11 14 10 0.015625
14 15 12 14 11 0.0625
14 15 13 14 38 0.015625
14 15 15 14 40 0.046875
14 15 16 14 41 0.015625
14 15 17 14 42 0.03125
14 15 18 14 43 0.015625
14 15 19 14 44 0.015625
14 15 20 14 66 0.09375
14 15 21 14 67 0.015625
14 15 22 14 68 0.015625
14 15 23 14 69 0.03125
14 15 24 14 70 0.078125
14 15 25 14 71 0.03125
14 15 26 14 72 0.078125
14 15 54 14 40 0.015625
14 15 56 14 43 0.03125
14 15 58 14 44 0.015625
14 15 59 14 66 0.015625
14 15 60 14 66 0.015625
14 15 64 14 71 0.015625
14 15 65 14 71 0.015625
15 16 0 15 59 0.046875
15 16 1 15 60 0.046875
15 16 2 15 61 0.046875
15 16 3 15 62 0.046875
15 16 4 15 63 0.046875
15 16 5 15 64 0.046875
15 16 6 15 65 0.046875
15 16 10 15 9 0.015625
15 16 11 15 10 0.015625
15 16 12 15 11 0.046875
15 16 13 15 38 0.03125
15 16 14 15 39 0.03125
15 16 15 15 40 0.03125
15 16 16 15 41 0.03125
15 16 17 15 42 0.015625
15 16 19 15 44 0.046875
15 16 20 15 66 0.046875
15 16 21 15 67 0.046875
15 16 22 15 68 0.046875
15 16 23 15 69 0.03125
15 16 24 15 70 0.046875
15 16 25 15 71 0.046875
15 16 26 15 72 0.046875
15 16 50 15 39 0.015625
15 16 52 15 40 0.015625
15 16 58 15 41 0.015625
15 16 60 15 42 0.015625
15 16 61 15 43 0.015625
15 16 66 15 69 0.015625
16 17 0 16 59 0.046875
16 17 1 16 60 0.03125
16 17 2 16 61 0.046875
16 17 3 16 62 0.046875
16 17 4 16 63 0.03125
16 17 5 16 64 0.03125
16 17 6 16 65 0.046875
16 17 10 16 9 0.015625
16 17 11 16 10 0.015625
16 17 12 16 11 0.046875
16 17 13 16 38 0.03125
16 17 14 16 39 0.046875
16 17 15 16 40 0.046875
16 17 16 16 41 0.03125
16 17 17 16 42 0.03125
16 17 18 16 43 0.03125
16 17 19 16 44 0.046875
16 17 20 16 66 0.03125
16 17 21 16 67 0.046875
16 17 22 16 68 0.046875
16 17 23 16 69 0.046875
16 17 24 16 70 0.046875
16 17 25 16 71 0.046875
16 17 26 16 72 0.046875
16 17 27 16 43 0.015625
16 17 59 16 44 0.015625
16 17 60 16 66 0.015625
16 17 63 16 70 0.015625
17 18 0 17 38 0.046875
17 18 1 17 39 0.03125
17 18 5 17 40 0.046875
17 18 6 17 41 0.03125
17 18 7 17 42 0.03125
17 18 8 17 42 0.015625
17 18 9 17 43 0.015625
17 18 10 17 43 0.03125
17 18 11 17 44 0.015625
17 18 12 17 44 0.015625
17 18 17 17 66 0.03125
17 18 18 17 66 0.015625
17 18 19 17 67 0.015625
17 18 21 17 67 0.015625
17 18 22 17 67 0.015625
17 18 23 17 68 0.015625
17 18 25 17 69 0.03125
17 18 29 17 72 0.015625
17 18 30 17 72 0.015625
17 18 31 17 72 0.015625
17 18 32 17 72 0.015625
17 18 37 17 59 0.03125
17 18 42 17 60 0.015625
17 18 46 17 61 0.03125
17 18 55 17 64 0.015625
17 18 57 17 64 0.015625
17 18 59 17 65 0.015625
17 18 60 17 65 0.015625
17 18 70 17 10 0.015625
17 18 72 17 10 0.015625
17 18 73 17 11 0.015625
17 18 74 17 11 0.015625
17 18 75 17 11 0.015625
17 18 83 17 71 0.03125
17 18 85 17 60 0.015625
17 18 86 17 60 0.03125
17 18 89 17 62 0.015625
17 18 91 17 64 0.015625
17 18 93 17 64 0.015625
17 18 99 17 7 0.015625
17 18 106 17 10 0.015625
17 18 115 17 41 0.015625
17 18 117 17 66 0.015625
17 18 125 17 68 0.015625
17 18 131 17 69 0.015625
17 18 132 17 69 0.015625
17 18 136 17 71 0.015625
17 18 138 17 71 0.015625
17 18 185 17 63 0.015625
17 18 186 17 63 0.015625
18 11 0 18 52 0.03125
18 11 2 18 53 0.015625
18 11 4 18 53 0.015625
18 11 6 18 54 0.015625
18 11 7 18 54 0.015625
18 11 8 18 55 0.03125
18 11 10 18 55 0.015625
18 11 11 18 56 0.015625
18 11 13 18 57 0.015625
18 11 14 18 57 0.015625
18 11 18 18 45 0.0625
18 11 19 18 46 0.015625
18 11 20 18 46 0.015625
18 11 21 18 46 0.015625
18 11 22 18 46 0.015625
18 11 23 18 47 0.015625
18 11 24 18 47 0.03125
18 11 25 18 48 0.015625
18 11 26 18 49 0.03125
18 11 27 18 49 0.015625
18 11 28 18 49 0.015625
18 11 29 18 50 0.015625
18 11 30 18 50 0.03125
18 11 31 18 50 0.015625
18 11 32 18 50 0.015625
18 11 33 18 51 0.015625
18 11 35 18 0 0.015625
18 11 37 18 0 0.015625
18 11 50 18 73 0.015625
18 11 51 18 73 0.015625
18 11 55 18 78 0.015625
18 11 56 18 78 0.015625
18 11 58 18 52 0.015625
18 11 69 18 56 0.015625
18 11 75 18 45 0.015625
18 11 76 18 47 0.015625
18 11 77 18 48 0.015625
18 11 78 18 49 0.015625
18 11 79 18 50 0.015625
18 11 80 18 51 0.015625
18 11 83 18 0 0.015625
18 11 84 18 0 0.015625
18 11 86 18 1 0.015625
18 11 99 18 73 0.015625
18 11 102 18 74 0.015625
18 11 103 18 74 0.015625
18 11 106 18 75 0.015625
18 11 107 18 75 0.015625
18 11 111 18 76 0.015625
18 11 141 18 47 0.015625
18 11 142 18 48 0.015625
18 11 146 18 49 0.015625
18 11 148 18 50 0.015625
18 11 151 18 51 0.015625
18 11 177 18 54 0.015625
18 11 187 18 73 0.015625
18 12 0 18 73 0.015625
18 12 1 18 73 0.015625
18 12 2 18 74 0.015625
18 12 3 18 75 0.015625
18 12 5 18 76 0.015625
18 12 6 18 77 0.015625
18 12 7 18 78 0.015625
18 12 8 18 78 0.015625
18 12 9 18 45 0.015625
18 12 10 18 45 0.015625
18 12 11 18 45 0.015625
18 12 12 18 46 0.015625
18 12 13 18 46 0.015625
18 12 14 18 46 0.015625
18 12 15 18 46 0.015625
18 12 16 18 47 0.015625
18 12 17 18 47 0.015625
18 12 19 18 48 0.015625
18 12 20 18 48 0.015625
18 12 21 18 48 0.015625
18 12 22 18 49 0.015625
18 12 23 18 49 0.015625
18 12 24 18 49 0.015625
18 12 25 18 49 0.015625
18 12 26 18 50 0.015625
18 12 27 18 50 0.015625
18 12 28 18 50 0.015625
18 12 29 18 50 0.015625
18 12 30 18 50 0.015625
18 12 31 18 51 0.015625
18 12 34 18 0 0.015625
18 12 41 18 2 0.015625
18 12 50 18 78 0.015625
18 12 57 18 53 0.015625
18 12 62 18 54 0.015625
18 12 63 18 54 0.015625
18 12 67 18 55 0.015625
18 12 69 18 56 0.015625
18 12 74 18 56 0.015625
18 12 76 18 56 0.015625
18 12 78 18 57 0.015625
18 12 79 18 57 0.015625
18 12 84 18 46 0.015625
18 12 90 18 0 0.015625
18 12 92 18 1 0.015625
18 12 94 18 2 0.015625
18 12 95 18 3 0.015625
18 12 98 18 3 0.015625
18 12 105 18 73 0.015625
18 12 107 18 74 0.015625
18 12 115 18 77 0.015625
18 12 116 18 78 0.015625
18 12 125 18 54 0.015625
18 12 133 18 57 0.015625
18 12 136 18 45 0.015625
18 12 137 18 47 0.015625
18 12 140 18 49 0.015625
18 12 142 18 50 0.015625
18 12 144 18 51 0.015625
18 12 145 18 0 0.015625
18 12 146 18 0 0.015625
18 12 158 18 74 0.015625
18 12 178 18 73 0.015625
18 12 188 18 54 0.015625
18 19 0 18 0 0.015625
18 19 6 18 73 0.03125
18 19 7 18 74 0.0625
18 19 8 18 75 0.046875
18 19 9 18 76 0.046875
18 19 10 18 77 0.0625
18 19 11 18 78 0.046875
18 19 12 18 79 0.0625
18 19 13 18 52 0.046875
18 19 14 18 53 0.046875
18 19 15 18 54 0.046875
18 19 16 18 55 0.046875
18 19 17 18 56 0.046875
18 19 18 18 57 0.0625
18 19 19 18 58 0.0625
18 19 20 18 45 0.015625
18 19 22 18 47 0.015625
18 19 23 18 48 0.046875
18 19 24 18 49 0.03125
18 19 25 18 50 0.015625
18 19 26 18 51 0.046875
18 19 39 18 76 0.015625
18 19 66 18 49 0.015625
18 19 67 18 49 0.015625
18 19 73 18 51 0.015625
18 19 74 18 51 0.015625
18 19 80 18 45 0.015625
19 15 0 19 73 0.015625
19 15 1 19 73 0.015625
19 15 2 19 74 0.046875
19 15 3 19 77 0.046875
19 15 4 19 77 0.015625
19 15 5 19 78 0.015625
19 15 6 19 45 0.015625
19 15 7 19 45 0.015625
19 15 9 19 46 0.015625
19 15 10 19 46 0.015625
19 15 12 19 46 0.03125
19 15 13 19 47 0.015625
19 15 14 19 47 0.015625
19 15 15 19 47 0.015625
19 15 17 19 47 0.015625
19 15 19 19 48 0.046875
19 15 20 19 48 0.015625
19 15 21 19 48 0.015625
19 15 22 19 49 0.015625
19 15 23 19 49 0.015625
19 15 25 19 50 0.03125
19 15 26 19 50 0.03125
19 15 27 19 51 0.015625
19 15 28 19 51 0.0625
19 15 30 19 0 0.015625
19 15 33 19 0 0.015625
19 15 50 19 78 0.046875
19 15 51 19 79 0.046875
19 15 56 19 53 0.015625
19 15 61 19 54 0.015625
19 15 70 19 56 0.015625
19 15 71 19 57 0.015625
19 15 74 19 57 0.015625
19 15 78 19 49 0.03125
19 15 99 19 74 0.015625
19 15 100 19 74 0.015625
19 15 105 19 76 0.015625
19 15 109 19 78 0.015625
19 15 110 19 78 0.015625
19 15 118 19 54 0.015625
19 15 119 19 55 0.015625
19 15 120 19 55 0.015625
19 15 123 19 56 0.015625
19 15 133 19 49 0.015625
19 15 134 19 50 0.015625
19 15 135 19 51 0.015625
19 15 139 19 0 0.015625
19 20 0 19 0 0.015625
19 20 6 19 73 0.03125
19 20 7 19 74 0.0625
19 20 8 19 75 0.15625
19 20 9 19 76 0.109375
19 20 10 19 77 0.046875
19 20 11 19 78 0.015625
19 20 12 19 79 0.09375
19 20 13 19 52 0.015625
19 20 14 19 53 0.015625
19 20 15 19 54 0.015625
19 20 16 19 55 0.046875
19 20 17 19 56 0.015625
19 20 18 19 57 0.03125
19 20 19 19 58 0.015625
19 20 20 19 45 0.015625
19 20 21 19 46 0.015625
19 20 22 19 47 0.015625
19 20 23 19 48 0.03125
19 20 24 19 49 0.015625
19 20 25 19 50 0.015625
19 20 26 19 51 0.015625
19 20 41 19 73 0.015625
19 20 42 19 73 0.015625
19 20 44 19 74 0.015625
19 20 45 19 77 0.015625
19 20 46 19 78 0.015625
19 20 53 19 57 0.015625
19 20 58 19 58 0.015625
19 20 61 19 45 0.015625
19 20 63 19 46 0.015625
19 20 64 19 46 0.015625
19 20 66 19 48 0.015625
19 20 67 19 50 0.015625
20 21 0 20 0 0.015625
20 21 1 20 1 0.015625
20 21 6 20 73 0.046875
20 21 7 20 74 0.046875
20 21 8 20 75 0.0625
20 21 9 20 76 0.046875
20 21 10 20 77 0.046875
20 21 11 20 78 0.0625
20 21 12 20 79 0.046875
20 21 13 20 52 0.0625
20 21 14 20 53 0.046875
20 21 15 20 54 0.03125
20 21 16 20 55 0.046875
20 21 17 20 56 0.03125
20 21 18 20 57 0.03125
20 21 19 20 58 0.046875
20 21 20 20 45 0.015625
20 21 21 20 46 0.046875
20 21 22 20 47 0.046875
20 21 23 20 48 0.03125
20 21 24 20 49 0.046875
20 21 25 20 50 0.03125
20 21 26 20 51 0.046875
20 21 62 20 48 0.015625
20 21 63 20 49 0.015625
20 21 66 20 50 0.015625
21 22 0 21 0 0.015625
21 22 3 21 3 0.015625
21 22 6 21 73 0.046875
21 22 7 21 74 0.0625
21 22 8 21 75 0.0625
21 22 9 21 76 0.046875
21 22 10 21 77 0.046875
21 22 11 21 78 0.046875
21 22 12 21 79 0.046875
21 22 13 21 52 0.0625
21 22 14 21 53 0.046875
21 22 15 21 54 0.03125
21 22 16 21 55 0.046875
21 22 17 21 56 0.046875
21 22 18 21 57 0.015625
21 22 19 21 58 0.046875
21 22 20 21 45 0.015625
21 22 21 21 46 0.046875
21 22 22 21 47 0.03125
21 22 23 21 48 0.03125
21 22 24 21 49 0.046875
21 22 25 21 50 0.046875
21 22 26 21 51 0.0625
21 22 68 21 47 0.015625
21 22 71 21 48 0.015625
22 20 0 22 0 0.015625
22 20 6 22 73 0.03125
22 20 7 22 74 0.046875
22 20 8 22 75 0.015625
22 20 9 22 76 0.015625
22 20 10 22 77 0.046875
22 20 11 22 78 0.03125
22 20 12 22 79 0.03125
22 20 13 22 52 0.0625
22 20 14 22 53 0.03125
22 20 15 22 54 0.0625
22 20 16 22 55 0.046875
22 20 17 22 56 0.09375
22 20 18 22 57 0.0625
22 20 19 22 58 0.03125
22 20 20 22 45 0.015625
22 20 21 22 46 0.03125
22 20 22 22 47 0.046875
22 20 23 22 48 0.03125
22 20 24 22 49 0.015625
22 20 25 22 50 0.015625
22 20 26 22 51 0.0625
22 20 33 22 73 0.015625
22 20 35 22 74 0.015625
22 20 36 22 75 0.015625
22 20 37 22 76 0.015625
22 20 39 22 77 0.015625
22 20 50 22 57 0.015625
22 20 54 22 45 0.015625
22 20 56 22 45 0.015625
22 20 60 22 48 0.015625
22 20 61 22 50 0.015625
22 23 0 22 0 0.015625
22 23 6 22 73 0.03125
22 23 7 22 74 0.046875
22 23 8 22 75 0.0625
22 23 9 22 76 0.0625
22 23 10 22 77 0.0625
22 23 11 22 78 0.0625
22 23 12 22 79 0.046875
22 23 13 22 52 0.015625
22 23 14 22 53 0.03125
22 23 15 22 54 0.015625
22 23 16 22 55 0.03125
22 23 17 22 56 0.015625
22 23 18 22 57 0.015625
22 23 19 22 58 0.03125
22 23 20 22 45 0.03125
22 23 21 22 46 0.0625
22 23 22 22 47 0.046875
22 23 23 22 48 0.03125
22 23 24 22 49 0.0625
22 23 25 22 50 0.046875
22 23 26 22 51 0.046875
22 23 41 22 75 0.015625
22 23 43 22 76 0.015625
22 23 64 22 45 0.015625
22 23 65 22 45 0.015625
22 23 66 22 45 0.015625
22 23 69 22 47 0.015625
22 23 74 22 50 0.015625
22 23 81 22 74 0.015625
23 24 0 23 0 0.03125
23 24 1 23 1 0.03125
23 24 2 23 2 0.015625
23 24 3 23 3 0.015625
23 24 5 23 5 0.015625
23 24 6 23 52 0.015625
23 24 7 23 53 0.046875
23 24 8 23 54 0.03125
23 24 9 23 55 0.03125
23 24 10 23 56 0.046875
23 24 11 23 57 0.046875
23 24 12 23 58 0.015625
23 24 15 23 74 0.015625
23 24 17 23 76 0.015625
23 24 18 23 77 0.015625
23 24 21 23 79 0.015625
23 24 22 23 52 0.015625
23 24 23 23 52 0.015625
23 24 28 23 54 0.015625
23 24 29 23 55 0.015625
23 24 30 23 55 0.015625
23 24 32 23 58 0.015625
23 24 33 23 58 0.015625
23 24 44 23 73 0.015625
23 24 52 23 78 0.015625
23 24 73 23 57 0.015625
23 24 75 23 46 0.03125
23 24 92 23 74 0.015625
23 24 93 23 74 0.015625
23 24 96 23 75 0.03125
23 24 98 23 75 0.015625
23 24 102 23 76 0.015625
23 24 105 23 78 0.015625
23 24 106 23 78 0.015625
23 24 111 23 79 0.015625
23 24 118 23 45 0.015625
23 24 126 23 47 0.015625
23 24 130 23 47 0.03125
23 24 135 23 49 0.015625
23 24 136 23 49 0.015625
23 24 137 23 49 0.015625
23 24 139 23 50 0.015625
23 24 142 23 50 0.03125
23 24 144 23 51 0.015625
23 24 145 23 51 0.015625
23 24 146 23 51 0.015625
23 24 153 23 76 0.015625
23 24 157 23 78 0.015625
23 24 159 23 79 0.015625
23 24 175 23 77 0.015625
24 20 0 24 0 0.03125
24 20 1 24 1 0.015625
24 20 2 24 2 0.03125
24 20 3 24 3 0.0625
24 20 5 24 5 0.046875
24 20 6 24 52 0.015625
24 20 7 24 53 0.03125
24 20 8 24 54 0.03125
24 20 9 24 55 0.015625
24 20 10 24 56 0.03125
24 20 11 24 57 0.03125
24 20 12 24 58 0.03125
24 20 13 24 0 0.015625
24 20 14 24 1 0.015625
24 20 15 24 1 0.03125
24 20 16 24 1 0.03125
24 20 17 24 2 0.015625
24 20 21 24 31 0.03125
24 20 22 24 32 0.015625
24 20 23 24 33 0.015625
24 20 24 24 33 0.015625
24 20 26 24 34 0.015625
24 20 27 24 35 0.015625
24 20 28 24 35 0.015625
24 20 29 24 36 0.03125
24 20 31 24 37 0.015625
24 20 32 24 37 0.015625
24 20 34 24 1 0.015625
24 20 38 24 3 0.015625
24 20 61 24 57 0.015625
24 20 62 24 58 0.015625
24 20 71 24 0 0.015625
24 20 72 24 2 0.015625
24 20 74 24 59 0.015625
24 20 76 24 60 0.015625
24 20 78 24 60 0.015625
24 20 81 24 60 0.015625
24 20 83 24 61 0.015625
24 20 84 24 61 0.015625
24 20 86 24 62 0.015625
24 20 91 24 63 0.015625
24 20 94 24 63 0.015625
24 20 95 24 63 0.015625
24 20 99 24 64 0.015625
24 20 100 24 65 0.015625
24 20 109 24 32 0.015625
24 20 113 24 32 0.015625
24 20 164 24 3 0.015625
24 25 0 24 0 0.03125
24 25 1 24 1 0.015625
24 25 2 24 2 0.03125
24 25 3 24 3 0.015625
24 25 6 24 59 0.046875
24 25 7 24 60 0.03125
24 25 8 24 61 0.046875
24 25 9 24 62 0.046875
24 25 10 24 63 0.03125
24 25 11 24 64 0.046875
24 25 12 24 65 0.046875
24 25 13 24 52 0.046875
24 25 14 24 53 0.046875
24 25 15 24 54 0.046875
24 25 16 24 55 0.046875
24 25 17 24 56 0.046875
24 25 18 24 57 0.03125
24 25 19 24 58 0.046875
24 25 20 24 31 0.046875
24 25 21 24 32 0.046875
24 25 22 24 33 0.046875
24 25 23 24 34 0.046875
24 25 24 24 35 0.046875
24 25 25 24 36 0.03125
24 25 26 24 37 0.03125
25 26 0 25 0 0.015625
25 26 1 25 1 0.015625
25 26 3 25 3 0.015625
25 26 6 25 59 0.03125
25 26 7 25 60 0.046875
25 26 8 25 61 0.03125
25 26 9 25 62 0.046875
25 26 10 25 63 0.046875
25 26 11 25 64 0.03125
25 26 12 25 65 0.046875
25 26 13 25 52 0.046875
25 26 14 25 53 0.046875
25 26 15 25 54 0.046875
25 26 16 25 55 0.046875
25 26 17 25 56 0.046875
25 26 18 25 57 0.046875
25 26 19 25 58 0.046875
25 26 20 25 31 0.046875
25 26 21 25 32 0.046875
25 26 22 25 33 0.046875
25 26 23 25 34 0.046875
25 26 24 25 35 0.046875
25 26 25 25 36 0.046875
25 26 26 25 37 0.046875
25 26 48 25 62 0.015625
26 19 0 26 0 0.015625
26 19 1 26 1 0.015625
26 19 2 26 2 0.015625
26 19 3 26 3 0.015625
26 19 6 26 52 0.015625
26 19 7 26 53 0.015625
26 19 8 26 54 0.015625
26 19 9 26 55 0.046875
26 19 10 26 56 0.03125
26 19 11 26 57 0.015625
26 19 12 26 58 0.015625
26 19 17 26 3 0.015625
26 19 18 26 3 0.015625
26 19 21 26 55 0.015625
26 19 22 26 55 0.015625
26 19 24 26 31 0.015625
26 19 25 26 31 0.015625
26 19 28 26 33 0.015625
26 19 29 26 33 0.015625
26 19 30 26 33 0.015625
26 19 31 26 33 0.015625
26 19 33 26 34 0.015625
26 19 34 26 35 0.015625
26 19 35 26 35 0.015625
26 19 37 26 36 0.015625
26 19 38 26 36 0.015625
26 19 39 26 37 0.015625
26 19 40 26 37 0.015625
26 19 45 26 3 0.015625
26 19 46 26 3 0.015625
26 19 51 26 59 0.015625
26 19 55 26 62 0.015625
26 19 66 26 52 0.015625
26 19 70 26 54 0.015625
26 19 71 26 55 0.015625
26 19 75 26 56 0.015625
26 19 82 26 31 0.015625
26 19 92 26 59 0.015625
26 19 93 26 60 0.015625
26 19 94 26 60 0.015625
26 19 95 26 60 0.015625
26 19 96 26 60 0.015625
26 19 98 26 60 0.015625
26 19 100 26 61 0.015625
26 19 103 26 62 0.015625
26 19 104 26 62 0.015625
26 19 105 26 62 0.015625
26 19 107 26 62 0.015625
26 19 113 26 63 0.015625
26 19 115 26 63 0.015625
26 19 117 26 63 0.015625
26 19 121 26 64 0.015625
26 19 122 26 64 0.03125
26 19 136 26 34 0.015625
26 19 144 26 37 0.015625
26 19 153 26 62 0.015625
26 19 157 26 63 0.015625
26 19 164 26 54 0.015625
26 19 167 26 58 0.015625
26 19 177 26 36 0.015625
26 27 0 26 0 0.015625
26 27 1 26 1 0.015625
26 27 2 26 2 0.015625
26 27 6 26 59 0.03125
26 27 7 26 60 0.046875
26 27 8 26 61 0.046875
26 27 9 26 62 0.03125
26 27 10 26 63 0.03125
26 27 11 26 64 0.015625
26 27 12 26 65 0.046875
26 27 13 26 52 0.046875
26 27 14 26 53 0.03125
26 27 15 26 54 0.03125
26 27 16 26 55 0.046875
26 27 17 26 56 0.046875
26 27 18 26 57 0.0625
26 27 19 26 58 0.0625
26 27 20 26 31 0.046875
26 27 21 26 32 0.0625
26 27 22 26 33 0.046875
26 27 23 26 34 0.046875
26 27 24 26 35 0.046875
26 27 25 26 36 0.046875
26 27 26 26 37 0.046875
26 27 28 26 54 0.015625
26 27 52 26 64 0.015625
27 28 0 27 0 0.03125
27 28 1 27 1 0.03125
27 28 2 27 2 0.046875
27 28 3 27 3 0.03125
27 28 5 27 5 0.015625
27 28 6 27 59 0.03125
27 28 7 27 60 0.03125
27 28 8 27 61 0.046875
27 28 9 27 62 0.046875
27 28 10 27 63 0.015625
27 28 11 27 64 0.03125
27 28 12 27 65 0.03125
27 28 13 27 52 0.046875
27 28 14 27 53 0.046875
27 28 15 27 54 0.046875
27 28 16 27 55 0.03125
27 28 17 27 56 0.046875
27 28 18 27 57 0.046875
27 28 19 27 58 0.046875
27 28 20 27 31 0.03125
27 28 21 27 32 0.046875
27 28 22 27 33 0.03125
27 28 23 27 34 0.046875
27 28 24 27 35 0.03125
27 28 25 27 36 0.046875
27 28 26 27 37 0.046875
27 28 33 27 59 0.015625
28 24 0 28 0 0.03125
28 24 1 28 1 0.03125
28 24 2 28 2 0.078125
28 24 3 28 3 0.015625
28 24 4 28 4 0.0625
28 24 5 28 5 0.0625
28 24 6 28 59 0.046875
28 24 7 28 60 0.015625
28 24 8 28 61 0.046875
28 24 9 28 62 0.03125
28 24 10 28 63 0.015625
28 24 11 28 64 0.03125
28 24 12 28 65 0.0625
28 24 13 28 52 0.015625
28 24 14 28 53 0.046875
28 24 15 28 54 0.03125
28 24 16 28 55 0.015625
28 24 17 28 56 0.03125
28 24 18 28 57 0.015625
28 24 19 28 58 0.015625
28 24 20 28 31 0.03125
28 24 21 28 32 0.015625
28 24 22 28 33 0.046875
28 24 23 28 34 0.03125
28 24 24 28 35 0.046875
28 24 25 28 36 0.046875
28 24 26 28 37 0.046875
28 24 38 28 60 0.015625
28 24 40 28 60 0.015625
28 29 0 28 0 0.046875
28 29 1 28 1 0.03125
28 29 2 28 2 0.03125
28 29 3 28 3 0.046875
28 29 6 28 59 0.03125
28 29 7 28 60 0.046875
28 29 8 28 61 0.03125
28 29 9 28 62 0.046875
28 29 10 28 63 0.046875
28 29 11 28 64 0.046875
28 29 12 28 65 0.03125
28 29 13 28 52 0.046875
28 29 14 28 53 0.03125
28 29 15 28 54 0.03125
28 29 16 28 55 0.046875
28 29 17 28 56 0.046875
28 29 18 28 57 0.046875
28 29 19 28 58 0.046875
28 29 20 28 31 0.03125
28 29 21 28 32 0.046875
28 29 22 28 33 0.046875
28 29 23 28 34 0.046875
28 29 24 28 35 0.03125
28 29 25 28 36 0.03125
28 29 26 28 37 0.03125
29 30 0 29 0 0.03125
29 30 1 29 1 0.03125
29 30 2 29 2 0.015625
29 30 3 29 3 0.015625
29 30 6 29 59 0.046875
29 30 7 29 60 0.046875
29 30 8 29 61 0.03125
29 30 9 29 62 0.046875
29 30 10 29 63 0.046875
29 30 11 29 64 0.046875
29 30 12 29 65 0.046875
29 30 13 29 52 0.046875
29 30 14 29 53 0.046875
29 30 15 29 54 0.046875
29 30 16 29 55 0.046875
29 30 17 29 56 0.046875
29 30 18 29 57 0.046875
29 30 19 29 58 0.046875
29 30 20 29 31 0.046875
29 30 21 29 32 0.046875
29 30 22 29 33 0.046875
29 30 23 29 34 0.03125
29 30 24 29 35 0.03125
29 30 25 29 36 0.03125
29 30 26 29 37 0.03125
30 23 0 30 0 0.046875
30 23 1 30 1 0.03125
30 23 2 30 2 0.03125
30 23 6 30 52 0.03125
30 23 7 30 53 0.03125
30 23 8 30 54 0.046875
30 23 9 30 55 0.046875
30 23 10 30 56 0.046875
30 23 11 30 57 0.09375
30 23 12 30 58 0.03125
30 23 13 30 0 0.03125
30 23 16 30 1 0.015625
30 23 18 30 2 0.015625
30 23 24 30 31 0.015625
30 23 25 30 32 0.015625
30 23 26 30 32 0.015625
30 23 27 30 33 0.015625
30 23 28 30 33 0.015625
30 23 29 30 33 0.015625
30 23 31 30 34 0.03125
30 23 32 30 34 0.015625
30 23 33 30 34 0.015625
30 23 34 30 35 0.015625
30 23 35 30 35 0.015625
30 23 37 30 36 0.015625
30 23 60 30 64 0.015625
30 23 69 30 53 0.015625
30 23 76 30 57 0.015625
30 23 78 30 58 0.015625
30 23 91 30 59 0.015625
30 23 92 30 59 0.015625
30 23 94 30 60 0.015625
30 23 102 30 61 0.015625
30 23 106 30 63 0.015625
30 23 113 30 64 0.015625
30 23 114 30 64 0.015625
30 23 120 30 32 0.015625
30 23 123 30 32 0.015625
30 23 140 30 37 0.015625
30 23 141 30 37 0.015625
30 23 163 30 35 0.015625
30 23 165 30 36 0.015625
30 23 166 30 36 0.015625
30 23 174 30 62 0.015625
30 31 0 30 31 0.078125
30 31 1 30 59 0.03125
30 31 2 30 60 0.046875
30 31 3 30 61 0.078125
30 31 4 30 62 0.046875
30 31 5 30 63 0.0625
30 31 6 30 64 0.0625
30 31 7 30 65 0.0625
30 31 8 30 52 0.0625
30 31 9 30 53 0.0625
30 31 10 30 54 0.046875
30 31 11 30 55 0.046875
30 31 12 30 56 0.046875
30 31 13 30 57 0.015625
30 31 14 30 58 0.046875
30 31 37 30 59 0.03125
30 31 57 30 32 0.015625
30 31 60 30 32 0.015625
30 31 63 30 33 0.015625
30 31 64 30 33 0.015625
30 31 65 30 33 0.015625
30 31 69 30 34 0.015625
30 31 70 30 34 0.015625
30 31 76 30 35 0.015625
30 31 79 30 36 0.015625
30 31 86 30 37 0.03125
31 32 1 31 25 0.015625
31 32 2 31 26 0.015625
31 32 7 31 52 0.046875
31 32 8 31 53 0.0625
31 32 9 31 54 0.0625
31 32 10 31 55 0.0625
31 32 11 31 56 0.0625
31 32 12 31 57 0.046875
31 32 13 31 58 0.03125
31 32 14 31 59 0.0625
31 32 15 31 60 0.078125
31 32 16 31 61 0.078125
31 32 17 31 62 0.078125
31 32 18 31 63 0.078125
31 32 19 31 64 0.078125
31 32 20 31 65 0.046875
31 32 22 31 7 0.015625
31 32 24 31 9 0.015625
31 32 25 31 10 0.046875
31 32 26 31 11 0.015625
32 33 1 32 25 0.015625
32 33 2 32 26 0.015625
32 33 6 32 30 0.015625
32 33 7 32 52 0.03125
32 33 8 32 53 0.015625
32 33 9 32 54 0.0625
32 33 10 32 55 0.03125
32 33 11 32 56 0.0625
32 33 12 32 57 0.046875
32 33 13 32 58 0.0625
32 33 14 32 59 0.078125
32 33 15 32 60 0.078125
32 33 16 32 61 0.078125
32 33 17 32 62 0.078125
32 33 18 32 63 0.078125
32 33 19 32 64 0.09375
32 33 20 32 65 0.0625
32 33 23 32 8 0.015625
32 33 24 32 9 0.015625
32 33 25 32 10 0.015625
32 33 26 32 11 0.046875
33 34 7 33 52 0.03125
33 34 8 33 53 0.03125
33 34 9 33 54 0.046875
33 34 10 33 55 0.046875
33 34 11 33 56 0.0625
33 34 12 33 57 0.046875
33 34 13 33 58 0.046875
33 34 14 33 59 0.0625
33 34 15 33 60 0.078125
33 34 16 33 61 0.078125
33 34 17 33 62 0.078125
33 34 18 33 63 0.078125
33 34 19 33 64 0.09375
33 34 20 33 65 0.078125
33 34 22 33 7 0.015625
33 34 23 33 8 0.015625
33 34 24 33 9 0.015625
33 34 25 33 10 0.03125
33 34 26 33 11 0.046875
33 34 46 33 58 0.015625
34 35 1 34 25 0.015625
34 35 2 34 26 0.015625
34 35 5 34 29 0.015625
34 35 6 34 30 0.015625
34 35 7 34 52 0.03125
34 35 8 34 53 0.046875
34 35 9 34 54 0.03125
34 35 10 34 55 0.046875
34 35 11 34 56 0.0625
34 35 12 34 57 0.0625
34 35 13 34 58 0.046875
34 35 14 34 59 0.046875
34 35 15 34 60 0.078125
34 35 16 34 61 0.078125
34 35 17 34 62 0.0625
34 35 18 34 63 0.078125
34 35 19 34 64 0.078125
34 35 20 34 65 0.0625
34 35 22 34 7 0.015625
34 35 23 34 8 0.015625
34 35 25 34 10 0.046875
34 35 26 34 11 0.046875
35 36 1 35 25 0.015625
35 36 6 35 30 0.015625
35 36 7 35 52 0.0625
35 36 8 35 53 0.046875
35 36 9 35 54 0.03125
35 36 10 35 55 0.03125
35 36 11 35 56 0.03125
35 36 12 35 57 0.0625
35 36 13 35 58 0.078125
35 36 14 35 59 0.0625
35 36 15 35 60 0.078125
35 36 16 35 61 0.046875
35 36 17 35 62 0.078125
35 36 18 35 63 0.078125
35 36 19 35 64 0.078125
35 36 20 35 65 0.078125
35 36 22 35 7 0.015625
35 36 24 35 9 0.015625
35 36 25 35 10 0.03125
35 36 26 35 11 0.0625
36 37 1 36 25 0.015625
36 37 7 36 52 0.0625
36 37 8 36 53 0.0625
36 37 9 36 54 0.015625
36 37 10 36 55 0.0625
36 37 11 36 56 0.046875
36 37 12 36 57 0.046875
36 37 13 36 58 0.046875
36 37 14 36 59 0.078125
36 37 15 36 60 0.0625
36 37 16 36 61 0.0625
36 37 17 36 62 0.078125
36 37 18 36 63 0.078125
36 37 19 36 64 0.078125
36 37 20 36 65 0.078125
36 37 22 36 7 0.015625
36 37 23 36 8 0.015625
36 37 24 36 9 0.015625
36 37 25 36 10 0.015625
36 37 26 36 11 0.046875
36 37 45 36 58 0.015625
37 38 0 37 59 0.03125
37 38 1 37 60 0.03125
37 38 4 37 64 0.015625
37 38 6 37 65 0.03125
37 38 12 37 7 0.015625
37 38 13 37 8 0.015625
37 38 16 37 9 0.015625
37 38 17 37 9 0.015625
37 38 19 37 10 0.015625
37 38 20 37 10 0.015625
37 38 22 37 11 0.015625
37 38 23 37 11 0.015625
37 38 24 37 11 0.015625
37 38 52 37 52 0.015625
37 38 53 37 53 0.015625
37 38 54 37 53 0.015625
37 38 55 37 53 0.015625
37 38 56 37 54 0.015625
37 38 57 37 54 0.015625
37 38 58 37 54 0.015625
37 38 59 37 55 0.015625
37 38 64 37 57 0.015625
37 38 65 37 57 0.015625
37 38 67 37 58 0.015625
37 38 68 37 58 0.015625
37 38 69 37 62 0.0625
37 38 70 37 62 0.015625
37 38 72 37 63 0.015625
37 38 73 37 63 0.015625
37 38 74 37 64 0.015625
37 38 75 37 64 0.015625
37 38 76 37 64 0.015625
37 38 80 37 7 0.015625
37 38 81 37 8 0.015625
37 38 84 37 10 0.015625
37 38 85 37 10 0.015625
37 38 86 37 11 0.015625
37 38 92 37 25 0.015625
37 38 105 37 52 0.015625
37 38 115 37 55 0.015625
37 38 117 37 55 0.015625
37 38 118 37 55 0.015625
37 38 120 37 56 0.015625
37 38 121 37 56 0.015625
37 38 125 37 58 0.015625
37 38 126 37 59 0.03125
37 38 127 37 59 0.03125
37 38 128 37 60 0.03125
37 38 131 37 61 0.015625
37 38 137 37 63 0.015625
37 38 139 37 64 0.03125
37 38 141 37 65 0.015625
37 38 148 37 10 0.015625
37 38 173 37 61 0.015625
38 39 0 38 73 0.03125
38 39 1 38 74 0.046875
38 39 2 38 75 0.015625
38 39 3 38 76 0.03125
38 39 4 38 77 0.015625
38 39 5 38 78 0.015625
38 39 6 38 79 0.046875
38 39 7 38 12 0.015625
38 39 8 38 13 0.015625
38 39 9 38 14 0.015625
38 39 11 38 16 0.015625
38 39 13 38 66 0.046875
38 39 14 38 67 0.0625
38 39 15 38 68 0.046875
38 39 16 38 69 0.046875
38 39 17 38 70 0.046875
38 39 18 38 71 0.0625
38 39 19 38 72 0.046875
38 39 20 38 45 0.015625
38 39 21 38 46 0.046875
38 39 22 38 47 0.03125
38 39 23 38 48 0.046875
38 39 24 38 49 0.046875
38 39 25 38 50 0.046875
38 39 26 38 51 0.0625
38 39 29 38 69 0.015625
38 39 30 38 45 0.015625
38 39 44 38 78 0.015625
38 39 54 38 69 0.015625
38 39 62 38 46 0.015625
39 40 0 39 73 0.03125
39 40 1 39 74 0.03125
39 40 2 39 75 0.046875
39 40 4 39 77 0.03125
39 40 5 39 78 0.03125
39 40 6 39 79 0.015625
39 40 7 39 12 0.015625
39 40 8 39 13 0.03125
39 40 9 39 14 0.015625
39 40 12 39 17 0.015625
39 40 13 39 66 0.046875
39 40 14 39 67 0.0625
39 40 15 39 68 0.03125
39 40 16 39 69 0.046875
39 40 17 39 70 0.046875
39 40 18 39 71 0.0625
39 40 19 39 72 0.046875
39 40 20 39 45 0.03125
39 40 21 39 46 0.015625
39 40 22 39 47 0.03125
39 40 23 39 48 0.0625
39 40 24 39 49 0.046875
39 40 25 39 50 0.046875
39 40 26 39 51 0.046875
39 40 28 39 45 0.015625
39 40 29 39 46 0.03125
39 40 30 39 47 0.015625
39 40 31 39 51 0.015625
39 40 32 39 51 0.015625
39 40 52 39 66 0.015625
40 41 0 40 73 0.015625
40 41 1 40 74 0.03125
40 41 2 40 75 0.046875
40 41 3 40 76 0.046875
40 41 4 40 77 0.015625
40 41 5 40 78 0.015625
40 41 6 40 79 0.03125
40 41 7 40 12 0.046875
40 41 8 40 13 0.015625
40 41 9 40 14 0.015625
40 41 13 40 66 0.0625
40 41 14 40 67 0.046875
40 41 15 40 68 0.0625
40 41 16 40 69 0.046875
40 41 17 40 70 0.046875
40 41 18 40 71 0.03125
40 41 19 40 72 0.046875
40 41 20 40 45 0.03125
40 41 21 40 46 0.015625
40 41 22 40 47 0.046875
40 41 23 40 48 0.0625
40 41 24 40 49 0.046875
40 41 25 40 50 0.03125
40 41 26 40 51 0.046875
40 41 27 40 77 0.015625
40 41 28 40 79 0.015625
40 41 29 40 79 0.015625
40 41 34 40 76 0.015625
40 41 47 40 70 0.015625
40 41 50 40 45 0.015625
41 42 0 41 73 0.03125
41 42 1 41 74 0.015625
41 42 2 41 75 0.015625
41 42 3 41 76 0.046875
41 42 4 41 77 0.015625
41 42 5 41 78 0.03125
41 42 6 41 79 0.03125
41 42 7 41 12 0.03125
41 42 8 41 13 0.015625
41 42 9 41 14 0.015625
41 42 13 41 66 0.046875
41 42 14 41 67 0.0625
41 42 15 41 68 0.046875
41 42 16 41 69 0.03125
41 42 17 41 70 0.046875
41 42 18 41 71 0.046875
41 42 19 41 72 0.046875
41 42 20 41 45 0.015625
41 42 21 41 46 0.046875
41 42 22 41 47 0.046875
41 42 23 41 48 0.0625
41 42 24 41 49 0.09375
41 42 25 41 50 0.03125
41 42 26 41 51 0.046875
41 42 27 41 77 0.015625
41 42 28 41 45 0.015625
41 42 29 41 47 0.015625
41 42 55 41 72 0.015625
41 42 57 41 51 0.015625
42 43 0 42 73 0.015625
42 43 1 42 74 0.046875
42 43 2 42 75 0.015625
42 43 3 42 76 0.015625
42 43 4 42 77 0.046875
42 43 5 42 78 0.03125
42 43 6 42 79 0.046875
42 43 7 42 12 0.03125
42 43 9 42 14 0.015625
42 43 10 42 15 0.015625
42 43 13 42 66 0.046875
42 43 14 42 67 0.0625
42 43 15 42 68 0.0625
42 43 16 42 69 0.046875
42 43 17 42 70 0.046875
42 43 18 42 71 0.0625
42 43 19 42 72 0.0625
42 43 20 42 45 0.03125
42 43 21 42 46 0.046875
42 43 22 42 47 0.046875
42 43 23 42 48 0.046875
42 43 24 42 49 0.046875
42 43 25 42 50 0.046875
42 43 26 42 51 0.015625
42 43 35 42 76 0.015625
42 43 54 42 48 0.015625
42 43 56 42 50 0.015625
43 44 0 43 73 0.046875
43 44 1 43 74 0.03125
43 44 2 43 75 0.03125
43 44 3 43 76 0.03125
43 44 4 43 77 0.03125
43 44 5 43 78 0.03125
43 44 6 43 79 0.03125
43 44 7 43 12 0.03125
43 44 8 43 13 0.015625
43 44 9 43 14 0.015625
43 44 13 43 66 0.046875
43 44 14 43 67 0.046875
43 44 15 43 68 0.046875
43 44 16 43 69 0.03125
43 44 17 43 70 0.078125
43 44 18 43 71 0.0625
43 44 19 43 72 0.046875
43 44 20 43 45 0.03125
43 44 21 43 46 0.046875
43 44 22 43 47 0.03125
43 44 23 43 48 0.046875
43 44 24 43 49 0.046875
43 44 25 43 50 0.03125
43 44 26 43 51 0.015625
43 44 29 43 69 0.015625
43 44 30 43 47 0.015625
43 44 43 43 78 0.015625
43 44 57 43 67 0.015625
43 44 61 43 72 0.015625
43 44 65 43 50 0.015625
44 28 0 44 73 0.03125
44 28 1 44 74 0.015625
44 28 5 44 77 0.015625
44 28 6 44 77 0.015625
44 28 8 44 78 0.015625
44 28 9 44 78 0.015625
44 28 11 44 78 0.03125
44 28 12 44 79 0.015625
44 28 16 44 12 0.015625
44 28 17 44 12 0.015625
44 28 18 44 12 0.015625
44 28 19 44 13 0.015625
44 28 20 44 13 0.015625
44 28 23 44 17 0.015625
44 28 24 44 17 0.015625
44 28 30 44 75 0.015625
44 28 33 44 77 0.015625
44 28 35 44 79 0.015625
44 28 37 44 79 0.015625
44 28 40 44 14 0.015625
44 28 46 44 66 0.015625
44 28 47 44 67 0.015625
44 28 48 44 68 0.015625
44 28 51 44 70 0.015625
44 28 52 44 70 0.015625
44 28 53 44 70 0.015625
44 28 56 44 71 0.015625
44 28 57 44 71 0.015625
44 28 58 44 71 0.015625
44 28 60 44 72 0.015625
44 28 62 44 72 0.015625
44 28 63 44 45 0.015625
44 28 66 44 47 0.015625
44 28 69 44 48 0.015625
44 28 70 44 49 0.015625
44 28 72 44 50 0.03125
44 28 80 44 74 0.015625
44 28 81 44 74 0.015625
44 28 93 44 79 0.015625
44 28 116 44 67 0.015625
44 28 117 44 67 0.03125
44 28 120 44 68 0.03125
44 28 121 44 68 0.03125
44 28 122 44 68 0.015625
44 28 127 44 70 0.015625
44 28 129 44 71 0.015625
44 28 131 44 72 0.015625
44 28 133 44 45 0.015625
44 28 135 44 46 0.015625
44 28 139 44 47 0.015625
44 28 142 44 49 0.015625
44 28 143 44 50 0.015625
44 28 145 44 50 0.015625
44 28 147 44 51 0.015625
44 28 148 44 51 0.015625
44 28 154 44 78 0.015625
44 28 168 44 67 0.015625
44 28 176 44 72 0.015625
44 45 0 44 45 0.09375
44 45 1 44 73 0.046875
44 45 2 44 74 0.03125
44 45 3 44 75 0.03125
44 45 4 44 76 0.03125
44 45 5 44 77 0.03125
44 45 6 44 78 0.015625
44 45 7 44 79 0.015625
44 45 8 44 66 0.03125
44 45 9 44 67 0.03125
44 45 10 44 68 0.03125
44 45 11 44 69 0.03125
44 45 12 44 70 0.046875
44 45 13 44 71 0.03125
44 45 14 44 72 0.03125
44 45 39 44 66 0.015625
44 45 42 44 71 0.015625
44 45 43 44 71 0.015625
44 45 44 44 46 0.015625
44 45 45 44 46 0.015625
44 45 46 44 46 0.03125
44 45 49 44 46 0.015625
44 45 50 44 47 0.015625
44 45 51 44 47 0.015625
44 45 52 44 47 0.015625
44 45 55 44 48 0.015625
44 45 56 44 48 0.015625
44 45 60 44 49 0.015625
44 45 61 44 49 0.015625
44 45 62 44 50 0.015625
44 45 67 44 50 0.015625
44 45 68 44 50 0.015625
44 45 69 44 51 0.03125
44 45 71 44 51 0.015625
44 45 72 44 51 0.015625
44 45 82 44 12 0.015625
44 45 83 44 12 0.015625
44 45 88 44 14 0.015625
44 45 93 44 46 0.015625
44 45 94 44 49 0.015625
44 45 95 44 51 0.015625
44 45 113 44 46 0.015625
44 45 116 44 50 0.015625
45 27 0 45 73 0.03125
45 27 1 45 73 0.015625
45 27 3 45 74 0.015625
45 27 4 45 74 0.03125
45 27 6 45 77 0.046875
45 27 8 45 77 0.015625
45 27 9 45 78 0.015625
45 27 10 45 78 0.015625
45 27 11 45 78 0.03125
45 27 16 45 19 0.015625
45 27 17 45 19 0.015625
45 27 19 45 20 0.015625
45 27 20 45 21 0.015625
45 27 22 45 21 0.015625
45 27 23 45 21 0.015625
45 27 24 45 21 0.015625
45 27 25 45 22 0.015625
45 27 26 45 22 0.03125
45 27 31 45 76 0.03125
45 27 33 45 79 0.015625
45 27 36 45 19 0.015625
45 27 37 45 19 0.015625
45 27 39 45 21 0.015625
45 27 41 45 22 0.015625
45 27 44 45 66 0.03125
45 27 48 45 70 0.046875
45 27 49 45 70 0.015625
45 27 54 45 71 0.015625
45 27 55 45 71 0.015625
45 27 60 45 72 0.015625
45 27 62 45 72 0.03125
45 27 64 45 38 0.015625
45 27 65 45 38 0.015625
45 27 66 45 38 0.015625
45 27 68 45 39 0.015625
45 27 70 45 39 0.015625
45 27 73 45 41 0.015625
45 27 74 45 42 0.015625
45 27 75 45 44 0.015625
45 27 77 45 44 0.015625
45 27 83 45 75 0.015625
45 27 85 45 76 0.015625
45 27 86 45 76 0.015625
45 27 89 45 78 0.015625
45 27 118 45 68 0.015625
45 27 120 45 68 0.015625
45 27 128 45 38 0.015625
45 27 134 45 41 0.015625
45 27 135 45 42 0.015625
45 27 141 45 44 0.015625
45 27 147 45 74 0.015625
45 27 155 45 79 0.015625
45 27 168 45 71 0.015625
