28_0_0_100_0_0 25 75 0.430439 0.111367 0.580249 9.56205 85.0283 2.58658
28_0_0_100_0_0 25 75 50 32325 1129302000 34935.9 646.5 22586040 1.0643e+08
28_0_0_100_1_1 25 75 0.430439 0.111367 0.580249 9.56205 85.0283 2.58658
28_0_0_100_1_1 25 75 50 32325 1129302000 34935.9 646.5 22586040 1.0643e+08
28_0_0_100_2_2 25 75 0.450171 0.11699 0.612244 10.0941 85.4485 3.04807
28_0_0_100_2_2 25 75 50 32324 1159141500 35860.1 646.48 23182830 1.08047e+08
28_0_0_100_3_3 25 75 0.444386 0.110674 0.579834 9.5109 81.7696 2.63135
28_0_0_100_3_3 25 75 50 32338 1075801500 33267.4 646.76 21516030 9.04016e+07
28_0_0_100_4_4 25 75 0.504769 0.11473 0.597024 10.1879 108.234 2.92621
28_0_0_100_4_4 25 75 50 32214 1180723500 36652.5 644.28 23614470 1.38364e+08
28_0_0_100_5_5 25 75 0.572818 0.111181 0.654782 10.6522 98.0795 3.5312
28_0_0_100_5_5 25 75 50 32247 1176516000 36484.5 644.94 23530320 1.27223e+08
28_0_0_100_6_6 25 75 0.417805 0.107526 0.600181 9.51022 74.0809 2.86812
28_0_0_100_6_6 25 75 50 32226 1109172000 34418.5 644.52 22183440 1.01232e+08
28_0_0_100_7_7 25 75 0.410504 0.110761 0.566406 8.09051 105.643 2.36504
28_0_0_100_7_7 25 75 50 32184 1140889500 35449 643.68 22817790 1.1391e+08
28_0_0_100_8_8 25 75 0.425685 0.108148 0.518091 8.90852 91.1439 2.14393
28_0_0_100_8_8 25 75 50 32354 1125111000 34775 647.08 22502220 9.92251e+07
28_0_0_100_9_9 25 75 0.379223 0.104517 0.501549 9.26171 79.5868 2.28046
28_0_0_100_9_9 25 75 50 32132 1104229500 34365.4 642.64 22084590 8.61383e+07
