1_625_1000_100_0_0 25 75 0.474877 0.105046 0.561451 9.76714 139.304 2.779
1_625_1000_100_0_0 25 75 50 393217 13661895000 34743.9 7864.34 273237900 1.24796e+09
1_625_1000_100_1_1 25 75 0.474877 0.105046 0.561451 9.76714 139.304 2.779
1_625_1000_100_1_1 25 75 50 393217 13661895000 34743.9 7864.34 273237900 1.24796e+09
1_625_1000_100_2_2 25 75 0.465837 0.105576 0.561719 9.68652 170.432 2.72273
1_625_1000_100_2_2 25 75 50 393085 13675692000 34790.7 7861.7 273513840 1.23141e+09
1_625_1000_100_3_3 25 75 0.503692 0.107019 0.585633 10.2203 121.356 3.00775
1_625_1000_100_3_3 25 75 50 393145 13803864000 35111.4 7862.9 276077280 1.4105e+09
1_625_1000_100_4_4 25 75 0.501457 0.105681 0.561863 10.0542 163.806 2.72804
1_625_1000_100_4_4 25 75 50 393361 13762683000 34987.4 7867.22 275253660 1.30598e+09
1_625_1000_100_5_5 25 75 0.50393 0.105977 0.563905 9.92446 118.619 2.75165
1_625_1000_100_5_5 25 75 50 393287 13725267000 34898.9 7865.74 274505340 1.23735e+09
1_625_1000_100_6_6 25 75 0.548718 0.10908 0.600574 10.333 170.679 3.0994
1_625_1000_100_6_6 25 75 50 392806 13885348500 35349.1 7856.12 277706970 1.39688e+09
1_625_1000_100_7_7 25 75 0.525758 0.106371 0.580632 10.1881 167.895 2.97707
1_625_1000_100_7_7 25 75 50 392775 13655086500 34765.7 7855.5 273101730 1.2627e+09
1_625_1000_100_8_8 25 75 0.471505 0.106966 0.586812 9.86516 113.432 2.88386
1_625_1000_100_8_8 25 75 50 392289 13671070500 34849.5 7845.78 273421410 1.22653e+09
1_625_1000_100_9_9 25 75 0.487226 0.103606 0.549242 9.70206 164.806 2.59824
1_625_1000_100_9_9 25 75 50 393334 13567972500 34494.8 7866.68 271359450 1.17741e+09
