8_875_1000_1000_0_0 250 750 0.576476 0.138423 1.85574 9.96036 135.313 5.44757
8_875_1000_1000_0_0 250 750 500 656467 23068353000 35140.2 1312.93 46136706 4.11833e+08
8_875_1000_1000_1_1 250 750 0.576476 0.138423 1.85574 9.96036 135.313 5.44757
8_875_1000_1000_1_1 250 750 500 656467 23068353000 35140.2 1312.93 46136706 4.11833e+08
8_875_1000_1000_2_2 250 750 0.560635 0.137888 1.78129 9.87865 148.966 5.24471
8_875_1000_1000_2_2 250 750 500 654647 22581474000 34494.1 1309.29 45162948 3.66137e+08
8_875_1000_1000_3_3 250 750 0.561532 0.137669 1.79388 9.9032 429.596 5.25904
8_875_1000_1000_3_3 250 750 500 654401 22515646500 34406.5 1308.8 45031293 3.65744e+08
8_875_1000_1000_4_4 250 750 0.580811 0.138796 1.90758 9.94695 237.807 5.5156
8_875_1000_1000_4_4 250 750 500 653581 23128140000 35386.8 1307.16 46256280 4.10954e+08
8_875_1000_1000_5_5 250 750 0.575473 0.138597 1.85962 10.0666 110.076 5.44219
8_875_1000_1000_5_5 250 750 500 653126 22966060500 35163.3 1306.25 45932121 4.0268e+08
8_875_1000_1000_6_6 250 750 0.571825 0.138114 1.87007 9.91389 126.348 5.36785
8_875_1000_1000_6_6 250 750 500 653034 22609795500 34622.7 1306.07 45219591 4.00386e+08
8_875_1000_1000_7_7 250 750 0.569556 0.137663 1.77294 9.97688 727.755 5.35283
8_875_1000_1000_7_7 250 750 500 654164 22693593000 34691 1308.33 45387186 3.98142e+08
8_875_1000_1000_8_8 250 750 0.570315 0.138607 1.83819 9.97709 201.988 5.43027
8_875_1000_1000_8_8 250 750 500 656051 22745002500 34669.6 1312.1 45490005 3.75183e+08
8_875_1000_1000_9_9 250 750 0.56597 0.137848 1.8198 9.87731 480.258 5.32406
8_875_1000_1000_9_9 250 750 500 652697 22599909000 34625.4 1305.39 45199818 3.73712e+08
