1_325_1000_320_0_0 80 240 0.696312 0.148784 0.746781 10.3275 435.437 2.92804
1_325_1000_320_0_0 80 240 160 3076390 80302039500 26102.7 19227.4 5.01888e+08 1.65945e+09
1_325_1000_320_1_1 80 240 0.696312 0.148784 0.746781 10.3275 435.437 2.92804
1_325_1000_320_1_1 80 240 160 3076390 80302039500 26102.7 19227.4 5.01888e+08 1.65945e+09
1_325_1000_320_2_2 80 240 0.792735 0.149123 0.759457 10.7229 564.864 3.10527
1_325_1000_320_2_2 80 240 160 3078088 80288194500 26083.8 19238 5.01801e+08 1.81851e+09
1_325_1000_320_3_3 80 240 0.781554 0.148357 0.745131 10.5809 467.386 3.00216
1_325_1000_320_3_3 80 240 160 3077068 80327895000 26105.3 19231.7 5.02049e+08 1.85223e+09
1_325_1000_320_4_4 80 240 0.74066 0.148373 0.747207 10.4967 405.516 2.9664
1_325_1000_320_4_4 80 240 160 3075743 80283831000 26102.3 19223.4 5.01774e+08 1.85517e+09
1_325_1000_320_5_5 80 240 0.73425 0.148051 0.743336 10.3808 499.86 2.92297
1_325_1000_320_5_5 80 240 160 3077497 80172001500 26051 19234.4 5.01075e+08 1.73835e+09
1_325_1000_320_6_6 80 240 0.70039 0.14839 0.73486 10.259 449.921 2.84897
1_325_1000_320_6_6 80 240 160 3075635 80239957500 26088.9 19222.7 5.015e+08 1.68747e+09
1_325_1000_320_7_7 80 240 0.735433 0.148224 0.738997 10.4601 412.767 2.93981
1_325_1000_320_7_7 80 240 160 3075348 80216340000 26083.7 19220.9 501352125 1.76543e+09
1_325_1000_320_8_8 80 240 0.731847 0.148692 0.742224 10.3785 417.072 2.90846
1_325_1000_320_8_8 80 240 160 3076756 80332476000 26109.5 19229.7 502077975 1.75103e+09
1_325_1000_320_9_9 80 240 0.776314 0.148609 0.744391 10.5698 560.826 2.9854
1_325_1000_320_9_9 80 240 160 3077717 80218888500 26064.4 19235.7 5.01368e+08 1.76716e+09
