8_0_0_1000_0_0 250 750 0.568479 0.121294 2.1646 10.0777 155.287 5.84815
8_0_0_1000_0_0 250 750 500 591687 20780007000 35119.9 1183.37 41560014 3.2337e+08
8_0_0_1000_1_1 250 750 0.568479 0.121294 2.1646 10.0777 155.287 5.84815
8_0_0_1000_1_1 250 750 500 591687 20780007000 35119.9 1183.37 41560014 3.2337e+08
8_0_0_1000_2_2 250 750 0.563492 0.120845 2.20839 9.99715 86.1496 5.79793
8_0_0_1000_2_2 250 750 500 590047 20370241500 34523.1 1180.09 40740483 2.95046e+08
8_0_0_1000_3_3 250 750 0.557097 0.120651 2.11929 9.9139 389.54 5.65072
8_0_0_1000_3_3 250 750 500 589919 20316625500 34439.7 1179.84 40633251 2.97147e+08
8_0_0_1000_4_4 250 750 0.570316 0.121337 2.16955 9.99222 500.24 5.86875
8_0_0_1000_4_4 250 750 500 589111 20853867000 35398.9 1178.22 41707734 3.29975e+08
8_0_0_1000_5_5 250 750 0.572029 0.121263 2.20689 10.1947 92.4553 5.90604
8_0_0_1000_5_5 250 750 500 588711 20708949000 35176.8 1177.42 41417898 3.17102e+08
8_0_0_1000_6_6 250 750 0.56561 0.120687 2.1903 9.94814 534.535 5.73565
8_0_0_1000_6_6 250 750 500 588775 20372892000 34602.2 1177.55 40745784 3.19004e+08
8_0_0_1000_7_7 250 750 0.560319 0.120526 2.04234 10.0489 447.725 5.7362
8_0_0_1000_7_7 250 750 500 589815 20463345000 34694.5 1179.63 40926690 3.1539e+08
8_0_0_1000_8_8 250 750 0.557371 0.121262 2.12811 9.98688 133.78 5.72509
8_0_0_1000_8_8 250 750 500 591375 20520274500 34699.3 1182.75 41040549 2.95827e+08
8_0_0_1000_9_9 250 750 0.561684 0.120693 2.12927 9.99196 1090.2 5.74731
8_0_0_1000_9_9 250 750 500 588359 20386203000 34649.3 1176.72 40772406 2.99295e+08
