0 1 0 0 1 1.0
0 2 2 0 25 1.0
0 3 1 0 63 1.0
0 4 3 0 25 1.0
0 5 0 0 40 1.0
0 6 8 0 63 1.0
0 8 0 0 8 1.0
0 9 1 0 14 1.0
0 10 0 0 10 1.0
0 11 0 0 11 1.0
0 12 0 0 12 1.0
0 13 0 0 13 1.0
0 15 6 0 43 1.0
0 16 4 0 18 1.0
0 17 1 0 25 1.0
0 18 0 0 18 1.0
0 19 6 0 53 1.0
0 20 0 0 20 1.0
0 21 0 0 21 1.0
0 22 0 0 22 1.0
0 23 0 0 23 1.0
0 24 7 0 45 1.0
0 26 1 0 18 1.0
0 27 8 0 43 1.0
0 29 0 0 29 1.0
0 30 1 0 14 1.0
0 31 4 0 23 1.0
0 32 0 0 10 1.0
0 33 3 0 25 1.0
0 34 1 0 14 1.0
0 35 2 0 25 1.0
0 36 6 0 63 1.0
0 37 0 0 37 1.0
0 38 1 0 14 1.0
0 39 4 0 14 1.0
0 40 0 0 40 1.0
0 41 5 0 37 1.0
0 42 3 0 25 1.0
0 43 0 0 43 1.0
0 44 4 0 53 1.0
0 45 0 0 45 1.0
0 46 0 0 46 1.0
0 47 0 0 47 1.0
0 48 3 0 14 1.0
0 49 1 0 10 1.0
0 50 4 0 18 1.0
0 51 1 0 8 1.0
0 52 6 0 1 1.0
0 53 0 0 53 1.0
0 54 0 0 54 1.0
0 55 2 0 18 1.0
0 56 0 0 54 1.0
0 57 4 0 63 1.0
0 58 2 0 12 1.0
0 59 0 0 59 1.0
0 60 3 0 14 1.0
0 61 3 0 14 1.0
0 62 3 0 59 1.0
0 63 0 0 63 1.0
0 64 3 0 25 1.0
0 65 1 0 14 1.0
0 66 7 0 29 1.0
0 67 3 0 59 1.0
0 68 2 0 25 1.0
0 69 0 0 25 1.0
0 70 0 0 70 1.0
0 71 2 0 14 1.0
0 72 3 0 63 1.0
0 74 1 0 14 1.0
0 75 2 0 25 1.0
0 76 6 0 20 1.0
0 77 3 0 14 1.0
0 78 2 0 25 1.0
0 79 0 0 79 1.0
1 0 0 1 0 1.0
1 2 0 1 2 1.0
1 3 0 1 52 1.0
1 4 1 1 13 1.0
1 5 0 1 5 1.0
1 6 0 1 6 1.0
1 8 0 1 8 1.0
1 9 3 1 52 1.0
1 10 0 1 40 1.0
1 11 0 1 79 1.0
1 12 3 1 77 1.0
1 13 0 1 13 1.0
1 15 0 1 15 1.0
1 16 0 1 16 1.0
1 17 7 1 64 1.0
1 18 0 1 18 1.0
1 19 0 1 19 1.0
1 20 5 1 55 1.0
1 21 5 1 66 1.0
1 22 0 1 22 1.0
1 23 5 1 52 1.0
1 24 0 1 13 1.0
1 26 6 1 50 1.0
1 27 0 1 22 1.0
1 29 0 1 40 1.0
1 30 0 1 30 1.0
1 31 7 1 66 1.0
1 32 1 1 15 1.0
1 33 0 1 79 1.0
1 34 2 1 35 1.0
1 35 0 1 35 1.0
1 36 3 1 52 1.0
1 37 3 1 52 1.0
1 38 4 1 30 1.0
1 39 9 1 64 1.0
1 40 0 1 40 1.0
1 41 6 1 35 1.0
1 42 5 1 77 1.0
1 43 5 1 77 1.0
1 44 3 1 52 1.0
1 45 8 1 50 1.0
1 46 3 1 77 1.0
1 47 0 1 0 1.0
1 48 8 1 64 1.0
1 49 1 1 13 1.0
1 50 0 1 50 1.0
1 51 6 1 77 1.0
1 52 0 1 52 1.0
1 53 0 1 53 1.0
1 54 6 1 19 1.0
1 55 0 1 55 1.0
1 56 0 1 56 1.0
1 57 0 1 6 1.0
1 58 5 1 16 1.0
1 59 0 1 59 1.0
1 60 2 1 13 1.0
1 61 4 1 16 1.0
1 62 0 1 62 1.0
1 63 0 1 40 1.0
1 64 0 1 64 1.0
1 65 0 1 8 1.0
1 66 0 1 66 1.0
1 67 5 1 52 1.0
1 68 5 1 16 1.0
1 69 4 1 52 1.0
1 70 0 1 79 1.0
1 71 4 1 15 1.0
1 72 0 1 72 1.0
1 74 6 1 72 1.0
1 75 2 1 18 1.0
1 76 0 1 79 1.0
1 77 0 1 77 1.0
1 78 5 1 35 1.0
1 79 0 1 79 1.0
2 0 2 2 25 1.0
2 1 0 2 1 1.0
2 3 4 2 34 1.0
2 4 1 2 25 1.0
2 5 0 2 40 1.0
2 6 6 2 74 1.0
2 8 0 2 25 1.0
2 9 0 2 40 1.0
2 10 0 2 10 1.0
2 11 0 2 11 1.0
2 12 0 2 25 1.0
2 13 2 2 45 1.0
2 15 2 2 11 1.0
2 16 0 2 25 1.0
2 17 0 2 25 1.0
2 18 1 2 25 1.0
2 19 7 2 42 1.0
2 20 0 2 20 1.0
2 21 1 2 20 1.0
2 22 3 2 42 1.0
2 23 2 2 29 1.0
2 24 0 2 24 1.0
2 26 0 2 20 1.0
2 27 2 2 20 1.0
2 29 0 2 29 1.0
2 30 5 2 31 1.0
2 31 0 2 31 1.0
2 32 1 2 46 1.0
2 33 1 2 25 1.0
2 34 0 2 34 1.0
2 35 1 2 25 1.0
2 36 4 2 39 1.0
2 37 0 2 37 1.0
2 38 0 2 11 1.0
2 39 0 2 39 1.0
2 40 0 2 40 1.0
2 41 0 2 41 1.0
2 42 0 2 42 1.0
2 43 0 2 43 1.0
2 44 0 2 44 1.0
2 45 0 2 45 1.0
2 46 0 2 46 1.0
2 47 0 2 46 1.0
2 48 5 2 29 1.0
2 49 2 2 29 1.0
2 50 4 2 45 1.0
2 51 4 2 42 1.0
2 52 2 2 25 1.0
2 53 5 2 39 1.0
2 54 0 2 25 1.0
2 55 0 2 55 1.0
2 56 0 2 56 1.0
2 57 0 2 25 1.0
2 58 4 2 34 1.0
2 59 5 2 74 1.0
2 60 5 2 31 1.0
2 61 3 2 39 1.0
2 62 1 2 42 1.0
2 63 0 2 63 1.0
2 64 7 2 39 1.0
2 65 1 2 29 1.0
2 66 3 2 29 1.0
2 67 5 2 74 1.0
2 68 0 2 68 1.0
2 69 0 2 69 1.0
2 70 0 2 37 1.0
2 71 1 2 43 1.0
2 72 0 2 72 1.0
2 74 0 2 74 1.0
2 75 0 2 75 1.0
2 76 3 2 29 1.0
2 77 1 2 25 1.0
2 78 1 2 25 1.0
2 79 5 2 39 1.0
3 0 1 3 63 1.0
3 1 0 3 52 1.0
3 2 4 3 34 1.0
3 4 0 3 4 1.0
3 5 0 3 5 1.0
3 6 2 3 33 1.0
3 8 5 3 28 1.0
3 9 7 3 65 1.0
3 10 4 3 33 1.0
3 11 8 3 65 1.0
3 12 2 3 34 1.0
3 13 10 3 28 1.0
3 15 0 3 15 1.0
3 16 1 3 50 1.0
3 17 5 3 26 1.0
3 18 2 3 50 1.0
3 19 6 3 28 1.0
3 20 7 3 26 1.0
3 21 6 3 28 1.0
3 22 5 3 26 1.0
3 23 3 3 76 1.0
3 24 0 3 24 1.0
3 26 0 3 26 1.0
3 27 5 3 28 1.0
3 29 6 3 65 1.0
3 30 6 3 60 1.0
3 31 7 3 28 1.0
3 32 0 3 32 1.0
3 33 0 3 33 1.0
3 34 0 3 34 1.0
3 35 4 3 34 1.0
3 36 0 3 36 1.0
3 37 7 3 28 1.0
3 38 5 3 28 1.0
3 39 0 3 43 1.0
3 40 5 3 28 1.0
3 41 0 3 41 1.0
3 42 5 3 65 1.0
3 43 0 3 43 1.0
3 44 6 3 28 1.0
3 45 0 3 45 1.0
3 46 1 3 43 1.0
3 47 0 3 47 1.0
3 48 0 3 48 1.0
3 49 4 3 26 1.0
3 50 0 3 50 1.0
3 51 0 3 51 1.0
3 52 0 3 52 1.0
3 53 3 3 36 1.0
3 54 4 3 28 1.0
3 55 4 3 26 1.0
3 56 4 3 4 1.0
3 57 0 3 57 1.0
3 58 5 3 26 1.0
3 59 6 3 65 1.0
3 60 0 3 60 1.0
3 61 5 3 36 1.0
3 62 0 3 62 1.0
3 63 0 3 63 1.0
3 64 1 3 15 1.0
3 65 0 3 65 1.0
3 66 7 3 28 1.0
3 67 4 3 57 1.0
3 68 6 3 65 1.0
3 69 7 3 36 1.0
3 70 2 3 33 1.0
3 71 0 3 71 1.0
3 72 0 3 72 1.0
3 74 2 3 72 1.0
3 75 5 3 28 1.0
3 76 0 3 76 1.0
3 77 6 3 28 1.0
3 78 7 3 28 1.0
3 79 2 3 33 1.0
4 0 3 4 25 1.0
4 1 1 4 13 1.0
4 2 1 4 25 1.0
4 3 0 4 3 1.0
4 5 0 4 5 1.0
4 6 0 4 6 1.0
4 8 0 4 8 1.0
4 9 9 4 73 1.0
4 10 0 4 10 1.0
4 11 6 4 73 1.0
4 12 8 4 73 1.0
4 13 0 4 13 1.0
4 15 3 4 33 1.0
4 16 1 4 25 1.0
4 17 9 4 68 1.0
4 18 11 4 73 1.0
4 19 5 4 56 1.0
4 20 9 4 68 1.0
4 21 0 4 21 1.0
4 22 0 4 22 1.0
4 23 0 4 23 1.0
4 24 3 4 45 1.0
4 26 9 4 73 1.0
4 27 9 4 73 1.0
4 29 7 4 68 1.0
4 30 9 4 73 1.0
4 31 0 4 31 1.0
4 32 3 4 21 1.0
4 33 0 4 33 1.0
4 34 4 4 31 1.0
4 35 1 4 25 1.0
4 36 6 4 73 1.0
4 37 1 4 25 1.0
4 38 0 4 38 1.0
4 39 1 4 25 1.0
4 40 0 4 10 1.0
4 41 5 4 42 1.0
4 42 0 4 42 1.0
4 43 9 4 71 1.0
4 44 8 4 73 1.0
4 45 0 4 45 1.0
4 46 0 4 46 1.0
4 47 0 4 47 1.0
4 48 1 4 25 1.0
4 49 1 4 13 1.0
4 50 0 4 50 1.0
4 51 0 4 8 1.0
4 52 2 4 25 1.0
4 53 6 4 73 1.0
4 54 0 4 54 1.0
4 55 0 4 55 1.0
4 56 0 4 56 1.0
4 57 0 4 57 1.0
4 58 8 4 73 1.0
4 59 2 4 47 1.0
4 60 0 4 60 1.0
4 61 3 4 25 1.0
4 62 8 4 60 1.0
4 63 11 4 73 1.0
4 64 2 4 25 1.0
4 65 7 4 3 1.0
4 66 7 4 31 1.0
4 67 8 4 73 1.0
4 68 0 4 68 1.0
4 69 1 4 25 1.0
4 70 8 4 73 1.0
4 71 0 4 71 1.0
4 72 5 4 57 1.0
4 74 3 4 45 1.0
4 75 2 4 25 1.0
4 76 2 4 23 1.0
4 77 8 4 73 1.0
4 78 11 4 71 1.0
4 79 5 4 33 1.0
5 0 0 5 40 1.0
5 1 0 5 1 1.0
5 2 0 5 40 1.0
5 3 0 5 3 1.0
5 4 0 5 4 1.0
5 6 7 5 52 1.0
5 8 1 5 7 1.0
5 9 0 5 9 1.0
5 10 0 5 40 1.0
5 11 10 5 73 1.0
5 12 0 5 12 1.0
5 13 8 5 60 1.0
5 15 6 5 3 1.0
5 16 0 5 16 1.0
5 17 5 5 48 1.0
5 18 7 5 73 1.0
5 19 6 5 36 1.0
5 20 0 5 20 1.0
5 21 5 5 60 1.0
5 22 8 5 48 1.0
5 23 3 5 52 1.0
5 24 1 5 7 1.0
5 26 8 5 73 1.0
5 27 0 5 7 1.0
5 29 0 5 29 1.0
5 30 7 5 73 1.0
5 31 8 5 60 1.0
5 32 0 5 7 1.0
5 33 0 5 33 1.0
5 34 2 5 12 1.0
5 35 1 5 7 1.0
5 36 0 5 36 1.0
5 37 0 5 37 1.0
5 38 9 5 73 1.0
5 39 1 5 7 1.0
5 40 0 5 40 1.0
5 41 3 5 37 1.0
5 42 1 5 7 1.0
5 43 0 5 43 1.0
5 44 8 5 73 1.0
5 45 6 5 3 1.0
5 46 1 5 43 1.0
5 47 1 5 12 1.0
5 48 0 5 48 1.0
5 49 8 5 48 1.0
5 50 0 5 61 1.0
5 51 0 5 51 1.0
5 52 0 5 52 1.0
5 53 8 5 73 1.0
5 54 6 5 73 1.0
5 55 0 5 7 1.0
5 56 8 5 73 1.0
5 57 1 5 7 1.0
5 58 0 5 58 1.0
5 59 0 5 12 1.0
5 60 0 5 60 1.0
5 61 0 5 61 1.0
5 62 0 5 7 1.0
5 63 0 5 63 1.0
5 64 0 5 64 1.0
5 65 1 5 7 1.0
5 66 0 5 66 1.0
5 67 5 5 73 1.0
5 68 1 5 7 1.0
5 69 0 5 69 1.0
5 70 1 5 7 1.0
5 71 3 5 33 1.0
5 72 8 5 74 1.0
5 74 0 5 74 1.0
5 75 3 5 37 1.0
5 76 1 5 7 1.0
5 77 0 5 7 1.0
5 78 1 5 37 1.0
5 79 1 5 33 1.0
6 0 8 6 63 1.0
6 1 0 6 1 1.0
6 2 6 6 74 1.0
6 3 2 6 33 1.0
6 4 0 6 4 1.0
6 5 7 6 52 1.0
6 8 5 6 33 1.0
6 9 0 6 9 1.0
6 10 0 6 10 1.0
6 11 5 6 63 1.0
6 12 0 6 12 1.0
6 13 0 6 13 1.0
6 15 6 6 33 1.0
6 16 6 6 50 1.0
6 17 1 6 67 1.0
6 18 8 6 50 1.0
6 19 3 6 67 1.0
6 20 7 6 76 1.0
6 21 0 6 21 1.0
6 22 0 6 67 1.0
6 23 5 6 21 1.0
6 24 1 6 50 1.0
6 26 0 6 26 1.0
6 27 0 6 27 1.0
6 29 1 6 40 1.0
6 30 10 6 57 1.0
6 31 0 6 9 1.0
6 32 4 6 21 1.0
6 33 0 6 33 1.0
6 34 2 6 12 1.0
6 35 1 6 78 1.0
6 36 2 6 63 1.0
6 37 0 6 37 1.0
6 38 5 6 57 1.0
6 39 3 6 64 1.0
6 40 0 6 40 1.0
6 41 6 6 37 1.0
6 42 5 6 76 1.0
6 43 2 6 33 1.0
6 44 3 6 33 1.0
6 45 6 6 50 1.0
6 46 0 6 78 1.0
6 47 6 6 76 1.0
6 48 5 6 64 1.0
6 49 2 6 10 1.0
6 50 0 6 50 1.0
6 51 0 6 51 1.0
6 52 0 6 52 1.0
6 53 3 6 10 1.0
6 54 2 6 37 1.0
6 55 6 6 26 1.0
6 56 3 6 67 1.0
6 57 0 6 57 1.0
6 58 0 6 58 1.0
6 59 0 6 67 1.0
6 60 0 6 9 1.0
6 61 2 6 37 1.0
6 62 0 6 62 1.0
6 63 0 6 63 1.0
6 64 0 6 64 1.0
6 65 4 6 57 1.0
6 66 0 6 9 1.0
6 67 0 6 67 1.0
6 68 5 6 4 1.0
6 69 4 6 52 1.0
6 70 0 6 79 1.0
6 71 7 6 33 1.0
6 72 0 6 72 1.0
6 74 0 6 74 1.0
6 75 2 6 67 1.0
6 76 0 6 76 1.0
6 77 5 6 52 1.0
6 78 0 6 78 1.0
6 79 0 6 79 1.0
7 14 0 7 14 1.0
7 25 3 7 35 0.05
7 25 9 7 57 0.95
7 28 0 7 28 1.0
7 73 0 7 73 1.0
8 0 0 8 0 1.0
8 1 0 8 1 1.0
8 2 0 8 25 1.0
8 3 5 8 28 1.0
8 4 0 8 4 1.0
8 5 1 8 7 1.0
8 6 5 8 33 1.0
8 9 4 8 73 1.0
8 10 0 8 0 1.0
8 11 0 8 11 1.0
8 12 0 8 25 1.0
8 13 8 8 28 1.0
8 15 10 8 28 1.0
8 16 1 8 7 1.0
8 17 1 8 25 1.0
8 18 1 8 25 1.0
8 19 5 8 77 1.0
8 20 0 8 20 1.0
8 21 5 8 28 1.0
8 22 9 8 51 1.0
8 23 4 8 77 1.0
8 24 1 8 7 1.0
8 26 5 8 73 1.0
8 27 0 8 7 1.0
8 29 3 8 77 1.0
8 30 3 8 73 1.0
8 31 3 8 28 1.0
8 32 0 8 7 1.0
8 33 0 8 33 1.0
8 34 2 8 35 1.0
8 35 0 8 35 1.0
8 36 9 8 73 1.0
8 37 3 8 25 1.0
8 38 9 8 73 1.0
8 39 0 8 39 1.0
8 40 11 8 28 1.0
8 41 0 8 41 1.0
8 42 0 8 42 1.0
8 43 0 8 43 1.0
8 44 1 8 7 1.0
8 45 2 8 0 1.0
8 46 1 8 25 1.0
8 47 4 8 68 1.0
8 48 0 8 25 1.0
8 49 1 8 64 1.0
8 50 6 8 33 1.0
8 51 0 8 51 1.0
8 52 0 8 52 1.0
8 53 9 8 73 1.0
8 54 8 8 73 1.0
8 55 0 8 7 1.0
8 56 6 8 73 1.0
8 57 2 8 25 1.0
8 58 0 8 7 1.0
8 59 3 8 77 1.0
8 60 5 8 28 1.0
8 61 0 8 61 1.0
8 62 0 8 7 1.0
8 63 0 8 63 1.0
8 64 0 8 64 1.0
8 65 0 8 65 1.0
8 66 4 8 28 1.0
8 67 4 8 73 1.0
8 68 0 8 68 1.0
8 69 1 8 25 1.0
8 70 0 8 70 1.0
8 71 5 8 33 1.0
8 72 6 8 33 1.0
8 74 6 8 28 1.0
8 75 1 8 25 1.0
8 76 0 8 7 1.0
8 77 0 8 77 1.0
8 78 0 8 78 1.0
8 79 0 8 79 1.0
9 0 1 9 14 1.0
9 1 3 9 52 1.0
9 2 0 9 40 1.0
9 3 7 9 65 1.0
9 4 9 9 73 1.0
9 5 0 9 5 1.0
9 6 0 9 6 1.0
9 8 4 9 73 1.0
9 10 1 9 14 1.0
9 11 0 9 11 1.0
9 12 9 9 73 1.0
9 13 0 9 13 1.0
9 15 0 9 15 1.0
9 16 0 9 16 1.0
9 17 0 9 67 1.0
9 18 7 9 73 1.0
9 19 0 9 19 1.0
9 20 3 9 60 1.0
9 21 1 9 14 1.0
9 22 0 9 67 1.0
9 23 0 9 23 1.0
9 24 4 9 30 1.0
9 26 0 9 26 1.0
9 27 8 9 73 1.0
9 29 2 9 14 1.0
9 30 0 9 30 1.0
9 31 0 9 31 1.0
9 32 8 9 60 1.0
9 33 8 9 71 1.0
9 34 2 9 14 1.0
9 35 0 9 58 1.0
9 36 7 9 73 1.0
9 37 2 9 14 1.0
9 38 14 9 73 1.0
9 39 2 9 14 1.0
9 40 0 9 40 1.0
9 41 1 9 58 1.0
9 42 3 9 56 1.0
9 43 0 9 14 1.0
9 44 9 9 73 1.0
9 45 0 9 14 1.0
9 46 1 9 19 1.0
9 47 0 9 58 1.0
9 48 1 9 14 1.0
9 49 7 9 30 1.0
9 50 3 9 13 1.0
9 51 3 9 52 1.0
9 52 0 9 52 1.0
9 53 3 9 14 1.0
9 54 4 9 73 1.0
9 55 5 9 66 1.0
9 56 0 9 56 1.0
9 57 0 9 57 1.0
9 58 0 9 58 1.0
9 59 1 9 14 1.0
9 60 0 9 60 1.0
9 61 0 9 61 1.0
9 62 9 9 60 1.0
9 63 8 9 73 1.0
9 64 2 9 40 1.0
9 65 0 9 65 1.0
9 66 0 9 66 1.0
9 67 0 9 67 1.0
9 68 1 9 14 1.0
9 69 0 9 69 1.0
9 70 9 9 73 1.0
9 71 0 9 71 1.0
9 72 7 9 57 1.0
9 74 1 9 14 1.0
9 75 0 9 75 1.0
9 76 6 9 69 1.0
9 77 7 9 73 1.0
9 78 0 9 67 1.0
9 79 7 9 60 1.0
10 0 0 10 0 1.0
10 1 0 10 40 1.0
10 2 0 10 2 1.0
10 3 4 10 33 1.0
10 4 0 10 4 1.0
10 5 0 10 40 1.0
10 6 0 10 6 1.0
10 8 0 10 0 1.0
10 9 1 10 14 1.0
10 11 0 10 40 1.0
10 12 0 10 0 1.0
10 13 0 10 49 1.0
10 15 0 10 15 1.0
10 16 1 10 18 1.0
10 17 0 10 21 1.0
10 18 0 10 18 1.0
10 19 0 10 19 1.0
10 20 1 10 23 1.0
10 21 0 10 21 1.0
10 22 1 10 0 1.0
10 23 0 10 23 1.0
10 24 4 10 64 1.0
10 26 2 10 21 1.0
10 27 8 10 32 1.0
10 29 0 10 29 1.0
10 30 2 10 14 1.0
10 31 1 10 23 1.0
10 32 0 10 32 1.0
10 33 0 10 33 1.0
10 34 1 10 14 1.0
10 35 0 10 40 1.0
10 36 3 10 53 1.0
10 37 1 10 14 1.0
10 38 0 10 14 1.0
10 39 2 10 14 1.0
10 40 0 10 40 1.0
10 41 0 10 21 1.0
10 42 2 10 53 1.0
10 43 0 10 43 1.0
10 44 2 10 53 1.0
10 45 1 10 14 1.0
10 46 3 10 43 1.0
10 47 1 10 0 1.0
10 48 0 10 48 1.0
10 49 0 10 49 1.0
10 50 0 10 14 1.0
10 51 2 10 43 1.0
10 52 0 10 52 1.0
10 53 0 10 53 1.0
10 54 0 10 0 1.0
10 55 1 10 23 1.0
10 56 1 10 23 1.0
10 57 1 10 21 1.0
10 58 5 10 75 1.0
10 59 0 10 59 1.0
10 60 0 10 60 1.0
10 61 1 10 14 1.0
10 62 3 10 52 1.0
10 63 0 10 63 1.0
10 64 0 10 64 1.0
10 65 0 10 14 1.0
10 66 2 10 21 1.0
10 67 2 10 21 1.0
10 68 0 10 14 1.0
10 69 4 10 53 1.0
10 70 1 10 14 1.0
10 71 0 10 71 1.0
10 72 0 10 63 1.0
10 74 1 10 14 1.0
10 75 0 10 75 1.0
10 76 0 10 76 1.0
10 77 0 10 40 1.0
10 78 7 10 32 1.0
10 79 5 10 33 1.0
11 0 0 11 0 1.0
11 1 0 11 79 1.0
11 2 0 11 2 1.0
11 3 8 11 65 1.0
11 4 6 11 73 1.0
11 5 10 11 73 1.0
11 6 5 11 63 1.0
11 8 0 11 8 1.0
11 9 0 11 9 1.0
11 10 0 11 40 1.0
11 12 9 11 73 1.0
11 13 4 11 50 1.0
11 15 0 11 15 1.0
11 16 4 11 25 1.0
11 17 1 11 25 1.0
11 18 0 11 79 1.0
11 19 0 11 38 1.0
11 20 6 11 2 1.0
11 21 2 11 63 1.0
11 22 1 11 79 1.0
11 23 7 11 76 1.0
11 24 0 11 24 1.0
11 26 8 11 73 1.0
11 27 0 11 27 1.0
11 29 0 11 29 1.0
11 30 7 11 73 1.0
11 31 8 11 66 1.0
11 32 0 11 27 1.0
11 33 0 11 79 1.0
11 34 3 11 2 1.0
11 35 2 11 25 1.0
11 36 0 11 36 1.0
11 37 0 11 37 1.0
11 38 0 11 38 1.0
11 39 3 11 25 1.0
11 40 0 11 40 1.0
11 41 1 11 37 1.0
11 42 2 11 25 1.0
11 43 0 11 43 1.0
11 44 8 11 73 1.0
11 45 9 11 24 1.0
11 46 1 11 25 1.0
11 47 1 11 0 1.0
11 48 3 11 29 1.0
11 49 1 11 29 1.0
11 50 0 11 50 1.0
11 51 0 11 51 1.0
11 52 7 11 69 1.0
11 53 6 11 73 1.0
11 54 6 11 73 1.0
11 55 0 11 55 1.0
11 56 6 11 73 1.0
11 57 0 11 57 1.0
11 58 5 11 73 1.0
11 59 1 11 0 1.0
11 60 7 11 73 1.0
11 61 3 11 25 1.0
11 62 2 11 69 1.0
11 63 0 11 63 1.0
11 64 3 11 25 1.0
11 65 0 11 65 1.0
11 66 0 11 66 1.0
11 67 5 11 73 1.0
11 68 1 11 25 1.0
11 69 0 11 69 1.0
11 70 11 11 73 1.0
11 71 6 11 65 1.0
11 72 2 11 63 1.0
11 74 1 11 2 1.0
11 75 0 11 75 1.0
11 76 0 11 76 1.0
11 77 1 11 8 1.0
11 78 4 11 25 1.0
11 79 0 11 79 1.0
12 0 0 12 0 1.0
12 1 3 12 77 1.0
12 2 0 12 25 1.0
12 3 2 12 34 1.0
12 4 8 12 73 1.0
12 5 0 12 5 1.0
12 6 0 12 6 1.0
12 8 0 12 25 1.0
12 9 9 12 73 1.0
12 10 0 12 0 1.0
12 11 9 12 73 1.0
12 13 6 12 41 1.0
12 15 2 12 41 1.0
12 16 1 12 58 1.0
12 17 3 12 25 1.0
12 18 3 12 25 1.0
12 19 1 12 58 1.0
12 20 0 12 20 1.0
12 21 8 12 41 1.0
12 22 1 12 54 1.0
12 23 7 12 31 1.0
12 24 0 12 54 1.0
12 26 0 12 58 1.0
12 27 10 12 73 1.0
12 29 0 12 58 1.0
12 30 0 12 30 1.0
12 31 0 12 31 1.0
12 32 2 12 35 1.0
12 33 0 12 25 1.0
12 34 0 12 34 1.0
12 35 0 12 35 1.0
12 36 8 12 73 1.0
12 37 0 12 37 1.0
12 38 0 12 38 1.0
12 39 0 12 25 1.0
12 40 5 12 5 1.0
12 41 0 12 41 1.0
12 42 1 12 25 1.0
12 43 5 12 51 1.0
12 44 4 12 73 1.0
12 45 2 12 37 1.0
12 46 1 12 25 1.0
12 47 0 12 47 1.0
12 48 0 12 48 1.0
12 49 0 12 58 1.0
12 50 2 12 37 1.0
12 51 0 12 51 1.0
12 52 7 12 69 1.0
12 53 6 12 73 1.0
12 54 0 12 54 1.0
12 55 1 12 20 1.0
12 56 9 12 73 1.0
12 57 0 12 38 1.0
12 58 0 12 58 1.0
12 59 0 12 59 1.0
12 60 7 12 73 1.0
12 61 3 12 37 1.0
12 62 7 12 69 1.0
12 63 7 12 73 1.0
12 64 1 12 25 1.0
12 65 3 12 34 1.0
12 66 0 12 66 1.0
12 67 0 12 67 1.0
12 68 0 12 68 1.0
12 69 0 12 69 1.0
12 70 6 12 73 1.0
12 71 0 12 58 1.0
12 72 6 12 76 1.0
12 74 2 12 20 1.0
12 75 0 12 75 1.0
12 76 0 12 76 1.0
12 77 0 12 77 1.0
12 78 2 12 25 1.0
12 79 2 12 75 1.0
13 0 0 13 0 1.0
13 1 0 13 1 1.0
13 2 2 13 45 1.0
13 3 10 13 28 1.0
13 4 0 13 4 1.0
13 5 8 13 60 1.0
13 6 0 13 6 1.0
13 8 8 13 28 1.0
13 9 0 13 9 1.0
13 10 0 13 49 1.0
13 11 4 13 50 1.0
13 12 6 13 41 1.0
13 15 0 13 15 1.0
13 16 0 13 16 1.0
13 17 4 13 24 1.0
13 18 0 13 18 1.0
13 19 8 13 28 1.0
13 20 1 13 45 1.0
13 21 8 13 28 1.0
13 22 3 13 18 1.0
13 23 5 13 30 1.0
13 24 0 13 24 1.0
13 26 7 13 50 1.0
13 27 5 13 28 1.0
13 29 0 13 49 1.0
13 30 0 13 30 1.0
13 31 8 13 28 1.0
13 32 5 13 28 1.0
13 33 0 13 33 1.0
13 34 3 13 50 1.0
13 35 5 13 50 1.0
13 36 0 13 61 1.0
13 37 7 13 28 1.0
13 38 7 13 28 1.0
13 39 5 13 24 1.0
13 40 9 13 28 1.0
13 41 0 13 41 1.0
13 42 1 13 77 1.0
13 43 5 13 33 1.0
13 44 6 13 28 1.0
13 45 0 13 45 1.0
13 46 7 13 68 1.0
13 47 0 13 47 1.0
13 48 0 13 48 1.0
13 49 0 13 49 1.0
13 50 0 13 50 1.0
13 51 4 13 77 1.0
13 52 1 13 1 1.0
13 53 3 13 1 1.0
13 54 7 13 28 1.0
13 55 4 13 16 1.0
13 56 3 13 30 1.0
13 57 5 13 30 1.0
13 58 5 13 16 1.0
13 59 6 13 30 1.0
13 60 0 13 60 1.0
13 61 0 13 61 1.0
13 62 0 13 62 1.0
13 63 0 13 63 1.0
13 64 1 13 49 1.0
13 65 3 13 33 1.0
13 66 0 13 66 1.0
13 67 4 13 50 1.0
13 68 0 13 68 1.0
13 69 6 13 66 1.0
13 70 2 13 18 1.0
13 71 4 13 33 1.0
13 72 8 13 74 1.0
13 74 0 13 74 1.0
13 75 6 13 28 1.0
13 76 7 13 24 1.0
13 77 0 13 77 1.0
13 78 6 13 28 1.0
13 79 8 13 50 1.0
14 7 0 14 7 1.0
14 25 1 14 0 0.96
14 25 3 14 77 0.04
14 28 7 14 68 0.97
14 28 8 14 60 0.03
14 73 4 14 70 0.06
14 73 8 14 60 0.94
15 0 6 15 43 1.0
15 1 0 15 1 1.0
15 2 2 15 11 1.0
15 3 0 15 3 1.0
15 4 3 15 33 1.0
15 5 6 15 3 1.0
15 6 6 15 33 1.0
15 8 10 15 28 1.0
15 9 0 15 9 1.0
15 10 0 15 10 1.0
15 11 0 15 11 1.0
15 12 2 15 41 1.0
15 13 0 15 13 1.0
15 16 3 15 13 1.0
15 17 0 15 17 1.0
15 18 0 15 79 1.0
15 19 0 15 19 1.0
15 20 4 15 76 1.0
15 21 8 15 28 1.0
15 22 7 15 71 1.0
15 23 4 15 10 1.0
15 24 0 15 24 1.0
15 26 7 15 3 1.0
15 27 7 15 28 1.0
15 29 2 15 10 1.0
15 30 3 15 13 1.0
15 31 6 15 28 1.0
15 32 0 15 32 1.0
15 33 0 15 33 1.0
15 34 2 15 35 1.0
15 35 0 15 35 1.0
15 36 5 15 19 1.0
15 37 5 15 28 1.0
15 38 7 15 28 1.0
15 39 7 15 64 1.0
15 40 8 15 28 1.0
15 41 0 15 41 1.0
15 42 0 15 46 1.0
15 43 0 15 43 1.0
15 44 3 15 28 1.0
15 45 6 15 24 1.0
15 46 0 15 46 1.0
15 47 6 15 68 1.0
15 48 5 15 64 1.0
15 49 0 15 49 1.0
15 50 1 15 13 1.0
15 51 3 15 43 1.0
15 52 2 15 1 1.0
15 53 1 15 10 1.0
15 54 6 15 28 1.0
15 55 6 15 76 1.0
15 56 5 15 19 1.0
15 57 1 15 78 1.0
15 58 5 15 68 1.0
15 59 5 15 32 1.0
15 60 7 15 28 1.0
15 61 7 15 24 1.0
15 62 0 15 62 1.0
15 63 5 15 3 1.0
15 64 0 15 64 1.0
15 65 7 15 3 1.0
15 66 10 15 28 1.0
15 67 1 15 78 1.0
15 68 0 15 68 1.0
15 69 0 15 69 1.0
15 70 1 15 33 1.0
15 71 0 15 71 1.0
15 72 0 15 72 1.0
15 74 10 15 28 1.0
15 75 9 15 28 1.0
15 76 0 15 76 1.0
15 77 8 15 28 1.0
15 78 0 15 78 1.0
15 79 0 15 79 1.0
16 0 4 16 18 1.0
16 1 0 16 1 1.0
16 2 0 16 25 1.0
16 3 1 16 50 1.0
16 4 1 16 25 1.0
16 5 0 16 5 1.0
16 6 6 16 50 1.0
16 8 1 16 7 1.0
16 9 0 16 9 1.0
16 10 1 16 18 1.0
16 11 4 16 25 1.0
16 12 1 16 58 1.0
16 13 0 16 13 1.0
16 15 3 16 13 1.0
16 17 1 16 25 1.0
16 18 0 16 18 1.0
16 19 0 16 19 1.0
16 20 9 16 48 1.0
16 21 2 16 18 1.0
16 22 0 16 22 1.0
16 23 4 16 55 1.0
16 24 0 16 24 1.0
16 26 4 16 18 1.0
16 27 0 16 27 1.0
16 29 7 16 48 1.0
16 30 4 16 13 1.0
16 31 5 16 55 1.0
16 32 0 16 32 1.0
16 33 3 16 18 1.0
16 34 0 16 34 1.0
16 35 0 16 35 1.0
16 36 0 16 61 1.0
16 37 2 16 7 1.0
16 38 0 16 38 1.0
16 39 1 16 7 1.0
16 40 6 16 48 1.0
16 41 4 16 35 1.0
16 42 1 16 7 1.0
16 43 2 16 46 1.0
16 44 0 16 44 1.0
16 45 3 16 18 1.0
16 46 0 16 46 1.0
16 47 8 16 68 1.0
16 48 0 16 48 1.0
16 49 0 16 49 1.0
16 50 0 16 50 1.0
16 51 1 16 7 1.0
16 52 3 16 1 1.0
16 53 0 16 61 1.0
16 54 3 16 25 1.0
16 55 0 16 55 1.0
16 56 5 16 19 1.0
16 57 2 16 7 1.0
16 58 0 16 58 1.0
16 59 1 16 22 1.0
16 60 3 16 7 1.0
16 61 0 16 61 1.0
16 62 1 16 7 1.0
16 63 5 16 50 1.0
16 64 1 16 7 1.0
16 65 2 16 7 1.0
16 66 7 16 55 1.0
16 67 2 16 18 1.0
16 68 0 16 68 1.0
16 69 3 16 25 1.0
16 70 0 16 70 1.0
16 71 9 16 68 1.0
16 72 0 16 61 1.0
16 74 6 16 24 1.0
16 75 8 16 18 1.0
16 76 1 16 7 1.0
16 77 0 16 7 1.0
16 78 2 16 25 1.0
16 79 0 16 79 1.0
17 0 1 17 25 1.0
17 1 7 17 64 1.0
17 2 0 17 25 1.0
17 3 5 17 26 1.0
17 4 9 17 68 1.0
17 5 5 17 48 1.0
17 6 1 17 67 1.0
17 8 1 17 25 1.0
17 9 0 17 67 1.0
17 10 0 17 21 1.0
17 11 1 17 25 1.0
17 12 3 17 25 1.0
17 13 4 17 24 1.0
17 15 0 17 15 1.0
17 16 1 17 25 1.0
17 18 2 17 25 1.0
17 19 0 17 19 1.0
17 20 0 17 20 1.0
17 21 0 17 21 1.0
17 22 0 17 22 1.0
17 23 8 17 31 1.0
17 24 0 17 24 1.0
17 26 0 17 26 1.0
17 27 0 17 78 1.0
17 29 0 17 29 1.0
17 30 0 17 30 1.0
17 31 0 17 31 1.0
17 32 0 17 78 1.0
17 33 1 17 25 1.0
17 34 0 17 34 1.0
17 35 0 17 35 1.0
17 36 4 17 19 1.0
17 37 2 17 25 1.0
17 38 0 17 38 1.0
17 39 0 17 25 1.0
17 40 1 17 29 1.0
17 41 5 17 35 1.0
17 42 1 17 25 1.0
17 43 0 17 43 1.0
17 44 2 17 20 1.0
17 45 8 17 24 1.0
17 46 0 17 46 1.0
17 47 3 17 46 1.0
17 48 0 17 48 1.0
17 49 11 17 48 1.0
17 50 4 17 24 1.0
17 51 1 17 46 1.0
17 52 1 17 25 1.0
17 53 4 17 19 1.0
17 54 0 17 54 1.0
17 55 0 17 55 1.0
17 56 0 17 56 1.0
17 57 0 17 57 1.0
17 58 8 17 68 1.0
17 59 0 17 67 1.0
17 60 0 17 38 1.0
17 61 2 17 25 1.0
17 62 4 17 19 1.0
17 63 1 17 21 1.0
17 64 0 17 64 1.0
17 65 1 17 78 1.0
17 66 7 17 31 1.0
17 67 0 17 67 1.0
17 68 0 17 68 1.0
17 69 1 17 25 1.0
17 70 1 17 54 1.0
17 71 0 17 78 1.0
17 72 6 17 74 1.0
17 74 0 17 74 1.0
17 75 2 17 25 1.0
17 76 0 17 20 1.0
17 77 0 17 25 1.0
17 78 0 17 78 1.0
17 79 4 17 74 1.0
18 0 0 18 0 1.0
18 1 0 18 1 1.0
18 2 1 18 25 1.0
18 3 2 18 50 1.0
18 4 11 18 73 1.0
18 5 7 18 73 1.0
18 6 8 18 50 1.0
18 8 1 18 25 1.0
18 9 7 18 73 1.0
18 10 0 18 10 1.0
18 11 0 18 79 1.0
18 12 3 18 25 1.0
18 13 0 18 13 1.0
18 15 0 18 79 1.0
18 16 0 18 16 1.0
18 17 2 18 25 1.0
18 19 7 18 16 1.0
18 20 2 18 22 1.0
18 21 0 18 21 1.0
18 22 0 18 22 1.0
18 23 5 18 55 1.0
18 24 0 18 24 1.0
18 26 0 18 26 1.0
18 27 0 18 22 1.0
18 29 6 18 48 1.0
18 30 8 18 73 1.0
18 31 3 18 55 1.0
18 32 3 18 16 1.0
18 33 0 18 33 1.0
18 34 1 18 16 1.0
18 35 1 18 25 1.0
18 36 7 18 73 1.0
18 37 2 18 25 1.0
18 38 5 18 73 1.0
18 39 0 18 39 1.0
18 40 1 18 0 1.0
18 41 5 18 50 1.0
18 42 1 18 25 1.0
18 43 1 18 0 1.0
18 44 9 18 73 1.0
18 45 0 18 45 1.0
18 46 1 18 25 1.0
18 47 8 18 24 1.0
18 48 0 18 48 1.0
18 49 10 18 48 1.0
18 50 0 18 50 1.0
18 51 0 18 51 1.0
18 52 4 18 1 1.0
18 53 7 18 73 1.0
18 54 0 18 54 1.0
18 55 0 18 55 1.0
18 56 6 18 73 1.0
18 57 3 18 70 1.0
18 58 0 18 58 1.0
18 59 4 18 22 1.0
18 60 5 18 73 1.0
18 61 3 18 70 1.0
18 62 2 18 22 1.0
18 63 8 18 73 1.0
18 64 2 18 25 1.0
18 65 1 18 33 1.0
18 66 4 18 50 1.0
18 67 0 18 67 1.0
18 68 0 18 68 1.0
18 69 0 18 69 1.0
18 70 0 18 70 1.0
18 71 5 18 33 1.0
18 72 1 18 79 1.0
18 74 1 18 79 1.0
18 75 0 18 75 1.0
18 76 1 18 79 1.0
18 77 0 18 25 1.0
18 78 1 18 25 1.0
18 79 0 18 79 1.0
19 0 6 19 53 1.0
19 1 0 19 1 1.0
19 2 7 19 42 1.0
19 3 6 19 28 1.0
19 4 5 19 56 1.0
19 5 6 19 36 1.0
19 6 3 19 67 1.0
19 8 5 19 77 1.0
19 9 0 19 9 1.0
19 10 0 19 10 1.0
19 11 0 19 38 1.0
19 12 1 19 58 1.0
19 13 8 19 28 1.0
19 15 0 19 15 1.0
19 16 0 19 16 1.0
19 17 0 19 17 1.0
19 18 7 19 16 1.0
19 20 5 19 42 1.0
19 21 0 19 21 1.0
19 22 2 19 54 1.0
19 23 6 19 56 1.0
19 24 7 19 28 1.0
19 26 3 19 21 1.0
19 27 5 19 28 1.0
19 29 3 19 46 1.0
19 30 7 19 56 1.0
19 31 7 19 28 1.0
19 32 9 19 28 1.0
19 33 6 19 28 1.0
19 34 7 19 41 1.0
19 35 3 19 46 1.0
19 36 0 19 36 1.0
19 37 6 19 28 1.0
19 38 0 19 38 1.0
19 39 0 19 39 1.0
19 40 9 19 28 1.0
19 41 0 19 41 1.0
19 42 0 19 42 1.0
19 43 0 19 43 1.0
19 44 10 19 28 1.0
19 45 3 19 39 1.0
19 46 0 19 46 1.0
19 47 2 19 54 1.0
19 48 0 19 17 1.0
19 49 5 19 56 1.0
19 50 4 19 41 1.0
19 51 0 19 51 1.0
19 52 6 19 77 1.0
19 53 0 19 53 1.0
19 54 0 19 54 1.0
19 55 1 19 17 1.0
19 56 0 19 56 1.0
19 57 0 19 38 1.0
19 58 0 19 58 1.0
19 59 6 19 77 1.0
19 60 7 19 28 1.0
19 61 9 19 36 1.0
19 62 0 19 62 1.0
19 63 0 19 63 1.0
19 64 8 19 39 1.0
19 65 2 19 78 1.0
19 66 5 19 28 1.0
19 67 0 19 67 1.0
19 68 3 19 46 1.0
19 69 7 19 36 1.0
19 70 0 19 70 1.0
19 71 2 19 78 1.0
19 72 7 19 36 1.0
19 74 5 19 28 1.0
19 75 10 19 28 1.0
19 76 3 19 15 1.0
19 77 0 19 77 1.0
19 78 0 19 78 1.0
19 79 1 19 70 1.0
20 0 0 20 0 1.0
20 1 5 20 55 1.0
20 2 0 20 2 1.0
20 3 7 20 26 1.0
20 4 9 20 68 1.0
20 5 0 20 5 1.0
20 6 7 20 76 1.0
20 8 0 20 8 1.0
20 9 3 20 60 1.0
20 10 1 20 23 1.0
20 11 6 20 2 1.0
20 12 0 20 12 1.0
20 13 1 20 45 1.0
20 15 4 20 76 1.0
20 16 9 20 48 1.0
20 17 0 20 17 1.0
20 18 2 20 22 1.0
20 19 5 20 42 1.0
20 21 0 20 21 1.0
20 22 0 20 22 1.0
20 23 0 20 23 1.0
20 24 1 20 45 1.0
20 26 0 20 26 1.0
20 27 0 20 27 1.0
20 29 4 20 2 1.0
20 30 0 20 38 1.0
20 31 5 20 23 1.0
20 32 0 20 27 1.0
20 33 6 20 26 1.0
20 34 0 20 34 1.0
20 35 8 20 34 1.0
20 36 3 20 44 1.0
20 37 0 20 37 1.0
20 38 0 20 38 1.0
20 39 3 20 2 1.0
20 40 1 20 2 1.0
20 41 5 20 37 1.0
20 42 0 20 42 1.0
20 43 0 20 43 1.0
20 44 0 20 44 1.0
20 45 0 20 45 1.0
20 46 8 20 68 1.0
20 47 7 20 68 1.0
20 48 0 20 48 1.0
20 49 7 20 48 1.0
20 50 1 20 45 1.0
20 51 6 20 42 1.0
20 52 6 20 5 1.0
20 53 3 20 42 1.0
20 54 7 20 42 1.0
20 55 0 20 55 1.0
20 56 2 20 17 1.0
20 57 0 20 38 1.0
20 58 0 20 58 1.0
20 59 0 20 27 1.0
20 60 0 20 60 1.0
20 61 2 20 37 1.0
20 62 2 20 42 1.0
20 63 2 20 0 1.0
20 64 7 20 48 1.0
20 65 2 20 43 1.0
20 66 4 20 55 1.0
20 67 0 20 17 1.0
20 68 0 20 68 1.0
20 69 4 20 37 1.0
20 70 4 20 37 1.0
20 71 7 20 26 1.0
20 72 0 20 72 1.0
20 74 0 20 74 1.0
20 75 5 20 37 1.0
20 76 0 20 76 1.0
20 77 4 20 42 1.0
20 78 1 20 27 1.0
20 79 6 20 55 1.0
21 0 0 21 0 1.0
21 1 5 21 66 1.0
21 2 1 21 20 1.0
21 3 6 21 28 1.0
21 4 0 21 4 1.0
21 5 5 21 60 1.0
21 6 0 21 6 1.0
21 8 5 21 28 1.0
21 9 1 21 14 1.0
21 10 0 21 10 1.0
21 11 2 21 63 1.0
21 12 8 21 41 1.0
21 13 8 21 28 1.0
21 15 8 21 28 1.0
21 16 2 21 18 1.0
21 17 0 21 17 1.0
21 18 0 21 18 1.0
21 19 0 21 19 1.0
21 20 0 21 20 1.0
21 22 1 21 27 1.0
21 23 0 21 23 1.0
21 24 4 21 28 1.0
21 26 0 21 26 1.0
21 27 0 21 27 1.0
21 29 4 21 14 1.0
21 30 4 21 14 1.0
21 31 0 21 31 1.0
21 32 0 21 32 1.0
21 33 5 21 28 1.0
21 34 5 21 35 1.0
21 35 0 21 35 1.0
21 36 0 21 36 1.0
21 37 9 21 28 1.0
21 38 10 21 28 1.0
21 39 1 21 14 1.0
21 40 3 21 14 1.0
21 41 0 21 41 1.0
21 42 3 21 41 1.0
21 43 4 21 14 1.0
21 44 0 21 44 1.0
21 45 2 21 14 1.0
21 46 6 21 32 1.0
21 47 0 21 27 1.0
21 48 4 21 14 1.0
21 49 0 21 49 1.0
21 50 9 21 26 1.0
21 51 0 21 27 1.0
21 52 2 21 23 1.0
21 53 3 21 14 1.0
21 54 6 21 28 1.0
21 55 3 21 23 1.0
21 56 0 21 67 1.0
21 57 0 21 57 1.0
21 58 7 21 41 1.0
21 59 4 21 14 1.0
21 60 0 21 60 1.0
21 61 1 21 14 1.0
21 62 6 21 57 1.0
21 63 0 21 63 1.0
21 64 4 21 10 1.0
21 65 0 21 14 1.0
21 66 0 21 66 1.0
21 67 0 21 67 1.0
21 68 5 21 28 1.0
21 69 0 21 69 1.0
21 70 1 21 14 1.0
21 71 4 21 14 1.0
21 72 6 21 57 1.0
21 74 9 21 28 1.0
21 75 8 21 28 1.0
21 76 2 21 23 1.0
21 77 6 21 28 1.0
21 78 10 21 28 1.0
21 79 2 21 18 1.0
22 0 0 22 0 1.0
22 1 0 22 1 1.0
22 2 3 22 42 1.0
22 3 5 22 26 1.0
22 4 0 22 4 1.0
22 5 8 22 48 1.0
22 6 0 22 67 1.0
22 8 9 22 51 1.0
22 9 0 22 67 1.0
22 10 1 22 0 1.0
22 11 1 22 79 1.0
22 12 1 22 54 1.0
22 13 3 22 18 1.0
22 15 7 22 71 1.0
22 16 0 22 16 1.0
22 17 0 22 17 1.0
22 18 0 22 18 1.0
22 19 2 22 54 1.0
22 20 0 22 20 1.0
22 21 1 22 27 1.0
22 23 0 22 27 1.0
22 24 3 22 18 1.0
22 26 0 22 26 1.0
22 27 0 22 27 1.0
22 29 4 22 48 1.0
22 30 4 22 59 1.0
22 31 0 22 27 1.0
22 32 1 22 27 1.0
22 33 1 22 18 1.0
22 34 4 22 42 1.0
22 35 3 22 16 1.0
22 36 1 22 54 1.0
22 37 0 22 54 1.0
22 38 1 22 54 1.0
22 39 2 22 18 1.0
22 40 2 22 1 1.0
22 41 0 22 41 1.0
22 42 0 22 42 1.0
22 43 0 22 43 1.0
22 44 0 22 27 1.0
22 45 4 22 18 1.0
22 46 5 22 43 1.0
22 47 0 22 47 1.0
22 48 0 22 48 1.0
22 49 0 22 49 1.0
22 50 3 22 18 1.0
22 51 0 22 51 1.0
22 52 0 22 52 1.0
22 53 3 22 59 1.0
22 54 0 22 54 1.0
22 55 4 22 18 1.0
22 56 3 22 54 1.0
22 57 0 22 67 1.0
22 58 6 22 75 1.0
22 59 0 22 59 1.0
22 60 4 22 4 1.0
22 61 2 22 70 1.0
22 62 0 22 62 1.0
22 63 0 22 0 1.0
22 64 7 22 48 1.0
22 65 5 22 71 1.0
22 66 4 22 74 1.0
22 67 0 22 67 1.0
22 68 1 22 54 1.0
22 69 3 22 62 1.0
22 70 0 22 70 1.0
22 71 0 22 71 1.0
22 72 6 22 74 1.0
22 74 0 22 74 1.0
22 75 0 22 75 1.0
22 76 0 22 27 1.0
22 77 8 22 51 1.0
22 78 1 22 27 1.0
22 79 0 22 79 1.0
23 0 0 23 0 1.0
23 1 5 23 52 1.0
23 2 2 23 29 1.0
23 3 3 23 76 1.0
23 4 0 23 4 1.0
23 5 3 23 52 1.0
23 6 5 23 21 1.0
23 8 4 23 77 1.0
23 9 0 23 9 1.0
23 10 0 23 10 1.0
23 11 7 23 76 1.0
23 12 7 23 31 1.0
23 13 5 23 30 1.0
23 15 4 23 10 1.0
23 16 4 23 55 1.0
23 17 8 23 31 1.0
23 18 5 23 55 1.0
23 19 6 23 56 1.0
23 20 0 23 20 1.0
23 21 0 23 21 1.0
23 22 0 23 27 1.0
23 24 1 23 45 1.0
23 26 2 23 21 1.0
23 27 0 23 27 1.0
23 29 0 23 29 1.0
23 30 0 23 30 1.0
23 31 0 23 31 1.0
23 32 0 23 32 1.0
23 33 2 23 10 1.0
23 34 0 23 34 1.0
23 35 4 23 34 1.0
23 36 3 23 53 1.0
23 37 6 23 69 1.0
23 38 3 23 30 1.0
23 39 2 23 53 1.0
23 40 3 23 10 1.0
23 41 1 23 21 1.0
23 42 0 23 42 1.0
23 43 0 23 27 1.0
23 44 0 23 44 1.0
23 45 0 23 45 1.0
23 46 1 23 27 1.0
23 47 1 23 27 1.0
23 48 0 23 27 1.0
23 49 0 23 49 1.0
23 50 1 23 45 1.0
23 51 3 23 77 1.0
23 52 0 23 52 1.0
23 53 0 23 53 1.0
23 54 2 23 56 1.0
23 55 0 23 55 1.0
23 56 0 23 56 1.0
23 57 3 23 21 1.0
23 58 6 23 31 1.0
23 59 0 23 59 1.0
23 60 7 23 31 1.0
23 61 4 23 44 1.0
23 62 1 23 59 1.0
23 63 3 23 21 1.0
23 64 2 23 10 1.0
23 65 8 23 32 1.0
23 66 9 23 31 1.0
23 67 3 23 21 1.0
23 68 4 23 4 1.0
23 69 0 23 69 1.0
23 70 1 23 0 1.0
23 71 2 23 27 1.0
23 72 6 23 76 1.0
23 74 6 23 31 1.0
23 75 1 23 27 1.0
23 76 0 23 76 1.0
23 77 0 23 77 1.0
23 78 0 23 78 1.0
23 79 0 23 79 1.0
24 0 7 24 45 1.0
24 1 0 24 13 1.0
24 2 0 24 2 1.0
24 3 0 24 3 1.0
24 4 3 24 45 1.0
24 5 1 24 7 1.0
24 6 1 24 50 1.0
24 8 1 24 7 1.0
24 9 4 24 30 1.0
24 10 4 24 64 1.0
24 11 0 24 11 1.0
24 12 0 24 54 1.0
24 13 0 24 13 1.0
24 15 0 24 15 1.0
24 16 0 24 16 1.0
24 17 0 24 17 1.0
24 18 0 24 18 1.0
24 19 7 24 28 1.0
24 20 1 24 45 1.0
24 21 4 24 28 1.0
24 22 3 24 18 1.0
24 23 1 24 45 1.0
24 26 0 24 26 1.0
24 27 0 24 7 1.0
24 29 5 24 39 1.0
24 30 0 24 30 1.0
24 31 0 24 31 1.0
24 32 8 24 28 1.0
24 33 8 24 28 1.0
24 34 1 24 2 1.0
24 35 0 24 7 1.0
24 36 0 24 36 1.0
24 37 1 24 7 1.0
24 38 8 24 28 1.0
24 39 0 24 39 1.0
24 40 6 24 28 1.0
24 41 9 24 28 1.0
24 42 1 24 7 1.0
24 43 3 24 45 1.0
24 44 1 24 7 1.0
24 45 0 24 45 1.0
24 46 2 24 47 1.0
24 47 0 24 47 1.0
24 48 5 24 64 1.0
24 49 6 24 64 1.0
24 50 0 24 50 1.0
24 51 0 24 51 1.0
24 52 3 24 36 1.0
24 53 4 24 39 1.0
24 54 0 24 54 1.0
24 55 0 24 7 1.0
24 56 1 24 54 1.0
24 57 0 24 7 1.0
24 58 0 24 7 1.0
24 59 0 24 59 1.0
24 60 1 24 7 1.0
24 61 0 24 61 1.0
24 62 0 24 7 1.0
24 63 4 24 45 1.0
24 64 0 24 64 1.0
24 65 0 24 7 1.0
24 66 6 24 28 1.0
24 67 6 24 74 1.0
24 68 0 24 7 1.0
24 69 6 24 36 1.0
24 70 0 24 70 1.0
24 71 0 24 15 1.0
24 72 5 24 74 1.0
24 74 0 24 74 1.0
24 75 5 24 28 1.0
24 76 0 24 76 1.0
24 77 0 24 7 1.0
24 78 4 24 28 1.0
24 79 0 24 18 1.0
25 7 3 25 35 0.05
25 7 9 25 57 0.95
25 14 1 25 0 0.96
25 14 3 25 77 0.04
25 28 4 25 77 0.94
25 28 6 25 75 0.06
25 73 1 25 8 0.05
25 73 4 25 11 0.95
26 0 1 26 18 1.0
26 1 6 26 50 1.0
26 2 0 26 20 1.0
26 3 0 26 3 1.0
26 4 9 26 73 1.0
26 5 8 26 73 1.0
26 6 0 26 6 1.0
26 8 5 26 73 1.0
26 9 0 26 9 1.0
26 10 2 26 21 1.0
26 11 8 26 73 1.0
26 12 0 26 58 1.0
26 13 7 26 50 1.0
26 15 7 26 3 1.0
26 16 4 26 18 1.0
26 17 0 26 17 1.0
26 18 0 26 18 1.0
26 19 3 26 21 1.0
26 20 0 26 20 1.0
26 21 0 26 21 1.0
26 22 0 26 22 1.0
26 23 2 26 21 1.0
26 24 0 26 24 1.0
26 27 9 26 73 1.0
26 29 9 26 48 1.0
26 30 9 26 73 1.0
26 31 3 26 21 1.0
26 32 0 26 21 1.0
26 33 0 26 33 1.0
26 34 0 26 58 1.0
26 35 5 26 50 1.0
26 36 8 26 73 1.0
26 37 5 26 41 1.0
26 38 6 26 73 1.0
26 39 8 26 73 1.0
26 40 5 26 48 1.0
26 41 0 26 41 1.0
26 42 1 26 20 1.0
26 43 8 26 71 1.0
26 44 0 26 44 1.0
26 45 0 26 45 1.0
26 46 0 26 17 1.0
26 47 4 26 45 1.0
26 48 0 26 48 1.0
26 49 0 26 49 1.0
26 50 0 26 50 1.0
26 51 4 26 3 1.0
26 52 5 26 55 1.0
26 53 0 26 53 1.0
26 54 6 26 73 1.0
26 55 0 26 55 1.0
26 56 6 26 73 1.0
26 57 3 26 21 1.0
26 58 0 26 58 1.0
26 59 0 26 22 1.0
26 60 6 26 73 1.0
26 61 4 26 50 1.0
26 62 4 26 3 1.0
26 63 0 26 63 1.0
26 64 6 26 48 1.0
26 65 0 26 65 1.0
26 66 0 26 66 1.0
26 67 12 26 73 1.0
26 68 0 26 58 1.0
26 69 7 26 76 1.0
26 70 6 26 73 1.0
26 71 0 26 71 1.0
26 72 0 26 72 1.0
26 74 7 26 72 1.0
26 75 4 26 18 1.0
26 76 0 26 76 1.0
26 77 5 26 73 1.0
26 78 6 26 71 1.0
26 79 1 26 18 1.0
27 0 8 27 43 1.0
27 1 0 27 22 1.0
27 2 2 27 20 1.0
27 3 5 27 28 1.0
27 4 9 27 73 1.0
27 5 0 27 7 1.0
27 6 0 27 6 1.0
27 8 0 27 7 1.0
27 9 8 27 73 1.0
27 10 8 27 32 1.0
27 11 0 27 11 1.0
27 12 10 27 73 1.0
27 13 5 27 28 1.0
27 15 7 27 28 1.0
27 16 0 27 16 1.0
27 17 0 27 78 1.0
27 18 0 27 22 1.0
27 19 5 27 28 1.0
27 20 0 27 20 1.0
27 21 0 27 21 1.0
27 22 0 27 22 1.0
27 23 0 27 23 1.0
27 24 0 27 7 1.0
27 26 9 27 73 1.0
27 29 7 27 48 1.0
27 30 0 27 30 1.0
27 31 0 27 31 1.0
27 32 0 27 32 1.0
27 33 6 27 28 1.0
27 34 0 27 23 1.0
27 35 0 27 7 1.0
27 36 6 27 73 1.0
27 37 0 27 7 1.0
27 38 8 27 73 1.0
27 39 0 27 7 1.0
27 40 6 27 28 1.0
27 41 6 27 28 1.0
27 42 0 27 7 1.0
27 43 0 27 43 1.0
27 44 0 27 44 1.0
27 45 0 27 45 1.0
27 46 0 27 46 1.0
27 47 0 27 47 1.0
27 48 0 27 48 1.0
27 49 9 27 48 1.0
27 50 2 27 45 1.0
27 51 0 27 51 1.0
27 52 0 27 23 1.0
27 53 5 27 43 1.0
27 54 6 27 73 1.0
27 55 0 27 7 1.0
27 56 10 27 73 1.0
27 57 0 27 7 1.0
27 58 9 27 73 1.0
27 59 0 27 59 1.0
27 60 6 27 28 1.0
27 61 2 27 44 1.0
27 62 0 27 7 1.0
27 63 5 27 73 1.0
27 64 0 27 64 1.0
27 65 0 27 7 1.0
27 66 6 27 28 1.0
27 67 10 27 73 1.0
27 68 0 27 7 1.0
27 69 0 27 23 1.0
27 70 0 27 7 1.0
27 71 0 27 71 1.0
27 72 4 27 32 1.0
27 74 9 27 28 1.0
27 75 0 27 75 1.0
27 76 0 27 76 1.0
27 77 0 27 7 1.0
27 78 0 27 78 1.0
27 79 1 27 22 1.0
28 7 0 28 7 1.0
28 14 7 28 68 0.97
28 14 8 28 60 0.03
28 25 4 28 77 0.94
28 25 6 28 75 0.06
28 73 0 28 73 1.0
29 0 0 29 0 1.0
29 1 0 29 40 1.0
29 2 0 29 2 1.0
29 3 6 29 65 1.0
29 4 7 29 68 1.0
29 5 0 29 5 1.0
29 6 1 29 40 1.0
29 8 3 29 77 1.0
29 9 2 29 14 1.0
29 10 0 29 10 1.0
29 11 0 29 11 1.0
29 12 0 29 58 1.0
29 13 0 29 49 1.0
29 15 2 29 10 1.0
29 16 7 29 48 1.0
29 17 0 29 17 1.0
29 18 6 29 48 1.0
29 19 3 29 46 1.0
29 20 4 29 2 1.0
29 21 4 29 14 1.0
29 22 4 29 48 1.0
29 23 0 29 23 1.0
29 24 5 29 39 1.0
29 26 9 29 48 1.0
29 27 7 29 48 1.0
29 30 3 29 14 1.0
29 31 0 29 31 1.0
29 32 9 29 48 1.0
29 33 0 29 10 1.0
29 34 0 29 34 1.0
29 35 8 29 34 1.0
29 36 2 29 63 1.0
29 37 4 29 2 1.0
29 38 1 29 14 1.0
29 39 0 29 39 1.0
29 40 0 29 40 1.0
29 41 3 29 34 1.0
29 42 3 29 2 1.0
29 43 3 29 14 1.0
29 44 1 29 2 1.0
29 45 1 29 14 1.0
29 46 0 29 46 1.0
29 47 0 29 47 1.0
29 48 0 29 48 1.0
29 49 0 29 49 1.0
29 50 0 29 14 1.0
29 51 3 29 77 1.0
29 52 0 29 40 1.0
29 53 3 29 14 1.0
29 54 5 29 68 1.0
29 55 0 29 55 1.0
29 56 6 29 31 1.0
29 57 6 29 65 1.0
29 58 0 29 58 1.0
29 59 2 29 14 1.0
29 60 2 29 14 1.0
29 61 1 29 14 1.0
29 62 1 29 77 1.0
29 63 0 29 63 1.0
29 64 0 29 64 1.0
29 65 0 29 65 1.0
29 66 0 29 66 1.0
29 67 0 29 17 1.0
29 68 0 29 68 1.0
29 69 4 29 66 1.0
29 70 1 29 14 1.0
29 71 3 29 14 1.0
29 72 0 29 72 1.0
29 74 2 29 14 1.0
29 75 4 29 2 1.0
29 76 0 29 76 1.0
29 77 0 29 77 1.0
29 78 1 29 40 1.0
29 79 4 29 55 1.0
30 0 1 30 14 1.0
30 1 0 30 1 1.0
30 2 5 30 31 1.0
30 3 6 30 60 1.0
30 4 9 30 73 1.0
30 5 7 30 73 1.0
30 6 10 30 57 1.0
30 8 3 30 73 1.0
30 9 0 30 9 1.0
30 10 2 30 14 1.0
30 11 7 30 73 1.0
30 12 0 30 12 1.0
30 13 0 30 13 1.0
30 15 3 30 13 1.0
30 16 4 30 13 1.0
30 17 0 30 17 1.0
30 18 8 30 73 1.0
30 19 7 30 56 1.0
30 20 0 30 38 1.0
30 21 4 30 14 1.0
30 22 4 30 59 1.0
30 23 0 30 23 1.0
30 24 0 30 24 1.0
30 26 9 30 73 1.0
30 27 0 30 27 1.0
30 29 3 30 14 1.0
30 31 0 30 31 1.0
30 32 1 30 27 1.0
30 33 0 30 33 1.0
30 34 2 30 14 1.0
30 35 2 30 12 1.0
30 36 6 30 73 1.0
30 37 0 30 14 1.0
30 38 0 30 38 1.0
30 39 2 30 14 1.0
30 40 0 30 40 1.0
30 41 2 30 12 1.0
30 42 4 30 56 1.0
30 43 2 30 14 1.0
30 44 5 30 73 1.0
30 45 0 30 45 1.0
30 46 1 30 17 1.0
30 47 4 30 59 1.0
30 48 0 30 48 1.0
30 49 0 30 49 1.0
30 50 2 30 13 1.0
30 51 2 30 59 1.0
30 52 0 30 9 1.0
30 53 2 30 14 1.0
30 54 8 30 73 1.0
30 55 7 30 31 1.0
30 56 0 30 56 1.0
30 57 0 30 57 1.0
30 58 6 30 73 1.0
30 59 0 30 59 1.0
30 60 0 30 60 1.0
30 61 3 30 14 1.0
30 62 0 30 62 1.0
30 63 8 30 73 1.0
30 64 2 30 49 1.0
30 65 2 30 14 1.0
30 66 8 30 31 1.0
30 67 0 30 67 1.0
30 68 1 30 14 1.0
30 69 1 30 9 1.0
30 70 0 30 70 1.0
30 71 4 30 14 1.0
30 72 0 30 72 1.0
30 74 3 30 14 1.0
30 75 9 30 56 1.0
30 76 0 30 76 1.0
30 77 9 30 73 1.0
30 78 9 30 57 1.0
30 79 2 30 70 1.0
31 0 4 31 23 1.0
31 1 7 31 66 1.0
31 2 0 31 2 1.0
31 3 7 31 28 1.0
31 4 0 31 4 1.0
31 5 8 31 60 1.0
31 6 0 31 9 1.0
31 8 3 31 28 1.0
31 9 0 31 9 1.0
31 10 1 31 23 1.0
31 11 8 31 66 1.0
31 12 0 31 12 1.0
31 13 8 31 28 1.0
31 15 6 31 28 1.0
31 16 5 31 55 1.0
31 17 0 31 17 1.0
31 18 3 31 55 1.0
31 19 7 31 28 1.0
31 20 5 31 23 1.0
31 21 0 31 21 1.0
31 22 0 31 27 1.0
31 23 0 31 23 1.0
31 24 0 31 24 1.0
31 26 3 31 21 1.0
31 27 0 31 27 1.0
31 29 0 31 29 1.0
31 30 0 31 30 1.0
31 32 0 31 32 1.0
31 33 3 31 28 1.0
31 34 0 31 34 1.0
31 35 8 31 34 1.0
31 36 2 31 21 1.0
31 37 6 31 28 1.0
31 38 0 31 38 1.0
31 39 3 31 2 1.0
31 40 0 31 40 1.0
31 41 0 31 41 1.0
31 42 4 31 34 1.0
31 43 0 31 27 1.0
31 44 7 31 28 1.0
31 45 3 31 23 1.0
31 46 1 31 17 1.0
31 47 0 31 47 1.0
31 48 4 31 29 1.0
31 49 7 31 30 1.0
31 50 2 31 66 1.0
31 51 3 31 12 1.0
31 52 0 31 52 1.0
31 53 2 31 23 1.0
31 54 7 31 28 1.0
31 55 0 31 55 1.0
31 56 0 31 56 1.0
31 57 0 31 38 1.0
31 58 0 31 58 1.0
31 59 3 31 23 1.0
31 60 0 31 60 1.0
31 61 4 31 60 1.0
31 62 2 31 30 1.0
31 63 2 31 21 1.0
31 64 2 31 40 1.0
31 65 5 31 60 1.0
31 66 0 31 66 1.0
31 67 5 31 56 1.0
31 68 7 31 28 1.0
31 69 7 31 66 1.0
31 70 6 31 60 1.0
31 71 4 31 56 1.0
31 72 6 31 66 1.0
31 74 0 31 74 1.0
31 75 11 31 28 1.0
31 76 5 31 23 1.0
31 77 6 31 28 1.0
31 78 9 31 28 1.0
31 79 0 31 79 1.0
32 0 0 32 10 1.0
32 1 1 32 15 1.0
32 2 1 32 46 1.0
32 3 0 32 3 1.0
32 4 3 32 21 1.0
32 5 0 32 7 1.0
32 6 4 32 21 1.0
32 8 0 32 7 1.0
32 9 8 32 60 1.0
32 10 0 32 10 1.0
32 11 0 32 27 1.0
32 12 2 32 35 1.0
32 13 5 32 28 1.0
32 15 0 32 15 1.0
32 16 0 32 16 1.0
32 17 0 32 78 1.0
32 18 3 32 16 1.0
32 19 9 32 28 1.0
32 20 0 32 27 1.0
32 21 0 32 21 1.0
32 22 1 32 27 1.0
32 23 0 32 23 1.0
32 24 8 32 28 1.0
32 26 0 32 21 1.0
32 27 0 32 27 1.0
32 29 9 32 48 1.0
32 30 1 32 27 1.0
32 31 0 32 31 1.0
32 33 7 32 28 1.0
32 34 2 32 35 1.0
32 35 0 32 35 1.0
32 36 0 32 36 1.0
32 37 0 32 7 1.0
32 38 8 32 28 1.0
32 39 0 32 7 1.0
32 40 6 32 28 1.0
32 41 9 32 28 1.0
32 42 0 32 7 1.0
32 43 0 32 43 1.0
32 44 8 32 28 1.0
32 45 1 32 27 1.0
32 46 0 32 46 1.0
32 47 1 32 27 1.0
32 48 0 32 48 1.0
32 49 9 32 48 1.0
32 50 1 32 35 1.0
32 51 0 32 7 1.0
32 52 1 32 10 1.0
32 53 2 32 10 1.0
32 54 4 32 28 1.0
32 55 0 32 7 1.0
32 56 0 32 78 1.0
32 57 0 32 57 1.0
32 58 0 32 7 1.0
32 59 0 32 59 1.0
32 60 0 32 60 1.0
32 61 4 32 60 1.0
32 62 0 32 7 1.0
32 63 2 32 21 1.0
32 64 0 32 64 1.0
32 65 0 32 65 1.0
32 66 0 32 66 1.0
32 67 0 32 67 1.0
32 68 0 32 68 1.0
32 69 2 32 21 1.0
32 70 0 32 7 1.0
32 71 10 32 65 1.0
32 72 0 32 72 1.0
32 74 8 32 28 1.0
32 75 0 32 75 1.0
32 76 0 32 7 1.0
32 77 0 32 7 1.0
32 78 0 32 78 1.0
32 79 1 32 15 1.0
33 0 3 33 25 1.0
33 1 0 33 79 1.0
33 2 1 33 25 1.0
33 3 0 33 3 1.0
33 4 0 33 4 1.0
33 5 0 33 5 1.0
33 6 0 33 6 1.0
33 8 0 33 8 1.0
33 9 8 33 71 1.0
33 10 0 33 10 1.0
33 11 0 33 79 1.0
33 12 0 33 25 1.0
33 13 0 33 13 1.0
33 15 0 33 15 1.0
33 16 3 33 18 1.0
33 17 1 33 25 1.0
33 18 0 33 18 1.0
33 19 6 33 28 1.0
33 20 6 33 26 1.0
33 21 5 33 28 1.0
33 22 1 33 18 1.0
33 23 2 33 10 1.0
33 24 8 33 28 1.0
33 26 0 33 26 1.0
33 27 6 33 28 1.0
33 29 0 33 10 1.0
33 30 0 33 30 1.0
33 31 3 33 28 1.0
33 32 7 33 28 1.0
33 34 3 33 3 1.0
33 35 2 33 25 1.0
33 36 6 33 3 1.0
33 37 1 33 25 1.0
33 38 6 33 28 1.0
33 39 2 33 25 1.0
33 40 6 33 28 1.0
33 41 9 33 28 1.0
33 42 1 33 25 1.0
33 43 0 33 43 1.0
33 44 0 33 44 1.0
33 45 6 33 50 1.0
33 46 1 33 25 1.0
33 47 4 33 3 1.0
33 48 1 33 25 1.0
33 49 7 33 71 1.0
33 50 0 33 50 1.0
33 51 1 33 8 1.0
33 52 4 33 6 1.0
33 53 6 33 71 1.0
33 54 4 33 28 1.0
33 55 0 33 79 1.0
33 56 4 33 71 1.0
33 57 10 33 65 1.0
33 58 5 33 71 1.0
33 59 1 33 77 1.0
33 60 7 33 28 1.0
33 61 1 33 25 1.0
33 62 2 33 77 1.0
33 63 9 33 3 1.0
33 64 2 33 25 1.0
33 65 0 33 65 1.0
33 66 6 33 28 1.0
33 67 2 33 6 1.0
33 68 1 33 25 1.0
33 69 0 33 69 1.0
33 70 0 33 70 1.0
33 71 0 33 71 1.0
33 72 0 33 72 1.0
33 74 0 33 74 1.0
33 75 0 33 75 1.0
33 76 9 33 26 1.0
33 77 0 33 77 1.0
33 78 0 33 78 1.0
33 79 0 33 79 1.0
34 0 1 34 14 1.0
34 1 2 34 35 1.0
34 2 0 34 2 1.0
34 3 0 34 3 1.0
34 4 4 34 31 1.0
34 5 2 34 12 1.0
34 6 2 34 12 1.0
34 8 2 34 35 1.0
34 9 2 34 14 1.0
34 10 1 34 14 1.0
34 11 3 34 2 1.0
34 12 0 34 12 1.0
34 13 3 34 50 1.0
34 15 2 34 35 1.0
34 16 0 34 16 1.0
34 17 0 34 17 1.0
34 18 1 34 16 1.0
34 19 7 34 41 1.0
34 20 0 34 20 1.0
34 21 5 34 35 1.0
34 22 4 34 42 1.0
34 23 0 34 23 1.0
34 24 1 34 2 1.0
34 26 0 34 58 1.0
34 27 0 34 23 1.0
34 29 0 34 29 1.0
34 30 2 34 14 1.0
34 31 0 34 31 1.0
34 32 2 34 35 1.0
34 33 3 34 3 1.0
34 35 0 34 35 1.0
34 36 0 34 36 1.0
34 37 10 34 41 1.0
34 38 1 34 14 1.0
34 39 4 34 2 1.0
34 40 0 34 40 1.0
34 41 0 34 41 1.0
34 42 0 34 42 1.0
34 43 1 34 14 1.0
34 44 2 34 2 1.0
34 45 0 34 14 1.0
34 46 0 34 46 1.0
34 47 4 34 35 1.0
34 48 6 34 29 1.0
34 49 3 34 29 1.0
34 50 0 34 50 1.0
34 51 0 34 51 1.0
34 52 4 34 69 1.0
34 53 1 34 14 1.0
34 54 2 34 12 1.0
34 55 5 34 35 1.0
34 56 6 34 31 1.0
34 57 6 34 65 1.0
34 58 0 34 58 1.0
34 59 0 34 14 1.0
34 60 1 34 14 1.0
34 61 5 34 41 1.0
34 62 0 34 62 1.0
34 63 0 34 63 1.0
34 64 2 34 29 1.0
34 65 0 34 65 1.0
34 66 0 34 66 1.0
34 67 4 34 41 1.0
34 68 4 34 46 1.0
34 69 0 34 69 1.0
34 70 0 34 14 1.0
34 71 0 34 71 1.0
34 72 3 34 2 1.0
34 74 4 34 2 1.0
34 75 0 34 75 1.0
34 76 8 34 41 1.0
34 77 8 34 42 1.0
34 78 4 34 35 1.0
34 79 2 34 50 1.0
35 0 2 35 25 1.0
35 1 0 35 1 1.0
35 2 1 35 25 1.0
35 3 4 35 34 1.0
35 4 1 35 25 1.0
35 5 1 35 7 1.0
35 6 1 35 78 1.0
35 8 0 35 8 1.0
35 9 0 35 58 1.0
35 10 0 35 40 1.0
35 11 2 35 25 1.0
35 12 0 35 12 1.0
35 13 5 35 50 1.0
35 15 0 35 15 1.0
35 16 0 35 16 1.0
35 17 0 35 17 1.0
35 18 1 35 25 1.0
35 19 3 35 46 1.0
35 20 8 35 34 1.0
35 21 0 35 21 1.0
35 22 3 35 16 1.0
35 23 4 35 34 1.0
35 24 0 35 7 1.0
35 26 5 35 50 1.0
35 27 0 35 7 1.0
35 29 8 35 34 1.0
35 30 2 35 12 1.0
35 31 8 35 34 1.0
35 32 0 35 32 1.0
35 33 2 35 25 1.0
35 34 0 35 34 1.0
35 36 0 35 36 1.0
35 37 0 35 37 1.0
35 38 0 35 78 1.0
35 39 0 35 39 1.0
35 40 0 35 40 1.0
35 41 0 35 41 1.0
35 42 3 35 25 1.0
35 43 3 35 46 1.0
35 44 0 35 7 1.0
35 45 0 35 45 1.0
35 46 0 35 46 1.0
35 47 0 35 47 1.0
35 48 2 35 25 1.0
35 49 5 35 16 1.0
35 50 0 35 50 1.0
35 51 0 35 51 1.0
35 52 2 35 25 1.0
35 53 0 35 78 1.0
35 54 2 35 25 1.0
35 55 0 35 55 1.0
35 56 1 35 78 1.0
35 57 0 35 7 1.0
35 58 0 35 58 1.0
35 59 0 35 47 1.0
35 60 0 35 7 1.0
35 61 1 35 25 1.0
35 62 0 35 7 1.0
35 63 5 35 34 1.0
35 64 0 35 7 1.0
35 65 0 35 7 1.0
35 66 0 35 66 1.0
35 67 0 35 78 1.0
35 68 4 35 25 1.0
35 69 0 35 25 1.0
35 70 0 35 7 1.0
35 71 0 35 71 1.0
35 72 2 35 66 1.0
35 74 1 35 46 1.0
35 75 1 35 25 1.0
35 76 1 35 7 1.0
35 77 0 35 7 1.0
35 78 0 35 78 1.0
35 79 6 35 50 1.0
36 0 6 36 63 1.0
36 1 3 36 52 1.0
36 2 4 36 39 1.0
36 3 0 36 3 1.0
36 4 6 36 73 1.0
36 5 0 36 5 1.0
36 6 2 36 63 1.0
36 8 9 36 73 1.0
36 9 7 36 73 1.0
36 10 3 36 53 1.0
36 11 0 36 11 1.0
36 12 8 36 73 1.0
36 13 0 36 61 1.0
36 15 5 36 19 1.0
36 16 0 36 61 1.0
36 17 4 36 19 1.0
36 18 7 36 73 1.0
36 19 0 36 19 1.0
36 20 3 36 44 1.0
36 21 0 36 21 1.0
36 22 1 36 54 1.0
36 23 3 36 53 1.0
36 24 0 36 24 1.0
36 26 8 36 73 1.0
36 27 6 36 73 1.0
36 29 2 36 63 1.0
36 30 6 36 73 1.0
36 31 2 36 21 1.0
36 32 0 36 32 1.0
36 33 6 36 3 1.0
36 34 0 36 34 1.0
36 35 0 36 35 1.0
36 37 0 36 61 1.0
36 38 10 36 73 1.0
36 39 0 36 39 1.0
36 40 1 36 63 1.0
36 41 0 36 41 1.0
36 42 1 36 54 1.0
36 43 6 36 44 1.0
36 44 0 36 44 1.0
36 45 5 36 24 1.0
36 46 4 36 19 1.0
36 47 0 36 47 1.0
36 48 1 36 39 1.0
36 49 5 36 39 1.0
36 50 9 36 24 1.0
36 51 7 36 62 1.0
36 52 0 36 52 1.0
36 53 0 36 53 1.0
36 54 0 36 54 1.0
36 55 5 36 44 1.0
36 56 0 36 56 1.0
36 57 6 36 69 1.0
36 58 8 36 73 1.0
36 59 0 36 59 1.0
36 60 9 36 73 1.0
36 61 0 36 61 1.0
36 62 0 36 62 1.0
36 63 0 36 63 1.0
36 64 5 36 39 1.0
36 65 6 36 3 1.0
36 66 8 36 69 1.0
36 67 9 36 73 1.0
36 68 0 36 54 1.0
36 69 0 36 69 1.0
36 70 0 36 70 1.0
36 71 4 36 44 1.0
36 72 0 36 72 1.0
36 74 2 36 72 1.0
36 75 2 36 70 1.0
36 76 6 36 69 1.0
36 77 7 36 73 1.0
36 78 4 36 19 1.0
36 79 0 36 79 1.0
37 0 0 37 0 1.0
37 1 3 37 52 1.0
37 2 0 37 2 1.0
37 3 7 37 28 1.0
37 4 1 37 25 1.0
37 5 0 37 5 1.0
37 6 0 37 6 1.0
37 8 3 37 25 1.0
37 9 2 37 14 1.0
37 10 1 37 14 1.0
37 11 0 37 11 1.0
37 12 0 37 12 1.0
37 13 7 37 28 1.0
37 15 5 37 28 1.0
37 16 2 37 7 1.0
37 17 2 37 25 1.0
37 18 2 37 25 1.0
37 19 6 37 28 1.0
37 20 0 37 20 1.0
37 21 9 37 28 1.0
37 22 0 37 54 1.0
37 23 6 37 69 1.0
37 24 1 37 7 1.0
37 26 5 37 41 1.0
37 27 0 37 7 1.0
37 29 4 37 2 1.0
37 30 0 37 14 1.0
37 31 6 37 28 1.0
37 32 0 37 7 1.0
37 33 1 37 25 1.0
37 34 10 37 41 1.0
37 35 0 37 35 1.0
37 36 0 37 61 1.0
37 38 12 37 28 1.0
37 39 2 37 25 1.0
37 40 2 37 14 1.0
37 41 0 37 41 1.0
37 42 0 37 42 1.0
37 43 1 37 14 1.0
37 44 1 37 7 1.0
37 45 0 37 45 1.0
37 46 2 37 25 1.0
37 47 4 37 12 1.0
37 48 0 37 25 1.0
37 49 1 37 58 1.0
37 50 0 37 50 1.0
37 51 1 37 7 1.0
37 52 0 37 52 1.0
37 53 3 37 14 1.0
37 54 0 37 54 1.0
37 55 0 37 7 1.0
37 56 2 37 54 1.0
37 57 0 37 57 1.0
37 58 0 37 58 1.0
37 59 3 37 12 1.0
37 60 0 37 60 1.0
37 61 0 37 61 1.0
37 62 0 37 7 1.0
37 63 1 37 11 1.0
37 64 2 37 25 1.0
37 65 0 37 7 1.0
37 66 8 37 28 1.0
37 67 7 37 57 1.0
37 68 3 37 25 1.0
37 69 0 37 69 1.0
37 70 0 37 70 1.0
37 71 1 37 78 1.0
37 72 6 37 57 1.0
37 74 8 37 28 1.0
37 75 0 37 75 1.0
37 76 1 37 7 1.0
37 77 1 37 25 1.0
37 78 0 37 78 1.0
37 79 2 37 70 1.0
38 0 1 38 14 1.0
38 1 4 38 30 1.0
38 2 0 38 11 1.0
38 3 5 38 28 1.0
38 4 0 38 4 1.0
38 5 9 38 73 1.0
38 6 5 38 57 1.0
38 8 9 38 73 1.0
38 9 14 38 73 1.0
38 10 0 38 14 1.0
38 11 0 38 11 1.0
38 12 0 38 12 1.0
38 13 7 38 28 1.0
38 15 7 38 28 1.0
38 16 0 38 16 1.0
38 17 0 38 17 1.0
38 18 5 38 73 1.0
38 19 0 38 19 1.0
38 20 0 38 20 1.0
38 21 10 38 28 1.0
38 22 1 38 54 1.0
38 23 3 38 30 1.0
38 24 8 38 28 1.0
38 26 6 38 73 1.0
38 27 8 38 73 1.0
38 29 1 38 14 1.0
38 30 0 38 30 1.0
38 31 0 38 31 1.0
38 32 8 38 28 1.0
38 33 6 38 28 1.0
38 34 1 38 14 1.0
38 35 0 38 78 1.0
38 36 10 38 73 1.0
38 37 12 38 28 1.0
38 39 5 38 73 1.0
38 40 1 38 14 1.0
38 41 7 38 28 1.0
38 42 1 38 54 1.0
38 43 1 38 14 1.0
38 44 9 38 73 1.0
38 45 1 38 14 1.0
38 46 1 38 17 1.0
38 47 1 38 54 1.0
38 48 1 38 14 1.0
38 49 3 38 30 1.0
38 50 1 38 14 1.0
38 51 3 38 62 1.0
38 52 2 38 62 1.0
38 53 5 38 73 1.0
38 54 0 38 54 1.0
38 55 7 38 57 1.0
38 56 0 38 56 1.0
38 57 0 38 57 1.0
38 58 8 38 73 1.0
38 59 6 38 30 1.0
38 60 0 38 60 1.0
38 61 0 38 61 1.0
38 62 0 38 62 1.0
38 63 0 38 63 1.0
38 64 2 38 70 1.0
38 65 0 38 65 1.0
38 66 0 38 66 1.0
38 67 9 38 73 1.0
38 68 6 38 28 1.0
38 69 0 38 69 1.0
38 70 0 38 70 1.0
38 71 3 38 57 1.0
38 72 0 38 72 1.0
38 74 7 38 28 1.0
38 75 0 38 75 1.0
38 76 5 38 30 1.0
38 77 6 38 73 1.0
38 78 0 38 78 1.0
38 79 1 38 70 1.0
39 0 4 39 14 1.0
39 1 9 39 64 1.0
39 2 0 39 2 1.0
39 3 0 39 43 1.0
39 4 1 39 25 1.0
39 5 1 39 7 1.0
39 6 3 39 64 1.0
39 8 0 39 8 1.0
39 9 2 39 14 1.0
39 10 2 39 14 1.0
39 11 3 39 25 1.0
39 12 0 39 25 1.0
39 13 5 39 24 1.0
39 15 7 39 64 1.0
39 16 1 39 7 1.0
39 17 0 39 25 1.0
39 18 0 39 18 1.0
39 19 0 39 19 1.0
39 20 3 39 2 1.0
39 21 1 39 14 1.0
39 22 2 39 18 1.0
39 23 2 39 53 1.0
39 24 0 39 24 1.0
39 26 8 39 73 1.0
39 27 0 39 7 1.0
39 29 0 39 29 1.0
39 30 2 39 14 1.0
39 31 3 39 2 1.0
39 32 0 39 7 1.0
39 33 2 39 25 1.0
39 34 4 39 2 1.0
39 35 0 39 35 1.0
39 36 0 39 36 1.0
39 37 2 39 25 1.0
39 38 5 39 73 1.0
39 40 0 39 40 1.0
39 41 2 39 2 1.0
39 42 4 39 25 1.0
39 43 0 39 43 1.0
39 44 0 39 44 1.0
39 45 0 39 45 1.0
39 46 0 39 46 1.0
39 47 1 39 46 1.0
39 48 0 39 48 1.0
39 49 0 39 49 1.0
39 50 4 39 45 1.0
39 51 1 39 7 1.0
39 52 2 39 25 1.0
39 53 0 39 53 1.0
39 54 8 39 73 1.0
39 55 0 39 7 1.0
39 56 7 39 73 1.0
39 57 0 39 7 1.0
39 58 0 39 7 1.0
39 59 0 39 14 1.0
39 60 1 39 7 1.0
39 61 0 39 61 1.0
39 62 0 39 7 1.0
39 63 8 39 73 1.0
39 64 0 39 64 1.0
39 65 0 39 7 1.0
39 66 2 39 29 1.0
39 67 4 39 64 1.0
39 68 2 39 25 1.0
39 69 1 39 25 1.0
39 70 1 39 7 1.0
39 71 2 39 14 1.0
39 72 0 39 72 1.0
39 74 0 39 74 1.0
39 75 0 39 75 1.0
39 76 0 39 7 1.0
39 77 0 39 7 1.0
39 78 2 39 25 1.0
39 79 0 39 79 1.0
40 0 0 40 0 1.0
40 1 0 40 1 1.0
40 2 0 40 2 1.0
40 3 5 40 28 1.0
40 4 0 40 10 1.0
40 5 0 40 5 1.0
40 6 0 40 6 1.0
40 8 11 40 28 1.0
40 9 0 40 9 1.0
40 10 0 40 10 1.0
40 11 0 40 11 1.0
40 12 5 40 5 1.0
40 13 9 40 28 1.0
40 15 8 40 28 1.0
40 16 6 40 48 1.0
40 17 1 40 29 1.0
40 18 1 40 0 1.0
40 19 9 40 28 1.0
40 20 1 40 2 1.0
40 21 3 40 14 1.0
40 22 2 40 1 1.0
40 23 3 40 10 1.0
40 24 6 40 28 1.0
40 26 5 40 48 1.0
40 27 6 40 28 1.0
40 29 0 40 29 1.0
40 30 0 40 30 1.0
40 31 0 40 31 1.0
40 32 6 40 28 1.0
40 33 6 40 28 1.0
40 34 0 40 34 1.0
40 35 0 40 35 1.0
40 36 1 40 63 1.0
40 37 2 40 14 1.0
40 38 1 40 14 1.0
40 39 0 40 39 1.0
40 41 7 40 28 1.0
40 42 0 40 42 1.0
40 43 2 40 14 1.0
40 44 5 40 28 1.0
40 45 2 40 14 1.0
40 46 3 40 29 1.0
40 47 4 40 29 1.0
40 48 0 40 48 1.0
40 49 0 40 49 1.0
40 50 0 40 14 1.0
40 51 2 40 77 1.0
40 52 0 40 52 1.0
40 53 0 40 53 1.0
40 54 2 40 28 1.0
40 55 3 40 29 1.0
40 56 0 40 9 1.0
40 57 4 40 63 1.0
40 58 2 40 29 1.0
40 59 2 40 14 1.0
40 60 0 40 60 1.0
40 61 2 40 14 1.0
40 62 3 40 77 1.0
40 63 0 40 63 1.0
40 64 0 40 64 1.0
40 65 2 40 14 1.0
40 66 4 40 29 1.0
40 67 6 40 64 1.0
40 68 0 40 14 1.0
40 69 5 40 5 1.0
40 70 1 40 14 1.0
40 71 4 40 14 1.0
40 72 2 40 29 1.0
40 74 1 40 14 1.0
40 75 7 40 28 1.0
40 76 3 40 29 1.0
40 77 0 40 77 1.0
40 78 0 40 78 1.0
40 79 2 40 1 1.0
41 0 5 41 37 1.0
41 1 6 41 35 1.0
41 2 0 41 2 1.0
41 3 0 41 3 1.0
41 4 5 41 42 1.0
41 5 3 41 37 1.0
41 6 6 41 37 1.0
41 8 0 41 8 1.0
41 9 1 41 58 1.0
41 10 0 41 21 1.0
41 11 1 41 37 1.0
41 12 0 41 12 1.0
41 13 0 41 13 1.0
41 15 0 41 15 1.0
41 16 4 41 35 1.0
41 17 5 41 35 1.0
41 18 5 41 50 1.0
41 19 0 41 19 1.0
41 20 5 41 37 1.0
41 21 0 41 21 1.0
41 22 0 41 22 1.0
41 23 1 41 21 1.0
41 24 9 41 28 1.0
41 26 0 41 26 1.0
41 27 6 41 28 1.0
41 29 3 41 34 1.0
41 30 2 41 12 1.0
41 31 0 41 31 1.0
41 32 9 41 28 1.0
41 33 9 41 28 1.0
41 34 0 41 34 1.0
41 35 0 41 35 1.0
41 36 0 41 36 1.0
41 37 0 41 37 1.0
41 38 7 41 28 1.0
41 39 2 41 2 1.0
41 40 7 41 28 1.0
41 42 0 41 42 1.0
41 43 3 41 77 1.0
41 44 7 41 28 1.0
41 45 5 41 50 1.0
41 46 4 41 35 1.0
41 47 5 41 35 1.0
41 48 1 41 12 1.0
41 49 1 41 58 1.0
41 50 0 41 50 1.0
41 51 4 41 77 1.0
41 52 5 41 69 1.0
41 53 3 41 19 1.0
41 54 8 41 28 1.0
41 55 2 41 35 1.0
41 56 4 41 19 1.0
41 57 3 41 37 1.0
41 58 0 41 58 1.0
41 59 1 41 12 1.0
41 60 6 41 28 1.0
41 61 0 41 61 1.0
41 62 7 41 69 1.0
41 63 7 41 34 1.0
41 64 3 41 15 1.0
41 65 4 41 3 1.0
41 66 8 41 28 1.0
41 67 0 41 67 1.0
41 68 8 41 28 1.0
41 69 0 41 69 1.0
41 70 3 41 37 1.0
41 71 1 41 78 1.0
41 72 7 41 76 1.0
41 74 7 41 28 1.0
41 75 0 41 75 1.0
41 76 0 41 76 1.0
41 77 0 41 77 1.0
41 78 0 41 78 1.0
41 79 3 41 50 1.0
42 0 3 42 25 1.0
42 1 5 42 77 1.0
42 2 0 42 2 1.0
42 3 5 42 65 1.0
42 4 0 42 4 1.0
42 5 1 42 7 1.0
42 6 5 42 76 1.0
42 8 0 42 8 1.0
42 9 3 42 56 1.0
42 10 2 42 53 1.0
42 11 2 42 25 1.0
42 12 1 42 25 1.0
42 13 1 42 77 1.0
42 15 0 42 46 1.0
42 16 1 42 7 1.0
42 17 1 42 25 1.0
42 18 1 42 25 1.0
42 19 0 42 19 1.0
42 20 0 42 20 1.0
42 21 3 42 41 1.0
42 22 0 42 22 1.0
42 23 0 42 23 1.0
42 24 1 42 7 1.0
42 26 1 42 20 1.0
42 27 0 42 7 1.0
42 29 3 42 2 1.0
42 30 4 42 56 1.0
42 31 4 42 34 1.0
42 32 0 42 7 1.0
42 33 1 42 25 1.0
42 34 0 42 34 1.0
42 35 3 42 25 1.0
42 36 1 42 54 1.0
42 37 0 42 37 1.0
42 38 1 42 54 1.0
42 39 4 42 25 1.0
42 40 0 42 40 1.0
42 41 0 42 41 1.0
42 43 2 42 46 1.0
42 44 1 42 7 1.0
42 45 3 42 2 1.0
42 46 0 42 46 1.0
42 47 2 42 46 1.0
42 48 1 42 25 1.0
42 49 6 42 74 1.0
42 50 3 42 41 1.0
42 51 0 42 51 1.0
42 52 7 42 77 1.0
42 53 0 42 53 1.0
42 54 0 42 54 1.0
42 55 0 42 7 1.0
42 56 0 42 56 1.0
42 57 0 42 7 1.0
42 58 0 42 7 1.0
42 59 4 42 77 1.0
42 60 1 42 7 1.0
42 61 0 42 61 1.0
42 62 0 42 62 1.0
42 63 3 42 77 1.0
42 64 1 42 7 1.0
42 65 0 42 65 1.0
42 66 2 42 34 1.0
42 67 3 42 56 1.0
42 68 0 42 68 1.0
42 69 1 42 25 1.0
42 70 1 42 7 1.0
42 71 6 42 65 1.0
42 72 0 42 72 1.0
42 74 0 42 74 1.0
42 75 0 42 25 1.0
42 76 0 42 76 1.0
42 77 0 42 77 1.0
42 78 2 42 25 1.0
42 79 0 42 8 1.0
43 0 0 43 0 1.0
43 1 5 43 77 1.0
43 2 0 43 2 1.0
43 3 0 43 3 1.0
43 4 9 43 71 1.0
43 5 0 43 5 1.0
43 6 2 43 33 1.0
43 8 0 43 8 1.0
43 9 0 43 14 1.0
43 10 0 43 10 1.0
43 11 0 43 11 1.0
43 12 5 43 51 1.0
43 13 5 43 33 1.0
43 15 0 43 15 1.0
43 16 2 43 46 1.0
43 17 0 43 17 1.0
43 18 1 43 0 1.0
43 19 0 43 19 1.0
43 20 0 43 20 1.0
43 21 4 43 14 1.0
43 22 0 43 22 1.0
43 23 0 43 27 1.0
43 24 3 43 45 1.0
43 26 8 43 71 1.0
43 27 0 43 27 1.0
43 29 3 43 14 1.0
43 30 2 43 14 1.0
43 31 0 43 27 1.0
43 32 0 43 32 1.0
43 33 0 43 33 1.0
43 34 1 43 14 1.0
43 35 3 43 46 1.0
43 36 6 43 44 1.0
43 37 1 43 14 1.0
43 38 1 43 14 1.0
43 39 0 43 39 1.0
43 40 2 43 14 1.0
43 41 3 43 77 1.0
43 42 2 43 46 1.0
43 44 0 43 44 1.0
43 45 0 43 45 1.0
43 46 0 43 46 1.0
43 47 0 43 47 1.0
43 48 0 43 27 1.0
43 49 0 43 10 1.0
43 50 0 43 14 1.0
43 51 0 43 51 1.0
43 52 4 43 77 1.0
43 53 0 43 53 1.0
43 54 4 43 46 1.0
43 55 5 43 44 1.0
43 56 2 43 19 1.0
43 57 5 43 65 1.0
43 58 4 43 71 1.0
43 59 3 43 14 1.0
43 60 1 43 14 1.0
43 61 0 43 8 1.0
43 62 1 43 77 1.0
43 63 2 43 0 1.0
43 64 8 43 39 1.0
43 65 0 43 65 1.0
43 66 0 43 46 1.0
43 67 5 43 71 1.0
43 68 4 43 46 1.0
43 69 0 43 11 1.0
43 70 0 43 8 1.0
43 71 0 43 71 1.0
43 72 7 43 65 1.0
43 74 1 43 14 1.0
43 75 7 43 44 1.0
43 76 0 43 27 1.0
43 77 0 43 77 1.0
43 78 4 43 46 1.0
43 79 0 43 8 1.0
44 0 4 44 53 1.0
44 1 3 44 52 1.0
44 2 0 44 2 1.0
44 3 6 44 28 1.0
44 4 8 44 73 1.0
44 5 8 44 73 1.0
44 6 3 44 33 1.0
44 8 1 44 7 1.0
44 9 9 44 73 1.0
44 10 2 44 53 1.0
44 11 8 44 73 1.0
44 12 4 44 73 1.0
44 13 6 44 28 1.0
44 15 3 44 28 1.0
44 16 0 44 16 1.0
44 17 2 44 20 1.0
44 18 9 44 73 1.0
44 19 10 44 28 1.0
44 20 0 44 20 1.0
44 21 0 44 21 1.0
44 22 0 44 27 1.0
44 23 0 44 23 1.0
44 24 1 44 7 1.0
44 26 0 44 26 1.0
44 27 0 44 27 1.0
44 29 1 44 2 1.0
44 30 5 44 73 1.0
44 31 7 44 28 1.0
44 32 8 44 28 1.0
44 33 0 44 33 1.0
44 34 2 44 2 1.0
44 35 0 44 7 1.0
44 36 0 44 36 1.0
44 37 1 44 7 1.0
44 38 9 44 73 1.0
44 39 0 44 39 1.0
44 40 5 44 28 1.0
44 41 7 44 28 1.0
44 42 1 44 7 1.0
44 43 0 44 43 1.0
44 45 8 44 26 1.0
44 46 3 44 43 1.0
44 47 0 44 27 1.0
44 48 0 44 27 1.0
44 49 9 44 26 1.0
44 50 0 44 50 1.0
44 51 1 44 7 1.0
44 52 0 44 52 1.0
44 53 0 44 53 1.0
44 54 0 44 54 1.0
44 55 0 44 55 1.0
44 56 0 44 56 1.0
44 57 0 44 7 1.0
44 58 8 44 73 1.0
44 59 3 44 53 1.0
44 60 1 44 7 1.0
44 61 0 44 61 1.0
44 62 0 44 62 1.0
44 63 6 44 73 1.0
44 64 1 44 7 1.0
44 65 0 44 65 1.0
44 66 4 44 28 1.0
44 67 8 44 73 1.0
44 68 0 44 7 1.0
44 69 8 44 36 1.0
44 70 1 44 7 1.0
44 71 0 44 71 1.0
44 72 7 44 26 1.0
44 74 4 44 28 1.0
44 75 0 44 75 1.0
44 76 0 44 7 1.0
44 77 0 44 77 1.0
44 78 5 44 28 1.0
44 79 1 44 33 1.0
45 0 0 45 0 1.0
45 1 8 45 50 1.0
45 2 0 45 2 1.0
45 3 0 45 3 1.0
45 4 0 45 4 1.0
45 5 6 45 3 1.0
45 6 6 45 50 1.0
45 8 2 45 0 1.0
45 9 0 45 14 1.0
45 10 1 45 14 1.0
45 11 9 45 24 1.0
45 12 2 45 37 1.0
45 13 0 45 13 1.0
45 15 6 45 24 1.0
45 16 3 45 18 1.0
45 17 8 45 24 1.0
45 18 0 45 18 1.0
45 19 3 45 39 1.0
45 20 0 45 20 1.0
45 21 2 45 14 1.0
45 22 4 45 18 1.0
45 23 0 45 23 1.0
45 24 0 45 24 1.0
45 26 0 45 26 1.0
45 27 0 45 27 1.0
45 29 1 45 14 1.0
45 30 0 45 30 1.0
45 31 3 45 23 1.0
45 32 1 45 27 1.0
45 33 6 45 50 1.0
45 34 0 45 14 1.0
45 35 0 45 35 1.0
45 36 5 45 24 1.0
45 37 0 45 37 1.0
45 38 1 45 14 1.0
45 39 0 45 39 1.0
45 40 2 45 14 1.0
45 41 5 45 50 1.0
45 42 3 45 2 1.0
45 43 0 45 43 1.0
45 44 8 45 26 1.0
45 46 3 45 47 1.0
45 47 0 45 47 1.0
45 48 1 45 14 1.0
45 49 0 45 13 1.0
45 50 0 45 50 1.0
45 51 2 45 47 1.0
45 52 2 45 55 1.0
45 53 2 45 14 1.0
45 54 4 45 24 1.0
45 55 0 45 55 1.0
45 56 3 45 30 1.0
45 57 7 45 65 1.0
45 58 0 45 47 1.0
45 59 2 45 14 1.0
45 60 1 45 14 1.0
45 61 6 45 24 1.0
45 62 0 45 13 1.0
45 63 0 45 63 1.0
45 64 0 45 64 1.0
45 65 0 45 65 1.0
45 66 3 45 50 1.0
45 67 6 45 74 1.0
45 68 2 45 47 1.0
45 69 2 45 37 1.0
45 70 2 45 14 1.0
45 71 3 45 14 1.0
45 72 6 45 74 1.0
45 74 0 45 74 1.0
45 75 2 45 18 1.0
45 76 8 45 24 1.0
45 77 4 45 43 1.0
45 78 0 45 78 1.0
45 79 0 45 79 1.0
46 0 0 46 0 1.0
46 1 3 46 77 1.0
46 2 0 46 2 1.0
46 3 1 46 43 1.0
46 4 0 46 4 1.0
46 5 1 46 43 1.0
46 6 0 46 78 1.0
46 8 1 46 25 1.0
46 9 1 46 19 1.0
46 10 3 46 43 1.0
46 11 1 46 25 1.0
46 12 1 46 25 1.0
46 13 7 46 68 1.0
46 15 0 46 15 1.0
46 16 0 46 16 1.0
46 17 0 46 17 1.0
46 18 1 46 25 1.0
46 19 0 46 19 1.0
46 20 8 46 68 1.0
46 21 6 46 32 1.0
46 22 5 46 43 1.0
46 23 1 46 27 1.0
46 24 2 46 47 1.0
46 26 0 46 17 1.0
46 27 0 46 27 1.0
46 29 0 46 29 1.0
46 30 1 46 17 1.0
46 31 1 46 17 1.0
46 32 0 46 32 1.0
46 33 1 46 25 1.0
46 34 0 46 34 1.0
46 35 0 46 35 1.0
46 36 4 46 19 1.0
46 37 2 46 25 1.0
46 38 1 46 17 1.0
46 39 0 46 39 1.0
46 40 3 46 29 1.0
46 41 4 46 35 1.0
46 42 0 46 42 1.0
46 43 0 46 43 1.0
46 44 3 46 43 1.0
46 45 3 46 47 1.0
46 47 0 46 47 1.0
46 48 0 46 48 1.0
46 49 7 46 48 1.0
46 50 5 46 68 1.0
46 51 0 46 51 1.0
46 52 0 46 25 1.0
46 53 0 46 53 1.0
46 54 0 46 54 1.0
46 55 0 46 17 1.0
46 56 4 46 19 1.0
46 57 2 46 25 1.0
46 58 7 46 68 1.0
46 59 3 46 47 1.0
46 60 1 46 32 1.0
46 61 1 46 25 1.0
46 62 1 46 77 1.0
46 63 1 46 29 1.0
46 64 2 46 25 1.0
46 65 3 46 43 1.0
46 66 0 46 66 1.0
46 67 1 46 17 1.0
46 68 0 46 68 1.0
46 69 0 46 25 1.0
46 70 0 46 54 1.0
46 71 3 46 43 1.0
46 72 6 46 74 1.0
46 74 0 46 74 1.0
46 75 1 46 25 1.0
46 76 1 46 47 1.0
46 77 0 46 77 1.0
46 78 0 46 78 1.0
46 79 3 46 39 1.0
47 0 0 47 0 1.0
47 1 0 47 0 1.0
47 2 0 47 46 1.0
47 3 0 47 3 1.0
47 4 0 47 4 1.0
47 5 1 47 12 1.0
47 6 6 47 76 1.0
47 8 4 47 68 1.0
47 9 0 47 58 1.0
47 10 1 47 0 1.0
47 11 1 47 0 1.0
47 12 0 47 12 1.0
47 13 0 47 13 1.0
47 15 6 47 68 1.0
47 16 8 47 68 1.0
47 17 3 47 46 1.0
47 18 8 47 24 1.0
47 19 2 47 54 1.0
47 20 7 47 68 1.0
47 21 0 47 27 1.0
47 22 0 47 22 1.0
47 23 1 47 27 1.0
47 24 0 47 24 1.0
47 26 4 47 45 1.0
47 27 0 47 27 1.0
47 29 0 47 29 1.0
47 30 4 47 59 1.0
47 31 0 47 31 1.0
47 32 1 47 27 1.0
47 33 4 47 3 1.0
47 34 4 47 35 1.0
47 35 0 47 35 1.0
47 36 0 47 36 1.0
47 37 4 47 12 1.0
47 38 1 47 54 1.0
47 39 1 47 46 1.0
47 40 4 47 29 1.0
47 41 5 47 35 1.0
47 42 2 47 46 1.0
47 43 0 47 43 1.0
47 44 0 47 27 1.0
47 45 0 47 45 1.0
47 46 0 47 46 1.0
47 48 0 47 27 1.0
47 49 0 47 49 1.0
47 50 0 47 50 1.0
47 51 0 47 51 1.0
47 52 5 47 51 1.0
47 53 0 47 53 1.0
47 54 0 47 54 1.0
47 55 2 47 45 1.0
47 56 3 47 54 1.0
47 57 3 47 65 1.0
47 58 0 47 58 1.0
47 59 0 47 59 1.0
47 60 4 47 4 1.0
47 61 5 47 24 1.0
47 62 4 47 59 1.0
47 63 0 47 0 1.0
47 64 5 47 68 1.0
47 65 0 47 65 1.0
47 66 8 47 31 1.0
47 67 0 47 78 1.0
47 68 0 47 68 1.0
47 69 0 47 12 1.0
47 70 0 47 54 1.0
47 71 10 47 65 1.0
47 72 1 47 3 1.0
47 74 7 47 24 1.0
47 75 0 47 58 1.0
47 76 0 47 76 1.0
47 77 6 47 51 1.0
47 78 0 47 78 1.0
47 79 2 47 45 1.0
48 0 3 48 14 1.0
48 1 8 48 64 1.0
48 2 5 48 29 1.0
48 3 0 48 3 1.0
48 4 1 48 25 1.0
48 5 0 48 5 1.0
48 6 5 48 64 1.0
48 8 0 48 25 1.0
48 9 1 48 14 1.0
48 10 0 48 10 1.0
48 11 3 48 29 1.0
48 12 0 48 12 1.0
48 13 0 48 13 1.0
48 15 5 48 64 1.0
48 16 0 48 16 1.0
48 17 0 48 17 1.0
48 18 0 48 18 1.0
48 19 0 48 17 1.0
48 20 0 48 20 1.0
48 21 4 48 14 1.0
48 22 0 48 22 1.0
48 23 0 48 27 1.0
48 24 5 48 64 1.0
48 26 0 48 26 1.0
48 27 0 48 27 1.0
48 29 0 48 29 1.0
48 30 0 48 30 1.0
48 31 4 48 29 1.0
48 32 0 48 32 1.0
48 33 1 48 25 1.0
48 34 6 48 29 1.0
48 35 2 48 25 1.0
48 36 1 48 39 1.0
48 37 0 48 25 1.0
48 38 1 48 14 1.0
48 39 0 48 39 1.0
48 40 0 48 40 1.0
48 41 1 48 12 1.0
48 42 1 48 25 1.0
48 43 0 48 27 1.0
48 44 0 48 27 1.0
48 45 1 48 14 1.0
48 46 0 48 46 1.0
48 47 0 48 27 1.0
48 49 0 48 49 1.0
48 50 1 48 13 1.0
48 51 0 48 27 1.0
48 52 5 48 5 1.0
48 53 2 48 14 1.0
48 54 1 48 25 1.0
48 55 0 48 55 1.0
48 56 0 48 49 1.0
48 57 0 48 49 1.0
48 58 1 48 12 1.0
48 59 2 48 14 1.0
48 60 2 48 14 1.0
48 61 2 48 14 1.0
48 62 0 48 49 1.0
48 63 3 48 29 1.0
48 64 0 48 64 1.0
48 65 0 48 65 1.0
48 66 4 48 29 1.0
48 67 0 48 17 1.0
48 68 1 48 25 1.0
48 69 0 48 69 1.0
48 70 0 48 14 1.0
48 71 1 48 49 1.0
48 72 6 48 26 1.0
48 74 8 48 64 1.0
48 75 1 48 49 1.0
48 76 4 48 29 1.0
48 77 1 48 25 1.0
48 78 5 48 32 1.0
48 79 1 48 18 1.0
49 0 1 49 10 1.0
49 1 1 49 13 1.0
49 2 2 49 29 1.0
49 3 4 49 26 1.0
49 4 1 49 13 1.0
49 5 8 49 48 1.0
49 6 2 49 10 1.0
49 8 1 49 64 1.0
49 9 7 49 30 1.0
49 10 0 49 10 1.0
49 11 1 49 29 1.0
49 12 0 49 58 1.0
49 13 0 49 13 1.0
49 15 0 49 15 1.0
49 16 0 49 16 1.0
49 17 11 49 48 1.0
49 18 10 49 48 1.0
49 19 5 49 56 1.0
49 20 7 49 48 1.0
49 21 0 49 21 1.0
49 22 0 49 22 1.0
49 23 0 49 23 1.0
49 24 6 49 64 1.0
49 26 0 49 26 1.0
49 27 9 49 48 1.0
49 29 0 49 29 1.0
49 30 0 49 30 1.0
49 31 7 49 30 1.0
49 32 9 49 48 1.0
49 33 7 49 71 1.0
49 34 3 49 29 1.0
49 35 5 49 16 1.0
49 36 5 49 39 1.0
49 37 1 49 58 1.0
49 38 3 49 30 1.0
49 39 0 49 39 1.0
49 40 0 49 40 1.0
49 41 1 49 58 1.0
49 42 6 49 74 1.0
49 43 0 49 10 1.0
49 44 9 49 26 1.0
49 45 0 49 13 1.0
49 46 7 49 48 1.0
49 47 0 49 47 1.0
49 48 0 49 48 1.0
49 50 1 49 13 1.0
49 51 2 49 22 1.0
49 52 0 49 40 1.0
49 53 2 49 10 1.0
49 54 5 49 56 1.0
49 55 0 49 55 1.0
49 56 0 49 56 1.0
49 57 0 49 57 1.0
49 58 0 49 58 1.0
49 59 6 49 30 1.0
49 60 7 49 30 1.0
49 61 0 49 61 1.0
49 62 0 49 62 1.0
49 63 1 49 10 1.0
49 64 0 49 64 1.0
49 65 4 49 71 1.0
49 66 0 49 66 1.0
49 67 8 49 57 1.0
49 68 6 49 64 1.0
49 69 7 49 48 1.0
49 70 3 49 16 1.0
49 71 0 49 71 1.0
49 72 6 49 74 1.0
49 74 0 49 74 1.0
49 75 0 49 75 1.0
49 76 10 49 26 1.0
49 77 0 49 40 1.0
49 78 6 49 71 1.0
49 79 4 49 55 1.0
50 0 4 50 18 1.0
50 1 0 50 1 1.0
50 2 4 50 45 1.0
50 3 0 50 3 1.0
50 4 0 50 4 1.0
50 5 0 50 61 1.0
50 6 0 50 6 1.0
50 8 6 50 33 1.0
50 9 3 50 13 1.0
50 10 0 50 14 1.0
50 11 0 50 11 1.0
50 12 2 50 37 1.0
50 13 0 50 13 1.0
50 15 1 50 13 1.0
50 16 0 50 16 1.0
50 17 4 50 24 1.0
50 18 0 50 18 1.0
50 19 4 50 41 1.0
50 20 1 50 45 1.0
50 21 9 50 26 1.0
50 22 3 50 18 1.0
50 23 1 50 45 1.0
50 24 0 50 24 1.0
50 26 0 50 26 1.0
50 27 2 50 45 1.0
50 29 0 50 14 1.0
50 30 2 50 13 1.0
50 31 2 50 66 1.0
50 32 1 50 35 1.0
50 33 0 50 33 1.0
50 34 0 50 34 1.0
50 35 0 50 35 1.0
50 36 9 50 24 1.0
50 37 0 50 37 1.0
50 38 1 50 14 1.0
50 39 4 50 45 1.0
50 40 0 50 14 1.0
50 41 0 50 41 1.0
50 42 3 50 41 1.0
50 43 0 50 14 1.0
50 44 0 50 44 1.0
50 45 0 50 45 1.0
50 46 5 50 68 1.0
50 47 0 50 47 1.0
50 48 1 50 13 1.0
50 49 1 50 13 1.0
50 51 8 50 24 1.0
50 52 1 50 1 1.0
50 53 2 50 14 1.0
50 54 2 50 18 1.0
50 55 2 50 18 1.0
50 56 3 50 4 1.0
50 57 4 50 6 1.0
50 58 5 50 16 1.0
50 59 1 50 14 1.0
50 60 2 50 14 1.0
50 61 0 50 61 1.0
50 62 0 50 13 1.0
50 63 0 50 63 1.0
50 64 6 50 24 1.0
50 65 0 50 14 1.0
50 66 0 50 66 1.0
50 67 0 50 67 1.0
50 68 0 50 68 1.0
50 69 3 50 37 1.0
50 70 3 50 18 1.0
50 71 2 50 14 1.0
50 72 9 50 26 1.0
50 74 3 50 13 1.0
50 75 2 50 18 1.0
50 76 7 50 26 1.0
50 77 1 50 13 1.0
50 78 5 50 35 1.0
50 79 0 50 79 1.0
51 0 1 51 8 1.0
51 1 6 51 77 1.0
51 2 4 51 42 1.0
51 3 0 51 3 1.0
51 4 0 51 8 1.0
51 5 0 51 5 1.0
51 6 0 51 6 1.0
51 8 0 51 8 1.0
51 9 3 51 52 1.0
51 10 2 51 43 1.0
51 11 0 51 11 1.0
51 12 0 51 12 1.0
51 13 4 51 77 1.0
51 15 3 51 43 1.0
51 16 1 51 7 1.0
51 17 1 51 46 1.0
51 18 0 51 18 1.0
51 19 0 51 19 1.0
51 20 6 51 42 1.0
51 21 0 51 27 1.0
51 22 0 51 22 1.0
51 23 3 51 77 1.0
51 24 0 51 24 1.0
51 26 4 51 3 1.0
51 27 0 51 27 1.0
51 29 3 51 77 1.0
51 30 2 51 59 1.0
51 31 3 51 12 1.0
51 32 0 51 7 1.0
51 33 1 51 8 1.0
51 34 0 51 34 1.0
51 35 0 51 35 1.0
51 36 7 51 62 1.0
51 37 1 51 7 1.0
51 38 3 51 62 1.0
51 39 1 51 7 1.0
51 40 2 51 77 1.0
51 41 4 51 77 1.0
51 42 0 51 42 1.0
51 43 0 51 43 1.0
51 44 1 51 7 1.0
51 45 2 51 47 1.0
51 46 0 51 46 1.0
51 47 0 51 47 1.0
51 48 0 51 27 1.0
51 49 2 51 22 1.0
51 50 8 51 24 1.0
51 52 0 51 52 1.0
51 53 3 51 59 1.0
51 54 10 51 42 1.0
51 55 0 51 7 1.0
51 56 0 51 56 1.0
51 57 0 51 7 1.0
51 58 0 51 7 1.0
51 59 0 51 59 1.0
51 60 1 51 7 1.0
51 61 0 51 61 1.0
51 62 0 51 62 1.0
51 63 4 51 77 1.0
51 64 1 51 7 1.0
51 65 0 51 7 1.0
51 66 6 51 5 1.0
51 67 3 51 59 1.0
51 68 0 51 7 1.0
51 69 6 51 62 1.0
51 70 1 51 7 1.0
51 71 3 51 43 1.0
51 72 5 51 3 1.0
51 74 6 51 42 1.0
51 75 3 51 22 1.0
51 76 0 51 7 1.0
51 77 0 51 77 1.0
51 78 5 51 35 1.0
51 79 0 51 79 1.0
52 0 6 52 1 1.0
52 1 0 52 1 1.0
52 2 2 52 25 1.0
52 3 0 52 3 1.0
52 4 2 52 25 1.0
52 5 0 52 5 1.0
52 6 0 52 6 1.0
52 8 0 52 8 1.0
52 9 0 52 9 1.0
52 10 0 52 10 1.0
52 11 7 52 69 1.0
52 12 7 52 69 1.0
52 13 1 52 1 1.0
52 15 2 52 1 1.0
52 16 3 52 1 1.0
52 17 1 52 25 1.0
52 18 4 52 1 1.0
52 19 6 52 77 1.0
52 20 6 52 5 1.0
52 21 2 52 23 1.0
52 22 0 52 22 1.0
52 23 0 52 23 1.0
52 24 3 52 36 1.0
52 26 5 52 55 1.0
52 27 0 52 23 1.0
52 29 0 52 40 1.0
52 30 0 52 9 1.0
52 31 0 52 31 1.0
52 32 1 52 10 1.0
52 33 4 52 6 1.0
52 34 4 52 69 1.0
52 35 2 52 25 1.0
52 36 0 52 36 1.0
52 37 0 52 37 1.0
52 38 2 52 62 1.0
52 39 2 52 25 1.0
52 40 0 52 40 1.0
52 41 5 52 69 1.0
52 42 7 52 77 1.0
52 43 4 52 77 1.0
52 44 0 52 44 1.0
52 45 2 52 55 1.0
52 46 0 52 25 1.0
52 47 5 52 51 1.0
52 48 5 52 5 1.0
52 49 0 52 40 1.0
52 50 1 52 1 1.0
52 51 0 52 51 1.0
52 53 0 52 53 1.0
52 54 0 52 25 1.0
52 55 0 52 55 1.0
52 56 0 52 9 1.0
52 57 1 52 67 1.0
52 58 0 52 9 1.0
52 59 7 52 62 1.0
52 60 6 52 5 1.0
52 61 7 52 5 1.0
52 62 0 52 62 1.0
52 63 0 52 40 1.0
52 64 1 52 40 1.0
52 65 4 52 3 1.0
52 66 0 52 66 1.0
52 67 0 52 67 1.0
52 68 1 52 25 1.0
52 69 0 52 69 1.0
52 70 0 52 70 1.0
52 71 6 52 44 1.0
52 72 0 52 72 1.0
52 74 3 52 72 1.0
52 75 7 52 62 1.0
52 76 3 52 6 1.0
52 77 0 52 77 1.0
52 78 6 52 53 1.0
52 79 3 52 1 1.0
53 0 0 53 0 1.0
53 1 0 53 1 1.0
53 2 5 53 39 1.0
53 3 3 53 36 1.0
53 4 6 53 73 1.0
53 5 8 53 73 1.0
53 6 3 53 10 1.0
53 8 9 53 73 1.0
53 9 3 53 14 1.0
53 10 0 53 10 1.0
53 11 6 53 73 1.0
53 12 6 53 73 1.0
53 13 3 53 1 1.0
53 15 1 53 10 1.0
53 16 0 53 61 1.0
53 17 4 53 19 1.0
53 18 7 53 73 1.0
53 19 0 53 19 1.0
53 20 3 53 42 1.0
53 21 3 53 14 1.0
53 22 3 53 59 1.0
53 23 0 53 23 1.0
53 24 4 53 39 1.0
53 26 0 53 26 1.0
53 27 5 53 43 1.0
53 29 3 53 14 1.0
53 30 2 53 14 1.0
53 31 2 53 23 1.0
53 32 2 53 10 1.0
53 33 6 53 71 1.0
53 34 1 53 14 1.0
53 35 0 53 78 1.0
53 36 0 53 36 1.0
53 37 3 53 14 1.0
53 38 5 53 73 1.0
53 39 0 53 39 1.0
53 40 0 53 40 1.0
53 41 3 53 19 1.0
53 42 0 53 42 1.0
53 43 0 53 43 1.0
53 44 0 53 44 1.0
53 45 2 53 14 1.0
53 46 0 53 46 1.0
53 47 0 53 47 1.0
53 48 2 53 14 1.0
53 49 2 53 10 1.0
53 50 2 53 14 1.0
53 51 3 53 59 1.0
53 52 0 53 52 1.0
53 54 9 53 73 1.0
53 55 1 53 23 1.0
53 56 11 53 73 1.0
53 57 1 53 67 1.0
53 58 5 53 73 1.0
53 59 0 53 59 1.0
53 60 3 53 14 1.0
53 61 0 53 61 1.0
53 62 0 53 59 1.0
53 63 7 53 73 1.0
53 64 0 53 64 1.0
53 65 1 53 14 1.0
53 66 4 53 69 1.0
53 67 0 53 67 1.0
53 68 0 53 14 1.0
53 69 0 53 69 1.0
53 70 2 53 14 1.0
53 71 0 53 71 1.0
53 72 7 53 76 1.0
53 74 1 53 14 1.0
53 75 3 53 44 1.0
53 76 0 53 76 1.0
53 77 1 53 14 1.0
53 78 0 53 78 1.0
53 79 3 53 39 1.0
54 0 0 54 0 1.0
54 1 6 54 19 1.0
54 2 0 54 25 1.0
54 3 4 54 28 1.0
54 4 0 54 4 1.0
54 5 6 54 73 1.0
54 6 2 54 37 1.0
54 8 8 54 73 1.0
54 9 4 54 73 1.0
54 10 0 54 0 1.0
54 11 6 54 73 1.0
54 12 0 54 12 1.0
54 13 7 54 28 1.0
54 15 6 54 28 1.0
54 16 3 54 25 1.0
54 17 0 54 17 1.0
54 18 0 54 18 1.0
54 19 0 54 19 1.0
54 20 7 54 42 1.0
54 21 6 54 28 1.0
54 22 0 54 22 1.0
54 23 2 54 56 1.0
54 24 0 54 24 1.0
54 26 6 54 73 1.0
54 27 6 54 73 1.0
54 29 5 54 68 1.0
54 30 8 54 73 1.0
54 31 7 54 28 1.0
54 32 4 54 28 1.0
54 33 4 54 28 1.0
54 34 2 54 12 1.0
54 35 2 54 25 1.0
54 36 0 54 36 1.0
54 37 0 54 37 1.0
54 38 0 54 38 1.0
54 39 8 54 73 1.0
54 40 2 54 28 1.0
54 41 8 54 28 1.0
54 42 0 54 42 1.0
54 43 4 54 46 1.0
54 44 0 54 44 1.0
54 45 4 54 24 1.0
54 46 0 54 46 1.0
54 47 0 54 47 1.0
54 48 1 54 25 1.0
54 49 5 54 56 1.0
54 50 2 54 18 1.0
54 51 10 54 42 1.0
54 52 0 54 25 1.0
54 53 9 54 73 1.0
54 55 2 54 70 1.0
54 56 0 54 56 1.0
54 57 0 54 38 1.0
54 58 0 54 58 1.0
54 59 0 54 59 1.0
54 60 8 54 73 1.0
54 61 0 54 61 1.0
54 62 0 54 62 1.0
54 63 6 54 73 1.0
54 64 2 54 25 1.0
54 65 5 54 68 1.0
54 66 4 54 28 1.0
54 67 7 54 73 1.0
54 68 0 54 68 1.0
54 69 2 54 25 1.0
54 70 0 54 70 1.0
54 71 2 54 56 1.0
54 72 1 54 38 1.0
54 74 6 54 28 1.0
54 75 2 54 25 1.0
54 76 4 54 42 1.0
54 77 9 54 73 1.0
54 78 8 54 28 1.0
54 79 3 54 70 1.0
55 0 2 55 18 1.0
55 1 0 55 1 1.0
55 2 0 55 2 1.0
55 3 4 55 26 1.0
55 4 0 55 4 1.0
55 5 0 55 7 1.0
55 6 6 55 26 1.0
55 8 0 55 7 1.0
55 9 5 55 66 1.0
55 10 1 55 23 1.0
55 11 0 55 11 1.0
55 12 1 55 20 1.0
55 13 4 55 16 1.0
55 15 6 55 76 1.0
55 16 0 55 16 1.0
55 17 0 55 17 1.0
55 18 0 55 18 1.0
55 19 1 55 17 1.0
55 20 0 55 20 1.0
55 21 3 55 23 1.0
55 22 4 55 18 1.0
55 23 0 55 23 1.0
55 24 0 55 7 1.0
55 26 0 55 26 1.0
55 27 0 55 7 1.0
55 29 0 55 29 1.0
55 30 7 55 31 1.0
55 31 0 55 31 1.0
55 32 0 55 7 1.0
55 33 0 55 79 1.0
55 34 5 55 35 1.0
55 35 0 55 35 1.0
55 36 5 55 44 1.0
55 37 0 55 7 1.0
55 38 7 55 57 1.0
55 39 0 55 7 1.0
55 40 3 55 29 1.0
55 41 2 55 35 1.0
55 42 0 55 7 1.0
55 43 5 55 44 1.0
55 44 0 55 44 1.0
55 45 0 55 45 1.0
55 46 0 55 17 1.0
55 47 2 55 45 1.0
55 48 0 55 48 1.0
55 49 0 55 49 1.0
55 50 2 55 18 1.0
55 51 0 55 7 1.0
55 52 0 55 52 1.0
55 53 1 55 23 1.0
55 54 2 55 70 1.0
55 56 7 55 31 1.0
55 57 0 55 57 1.0
55 58 0 55 7 1.0
55 59 1 55 23 1.0
55 60 0 55 7 1.0
55 61 2 55 16 1.0
55 62 0 55 7 1.0
55 63 0 55 11 1.0
55 64 0 55 7 1.0
55 65 0 55 7 1.0
55 66 0 55 66 1.0
55 67 0 55 67 1.0
55 68 0 55 7 1.0
55 69 5 55 66 1.0
55 70 0 55 70 1.0
55 71 6 55 26 1.0
55 72 10 55 26 1.0
55 74 3 55 79 1.0
55 75 3 55 18 1.0
55 76 0 55 76 1.0
55 77 0 55 7 1.0
55 78 4 55 35 1.0
55 79 0 55 79 1.0
56 0 0 56 54 1.0
56 1 0 56 1 1.0
56 2 0 56 2 1.0
56 3 4 56 4 1.0
56 4 0 56 4 1.0
56 5 8 56 73 1.0
56 6 3 56 67 1.0
56 8 6 56 73 1.0
56 9 0 56 9 1.0
56 10 1 56 23 1.0
56 11 6 56 73 1.0
56 12 9 56 73 1.0
56 13 3 56 30 1.0
56 15 5 56 19 1.0
56 16 5 56 19 1.0
56 17 0 56 17 1.0
56 18 6 56 73 1.0
56 19 0 56 19 1.0
56 20 2 56 17 1.0
56 21 0 56 67 1.0
56 22 3 56 54 1.0
56 23 0 56 23 1.0
56 24 1 56 54 1.0
56 26 6 56 73 1.0
56 27 10 56 73 1.0
56 29 6 56 31 1.0
56 30 0 56 30 1.0
56 31 0 56 31 1.0
56 32 0 56 78 1.0
56 33 4 56 71 1.0
56 34 6 56 31 1.0
56 35 1 56 78 1.0
56 36 0 56 36 1.0
56 37 2 56 54 1.0
56 38 0 56 38 1.0
56 39 7 56 73 1.0
56 40 0 56 9 1.0
56 41 4 56 19 1.0
56 42 0 56 42 1.0
56 43 2 56 19 1.0
56 44 0 56 44 1.0
56 45 3 56 30 1.0
56 46 4 56 19 1.0
56 47 3 56 54 1.0
56 48 0 56 49 1.0
56 49 0 56 49 1.0
56 50 3 56 4 1.0
56 51 0 56 51 1.0
56 52 0 56 9 1.0
56 53 11 56 73 1.0
56 54 0 56 54 1.0
56 55 7 56 31 1.0
56 57 0 56 38 1.0
56 58 0 56 58 1.0
56 59 0 56 59 1.0
56 60 0 56 60 1.0
56 61 3 56 54 1.0
56 62 5 56 19 1.0
56 63 5 56 73 1.0
56 64 0 56 64 1.0
56 65 7 56 71 1.0
56 66 5 56 31 1.0
56 67 0 56 67 1.0
56 68 2 56 54 1.0
56 69 1 56 9 1.0
56 70 8 56 73 1.0
56 71 0 56 71 1.0
56 72 4 56 30 1.0
56 74 0 56 67 1.0
56 75 0 56 75 1.0
56 76 2 56 30 1.0
56 77 8 56 73 1.0
56 78 0 56 78 1.0
56 79 2 56 75 1.0
57 0 4 57 63 1.0
57 1 0 57 6 1.0
57 2 0 57 25 1.0
57 3 0 57 3 1.0
57 4 0 57 4 1.0
57 5 1 57 7 1.0
57 6 0 57 6 1.0
57 8 2 57 25 1.0
57 9 0 57 9 1.0
57 10 1 57 21 1.0
57 11 0 57 11 1.0
57 12 0 57 38 1.0
57 13 5 57 30 1.0
57 15 1 57 78 1.0
57 16 2 57 7 1.0
57 17 0 57 17 1.0
57 18 3 57 70 1.0
57 19 0 57 38 1.0
57 20 0 57 38 1.0
57 21 0 57 21 1.0
57 22 0 57 67 1.0
57 23 3 57 21 1.0
57 24 0 57 7 1.0
57 26 3 57 21 1.0
57 27 0 57 7 1.0
57 29 6 57 65 1.0
57 30 0 57 30 1.0
57 31 0 57 38 1.0
57 32 0 57 32 1.0
57 33 10 57 65 1.0
57 34 6 57 65 1.0
57 35 0 57 7 1.0
57 36 6 57 69 1.0
57 37 0 57 37 1.0
57 38 0 57 38 1.0
57 39 0 57 7 1.0
57 40 4 57 63 1.0
57 41 3 57 37 1.0
57 42 0 57 7 1.0
57 43 5 57 65 1.0
57 44 0 57 7 1.0
57 45 7 57 65 1.0
57 46 2 57 25 1.0
57 47 3 57 65 1.0
57 48 0 57 49 1.0
57 49 0 57 49 1.0
57 50 4 57 6 1.0
57 51 0 57 7 1.0
57 52 1 57 67 1.0
57 53 1 57 67 1.0
57 54 0 57 38 1.0
57 55 0 57 55 1.0
57 56 0 57 38 1.0
57 58 1 57 7 1.0
57 59 0 57 67 1.0
57 60 0 57 38 1.0
57 61 0 57 38 1.0
57 62 0 57 62 1.0
57 63 0 57 63 1.0
57 64 0 57 7 1.0
57 65 0 57 65 1.0
57 66 0 57 38 1.0
57 67 0 57 67 1.0
57 68 0 57 7 1.0
57 69 0 57 69 1.0
57 70 0 57 70 1.0
57 71 0 57 71 1.0
57 72 0 57 72 1.0
57 74 0 57 74 1.0
57 75 0 57 38 1.0
57 76 3 57 72 1.0
57 77 0 57 7 1.0
57 78 0 57 78 1.0
57 79 3 57 72 1.0
58 0 2 58 12 1.0
58 1 5 58 16 1.0
58 2 4 58 34 1.0
58 3 5 58 26 1.0
58 4 8 58 73 1.0
58 5 0 58 5 1.0
58 6 0 58 6 1.0
58 8 0 58 7 1.0
58 9 0 58 9 1.0
58 10 5 58 75 1.0
58 11 5 58 73 1.0
58 12 0 58 12 1.0
58 13 5 58 16 1.0
58 15 5 58 68 1.0
58 16 0 58 16 1.0
58 17 8 58 68 1.0
58 18 0 58 18 1.0
58 19 0 58 19 1.0
58 20 0 58 20 1.0
58 21 7 58 41 1.0
58 22 6 58 75 1.0
58 23 6 58 31 1.0
58 24 0 58 7 1.0
58 26 0 58 26 1.0
58 27 9 58 73 1.0
58 29 0 58 29 1.0
58 30 6 58 73 1.0
58 31 0 58 31 1.0
58 32 0 58 7 1.0
58 33 5 58 71 1.0
58 34 0 58 34 1.0
58 35 0 58 35 1.0
58 36 8 58 73 1.0
58 37 0 58 37 1.0
58 38 8 58 73 1.0
58 39 0 58 7 1.0
58 40 2 58 29 1.0
58 41 0 58 41 1.0
58 42 0 58 7 1.0
58 43 4 58 71 1.0
58 44 8 58 73 1.0
58 45 0 58 47 1.0
58 46 7 58 68 1.0
58 47 0 58 47 1.0
58 48 1 58 12 1.0
58 49 0 58 49 1.0
58 50 5 58 16 1.0
58 51 0 58 7 1.0
58 52 0 58 9 1.0
58 53 5 58 73 1.0
58 54 0 58 54 1.0
58 55 0 58 7 1.0
58 56 0 58 56 1.0
58 57 1 58 7 1.0
58 59 2 58 12 1.0
58 60 7 58 73 1.0
58 61 3 58 37 1.0
58 62 0 58 7 1.0
58 63 6 58 73 1.0
58 64 0 58 7 1.0
58 65 1 58 7 1.0
58 66 2 58 12 1.0
58 67 9 58 73 1.0
58 68 0 58 68 1.0
58 69 1 58 12 1.0
58 70 0 58 7 1.0
58 71 0 58 71 1.0
58 72 3 58 76 1.0
58 74 1 58 20 1.0
58 75 0 58 75 1.0
58 76 0 58 76 1.0
58 77 0 58 7 1.0
58 78 3 58 35 1.0
58 79 0 58 18 1.0
59 0 0 59 0 1.0
59 1 0 59 1 1.0
59 2 5 59 74 1.0
59 3 6 59 65 1.0
59 4 2 59 47 1.0
59 5 0 59 12 1.0
59 6 0 59 67 1.0
59 8 3 59 77 1.0
59 9 1 59 14 1.0
59 10 0 59 10 1.0
59 11 1 59 0 1.0
59 12 0 59 12 1.0
59 13 6 59 30 1.0
59 15 5 59 32 1.0
59 16 1 59 22 1.0
59 17 0 59 67 1.0
59 18 4 59 22 1.0
59 19 6 59 77 1.0
59 20 0 59 27 1.0
59 21 4 59 14 1.0
59 22 0 59 22 1.0
59 23 0 59 23 1.0
59 24 0 59 24 1.0
59 26 0 59 22 1.0
59 27 0 59 27 1.0
59 29 2 59 14 1.0
59 30 0 59 30 1.0
59 31 3 59 23 1.0
59 32 0 59 32 1.0
59 33 1 59 77 1.0
59 34 0 59 14 1.0
59 35 0 59 47 1.0
59 36 0 59 36 1.0
59 37 3 59 12 1.0
59 38 6 59 30 1.0
59 39 0 59 14 1.0
59 40 2 59 14 1.0
59 41 1 59 12 1.0
59 42 4 59 77 1.0
59 43 3 59 14 1.0
59 44 3 59 53 1.0
59 45 2 59 14 1.0
59 46 3 59 47 1.0
59 47 0 59 47 1.0
59 48 2 59 14 1.0
59 49 6 59 30 1.0
59 50 1 59 14 1.0
59 51 0 59 51 1.0
59 52 7 59 62 1.0
59 53 0 59 53 1.0
59 54 0 59 54 1.0
59 55 1 59 23 1.0
59 56 0 59 56 1.0
59 57 0 59 67 1.0
59 58 2 59 12 1.0
59 60 1 59 14 1.0
59 61 5 59 36 1.0
59 62 0 59 62 1.0
59 63 0 59 63 1.0
59 64 4 59 53 1.0
59 65 0 59 65 1.0
59 66 0 59 66 1.0
59 67 0 59 67 1.0
59 68 2 59 47 1.0
59 69 0 59 69 1.0
59 70 0 59 54 1.0
59 71 3 59 14 1.0
59 72 5 59 74 1.0
59 74 0 59 74 1.0
59 75 6 59 56 1.0
59 76 4 59 23 1.0
59 77 0 59 77 1.0
59 78 4 59 53 1.0
59 79 0 59 0 1.0
60 0 3 60 14 1.0
60 1 2 60 13 1.0
60 2 5 60 31 1.0
60 3 0 60 3 1.0
60 4 0 60 4 1.0
60 5 0 60 5 1.0
60 6 0 60 9 1.0
60 8 5 60 28 1.0
60 9 0 60 9 1.0
60 10 0 60 10 1.0
60 11 7 60 73 1.0
60 12 7 60 73 1.0
60 13 0 60 13 1.0
60 15 7 60 28 1.0
60 16 3 60 7 1.0
60 17 0 60 38 1.0
60 18 5 60 73 1.0
60 19 7 60 28 1.0
60 20 0 60 20 1.0
60 21 0 60 21 1.0
60 22 4 60 4 1.0
60 23 7 60 31 1.0
60 24 1 60 7 1.0
60 26 6 60 73 1.0
60 27 6 60 28 1.0
60 29 2 60 14 1.0
60 30 0 60 30 1.0
60 31 0 60 31 1.0
60 32 0 60 32 1.0
60 33 7 60 28 1.0
60 34 1 60 14 1.0
60 35 0 60 7 1.0
60 36 9 60 73 1.0
60 37 0 60 37 1.0
60 38 0 60 38 1.0
60 39 1 60 7 1.0
60 40 0 60 40 1.0
60 41 6 60 28 1.0
60 42 1 60 7 1.0
60 43 1 60 14 1.0
60 44 1 60 7 1.0
60 45 1 60 14 1.0
60 46 1 60 32 1.0
60 47 4 60 4 1.0
60 48 2 60 14 1.0
60 49 7 60 30 1.0
60 50 2 60 14 1.0
60 51 1 60 7 1.0
60 52 6 60 5 1.0
60 53 3 60 14 1.0
60 54 8 60 73 1.0
60 55 0 60 7 1.0
60 56 0 60 56 1.0
60 57 0 60 38 1.0
60 58 7 60 73 1.0
60 59 1 60 14 1.0
60 61 0 60 61 1.0
60 62 0 60 62 1.0
60 63 8 60 73 1.0
60 64 1 60 7 1.0
60 65 0 60 65 1.0
60 66 0 60 66 1.0
60 67 5 60 73 1.0
60 68 5 60 28 1.0
60 69 1 60 38 1.0
60 70 0 60 70 1.0
60 71 3 60 14 1.0
60 72 1 60 38 1.0
60 74 7 60 28 1.0
60 75 9 60 28 1.0
60 76 0 60 7 1.0
60 77 5 60 28 1.0
60 78 5 60 28 1.0
60 79 0 60 79 1.0
61 0 3 61 14 1.0
61 1 4 61 16 1.0
61 2 3 61 39 1.0
61 3 5 61 36 1.0
61 4 3 61 25 1.0
61 5 0 61 5 1.0
61 6 2 61 37 1.0
61 8 0 61 8 1.0
61 9 0 61 9 1.0
61 10 1 61 14 1.0
61 11 3 61 25 1.0
61 12 3 61 37 1.0
61 13 0 61 13 1.0
61 15 7 61 24 1.0
61 16 0 61 16 1.0
61 17 2 61 25 1.0
61 18 3 61 70 1.0
61 19 9 61 36 1.0
61 20 2 61 37 1.0
61 21 1 61 14 1.0
61 22 2 61 70 1.0
61 23 4 61 44 1.0
61 24 0 61 24 1.0
61 26 4 61 50 1.0
61 27 2 61 44 1.0
61 29 1 61 14 1.0
61 30 3 61 14 1.0
61 31 4 61 60 1.0
61 32 4 61 60 1.0
61 33 1 61 25 1.0
61 34 5 61 41 1.0
61 35 1 61 25 1.0
61 36 0 61 36 1.0
61 37 0 61 37 1.0
61 38 0 61 38 1.0
61 39 0 61 39 1.0
61 40 2 61 14 1.0
61 41 0 61 41 1.0
61 42 0 61 42 1.0
61 43 0 61 8 1.0
61 44 0 61 44 1.0
61 45 6 61 24 1.0
61 46 1 61 25 1.0
61 47 5 61 24 1.0
61 48 2 61 14 1.0
61 49 0 61 49 1.0
61 50 0 61 50 1.0
61 51 0 61 51 1.0
61 52 7 61 5 1.0
61 53 0 61 53 1.0
61 54 0 61 54 1.0
61 55 2 61 16 1.0
61 56 3 61 54 1.0
61 57 0 61 38 1.0
61 58 3 61 37 1.0
61 59 5 61 36 1.0
61 60 0 61 60 1.0
61 62 7 61 36 1.0
61 63 7 61 36 1.0
61 64 0 61 64 1.0
61 65 3 61 14 1.0
61 66 5 61 5 1.0
61 67 0 61 9 1.0
61 68 2 61 25 1.0
61 69 0 61 69 1.0
61 70 0 61 70 1.0
61 71 2 61 14 1.0
61 72 0 61 72 1.0
61 74 1 61 14 1.0
61 75 5 61 70 1.0
61 76 5 61 24 1.0
61 77 0 61 8 1.0
61 78 2 61 25 1.0
61 79 1 61 70 1.0
62 0 3 62 59 1.0
62 1 0 62 1 1.0
62 2 1 62 42 1.0
62 3 0 62 3 1.0
62 4 8 62 60 1.0
62 5 0 62 7 1.0
62 6 0 62 6 1.0
62 8 0 62 7 1.0
62 9 9 62 60 1.0
62 10 3 62 52 1.0
62 11 2 62 69 1.0
62 12 7 62 69 1.0
62 13 0 62 13 1.0
62 15 0 62 15 1.0
62 16 1 62 7 1.0
62 17 4 62 19 1.0
62 18 2 62 22 1.0
62 19 0 62 19 1.0
62 20 2 62 42 1.0
62 21 6 62 57 1.0
62 22 0 62 22 1.0
62 23 1 62 59 1.0
62 24 0 62 7 1.0
62 26 4 62 3 1.0
62 27 0 62 7 1.0
62 29 1 62 77 1.0
62 30 0 62 30 1.0
62 31 2 62 30 1.0
62 32 0 62 7 1.0
62 33 2 62 77 1.0
62 34 0 62 34 1.0
62 35 0 62 7 1.0
62 36 0 62 36 1.0
62 37 0 62 7 1.0
62 38 0 62 38 1.0
62 39 0 62 7 1.0
62 40 3 62 77 1.0
62 41 7 62 69 1.0
62 42 0 62 42 1.0
62 43 1 62 77 1.0
62 44 0 62 44 1.0
62 45 0 62 13 1.0
62 46 1 62 77 1.0
62 47 4 62 59 1.0
62 48 0 62 49 1.0
62 49 0 62 49 1.0
62 50 0 62 13 1.0
62 51 0 62 51 1.0
62 52 0 62 52 1.0
62 53 0 62 59 1.0
62 54 0 62 54 1.0
62 55 0 62 7 1.0
62 56 5 62 19 1.0
62 57 0 62 57 1.0
62 58 0 62 7 1.0
62 59 0 62 59 1.0
62 60 0 62 60 1.0
62 61 7 62 36 1.0
62 63 4 62 77 1.0
62 64 0 62 7 1.0
62 65 1 62 7 1.0
62 66 7 62 69 1.0
62 67 7 62 57 1.0
62 68 0 62 7 1.0
62 69 0 62 69 1.0
62 70 1 62 7 1.0
62 71 2 62 77 1.0
62 72 9 62 57 1.0
62 74 3 62 59 1.0
62 75 0 62 75 1.0
62 76 0 62 76 1.0
62 77 0 62 77 1.0
62 78 3 62 19 1.0
62 79 1 62 1 1.0
63 0 0 63 0 1.0
63 1 0 63 40 1.0
63 2 0 63 2 1.0
63 3 0 63 3 1.0
63 4 11 63 73 1.0
63 5 0 63 5 1.0
63 6 0 63 6 1.0
63 8 0 63 8 1.0
63 9 8 63 73 1.0
63 10 0 63 10 1.0
63 11 0 63 11 1.0
63 12 7 63 73 1.0
63 13 0 63 13 1.0
63 15 5 63 3 1.0
63 16 5 63 50 1.0
63 17 1 63 21 1.0
63 18 8 63 73 1.0
63 19 0 63 19 1.0
63 20 2 63 0 1.0
63 21 0 63 21 1.0
63 22 0 63 0 1.0
63 23 3 63 21 1.0
63 24 4 63 45 1.0
63 26 0 63 26 1.0
63 27 5 63 73 1.0
63 29 0 63 29 1.0
63 30 8 63 73 1.0
63 31 2 63 21 1.0
63 32 2 63 21 1.0
63 33 9 63 3 1.0
63 34 0 63 34 1.0
63 35 5 63 34 1.0
63 36 0 63 36 1.0
63 37 1 63 11 1.0
63 38 0 63 38 1.0
63 39 8 63 73 1.0
63 40 0 63 40 1.0
63 41 7 63 34 1.0
63 42 3 63 77 1.0
63 43 2 63 0 1.0
63 44 6 63 73 1.0
63 45 0 63 45 1.0
63 46 1 63 29 1.0
63 47 0 63 0 1.0
63 48 3 63 29 1.0
63 49 1 63 10 1.0
63 50 0 63 50 1.0
63 51 4 63 77 1.0
63 52 0 63 40 1.0
63 53 7 63 73 1.0
63 54 6 63 73 1.0
63 55 0 63 11 1.0
63 56 5 63 73 1.0
63 57 0 63 57 1.0
63 58 6 63 73 1.0
63 59 0 63 59 1.0
63 60 8 63 73 1.0
63 61 7 63 36 1.0
63 62 4 63 77 1.0
63 64 0 63 40 1.0
63 65 8 63 3 1.0
63 66 2 63 11 1.0
63 67 7 63 73 1.0
63 68 2 63 29 1.0
63 69 1 63 11 1.0
63 70 0 63 70 1.0
63 71 3 63 3 1.0
63 72 0 63 72 1.0
63 74 5 63 72 1.0
63 75 2 63 11 1.0
63 76 4 63 72 1.0
63 77 0 63 77 1.0
63 78 6 63 57 1.0
63 79 2 63 11 1.0
64 0 3 64 25 1.0
64 1 0 64 1 1.0
64 2 7 64 39 1.0
64 3 1 64 15 1.0
64 4 2 64 25 1.0
64 5 0 64 5 1.0
64 6 0 64 6 1.0
64 8 0 64 8 1.0
64 9 2 64 40 1.0
64 10 0 64 10 1.0
64 11 3 64 25 1.0
64 12 1 64 25 1.0
64 13 1 64 49 1.0
64 15 0 64 15 1.0
64 16 1 64 7 1.0
64 17 0 64 17 1.0
64 18 2 64 25 1.0
64 19 8 64 39 1.0
64 20 7 64 48 1.0
64 21 4 64 10 1.0
64 22 7 64 48 1.0
64 23 2 64 10 1.0
64 24 0 64 24 1.0
64 26 6 64 48 1.0
64 27 0 64 27 1.0
64 29 0 64 29 1.0
64 30 2 64 49 1.0
64 31 2 64 40 1.0
64 32 0 64 32 1.0
64 33 2 64 25 1.0
64 34 2 64 29 1.0
64 35 0 64 7 1.0
64 36 5 64 39 1.0
64 37 2 64 25 1.0
64 38 2 64 70 1.0
64 39 0 64 39 1.0
64 40 0 64 40 1.0
64 41 3 64 15 1.0
64 42 1 64 7 1.0
64 43 8 64 39 1.0
64 44 1 64 7 1.0
64 45 0 64 45 1.0
64 46 2 64 25 1.0
64 47 5 64 68 1.0
64 48 0 64 48 1.0
64 49 0 64 49 1.0
64 50 6 64 24 1.0
64 51 1 64 7 1.0
64 52 1 64 40 1.0
64 53 0 64 53 1.0
64 54 2 64 25 1.0
64 55 0 64 7 1.0
64 56 0 64 56 1.0
64 57 0 64 7 1.0
64 58 0 64 7 1.0
64 59 4 64 53 1.0
64 60 1 64 7 1.0
64 61 0 64 61 1.0
64 62 0 64 7 1.0
64 63 0 64 40 1.0
64 65 0 64 7 1.0
64 66 4 64 74 1.0
64 67 0 64 67 1.0
64 68 0 64 68 1.0
64 69 1 64 25 1.0
64 70 0 64 70 1.0
64 71 5 64 15 1.0
64 72 7 64 74 1.0
64 74 0 64 74 1.0
64 75 7 64 39 1.0
64 76 0 64 7 1.0
64 77 0 64 7 1.0
64 78 5 64 25 1.0
64 79 6 64 39 1.0
65 0 1 65 14 1.0
65 1 0 65 8 1.0
65 2 1 65 29 1.0
65 3 0 65 3 1.0
65 4 7 65 3 1.0
65 5 1 65 7 1.0
65 6 4 65 57 1.0
65 8 0 65 8 1.0
65 9 0 65 9 1.0
65 10 0 65 14 1.0
65 11 0 65 11 1.0
65 12 3 65 34 1.0
65 13 3 65 33 1.0
65 15 7 65 3 1.0
65 16 2 65 7 1.0
65 17 1 65 78 1.0
65 18 1 65 33 1.0
65 19 2 65 78 1.0
65 20 2 65 43 1.0
65 21 0 65 14 1.0
65 22 5 65 71 1.0
65 23 8 65 32 1.0
65 24 0 65 7 1.0
65 26 0 65 26 1.0
65 27 0 65 7 1.0
65 29 0 65 29 1.0
65 30 2 65 14 1.0
65 31 5 65 60 1.0
65 32 0 65 32 1.0
65 33 0 65 33 1.0
65 34 0 65 34 1.0
65 35 0 65 7 1.0
65 36 6 65 3 1.0
65 37 0 65 7 1.0
65 38 0 65 38 1.0
65 39 0 65 7 1.0
65 40 2 65 14 1.0
65 41 4 65 3 1.0
65 42 0 65 42 1.0
65 43 0 65 43 1.0
65 44 0 65 44 1.0
65 45 0 65 45 1.0
65 46 3 65 43 1.0
65 47 0 65 47 1.0
65 48 0 65 48 1.0
65 49 4 65 71 1.0
65 50 0 65 14 1.0
65 51 0 65 7 1.0
65 52 4 65 3 1.0
65 53 1 65 14 1.0
65 54 5 65 68 1.0
65 55 0 65 7 1.0
65 56 7 65 71 1.0
65 57 0 65 57 1.0
65 58 1 65 7 1.0
65 59 0 65 59 1.0
65 60 0 65 60 1.0
65 61 3 65 14 1.0
65 62 1 65 7 1.0
65 63 8 65 3 1.0
65 64 0 65 7 1.0
65 66 8 65 32 1.0
65 67 4 65 57 1.0
65 68 0 65 68 1.0
65 69 2 65 11 1.0
65 70 1 65 7 1.0
65 71 0 65 71 1.0
65 72 0 65 72 1.0
65 74 0 65 14 1.0
65 75 6 65 32 1.0
65 76 0 65 7 1.0
65 77 0 65 7 1.0
65 78 0 65 78 1.0
65 79 3 65 33 1.0
66 0 7 66 29 1.0
66 1 0 66 1 1.0
66 2 3 66 29 1.0
66 3 7 66 28 1.0
66 4 7 66 31 1.0
66 5 0 66 5 1.0
66 6 0 66 9 1.0
66 8 4 66 28 1.0
66 9 0 66 9 1.0
66 10 2 66 21 1.0
66 11 0 66 11 1.0
66 12 0 66 12 1.0
66 13 0 66 13 1.0
66 15 10 66 28 1.0
66 16 7 66 55 1.0
66 17 7 66 31 1.0
66 18 4 66 50 1.0
66 19 5 66 28 1.0
66 20 4 66 55 1.0
66 21 0 66 21 1.0
66 22 4 66 74 1.0
66 23 9 66 31 1.0
66 24 6 66 28 1.0
66 26 0 66 26 1.0
66 27 6 66 28 1.0
66 29 0 66 29 1.0
66 30 8 66 31 1.0
66 31 0 66 31 1.0
66 32 0 66 32 1.0
66 33 6 66 28 1.0
66 34 0 66 34 1.0
66 35 0 66 35 1.0
66 36 8 66 69 1.0
66 37 8 66 28 1.0
66 38 0 66 38 1.0
66 39 2 66 29 1.0
66 40 4 66 29 1.0
66 41 8 66 28 1.0
66 42 2 66 34 1.0
66 43 0 66 46 1.0
66 44 4 66 28 1.0
66 45 3 66 50 1.0
66 46 0 66 46 1.0
66 47 8 66 31 1.0
66 48 4 66 29 1.0
66 49 0 66 49 1.0
66 50 0 66 50 1.0
66 51 6 66 5 1.0
66 52 0 66 52 1.0
66 53 4 66 69 1.0
66 54 4 66 28 1.0
66 55 0 66 55 1.0
66 56 5 66 31 1.0
66 57 0 66 38 1.0
66 58 2 66 12 1.0
66 59 0 66 59 1.0
66 60 0 66 60 1.0
66 61 5 66 5 1.0
66 62 7 66 69 1.0
66 63 2 66 11 1.0
66 64 4 66 74 1.0
66 65 8 66 32 1.0
66 67 0 66 9 1.0
66 68 6 66 28 1.0
66 69 0 66 69 1.0
66 70 0 66 38 1.0
66 71 0 66 9 1.0
66 72 0 66 72 1.0
66 74 0 66 74 1.0
66 75 7 66 28 1.0
66 76 5 66 69 1.0
66 77 7 66 28 1.0
66 78 4 66 28 1.0
66 79 3 66 55 1.0
67 0 3 67 59 1.0
67 1 5 67 52 1.0
67 2 5 67 74 1.0
67 3 4 67 57 1.0
67 4 8 67 73 1.0
67 5 5 67 73 1.0
67 6 0 67 6 1.0
67 8 4 67 73 1.0
67 9 0 67 9 1.0
67 10 2 67 21 1.0
67 11 5 67 73 1.0
67 12 0 67 12 1.0
67 13 4 67 50 1.0
67 15 1 67 78 1.0
67 16 2 67 18 1.0
67 17 0 67 17 1.0
67 18 0 67 18 1.0
67 19 0 67 19 1.0
67 20 0 67 17 1.0
67 21 0 67 21 1.0
67 22 0 67 22 1.0
67 23 3 67 21 1.0
67 24 6 67 74 1.0
67 26 12 67 73 1.0
67 27 10 67 73 1.0
67 29 0 67 17 1.0
67 30 0 67 30 1.0
67 31 5 67 56 1.0
67 32 0 67 32 1.0
67 33 2 67 6 1.0
67 34 4 67 41 1.0
67 35 0 67 78 1.0
67 36 9 67 73 1.0
67 37 7 67 57 1.0
67 38 9 67 73 1.0
67 39 4 67 64 1.0
67 40 6 67 64 1.0
67 41 0 67 41 1.0
67 42 3 67 56 1.0
67 43 5 67 71 1.0
67 44 8 67 73 1.0
67 45 6 67 74 1.0
67 46 1 67 17 1.0
67 47 0 67 78 1.0
67 48 0 67 17 1.0
67 49 8 67 57 1.0
67 50 0 67 50 1.0
67 51 3 67 59 1.0
67 52 0 67 52 1.0
67 53 0 67 53 1.0
67 54 7 67 73 1.0
67 55 0 67 55 1.0
67 56 0 67 56 1.0
67 57 0 67 57 1.0
67 58 9 67 73 1.0
67 59 0 67 59 1.0
67 60 5 67 73 1.0
67 61 0 67 9 1.0
67 62 7 67 57 1.0
67 63 7 67 73 1.0
67 64 0 67 64 1.0
67 65 4 67 57 1.0
67 66 0 67 9 1.0
67 68 0 67 17 1.0
67 69 8 67 57 1.0
67 70 9 67 73 1.0
67 71 0 67 71 1.0
67 72 0 67 72 1.0
67 74 0 67 74 1.0
67 75 0 67 75 1.0
67 76 2 67 6 1.0
67 77 6 67 73 1.0
67 78 0 67 78 1.0
67 79 1 67 18 1.0
68 0 2 68 25 1.0
68 1 5 68 16 1.0
68 2 0 68 2 1.0
68 3 6 68 65 1.0
68 4 0 68 4 1.0
68 5 1 68 7 1.0
68 6 5 68 4 1.0
68 8 0 68 8 1.0
68 9 1 68 14 1.0
68 10 0 68 14 1.0
68 11 1 68 25 1.0
68 12 0 68 12 1.0
68 13 0 68 13 1.0
68 15 0 68 15 1.0
68 16 0 68 16 1.0
68 17 0 68 17 1.0
68 18 0 68 18 1.0
68 19 3 68 46 1.0
68 20 0 68 20 1.0
68 21 5 68 28 1.0
68 22 1 68 54 1.0
68 23 4 68 4 1.0
68 24 0 68 7 1.0
68 26 0 68 58 1.0
68 27 0 68 7 1.0
68 29 0 68 29 1.0
68 30 1 68 14 1.0
68 31 7 68 28 1.0
68 32 0 68 32 1.0
68 33 1 68 25 1.0
68 34 4 68 46 1.0
68 35 4 68 25 1.0
68 36 0 68 54 1.0
68 37 3 68 25 1.0
68 38 6 68 28 1.0
68 39 2 68 25 1.0
68 40 0 68 14 1.0
68 41 8 68 28 1.0
68 42 0 68 42 1.0
68 43 4 68 46 1.0
68 44 0 68 7 1.0
68 45 2 68 47 1.0
68 46 0 68 46 1.0
68 47 0 68 47 1.0
68 48 1 68 25 1.0
68 49 6 68 64 1.0
68 50 0 68 50 1.0
68 51 0 68 7 1.0
68 52 1 68 25 1.0
68 53 0 68 14 1.0
68 54 0 68 54 1.0
68 55 0 68 7 1.0
68 56 2 68 54 1.0
68 57 0 68 7 1.0
68 58 0 68 58 1.0
68 59 2 68 47 1.0
68 60 5 68 28 1.0
68 61 2 68 25 1.0
68 62 0 68 7 1.0
68 63 2 68 29 1.0
68 64 0 68 64 1.0
68 65 0 68 65 1.0
68 66 6 68 28 1.0
68 67 0 68 17 1.0
68 69 0 68 25 1.0
68 70 0 68 7 1.0
68 71 0 68 71 1.0
68 72 6 68 65 1.0
68 74 8 68 28 1.0
68 75 1 68 25 1.0
68 76 1 68 7 1.0
68 77 0 68 7 1.0
68 78 7 68 28 1.0
68 79 1 68 18 1.0
69 0 0 69 25 1.0
69 1 4 69 52 1.0
69 2 0 69 2 1.0
69 3 7 69 36 1.0
69 4 1 69 25 1.0
69 5 0 69 5 1.0
69 6 4 69 52 1.0
69 8 1 69 25 1.0
69 9 0 69 9 1.0
69 10 4 69 53 1.0
69 11 0 69 11 1.0
69 12 0 69 12 1.0
69 13 6 69 66 1.0
69 15 0 69 15 1.0
69 16 3 69 25 1.0
69 17 1 69 25 1.0
69 18 0 69 18 1.0
69 19 7 69 36 1.0
69 20 4 69 37 1.0
69 21 0 69 21 1.0
69 22 3 69 62 1.0
69 23 0 69 23 1.0
69 24 6 69 36 1.0
69 26 7 69 76 1.0
69 27 0 69 23 1.0
69 29 4 69 66 1.0
69 30 1 69 9 1.0
69 31 7 69 66 1.0
69 32 2 69 21 1.0
69 33 0 69 33 1.0
69 34 0 69 34 1.0
69 35 0 69 25 1.0
69 36 0 69 36 1.0
69 37 0 69 37 1.0
69 38 0 69 38 1.0
69 39 1 69 25 1.0
69 40 5 69 5 1.0
69 41 0 69 41 1.0
69 42 1 69 25 1.0
69 43 0 69 11 1.0
69 44 8 69 36 1.0
69 45 2 69 37 1.0
69 46 0 69 25 1.0
69 47 0 69 12 1.0
69 48 0 69 48 1.0
69 49 7 69 48 1.0
69 50 3 69 37 1.0
69 51 6 69 62 1.0
69 52 0 69 52 1.0
69 53 0 69 53 1.0
69 54 2 69 25 1.0
69 55 5 69 66 1.0
69 56 1 69 9 1.0
69 57 0 69 57 1.0
69 58 1 69 12 1.0
69 59 0 69 59 1.0
69 60 1 69 38 1.0
69 61 0 69 61 1.0
69 62 0 69 62 1.0
69 63 1 69 11 1.0
69 64 1 69 25 1.0
69 65 2 69 11 1.0
69 66 0 69 66 1.0
69 67 8 69 57 1.0
69 68 0 69 25 1.0
69 70 0 69 61 1.0
69 71 0 69 9 1.0
69 72 6 69 66 1.0
69 74 4 69 66 1.0
69 75 2 69 25 1.0
69 76 0 69 76 1.0
69 77 0 69 25 1.0
69 78 1 69 25 1.0
69 79 2 69 11 1.0
70 0 0 70 0 1.0
70 1 0 70 79 1.0
70 2 0 70 37 1.0
70 3 2 70 33 1.0
70 4 8 70 73 1.0
70 5 1 70 7 1.0
70 6 0 70 79 1.0
70 8 0 70 8 1.0
70 9 9 70 73 1.0
70 10 1 70 14 1.0
70 11 11 70 73 1.0
70 12 6 70 73 1.0
70 13 2 70 18 1.0
70 15 1 70 33 1.0
70 16 0 70 16 1.0
70 17 1 70 54 1.0
70 18 0 70 18 1.0
70 19 0 70 19 1.0
70 20 4 70 37 1.0
70 21 1 70 14 1.0
70 22 0 70 22 1.0
70 23 1 70 0 1.0
70 24 0 70 24 1.0
70 26 6 70 73 1.0
70 27 0 70 7 1.0
70 29 1 70 14 1.0
70 30 0 70 30 1.0
70 31 6 70 60 1.0
70 32 0 70 7 1.0
70 33 0 70 33 1.0
70 34 0 70 14 1.0
70 35 0 70 7 1.0
70 36 0 70 36 1.0
70 37 0 70 37 1.0
70 38 0 70 38 1.0
70 39 1 70 7 1.0
70 40 1 70 14 1.0
70 41 3 70 37 1.0
70 42 1 70 7 1.0
70 43 0 70 8 1.0
70 44 1 70 7 1.0
70 45 2 70 14 1.0
70 46 0 70 54 1.0
70 47 0 70 54 1.0
70 48 0 70 14 1.0
70 49 3 70 16 1.0
70 50 3 70 18 1.0
70 51 1 70 7 1.0
70 52 0 70 52 1.0
70 53 2 70 14 1.0
70 54 0 70 54 1.0
70 55 0 70 55 1.0
70 56 8 70 73 1.0
70 57 0 70 57 1.0
70 58 0 70 7 1.0
70 59 0 70 54 1.0
70 60 0 70 60 1.0
70 61 0 70 61 1.0
70 62 1 70 7 1.0
70 63 0 70 63 1.0
70 64 0 70 64 1.0
70 65 1 70 7 1.0
70 66 0 70 38 1.0
70 67 9 70 73 1.0
70 68 0 70 7 1.0
70 69 0 70 61 1.0
70 71 1 70 14 1.0
70 72 2 70 79 1.0
70 74 1 70 14 1.0
70 75 0 70 75 1.0
70 76 0 70 7 1.0
70 77 0 70 7 1.0
70 78 0 70 38 1.0
70 79 0 70 79 1.0
71 0 2 71 14 1.0
71 1 4 71 15 1.0
71 2 1 71 43 1.0
71 3 0 71 3 1.0
71 4 0 71 4 1.0
71 5 3 71 33 1.0
71 6 7 71 33 1.0
71 8 5 71 33 1.0
71 9 0 71 9 1.0
71 10 0 71 10 1.0
71 11 6 71 65 1.0
71 12 0 71 58 1.0
71 13 4 71 33 1.0
71 15 0 71 15 1.0
71 16 9 71 68 1.0
71 17 0 71 78 1.0
71 18 5 71 33 1.0
71 19 2 71 78 1.0
71 20 7 71 26 1.0
71 21 4 71 14 1.0
71 22 0 71 22 1.0
71 23 2 71 27 1.0
71 24 0 71 15 1.0
71 26 0 71 26 1.0
71 27 0 71 27 1.0
71 29 3 71 14 1.0
71 30 4 71 14 1.0
71 31 4 71 56 1.0
71 32 10 71 65 1.0
71 33 0 71 33 1.0
71 34 0 71 34 1.0
71 35 0 71 35 1.0
71 36 4 71 44 1.0
71 37 1 71 78 1.0
71 38 3 71 57 1.0
71 39 2 71 14 1.0
71 40 4 71 14 1.0
71 41 1 71 78 1.0
71 42 6 71 65 1.0
71 43 0 71 43 1.0
71 44 0 71 44 1.0
71 45 3 71 14 1.0
71 46 3 71 43 1.0
71 47 10 71 65 1.0
71 48 1 71 49 1.0
71 49 0 71 49 1.0
71 50 2 71 14 1.0
71 51 3 71 43 1.0
71 52 6 71 44 1.0
71 53 0 71 53 1.0
71 54 2 71 56 1.0
71 55 6 71 26 1.0
71 56 0 71 56 1.0
71 57 0 71 57 1.0
71 58 0 71 58 1.0
71 59 3 71 14 1.0
71 60 3 71 14 1.0
71 61 2 71 14 1.0
71 62 2 71 77 1.0
71 63 3 71 3 1.0
71 64 5 71 15 1.0
71 65 0 71 65 1.0
71 66 0 71 9 1.0
71 67 0 71 67 1.0
71 68 0 71 68 1.0
71 69 0 71 9 1.0
71 70 1 71 14 1.0
71 72 7 71 65 1.0
71 74 5 71 33 1.0
71 75 8 71 33 1.0
71 76 7 71 26 1.0
71 77 0 71 77 1.0
71 78 0 71 78 1.0
71 79 0 71 79 1.0
72 0 3 72 63 1.0
72 1 0 72 1 1.0
72 2 0 72 2 1.0
72 3 0 72 3 1.0
72 4 5 72 57 1.0
72 5 8 72 74 1.0
72 6 0 72 6 1.0
72 8 6 72 33 1.0
72 9 7 72 57 1.0
72 10 0 72 63 1.0
72 11 2 72 63 1.0
72 12 6 72 76 1.0
72 13 8 72 74 1.0
72 15 0 72 15 1.0
72 16 0 72 61 1.0
72 17 6 72 74 1.0
72 18 1 72 79 1.0
72 19 7 72 36 1.0
72 20 0 72 20 1.0
72 21 6 72 57 1.0
72 22 6 72 74 1.0
72 23 6 72 76 1.0
72 24 5 72 74 1.0
72 26 0 72 26 1.0
72 27 4 72 32 1.0
72 29 0 72 29 1.0
72 30 0 72 30 1.0
72 31 6 72 66 1.0
72 32 0 72 32 1.0
72 33 0 72 33 1.0
72 34 3 72 2 1.0
72 35 2 72 66 1.0
72 36 0 72 36 1.0
72 37 6 72 57 1.0
72 38 0 72 38 1.0
72 39 0 72 39 1.0
72 40 2 72 29 1.0
72 41 7 72 76 1.0
72 42 0 72 42 1.0
72 43 7 72 65 1.0
72 44 7 72 26 1.0
72 45 6 72 74 1.0
72 46 6 72 74 1.0
72 47 1 72 3 1.0
72 48 6 72 26 1.0
72 49 6 72 74 1.0
72 50 9 72 26 1.0
72 51 5 72 3 1.0
72 52 0 72 52 1.0
72 53 7 72 76 1.0
72 54 1 72 38 1.0
72 55 10 72 26 1.0
72 56 4 72 30 1.0
72 57 0 72 57 1.0
72 58 3 72 76 1.0
72 59 5 72 74 1.0
72 60 1 72 38 1.0
72 61 0 72 61 1.0
72 62 9 72 57 1.0
72 63 0 72 63 1.0
72 64 7 72 74 1.0
72 65 0 72 65 1.0
72 66 0 72 66 1.0
72 67 0 72 67 1.0
72 68 6 72 65 1.0
72 69 6 72 66 1.0
72 70 2 72 79 1.0
72 71 7 72 65 1.0
72 74 0 72 74 1.0
72 75 1 72 67 1.0
72 76 0 72 76 1.0
72 77 1 72 63 1.0
72 78 5 72 57 1.0
72 79 0 72 79 1.0
73 7 0 73 7 1.0
73 14 4 73 70 0.06
73 14 8 73 60 0.94
73 25 1 73 8 0.05
73 25 4 73 11 0.95
73 28 0 73 28 1.0
74 0 1 74 14 1.0
74 1 6 74 72 1.0
74 2 0 74 2 1.0
74 3 2 74 72 1.0
74 4 3 74 45 1.0
74 5 0 74 5 1.0
74 6 0 74 6 1.0
74 8 6 74 28 1.0
74 9 1 74 14 1.0
74 10 1 74 14 1.0
74 11 1 74 2 1.0
74 12 2 74 20 1.0
74 13 0 74 13 1.0
74 15 10 74 28 1.0
74 16 6 74 24 1.0
74 17 0 74 17 1.0
74 18 1 74 79 1.0
74 19 5 74 28 1.0
74 20 0 74 20 1.0
74 21 9 74 28 1.0
74 22 0 74 22 1.0
74 23 6 74 31 1.0
74 24 0 74 24 1.0
74 26 7 74 72 1.0
74 27 9 74 28 1.0
74 29 2 74 14 1.0
74 30 3 74 14 1.0
74 31 0 74 31 1.0
74 32 8 74 28 1.0
74 33 0 74 33 1.0
74 34 4 74 2 1.0
74 35 1 74 46 1.0
74 36 2 74 72 1.0
74 37 8 74 28 1.0
74 38 7 74 28 1.0
74 39 0 74 39 1.0
74 40 1 74 14 1.0
74 41 7 74 28 1.0
74 42 0 74 42 1.0
74 43 1 74 14 1.0
74 44 4 74 28 1.0
74 45 0 74 45 1.0
74 46 0 74 46 1.0
74 47 7 74 24 1.0
74 48 8 74 64 1.0
74 49 0 74 49 1.0
74 50 3 74 13 1.0
74 51 6 74 42 1.0
74 52 3 74 72 1.0
74 53 1 74 14 1.0
74 54 6 74 28 1.0
74 55 3 74 79 1.0
74 56 0 74 67 1.0
74 57 0 74 57 1.0
74 58 1 74 20 1.0
74 59 0 74 59 1.0
74 60 7 74 28 1.0
74 61 1 74 14 1.0
74 62 3 74 59 1.0
74 63 5 74 72 1.0
74 64 0 74 64 1.0
74 65 0 74 14 1.0
74 66 0 74 66 1.0
74 67 0 74 67 1.0
74 68 8 74 28 1.0
74 69 4 74 66 1.0
74 70 1 74 14 1.0
74 71 5 74 33 1.0
74 72 0 74 72 1.0
74 75 7 74 28 1.0
74 76 0 74 76 1.0
74 77 6 74 28 1.0
74 78 7 74 28 1.0
74 79 0 74 79 1.0
75 0 2 75 25 1.0
75 1 2 75 18 1.0
75 2 0 75 2 1.0
75 3 5 75 28 1.0
75 4 2 75 25 1.0
75 5 3 75 37 1.0
75 6 2 75 67 1.0
75 8 1 75 25 1.0
75 9 0 75 9 1.0
75 10 0 75 10 1.0
75 11 0 75 11 1.0
75 12 0 75 12 1.0
75 13 6 75 28 1.0
75 15 9 75 28 1.0
75 16 8 75 18 1.0
75 17 2 75 25 1.0
75 18 0 75 18 1.0
75 19 10 75 28 1.0
75 20 5 75 37 1.0
75 21 8 75 28 1.0
75 22 0 75 22 1.0
75 23 1 75 27 1.0
75 24 5 75 28 1.0
75 26 4 75 18 1.0
75 27 0 75 27 1.0
75 29 4 75 2 1.0
75 30 9 75 56 1.0
75 31 11 75 28 1.0
75 32 0 75 32 1.0
75 33 0 75 33 1.0
75 34 0 75 34 1.0
75 35 1 75 25 1.0
75 36 2 75 70 1.0
75 37 0 75 37 1.0
75 38 0 75 38 1.0
75 39 0 75 39 1.0
75 40 7 75 28 1.0
75 41 0 75 41 1.0
75 42 0 75 25 1.0
75 43 7 75 44 1.0
75 44 0 75 44 1.0
75 45 2 75 18 1.0
75 46 1 75 25 1.0
75 47 0 75 58 1.0
75 48 1 75 49 1.0
75 49 0 75 49 1.0
75 50 2 75 18 1.0
75 51 3 75 22 1.0
75 52 7 75 62 1.0
75 53 3 75 44 1.0
75 54 2 75 25 1.0
75 55 3 75 18 1.0
75 56 0 75 56 1.0
75 57 0 75 38 1.0
75 58 0 75 58 1.0
75 59 6 75 56 1.0
75 60 9 75 28 1.0
75 61 5 75 70 1.0
75 62 0 75 62 1.0
75 63 2 75 11 1.0
75 64 7 75 39 1.0
75 65 6 75 32 1.0
75 66 7 75 28 1.0
75 67 0 75 67 1.0
75 68 1 75 25 1.0
75 69 2 75 25 1.0
75 70 0 75 70 1.0
75 71 8 75 33 1.0
75 72 1 75 67 1.0
75 74 7 75 28 1.0
75 76 0 75 58 1.0
75 77 6 75 28 1.0
75 78 9 75 28 1.0
75 79 0 75 79 1.0
76 0 6 76 20 1.0
76 1 0 76 79 1.0
76 2 3 76 29 1.0
76 3 0 76 3 1.0
76 4 2 76 23 1.0
76 5 1 76 7 1.0
76 6 0 76 6 1.0
76 8 0 76 7 1.0
76 9 6 76 69 1.0
76 10 0 76 10 1.0
76 11 0 76 11 1.0
76 12 0 76 12 1.0
76 13 7 76 24 1.0
76 15 0 76 15 1.0
76 16 1 76 7 1.0
76 17 0 76 20 1.0
76 18 1 76 79 1.0
76 19 3 76 15 1.0
76 20 0 76 20 1.0
76 21 2 76 23 1.0
76 22 0 76 27 1.0
76 23 0 76 23 1.0
76 24 0 76 24 1.0
76 26 0 76 26 1.0
76 27 0 76 27 1.0
76 29 0 76 29 1.0
76 30 0 76 30 1.0
76 31 5 76 23 1.0
76 32 0 76 7 1.0
76 33 9 76 26 1.0
76 34 8 76 41 1.0
76 35 1 76 7 1.0
76 36 6 76 69 1.0
76 37 1 76 7 1.0
76 38 5 76 30 1.0
76 39 0 76 7 1.0
76 40 3 76 29 1.0
76 41 0 76 41 1.0
76 42 0 76 42 1.0
76 43 0 76 27 1.0
76 44 0 76 7 1.0
76 45 8 76 24 1.0
76 46 1 76 47 1.0
76 47 0 76 47 1.0
76 48 4 76 29 1.0
76 49 10 76 26 1.0
76 50 7 76 26 1.0
76 51 0 76 7 1.0
76 52 3 76 6 1.0
76 53 0 76 53 1.0
76 54 4 76 42 1.0
76 55 0 76 55 1.0
76 56 2 76 30 1.0
76 57 3 76 72 1.0
76 58 0 76 58 1.0
76 59 4 76 23 1.0
76 60 0 76 7 1.0
76 61 5 76 24 1.0
76 62 0 76 62 1.0
76 63 4 76 72 1.0
76 64 0 76 7 1.0
76 65 0 76 7 1.0
76 66 5 76 69 1.0
76 67 2 76 6 1.0
76 68 1 76 7 1.0
76 69 0 76 69 1.0
76 70 0 76 7 1.0
76 71 7 76 26 1.0
76 72 0 76 72 1.0
76 74 0 76 74 1.0
76 75 0 76 58 1.0
76 77 0 76 7 1.0
76 78 5 76 15 1.0
76 79 0 76 79 1.0
77 0 3 77 14 1.0
77 1 0 77 1 1.0
77 2 1 77 25 1.0
77 3 6 77 28 1.0
77 4 8 77 73 1.0
77 5 0 77 7 1.0
77 6 5 77 52 1.0
77 8 0 77 8 1.0
77 9 7 77 73 1.0
77 10 0 77 40 1.0
77 11 1 77 8 1.0
77 12 0 77 12 1.0
77 13 0 77 13 1.0
77 15 8 77 28 1.0
77 16 0 77 7 1.0
77 17 0 77 25 1.0
77 18 0 77 25 1.0
77 19 0 77 19 1.0
77 20 4 77 42 1.0
77 21 6 77 28 1.0
77 22 8 77 51 1.0
77 23 0 77 23 1.0
77 24 0 77 7 1.0
77 26 5 77 73 1.0
77 27 0 77 7 1.0
77 29 0 77 29 1.0
77 30 9 77 73 1.0
77 31 6 77 28 1.0
77 32 0 77 7 1.0
77 33 0 77 33 1.0
77 34 8 77 42 1.0
77 35 0 77 7 1.0
77 36 7 77 73 1.0
77 37 1 77 25 1.0
77 38 6 77 73 1.0
77 39 0 77 7 1.0
77 40 0 77 40 1.0
77 41 0 77 41 1.0
77 42 0 77 42 1.0
77 43 0 77 43 1.0
77 44 0 77 44 1.0
77 45 4 77 43 1.0
77 46 0 77 46 1.0
77 47 6 77 51 1.0
77 48 1 77 25 1.0
77 49 0 77 40 1.0
77 50 1 77 13 1.0
77 51 0 77 51 1.0
77 52 0 77 52 1.0
77 53 1 77 14 1.0
77 54 9 77 73 1.0
77 55 0 77 7 1.0
77 56 8 77 73 1.0
77 57 0 77 7 1.0
77 58 0 77 7 1.0
77 59 0 77 59 1.0
77 60 5 77 28 1.0
77 61 0 77 8 1.0
77 62 0 77 62 1.0
77 63 0 77 63 1.0
77 64 0 77 7 1.0
77 65 0 77 7 1.0
77 66 7 77 28 1.0
77 67 6 77 73 1.0
77 68 0 77 7 1.0
77 69 0 77 25 1.0
77 70 0 77 7 1.0
77 71 0 77 71 1.0
77 72 1 77 63 1.0
77 74 6 77 28 1.0
77 75 6 77 28 1.0
77 76 0 77 7 1.0
77 78 8 77 28 1.0
77 79 0 77 8 1.0
78 0 2 78 25 1.0
78 1 5 78 35 1.0
78 2 1 78 25 1.0
78 3 7 78 28 1.0
78 4 11 78 71 1.0
78 5 1 78 37 1.0
78 6 0 78 6 1.0
78 8 0 78 8 1.0
78 9 0 78 67 1.0
78 10 7 78 32 1.0
78 11 4 78 25 1.0
78 12 2 78 25 1.0
78 13 6 78 28 1.0
78 15 0 78 15 1.0
78 16 2 78 25 1.0
78 17 0 78 17 1.0
78 18 1 78 25 1.0
78 19 0 78 19 1.0
78 20 1 78 27 1.0
78 21 10 78 28 1.0
78 22 1 78 27 1.0
78 23 0 78 23 1.0
78 24 4 78 28 1.0
78 26 6 78 71 1.0
78 27 0 78 27 1.0
78 29 1 78 40 1.0
78 30 9 78 57 1.0
78 31 9 78 28 1.0
78 32 0 78 32 1.0
78 33 0 78 33 1.0
78 34 4 78 35 1.0
78 35 0 78 35 1.0
78 36 4 78 19 1.0
78 37 0 78 37 1.0
78 38 0 78 38 1.0
78 39 2 78 25 1.0
78 40 0 78 40 1.0
78 41 0 78 41 1.0
78 42 2 78 25 1.0
78 43 4 78 46 1.0
78 44 5 78 28 1.0
78 45 0 78 45 1.0
78 46 0 78 46 1.0
78 47 0 78 47 1.0
78 48 5 78 32 1.0
78 49 6 78 71 1.0
78 50 5 78 35 1.0
78 51 5 78 35 1.0
78 52 6 78 53 1.0
78 53 0 78 53 1.0
78 54 8 78 28 1.0
78 55 4 78 35 1.0
78 56 0 78 56 1.0
78 57 0 78 57 1.0
78 58 3 78 35 1.0
78 59 4 78 53 1.0
78 60 5 78 28 1.0
78 61 2 78 25 1.0
78 62 3 78 19 1.0
78 63 6 78 57 1.0
78 64 5 78 25 1.0
78 65 0 78 65 1.0
78 66 4 78 28 1.0
78 67 0 78 67 1.0
78 68 7 78 28 1.0
78 69 1 78 25 1.0
78 70 0 78 38 1.0
78 71 0 78 71 1.0
78 72 5 78 57 1.0
78 74 7 78 28 1.0
78 75 9 78 28 1.0
78 76 5 78 15 1.0
78 77 8 78 28 1.0
78 79 5 78 33 1.0
79 0 0 79 0 1.0
79 1 0 79 1 1.0
79 2 5 79 39 1.0
79 3 2 79 33 1.0
79 4 5 79 33 1.0
79 5 1 79 33 1.0
79 6 0 79 6 1.0
79 8 0 79 8 1.0
79 9 7 79 60 1.0
79 10 5 79 33 1.0
79 11 0 79 11 1.0
79 12 2 79 75 1.0
79 13 8 79 50 1.0
79 15 0 79 15 1.0
79 16 0 79 16 1.0
79 17 4 79 74 1.0
79 18 0 79 18 1.0
79 19 1 79 70 1.0
79 20 6 79 55 1.0
79 21 2 79 18 1.0
79 22 0 79 22 1.0
79 23 0 79 23 1.0
79 24 0 79 18 1.0
79 26 1 79 18 1.0
79 27 1 79 22 1.0
79 29 4 79 55 1.0
79 30 2 79 70 1.0
79 31 0 79 31 1.0
79 32 1 79 15 1.0
79 33 0 79 33 1.0
79 34 2 79 50 1.0
79 35 6 79 50 1.0
79 36 0 79 36 1.0
79 37 2 79 70 1.0
79 38 1 79 70 1.0
79 39 0 79 39 1.0
79 40 2 79 1 1.0
79 41 3 79 50 1.0
79 42 0 79 8 1.0
79 43 0 79 8 1.0
79 44 1 79 33 1.0
79 45 0 79 45 1.0
79 46 3 79 39 1.0
79 47 2 79 45 1.0
79 48 1 79 18 1.0
79 49 4 79 55 1.0
79 50 0 79 50 1.0
79 51 0 79 51 1.0
79 52 3 79 1 1.0
79 53 3 79 39 1.0
79 54 3 79 70 1.0
79 55 0 79 55 1.0
79 56 2 79 75 1.0
79 57 3 79 72 1.0
79 58 0 79 18 1.0
79 59 0 79 0 1.0
79 60 0 79 60 1.0
79 61 1 79 70 1.0
79 62 1 79 1 1.0
79 63 2 79 11 1.0
79 64 6 79 39 1.0
79 65 3 79 33 1.0
79 66 3 79 55 1.0
79 67 1 79 18 1.0
79 68 1 79 18 1.0
79 69 2 79 11 1.0
79 70 0 79 70 1.0
79 71 0 79 71 1.0
79 72 0 79 72 1.0
79 74 0 79 74 1.0
79 75 0 79 75 1.0
79 76 0 79 76 1.0
79 77 0 79 8 1.0
79 78 5 79 33 1.0
