8_75_100_100_0_0 25 75 0.542389 0.130663 0.658755 10.3743 164.653 3.11599
8_75_100_100_0_0 25 75 50 161780 5616577500 34717.4 3235.6 112331550 6.03675e+08
8_75_100_100_1_1 25 75 0.542389 0.130663 0.658755 10.3743 164.653 3.11599
8_75_100_100_1_1 25 75 50 161780 5616577500 34717.4 3235.6 112331550 6.03675e+08
8_75_100_100_2_2 25 75 0.514687 0.132954 0.669618 9.7554 110.854 3.02303
8_75_100_100_2_2 25 75 50 161272 5613499500 34807.7 3225.44 112269990 5.55696e+08
8_75_100_100_3_3 25 75 0.491607 0.131226 0.643621 9.49891 170.6 2.86992
8_75_100_100_3_3 25 75 50 161270 5572431000 34553.4 3225.4 111448620 5.62648e+08
8_75_100_100_4_4 25 75 0.544432 0.135686 0.710714 10.3128 115.663 3.41015
8_75_100_100_4_4 25 75 50 161335 5655033000 35051.5 3226.7 113100660 5.52678e+08
8_75_100_100_5_5 25 75 0.53084 0.128217 0.637604 9.95514 123.826 2.97163
8_75_100_100_5_5 25 75 50 161115 5561050500 34516 3222.3 111221010 5.15099e+08
8_75_100_100_6_6 25 75 0.493412 0.131637 0.670919 9.9276 114.478 2.99906
8_75_100_100_6_6 25 75 50 161253 5557167000 34462.4 3225.06 111143340 5.79298e+08
8_75_100_100_7_7 25 75 0.517944 0.129484 0.652925 10.1819 103.748 3.10575
8_75_100_100_7_7 25 75 50 161317 5582871000 34608.1 3226.34 111657420 6.66228e+08
8_75_100_100_8_8 25 75 0.561286 0.13438 0.684697 10.2835 119.801 3.23235
8_75_100_100_8_8 25 75 50 160939 5704519500 35445.2 3218.78 114090390 6.65943e+08
8_75_100_100_9_9 25 75 0.492224 0.133011 0.656666 9.70499 102.93 2.94875
8_75_100_100_9_9 25 75 50 161232 5600080500 34733.1 3224.64 112001610 5.53089e+08
