28_5_10_100_0_0 25 75 0.394637 0.123104 0.628438 9.09906 64.5778 2.73108
28_5_10_100_0_0 25 75 50 32898 1138069500 34593.9 657.96 22761390 8.081e+07
28_5_10_100_1_1 25 75 0.394637 0.123104 0.628438 9.09906 64.5778 2.73108
28_5_10_100_1_1 25 75 50 32898 1138069500 34593.9 657.96 22761390 8.081e+07
28_5_10_100_2_2 25 75 0.416585 0.128423 0.689673 9.26847 67.6137 3.17838
28_5_10_100_2_2 25 75 50 32918 1171173000 35578.5 658.36 23423460 9.99448e+07
28_5_10_100_3_3 25 75 0.580634 0.118452 0.699476 10.5969 101.969 3.7244
28_5_10_100_3_3 25 75 50 32914 1099618500 33408.8 658.28 21992370 1.349e+08
28_5_10_100_4_4 25 75 0.550159 0.128246 0.785361 11.0656 73.1672 4.20842
28_5_10_100_4_4 25 75 50 32802 1190208000 36284.6 656.04 23804160 1.13717e+08
28_5_10_100_5_5 25 75 0.409584 0.121162 0.681418 8.80197 68.8177 2.90843
28_5_10_100_5_5 25 75 50 32819 1191681000 36310.7 656.38 23833620 1.17471e+08
28_5_10_100_6_6 25 75 0.566565 0.124412 0.824347 11.3861 89.6335 4.40906
28_5_10_100_6_6 25 75 50 32802 1124658000 34286.3 656.04 22493160 1.27439e+08
28_5_10_100_7_7 25 75 0.453589 0.127533 0.698637 9.91175 72.9794 3.32426
28_5_10_100_7_7 25 75 50 32718 1146357000 35037.5 654.36 22927140 9.99104e+07
28_5_10_100_8_8 25 75 0.501345 0.123285 0.697136 10.1148 72.3732 3.46183
28_5_10_100_8_8 25 75 50 32934 1142542500 34691.9 658.68 22850850 1.01999e+08
28_5_10_100_9_9 25 75 0.416288 0.123944 0.677704 9.04496 42.612 3.1125
28_5_10_100_9_9 25 75 50 32718 1121314500 34272.1 654.36 22426290 8.88779e+07
