8_125_1000_1000_0_0 250 750 0.552123 0.125343 1.80009 9.9156 249.906 5.44123
8_125_1000_1000_0_0 250 750 500 600745 21098187000 35120 1201.49 42196374 3.37971e+08
8_125_1000_1000_1_1 250 750 0.552123 0.125343 1.80009 9.9156 249.906 5.44123
8_125_1000_1000_1_1 250 750 500 600745 21098187000 35120 1201.49 42196374 3.37971e+08
8_125_1000_1000_2_2 250 750 0.539812 0.125184 1.72491 9.81402 139.92 5.26337
8_125_1000_1000_2_2 250 750 500 599317 20671878000 34492.4 1198.63 41343756 3.04256e+08
8_125_1000_1000_3_3 250 750 0.535362 0.124904 1.74004 9.75263 83.2498 5.21326
8_125_1000_1000_3_3 250 750 500 599096 20630253000 34435.6 1198.19 41260506 3.05041e+08
8_125_1000_1000_4_4 250 750 0.556485 0.12597 1.8841 9.84522 196.546 5.52623
8_125_1000_1000_4_4 250 750 500 598382 21176122500 35389 1196.76 42352245 3.45216e+08
8_125_1000_1000_5_5 250 750 0.552335 0.125557 1.80633 9.97395 153.724 5.45474
8_125_1000_1000_5_5 250 750 500 597843 21021265500 35161.8 1195.69 42042531 3.31916e+08
8_125_1000_1000_6_6 250 750 0.544178 0.125158 1.76672 9.81262 99.7691 5.31625
8_125_1000_1000_6_6 250 750 500 597995 20694270000 34606.1 1195.99 41388540 3.3141e+08
8_125_1000_1000_7_7 250 750 0.536039 0.124779 1.67294 9.81309 111.424 5.20872
8_125_1000_1000_7_7 250 750 500 599054 20757991500 34651.3 1198.11 41515983 3.25587e+08
8_125_1000_1000_8_8 250 750 0.54055 0.125688 1.7503 9.84397 99.9611 5.32915
8_125_1000_1000_8_8 250 750 500 600655 20822892000 34667 1201.31 41645784 3.07279e+08
8_125_1000_1000_9_9 250 750 0.539091 0.12497 1.74667 9.8136 140.117 5.28289
8_125_1000_1000_9_9 250 750 500 597666 20712667500 34655.9 1195.33 41425335 3.10141e+08
