20_75_100_100_0_0 25 75 0.450812 0.12659 0.795677 9.57343 50.8383 3.69483
20_75_100_100_0_0 25 75 50 23882 831664500 34823.9 477.64 16633290 7.75609e+07
20_75_100_100_1_1 25 75 0.450812 0.12659 0.795677 9.57343 50.8383 3.69483
20_75_100_100_1_1 25 75 50 23882 831664500 34823.9 477.64 16633290 7.75609e+07
20_75_100_100_2_2 25 75 0.48063 0.128437 0.86864 9.9471 57.3737 4.47773
20_75_100_100_2_2 25 75 50 23875 819450000 34322.5 477.5 16389000 7.13008e+07
20_75_100_100_3_3 25 75 0.474522 0.141431 0.922405 9.83681 62.4659 4.44891
20_75_100_100_3_3 25 75 50 23858 810372000 33966.5 477.16 16207440 7.09357e+07
20_75_100_100_4_4 25 75 0.586432 0.147417 1.34086 11.4994 60.7458 5.88595
20_75_100_100_4_4 25 75 50 23934 866995500 36224.4 478.68 17339910 8.53367e+07
20_75_100_100_5_5 25 75 0.531945 0.141116 1.08993 10.3266 56.9549 5.02325
20_75_100_100_5_5 25 75 50 23886 869835000 36416.1 477.72 17396700 7.4522e+07
20_75_100_100_6_6 25 75 0.429175 0.125594 0.721057 9.35308 67.0587 3.62354
20_75_100_100_6_6 25 75 50 23955 829380000 34622.4 479.1 16587600 8.11529e+07
20_75_100_100_7_7 25 75 0.449187 0.141009 0.927931 9.39401 51.0724 4.04249
20_75_100_100_7_7 25 75 50 23976 865804500 36111.3 479.52 17316090 8.93044e+07
20_75_100_100_8_8 25 75 0.41988 0.126151 0.723005 9.34906 38.8442 3.50635
20_75_100_100_8_8 25 75 50 23993 816927000 34048.6 479.86 16338540 5.38251e+07
20_75_100_100_9_9 25 75 0.41319 0.120964 0.698527 9.05691 46.3927 3.6216
20_75_100_100_9_9 25 75 50 23733 804633000 33903.6 474.66 16092660 6.32519e+07
