5_625_10000_100_0_0 25 75 0.481792 0.165057 0.987042 9.57047 65.3654 4.11984
5_625_10000_100_0_0 25 75 50 93589 3233595000 34551 1871.78 64671900 3.52747e+08
5_625_10000_100_1_1 25 75 0.481792 0.165057 0.987042 9.57047 65.3654 4.11984
5_625_10000_100_1_1 25 75 50 93589 3233595000 34551 1871.78 64671900 3.52747e+08
5_625_10000_100_2_2 25 75 0.464206 0.160765 0.907433 9.4358 76.1405 3.87573
5_625_10000_100_2_2 25 75 50 93151 3186582000 34208.8 1863.02 63731640 3.35183e+08
5_625_10000_100_3_3 25 75 0.47664 0.16437 0.926637 9.60732 60.6059 3.87442
5_625_10000_100_3_3 25 75 50 93215 3231090000 34662.8 1864.3 64621800 3.80557e+08
5_625_10000_100_4_4 25 75 0.508355 0.168758 1.01758 9.93942 71.5588 4.39381
5_625_10000_100_4_4 25 75 50 93334 3269301000 35028 1866.68 65386020 4.35465e+08
5_625_10000_100_5_5 25 75 0.443334 0.157001 0.826409 9.16897 50.4766 3.54127
5_625_10000_100_5_5 25 75 50 93177 3229159500 34656.2 1863.54 64583190 3.20913e+08
5_625_10000_100_6_6 25 75 0.462793 0.159608 0.934863 9.58044 53.9835 3.87847
5_625_10000_100_6_6 25 75 50 93220 3166897500 33972.3 1864.4 63337950 2.93659e+08
5_625_10000_100_7_7 25 75 0.476227 0.157263 0.938835 9.54503 87.2022 3.98284
5_625_10000_100_7_7 25 75 50 93221 3182878500 34143.4 1864.42 63657570 3.74362e+08
5_625_10000_100_8_8 25 75 0.470712 0.165063 0.974863 9.35022 62.7392 3.91022
5_625_10000_100_8_8 25 75 50 93349 3256296000 34883 1866.98 65125920 3.64079e+08
5_625_10000_100_9_9 25 75 0.508728 0.165376 1.01441 9.87977 84.0347 4.33399
5_625_10000_100_9_9 25 75 50 93216 3205942500 34392.6 1864.32 64118850 3.97308e+08
