1_475_1000_240_0_0 60 180 0.660137 0.154651 0.687532 10.0373 467.742 2.59247
1_475_1000_240_0_0 60 180 120 4147886 112808559000 27196.6 34565.7 940071325 2.67498e+09
1_475_1000_240_1_1 60 180 0.660137 0.154651 0.687532 10.0373 467.742 2.59247
1_475_1000_240_1_1 60 180 120 4147886 112808559000 27196.6 34565.7 940071325 2.67498e+09
1_475_1000_240_2_2 60 180 0.628484 0.154524 0.677932 9.82118 467.657 2.47443
1_475_1000_240_2_2 60 180 120 4147890 112808947500 27196.7 34565.8 9.40075e+08 2.58237e+09
1_475_1000_240_3_3 60 180 0.634004 0.15471 0.68294 9.91581 427.917 2.5336
1_475_1000_240_3_3 60 180 120 4147892 112808940000 27196.7 34565.8 940074500 2.62546e+09
1_475_1000_240_4_4 60 180 0.646166 0.154611 0.68097 9.94317 465.124 2.5423
1_475_1000_240_4_4 60 180 120 4147889 112809186000 27196.8 34565.7 940076550 2.66952e+09
1_475_1000_240_5_5 60 180 0.640917 0.154319 0.679417 9.89606 477.15 2.50782
1_475_1000_240_5_5 60 180 120 4147896 112809216000 27196.7 34565.8 940076800 2.69872e+09
1_475_1000_240_6_6 60 180 0.637933 0.154431 0.68001 9.91578 476.937 2.52112
1_475_1000_240_6_6 60 180 120 4147887 112808976000 27196.7 34565.7 940074800 2.63749e+09
1_475_1000_240_7_7 60 180 0.635872 0.15423 0.680533 9.89831 467.96 2.50555
1_475_1000_240_7_7 60 180 120 4147892 112809192000 27196.8 34565.8 940076600 2.62654e+09
1_475_1000_240_8_8 60 180 0.632178 0.154958 0.682739 9.92597 466.943 2.5338
1_475_1000_240_8_8 60 180 120 4147886 112809084000 27196.8 34565.7 940075700 2.65048e+09
1_475_1000_240_9_9 60 180 0.642307 0.154379 0.68229 9.98922 476.671 2.5492
1_475_1000_240_9_9 60 180 120 4147888 112809172500 27196.8 34565.7 9.40076e+08 2.67893e+09
