9_625_1000_640_0_0 160 480 1.20615 0.0862434 0.48629 11.0115 760.614 2.74487
9_625_1000_640_0_0 160 480 320 399111 13802280000 34582.6 1247.22 43132125 4.9255e+08
9_625_1000_640_1_1 160 480 1.20615 0.0862434 0.48629 11.0115 760.614 2.74487
9_625_1000_640_1_1 160 480 320 399111 13802280000 34582.6 1247.22 43132125 4.9255e+08
9_625_1000_640_2_2 160 480 1.63233 0.0884139 0.542951 16.9761 737.163 3.57016
9_625_1000_640_2_2 160 480 320 399204 13899859500 34818.9 1247.51 4.34371e+07 5.39223e+08
9_625_1000_640_3_3 160 480 1.38081 0.0890128 0.532747 13.867 738.553 3.37355
9_625_1000_640_3_3 160 480 320 399589 14030067000 35111.2 1248.72 4.3844e+07 4.84072e+08
9_625_1000_640_4_4 160 480 1.68656 0.0885551 0.526064 13.5193 722.997 3.19691
9_625_1000_640_4_4 160 480 320 399213 14001039000 35071.6 1247.54 4.37532e+07 5.34838e+08
9_625_1000_640_5_5 160 480 1.63703 0.0875855 0.517216 17.2538 1072.06 3.5109
9_625_1000_640_5_5 160 480 320 399081 13865154000 34742.7 1247.13 4.33286e+07 5.27659e+08
9_625_1000_640_6_6 160 480 1.10004 0.0881086 0.496802 10.625 745.746 2.7126
9_625_1000_640_6_6 160 480 320 399060 13913433000 34865.5 1247.06 4.34795e+07 3.97717e+08
9_625_1000_640_7_7 160 480 0.986436 0.0878554 0.487452 10.4053 656.904 2.60204
9_625_1000_640_7_7 160 480 320 398459 13891171500 34862.2 1245.18 4.34099e+07 3.15926e+08
9_625_1000_640_8_8 160 480 1.27466 0.0882778 0.502285 10.818 1139.89 2.77283
9_625_1000_640_8_8 160 480 320 398189 13999839000 35158.8 1244.34 4.37495e+07 4.72959e+08
9_625_1000_640_9_9 160 480 1.47417 0.0888905 0.536621 14.4521 754.548 3.34032
9_625_1000_640_9_9 160 480 320 398835 13882021500 34806.4 1246.36 4.33813e+07 4.85186e+08
