1_48438_100000_100_0_0 25 75 0.625401 0.275251 1.35478 9.93312 254.365 4.44355
1_48438_100000_100_0_0 25 75 50 1746845 61037455500 34941.5 34936.9 1220749110 9.16184e+09
1_48438_100000_100_1_1 25 75 0.625401 0.275251 1.35478 9.93312 254.365 4.44355
1_48438_100000_100_1_1 25 75 50 1746845 61037455500 34941.5 34936.9 1220749110 9.16184e+09
1_48438_100000_100_2_2 25 75 0.614624 0.272897 1.30744 9.86884 160.065 4.31922
1_48438_100000_100_2_2 25 75 50 1747298 60995802000 34908.6 34946 1219916040 8.97309e+09
1_48438_100000_100_3_3 25 75 0.619821 0.274837 1.33312 9.89683 140.036 4.39136
1_48438_100000_100_3_3 25 75 50 1748795 61005295500 34884.2 34975.9 1220105910 9.06165e+09
1_48438_100000_100_4_4 25 75 0.6097 0.270473 1.28513 9.84042 206.663 4.28274
1_48438_100000_100_4_4 25 75 50 1748199 60877530000 34823 34964 1217550600 8.98071e+09
1_48438_100000_100_5_5 25 75 0.607967 0.270968 1.30146 9.78908 251.736 4.28818
1_48438_100000_100_5_5 25 75 50 1749785 60625404000 34647.3 34995.7 1212508080 8.67859e+09
1_48438_100000_100_6_6 25 75 0.614333 0.2702 1.30003 9.85455 226.483 4.31613
1_48438_100000_100_6_6 25 75 50 1747927 61117357500 34965.6 34958.5 1222347150 9.28209e+09
1_48438_100000_100_7_7 25 75 0.61537 0.273851 1.30357 9.85726 221.522 4.30489
1_48438_100000_100_7_7 25 75 50 1747432 60671970000 34720.6 34948.6 1213439400 9.00621e+09
1_48438_100000_100_8_8 25 75 0.616111 0.272363 1.30698 9.89486 107.963 4.32661
1_48438_100000_100_8_8 25 75 50 1748480 60827911500 34789 34969.6 1216558230 9.0702e+09
1_48438_100000_100_9_9 25 75 0.607396 0.270781 1.26651 9.77754 200.011 4.21103
1_48438_100000_100_9_9 25 75 50 1747913 60975156000 34884.5 34958.3 1219503120 9.02684e+09
