0_31875_100000_100_0_0 25 75 0.633477 0.253543 1.23555 10.3781 109.436 4.44218
0_31875_100000_100_0_0 25 75 50 831288 29128471500 35040.2 16625.8 582569430 4.09972e+09
0_31875_100000_100_1_1 25 75 0.633477 0.253543 1.23555 10.3781 109.436 4.44218
0_31875_100000_100_1_1 25 75 50 831288 29128471500 35040.2 16625.8 582569430 4.09972e+09
0_31875_100000_100_2_2 25 75 0.648355 0.259424 1.29779 10.3822 115.356 4.54386
0_31875_100000_100_2_2 25 75 50 830319 29097349500 35043.6 16606.4 581946990 4.26437e+09
0_31875_100000_100_3_3 25 75 0.601237 0.254116 1.16984 9.93988 190.045 4.08564
0_31875_100000_100_3_3 25 75 50 831764 28924569000 34775 16635.3 578491380 3.87051e+09
0_31875_100000_100_4_4 25 75 0.650849 0.26007 1.32384 10.3654 112.372 4.60463
0_31875_100000_100_4_4 25 75 50 831587 29330731500 35270.8 16631.7 586614630 4.25606e+09
0_31875_100000_100_5_5 25 75 0.623802 0.256397 1.20452 10.1875 100.914 4.31196
0_31875_100000_100_5_5 25 75 50 833511 28997902500 34790.1 16670.2 579958050 4.0996e+09
0_31875_100000_100_6_6 25 75 0.631735 0.255232 1.23729 10.2397 102.424 4.41394
0_31875_100000_100_6_6 25 75 50 830895 29193562500 35135.1 16617.9 583871250 4.12822e+09
0_31875_100000_100_7_7 25 75 0.65353 0.259236 1.29316 10.4007 163.521 4.58622
0_31875_100000_100_7_7 25 75 50 831338 29059153500 34954.7 16626.8 581183070 4.31058e+09
0_31875_100000_100_8_8 25 75 0.611374 0.25593 1.21551 10.0696 223.384 4.2354
0_31875_100000_100_8_8 25 75 50 831579 29206231500 35121.4 16631.6 584124630 4.03912e+09
0_31875_100000_100_9_9 25 75 0.637167 0.26038 1.30326 10.2394 98.9884 4.50674
0_31875_100000_100_9_9 25 75 50 831842 29229546000 35138.3 16636.8 584590920 4.18973e+09
