22_0_0_640_0_0 160 480 0.517608 0.157413 0.853538 9.86606 572.058 3.917
22_0_0_640_0_0 160 480 320 913297 32046825000 35089.2 2854.05 1.00146e+08 6.09097e+08
22_0_0_640_1_1 160 480 0.517608 0.157413 0.853538 9.86606 572.058 3.917
22_0_0_640_1_1 160 480 320 913297 32046825000 35089.2 2854.05 1.00146e+08 6.09097e+08
22_0_0_640_2_2 160 480 0.499034 0.156132 0.853489 9.94334 403.56 3.93359
22_0_0_640_2_2 160 480 320 912669 31982305500 35042.6 2852.09 9.99447e+07 6.14837e+08
22_0_0_640_3_3 160 480 0.470145 0.157959 0.839293 9.61972 181.165 3.74827
22_0_0_640_3_3 160 480 320 913224 32134084500 35187.5 2853.82 1.00419e+08 5.64746e+08
22_0_0_640_4_4 160 480 0.545332 0.15922 0.90157 10.1709 701.027 4.17982
22_0_0_640_4_4 160 480 320 912652 32015152500 35079.3 2852.04 1.00047e+08 6.60039e+08
22_0_0_640_5_5 160 480 0.477331 0.155013 0.822817 9.68653 280.129 3.75138
22_0_0_640_5_5 160 480 320 912456 31881196500 34940 2851.43 9.96287e+07 5.62465e+08
22_0_0_640_6_6 160 480 0.517339 0.158054 0.874596 9.99072 437.68 3.98798
22_0_0_640_6_6 160 480 320 912268 31994452500 35071.3 2850.84 9.99827e+07 6.45691e+08
22_0_0_640_7_7 160 480 0.477075 0.156846 0.823865 9.50748 464.261 3.66309
22_0_0_640_7_7 160 480 320 911924 31992265500 35082.2 2849.76 9.99758e+07 6.11786e+08
22_0_0_640_8_8 160 480 0.492613 0.155936 0.820935 9.75916 672.167 3.73769
22_0_0_640_8_8 160 480 320 911785 31840411500 34921 2849.33 9.95013e+07 5.79497e+08
22_0_0_640_9_9 160 480 0.485396 0.156774 0.826618 9.7056 848.211 3.78226
22_0_0_640_9_9 160 480 320 912450 32029747500 35103 2851.41 1.00093e+08 5.66413e+08
