22_5_10_200_0_0 50 150 0.594522 0.260019 1.27941 9.92277 220.023 4.57132
22_5_10_200_0_0 50 150 100 2807278 73262409000 26097.3 28072.8 732624090 1.62965e+09
22_5_10_200_1_1 50 150 0.594522 0.260019 1.27941 9.92277 220.023 4.57132
22_5_10_200_1_1 50 150 100 2807278 73262409000 26097.3 28072.8 732624090 1.62965e+09
22_5_10_200_2_2 50 150 0.59819 0.260431 1.29276 9.93263 121.308 4.60916
22_5_10_200_2_2 50 150 100 2807281 73262319000 26097.3 28072.8 732623190 1.6339e+09
22_5_10_200_3_3 50 150 0.594991 0.259489 1.26857 9.91695 170.102 4.55426
22_5_10_200_3_3 50 150 100 2807281 73262295000 26097.2 28072.8 732622950 1.65126e+09
22_5_10_200_4_4 50 150 0.595862 0.259976 1.27652 9.91436 223 4.57348
22_5_10_200_4_4 50 150 100 2807277 73262214000 26097.3 28072.8 732622140 1.63982e+09
22_5_10_200_5_5 50 150 0.594824 0.259263 1.26837 9.904 160.155 4.55965
22_5_10_200_5_5 50 150 100 2807285 73262463000 26097.3 28072.8 732624630 1.64308e+09
22_5_10_200_6_6 50 150 0.596935 0.259894 1.27503 9.95039 210.138 4.58685
22_5_10_200_6_6 50 150 100 2807277 73262284500 26097.3 28072.8 732622845 1.65191e+09
22_5_10_200_7_7 50 150 0.592102 0.259679 1.26861 9.88384 220.03 4.5262
22_5_10_200_7_7 50 150 100 2807282 73262331000 26097.2 28072.8 732623310 1.60746e+09
22_5_10_200_8_8 50 150 0.593708 0.259501 1.2633 9.91918 180.013 4.5549
22_5_10_200_8_8 50 150 100 2807272 73262046000 26097.2 28072.7 732620460 1.61264e+09
22_5_10_200_9_9 50 150 0.592671 0.25887 1.25404 9.93268 222.692 4.52872
22_5_10_200_9_9 50 150 100 2807279 73262089500 26097.2 28072.8 732620895 1.63876e+09
