7_375_1000_100_0_0 25 75 0.578422 0.111302 0.561989 10.1255 114.095 2.58809
7_375_1000_100_0_0 25 75 50 136507 4714212000 34534.6 2730.14 94284240 4.40065e+08
7_375_1000_100_1_1 25 75 0.578422 0.111302 0.561989 10.1255 114.095 2.58809
7_375_1000_100_1_1 25 75 50 136507 4714212000 34534.6 2730.14 94284240 4.40065e+08
7_375_1000_100_2_2 25 75 0.595031 0.109714 0.564758 10.3887 128.205 2.74416
7_375_1000_100_2_2 25 75 50 135860 4721251500 34750.9 2717.2 94425030 4.6984e+08
7_375_1000_100_3_3 25 75 0.587633 0.114007 0.596184 10.1842 130.86 2.90028
7_375_1000_100_3_3 25 75 50 135891 4705750500 34628.9 2717.82 94115010 4.59097e+08
7_375_1000_100_4_4 25 75 0.748061 0.113063 0.589487 10.9355 188.721 3.00271
7_375_1000_100_4_4 25 75 50 135780 4803577500 35377.7 2715.6 96071550 5.59019e+08
7_375_1000_100_5_5 25 75 0.602134 0.110797 0.550159 10.211 135.292 2.54599
7_375_1000_100_5_5 25 75 50 135779 4710834000 34694.9 2715.58 94216680 4.55995e+08
7_375_1000_100_6_6 25 75 0.627934 0.109633 0.567366 10.6151 149.165 2.80976
7_375_1000_100_6_6 25 75 50 135897 4664953500 34327.1 2717.94 93299070 4.7857e+08
7_375_1000_100_7_7 25 75 0.59802 0.110813 0.595539 11.2752 164.607 3.16375
7_375_1000_100_7_7 25 75 50 135854 4725277500 34782 2717.08 94505550 5.31076e+08
7_375_1000_100_8_8 25 75 0.698691 0.113093 0.582564 10.6705 199.962 2.81557
7_375_1000_100_8_8 25 75 50 135768 4826367000 35548.6 2715.36 96527340 5.99347e+08
7_375_1000_100_9_9 25 75 0.632765 0.114692 0.589509 10.6466 149.588 2.95744
7_375_1000_100_9_9 25 75 50 135695 4765165500 35116.7 2713.9 95303310 5.11982e+08
