0_775_1000_320_0_0 80 240 0.630581 0.162809 0.673542 9.28418 561.345 2.07167
0_775_1000_320_0_0 80 240 160 1742646 45476527500 26096.3 10891.5 2.84228e+08 8.00289e+08
0_775_1000_320_1_1 80 240 0.630581 0.162809 0.673542 9.28418 561.345 2.07167
0_775_1000_320_1_1 80 240 160 1742646 45476527500 26096.3 10891.5 2.84228e+08 8.00289e+08
0_775_1000_320_2_2 80 240 0.630156 0.163029 0.680078 9.40912 560.472 2.1467
0_775_1000_320_2_2 80 240 160 1742277 45392029500 26053.3 10889.2 2.837e+08 7.6323e+08
0_775_1000_320_3_3 80 240 0.659937 0.162797 0.670177 9.23459 570.355 2.0427
0_775_1000_320_3_3 80 240 160 1742446 45498894000 26112.1 10890.3 2.84368e+08 8.07676e+08
0_775_1000_320_4_4 80 240 0.670891 0.162494 0.674111 9.14787 569.243 2.05019
0_775_1000_320_4_4 80 240 160 1742273 45431554500 26076 10889.2 2.83947e+08 8.02988e+08
0_775_1000_320_5_5 80 240 0.625298 0.161689 0.662705 8.98982 561.611 1.94418
0_775_1000_320_5_5 80 240 160 1743319 45441558000 26066.1 10895.7 2.8401e+08 7.64271e+08
0_775_1000_320_6_6 80 240 0.619883 0.163753 0.677378 9.33483 398.663 2.11148
0_775_1000_320_6_6 80 240 160 1741844 45514384500 26130 10886.5 2.84465e+08 8.00574e+08
0_775_1000_320_7_7 80 240 0.646811 0.162805 0.67348 9.4379 564.243 2.11694
0_775_1000_320_7_7 80 240 160 1741954 45416956500 26072.4 10887.2 2.83856e+08 8.44674e+08
0_775_1000_320_8_8 80 240 0.655218 0.162796 0.671213 9.28104 560.707 2.06743
0_775_1000_320_8_8 80 240 160 1741707 45544144500 26149.1 10885.7 2.84651e+08 8.09729e+08
0_775_1000_320_9_9 80 240 0.661493 0.162437 0.681972 9.82385 559.547 2.25047
0_775_1000_320_9_9 80 240 160 1742302 45436162500 26078.2 10889.4 2.83976e+08 8.53048e+08
