1325_0_0_43_0_0 10 32 0.525048 0.20417 0.909343 10.0102 109.993 4.40445
1325_0_0_43_0_0 10 32 22 1339109 47008035000 35104 60868.6 2.13673e+09 1.08251e+10
1325_0_0_43_1_1 10 32 0.525048 0.20417 0.909343 10.0102 109.993 4.40445
1325_0_0_43_1_1 10 32 22 1339109 47008035000 35104 60868.6 2.13673e+09 1.08251e+10
1325_0_0_43_2_2 10 32 0.525217 0.204264 0.906502 9.9918 79.9934 4.42623
1325_0_0_43_2_2 10 32 22 1338001 46835656500 35004.2 60818.2 2.12889e+09 1.07928e+10
1325_0_0_43_3_3 10 32 0.522846 0.204902 0.901464 9.94955 99.996 4.3753
1325_0_0_43_3_3 10 32 22 1339234 46955904000 35061.8 60874.3 2.13436e+09 1.09118e+10
1325_0_0_43_4_4 10 32 0.523004 0.204827 0.905507 9.98211 111.115 4.35941
1325_0_0_43_4_4 10 32 22 1338356 46949524500 35080 60834.4 2.13407e+09 1.08062e+10
1325_0_0_43_5_5 10 32 0.518497 0.203174 0.89386 9.93387 102.086 4.31773
1325_0_0_43_5_5 10 32 22 1337606 46600452000 34838.7 60800.3 2.1182e+09 1.05758e+10
1325_0_0_43_6_6 10 32 0.525535 0.204752 0.907567 9.99613 99.9992 4.3904
1325_0_0_43_6_6 10 32 22 1337949 47007669000 35134.1 60815.9 2.13671e+09 1.09055e+10
1325_0_0_43_7_7 10 32 0.523558 0.20403 0.892084 9.97271 77.9054 4.36481
1325_0_0_43_7_7 10 32 22 1337441 46842807000 35024.2 60792.8 2129218500 1.10072e+10
1325_0_0_43_8_8 10 32 0.520001 0.203646 0.893108 9.95543 104.141 4.35167
1325_0_0_43_8_8 10 32 22 1338251 46782724500 34958.1 60829.6 2.12649e+09 1.06952e+10
1325_0_0_43_9_9 10 32 0.523085 0.204569 0.899769 9.98958 113.904 4.37259
1325_0_0_43_9_9 10 32 22 1338257 46984176000 35108.5 60829.9 2.13564e+09 1.0906e+10
