3_5625_10000_100_0_0 25 75 0.532561 0.187372 0.911008 10.0497 110.077 3.82319
3_5625_10000_100_0_0 25 75 50 1155217 40654890000 35192.4 23104.3 813097800 5.08477e+09
3_5625_10000_100_1_1 25 75 0.532561 0.187372 0.911008 10.0497 110.077 3.82319
3_5625_10000_100_1_1 25 75 50 1155217 40654890000 35192.4 23104.3 813097800 5.08477e+09
3_5625_10000_100_2_2 25 75 0.539149 0.186512 0.928937 10.1466 109.882 3.93612
3_5625_10000_100_2_2 25 75 50 1154783 40403260500 34987.8 23095.7 808065210 5.06265e+09
3_5625_10000_100_3_3 25 75 0.535085 0.18688 0.911936 10.0507 220.004 3.86307
3_5625_10000_100_3_3 25 75 50 1154691 40581496500 35144.9 23093.8 811629930 5.09026e+09
3_5625_10000_100_4_4 25 75 0.524673 0.185173 0.893492 9.97474 240.003 3.7518
3_5625_10000_100_4_4 25 75 50 1154716 40549702500 35116.6 23094.3 810994050 5.1524e+09
3_5625_10000_100_5_5 25 75 0.529287 0.184803 0.897944 9.99511 181.666 3.78235
3_5625_10000_100_5_5 25 75 50 1154492 40315522500 34920.6 23089.8 806310450 4.8899e+09
3_5625_10000_100_6_6 25 75 0.556241 0.188207 0.961223 10.3538 114.139 4.13265
3_5625_10000_100_6_6 25 75 50 1154802 40707300000 35250.5 23096 814146000 5.15431e+09
3_5625_10000_100_7_7 25 75 0.536805 0.187437 0.920597 10.0818 110.04 3.87348
3_5625_10000_100_7_7 25 75 50 1154541 40527064500 35102.3 23090.8 810541290 4.92931e+09
3_5625_10000_100_8_8 25 75 0.523158 0.18564 0.89494 9.94601 139.967 3.70602
3_5625_10000_100_8_8 25 75 50 1155304 40502256000 35057.7 23106.1 810045120 4.86136e+09
3_5625_10000_100_9_9 25 75 0.535305 0.186603 0.921 10.1142 250.034 3.915
3_5625_10000_100_9_9 25 75 50 1154152 40530880500 35117.5 23083 810617610 4.95845e+09
