0_4625_10000_240_0_0 60 180 0.902517 0.0564715 0.345696 8.3062 1079.19 0.970751
0_4625_10000_240_0_0 60 180 120 1564455 35965768500 22989.3 13037.1 2.99715e+08 6.69094e+08
0_4625_10000_240_1_1 60 180 0.902517 0.0564715 0.345696 8.3062 1079.19 0.970751
0_4625_10000_240_1_1 60 180 120 1564455 35965768500 22989.3 13037.1 2.99715e+08 6.69094e+08
0_4625_10000_240_2_2 60 180 0.855197 0.0564802 0.344313 7.8391 1079.49 0.934509
0_4625_10000_240_2_2 60 180 120 1564451 35966451000 22989.8 13037.1 299720425 6.56252e+08
0_4625_10000_240_3_3 60 180 0.912659 0.0564908 0.351083 8.98382 8308.39 1.07224
0_4625_10000_240_3_3 60 180 120 1564451 35966425500 22989.8 13037.1 2.9972e+08 8.33441e+08
0_4625_10000_240_4_4 60 180 0.913755 0.0564933 0.345863 8.29407 4213.48 0.989829
0_4625_10000_240_4_4 60 180 120 1564452 35966514000 22989.8 13037.1 299720950 6.99275e+08
0_4625_10000_240_5_5 60 180 0.868129 0.0565134 0.344386 8.41958 1149.61 0.990375
0_4625_10000_240_5_5 60 180 120 1564450 35966497500 22989.9 13037.1 2.99721e+08 7.34741e+08
0_4625_10000_240_6_6 60 180 0.883072 0.0565046 0.345233 7.44924 1088.69 0.903897
0_4625_10000_240_6_6 60 180 120 1564455 35966710500 22989.9 13037.1 2.99723e+08 6.67581e+08
0_4625_10000_240_7_7 60 180 0.890777 0.0564756 0.344074 7.84573 1079.29 0.943657
0_4625_10000_240_7_7 60 180 120 1564447 35966497500 22989.9 13037.1 2.99721e+08 6.53445e+08
0_4625_10000_240_8_8 60 180 0.935913 0.0564741 0.346939 8.30458 8279.54 0.990192
0_4625_10000_240_8_8 60 180 120 1564449 35966055000 22989.6 13037.1 299717125 7.04831e+08
0_4625_10000_240_9_9 60 180 0.899585 0.0564716 0.344901 7.88898 4179.78 0.951754
0_4625_10000_240_9_9 60 180 120 1564451 35966494500 22989.9 13037.1 2.99721e+08 6.881e+08
