8_25_100_1000_0_0 250 750 0.544346 0.121601 1.75889 9.93678 89.5252 5.38018
8_25_100_1000_0_0 250 750 500 610271 21420015000 35099.2 1220.54 42840030 3.46355e+08
8_25_100_1000_1_1 250 750 0.544346 0.121601 1.75889 9.93678 89.5252 5.38018
8_25_100_1000_1_1 250 750 500 610271 21420015000 35099.2 1220.54 42840030 3.46355e+08
8_25_100_1000_2_2 250 750 0.540671 0.121299 1.75898 9.8858 88.9027 5.35932
8_25_100_1000_2_2 250 750 500 608499 20999655000 34510.6 1217 41999310 3.18127e+08
8_25_100_1000_3_3 250 750 0.533728 0.121028 1.74542 9.72234 164.417 5.25042
8_25_100_1000_3_3 250 750 500 608478 20936704500 34408.3 1216.96 41873409 3.16113e+08
8_25_100_1000_4_4 250 750 0.556999 0.121958 1.91492 9.88925 1899.76 5.57813
8_25_100_1000_4_4 250 750 500 607520 21504564000 35397.3 1215.04 43009128 3.56817e+08
8_25_100_1000_5_5 250 750 0.558691 0.121879 1.80864 10.0188 1119.93 5.44012
8_25_100_1000_5_5 250 750 500 606934 21376191000 35220 1213.87 42752382 3.44489e+08
8_25_100_1000_6_6 250 750 0.543625 0.121178 1.80735 9.76496 454.57 5.31526
8_25_100_1000_6_6 250 750 500 607276 21006285000 34591 1214.55 42012570 3.41435e+08
8_25_100_1000_7_7 250 750 0.544739 0.12089 1.70437 9.88819 727.731 5.3618
8_25_100_1000_7_7 250 750 500 608015 21080466000 34671 1216.03 42160932 3.39195e+08
8_25_100_1000_8_8 250 750 0.542218 0.121941 1.78126 9.90503 226.295 5.37577
8_25_100_1000_8_8 250 750 500 609948 21215031000 34781.7 1219.9 42430062 3.26655e+08
8_25_100_1000_9_9 250 750 0.536799 0.121189 1.7638 9.82766 129.995 5.3202
8_25_100_1000_9_9 250 750 500 606853 21039880500 34670.5 1213.71 42079761 3.20969e+08
