8_375_1000_1000_0_0 250 750 0.564374 0.122921 1.94709 10.0605 239.928 5.66592
8_375_1000_1000_0_0 250 750 500 619229 21718372500 35073.2 1238.46 43436745 3.54603e+08
8_375_1000_1000_1_1 250 750 0.564374 0.122921 1.94709 10.0605 239.928 5.66592
8_375_1000_1000_1_1 250 750 500 619229 21718372500 35073.2 1238.46 43436745 3.54603e+08
8_375_1000_1000_2_2 250 750 0.548755 0.12268 1.86641 9.90127 149.907 5.46864
8_375_1000_1000_2_2 250 750 500 617751 21322270500 34516 1235.5 42644541 3.24156e+08
8_375_1000_1000_3_3 250 750 0.553107 0.122362 1.88492 9.93733 429.552 5.45583
8_375_1000_1000_3_3 250 750 500 617617 21238108500 34387.2 1235.23 42476217 3.28487e+08
8_375_1000_1000_4_4 250 750 0.567005 0.123395 2.03242 9.96932 179.744 5.70488
8_375_1000_1000_4_4 250 750 500 616735 21859582500 35444 1233.47 43719165 3.70138e+08
8_375_1000_1000_5_5 250 750 0.56808 0.123257 1.95869 10.1279 1059.9 5.62252
8_375_1000_1000_5_5 250 750 500 616210 21711415500 35233.8 1232.42 43422831 3.54275e+08
8_375_1000_1000_6_6 250 750 0.558821 0.122589 1.93771 9.962 319.766 5.53634
8_375_1000_1000_6_6 250 750 500 616272 21347137500 34639.1 1232.54 42694275 3.54174e+08
8_375_1000_1000_7_7 250 750 0.548898 0.122438 1.8394 9.90229 267.734 5.46452
8_375_1000_1000_7_7 250 750 500 617587 21414321000 34674.2 1235.17 42828642 3.45902e+08
8_375_1000_1000_8_8 250 750 0.548882 0.12321 1.90222 9.89987 114.192 5.47955
8_375_1000_1000_8_8 250 750 500 619143 21464130000 34667.5 1238.29 42928260 3.27608e+08
8_375_1000_1000_9_9 250 750 0.553119 0.122385 1.88435 9.95176 470.003 5.52264
8_375_1000_1000_9_9 250 750 500 616005 21320917500 34611.6 1232.01 42641835 3.31212e+08
