14_0_0_640_0_0 160 480 0.474396 0.10755 0.615982 10.1733 1359.99 3.24162
14_0_0_640_0_0 160 480 320 581094 20314516500 34959.1 1815.92 6.34829e+07 3.1369e+08
14_0_0_640_1_1 160 480 0.474396 0.10755 0.615982 10.1733 1359.99 3.24162
14_0_0_640_1_1 160 480 320 581094 20314516500 34959.1 1815.92 6.34829e+07 3.1369e+08
14_0_0_640_2_2 160 480 0.458619 0.10751 0.591444 9.96094 569.674 3.02951
14_0_0_640_2_2 160 480 320 580971 20238988500 34836.5 1815.53 6.32468e+07 3.16361e+08
14_0_0_640_3_3 160 480 0.502648 0.109748 0.623581 10.1446 379.44 3.27631
14_0_0_640_3_3 160 480 320 581090 20391567000 35091.9 1815.91 6.37236e+07 3.74042e+08
14_0_0_640_4_4 160 480 0.469481 0.107643 0.602902 9.88685 395.376 3.08082
14_0_0_640_4_4 160 480 320 580484 20401993500 35146.5 1814.01 6.37562e+07 3.53766e+08
14_0_0_640_5_5 160 480 0.491834 0.108576 0.628452 10.1787 351.071 3.39133
14_0_0_640_5_5 160 480 320 580933 20225376000 34815.3 1815.42 63204300 3.39143e+08
14_0_0_640_6_6 160 480 0.562328 0.108892 0.659012 10.5989 458.684 3.63226
14_0_0_640_6_6 160 480 320 580245 20292825000 34972.9 1813.27 6.34151e+07 4.101e+08
14_0_0_640_7_7 160 480 0.456882 0.107241 0.591731 9.61066 383.903 2.99204
14_0_0_640_7_7 160 480 320 580013 20221165500 34863.3 1812.54 6.31911e+07 3.66428e+08
14_0_0_640_8_8 160 480 0.525437 0.108716 0.636185 10.2668 617.077 3.433
14_0_0_640_8_8 160 480 320 579648 20345043000 35099 1811.4 6.35783e+07 3.7442e+08
14_0_0_640_9_9 160 480 0.512013 0.108428 0.622083 10.1198 564.378 3.24962
14_0_0_640_9_9 160 480 320 580318 20242764000 34882.2 1813.49 6.32586e+07 3.70017e+08
