12 58 0 12 58 0.046875
12 58 1 12 5 0.046875
12 58 2 12 6 0.015625
12 58 3 12 54 0.03125
12 58 4 12 47 0.015625
12 58 5 12 37 0.015625
12 58 7 12 35 0.015625
12 58 8 12 68 0.046875
12 58 9 12 31 0.015625
12 58 10 12 41 0.015625
12 58 12 12 73 0.03125
12 58 13 12 34 0.03125
12 58 14 12 75 0.015625
12 58 15 12 20 0.015625
12 58 16 12 35 0.03125
12 58 20 12 31 0.03125
12 58 21 12 69 0.015625
12 58 22 12 76 0.03125
12 58 24 12 38 0.015625
12 58 26 12 48 0.03125
12 58 27 12 67 0.015625
12 58 28 12 25 0.015625
12 58 29 12 25 0.015625
12 58 30 12 77 0.015625
12 58 33 12 0 0.015625
12 58 34 12 6 0.015625
12 58 35 12 54 0.015625
12 58 36 12 37 0.015625
12 58 39 12 20 0.015625
12 58 41 12 59 0.015625
12 58 43 12 59 0.015625
12 58 48 12 30 0.015625
12 58 50 12 30 0.015625
12 58 52 12 66 0.015625
12 58 53 12 66 0.015625
12 58 54 12 66 0.015625
12 58 56 12 69 0.015625
12 58 57 12 69 0.015625
12 58 59 12 76 0.015625
12 58 61 12 38 0.015625
12 58 64 12 51 0.015625
12 58 65 12 51 0.015625
12 58 67 12 73 0.015625
12 58 68 12 67 0.015625
12 58 69 12 75 0.015625
12 58 70 12 25 0.015625
12 58 71 12 25 0.015625
12 58 77 12 0 0.015625
12 58 78 12 47 0.015625
12 58 81 12 0 0.015625
12 58 82 12 41 0.015625
