1_20312_100000_100_0_0 25 75 0.662537 0.291077 1.52184 10.1265 210.052 4.77226
1_20312_100000_100_0_0 25 75 50 1415599 49294971000 34822.7 28312 985899420 7.74113e+09
1_20312_100000_100_1_1 25 75 0.662537 0.291077 1.52184 10.1265 210.052 4.77226
1_20312_100000_100_1_1 25 75 50 1415599 49294971000 34822.7 28312 985899420 7.74113e+09
1_20312_100000_100_2_2 25 75 0.653962 0.289915 1.46835 10.0351 180.085 4.6541
1_20312_100000_100_2_2 25 75 50 1416073 49365043500 34860.5 28321.5 987300870 7.74526e+09
1_20312_100000_100_3_3 25 75 0.661638 0.291393 1.49394 10.1438 171.196 4.7223
1_20312_100000_100_3_3 25 75 50 1417201 49368831000 34835.4 28344 987376620 7.78819e+09
1_20312_100000_100_4_4 25 75 0.659677 0.289117 1.47759 10.1587 150.016 4.71073
1_20312_100000_100_4_4 25 75 50 1416881 49493196000 34931.1 28337.6 989863920 7.83017e+09
1_20312_100000_100_5_5 25 75 0.655968 0.288331 1.47523 10.0953 244.292 4.69649
1_20312_100000_100_5_5 25 75 50 1417534 49233817500 34732 28350.7 984676350 7.67276e+09
1_20312_100000_100_6_6 25 75 0.642542 0.286923 1.41641 9.91375 212.617 4.49342
1_20312_100000_100_6_6 25 75 50 1416747 49256670000 34767.4 28334.9 985133400 7.60229e+09
1_20312_100000_100_7_7 25 75 0.653467 0.28888 1.4579 10.1004 109.998 4.63815
1_20312_100000_100_7_7 25 75 50 1416236 49084138500 34658.2 28324.7 981682770 7.6314e+09
1_20312_100000_100_8_8 25 75 0.654039 0.289197 1.4656 10.0435 254.523 4.65438
1_20312_100000_100_8_8 25 75 50 1416864 49239516000 34752.5 28337.3 984790320 7.74378e+09
1_20312_100000_100_9_9 25 75 0.652983 0.288285 1.4663 10.0848 183.475 4.65082
1_20312_100000_100_9_9 25 75 50 1416165 49337716500 34839 28323.3 986754330 7.66571e+09
