8_21875_100000_1000_0_0 250 750 0.558476 0.121972 1.90253 9.99621 240.055 5.58997
8_21875_100000_1000_0_0 250 750 500 607956 21359167500 35132.8 1215.91 42718335 3.48882e+08
8_21875_100000_1000_1_1 250 750 0.558476 0.121972 1.90253 9.99621 240.055 5.58997
8_21875_100000_1000_1_1 250 750 500 607956 21359167500 35132.8 1215.91 42718335 3.48882e+08
8_21875_100000_1000_2_2 250 750 0.53925 0.121713 1.76896 9.82129 139.977 5.32991
8_21875_100000_1000_2_2 250 750 500 606070 20923873500 34523.9 1212.14 41847747 3.11362e+08
8_21875_100000_1000_3_3 250 750 0.549781 0.121539 1.82022 9.86303 409.591 5.38295
8_21875_100000_1000_3_3 250 750 500 605981 20878569000 34454.2 1211.96 41757138 3.15594e+08
8_21875_100000_1000_4_4 250 750 0.561517 0.122442 1.93555 9.91025 584.785 5.61508
8_21875_100000_1000_4_4 250 750 500 605252 21455274000 35448.5 1210.5 42910548 3.52129e+08
8_21875_100000_1000_5_5 250 750 0.56049 0.122178 1.92512 10.0378 1229.83 5.59271
8_21875_100000_1000_5_5 250 750 500 604607 21252037500 35150.2 1209.21 42504075 3.38765e+08
8_21875_100000_1000_6_6 250 750 0.554667 0.121674 1.89181 9.82836 1079.96 5.45655
8_21875_100000_1000_6_6 250 750 500 604871 20925382500 34594.8 1209.74 41850765 3.39479e+08
8_21875_100000_1000_7_7 250 750 0.549975 0.121405 1.75018 9.91279 1007.72 5.42612
8_21875_100000_1000_7_7 250 750 500 605809 21036198000 34724.1 1211.62 42072396 3.32786e+08
8_21875_100000_1000_8_8 250 750 0.546051 0.122122 1.84655 9.90382 111.633 5.48448
8_21875_100000_1000_8_8 250 750 500 607513 21098323500 34729 1215.03 42196647 3.16804e+08
8_21875_100000_1000_9_9 250 750 0.538743 0.121586 1.80882 9.79653 92.1352 5.36808
8_21875_100000_1000_9_9 250 750 500 604572 20922595500 34607.3 1209.14 41845191 3.13449e+08
