16_25_100_640_0_0 160 480 0.64127 0.0959147 0.537256 10.2152 669.133 2.89224
16_25_100_640_0_0 160 480 320 674663 23522539500 34865.6 2108.32 7.35079e+07 5.50547e+08
16_25_100_640_1_1 160 480 0.64127 0.0959147 0.537256 10.2152 669.133 2.89224
16_25_100_640_1_1 160 480 320 674663 23522539500 34865.6 2108.32 7.35079e+07 5.50547e+08
16_25_100_640_2_2 160 480 0.498252 0.0980221 0.563522 10.0647 568.729 3.04212
16_25_100_640_2_2 160 480 320 674303 23555838000 34933.6 2107.2 7.3612e+07 4.81158e+08
16_25_100_640_3_3 160 480 0.552578 0.0979411 0.571304 10.4087 574.985 3.24396
16_25_100_640_3_3 160 480 320 674053 23643507000 35076.6 2106.42 7.3886e+07 4.66124e+08
16_25_100_640_4_4 160 480 0.540825 0.0974965 0.55273 10.1462 568.269 3.0005
16_25_100_640_4_4 160 480 320 674176 23651479500 35082.1 2106.8 7.39109e+07 4.94639e+08
16_25_100_640_5_5 160 480 0.544627 0.0951805 0.5377 10.0897 559.739 2.9008
16_25_100_640_5_5 160 480 320 674001 23509366500 34880.3 2106.25 7.34668e+07 5.11478e+08
16_25_100_640_6_6 160 480 0.548133 0.096845 0.558353 10.1789 594.424 3.07066
16_25_100_640_6_6 160 480 320 673668 23512926000 34902.8 2105.21 7.34779e+07 4.75972e+08
16_25_100_640_7_7 160 480 0.63311 0.096977 0.549941 10.4549 711.691 3.10741
16_25_100_640_7_7 160 480 320 673240 23538054000 34962.4 2103.88 7.35564e+07 5.84103e+08
16_25_100_640_8_8 160 480 0.54622 0.0968504 0.545199 9.98031 620.241 2.92452
16_25_100_640_8_8 160 480 320 673347 23477526000 34866.9 2104.21 7.33673e+07 4.42587e+08
16_25_100_640_9_9 160 480 0.495497 0.0974658 0.563323 10.2315 560.034 3.11209
16_25_100_640_9_9 160 480 320 673719 23521405500 34912.8 2105.37 7.35044e+07 4.39175e+08
