1_675_1000_240_0_0 60 180 0.576464 0.139241 0.65332 9.79044 457.644 2.40175
1_675_1000_240_0_0 60 180 120 4472332 123051702000 27514 37269.4 1025430850 3.56493e+09
1_675_1000_240_1_1 60 180 0.576464 0.139241 0.65332 9.79044 457.644 2.40175
1_675_1000_240_1_1 60 180 120 4472332 123051702000 27514 37269.4 1025430850 3.56493e+09
1_675_1000_240_2_2 60 180 0.563092 0.138922 0.649118 9.74859 457.469 2.36521
1_675_1000_240_2_2 60 180 120 4472339 123051358500 27513.9 37269.5 1.02543e+09 3.59824e+09
1_675_1000_240_3_3 60 180 0.577348 0.139081 0.6538 9.80839 476.117 2.42294
1_675_1000_240_3_3 60 180 120 4472343 123051801000 27513.9 37269.5 1025431675 3.61291e+09
1_675_1000_240_4_4 60 180 0.576157 0.138808 0.647163 9.76874 435.76 2.36785
1_675_1000_240_4_4 60 180 120 4472339 123051955500 27514 37269.5 1.02543e+09 3.5889e+09
1_675_1000_240_5_5 60 180 0.562052 0.139045 0.649148 9.6724 457.077 2.34383
1_675_1000_240_5_5 60 180 120 4472332 123051517500 27513.9 37269.4 1.02543e+09 3.5609e+09
1_675_1000_240_6_6 60 180 0.562734 0.138867 0.649408 9.67425 463.812 2.34315
1_675_1000_240_6_6 60 180 120 4472336 123051210000 27513.9 37269.5 1025426750 3.5415e+09
1_675_1000_240_7_7 60 180 0.574849 0.138861 0.651584 9.78371 457.128 2.37673
1_675_1000_240_7_7 60 180 120 4472336 123051955500 27514 37269.5 1.02543e+09 3.57728e+09
1_675_1000_240_8_8 60 180 0.578057 0.139095 0.65269 9.78787 430.01 2.39656
1_675_1000_240_8_8 60 180 120 4472342 123051916500 27514 37269.5 1.02543e+09 3.59542e+09
1_675_1000_240_9_9 60 180 0.566485 0.138762 0.647842 9.71067 464.429 2.34636
1_675_1000_240_9_9 60 180 120 4472342 123051751500 27513.9 37269.5 1.02543e+09 3.58083e+09
