0 1 2 0 55 1.0
0 2 10 0 52 1.0
0 3 21 0 18 1.0
0 4 21 0 18 1.0
0 5 21 0 18 1.0
0 6 38 0 27 1.0
0 7 104 0 28 1.0
0 8 88 0 52 1.0
0 9 95 0 28 1.0
0 10 84 0 52 1.0
0 14 18 0 75 1.0
0 15 37 0 29 1.0
0 18 0 0 18 1.0
0 19 0 0 19 1.0
0 20 0 0 20 1.0
0 21 0 0 21 1.0
0 23 0 0 23 1.0
0 24 0 0 24 1.0
0 25 0 0 25 1.0
0 26 0 0 26 1.0
0 27 0 0 27 1.0
0 28 0 0 28 1.0
0 29 0 0 29 1.0
0 30 0 0 30 1.0
0 31 12 0 57 1.0
0 32 3 0 27 1.0
0 33 7 0 52 1.0
0 37 7 0 52 1.0
0 40 1 0 76 1.0
0 41 4 0 77 1.0
0 42 1 0 76 1.0
0 43 1 0 76 1.0
0 44 4 0 77 1.0
0 45 5 0 78 1.0
0 46 11 0 22 1.0
0 49 11 0 22 1.0
0 50 11 0 22 1.0
0 51 0 0 75 1.0
0 53 0 0 53 1.0
0 54 0 0 54 1.0
0 55 0 0 55 1.0
0 56 0 0 56 1.0
0 57 0 0 57 1.0
0 58 0 0 58 1.0
0 60 3 0 30 1.0
0 61 4 0 29 1.0
0 63 6 0 26 1.0
0 64 2 0 27 1.0
0 65 2 0 27 1.0
0 67 115 0 20 1.0
0 68 130 0 22 1.0
0 69 129 0 22 1.0
0 70 128 0 22 1.0
0 71 7 0 75 1.0
0 72 127 0 22 1.0
0 73 0 0 73 1.0
0 74 0 0 74 1.0
0 77 0 0 77 1.0
0 78 0 0 78 1.0
0 79 0 0 79 1.0
1 0 19 1 57 1.0
1 2 25 1 22 1.0
1 3 25 1 22 1.0
1 4 25 1 22 1.0
1 5 21 1 18 1.0
1 6 82 1 53 1.0
1 7 30 1 55 1.0
1 8 88 1 52 1.0
1 9 142 1 58 1.0
1 10 79 1 53 1.0
1 11 88 1 52 1.0
1 12 42 1 76 1.0
1 13 14 1 75 1.0
1 14 42 1 76 1.0
1 15 42 1 76 1.0
1 16 42 1 76 1.0
1 17 42 1 76 1.0
1 18 0 1 18 1.0
1 19 0 1 19 1.0
1 20 0 1 20 1.0
1 21 0 1 21 1.0
1 22 0 1 22 1.0
1 23 0 1 23 1.0
1 24 0 1 24 1.0
1 25 0 1 25 1.0
1 26 0 1 26 1.0
1 27 0 1 27 1.0
1 28 0 1 28 1.0
1 29 0 1 29 1.0
1 30 0 1 30 1.0
1 31 10 1 54 1.0
1 32 12 1 57 1.0
1 33 4 1 30 1.0
1 34 4 1 30 1.0
1 35 8 1 28 1.0
1 36 7 1 52 1.0
1 37 8 1 28 1.0
1 38 1 1 76 1.0
1 39 1 1 76 1.0
1 40 0 1 75 1.0
1 41 3 1 79 1.0
1 42 3 1 79 1.0
1 43 2 1 74 1.0
1 44 3 1 79 1.0
1 45 4 1 77 1.0
1 46 10 1 21 1.0
1 47 12 1 23 1.0
1 48 11 1 22 1.0
1 49 11 1 22 1.0
1 50 11 1 22 1.0
1 51 7 1 18 1.0
1 52 0 1 52 1.0
1 53 0 1 53 1.0
1 54 0 1 54 1.0
1 55 0 1 55 1.0
1 56 0 1 56 1.0
1 57 0 1 57 1.0
1 58 0 1 58 1.0
1 59 3 1 30 1.0
1 60 3 1 30 1.0
1 61 4 1 29 1.0
1 62 3 1 30 1.0
1 63 5 1 28 1.0
1 64 5 1 28 1.0
1 65 6 1 26 1.0
1 66 130 1 22 1.0
1 67 101 1 18 1.0
1 68 129 1 22 1.0
1 69 129 1 22 1.0
1 70 129 1 22 1.0
1 71 109 1 19 1.0
1 72 122 1 21 1.0
1 73 0 1 73 1.0
1 74 0 1 74 1.0
1 75 0 1 75 1.0
1 76 0 1 76 1.0
1 77 0 1 77 1.0
1 78 0 1 78 1.0
1 79 0 1 79 1.0
2 0 24 2 21 1.0
2 1 10 2 52 1.0
2 3 17 2 54 1.0
2 4 25 2 22 1.0
2 5 10 2 52 1.0
2 6 80 2 53 1.0
2 7 79 2 53 1.0
2 8 89 2 52 1.0
2 9 79 2 53 1.0
2 10 87 2 52 1.0
2 11 144 2 58 1.0
2 12 42 2 76 1.0
2 13 47 2 76 1.0
2 14 20 2 75 1.0
2 15 46 2 76 1.0
2 16 42 2 76 1.0
2 17 42 2 76 1.0
2 18 0 2 18 1.0
2 19 0 2 19 1.0
2 20 0 2 20 1.0
2 21 0 2 21 1.0
2 22 0 2 22 1.0
2 23 0 2 23 1.0
2 24 0 2 24 1.0
2 25 0 2 25 1.0
2 26 0 2 26 1.0
2 27 0 2 27 1.0
2 28 0 2 28 1.0
2 29 0 2 29 1.0
2 30 0 2 30 1.0
2 31 6 2 53 1.0
2 32 3 2 27 1.0
2 33 4 2 30 1.0
2 34 4 2 30 1.0
2 35 8 2 28 1.0
2 36 7 2 52 1.0
2 37 8 2 28 1.0
2 38 1 2 76 1.0
2 39 1 2 76 1.0
2 40 1 2 76 1.0
2 41 3 2 79 1.0
2 42 4 2 77 1.0
2 44 5 2 78 1.0
2 45 4 2 77 1.0
2 46 10 2 21 1.0
2 47 12 2 23 1.0
2 48 11 2 22 1.0
2 49 11 2 22 1.0
2 50 7 2 18 1.0
2 51 1 2 76 1.0
2 52 0 2 52 1.0
2 53 0 2 53 1.0
2 54 0 2 54 1.0
2 55 0 2 55 1.0
2 56 0 2 56 1.0
2 57 0 2 57 1.0
2 58 0 2 58 1.0
2 59 3 2 30 1.0
2 60 3 2 30 1.0
2 61 4 2 29 1.0
2 62 3 2 30 1.0
2 63 4 2 29 1.0
2 64 6 2 26 1.0
2 65 5 2 28 1.0
2 66 129 2 22 1.0
2 67 101 2 18 1.0
2 68 130 2 22 1.0
2 69 130 2 22 1.0
2 70 115 2 20 1.0
2 71 128 2 22 1.0
2 72 130 2 22 1.0
2 73 0 2 73 1.0
2 74 0 2 74 1.0
2 75 0 2 75 1.0
2 76 0 2 76 1.0
2 77 0 2 77 1.0
2 78 0 2 78 1.0
2 79 0 2 79 1.0
3 0 25 3 22 1.0
3 1 25 3 22 1.0
3 2 17 3 54 1.0
3 4 20 3 58 1.0
3 5 21 3 18 1.0
3 6 37 3 27 1.0
3 7 92 3 28 1.0
3 9 35 3 27 1.0
3 10 33 3 55 1.0
3 14 37 3 29 1.0
3 15 37 3 29 1.0
3 17 57 3 28 1.0
3 18 0 3 18 1.0
3 19 0 3 19 1.0
3 20 0 3 20 1.0
3 23 0 3 23 1.0
3 24 0 3 24 1.0
3 25 0 3 25 1.0
3 26 0 3 26 1.0
3 27 0 3 27 1.0
3 29 0 3 29 1.0
3 30 0 3 30 1.0
3 31 9 3 26 1.0
3 32 3 3 27 1.0
3 33 7 3 52 1.0
3 34 7 3 52 1.0
3 36 7 3 52 1.0
3 39 1 3 76 1.0
3 40 1 3 76 1.0
3 41 4 3 77 1.0
3 42 4 3 77 1.0
3 44 4 3 77 1.0
3 45 3 3 79 1.0
3 50 1 3 76 1.0
3 51 10 3 21 1.0
3 53 0 3 53 1.0
3 54 0 3 54 1.0
3 55 0 3 55 1.0
3 56 0 3 56 1.0
3 57 0 3 57 1.0
3 58 0 3 58 1.0
3 60 5 3 28 1.0
3 61 5 3 28 1.0
3 62 5 3 28 1.0
3 63 2 3 27 1.0
3 64 3 3 30 1.0
3 65 6 3 26 1.0
3 66 129 3 22 1.0
3 67 122 3 21 1.0
3 68 123 3 21 1.0
3 69 130 3 22 1.0
3 70 108 3 19 1.0
3 71 65 3 77 1.0
3 72 108 3 19 1.0
3 73 0 3 73 1.0
3 74 0 3 74 1.0
3 75 0 3 75 1.0
3 77 0 3 77 1.0
3 78 0 3 78 1.0
3 79 0 3 79 1.0
4 0 24 4 21 1.0
4 1 21 4 18 1.0
4 2 21 4 18 1.0
4 3 18 4 56 1.0
4 5 19 4 57 1.0
4 6 100 4 28 1.0
4 7 94 4 28 1.0
4 8 88 4 52 1.0
4 9 96 4 28 1.0
4 10 145 4 58 1.0
4 12 42 4 76 1.0
4 14 1 4 24 1.0
4 15 16 4 75 1.0
4 17 57 4 28 1.0
4 19 0 4 19 1.0
4 20 0 4 20 1.0
4 21 0 4 21 1.0
4 23 0 4 23 1.0
4 24 0 4 24 1.0
4 25 0 4 25 1.0
4 26 0 4 26 1.0
4 27 0 4 27 1.0
4 28 0 4 28 1.0
4 29 0 4 29 1.0
4 30 0 4 30 1.0
4 31 7 4 52 1.0
4 32 12 4 57 1.0
4 35 7 4 52 1.0
4 37 7 4 52 1.0
4 40 1 4 76 1.0
4 41 5 4 78 1.0
4 42 3 4 79 1.0
4 44 4 4 77 1.0
4 45 5 4 78 1.0
4 48 11 4 22 1.0
4 50 11 4 22 1.0
4 51 10 4 21 1.0
4 53 0 4 53 1.0
4 54 0 4 54 1.0
4 55 0 4 55 1.0
4 56 0 4 56 1.0
4 57 0 4 57 1.0
4 58 0 4 58 1.0
4 63 6 4 26 1.0
4 64 2 4 27 1.0
4 65 6 4 26 1.0
4 66 130 4 22 1.0
4 67 101 4 18 1.0
4 68 127 4 22 1.0
4 69 129 4 22 1.0
4 70 109 4 19 1.0
4 71 78 4 78 1.0
4 72 128 4 22 1.0
4 73 0 4 73 1.0
4 74 0 4 74 1.0
4 76 0 4 76 1.0
4 77 0 4 77 1.0
4 78 0 4 78 1.0
4 79 0 4 79 1.0
5 0 25 5 22 1.0
5 1 10 5 52 1.0
5 2 24 5 21 1.0
5 3 21 5 18 1.0
5 4 17 5 54 1.0
5 6 67 5 29 0.796875
5 6 137 5 57 0.203125
5 7 93 5 28 1.0
5 9 111 5 26 1.0
5 10 146 5 58 1.0
5 14 37 5 29 1.0
5 15 37 5 29 1.0
5 18 0 5 18 1.0
5 19 0 5 19 1.0
5 20 0 5 20 1.0
5 23 0 5 23 1.0
5 24 0 5 24 1.0
5 25 0 5 25 1.0
5 26 0 5 26 1.0
5 27 0 5 27 1.0
5 28 0 5 28 1.0
5 29 0 5 29 1.0
5 30 0 5 30 1.0
5 31 6 5 53 1.0
5 32 12 5 57 1.0
5 38 1 5 76 1.0
5 40 1 5 76 1.0
5 41 3 5 79 1.0
5 42 4 5 77 1.0
5 43 1 5 76 1.0
5 44 4 5 77 1.0
5 45 5 5 78 1.0
5 47 11 5 22 1.0
5 49 11 5 22 1.0
5 50 11 5 22 1.0
5 51 0 5 75 1.0
5 53 0 5 53 1.0
5 54 0 5 54 1.0
5 55 0 5 55 1.0
5 56 0 5 56 1.0
5 57 0 5 57 1.0
5 58 0 5 58 1.0
5 59 3 5 30 1.0
5 60 3 5 30 1.0
5 61 4 5 29 1.0
5 63 3 5 30 1.0
5 64 6 5 26 1.0
5 65 2 5 27 1.0
5 66 129 5 22 1.0
5 67 115 5 20 1.0
5 68 127 5 22 1.0
5 69 129 5 22 1.0
5 70 120 5 21 1.0
5 71 27 5 76 1.0
5 72 109 5 19 1.0
5 73 0 5 73 1.0
5 74 0 5 74 1.0
5 77 0 5 77 1.0
5 78 0 5 78 1.0
5 79 0 5 79 1.0
6 0 97 6 34 1.0
6 1 24 6 62 1.0
6 2 44 6 65 1.0
6 3 122 6 36 1.0
6 4 102 6 34 1.0
6 5 23 6 62 0.390625
6 5 111 6 35 0.609375
6 7 16 6 13 0.34375
6 7 18 6 15 0.65625
6 9 2 6 60 1.0
6 10 15 6 12 1.0
6 14 0 6 14 1.0
6 15 0 6 15 1.0
6 19 20 6 33 1.0
6 20 83 6 70 1.0
6 21 52 6 66 1.0
6 23 68 6 68 1.0
6 24 2 6 61 1.0
6 25 4 6 63 1.0
6 26 3 6 62 1.0
6 27 1 6 60 1.0
6 28 0 6 59 1.0
6 29 2 6 61 1.0
6 30 9 6 33 1.0
6 31 0 6 31 1.0
6 32 0 6 32 1.0
6 33 0 6 33 1.0
6 35 0 6 35 1.0
6 39 0 6 16 1.0
6 40 0 6 16 1.0
6 41 7 6 67 1.0
6 42 5 6 17 1.0
6 43 0 6 16 1.0
6 44 6 6 66 1.0
6 45 4 6 70 1.0
6 46 0 6 66 1.0
6 48 0 6 66 1.0
6 50 0 6 66 1.0
6 51 0 6 66 1.0
6 53 4 6 35 1.0
6 54 5 6 36 1.0
6 55 5 6 36 1.0
6 56 6 6 37 1.0
6 57 6 6 37 1.0
6 58 3 6 34 1.0
6 59 0 6 59 1.0
6 61 0 6 61 1.0
6 63 0 6 63 1.0
6 64 0 6 64 1.0
6 65 0 6 65 1.0
6 67 0 6 67 1.0
6 68 0 6 68 1.0
6 69 0 6 69 1.0
6 70 0 6 70 1.0
6 71 0 6 71 1.0
6 72 0 6 72 1.0
6 73 30 6 15 1.0
6 74 31 6 15 1.0
6 75 0 6 16 1.0
6 77 14 6 13 1.0
6 78 19 6 13 1.0
6 79 7 6 12 1.0
7 0 41 7 64 0.125
7 0 116 7 35 0.875
7 1 23 7 62 1.0
7 2 15 7 61 1.0
7 3 116 7 35 1.0
7 4 12 7 60 0.6875
7 4 115 7 35 0.3125
7 5 88 7 33 1.0
7 6 6 7 64 0.8125
7 6 19 7 17 0.1875
7 9 15 7 12 1.0
7 10 2 7 60 1.0
7 11 0 7 16 1.0
7 12 0 7 12 1.0
7 14 0 7 14 1.0
7 15 0 7 15 1.0
7 17 0 7 17 1.0
7 18 30 7 35 1.0
7 19 51 7 66 1.0
7 20 60 7 67 1.0
7 21 23 7 34 1.0
7 22 23 7 34 1.0
7 23 51 7 66 1.0
7 24 2 7 61 1.0
7 25 6 7 65 1.0
7 26 1 7 60 1.0
7 27 10 7 34 1.0
7 28 0 7 59 1.0
7 29 0 7 59 1.0
7 30 2 7 61 1.0
7 31 0 7 31 1.0
7 32 0 7 32 1.0
7 35 0 7 35 1.0
7 36 0 7 36 1.0
7 38 2 7 13 1.0
7 40 0 7 16 1.0
7 41 8 7 68 1.0
7 42 6 7 66 1.0
7 43 0 7 16 1.0
7 44 1 7 12 1.0
7 45 1 7 67 1.0
7 48 4 7 70 1.0
7 50 0 7 66 1.0
7 51 2 7 68 1.0
7 53 4 7 35 1.0
7 54 2 7 33 1.0
7 55 3 7 34 1.0
7 56 6 7 37 1.0
7 57 6 7 37 1.0
7 58 3 7 34 1.0
7 59 0 7 59 1.0
7 60 0 7 60 1.0
7 61 0 7 61 1.0
7 62 0 7 62 1.0
7 63 0 7 63 1.0
7 64 0 7 64 1.0
7 65 0 7 65 1.0
7 66 0 7 66 1.0
7 67 0 7 67 1.0
7 68 0 7 68 1.0
7 69 0 7 69 1.0
7 70 0 7 70 1.0
7 71 0 7 71 1.0
7 72 0 7 72 1.0
7 73 38 7 17 1.0
7 74 27 7 14 1.0
7 75 1 7 16 1.0
7 77 14 7 13 1.0
7 78 19 7 13 1.0
7 79 41 7 17 1.0
8 0 12 8 60 1.0
8 1 12 8 60 1.0
8 2 12 8 60 1.0
8 3 5 8 59 1.0
8 4 12 8 60 1.0
8 5 5 8 59 1.0
8 6 16 8 13 1.0
8 7 1 8 59 1.0
8 9 16 8 13 1.0
8 10 0 8 16 1.0
8 11 0 8 16 1.0
8 12 0 8 12 1.0
8 13 0 8 13 1.0
8 14 0 8 14 1.0
8 15 0 8 15 1.0
8 17 0 8 17 1.0
8 18 23 8 34 1.0
8 19 81 8 70 1.0
8 20 81 8 70 1.0
8 25 7 8 31 1.0
8 26 12 8 36 1.0
8 27 7 8 31 1.0
8 28 0 8 59 1.0
8 30 3 8 62 1.0
8 32 0 8 32 1.0
8 33 0 8 33 1.0
8 34 0 8 34 1.0
8 35 0 8 35 1.0
8 36 0 8 36 1.0
8 37 0 8 37 1.0
8 38 2 8 13 1.0
8 39 0 8 16 1.0
8 40 6 8 66 1.0
8 41 12 8 72 1.0
8 43 0 8 16 1.0
8 47 4 8 70 1.0
8 48 4 8 70 1.0
8 49 4 8 70 1.0
8 50 4 8 70 1.0
8 51 0 8 66 1.0
8 52 0 8 31 1.0
8 53 5 8 36 1.0
8 54 3 8 34 1.0
8 55 3 8 34 1.0
8 56 2 8 33 1.0
8 57 2 8 33 1.0
8 58 0 8 31 1.0
8 59 0 8 59 1.0
8 60 0 8 60 1.0
8 61 0 8 61 1.0
8 62 0 8 62 1.0
8 63 0 8 63 1.0
8 64 0 8 64 1.0
8 65 0 8 65 1.0
8 66 0 8 66 1.0
8 67 0 8 67 1.0
8 68 0 8 68 1.0
8 69 0 8 69 1.0
8 72 0 8 72 1.0
8 74 1 8 16 1.0
8 75 1 8 16 1.0
8 76 14 8 13 1.0
8 77 41 8 17 1.0
8 78 41 8 17 1.0
8 79 20 8 13 1.0
9 0 87 9 33 1.0
9 1 33 9 63 1.0
9 2 46 9 65 1.0
9 3 103 9 34 1.0
9 4 101 9 34 1.0
9 5 87 9 33 1.0
9 6 1 9 59 1.0
9 7 0 9 16 1.0
9 8 2 9 60 1.0
9 10 6 9 64 0.515625
9 10 25 9 71 0.484375
9 11 0 9 16 1.0
9 12 0 9 12 1.0
9 14 0 9 14 1.0
9 15 0 9 15 1.0
9 16 0 9 16 1.0
9 18 30 9 35 1.0
9 19 46 9 37 1.0
9 20 97 9 72 1.0
9 22 16 9 33 1.0
9 23 75 9 69 1.0
9 24 2 9 61 1.0
9 25 6 9 65 1.0
9 26 2 9 61 1.0
9 27 0 9 59 1.0
9 28 0 9 59 1.0
9 29 11 9 35 1.0
9 30 4 9 63 1.0
9 31 0 9 31 1.0
9 32 0 9 32 1.0
9 34 0 9 34 1.0
9 35 0 9 35 1.0
9 36 0 9 36 1.0
9 37 0 9 37 1.0
9 39 0 9 16 1.0
9 40 1 9 12 1.0
9 41 8 9 68 1.0
9 42 6 9 66 1.0
9 43 2 9 13 1.0
9 44 1 9 12 1.0
9 45 1 9 67 1.0
9 47 5 9 71 1.0
9 48 4 9 70 1.0
9 49 4 9 70 1.0
9 50 0 9 66 1.0
9 51 1 9 67 1.0
9 53 3 9 34 1.0
9 54 3 9 34 1.0
9 55 2 9 33 1.0
9 56 3 9 34 1.0
9 57 4 9 35 1.0
9 58 4 9 35 1.0
9 60 0 9 60 1.0
9 61 0 9 61 1.0
9 62 0 9 62 1.0
9 63 0 9 63 1.0
9 64 0 9 64 1.0
9 65 0 9 65 1.0
9 66 0 9 66 1.0
9 67 0 9 67 1.0
9 68 0 9 68 1.0
9 69 0 9 69 1.0
9 70 0 9 70 1.0
9 71 0 9 71 1.0
9 72 0 9 72 1.0
9 73 27 9 14 1.0
9 74 30 9 15 1.0
9 75 1 9 16 1.0
9 76 1 9 16 1.0
9 77 35 9 17 1.0
9 78 36 9 17 1.0
9 79 16 9 13 1.0
10 0 41 10 64 1.0
10 1 16 10 61 1.0
10 2 16 10 61 1.0
10 3 41 10 64 1.0
10 4 33 10 63 0.0625
10 4 48 10 65 0.9375
10 5 7 10 60 1.0
10 6 19 10 17 1.0
10 7 19 10 17 1.0
10 9 5 10 63 0.8125
10 9 16 10 13 0.1875
10 11 0 10 16 1.0
10 12 0 10 12 1.0
10 13 0 10 13 1.0
10 14 0 10 14 1.0
10 15 0 10 15 1.0
10 16 0 10 16 1.0
10 17 0 10 17 1.0
10 19 30 10 35 1.0
10 20 14 10 33 1.0
10 21 80 10 70 1.0
10 22 81 10 70 1.0
10 23 59 10 67 1.0
10 24 11 10 35 1.0
10 25 4 10 63 1.0
10 26 3 10 62 1.0
10 27 3 10 62 1.0
10 28 0 10 59 1.0
10 29 1 10 60 1.0
10 30 4 10 63 1.0
10 31 0 10 31 1.0
10 32 0 10 32 1.0
10 33 0 10 33 1.0
10 34 0 10 34 1.0
10 35 0 10 35 1.0
10 36 0 10 36 1.0
10 37 0 10 37 1.0
10 38 2 10 13 1.0
10 39 0 10 16 1.0
10 40 6 10 66 1.0
10 41 6 10 66 1.0
10 42 1 10 12 1.0
10 43 1 10 12 1.0
10 44 9 10 69 1.0
10 45 6 10 72 1.0
10 46 5 10 71 1.0
10 48 4 10 70 1.0
10 50 0 10 66 1.0
10 51 4 10 70 1.0
10 52 0 10 31 1.0
10 53 3 10 34 1.0
10 54 3 10 34 1.0
10 55 0 10 31 1.0
10 56 3 10 34 1.0
10 57 3 10 34 1.0
10 59 0 10 59 1.0
10 61 0 10 61 1.0
10 63 0 10 63 1.0
10 64 0 10 64 1.0
10 65 0 10 65 1.0
10 66 0 10 66 1.0
10 67 0 10 67 1.0
10 68 0 10 68 1.0
10 69 0 10 69 1.0
10 70 0 10 70 1.0
10 71 0 10 71 1.0
10 72 0 10 72 1.0
10 73 7 10 12 1.0
10 74 7 10 12 1.0
10 77 1 10 16 1.0
10 78 14 10 13 1.0
10 79 1 10 16 1.0
11 1 118 11 35 1.0
11 2 112 11 35 1.0
11 3 115 11 35 1.0
11 7 12 11 35 1.0
11 8 12 11 35 1.0
11 9 12 11 35 1.0
11 10 0 11 16 1.0
11 12 0 11 12 1.0
11 13 0 11 13 1.0
11 14 0 11 14 1.0
11 15 0 11 15 1.0
11 17 0 11 17 1.0
11 18 30 11 35 1.0
11 20 30 11 35 1.0
11 21 30 11 35 1.0
11 22 30 11 35 1.0
11 25 11 11 35 1.0
11 26 1 11 60 1.0
11 27 11 11 35 1.0
11 28 11 11 35 1.0
11 29 11 11 35 1.0
11 34 0 11 34 1.0
11 36 0 11 36 1.0
11 37 0 11 37 1.0
11 38 2 11 13 1.0
11 39 0 11 16 1.0
11 40 11 11 71 1.0
11 41 0 11 16 1.0
11 42 0 11 16 1.0
11 43 0 11 16 1.0
11 45 4 11 70 1.0
11 46 4 11 70 1.0
11 47 4 11 70 1.0
11 48 4 11 70 1.0
11 49 4 11 70 1.0
11 50 5 11 71 1.0
11 51 6 11 72 1.0
11 52 4 11 35 1.0
11 53 4 11 35 1.0
11 54 4 11 35 1.0
11 55 4 11 35 1.0
11 56 2 11 33 1.0
11 57 2 11 33 1.0
11 58 4 11 35 1.0
11 59 0 11 59 1.0
11 61 0 11 61 1.0
11 62 0 11 62 1.0
11 63 0 11 63 1.0
11 64 0 11 64 1.0
11 65 0 11 65 1.0
11 66 0 11 66 1.0
11 67 0 11 67 1.0
11 68 0 11 68 1.0
11 69 0 11 69 1.0
11 72 0 11 72 1.0
11 75 14 11 13 1.0
11 76 14 11 13 1.0
11 77 1 11 16 1.0
11 78 1 11 16 1.0
11 79 5 11 16 1.0
12 0 12 12 60 1.0
12 1 87 12 43 1.0
12 2 5 12 59 1.0
12 6 0 12 6 1.0
12 8 0 12 8 1.0
12 9 0 12 9 1.0
12 10 0 12 10 1.0
12 11 0 12 11 1.0
12 13 24 12 70 1.0
12 14 26 12 72 1.0
12 15 26 12 72 1.0
12 17 25 12 71 1.0
12 18 102 12 66 1.0
12 19 101 12 66 1.0
12 20 102 12 66 1.0
12 21 102 12 66 1.0
12 22 102 12 66 1.0
12 23 101 12 66 1.0
12 24 1 12 60 1.0
12 25 1 12 60 1.0
12 26 2 12 61 1.0
12 27 0 12 59 1.0
12 28 1 12 60 1.0
12 29 0 12 59 1.0
12 32 12 12 11 1.0
12 33 12 12 11 1.0
12 34 8 12 7 1.0
12 35 12 12 11 1.0
12 36 8 12 7 1.0
12 37 8 12 7 1.0
12 38 0 12 38 1.0
12 39 0 12 39 1.0
12 40 0 12 40 1.0
12 41 0 12 41 1.0
12 42 0 12 42 1.0
12 45 13 12 72 1.0
12 46 13 12 72 1.0
12 47 12 12 71 1.0
12 48 11 12 70 1.0
12 49 13 12 72 1.0
12 50 7 12 66 1.0
12 51 12 12 71 1.0
12 52 137 12 11 1.0
12 53 121 12 9 1.0
12 54 137 12 11 1.0
12 55 135 12 11 1.0
12 56 110 12 7 1.0
12 57 121 12 9 1.0
12 58 137 12 11 1.0
12 59 0 12 59 1.0
12 60 0 12 60 1.0
12 61 0 12 61 1.0
12 62 0 12 62 1.0
12 63 0 12 63 1.0
12 64 0 12 64 1.0
12 65 0 12 65 1.0
12 66 0 12 66 1.0
12 67 0 12 67 1.0
12 68 0 12 68 1.0
12 69 0 12 69 1.0
12 70 0 12 70 1.0
12 73 5 12 43 1.0
12 74 6 12 44 1.0
12 75 5 12 43 1.0
12 76 5 12 43 1.0
12 77 1 12 39 1.0
12 78 1 12 39 1.0
12 79 1 12 39 1.0
13 1 52 13 38 1.0
13 2 53 13 38 1.0
13 8 0 13 8 1.0
13 10 0 13 10 1.0
13 11 0 13 11 1.0
13 12 26 13 72 1.0
13 14 26 13 72 1.0
13 15 25 13 71 1.0
13 19 143 13 72 1.0
13 20 127 13 70 1.0
13 21 102 13 66 1.0
13 23 143 13 72 1.0
13 26 4 13 63 1.0
13 27 3 13 62 1.0
13 35 12 13 11 1.0
13 36 10 13 9 1.0
13 37 8 13 7 1.0
13 39 0 13 39 1.0
13 40 0 13 40 1.0
13 41 0 13 41 1.0
13 43 0 13 43 1.0
13 47 12 13 71 1.0
13 50 7 13 66 1.0
13 51 12 13 71 1.0
13 53 137 13 11 1.0
13 54 135 13 11 1.0
13 55 109 13 7 1.0
13 56 137 13 11 1.0
13 57 137 13 11 1.0
13 58 137 13 11 1.0
13 59 0 13 59 1.0
13 60 0 13 60 1.0
13 61 0 13 61 1.0
13 64 0 13 64 1.0
13 65 0 13 65 1.0
13 66 0 13 66 1.0
13 67 0 13 67 1.0
13 68 0 13 68 1.0
13 70 0 13 70 1.0
13 74 0 13 38 1.0
13 75 0 13 38 1.0
13 76 0 13 38 1.0
13 77 0 13 38 1.0
13 78 0 13 38 1.0
14 0 71 14 41 1.0
14 1 78 14 42 1.0
14 2 92 14 44 1.0
14 3 33 14 63 1.0
14 4 71 14 41 1.0
14 5 50 14 38 1.0
14 6 0 14 6 1.0
14 7 0 14 7 1.0
14 8 0 14 8 1.0
14 9 0 14 9 1.0
14 10 0 14 10 1.0
14 11 0 14 11 1.0
14 12 24 14 70 1.0
14 13 22 14 68 1.0
14 15 21 14 67 1.0
14 16 16 14 8 1.0
14 17 24 14 70 1.0
14 18 129 14 70 1.0
14 19 144 14 72 1.0
14 20 135 14 71 1.0
14 21 123 14 69 1.0
14 22 143 14 72 1.0
14 23 144 14 72 1.0
14 24 3 14 62 1.0
14 25 0 14 59 1.0
14 26 0 14 59 1.0
14 27 1 14 60 1.0
14 28 5 14 64 1.0
14 29 6 14 65 1.0
14 30 2 14 61 1.0
14 31 12 14 11 1.0
14 32 0 14 59 1.0
14 33 8 14 7 1.0
14 34 12 14 11 1.0
14 35 11 14 10 1.0
14 36 11 14 10 1.0
14 37 0 14 59 1.0
14 38 0 14 38 1.0
14 39 0 14 39 1.0
14 40 0 14 40 1.0
14 41 0 14 41 1.0
14 42 0 14 42 1.0
14 43 0 14 43 1.0
14 44 0 14 44 1.0
14 45 1 14 39 1.0
14 46 7 14 66 1.0
14 47 13 14 72 1.0
14 48 12 14 71 1.0
14 49 11 14 70 1.0
14 50 12 14 71 1.0
14 51 8 14 67 1.0
14 52 107 14 7 1.0
14 53 137 14 11 1.0
14 54 135 14 11 1.0
14 55 137 14 11 1.0
14 56 137 14 11 1.0
14 57 135 14 11 1.0
14 58 108 14 7 0.125
14 58 137 14 11 0.875
14 59 0 14 59 1.0
14 60 0 14 60 1.0
14 61 0 14 61 1.0
14 62 0 14 62 1.0
14 63 0 14 63 1.0
14 64 0 14 64 1.0
14 65 0 14 65 1.0
14 66 0 14 66 1.0
14 67 0 14 67 1.0
14 68 0 14 68 1.0
14 69 0 14 69 1.0
14 70 0 14 70 1.0
14 71 0 14 71 1.0
14 72 0 14 72 1.0
14 73 1 14 39 1.0
14 74 3 14 41 1.0
14 75 0 14 38 1.0
14 76 0 14 38 1.0
14 77 3 14 41 1.0
14 78 3 14 41 1.0
14 79 0 14 38 1.0
15 0 56 15 39 1.0
15 1 92 15 44 1.0
15 2 5 15 59 1.0
15 3 33 15 63 1.0
15 4 58 15 39 1.0
15 5 49 15 38 1.0
15 6 0 15 6 1.0
15 7 0 15 7 1.0
15 8 0 15 8 1.0
15 9 0 15 9 1.0
15 10 0 15 10 1.0
15 11 0 15 11 1.0
15 12 25 15 71 1.0
15 13 25 15 71 1.0
15 14 20 15 66 1.0
15 16 16 15 8 1.0
15 17 25 15 71 1.0
15 18 101 15 66 1.0
15 19 144 15 72 1.0
15 20 135 15 71 1.0
15 21 130 15 70 1.0
15 22 143 15 72 1.0
15 23 135 15 71 1.0
15 24 2 15 61 1.0
15 25 1 15 60 1.0
15 26 1 15 60 1.0
15 27 2 15 61 1.0
15 28 3 15 62 1.0
15 29 0 15 59 1.0
15 30 4 15 63 1.0
15 31 12 15 11 1.0
15 32 1 15 60 1.0
15 33 8 15 7 1.0
15 34 12 15 11 1.0
15 35 11 15 10 1.0
15 36 11 15 10 1.0
15 37 12 15 11 1.0
15 38 0 15 38 1.0
15 39 0 15 39 1.0
15 40 0 15 40 1.0
15 41 0 15 41 1.0
15 42 0 15 42 1.0
15 43 0 15 43 1.0
15 44 0 15 44 1.0
15 45 0 15 38 1.0
15 46 5 15 43 1.0
15 47 13 15 72 1.0
15 48 12 15 71 1.0
15 49 11 15 70 1.0
15 50 12 15 71 1.0
15 51 12 15 71 1.0
15 52 121 15 9 1.0
15 53 108 15 7 1.0
15 54 137 15 11 1.0
15 55 133 15 11 1.0
15 56 121 15 9 1.0
15 57 134 15 11 1.0
15 58 112 15 8 1.0
15 59 0 15 59 1.0
15 60 0 15 60 1.0
15 61 0 15 61 1.0
15 62 0 15 62 1.0
15 63 0 15 63 1.0
15 64 0 15 64 1.0
15 65 0 15 65 1.0
15 66 0 15 66 1.0
15 67 0 15 67 1.0
15 68 0 15 68 1.0
15 69 0 15 69 1.0
15 70 0 15 70 1.0
15 71 0 15 71 1.0
15 72 0 15 72 1.0
15 73 6 15 44 1.0
15 74 5 15 43 1.0
15 75 0 15 38 1.0
15 76 1 15 39 1.0
15 77 0 15 38 1.0
15 78 0 15 38 1.0
15 79 3 15 41 1.0
16 0 5 16 59 1.0
16 1 57 16 39 1.0
16 2 85 16 43 1.0
16 6 0 16 6 1.0
16 9 0 16 9 1.0
16 10 0 16 10 1.0
16 11 0 16 11 1.0
16 12 19 16 11 1.0
16 13 19 16 11 1.0
16 14 19 16 11 1.0
16 15 18 16 10 1.0
16 17 19 16 11 1.0
16 21 102 16 66 1.0
16 23 143 16 72 1.0
16 24 0 16 59 1.0
16 25 0 16 59 1.0
16 26 5 16 64 1.0
16 27 1 16 60 1.0
16 29 0 16 59 1.0
16 31 12 16 11 1.0
16 32 12 16 11 1.0
16 33 12 16 11 1.0
16 35 12 16 11 1.0
16 36 9 16 8 1.0
16 37 8 16 7 1.0
16 38 0 16 38 1.0
16 40 0 16 40 1.0
16 41 0 16 41 1.0
16 43 0 16 43 1.0
16 45 1 16 39 1.0
16 46 13 16 72 1.0
16 47 12 16 71 1.0
16 48 11 16 70 1.0
16 49 13 16 72 1.0
16 50 7 16 66 1.0
16 51 4 16 42 1.0
16 52 137 16 11 1.0
16 53 138 16 11 1.0
16 54 133 16 11 1.0
16 55 135 16 11 1.0
16 56 129 16 10 1.0
16 57 139 16 11 1.0
16 58 135 16 11 1.0
16 60 0 16 60 1.0
16 61 0 16 61 1.0
16 62 0 16 62 1.0
16 63 0 16 63 1.0
16 64 0 16 64 1.0
16 65 0 16 65 1.0
16 66 0 16 66 1.0
16 67 0 16 67 1.0
16 68 0 16 68 1.0
16 69 0 16 69 1.0
16 71 0 16 71 1.0
16 74 1 16 39 1.0
16 77 5 16 43 1.0
16 78 5 16 43 1.0
16 79 5 16 43 1.0
17 1 12 17 60 1.0
17 2 5 17 59 1.0
17 4 5 17 59 1.0
17 8 0 17 8 1.0
17 10 0 17 10 1.0
17 11 0 17 11 1.0
17 12 24 17 70 1.0
17 13 24 17 70 1.0
17 14 26 17 72 1.0
17 15 25 17 71 1.0
17 16 16 17 8 1.0
17 18 143 17 72 1.0
17 20 102 17 66 1.0
17 21 102 17 66 1.0
17 22 102 17 66 1.0
17 23 101 17 66 1.0
17 25 1 17 60 1.0
17 26 5 17 64 1.0
17 27 2 17 61 1.0
17 28 1 17 60 1.0
17 29 0 17 59 1.0
17 32 12 17 11 1.0
17 33 12 17 11 1.0
17 34 8 17 7 1.0
17 36 10 17 9 1.0
17 37 8 17 7 1.0
17 38 0 17 38 1.0
17 39 0 17 39 1.0
17 40 0 17 40 1.0
17 41 0 17 41 1.0
17 43 0 17 43 1.0
17 45 4 17 42 1.0
17 46 13 17 72 1.0
17 47 12 17 71 1.0
17 49 13 17 72 1.0
17 50 7 17 66 1.0
17 51 12 17 71 1.0
17 52 137 17 11 1.0
17 53 108 17 7 1.0
17 54 123 17 9 1.0
17 55 112 17 8 1.0
17 56 122 17 9 1.0
17 57 121 17 9 1.0
17 58 135 17 11 1.0
17 59 0 17 59 1.0
17 60 0 17 60 1.0
17 61 0 17 61 1.0
17 62 0 17 62 1.0
17 63 0 17 63 1.0
17 64 0 17 64 1.0
17 65 0 17 65 1.0
17 66 0 17 66 1.0
17 67 0 17 67 1.0
17 68 0 17 68 1.0
17 69 0 17 69 1.0
17 74 6 17 44 1.0
17 76 5 17 43 1.0
17 77 0 17 38 1.0
17 78 1 17 39 1.0
17 79 1 17 39 1.0
18 1 0 18 1 1.0
18 2 0 18 2 1.0
18 5 0 18 5 1.0
18 8 76 18 48 1.0
18 9 70 18 48 1.0
18 10 70 18 48 1.0
18 11 18 18 52 1.0
18 12 12 18 76 1.0
18 13 7 18 76 1.0
18 14 0 18 75 1.0
18 15 12 18 76 1.0
18 19 3 18 76 1.0
18 22 3 18 76 1.0
18 24 3 18 52 1.0
18 25 10 18 3 1.0
18 26 12 18 5 1.0
18 27 1 18 0 1.0
18 30 10 18 3 1.0
18 32 6 18 58 1.0
18 33 2 18 52 1.0
18 34 2 18 52 1.0
18 36 2 18 52 1.0
18 37 2 18 52 1.0
18 38 1 18 76 1.0
18 40 6 18 73 1.0
18 41 6 18 73 1.0
18 43 1 18 76 1.0
18 44 10 18 48 1.0
18 45 0 18 45 1.0
18 46 0 18 46 1.0
18 47 0 18 47 1.0
18 49 0 18 49 1.0
18 50 0 18 50 1.0
18 51 0 18 51 1.0
18 52 0 18 52 1.0
18 53 0 18 53 1.0
18 54 0 18 54 1.0
18 55 0 18 55 1.0
18 56 0 18 56 1.0
18 57 0 18 57 1.0
18 58 0 18 58 1.0
18 59 124 18 3 1.0
18 61 19 18 0 1.0
18 62 19 18 0 1.0
18 63 130 18 4 1.0
18 64 121 18 3 1.0
18 65 123 18 3 1.0
18 66 3 18 48 1.0
18 67 0 18 45 1.0
18 68 4 18 49 1.0
18 69 0 18 45 1.0
18 72 3 18 48 1.0
18 74 0 18 74 1.0
18 75 0 18 75 1.0
18 77 0 18 77 1.0
18 78 0 18 78 1.0
18 79 0 18 79 1.0
19 0 0 19 0 1.0
19 1 0 19 1 1.0
19 2 0 19 2 1.0
19 3 0 19 3 1.0
19 4 0 19 4 1.0
19 5 0 19 5 1.0
19 6 49 19 45 1.0
19 7 41 19 57 1.0
19 9 37 19 57 1.0
19 10 81 19 49 1.0
19 11 18 19 52 1.0
19 12 12 19 76 1.0
19 13 7 19 76 1.0
19 14 12 19 76 1.0
19 15 12 19 76 1.0
19 20 2 19 75 0.140625
19 20 5 19 74 0.859375
19 22 2 19 75 1.0
19 23 3 19 76 1.0
19 24 8 19 1 1.0
19 25 8 19 1 1.0
19 26 4 19 54 1.0
19 27 3 19 52 1.0
19 28 10 19 3 1.0
19 29 4 19 54 1.0
19 30 9 19 2 1.0
19 31 3 19 54 1.0
19 32 3 19 54 1.0
19 34 2 19 52 1.0
19 36 2 19 52 1.0
19 37 2 19 52 1.0
19 38 1 19 76 1.0
19 39 1 19 76 1.0
19 40 0 19 75 1.0
19 41 4 19 77 1.0
19 42 3 19 79 1.0
19 43 1 19 76 1.0
19 44 4 19 77 1.0
19 45 0 19 45 1.0
19 50 0 19 50 1.0
19 51 0 19 51 1.0
19 53 0 19 53 1.0
19 54 0 19 54 1.0
19 55 0 19 55 1.0
19 56 0 19 56 1.0
19 57 0 19 57 1.0
19 58 0 19 58 1.0
19 61 124 19 3 1.0
19 62 124 19 3 1.0
19 63 128 19 4 1.0
19 64 117 19 2 1.0
19 65 117 19 2 1.0
19 66 3 19 48 1.0
19 67 2 19 47 1.0
19 68 1 19 46 1.0
19 69 4 19 49 1.0
19 70 4 19 49 1.0
19 71 1 19 46 1.0
19 72 3 19 48 1.0
19 73 0 19 73 1.0
19 74 0 19 74 1.0
19 77 0 19 77 1.0
19 78 0 19 78 1.0
19 79 0 19 79 1.0
20 0 0 20 0 1.0
20 1 0 20 1 1.0
20 2 0 20 2 1.0
20 3 0 20 3 1.0
20 4 0 20 4 1.0
20 5 0 20 5 1.0
20 6 90 20 50 1.0
20 7 93 20 51 1.0
20 8 74 20 48 1.0
20 9 85 20 50 1.0
20 10 12 20 53 1.0
20 11 18 20 52 1.0
20 14 47 20 73 1.0
20 15 19 20 74 1.0
20 18 3 20 76 1.0
20 19 3 20 76 0.34375
20 19 5 20 74 0.65625
20 21 3 20 76 1.0
20 22 2 20 75 1.0
20 23 2 20 75 1.0
20 24 9 20 2 0.25
20 24 10 20 3 0.21875
20 24 11 20 4 0.234375
20 24 12 20 5 0.296875
20 25 8 20 1 1.0
20 26 4 20 54 1.0
20 27 8 20 1 1.0
20 28 10 20 3 1.0
20 29 9 20 2 1.0
20 30 9 20 2 1.0
20 31 3 20 54 1.0
20 32 3 20 54 1.0
20 33 2 20 52 1.0
20 35 2 20 52 1.0
20 40 10 20 48 1.0
20 41 3 20 79 1.0
20 42 4 20 77 1.0
20 44 12 20 50 1.0
20 45 0 20 45 1.0
20 47 0 20 47 1.0
20 49 0 20 49 1.0
20 50 0 20 50 1.0
20 51 0 20 51 1.0
20 53 0 20 53 1.0
20 54 0 20 54 1.0
20 55 0 20 55 1.0
20 56 0 20 56 1.0
20 57 0 20 57 1.0
20 58 0 20 58 1.0
20 60 124 20 3 1.0
20 62 124 20 3 1.0
20 63 128 20 4 1.0
20 64 138 20 5 1.0
20 65 131 20 4 1.0
20 66 3 20 48 1.0
20 67 4 20 49 1.0
20 68 4 20 49 1.0
20 69 1 20 46 1.0
20 70 4 20 49 1.0
20 71 1 20 46 1.0
20 72 4 20 49 1.0
20 73 0 20 73 1.0
20 74 0 20 74 1.0
20 77 0 20 77 1.0
20 78 0 20 78 1.0
20 79 0 20 79 1.0
21 1 0 21 1 1.0
21 2 0 21 2 1.0
21 4 0 21 4 1.0
21 7 18 21 52 1.0
21 8 76 21 48 1.0
21 10 18 21 52 1.0
21 11 18 21 52 1.0
21 13 7 21 76 1.0
21 14 14 21 74 1.0
21 15 14 21 74 1.0
21 17 7 21 76 1.0
21 18 3 21 76 1.0
21 19 3 21 76 1.0
21 20 2 21 75 1.0
21 23 3 21 76 1.0
21 24 3 21 52 1.0
21 25 10 21 3 1.0
21 26 3 21 52 1.0
21 27 1 21 0 1.0
21 28 10 21 3 1.0
21 30 10 21 3 1.0
21 31 6 21 58 1.0
21 32 2 21 52 1.0
21 33 2 21 52 1.0
21 34 2 21 52 1.0
21 35 2 21 52 1.0
21 37 2 21 52 1.0
21 39 1 21 76 1.0
21 40 0 21 75 1.0
21 41 10 21 48 1.0
21 42 2 21 74 1.0
21 43 2 21 74 1.0
21 44 10 21 48 1.0
21 45 0 21 45 1.0
21 47 0 21 47 1.0
21 49 0 21 49 1.0
21 50 0 21 50 1.0
21 51 0 21 51 1.0
21 52 0 21 52 1.0
21 53 0 21 53 1.0
21 54 0 21 54 1.0
21 55 0 21 55 1.0
21 56 0 21 56 1.0
21 57 0 21 57 1.0
21 58 0 21 58 1.0
21 61 124 21 3 1.0
21 62 124 21 3 1.0
21 63 123 21 3 1.0
21 64 121 21 3 1.0
21 65 123 21 3 1.0
21 66 3 21 48 1.0
21 67 4 21 49 1.0
21 68 4 21 49 1.0
21 69 1 21 46 1.0
21 72 3 21 48 1.0
21 73 0 21 73 1.0
21 76 0 21 76 1.0
21 77 0 21 77 1.0
21 78 0 21 78 1.0
21 79 0 21 79 1.0
22 0 0 22 0 1.0
22 1 0 22 1 1.0
22 2 0 22 2 1.0
22 5 0 22 5 1.0
22 7 70 22 48 1.0
22 8 76 22 48 1.0
22 9 18 22 52 1.0
22 10 70 22 48 1.0
22 11 18 22 52 1.0
22 14 0 22 75 1.0
22 15 0 22 75 1.0
22 21 10 22 73 1.0
22 23 3 22 76 1.0
22 24 3 22 52 1.0
22 25 3 22 52 1.0
22 26 6 22 57 1.0
22 27 10 22 3 1.0
22 29 3 22 52 1.0
22 32 2 22 52 1.0
22 33 2 22 52 1.0
22 34 2 22 52 1.0
22 35 2 22 52 1.0
22 36 2 22 52 1.0
22 39 1 22 76 1.0
22 40 11 22 49 1.0
22 41 1 22 76 1.0
22 44 10 22 48 1.0
22 45 0 22 45 1.0
22 46 0 22 46 1.0
22 47 0 22 47 1.0
22 50 0 22 50 1.0
22 51 0 22 51 1.0
22 53 0 22 53 1.0
22 54 0 22 54 1.0
22 55 0 22 55 1.0
22 56 0 22 56 1.0
22 57 0 22 57 1.0
22 58 0 22 58 1.0
22 61 124 22 3 1.0
22 62 124 22 3 1.0
22 63 125 22 3 1.0
22 64 130 22 4 1.0
22 65 123 22 3 1.0
22 66 3 22 48 1.0
22 67 1 22 46 1.0
22 68 1 22 46 1.0
22 69 4 22 49 1.0
22 70 3 22 48 1.0
22 71 4 22 49 1.0
22 72 4 22 49 1.0
22 73 0 22 73 1.0
22 74 0 22 74 1.0
22 77 0 22 77 1.0
22 78 0 22 78 1.0
22 79 0 22 79 1.0
23 0 0 23 0 1.0
23 1 0 23 1 1.0
23 2 0 23 2 1.0
23 3 0 23 3 1.0
23 4 0 23 4 1.0
23 5 0 23 5 1.0
23 6 93 23 51 1.0
23 7 9 23 53 1.0
23 8 83 23 49 1.0
23 9 55 23 45 1.0
23 10 19 23 52 1.0
23 11 4 23 55 1.0
23 14 47 23 73 1.0
23 15 12 23 76 1.0
23 17 7 23 76 1.0
23 18 3 23 76 1.0
23 19 3 23 76 1.0
23 20 3 23 76 1.0
23 21 3 23 76 1.0
23 24 2 23 53 0.796875
23 24 3 23 52 0.203125
23 25 8 23 1 1.0
23 26 8 23 1 1.0
23 27 12 23 5 1.0
23 29 1 23 0 1.0
23 30 9 23 2 1.0
23 31 4 23 56 1.0
23 32 4 23 56 1.0
23 40 0 23 75 1.0
23 41 4 23 77 1.0
23 42 3 23 79 1.0
23 44 12 23 50 1.0
23 45 0 23 45 1.0
23 46 0 23 46 1.0
23 48 0 23 48 1.0
23 49 0 23 49 1.0
23 50 0 23 50 1.0
23 51 0 23 51 1.0
23 53 0 23 53 1.0
23 54 0 23 54 1.0
23 55 0 23 55 1.0
23 56 0 23 56 1.0
23 57 0 23 57 1.0
23 58 0 23 58 1.0
23 59 124 23 3 1.0
23 61 124 23 3 1.0
23 62 124 23 3 1.0
23 63 117 23 2 1.0
23 64 20 23 0 1.0
23 65 111 23 1 1.0
23 66 2 23 47 1.0
23 67 1 23 46 1.0
23 68 1 23 46 1.0
23 69 1 23 46 1.0
23 70 4 23 49 1.0
23 71 1 23 46 1.0
23 72 1 23 46 1.0
23 73 0 23 73 1.0
23 74 0 23 74 1.0
23 77 0 23 77 1.0
23 78 0 23 78 1.0
23 79 0 23 79 1.0
24 0 0 24 0 1.0
24 1 0 24 1 1.0
24 2 0 24 2 1.0
24 3 0 24 3 1.0
24 4 0 24 4 1.0
24 5 0 24 5 1.0
24 6 6 24 65 1.0
24 7 6 24 65 1.0
24 9 3 24 62 1.0
24 10 13 24 37 1.0
24 14 2 24 61 1.0
24 15 3 24 62 1.0
24 19 8 24 1 1.0
24 20 9 24 2 1.0
24 23 2 24 53 0.796875
24 23 3 24 52 0.203125
24 25 6 24 57 0.984375
24 25 26 24 37 0.015625
24 26 24 24 35 1.0
24 27 26 24 37 1.0
24 28 26 24 37 1.0
24 29 26 24 37 1.0
24 30 23 24 34 1.0
24 31 0 24 31 1.0
24 32 0 24 32 1.0
24 33 0 24 33 1.0
24 39 48 24 60 1.0
24 40 50 24 60 1.0
24 41 81 24 65 1.0
24 42 64 24 62 1.0
24 43 42 24 59 1.0
24 44 31 24 4 1.0
24 45 37 24 56 1.0
24 50 29 24 52 1.0
24 51 4 24 55 1.0
24 53 0 24 53 1.0
24 54 0 24 54 1.0
24 55 0 24 55 1.0
24 56 0 24 56 1.0
24 57 0 24 57 1.0
24 58 0 24 58 1.0
24 62 0 24 62 1.0
24 63 0 24 63 1.0
24 64 0 24 64 1.0
24 65 0 24 65 1.0
24 67 110 24 35 1.0
24 68 107 24 34 1.0
24 69 122 24 37 1.0
24 70 119 24 36 1.0
24 71 73 24 65 1.0
24 72 110 24 35 1.0
24 73 2 24 2 1.0
24 74 2 24 2 1.0
24 77 3 24 3 1.0
24 78 3 24 3 1.0
24 79 3 24 3 1.0
25 0 0 25 0 1.0
25 1 0 25 1 1.0
25 2 0 25 2 1.0
25 3 0 25 3 1.0
25 4 0 25 4 1.0
25 5 0 25 5 1.0
25 6 6 25 65 1.0
25 7 6 25 65 1.0
25 8 1 25 60 1.0
25 9 6 25 65 1.0
25 10 4 25 63 1.0
25 11 11 25 35 1.0
25 12 2 25 61 1.0
25 14 2 25 61 1.0
25 15 2 25 61 1.0
25 16 1 25 60 1.0
25 17 1 25 60 1.0
25 18 3 25 52 1.0
25 19 8 25 1 1.0
25 20 9 25 2 0.328125
25 20 10 25 3 0.359375
25 20 11 25 4 0.3125
25 21 0 25 55 1.0
25 22 12 25 5 1.0
25 23 8 25 1 1.0
25 24 6 25 57 1.0
25 26 0 25 55 1.0
25 27 0 25 55 1.0
25 28 0 25 55 1.0
25 29 0 25 55 1.0
25 30 23 25 34 1.0
25 31 0 25 31 1.0
25 32 0 25 32 1.0
25 33 0 25 33 1.0
25 34 0 25 34 1.0
25 35 0 25 35 1.0
25 36 0 25 36 1.0
25 37 0 25 37 1.0
25 38 44 25 59 1.0
25 39 42 25 59 1.0
25 40 50 25 60 1.0
25 41 65 25 62 1.0
25 42 13 25 1 1.0
25 43 50 25 60 1.0
25 44 12 25 1 1.0
25 45 32 25 54 1.0
25 46 25 25 52 1.0
25 47 25 25 52 1.0
25 48 25 25 52 1.0
25 49 29 25 52 1.0
25 50 25 25 52 1.0
25 51 29 25 52 1.0
25 52 0 25 52 1.0
25 53 0 25 53 1.0
25 54 0 25 54 1.0
25 56 0 25 56 1.0
25 57 0 25 57 1.0
25 58 0 25 58 1.0
25 59 0 25 59 1.0
25 60 0 25 60 1.0
25 61 0 25 61 1.0
25 62 0 25 62 1.0
25 63 0 25 63 1.0
25 64 0 25 64 1.0
25 65 0 25 65 1.0
25 67 118 25 36 1.0
25 68 118 25 36 1.0
25 69 100 25 33 1.0
25 70 101 25 33 1.0
25 71 61 25 64 1.0
25 72 86 25 31 1.0
25 73 4 25 4 1.0
25 74 2 25 2 1.0
25 75 4 25 4 1.0
25 76 0 25 0 1.0
25 77 0 25 0 1.0
25 78 1 25 1 1.0
25 79 3 25 3 1.0
26 0 0 26 0 1.0
26 1 0 26 1 1.0
26 2 0 26 2 1.0
26 3 0 26 3 1.0
26 4 0 26 4 1.0
26 5 0 26 5 1.0
26 6 2 26 61 1.0
26 7 11 26 35 1.0
26 8 6 26 65 1.0
26 9 0 26 59 1.0
26 10 1 26 60 1.0
26 11 11 26 35 1.0
26 12 0 26 59 1.0
26 13 1 26 60 1.0
26 14 5 26 64 1.0
26 15 0 26 59 1.0
26 16 6 26 65 1.0
26 17 6 26 65 1.0
26 18 8 26 1 1.0
26 19 9 26 2 1.0
26 20 9 26 2 1.0
26 21 5 26 56 1.0
26 22 6 26 57 1.0
26 23 7 26 58 1.0
26 24 22 26 33 1.0
26 25 6 26 57 0.453125
26 25 26 26 37 0.546875
26 27 6 26 57 1.0
26 28 20 26 31 1.0
26 29 6 26 57 1.0
26 30 0 26 55 1.0
26 31 0 26 31 1.0
26 32 0 26 32 1.0
26 33 0 26 33 1.0
26 34 0 26 34 1.0
26 35 0 26 35 1.0
26 36 0 26 36 1.0
26 37 0 26 37 1.0
26 38 1 26 0 1.0
26 39 1 26 0 1.0
26 40 68 26 63 1.0
26 41 42 26 59 1.0
26 42 83 26 65 1.0
26 43 2 26 0 1.0
26 44 47 26 59 1.0
26 45 0 26 55 1.0
26 46 33 26 54 1.0
26 47 35 26 54 1.0
26 48 46 26 57 1.0
26 49 30 26 52 1.0
26 50 4 26 55 1.0
26 51 27 26 52 1.0
26 52 0 26 52 1.0
26 53 0 26 53 1.0
26 54 0 26 54 1.0
26 55 0 26 55 1.0
26 56 0 26 56 1.0
26 57 0 26 57 1.0
26 58 0 26 58 1.0
26 59 0 26 59 1.0
26 60 0 26 60 1.0
26 61 0 26 61 1.0
26 62 0 26 62 1.0
26 63 0 26 63 1.0
26 64 0 26 64 1.0
26 65 0 26 65 1.0
26 66 113 26 35 1.0
26 67 113 26 35 1.0
26 68 113 26 35 1.0
26 69 124 26 37 1.0
26 70 122 26 37 1.0
26 71 125 26 37 1.0
26 72 98 26 33 1.0
26 73 5 26 5 1.0
26 74 3 26 3 1.0
26 75 3 26 3 1.0
26 76 4 26 4 1.0
26 77 3 26 3 1.0
26 78 2 26 2 1.0
26 79 2 26 2 1.0
27 0 0 27 0 1.0
27 1 0 27 1 1.0
27 2 0 27 2 1.0
27 3 0 27 3 1.0
27 4 0 27 4 1.0
27 5 0 27 5 1.0
27 6 1 27 60 1.0
27 7 0 27 59 1.0
27 8 1 27 60 1.0
27 9 10 27 34 1.0
27 10 1 27 60 1.0
27 11 11 27 35 1.0
27 12 0 27 59 1.0
27 13 1 27 60 1.0
27 14 1 27 60 1.0
27 15 0 27 59 1.0
27 16 0 27 59 1.0
27 17 0 27 59 1.0
27 18 11 27 4 1.0
27 19 3 27 52 1.0
27 20 3 27 52 1.0
27 21 12 27 5 1.0
27 22 10 27 3 1.0
27 23 9 27 2 1.0
27 24 22 27 33 1.0
27 25 26 27 37 1.0
27 26 5 27 56 1.0
27 28 20 27 31 1.0
27 29 3 27 52 1.0
27 30 22 27 33 1.0
27 31 0 27 31 1.0
27 32 0 27 32 1.0
27 33 0 27 33 1.0
27 34 0 27 34 1.0
27 35 0 27 35 1.0
27 36 0 27 36 1.0
27 37 0 27 37 1.0
27 38 53 27 60 1.0
27 39 50 27 60 1.0
27 40 42 27 59 1.0
27 41 36 27 5 1.0
27 42 53 27 60 1.0
27 43 49 27 60 1.0
27 44 50 27 60 1.0
27 45 30 27 52 1.0
27 46 26 27 52 1.0
27 47 27 27 52 1.0
27 48 28 27 52 1.0
27 49 26 27 52 1.0
27 50 44 27 57 1.0
27 51 4 27 55 1.0
27 52 0 27 52 1.0
27 53 0 27 53 1.0
27 54 0 27 54 1.0
27 55 0 27 55 1.0
27 56 0 27 56 1.0
27 57 0 27 57 1.0
27 58 0 27 58 1.0
27 59 0 27 59 1.0
27 60 0 27 60 1.0
27 61 0 27 61 1.0
27 62 0 27 62 1.0
27 63 0 27 63 1.0
27 64 0 27 64 1.0
27 65 0 27 65 1.0
27 66 113 27 35 1.0
27 67 118 27 36 1.0
27 68 121 27 37 1.0
27 69 124 27 37 1.0
27 70 86 27 31 1.0
27 71 113 27 35 1.0
27 72 89 27 31 1.0
27 73 0 27 0 1.0
27 74 2 27 2 1.0
27 75 5 27 5 1.0
27 76 5 27 5 1.0
27 77 0 27 0 1.0
27 78 0 27 0 1.0
27 79 4 27 4 1.0
28 0 0 28 0 1.0
28 1 0 28 1 1.0
28 2 0 28 2 1.0
28 4 0 28 4 1.0
28 8 1 28 60 1.0
28 10 1 28 60 1.0
28 11 11 28 35 1.0
28 12 2 28 61 1.0
28 13 1 28 60 1.0
28 14 6 28 65 1.0
28 15 3 28 62 1.0
28 16 1 28 60 1.0
28 18 10 28 3 1.0
28 19 10 28 3 1.0
28 20 10 28 3 1.0
28 21 10 28 3 1.0
28 22 10 28 3 1.0
28 24 22 28 33 1.0
28 25 24 28 35 1.0
28 26 26 28 37 1.0
28 27 20 28 31 1.0
28 29 26 28 37 1.0
28 32 0 28 32 1.0
28 33 0 28 33 1.0
28 34 0 28 34 1.0
28 36 0 28 36 1.0
28 38 50 28 60 1.0
28 39 48 28 60 1.0
28 40 35 28 5 1.0
28 41 28 28 4 1.0
28 42 48 28 60 1.0
28 45 25 28 52 1.0
28 46 25 28 52 1.0
28 47 25 28 52 1.0
28 49 29 28 52 1.0
28 50 28 28 52 1.0
28 51 49 28 58 1.0
28 52 0 28 52 1.0
28 53 0 28 53 1.0
28 54 0 28 54 1.0
28 55 0 28 55 1.0
28 56 0 28 56 1.0
28 57 0 28 57 1.0
28 58 0 28 58 1.0
28 59 0 28 59 1.0
28 60 0 28 60 1.0
28 61 0 28 61 1.0
28 62 0 28 62 1.0
28 63 0 28 63 1.0
28 64 0 28 64 1.0
28 65 0 28 65 1.0
28 66 119 28 36 1.0
28 67 98 28 33 1.0
28 68 103 28 34 1.0
28 69 95 28 32 1.0
28 71 113 28 35 1.0
28 72 113 28 35 1.0
28 73 5 28 5 1.0
28 76 3 28 3 1.0
28 77 0 28 0 1.0
28 78 4 28 4 1.0
28 79 4 28 4 1.0
29 0 0 29 0 1.0
29 1 0 29 1 1.0
29 2 0 29 2 1.0
29 3 0 29 3 1.0
29 4 0 29 4 1.0
29 5 0 29 5 1.0
29 6 3 29 62 1.0
29 7 2 29 61 1.0
29 9 1 29 60 1.0
29 10 1 29 60 1.0
29 11 11 29 35 1.0
29 13 0 29 59 1.0
29 14 6 29 65 1.0
29 15 1 29 60 1.0
29 17 1 29 60 1.0
29 18 3 29 52 1.0
29 19 4 29 54 1.0
29 20 8 29 1 1.0
29 21 10 29 3 1.0
29 22 10 29 3 1.0
29 23 6 29 57 1.0
29 24 22 29 33 1.0
29 25 26 29 37 1.0
29 26 26 29 37 1.0
29 27 26 29 37 1.0
29 28 20 29 31 1.0
29 30 26 29 37 1.0
29 31 0 29 31 1.0
29 32 0 29 32 1.0
29 33 0 29 33 1.0
29 34 0 29 34 1.0
29 35 0 29 35 1.0
29 36 0 29 36 1.0
29 37 0 29 37 1.0
29 38 44 29 59 1.0
29 39 42 29 59 1.0
29 40 22 29 3 1.0
29 41 47 29 59 1.0
29 42 62 29 62 1.0
29 43 42 29 59 1.0
29 44 78 29 65 1.0
29 45 34 29 54 1.0
29 46 25 29 52 1.0
29 47 25 29 52 1.0
29 49 29 29 52 1.0
29 50 28 29 52 1.0
29 51 49 29 58 1.0
29 52 0 29 52 1.0
29 53 0 29 53 1.0
29 54 0 29 54 1.0
29 55 0 29 55 1.0
29 56 0 29 56 1.0
29 57 0 29 57 1.0
29 58 0 29 58 1.0
29 59 0 29 59 1.0
29 60 0 29 60 1.0
29 62 0 29 62 1.0
29 63 0 29 63 1.0
29 64 0 29 64 1.0
29 65 0 29 65 1.0
29 66 125 29 37 1.0
29 67 110 29 35 1.0
29 68 98 29 33 1.0
29 69 122 29 37 1.0
29 70 115 29 36 1.0
29 71 114 29 36 1.0
29 72 125 29 37 1.0
29 73 0 29 0 1.0
29 74 5 29 5 1.0
29 75 4 29 4 1.0
29 76 0 29 0 1.0
29 77 2 29 2 1.0
29 78 4 29 4 1.0
29 79 3 29 3 1.0
30 0 0 30 0 1.0
30 1 0 30 1 1.0
30 2 0 30 2 1.0
30 3 0 30 3 1.0
30 4 0 30 4 1.0
30 5 0 30 5 1.0
30 6 11 30 35 1.0
30 7 10 30 34 1.0
30 9 2 30 61 1.0
30 10 2 30 61 1.0
30 12 1 30 60 1.0
30 14 2 30 61 1.0
30 15 2 30 61 1.0
30 16 0 30 59 1.0
30 17 1 30 60 1.0
30 18 3 30 52 1.0
30 19 9 30 2 1.0
30 20 8 30 1 1.0
30 22 11 30 4 1.0
30 23 12 30 5 1.0
30 24 22 30 33 1.0
30 25 26 30 37 1.0
30 26 5 30 56 1.0
30 27 25 30 36 1.0
30 28 25 30 36 1.0
30 29 0 30 55 1.0
30 31 0 30 31 1.0
30 32 0 30 32 1.0
30 38 50 30 60 1.0
30 39 48 30 60 1.0
30 40 62 30 62 1.0
30 41 66 30 63 1.0
30 42 40 30 5 1.0
30 43 42 30 59 1.0
30 44 5 30 0 1.0
30 45 33 30 54 1.0
30 50 25 30 52 1.0
30 51 30 30 52 1.0
30 52 0 30 52 1.0
30 53 0 30 53 1.0
30 54 0 30 54 1.0
30 57 0 30 57 1.0
30 58 0 30 58 1.0
30 61 0 30 61 1.0
30 63 0 30 63 1.0
30 64 0 30 64 1.0
30 65 0 30 65 1.0
30 66 113 30 35 1.0
30 67 101 30 33 1.0
30 68 116 30 36 1.0
30 69 122 30 37 1.0
30 70 110 30 35 1.0
30 71 46 30 62 1.0
30 72 98 30 33 1.0
30 73 3 30 3 0.390625
30 73 4 30 4 0.375
30 73 5 30 5 0.234375
30 74 2 30 2 1.0
30 77 2 30 2 1.0
30 78 3 30 3 1.0
30 79 2 30 2 1.0
31 0 6 31 53 1.0
31 1 3 31 27 1.0
31 2 12 31 57 1.0
31 3 12 31 57 1.0
31 4 12 31 57 1.0
31 5 6 31 53 1.0
31 6 0 31 6 1.0
31 7 0 31 7 1.0
31 9 0 31 9 1.0
31 10 0 31 10 1.0
31 14 12 31 11 1.0
31 15 12 31 11 1.0
31 19 4 31 56 1.0
31 20 0 31 55 1.0
31 23 4 31 56 1.0
31 24 0 31 24 1.0
31 25 0 31 25 1.0
31 26 0 31 26 1.0
31 27 0 31 27 1.0
31 29 0 31 29 1.0
31 30 0 31 30 1.0
31 32 15 31 60 0.109375
31 32 19 31 64 0.890625
31 34 15 31 60 1.0
31 36 14 31 59 1.0
31 39 6 31 60 1.0
31 40 2 31 59 1.0
31 41 112 31 11 1.0
31 42 81 31 9 1.0
31 43 6 31 60 1.0
31 44 96 31 10 1.0
31 45 49 31 7 1.0
31 50 77 31 11 1.0
31 51 62 31 8 1.0
31 53 0 31 53 1.0
31 54 0 31 54 1.0
31 56 0 31 56 1.0
31 57 0 31 57 1.0
31 58 0 31 58 1.0
31 59 0 31 59 1.0
31 62 0 31 62 1.0
31 63 0 31 63 1.0
31 64 0 31 64 1.0
31 65 0 31 65 1.0
31 66 5 31 11 1.0
31 67 4 31 10 1.0
31 68 2 31 8 1.0
31 69 1 31 7 1.0
31 70 2 31 8 1.0
31 71 4 31 10 1.0
31 72 4 31 10 1.0
31 73 57 31 52 1.0
31 74 123 31 58 1.0
31 77 41 31 29 1.0
31 78 38 31 29 1.0
31 79 27 31 27 1.0
32 0 12 32 57 1.0
32 1 2 32 55 1.0
32 2 2 32 55 1.0
32 3 12 32 57 1.0
32 4 12 32 57 1.0
32 5 12 32 57 1.0
32 6 0 32 6 1.0
32 7 0 32 7 1.0
32 8 0 32 8 1.0
32 9 0 32 9 1.0
32 10 0 32 10 1.0
32 11 0 32 11 1.0
32 12 7 32 6 1.0
32 13 1 32 60 1.0
32 14 9 32 8 1.0
32 15 12 32 11 1.0
32 16 12 32 11 1.0
32 17 1 32 60 1.0
32 18 2 32 52 1.0
32 19 5 32 57 1.0
32 20 5 32 57 1.0
32 21 2 32 52 1.0
32 22 2 32 52 1.0
32 23 3 32 54 1.0
32 24 0 32 24 1.0
32 25 0 32 25 1.0
32 26 0 32 26 1.0
32 27 0 32 27 1.0
32 28 0 32 28 1.0
32 29 0 32 29 1.0
32 30 0 32 30 1.0
32 31 9 32 26 0.671875
32 31 17 32 62 0.328125
32 33 4 32 30 1.0
32 34 15 32 60 1.0
32 35 26 32 11 1.0
32 36 14 32 59 1.0
32 37 8 32 28 1.0
32 38 2 32 59 1.0
32 39 0 32 59 1.0
32 40 20 32 62 1.0
32 41 16 32 61 1.0
32 42 4 32 59 1.0
32 43 0 32 59 1.0
32 44 15 32 61 1.0
32 45 4 32 55 1.0
32 46 15 32 52 1.0
32 47 12 32 52 1.0
32 48 16 32 52 1.0
32 49 16 32 52 1.0
32 50 82 32 11 1.0
32 51 13 32 52 1.0
32 52 0 32 52 1.0
32 53 0 32 53 1.0
32 54 0 32 54 1.0
32 55 0 32 55 1.0
32 56 0 32 56 1.0
32 57 0 32 57 1.0
32 58 0 32 58 1.0
32 59 0 32 59 1.0
32 60 0 32 60 1.0
32 61 0 32 61 1.0
32 62 0 32 62 1.0
32 63 0 32 63 1.0
32 64 0 32 64 1.0
32 65 0 32 65 1.0
32 66 0 32 6 1.0
32 67 0 32 6 1.0
32 68 4 32 10 1.0
32 69 1 32 7 1.0
32 70 0 32 6 1.0
32 71 4 32 10 1.0
32 72 4 32 10 1.0
32 73 119 32 58 1.0
32 74 58 32 52 1.0
32 75 67 32 28 1.0
32 76 67 32 28 1.0
32 77 37 32 29 1.0
32 78 29 32 27 1.0
32 79 74 32 26 1.0
33 0 7 33 52 1.0
33 1 7 33 52 1.0
33 2 0 33 24 1.0
33 4 7 33 52 1.0
33 5 8 33 28 1.0
33 7 0 33 7 1.0
33 8 0 33 8 1.0
33 9 0 33 9 1.0
33 10 0 33 10 1.0
33 11 0 33 11 1.0
33 12 10 33 9 1.0
33 14 10 33 9 1.0
33 15 10 33 9 1.0
33 16 12 33 11 1.0
33 17 7 33 6 1.0
33 18 2 33 52 1.0
33 19 2 33 52 1.0
33 21 2 33 52 1.0
33 22 2 33 52 1.0
33 23 2 33 52 1.0
33 25 0 33 25 1.0
33 26 0 33 26 1.0
33 27 0 33 27 1.0
33 28 0 33 28 1.0
33 29 0 33 29 1.0
33 32 15 33 60 1.0
33 34 4 33 30 1.0
33 35 14 33 59 1.0
33 36 4 33 30 1.0
33 37 8 33 28 1.0
33 38 8 33 60 1.0
33 39 0 33 59 1.0
33 40 12 33 61 1.0
33 41 20 33 62 1.0
33 42 0 33 59 1.0
33 43 0 33 59 1.0
33 45 12 33 52 1.0
33 46 15 33 52 1.0
33 47 12 33 52 1.0
33 48 12 33 52 1.0
33 49 4 33 55 1.0
33 50 56 33 8 1.0
33 51 43 33 6 1.0
33 52 0 33 52 1.0
33 53 0 33 53 1.0
33 54 0 33 54 1.0
33 55 0 33 55 1.0
33 56 0 33 56 1.0
33 57 0 33 57 1.0
33 58 0 33 58 1.0
33 59 0 33 59 1.0
33 60 0 33 60 1.0
33 61 0 33 61 1.0
33 62 0 33 62 1.0
33 63 0 33 63 1.0
33 64 0 33 64 1.0
33 65 0 33 65 1.0
33 66 4 33 10 1.0
33 67 5 33 11 1.0
33 68 5 33 11 1.0
33 69 3 33 9 1.0
33 70 5 33 11 1.0
33 72 5 33 11 1.0
33 73 66 33 28 1.0
33 74 66 33 28 1.0
33 75 67 33 28 1.0
33 76 25 33 27 1.0
33 77 33 33 30 1.0
33 78 29 33 27 1.0
33 79 26 33 27 1.0
34 1 7 34 52 1.0
34 2 4 34 30 1.0
34 5 8 34 28 1.0
34 7 0 34 7 1.0
34 8 0 34 8 1.0
34 11 0 34 11 1.0
34 12 10 34 9 1.0
34 14 12 34 11 1.0
34 15 12 34 11 1.0
34 16 10 34 9 1.0
34 17 11 34 10 1.0
34 18 2 34 52 1.0
34 19 2 34 52 1.0
34 21 2 34 52 1.0
34 22 2 34 52 1.0
34 23 0 34 55 1.0
34 24 0 34 24 1.0
34 25 0 34 25 1.0
34 26 0 34 26 1.0
34 27 0 34 27 1.0
34 28 0 34 28 1.0
34 29 0 34 29 1.0
34 31 14 34 59 1.0
34 32 15 34 60 1.0
34 33 4 34 30 1.0
34 35 8 34 28 1.0
34 36 4 34 30 1.0
34 37 8 34 28 1.0
34 38 2 34 59 1.0
34 39 0 34 59 1.0
34 40 17 34 61 1.0
34 41 20 34 62 1.0
34 42 0 34 59 1.0
34 43 6 34 60 1.0
34 44 11 34 60 1.0
34 45 12 34 52 1.0
34 46 15 34 52 1.0
34 47 14 34 52 1.0
34 48 15 34 52 1.0
34 49 16 34 52 1.0
34 50 82 34 11 1.0
34 51 45 34 6 1.0
34 52 0 34 52 1.0
34 53 0 34 53 1.0
34 54 0 34 54 1.0
34 55 0 34 55 1.0
34 56 0 34 56 1.0
34 57 0 34 57 1.0
34 58 0 34 58 1.0
34 59 0 34 59 1.0
34 60 0 34 60 1.0
34 61 0 34 61 1.0
34 62 0 34 62 1.0
34 63 0 34 63 1.0
34 64 0 34 64 1.0
34 65 0 34 65 1.0
34 66 0 34 6 1.0
34 67 5 34 11 1.0
34 68 5 34 11 1.0
34 69 5 34 11 1.0
34 70 2 34 8 1.0
34 72 3 34 9 1.0
34 73 66 34 28 1.0
34 74 66 34 28 1.0
34 75 67 34 28 1.0
34 76 67 34 28 1.0
34 77 37 34 29 1.0
34 78 28 34 27 1.0
34 79 33 34 30 1.0
35 0 7 35 52 1.0
35 1 7 35 52 1.0
35 2 13 35 58 1.0
35 5 8 35 28 1.0
35 6 0 35 6 1.0
35 8 0 35 8 1.0
35 9 0 35 9 1.0
35 12 12 35 11 1.0
35 13 12 35 11 1.0
35 14 11 35 10 1.0
35 15 11 35 10 1.0
35 16 12 35 11 1.0
35 17 12 35 11 1.0
35 19 2 35 52 1.0
35 21 2 35 52 1.0
35 23 2 35 52 1.0
35 24 0 35 24 1.0
35 25 0 35 25 1.0
35 26 0 35 26 1.0
35 27 0 35 27 1.0
35 28 0 35 28 1.0
35 29 0 35 29 1.0
35 30 0 35 30 1.0
35 32 26 35 11 1.0
35 33 26 35 11 1.0
35 34 26 35 11 1.0
35 36 26 35 11 1.0
35 37 26 35 11 1.0
35 38 109 35 11 1.0
35 39 119 35 11 1.0
35 40 110 35 11 1.0
35 41 110 35 11 1.0
35 43 107 35 11 1.0
35 45 77 35 11 1.0
35 46 81 35 11 1.0
35 47 81 35 11 1.0
35 48 81 35 11 1.0
35 49 81 35 11 1.0
35 50 80 35 11 1.0
35 51 61 35 8 1.0
35 52 0 35 52 1.0
35 53 0 35 53 1.0
35 54 0 35 54 1.0
35 55 0 35 55 1.0
35 56 0 35 56 1.0
35 57 0 35 57 1.0
35 58 0 35 58 1.0
35 59 0 35 59 1.0
35 60 0 35 60 1.0
35 61 0 35 61 1.0
35 62 0 35 62 1.0
35 63 0 35 63 1.0
35 64 0 35 64 1.0
35 65 0 35 65 1.0
35 66 5 35 11 1.0
35 67 1 35 7 1.0
35 68 1 35 7 1.0
35 69 1 35 7 1.0
35 73 66 35 28 1.0
35 74 66 35 28 1.0
35 75 67 35 28 1.0
35 76 67 35 28 1.0
35 77 35 35 30 1.0
35 78 24 35 27 1.0
35 79 25 35 27 1.0
36 1 7 36 52 1.0
36 2 13 36 58 1.0
36 7 0 36 7 1.0
36 8 0 36 8 1.0
36 9 0 36 9 1.0
36 11 0 36 11 1.0
36 12 11 36 10 1.0
36 13 11 36 10 1.0
36 14 8 36 7 1.0
36 15 10 36 9 1.0
36 16 12 36 11 1.0
36 17 11 36 10 1.0
36 18 6 36 58 1.0
36 19 6 36 58 1.0
36 20 2 36 52 1.0
36 21 2 36 52 1.0
36 22 2 36 52 1.0
36 23 2 36 52 1.0
36 24 0 36 24 1.0
36 25 0 36 25 1.0
36 26 0 36 26 1.0
36 27 0 36 27 1.0
36 28 0 36 28 1.0
36 29 0 36 29 1.0
36 30 0 36 30 1.0
36 32 15 36 60 1.0
36 33 4 36 30 1.0
36 34 4 36 30 1.0
36 35 26 36 11 1.0
36 37 4 36 30 1.0
36 38 8 36 60 1.0
36 39 0 36 59 1.0
36 40 13 36 61 1.0
36 41 14 36 61 1.0
36 43 0 36 59 1.0
36 44 11 36 60 1.0
36 45 12 36 52 1.0
36 46 12 36 52 1.0
36 47 14 36 52 1.0
36 48 16 36 52 1.0
36 49 16 36 52 1.0
36 50 60 36 8 1.0
36 51 45 36 6 1.0
36 52 0 36 52 1.0
36 53 0 36 53 1.0
36 54 0 36 54 1.0
36 55 0 36 55 1.0
36 56 0 36 56 1.0
36 57 0 36 57 1.0
36 58 0 36 58 1.0
36 59 0 36 59 1.0
36 60 0 36 60 1.0
36 61 0 36 61 1.0
36 62 0 36 62 1.0
36 63 0 36 63 1.0
36 64 0 36 64 1.0
36 65 0 36 65 1.0
36 66 0 36 6 1.0
36 67 1 36 7 1.0
36 68 1 36 7 1.0
36 69 1 36 7 1.0
36 70 5 36 11 1.0
36 72 4 36 10 1.0
36 73 66 36 28 1.0
36 74 66 36 28 1.0
36 75 67 36 28 1.0
36 76 67 36 28 1.0
36 77 71 36 28 1.0
36 78 40 36 29 1.0
36 79 33 36 30 1.0
37 0 7 37 52 1.0
37 1 7 37 52 1.0
37 2 13 37 58 1.0
37 4 7 37 52 1.0
37 8 0 37 8 1.0
37 9 0 37 9 1.0
37 11 0 37 11 1.0
37 12 8 37 7 1.0
37 13 8 37 7 1.0
37 14 7 37 6 1.0
37 15 7 37 6 1.0
37 16 12 37 11 1.0
37 17 8 37 7 1.0
37 18 2 37 52 1.0
37 19 6 37 58 1.0
37 21 2 37 52 1.0
37 22 2 37 52 1.0
37 23 2 37 52 1.0
37 24 0 37 24 1.0
37 25 0 37 25 1.0
37 26 0 37 26 1.0
37 27 0 37 27 1.0
37 28 0 37 28 1.0
37 29 0 37 29 1.0
37 30 0 37 30 1.0
37 32 15 37 60 1.0
37 33 4 37 30 1.0
37 34 0 37 24 1.0
37 35 26 37 11 1.0
37 36 14 37 59 1.0
37 38 8 37 60 1.0
37 39 0 37 59 1.0
37 40 13 37 61 1.0
37 41 20 37 62 1.0
37 42 0 37 59 1.0
37 43 8 37 60 1.0
37 45 12 37 52 1.0
37 46 15 37 52 1.0
37 47 12 37 52 1.0
37 48 16 37 52 1.0
37 49 16 37 52 1.0
37 50 60 37 8 1.0
37 51 44 37 6 1.0
37 52 0 37 52 1.0
37 53 0 37 53 1.0
37 54 0 37 54 1.0
37 55 0 37 55 1.0
37 56 0 37 56 1.0
37 57 0 37 57 1.0
37 58 0 37 58 1.0
37 59 0 37 59 1.0
37 60 0 37 60 1.0
37 61 0 37 61 1.0
37 62 0 37 62 1.0
37 63 0 37 63 1.0
37 64 0 37 64 1.0
37 65 0 37 65 1.0
37 66 0 37 6 1.0
37 67 3 37 9 1.0
37 68 3 37 9 1.0
37 69 3 37 9 1.0
37 70 5 37 11 1.0
37 72 4 37 10 1.0
37 73 70 37 28 1.0
37 74 66 37 28 1.0
37 75 67 37 28 1.0
37 76 67 37 28 1.0
37 77 33 37 30 1.0
37 78 38 37 29 1.0
37 79 35 37 30 1.0
38 1 6 38 73 1.0
38 2 6 38 73 1.0
38 4 1 38 76 1.0
38 5 1 38 76 1.0
38 7 0 38 16 1.0
38 8 0 38 16 1.0
38 9 0 38 16 1.0
38 10 0 38 16 1.0
38 12 0 38 12 1.0
38 14 0 38 14 1.0
38 15 0 38 15 1.0
38 17 0 38 17 1.0
38 18 6 38 73 1.0
38 19 1 38 76 1.0
38 21 6 38 73 1.0
38 25 42 38 16 1.0
38 26 59 38 13 1.0
38 27 57 38 13 1.0
38 33 118 38 72 1.0
38 34 12 38 16 1.0
38 36 12 38 16 1.0
38 37 12 38 16 1.0
38 39 12 38 49 1.0
38 40 12 38 49 1.0
38 41 12 38 49 1.0
38 42 12 38 49 1.0
38 44 20 38 66 1.0
38 45 0 38 45 1.0
38 46 0 38 46 1.0
38 47 0 38 47 1.0
38 48 0 38 48 1.0
38 50 0 38 50 1.0
38 51 0 38 51 1.0
38 52 108 38 49 1.0
38 53 106 38 48 1.0
38 54 99 38 47 1.0
38 55 97 38 47 1.0
38 56 98 38 47 1.0
38 57 93 38 46 1.0
38 58 96 38 47 1.0
38 60 2 38 13 1.0
38 62 2 38 13 1.0
38 63 5 38 17 1.0
38 64 5 38 17 1.0
38 65 5 38 17 1.0
38 66 0 38 66 1.0
38 67 0 38 67 1.0
38 68 0 38 68 1.0
38 69 0 38 69 1.0
38 70 0 38 70 1.0
38 74 0 38 74 1.0
38 75 0 38 75 1.0
38 76 0 38 76 1.0
38 77 0 38 77 1.0
38 78 0 38 78 1.0
38 79 0 38 79 1.0
39 0 0 39 75 1.0
39 1 1 39 76 1.0
39 2 2 39 74 1.0
39 5 0 39 75 1.0
39 8 0 39 16 1.0
39 9 5 39 17 1.0
39 10 11 39 71 1.0
39 11 10 39 70 1.0
39 12 0 39 12 1.0
39 13 0 39 13 1.0
39 14 0 39 14 1.0
39 15 0 39 15 1.0
39 16 0 39 16 1.0
39 17 0 39 17 1.0
39 18 1 39 76 1.0
39 20 2 39 74 1.0
39 21 6 39 73 1.0
39 22 6 39 73 1.0
39 23 1 39 76 1.0
39 24 42 39 16 1.0
39 25 42 39 16 1.0
39 26 16 39 74 1.0
39 27 59 39 13 1.0
39 28 42 39 16 1.0
39 29 42 39 16 1.0
39 30 42 39 16 1.0
39 32 119 39 72 1.0
39 33 12 39 16 1.0
39 34 1 39 16 1.0
39 35 107 39 70 1.0
39 36 12 39 16 1.0
39 37 12 39 16 1.0
39 38 11 39 48 1.0
39 40 25 39 71 1.0
39 41 25 39 71 1.0
39 43 8 39 45 1.0
39 45 0 39 45 1.0
39 46 0 39 46 1.0
39 47 0 39 47 1.0
39 48 0 39 48 1.0
39 49 0 39 49 1.0
39 50 0 39 50 1.0
39 51 0 39 51 1.0
39 53 112 39 49 1.0
39 54 94 39 46 1.0
39 55 108 39 49 1.0
39 56 92 39 46 1.0
39 57 112 39 49 1.0
39 58 105 39 48 1.0
39 59 0 39 16 1.0
39 62 2 39 13 1.0
39 63 0 39 16 1.0
39 64 0 39 16 1.0
39 65 0 39 16 1.0
39 66 0 39 66 1.0
39 67 0 39 67 1.0
39 68 0 39 68 1.0
39 69 0 39 69 1.0
39 70 0 39 70 1.0
39 72 0 39 72 1.0
39 73 0 39 73 1.0
39 75 0 39 75 1.0
39 76 0 39 76 1.0
39 77 0 39 77 1.0
39 78 0 39 78 1.0
39 79 0 39 79 1.0
40 0 1 40 76 1.0
40 1 1 40 76 1.0
40 2 1 40 76 1.0
40 3 1 40 76 1.0
40 4 5 40 78 1.0
40 5 1 40 76 1.0
40 6 2 40 13 1.0
40 7 2 40 13 1.0
40 8 2 40 13 1.0
40 9 2 40 13 1.0
40 10 0 40 16 1.0
40 11 0 40 16 1.0
40 12 0 40 12 1.0
40 13 0 40 13 1.0
40 14 0 40 14 1.0
40 15 0 40 15 1.0
40 16 0 40 16 1.0
40 17 0 40 17 1.0
40 18 7 40 45 1.0
40 19 8 40 46 1.0
40 20 1 40 76 1.0
40 21 7 40 45 1.0
40 22 0 40 75 1.0
40 23 11 40 49 1.0
40 24 56 40 13 1.0
40 25 3 40 75 1.0
40 26 59 40 13 1.0
40 27 9 40 76 1.0
40 28 4 40 75 1.0
40 29 44 40 16 1.0
40 30 49 40 12 1.0
40 31 107 40 70 1.0
40 32 113 40 71 1.0
40 33 81 40 66 1.0
40 34 85 40 67 1.0
40 35 11 40 16 1.0
40 36 90 40 68 1.0
40 37 85 40 67 1.0
40 38 8 40 45 1.0
40 39 11 40 48 1.0
40 41 20 40 66 1.0
40 42 11 40 48 1.0
40 43 8 40 45 1.0
40 44 20 40 66 1.0
40 45 0 40 45 1.0
40 46 0 40 46 1.0
40 47 0 40 47 1.0
40 48 0 40 48 1.0
40 49 0 40 49 1.0
40 50 0 40 50 1.0
40 51 0 40 51 1.0
40 52 93 40 46 1.0
40 53 88 40 45 1.0
40 54 112 40 49 1.0
40 55 112 40 49 1.0
40 56 106 40 48 1.0
40 57 111 40 49 1.0
40 58 104 40 48 1.0
40 59 5 40 17 1.0
40 60 5 40 17 1.0
40 61 2 40 13 1.0
40 62 1 40 12 1.0
40 63 1 40 12 1.0
40 64 3 40 14 1.0
40 65 2 40 13 1.0
40 66 0 40 66 1.0
40 67 0 40 67 1.0
40 68 0 40 68 1.0
40 69 0 40 69 1.0
40 70 0 40 70 1.0
40 71 0 40 71 1.0
40 72 0 40 72 1.0
40 73 0 40 73 1.0
40 74 0 40 74 1.0
40 75 0 40 75 1.0
40 76 0 40 76 1.0
40 77 0 40 77 1.0
40 78 0 40 78 1.0
40 79 0 40 79 1.0
41 0 3 41 79 1.0
41 1 4 41 77 1.0
41 2 4 41 77 1.0
41 3 4 41 77 1.0
41 4 4 41 77 1.0
41 5 4 41 77 1.0
41 6 7 41 67 1.0
41 7 7 41 67 1.0
41 8 11 41 71 1.0
41 9 7 41 67 1.0
41 10 2 41 13 1.0
41 11 11 41 71 1.0
41 12 0 41 12 1.0
41 13 0 41 13 1.0
41 14 0 41 14 1.0
41 15 0 41 15 1.0
41 16 0 41 16 1.0
41 17 0 41 17 1.0
41 18 1 41 76 1.0
41 19 4 41 77 1.0
41 20 4 41 77 1.0
41 21 7 41 45 1.0
41 22 11 41 49 1.0
41 23 3 41 79 1.0
41 24 25 41 77 1.0
41 25 12 41 74 1.0
41 26 10 41 76 1.0
41 27 56 41 13 1.0
41 28 9 41 76 1.0
41 29 68 41 14 1.0
41 30 20 41 79 1.0
41 31 74 41 17 1.0
41 32 118 41 72 1.0
41 33 89 41 67 1.0
41 34 110 41 71 1.0
41 35 38 41 13 1.0
41 36 84 41 67 1.0
41 37 78 41 66 1.0
41 38 11 41 48 1.0
41 39 11 41 48 1.0
41 40 20 41 66 1.0
41 42 6 41 73 0.0625
41 42 14 41 51 0.9375
41 43 8 41 45 1.0
41 44 20 41 66 1.0
41 45 0 41 45 1.0
41 46 0 41 46 1.0
41 47 0 41 47 1.0
41 48 0 41 48 1.0
41 49 0 41 49 1.0
41 50 0 41 50 1.0
41 51 0 41 51 1.0
41 52 84 41 45 1.0
41 53 84 41 45 1.0
41 54 106 41 48 1.0
41 55 111 41 49 1.0
41 56 112 41 49 1.0
41 57 106 41 48 1.0
41 58 87 41 45 1.0
41 59 5 41 17 1.0
41 60 5 41 17 1.0
41 61 2 41 13 1.0
41 62 3 41 14 1.0
41 63 1 41 12 1.0
41 64 1 41 12 1.0
41 65 3 41 14 1.0
41 66 0 41 66 1.0
41 67 0 41 67 1.0
41 68 0 41 68 1.0
41 69 0 41 69 1.0
41 70 0 41 70 1.0
41 71 0 41 71 1.0
41 72 0 41 72 1.0
41 73 0 41 73 1.0
41 74 0 41 74 1.0
41 75 0 41 75 1.0
41 76 0 41 76 1.0
41 77 0 41 77 1.0
41 78 0 41 78 1.0
41 79 0 41 79 1.0
42 0 4 42 77 1.0
42 1 5 42 78 1.0
42 2 5 42 78 1.0
42 3 4 42 77 1.0
42 4 4 42 77 1.0
42 5 4 42 77 1.0
42 6 1 42 12 1.0
42 7 2 42 13 1.0
42 9 1 42 12 1.0
42 10 5 42 17 1.0
42 11 0 42 16 1.0
42 12 0 42 12 1.0
42 14 0 42 14 1.0
42 15 0 42 15 1.0
42 19 13 42 51 1.0
42 20 5 42 78 1.0
42 22 6 42 73 1.0
42 23 5 42 78 1.0
42 24 13 42 74 1.0
42 25 15 42 74 1.0
42 26 60 42 13 1.0
42 27 57 42 13 1.0
42 28 42 42 16 1.0
42 29 60 42 13 1.0
42 30 13 42 74 1.0
42 31 38 42 13 1.0
42 32 99 42 69 1.0
42 37 12 42 16 1.0
42 39 12 42 49 1.0
42 40 20 42 66 1.0
42 41 6 42 73 0.046875
42 41 13 42 50 0.953125
42 43 12 42 49 1.0
42 44 10 42 47 1.0
42 45 0 42 45 1.0
42 46 0 42 46 1.0
42 47 0 42 47 1.0
42 50 0 42 50 1.0
42 51 0 42 51 1.0
42 53 97 42 47 1.0
42 54 96 42 47 1.0
42 55 108 42 49 1.0
42 56 96 42 47 1.0
42 57 102 42 48 1.0
42 58 108 42 49 1.0
42 60 2 42 13 1.0
42 61 2 42 13 1.0
42 62 2 42 13 1.0
42 63 5 42 17 1.0
42 64 0 42 16 1.0
42 65 0 42 16 1.0
42 67 0 42 67 1.0
42 68 0 42 68 1.0
42 69 0 42 69 1.0
42 70 0 42 70 1.0
42 71 0 42 71 1.0
42 72 0 42 72 1.0
42 73 0 42 73 1.0
42 74 0 42 74 1.0
42 77 0 42 77 1.0
42 78 0 42 78 1.0
42 79 0 42 79 1.0
43 0 1 43 76 1.0
43 1 1 43 76 1.0
43 5 1 43 76 1.0
43 7 0 43 16 1.0
43 9 5 43 17 1.0
43 10 1 43 12 1.0
43 11 1 43 12 1.0
43 14 0 43 14 1.0
43 15 0 43 15 1.0
43 16 0 43 16 1.0
43 18 1 43 76 1.0
43 21 1 43 76 1.0
43 22 1 43 76 1.0
43 24 42 43 16 1.0
43 25 58 43 13 1.0
43 26 79 43 17 1.0
43 27 58 43 13 1.0
43 28 42 43 16 1.0
43 29 42 43 16 1.0
43 30 42 43 16 1.0
43 33 11 43 16 1.0
43 34 119 43 72 1.0
43 35 107 43 70 1.0
43 36 12 43 16 1.0
43 37 12 43 16 1.0
43 39 11 43 48 1.0
43 40 9 43 46 1.0
43 41 9 43 46 1.0
43 42 11 43 48 1.0
43 44 11 43 48 1.0
43 45 0 43 45 1.0
43 47 0 43 47 1.0
43 48 0 43 48 1.0
43 49 0 43 49 1.0
43 50 0 43 50 1.0
43 51 0 43 51 1.0
43 52 108 43 49 1.0
43 53 94 43 46 1.0
43 54 105 43 48 1.0
43 55 105 43 48 1.0
43 56 84 43 45 1.0
43 57 112 43 49 1.0
43 58 102 43 48 1.0
43 62 2 43 13 1.0
43 63 1 43 12 1.0
43 64 1 43 12 1.0
43 65 1 43 12 1.0
43 66 0 43 66 1.0
43 67 0 43 67 1.0
43 68 0 43 68 1.0
43 69 0 43 69 1.0
43 70 0 43 70 1.0
43 71 0 43 71 1.0
43 72 0 43 72 1.0
43 74 0 43 74 1.0
43 75 0 43 75 1.0
43 77 0 43 77 1.0
43 78 0 43 78 1.0
43 79 0 43 79 1.0
44 0 4 44 77 1.0
44 1 5 44 78 1.0
44 2 3 44 79 1.0
44 3 3 44 79 1.0
44 4 3 44 79 1.0
44 5 4 44 77 1.0
44 6 2 44 13 1.0
44 7 5 44 17 1.0
44 9 5 44 17 1.0
44 10 5 44 17 1.0
44 14 0 44 14 1.0
44 15 0 44 15 1.0
44 17 0 44 17 1.0
44 19 3 44 79 1.0
44 20 4 44 77 1.0
44 23 4 44 77 1.0
44 24 33 44 78 1.0
44 25 13 44 74 1.0
44 26 47 44 16 1.0
44 27 58 44 13 1.0
44 29 54 44 12 1.0
44 30 23 44 79 1.0
44 31 38 44 13 1.0
44 32 92 44 68 1.0
44 33 12 44 16 1.0
44 37 12 44 16 1.0
44 39 12 44 49 1.0
44 40 12 44 49 1.0
44 41 9 44 46 1.0
44 42 9 44 46 1.0
44 45 0 44 45 1.0
44 50 0 44 50 1.0
44 51 0 44 51 1.0
44 53 99 44 47 1.0
44 54 108 44 49 1.0
44 55 102 44 48 1.0
44 56 94 44 46 1.0
44 57 105 44 48 1.0
44 58 102 44 48 1.0
44 59 0 44 16 1.0
44 60 2 44 13 1.0
44 62 2 44 13 1.0
44 63 2 44 13 1.0
44 64 0 44 16 1.0
44 65 1 44 12 1.0
44 66 0 44 66 1.0
44 67 0 44 67 1.0
44 68 0 44 68 1.0
44 69 0 44 69 1.0
44 70 0 44 70 1.0
44 71 0 44 71 1.0
44 72 0 44 72 1.0
44 73 0 44 73 1.0
44 74 0 44 74 1.0
44 75 0 44 75 1.0
44 77 0 44 77 1.0
44 78 0 44 78 1.0
44 79 0 44 79 1.0
45 0 8 45 19 1.0
45 1 0 45 75 1.0
45 2 4 45 77 1.0
45 3 4 45 77 1.0
45 4 8 45 19 1.0
45 5 8 45 19 1.0
45 6 1 45 67 1.0
45 7 1 45 67 1.0
45 9 2 45 68 1.0
45 10 6 45 72 1.0
45 11 4 45 70 1.0
45 12 5 45 43 1.0
45 13 0 45 38 1.0
45 14 9 45 68 1.0
45 15 7 45 66 1.0
45 16 0 45 38 1.0
45 18 0 45 18 1.0
45 19 0 45 19 1.0
45 20 0 45 20 1.0
45 21 0 45 21 1.0
45 22 0 45 22 1.0
45 23 0 45 23 1.0
45 24 94 45 22 1.0
45 25 36 45 73 1.0
45 26 7 45 76 1.0
45 27 0 45 75 1.0
45 28 3 45 75 1.0
45 29 11 45 76 1.0
45 30 105 45 22 1.0
45 31 32 45 22 1.0
45 32 34 45 22 1.0
45 33 30 45 22 1.0
45 34 30 45 22 1.0
45 35 47 45 66 1.0
45 36 30 45 22 1.0
45 37 30 45 22 1.0
45 39 0 45 39 1.0
45 40 0 45 40 1.0
45 41 0 45 41 1.0
45 42 0 45 42 1.0
45 44 0 45 44 1.0
45 46 18 45 43 1.0
45 47 1 45 76 1.0
45 48 1 45 76 1.0
45 49 13 45 38 1.0
45 50 18 45 43 1.0
45 51 18 45 43 1.0
45 52 4 45 22 1.0
45 53 1 45 19 1.0
45 54 0 45 18 1.0
45 55 0 45 18 1.0
45 56 1 45 19 1.0
45 57 3 45 21 1.0
45 58 4 45 22 1.0
45 60 26 45 42 1.0
45 61 26 45 42 1.0
45 62 30 45 43 1.0
45 63 26 45 42 1.0
45 64 1 45 38 1.0
45 65 7 45 39 1.0
45 66 0 45 66 1.0
45 67 0 45 67 1.0
45 68 0 45 68 1.0
45 69 0 45 69 1.0
45 70 0 45 70 1.0
45 71 0 45 71 1.0
45 72 0 45 72 1.0
45 73 0 45 73 1.0
45 74 0 45 74 1.0
45 75 0 45 75 1.0
45 76 0 45 76 1.0
45 77 0 45 77 1.0
45 78 0 45 78 1.0
45 79 0 45 79 1.0
46 0 8 46 19 1.0
46 1 8 46 19 1.0
46 2 8 46 19 1.0
46 4 11 46 22 1.0
46 5 8 46 19 1.0
46 6 5 46 71 1.0
46 7 5 46 71 1.0
46 8 6 46 72 1.0
46 9 5 46 71 1.0
46 11 4 46 70 1.0
46 12 6 46 44 1.0
46 13 0 46 38 1.0
46 14 11 46 70 1.0
46 15 6 46 44 1.0
46 16 0 46 38 1.0
46 17 4 46 42 1.0
46 18 0 46 18 1.0
46 20 0 46 20 1.0
46 21 0 46 21 1.0
46 22 0 46 22 1.0
46 25 4 46 75 1.0
46 26 8 46 76 1.0
46 27 6 46 76 1.0
46 28 3 46 75 1.0
46 29 3 46 75 1.0
46 30 3 46 75 1.0
46 32 71 46 70 1.0
46 33 30 46 22 1.0
46 34 30 46 22 1.0
46 35 71 46 70 1.0
46 36 30 46 22 1.0
46 37 30 46 22 1.0
46 38 0 46 38 1.0
46 39 0 46 39 1.0
46 40 0 46 40 1.0
46 41 0 46 41 1.0
46 42 0 46 42 1.0
46 43 0 46 43 1.0
46 45 1 46 76 1.0
46 47 1 46 76 1.0
46 48 1 46 76 1.0
46 49 6 46 73 1.0
46 50 19 46 44 1.0
46 51 19 46 44 1.0
46 52 4 46 22 1.0
46 53 0 46 18 1.0
46 54 4 46 22 1.0
46 55 4 46 22 1.0
46 56 0 46 18 1.0
46 57 0 46 18 1.0
46 58 5 46 23 1.0
46 59 0 46 38 1.0
46 60 0 46 38 1.0
46 61 2 46 38 1.0
46 62 2 46 38 1.0
46 63 29 46 42 1.0
46 64 32 46 43 1.0
46 65 32 46 43 1.0
46 66 0 46 66 1.0
46 67 0 46 67 1.0
46 68 0 46 68 1.0
46 69 0 46 69 1.0
46 70 0 46 70 1.0
46 72 0 46 72 1.0
46 73 0 46 73 1.0
46 74 0 46 74 1.0
46 75 0 46 75 1.0
46 76 0 46 76 1.0
46 77 0 46 77 1.0
46 78 0 46 78 1.0
46 79 0 46 79 1.0
47 0 7 47 18 1.0
47 1 10 47 21 1.0
47 2 9 47 20 1.0
47 4 7 47 18 1.0
47 7 4 47 70 1.0
47 8 4 47 70 1.0
47 9 5 47 71 1.0
47 10 5 47 71 1.0
47 11 4 47 70 1.0
47 12 6 47 44 1.0
47 13 0 47 38 1.0
47 14 9 47 68 1.0
47 15 7 47 66 1.0
47 16 0 47 38 1.0
47 17 4 47 42 1.0
47 18 0 47 18 1.0
47 19 0 47 19 1.0
47 20 0 47 20 1.0
47 21 0 47 21 1.0
47 22 0 47 22 1.0
47 23 0 47 23 1.0
47 24 4 47 75 1.0
47 25 4 47 75 1.0
47 26 40 47 73 1.0
47 27 5 47 75 1.0
47 28 15 47 74 1.0
47 29 4 47 75 1.0
47 32 47 47 66 1.0
47 33 71 47 70 1.0
47 34 71 47 70 1.0
47 35 47 47 66 1.0
47 36 2 47 18 1.0
47 37 71 47 70 1.0
47 38 0 47 38 1.0
47 39 0 47 39 1.0
47 40 0 47 40 1.0
47 41 0 47 41 1.0
47 42 0 47 42 1.0
47 43 0 47 43 1.0
47 45 1 47 76 1.0
47 46 18 47 43 1.0
47 48 1 47 76 1.0
47 49 13 47 38 1.0
47 50 19 47 44 1.0
47 51 19 47 44 1.0
47 52 4 47 22 1.0
47 53 1 47 19 1.0
47 54 0 47 18 1.0
47 55 0 47 18 1.0
47 56 0 47 18 1.0
47 57 1 47 19 1.0
47 58 0 47 18 1.0
47 59 29 47 42 1.0
47 60 30 47 43 1.0
47 61 2 47 38 1.0
47 62 0 47 38 1.0
47 63 1 47 38 1.0
47 64 32 47 43 1.0
47 65 5 47 38 1.0
47 66 0 47 66 1.0
47 67 0 47 67 1.0
47 68 0 47 68 1.0
47 69 0 47 69 1.0
47 70 0 47 70 1.0
47 71 0 47 71 1.0
47 72 0 47 72 1.0
47 73 0 47 73 1.0
47 74 0 47 74 1.0
47 75 0 47 75 1.0
47 76 0 47 76 1.0
47 77 0 47 77 1.0
47 78 0 47 78 1.0
47 79 0 47 79 1.0
48 1 11 48 22 1.0
48 2 11 48 22 1.0
48 4 11 48 22 1.0
48 5 11 48 22 1.0
48 6 4 48 70 1.0
48 7 4 48 70 1.0
48 8 4 48 70 1.0
48 10 4 48 70 1.0
48 11 4 48 70 1.0
48 12 6 48 44 1.0
48 14 6 48 44 1.0
48 15 6 48 44 1.0
48 17 4 48 42 1.0
48 18 0 48 18 1.0
48 19 0 48 19 1.0
48 21 0 48 21 1.0
48 23 0 48 23 1.0
48 24 9 48 76 1.0
48 25 0 48 75 1.0
48 26 5 48 75 1.0
48 27 9 48 76 1.0
48 30 9 48 76 1.0
48 31 71 48 70 1.0
48 32 71 48 70 1.0
48 33 30 48 22 1.0
48 35 71 48 70 1.0
48 36 30 48 22 1.0
48 37 30 48 22 1.0
48 40 0 48 40 1.0
48 41 0 48 41 1.0
48 43 0 48 43 1.0
48 45 1 48 76 1.0
48 47 1 48 76 1.0
48 49 13 48 38 1.0
48 50 19 48 44 1.0
48 51 1 48 76 1.0
48 52 4 48 22 1.0
48 53 5 48 23 1.0
48 54 1 48 19 1.0
48 55 1 48 19 1.0
48 56 5 48 23 1.0
48 57 1 48 19 1.0
48 58 2 48 20 1.0
48 59 0 48 38 1.0
48 61 30 48 43 1.0
48 62 6 48 39 1.0
48 63 38 48 44 1.0
48 64 1 48 38 1.0
48 65 38 48 44 1.0
48 66 0 48 66 1.0
48 67 0 48 67 1.0
48 68 0 48 68 1.0
48 69 0 48 69 1.0
48 72 0 48 72 1.0
48 73 0 48 73 1.0
48 74 0 48 74 1.0
48 77 0 48 77 1.0
48 78 0 48 78 1.0
48 79 0 48 79 1.0
49 1 11 49 22 1.0
49 2 11 49 22 1.0
49 7 6 49 72 1.0
49 8 6 49 72 1.0
49 9 6 49 72 1.0
49 12 13 49 72 1.0
49 14 12 49 71 1.0
49 15 12 49 71 1.0
49 16 0 49 38 1.0
49 18 0 49 18 1.0
49 20 0 49 20 1.0
49 21 0 49 21 1.0
49 24 2 49 75 1.0
49 25 0 49 75 1.0
49 26 40 49 73 1.0
49 27 0 49 75 1.0
49 28 1 49 75 1.0
49 32 71 49 70 1.0
49 33 30 49 22 1.0
49 34 30 49 22 1.0
49 36 30 49 22 1.0
49 40 0 49 40 1.0
49 41 0 49 41 1.0
49 43 0 49 43 1.0
49 44 0 49 44 1.0
49 46 13 49 38 1.0
49 47 1 49 76 1.0
49 48 1 49 76 1.0
49 50 6 49 73 1.0
49 51 0 49 75 1.0
49 52 4 49 22 1.0
49 53 3 49 21 1.0
49 54 5 49 23 1.0
49 55 5 49 23 1.0
49 56 3 49 21 1.0
49 57 3 49 21 1.0
49 58 1 49 19 1.0
49 59 41 49 44 1.0
49 61 30 49 43 1.0
49 62 1 49 38 1.0
49 63 5 49 38 1.0
49 64 1 49 38 1.0
49 65 2 49 38 1.0
49 66 0 49 66 1.0
49 67 0 49 67 1.0
49 68 0 49 68 1.0
49 69 0 49 69 1.0
49 70 0 49 70 1.0
49 74 0 49 74 1.0
49 76 0 49 76 1.0
49 77 0 49 77 1.0
49 78 0 49 78 1.0
49 79 0 49 79 1.0
50 0 7 50 18 1.0
50 1 7 50 18 1.0
50 2 11 50 22 1.0
50 3 7 50 18 1.0
50 4 7 50 18 1.0
50 5 10 50 21 1.0
50 6 0 50 66 1.0
50 7 5 50 71 1.0
50 8 4 50 70 1.0
50 9 5 50 71 1.0
50 10 3 50 69 1.0
50 11 5 50 71 1.0
50 12 6 50 44 1.0
50 13 0 50 38 1.0
50 14 12 50 71 1.0
50 15 7 50 66 1.0
50 16 0 50 38 1.0
50 17 4 50 42 1.0
50 18 0 50 18 1.0
50 19 0 50 19 1.0
50 20 0 50 20 1.0
50 21 0 50 21 1.0
50 22 0 50 22 1.0
50 23 0 50 23 1.0
50 24 3 50 75 1.0
50 25 0 50 75 1.0
50 26 7 50 76 1.0
50 27 9 50 76 1.0
50 28 10 50 76 1.0
50 29 10 50 76 1.0
50 30 4 50 75 1.0
50 31 83 50 72 1.0
50 32 80 50 72 1.0
50 33 80 50 72 1.0
50 34 9 50 19 1.0
50 35 30 50 22 1.0
50 36 68 50 70 1.0
50 37 43 50 66 1.0
50 38 0 50 38 1.0
50 39 0 50 39 1.0
50 40 0 50 40 1.0
50 41 0 50 41 1.0
50 42 0 50 42 1.0
50 43 0 50 43 1.0
50 44 0 50 44 1.0
50 45 18 50 43 1.0
50 46 18 50 43 1.0
50 47 0 50 75 1.0
50 48 1 50 76 1.0
50 49 13 50 38 1.0
50 51 17 50 42 1.0
50 52 1 50 19 1.0
50 53 3 50 21 1.0
50 54 5 50 23 1.0
50 55 0 50 18 1.0
50 56 3 50 21 1.0
50 57 3 50 21 1.0
50 58 3 50 21 1.0
50 59 38 50 44 1.0
50 60 24 50 42 1.0
50 61 41 50 44 1.0
50 62 29 50 42 1.0
50 63 5 50 38 1.0
50 64 41 50 44 1.0
50 65 32 50 43 1.0
50 66 0 50 66 1.0
50 67 0 50 67 1.0
50 68 0 50 68 1.0
50 69 0 50 69 1.0
50 70 0 50 70 1.0
50 72 0 50 72 1.0
50 73 0 50 73 1.0
50 74 0 50 74 1.0
50 75 0 50 75 1.0
50 76 0 50 76 1.0
50 77 0 50 77 1.0
50 78 0 50 78 1.0
50 79 0 50 79 1.0
51 0 10 51 21 1.0
51 1 7 51 18 1.0
51 2 11 51 22 1.0
51 3 10 51 21 1.0
51 4 7 51 18 1.0
51 6 6 51 72 1.0
51 7 2 51 68 1.0
51 8 0 51 66 1.0
51 9 1 51 67 1.0
51 10 1 51 67 1.0
51 11 0 51 66 1.0
51 12 5 51 43 1.0
51 13 0 51 38 1.0
51 14 7 51 66 1.0
51 15 7 51 66 1.0
51 16 0 51 38 1.0
51 17 5 51 43 1.0
51 18 0 51 18 1.0
51 19 0 51 19 1.0
51 20 0 51 20 1.0
51 21 0 51 21 1.0
51 22 0 51 22 1.0
51 23 0 51 23 1.0
51 24 0 51 75 1.0
51 25 4 51 75 1.0
51 26 6 51 76 1.0
51 27 1 51 75 1.0
51 28 11 51 76 1.0
51 29 26 51 77 1.0
51 30 9 51 76 1.0
51 31 83 51 72 1.0
51 32 74 51 71 1.0
51 33 77 51 71 1.0
51 34 60 51 69 1.0
51 35 23 51 21 1.0
51 36 54 51 68 1.0
51 37 48 51 67 1.0
51 38 0 51 38 1.0
51 39 0 51 39 1.0
51 40 0 51 40 1.0
51 41 0 51 41 1.0
51 42 0 51 42 1.0
51 43 0 51 43 1.0
51 44 0 51 44 1.0
51 45 18 51 43 1.0
51 46 18 51 43 1.0
51 47 19 51 44 1.0
51 48 19 51 44 1.0
51 49 13 51 38 1.0
51 50 19 51 44 1.0
51 52 5 51 23 1.0
51 53 4 51 22 1.0
51 54 0 51 18 1.0
51 55 0 51 18 1.0
51 56 3 51 21 1.0
51 57 3 51 21 1.0
51 58 3 51 21 1.0
51 59 0 51 38 1.0
51 60 25 51 42 1.0
51 61 36 51 44 1.0
51 62 29 51 42 1.0
51 63 38 51 44 1.0
51 64 2 51 38 1.0
51 65 2 51 38 1.0
51 66 0 51 66 1.0
51 67 0 51 67 1.0
51 68 0 51 68 1.0
51 69 0 51 69 1.0
51 70 0 51 70 1.0
51 71 0 51 71 1.0
51 72 0 51 72 1.0
51 73 0 51 73 1.0
51 74 0 51 74 1.0
51 75 0 51 75 1.0
51 76 0 51 76 1.0
51 77 0 51 77 1.0
51 78 0 51 78 1.0
51 79 0 51 79 1.0
52 2 0 52 2 1.0
52 5 0 52 5 1.0
52 7 4 52 35 1.0
52 8 5 52 36 1.0
52 9 3 52 34 1.0
52 10 4 52 35 1.0
52 11 4 52 35 1.0
52 12 29 52 29 1.0
52 13 113 52 35 1.0
52 14 28 52 29 1.0
52 15 36 52 28 1.0
52 16 113 52 35 1.0
52 17 113 52 35 1.0
52 19 0 52 19 1.0
52 21 0 52 21 1.0
52 22 0 52 22 1.0
52 25 0 52 25 1.0
52 26 0 52 26 1.0
52 27 0 52 27 1.0
52 28 0 52 28 1.0
52 29 0 52 29 1.0
52 30 0 52 30 1.0
52 31 0 52 31 1.0
52 32 0 52 32 1.0
52 33 0 52 33 1.0
52 34 0 52 34 1.0
52 35 0 52 35 1.0
52 37 0 52 37 1.0
52 39 92 52 1 1.0
52 40 106 52 3 1.0
52 41 120 52 5 1.0
52 44 95 52 1 1.0
52 46 0 52 18 1.0
52 47 0 52 18 1.0
52 48 0 52 18 1.0
52 49 4 52 22 1.0
52 50 5 52 23 1.0
52 51 1 52 19 1.0
52 53 2 52 0 1.0
52 54 17 52 4 1.0
52 55 4 52 30 1.0
52 56 4 52 30 1.0
52 57 14 52 1 1.0
52 58 2 52 0 1.0
52 59 12 52 36 1.0
52 60 12 52 36 1.0
52 61 12 52 36 1.0
52 62 12 52 36 1.0
52 63 9 52 33 1.0
52 64 9 52 33 1.0
52 65 0 52 24 1.0
52 66 32 52 22 1.0
52 67 0 52 18 1.0
52 68 10 52 19 1.0
52 69 1 52 18 1.0
52 73 1 52 18 1.0
52 77 7 52 1 1.0
52 78 7 52 1 1.0
52 79 9 52 3 1.0
53 0 0 53 0 1.0
53 1 0 53 1 1.0
53 2 0 53 2 1.0
53 3 0 53 3 1.0
53 4 0 53 4 1.0
53 5 0 53 5 1.0
53 6 2 53 33 1.0
53 7 2 53 33 1.0
53 8 6 53 37 1.0
53 9 2 53 33 1.0
53 10 6 53 37 1.0
53 11 0 53 31 1.0
53 12 9 53 25 1.0
53 13 113 53 35 1.0
53 14 113 53 35 1.0
53 15 0 53 24 1.0
53 16 0 53 24 1.0
53 17 14 53 27 1.0
53 18 0 53 18 1.0
53 19 0 53 19 1.0
53 20 0 53 20 1.0
53 21 0 53 21 1.0
53 22 0 53 22 1.0
53 23 0 53 23 1.0
53 24 0 53 24 1.0
53 25 0 53 25 1.0
53 26 0 53 26 1.0
53 27 0 53 27 1.0
53 28 0 53 28 1.0
53 29 0 53 29 1.0
53 30 0 53 30 1.0
53 31 0 53 31 1.0
53 32 0 53 32 1.0
53 33 0 53 33 1.0
53 34 0 53 34 1.0
53 35 0 53 35 1.0
53 36 0 53 36 1.0
53 37 0 53 37 1.0
53 38 0 53 0 1.0
53 39 0 53 0 1.0
53 40 112 53 4 1.0
53 41 92 53 1 1.0
53 42 120 53 5 1.0
53 43 114 53 4 1.0
53 44 113 53 4 1.0
53 45 0 53 18 1.0
53 46 4 53 22 1.0
53 47 2 53 20 1.0
53 48 0 53 18 1.0
53 49 2 53 20 1.0
53 50 3 53 21 1.0
53 51 0 53 18 1.0
53 52 17 53 4 1.0
53 54 7 53 26 1.0
53 55 4 53 30 1.0
53 56 4 53 30 1.0
53 57 7 53 26 1.0
53 58 4 53 30 1.0
53 59 4 53 29 1.0
53 60 3 53 30 1.0
53 61 3 53 30 1.0
53 62 9 53 33 1.0
53 63 9 53 33 1.0
53 64 6 53 26 1.0
53 65 6 53 26 1.0
53 66 71 53 35 1.0
53 67 31 53 22 1.0
53 68 24 53 21 1.0
53 69 10 53 19 1.0
53 70 3 53 18 1.0
53 71 74 53 36 1.0
53 72 44 53 31 1.0
53 73 3 53 20 1.0
53 74 10 53 4 1.0
53 75 2 53 19 1.0
53 76 3 53 20 1.0
53 77 8 53 2 1.0
53 78 4 53 21 1.0
53 79 11 53 5 1.0
54 0 0 54 0 1.0
54 1 0 54 1 1.0
54 2 0 54 2 1.0
54 3 0 54 3 1.0
54 4 0 54 4 1.0
54 5 0 54 5 1.0
54 6 5 54 36 1.0
54 7 6 54 37 1.0
54 8 5 54 36 1.0
54 9 5 54 36 1.0
54 10 6 54 37 1.0
54 11 0 54 31 1.0
54 12 1 54 24 1.0
54 13 113 54 35 1.0
54 14 113 54 35 1.0
54 15 113 54 35 1.0
54 16 2 54 24 1.0
54 17 0 54 24 1.0
54 18 0 54 18 1.0
54 19 0 54 19 1.0
54 20 0 54 20 1.0
54 21 0 54 21 1.0
54 22 0 54 22 1.0
54 23 0 54 23 1.0
54 24 0 54 24 1.0
54 25 0 54 25 1.0
54 26 0 54 26 1.0
54 27 0 54 27 1.0
54 28 0 54 28 1.0
54 29 0 54 29 1.0
54 30 0 54 30 1.0
54 31 0 54 31 1.0
54 32 0 54 32 1.0
54 33 0 54 33 1.0
54 34 0 54 34 1.0
54 35 0 54 35 1.0
54 36 0 54 36 1.0
54 37 0 54 37 1.0
54 38 1 54 0 1.0
54 39 119 54 5 1.0
54 40 119 54 5 1.0
54 41 1 54 0 1.0
54 42 90 54 23 1.0
54 43 112 54 4 1.0
54 44 1 54 0 1.0
54 45 0 54 18 1.0
54 46 1 54 19 1.0
54 47 4 54 22 1.0
54 48 0 54 18 1.0
54 49 3 54 21 1.0
54 50 4 54 22 1.0
54 51 4 54 22 1.0
54 52 17 54 4 1.0
54 53 7 54 26 1.0
54 55 4 54 30 1.0
54 56 4 54 30 1.0
54 57 7 54 26 1.0
54 58 4 54 30 1.0
54 59 3 54 30 1.0
54 60 3 54 30 1.0
54 61 0 54 24 1.0
54 62 0 54 24 1.0
54 63 3 54 30 1.0
54 64 11 54 35 1.0
54 65 6 54 26 1.0
54 66 24 54 21 1.0
54 67 71 54 35 1.0
54 68 31 54 22 1.0
54 69 3 54 18 1.0
54 70 59 54 33 1.0
54 71 77 54 36 1.0
54 72 25 54 21 1.0
54 73 9 54 3 1.0
54 74 6 54 23 0.171875
54 74 8 54 2 0.828125
54 75 0 54 0 1.0
54 76 9 54 3 1.0
54 77 7 54 1 1.0
54 78 7 54 1 1.0
54 79 4 54 21 1.0
55 0 0 55 0 1.0
55 1 0 55 1 1.0
55 2 0 55 2 1.0
55 4 0 55 4 1.0
55 5 0 55 5 1.0
55 6 2 55 33 1.0
55 7 6 55 37 1.0
55 8 5 55 36 1.0
55 9 5 55 36 1.0
55 10 4 55 35 1.0
55 11 0 55 31 1.0
55 12 36 55 28 1.0
55 13 35 55 28 1.0
55 14 113 55 35 1.0
55 15 113 55 35 1.0
55 16 2 55 24 1.0
55 17 28 55 29 1.0
55 18 0 55 18 1.0
55 19 0 55 19 1.0
55 20 0 55 20 1.0
55 21 0 55 21 1.0
55 22 0 55 22 1.0
55 23 0 55 23 1.0
55 24 0 55 24 1.0
55 25 0 55 25 1.0
55 26 0 55 26 1.0
55 27 0 55 27 1.0
55 28 0 55 28 1.0
55 29 0 55 29 1.0
55 31 0 55 31 1.0
55 32 0 55 32 1.0
55 33 0 55 33 1.0
55 34 0 55 34 1.0
55 35 0 55 35 1.0
55 36 0 55 36 1.0
55 37 0 55 37 1.0
55 38 113 55 4 1.0
55 39 119 55 5 1.0
55 40 1 55 0 1.0
55 41 119 55 5 1.0
55 42 92 55 1 1.0
55 43 105 55 3 1.0
55 44 91 55 1 1.0
55 45 0 55 18 1.0
55 46 1 55 19 1.0
55 47 4 55 22 1.0
55 48 0 55 18 1.0
55 49 3 55 21 1.0
55 50 4 55 22 1.0
55 51 4 55 22 1.0
55 52 4 55 30 1.0
55 53 4 55 30 1.0
55 54 16 55 3 1.0
55 56 4 55 30 1.0
55 57 4 55 30 1.0
55 58 4 55 30 1.0
55 59 3 55 30 1.0
55 60 3 55 30 1.0
55 61 4 55 29 1.0
55 62 0 55 24 1.0
55 63 3 55 30 1.0
55 64 3 55 30 1.0
55 65 3 55 30 1.0
55 66 22 55 21 1.0
55 67 71 55 35 1.0
55 68 71 55 35 1.0
55 69 32 55 22 1.0
55 70 83 55 37 1.0
55 72 3 55 18 1.0
55 73 4 55 21 1.0
55 74 0 55 0 1.0
55 75 0 55 0 1.0
55 76 3 55 20 1.0
55 77 0 55 0 1.0
55 78 9 55 3 1.0
55 79 9 55 3 1.0
56 0 0 56 0 1.0
56 1 0 56 1 1.0
56 2 0 56 2 1.0
56 3 0 56 3 1.0
56 4 0 56 4 1.0
56 5 0 56 5 1.0
56 6 5 56 36 1.0
56 7 2 56 33 1.0
56 8 4 56 35 1.0
56 9 4 56 35 1.0
56 10 4 56 35 1.0
56 11 0 56 31 1.0
56 12 3 56 24 1.0
56 13 113 56 35 1.0
56 14 113 56 35 1.0
56 15 2 56 24 1.0
56 16 44 56 26 1.0
56 17 42 56 26 1.0
56 18 0 56 18 1.0
56 19 0 56 19 1.0
56 20 0 56 20 1.0
56 21 0 56 21 1.0
56 22 0 56 22 1.0
56 23 0 56 23 1.0
56 24 0 56 24 1.0
56 25 0 56 25 1.0
56 26 0 56 26 1.0
56 27 0 56 27 1.0
56 28 0 56 28 1.0
56 29 0 56 29 1.0
56 30 0 56 30 1.0
56 31 0 56 31 1.0
56 32 0 56 32 1.0
56 33 0 56 33 1.0
56 34 0 56 34 1.0
56 35 0 56 35 1.0
56 36 0 56 36 1.0
56 37 0 56 37 1.0
56 38 98 56 2 1.0
56 39 94 56 1 1.0
56 40 0 56 0 1.0
56 41 119 56 5 1.0
56 42 99 56 2 1.0
56 43 105 56 3 1.0
56 44 105 56 3 1.0
56 45 0 56 18 1.0
56 46 4 56 22 1.0
56 47 2 56 20 1.0
56 48 0 56 18 1.0
56 49 3 56 21 1.0
56 50 0 56 18 1.0
56 51 4 56 22 1.0
56 52 2 56 0 1.0
56 53 7 56 26 1.0
56 54 7 56 26 1.0
56 55 4 56 30 1.0
56 57 7 56 26 1.0
56 58 4 56 30 1.0
56 59 4 56 29 1.0
56 60 5 56 28 1.0
56 61 5 56 28 1.0
56 62 10 56 34 1.0
56 63 3 56 30 1.0
56 64 0 56 24 1.0
56 65 6 56 26 1.0
56 66 71 56 35 1.0
56 67 71 56 35 1.0
56 68 31 56 22 1.0
56 69 78 56 37 1.0
56 70 22 56 21 1.0
56 71 71 56 35 1.0
56 72 82 56 37 1.0
56 73 10 56 4 1.0
56 74 9 56 3 1.0
56 75 5 56 22 1.0
56 76 3 56 20 1.0
56 77 8 56 2 1.0
56 78 7 56 1 1.0
56 79 7 56 1 1.0
57 0 0 57 0 1.0
57 1 0 57 1 1.0
57 2 0 57 2 1.0
57 3 0 57 3 1.0
57 4 0 57 4 1.0
57 5 0 57 5 1.0
57 6 6 57 37 1.0
57 7 2 57 33 1.0
57 8 6 57 37 1.0
57 9 5 57 36 1.0
57 10 4 57 35 1.0
57 11 0 57 31 1.0
57 12 22 57 30 1.0
57 13 113 57 35 1.0
57 14 113 57 35 1.0
57 15 47 57 26 1.0
57 16 23 57 30 1.0
57 17 42 57 26 1.0
57 18 0 57 18 1.0
57 19 0 57 19 1.0
57 20 0 57 20 1.0
57 21 0 57 21 1.0
57 22 0 57 22 1.0
57 23 0 57 23 1.0
57 24 0 57 24 1.0
57 25 0 57 25 1.0
57 26 0 57 26 1.0
57 27 0 57 27 1.0
57 28 0 57 28 1.0
57 29 0 57 29 1.0
57 30 0 57 30 1.0
57 31 0 57 31 1.0
57 32 0 57 32 1.0
57 33 0 57 33 1.0
57 34 0 57 34 1.0
57 35 0 57 35 1.0
57 36 0 57 36 1.0
57 37 0 57 37 1.0
57 38 111 57 3 1.0
57 39 95 57 1 1.0
57 40 1 57 0 1.0
57 41 119 57 5 1.0
57 42 119 57 5 1.0
57 43 114 57 4 1.0
57 44 105 57 3 1.0
57 45 0 57 18 1.0
57 46 4 57 22 1.0
57 47 2 57 20 1.0
57 48 3 57 21 1.0
57 49 2 57 20 1.0
57 50 3 57 21 1.0
57 51 4 57 22 1.0
57 52 2 57 0 1.0
57 53 7 57 26 1.0
57 54 7 57 26 1.0
57 55 4 57 30 1.0
57 56 4 57 30 1.0
57 58 4 57 30 1.0
57 59 4 57 29 1.0
57 60 7 57 31 1.0
57 61 4 57 29 1.0
57 62 6 57 26 1.0
57 63 9 57 33 1.0
57 64 6 57 26 1.0
57 65 11 57 35 1.0
57 66 71 57 35 1.0
57 67 31 57 22 1.0
57 68 71 57 35 1.0
57 69 67 57 35 1.0
57 70 32 57 22 1.0
57 71 32 57 22 1.0
57 72 76 57 36 1.0
57 73 7 57 1 1.0
57 74 9 57 3 1.0
57 75 3 57 20 1.0
57 76 3 57 20 1.0
57 77 4 57 21 1.0
57 78 4 57 21 1.0
57 79 4 57 21 1.0
58 0 0 58 0 1.0
58 1 0 58 1 1.0
58 2 0 58 2 1.0
58 3 0 58 3 1.0
58 4 0 58 4 1.0
58 5 0 58 5 1.0
58 6 5 58 36 1.0
58 7 4 58 35 1.0
58 8 1 58 32 1.0
58 9 3 58 34 1.0
58 10 4 58 35 1.0
58 11 4 58 35 1.0
58 12 113 58 35 1.0
58 13 113 58 35 1.0
58 14 0 58 24 1.0
58 15 2 58 24 1.0
58 16 113 58 35 1.0
58 17 35 58 28 1.0
58 18 0 58 18 1.0
58 19 0 58 19 1.0
58 20 0 58 20 1.0
58 21 0 58 21 1.0
58 22 0 58 22 1.0
58 23 0 58 23 1.0
58 24 0 58 24 1.0
58 25 0 58 25 1.0
58 26 0 58 26 1.0
58 27 0 58 27 1.0
58 28 0 58 28 1.0
58 29 0 58 29 1.0
58 30 0 58 30 1.0
58 32 0 58 32 1.0
58 33 0 58 33 1.0
58 34 0 58 34 1.0
58 35 0 58 35 1.0
58 36 0 58 36 1.0
58 37 0 58 37 1.0
58 38 120 58 5 1.0
58 39 120 58 5 1.0
58 40 98 58 2 1.0
58 41 99 58 2 1.0
58 42 99 58 2 1.0
58 43 1 58 0 1.0
58 44 92 58 1 1.0
58 45 4 58 22 1.0
58 46 2 58 20 1.0
58 47 5 58 23 1.0
58 48 4 58 22 1.0
58 49 1 58 19 1.0
58 50 4 58 22 1.0
58 51 0 58 18 1.0
58 52 17 58 4 1.0
58 53 15 58 2 1.0
58 54 15 58 2 1.0
58 55 4 58 30 1.0
58 56 4 58 30 1.0
58 57 15 58 2 1.0
58 59 0 58 24 1.0
58 60 0 58 24 1.0
58 61 0 58 24 1.0
58 62 3 58 30 1.0
58 63 0 58 24 1.0
58 64 12 58 36 1.0
58 65 12 58 36 1.0
58 66 3 58 18 1.0
58 67 8 58 19 1.0
58 68 8 58 19 1.0
58 69 17 58 20 1.0
58 70 68 58 35 1.0
58 71 71 58 35 1.0
58 72 22 58 21 1.0
58 73 1 58 18 1.0
58 74 4 58 21 1.0
58 75 11 58 5 1.0
58 76 2 58 19 1.0
58 77 10 58 4 1.0
58 78 7 58 1 1.0
58 79 9 58 3 1.0
59 0 5 59 28 1.0
59 1 3 59 30 1.0
59 2 5 59 28 1.0
59 4 5 59 28 1.0
59 6 0 59 6 1.0
59 8 0 59 8 1.0
59 9 0 59 9 1.0
59 10 0 59 10 1.0
59 12 0 59 12 1.0
59 14 0 59 14 1.0
59 15 0 59 15 1.0
59 17 0 59 17 1.0
59 18 107 59 33 1.0
59 22 135 59 37 1.0
59 23 139 59 37 1.0
59 25 0 59 25 1.0
59 26 0 59 26 1.0
59 27 0 59 27 1.0
59 29 0 59 29 1.0
59 32 0 59 32 1.0
59 33 0 59 33 1.0
59 34 0 59 34 1.0
59 37 0 59 37 1.0
59 38 2 59 13 1.0
59 40 5 59 17 1.0
59 41 5 59 17 1.0
59 43 0 59 16 1.0
59 44 0 59 16 1.0
59 45 119 59 11 1.0
59 46 102 59 8 1.0
59 47 119 59 11 1.0
59 48 102 59 8 1.0
59 50 102 59 8 1.0
59 51 122 59 11 1.0
59 53 0 59 24 1.0
59 54 5 59 28 1.0
59 55 5 59 28 1.0
59 56 5 59 28 1.0
59 57 0 59 24 1.0
59 58 5 59 28 1.0
59 61 8 59 31 1.0
59 62 8 59 31 1.0
59 63 8 59 31 1.0
59 64 8 59 31 1.0
59 65 8 59 31 1.0
59 66 6 59 6 1.0
59 67 10 59 10 1.0
59 68 5 59 17 1.0
59 69 7 59 7 1.0
59 71 2 59 13 1.0
59 73 56 59 13 1.0
59 75 56 59 13 1.0
59 77 33 59 28 1.0
59 78 32 59 28 1.0
59 79 44 59 16 1.0
60 1 5 60 28 1.0
60 2 5 60 28 1.0
60 4 5 60 28 1.0
60 5 5 60 28 1.0
60 7 0 60 7 1.0
60 9 0 60 9 1.0
60 11 0 60 11 1.0
60 12 0 60 12 1.0
60 14 0 60 14 1.0
60 15 0 60 15 1.0
60 18 128 60 36 1.0
60 19 107 60 33 1.0
60 23 125 60 35 1.0
60 25 0 60 25 1.0
60 26 0 60 26 1.0
60 27 0 60 27 1.0
60 29 0 60 29 1.0
60 30 0 60 30 1.0
60 31 0 60 31 1.0
60 33 0 60 33 1.0
60 35 0 60 35 1.0
60 36 0 60 36 1.0
60 37 0 60 37 1.0
60 39 0 60 16 1.0
60 40 5 60 17 1.0
60 41 5 60 17 1.0
60 42 0 60 16 1.0
60 43 0 60 16 1.0
60 45 112 60 10 1.0
60 46 102 60 8 1.0
60 47 112 60 10 1.0
60 49 123 60 11 1.0
60 50 102 60 8 1.0
60 51 114 60 10 1.0
60 52 5 60 28 1.0
60 53 0 60 24 1.0
60 54 5 60 28 1.0
60 55 5 60 28 1.0
60 56 3 60 30 1.0
60 57 13 60 37 1.0
60 58 5 60 28 1.0
60 61 8 60 31 1.0
60 62 22 60 8 1.0
60 63 22 60 8 1.0
60 64 22 60 8 1.0
60 65 22 60 8 1.0
60 66 6 60 6 1.0
60 67 10 60 10 1.0
60 68 8 60 8 1.0
60 69 6 60 6 1.0
60 72 2 60 13 1.0
60 73 56 60 13 1.0
60 74 56 60 13 1.0
60 77 58 60 13 1.0
60 78 30 60 28 1.0
60 79 59 60 13 1.0
61 1 3 61 30 1.0
61 2 3 61 30 1.0
61 4 4 61 29 1.0
61 7 0 61 7 1.0
61 8 0 61 8 1.0
61 9 0 61 9 1.0
61 10 0 61 10 1.0
61 11 0 61 11 1.0
61 12 0 61 12 1.0
61 13 0 61 13 1.0
61 14 0 61 14 1.0
61 15 0 61 15 1.0
61 16 0 61 16 1.0
61 17 0 61 17 1.0
61 19 128 61 36 1.0
61 20 126 61 36 1.0
61 21 128 61 36 1.0
61 22 107 61 33 1.0
61 23 132 61 36 1.0
61 24 0 61 24 1.0
61 25 0 61 25 1.0
61 26 0 61 26 1.0
61 27 0 61 27 1.0
61 28 0 61 28 1.0
61 29 0 61 29 1.0
61 30 0 61 30 1.0
61 31 0 61 31 1.0
61 32 0 61 32 1.0
61 33 0 61 33 1.0
61 34 0 61 34 1.0
61 35 0 61 35 1.0
61 36 0 61 36 1.0
61 37 0 61 37 1.0
61 38 2 61 13 1.0
61 39 0 61 16 1.0
61 40 0 61 16 1.0
61 41 0 61 16 1.0
61 42 0 61 16 1.0
61 43 1 61 12 1.0
61 45 84 61 6 1.0
61 46 123 61 11 1.0
61 47 84 61 6 1.0
61 48 102 61 8 1.0
61 49 102 61 8 1.0
61 50 102 61 8 1.0
61 51 124 61 11 1.0
61 53 3 61 30 1.0
61 54 0 61 24 1.0
61 55 1 61 25 1.0
61 56 5 61 28 1.0
61 57 3 61 30 1.0
61 58 0 61 24 1.0
61 60 8 61 31 1.0
61 62 24 61 10 1.0
61 63 20 61 6 1.0
61 64 20 61 6 1.0
61 65 20 61 6 1.0
61 66 6 61 6 1.0
61 67 10 61 10 1.0
61 68 5 61 17 1.0
61 69 7 61 7 1.0
61 72 2 61 13 1.0
61 75 43 61 16 1.0
61 77 77 61 17 1.0
61 78 77 61 17 1.0
61 79 61 61 13 1.0
62 0 3 62 30 1.0
62 1 0 62 24 1.0
62 2 3 62 30 1.0
62 4 3 62 30 1.0
62 5 5 62 28 1.0
62 7 0 62 7 1.0
62 8 0 62 8 1.0
62 9 0 62 9 1.0
62 11 0 62 11 1.0
62 12 0 62 12 1.0
62 13 0 62 13 1.0
62 14 0 62 14 1.0
62 15 0 62 15 1.0
62 16 0 62 16 1.0
62 17 0 62 17 1.0
62 18 128 62 36 1.0
62 19 128 62 36 1.0
62 20 128 62 36 1.0
62 21 128 62 36 1.0
62 22 128 62 36 1.0
62 23 107 62 33 1.0
62 25 0 62 25 1.0
62 26 0 62 26 1.0
62 27 0 62 27 1.0
62 28 0 62 28 1.0
62 29 0 62 29 1.0
62 32 0 62 32 1.0
62 33 0 62 33 1.0
62 34 0 62 34 1.0
62 35 0 62 35 1.0
62 36 0 62 36 1.0
62 37 0 62 37 1.0
62 38 2 62 13 1.0
62 39 0 62 16 1.0
62 40 5 62 17 1.0
62 41 0 62 16 1.0
62 42 2 62 13 1.0
62 43 1 62 12 1.0
62 44 2 62 13 1.0
62 45 84 62 6 1.0
62 46 84 62 6 1.0
62 47 112 62 10 1.0
62 48 102 62 8 1.0
62 49 123 62 11 1.0
62 50 119 62 11 1.0
62 51 87 62 6 1.0
62 52 0 62 24 1.0
62 53 3 62 30 1.0
62 54 0 62 24 1.0
62 55 0 62 24 1.0
62 56 6 62 26 1.0
62 57 7 62 31 1.0
62 58 0 62 24 1.0
62 59 8 62 31 1.0
62 60 8 62 31 1.0
62 61 8 62 31 1.0
62 63 8 62 31 1.0
62 64 8 62 31 1.0
62 65 8 62 31 1.0
62 66 6 62 6 1.0
62 67 3 62 14 1.0
62 68 7 62 7 1.0
62 69 11 62 11 1.0
62 70 8 62 8 1.0
62 72 2 62 13 1.0
62 73 56 62 13 1.0
62 74 43 62 16 1.0
62 75 56 62 13 1.0
62 76 56 62 13 1.0
62 77 21 62 30 1.0
62 78 20 62 30 1.0
62 79 2 62 24 1.0
63 0 6 63 26 1.0
63 1 2 63 27 1.0
63 2 2 63 27 1.0
63 3 2 63 27 1.0
63 4 2 63 27 1.0
63 5 3 63 30 1.0
63 6 0 63 6 1.0
63 7 0 63 7 1.0
63 8 0 63 8 1.0
63 9 0 63 9 1.0
63 10 0 63 10 1.0
63 11 0 63 11 1.0
63 12 0 63 12 1.0
63 14 0 63 14 1.0
63 15 0 63 15 1.0
63 16 0 63 16 1.0
63 17 0 63 17 1.0
63 18 93 63 31 1.0
63 19 100 63 32 1.0
63 20 126 63 36 1.0
63 21 121 63 35 1.0
63 22 100 63 32 1.0
63 23 100 63 32 1.0
63 24 0 63 24 1.0
63 25 0 63 25 1.0
63 26 0 63 26 1.0
63 27 0 63 27 1.0
63 28 0 63 28 1.0
63 29 0 63 29 1.0
63 30 0 63 30 1.0
63 31 0 63 31 1.0
63 32 0 63 32 1.0
63 33 0 63 33 1.0
63 34 0 63 34 1.0
63 35 0 63 35 1.0
63 36 0 63 36 1.0
63 37 0 63 37 1.0
63 38 1 63 12 1.0
63 39 1 63 12 1.0
63 40 0 63 16 1.0
63 41 3 63 14 1.0
63 42 5 63 17 1.0
63 43 0 63 16 1.0
63 44 0 63 16 1.0
63 45 116 63 10 1.0
63 46 104 63 8 1.0
63 47 97 63 7 1.0
63 48 117 63 10 1.0
63 49 103 63 8 1.0
63 50 103 63 8 1.0
63 51 102 63 8 1.0
63 52 12 63 36 1.0
63 53 12 63 36 1.0
63 54 6 63 26 1.0
63 55 7 63 31 1.0
63 56 6 63 26 1.0
63 57 6 63 26 1.0
63 58 12 63 36 1.0
63 59 23 63 9 1.0
63 60 25 63 11 1.0
63 61 8 63 31 1.0
63 62 24 63 10 1.0
63 64 8 63 31 1.0
63 65 24 63 10 1.0
63 67 10 63 10 1.0
63 68 10 63 10 1.0
63 69 6 63 6 1.0
63 70 10 63 10 1.0
63 71 8 63 8 1.0
63 72 10 63 10 1.0
63 73 54 63 12 1.0
63 74 62 63 13 1.0
63 75 40 63 26 1.0
63 76 27 63 29 1.0
63 77 60 63 13 1.0
63 78 60 63 13 1.0
63 79 43 63 16 1.0
64 0 6 64 26 1.0
64 1 5 64 28 1.0
64 2 5 64 28 1.0
64 3 2 64 27 1.0
64 4 2 64 27 1.0
64 5 2 64 27 1.0
64 6 0 64 6 1.0
64 7 0 64 7 1.0
64 8 0 64 8 1.0
64 9 0 64 9 1.0
64 10 0 64 10 1.0
64 11 0 64 11 1.0
64 12 0 64 12 1.0
64 13 0 64 13 1.0
64 14 0 64 14 1.0
64 15 0 64 15 1.0
64 16 0 64 16 1.0
64 17 0 64 17 1.0
64 18 139 64 37 1.0
64 19 126 64 36 1.0
64 20 91 64 31 1.0
64 21 132 64 36 1.0
64 22 105 64 33 1.0
64 23 139 64 37 1.0
64 24 0 64 24 1.0
64 25 0 64 25 1.0
64 26 0 64 26 1.0
64 27 0 64 27 1.0
64 28 0 64 28 1.0
64 29 0 64 29 1.0
64 30 0 64 30 1.0
64 31 0 64 31 1.0
64 32 0 64 32 1.0
64 33 0 64 33 1.0
64 34 0 64 34 1.0
64 35 0 64 35 1.0
64 36 0 64 36 1.0
64 37 0 64 37 1.0
64 38 0 64 16 1.0
64 39 1 64 12 1.0
64 40 0 64 16 1.0
64 41 3 64 14 1.0
64 42 5 64 17 1.0
64 43 5 64 17 1.0
64 44 0 64 16 1.0
64 45 118 64 10 1.0
64 46 104 64 8 1.0
64 47 116 64 10 1.0
64 48 118 64 10 1.0
64 49 111 64 9 1.0
64 50 124 64 11 1.0
64 51 124 64 11 1.0
64 52 12 64 36 1.0
64 53 6 64 26 1.0
64 54 13 64 37 1.0
64 55 7 64 31 1.0
64 56 3 64 30 1.0
64 57 6 64 26 1.0
64 58 13 64 37 1.0
64 59 8 64 31 1.0
64 60 25 64 11 1.0
64 61 8 64 31 1.0
64 62 24 64 10 1.0
64 63 25 64 11 1.0
64 65 24 64 10 1.0
64 66 6 64 6 1.0
64 67 10 64 10 1.0
64 68 2 64 13 1.0
64 69 6 64 6 1.0
64 70 1 64 12 1.0
64 71 0 64 16 1.0
64 72 10 64 10 1.0
64 73 62 64 13 1.0
64 74 61 64 13 1.0
64 75 53 64 12 1.0
64 76 15 64 27 1.0
64 77 54 64 12 1.0
64 78 81 64 17 1.0
64 79 56 64 13 1.0
65 0 2 65 27 1.0
65 1 5 65 28 1.0
65 2 5 65 28 1.0
65 3 3 65 30 1.0
65 4 2 65 27 1.0
65 5 5 65 28 1.0
65 6 0 65 6 1.0
65 7 0 65 7 1.0
65 8 0 65 8 1.0
65 9 0 65 9 1.0
65 10 0 65 10 1.0
65 11 0 65 11 1.0
65 12 0 65 12 1.0
65 13 0 65 13 1.0
65 14 0 65 14 1.0
65 15 0 65 15 1.0
65 16 0 65 16 1.0
65 17 0 65 17 1.0
65 18 93 65 31 1.0
65 19 132 65 36 1.0
65 20 133 65 37 1.0
65 21 114 65 34 1.0
65 22 133 65 37 1.0
65 23 100 65 32 1.0
65 24 0 65 24 1.0
65 25 0 65 25 1.0
65 26 0 65 26 1.0
65 27 0 65 27 1.0
65 28 0 65 28 1.0
65 29 0 65 29 1.0
65 30 0 65 30 1.0
65 31 0 65 31 1.0
65 32 0 65 32 1.0
65 33 0 65 33 1.0
65 34 0 65 34 1.0
65 35 0 65 35 1.0
65 36 0 65 36 1.0
65 37 0 65 37 1.0
65 38 0 65 16 1.0
65 39 2 65 13 1.0
65 40 3 65 14 1.0
65 41 2 65 13 1.0
65 42 5 65 17 1.0
65 43 5 65 17 1.0
65 44 0 65 16 1.0
65 45 112 65 10 1.0
65 46 125 65 11 1.0
65 47 90 65 6 1.0
65 48 117 65 10 1.0
65 49 109 65 9 1.0
65 50 124 65 11 1.0
65 51 84 65 6 1.0
65 52 3 65 30 1.0
65 53 0 65 24 1.0
65 54 0 65 24 1.0
65 55 7 65 31 1.0
65 56 3 65 30 1.0
65 57 13 65 37 1.0
65 58 13 65 37 1.0
65 59 23 65 9 1.0
65 60 25 65 11 1.0
65 61 8 65 31 1.0
65 62 24 65 10 1.0
65 63 24 65 10 1.0
65 64 8 65 31 1.0
65 66 6 65 6 1.0
65 67 2 65 13 1.0
65 68 10 65 10 1.0
65 69 7 65 7 1.0
65 70 2 65 13 1.0
65 71 2 65 13 1.0
65 72 3 65 14 1.0
65 73 60 65 13 1.0
65 74 81 65 17 1.0
65 75 60 65 13 1.0
65 76 12 65 27 1.0
65 77 62 65 13 1.0
65 78 56 65 13 1.0
65 79 56 65 13 1.0
66 0 7 66 39 1.0
66 1 8 66 39 1.0
66 2 1 66 38 1.0
66 3 1 66 38 1.0
66 4 1 66 38 1.0
66 5 1 66 38 1.0
66 6 0 66 6 1.0
66 7 0 66 7 1.0
66 8 0 66 8 1.0
66 9 0 66 9 1.0
66 10 0 66 10 1.0
66 11 0 66 11 1.0
66 12 0 66 12 1.0
66 13 0 66 13 1.0
66 14 0 66 14 1.0
66 15 0 66 15 1.0
66 16 0 66 16 1.0
66 17 0 66 17 1.0
66 18 5 66 50 1.0
66 19 4 66 49 1.0
66 20 3 66 48 1.0
66 21 5 66 50 1.0
66 22 4 66 49 1.0
66 23 4 66 49 1.0
66 24 123 66 11 1.0
66 25 123 66 11 1.0
66 26 123 66 11 1.0
66 27 123 66 11 1.0
66 28 123 66 11 1.0
66 29 123 66 11 1.0
66 30 41 66 17 1.0
66 31 5 66 11 1.0
66 32 5 66 11 1.0
66 33 5 66 11 1.0
66 34 1 66 7 1.0
66 35 5 66 11 1.0
66 36 0 66 6 1.0
66 37 0 66 6 1.0
66 38 0 66 38 1.0
66 39 0 66 39 1.0
66 40 0 66 40 1.0
66 41 0 66 41 1.0
66 42 0 66 42 1.0
66 43 0 66 43 1.0
66 45 0 66 45 1.0
66 46 0 66 46 1.0
66 47 0 66 47 1.0
66 48 0 66 48 1.0
66 49 0 66 49 1.0
66 51 0 66 51 1.0
66 52 10 66 46 1.0
66 53 81 66 11 1.0
66 54 81 66 11 1.0
66 55 79 66 11 1.0
66 56 81 66 11 1.0
66 57 81 66 11 1.0
66 58 81 66 11 1.0
66 59 0 66 16 1.0
66 60 11 66 11 1.0
66 61 11 66 11 1.0
66 62 2 66 13 1.0
66 65 6 66 6 1.0
66 67 7 66 44 1.0
66 68 7 66 44 1.0
66 69 7 66 44 1.0
66 70 0 66 16 1.0
66 71 1 66 38 1.0
66 72 0 66 16 1.0
66 73 0 66 38 1.0
66 74 1 66 39 1.0
66 75 12 66 50 1.0
66 76 5 66 43 1.0
66 77 12 66 50 1.0
66 78 12 66 50 1.0
67 0 9 67 39 1.0
67 1 1 67 38 1.0
67 2 1 67 38 1.0
67 3 2 67 38 1.0
67 4 0 67 38 1.0
67 5 37 67 43 1.0
67 6 0 67 6 1.0
67 7 0 67 7 1.0
67 8 0 67 8 1.0
67 9 0 67 9 1.0
67 10 0 67 10 1.0
67 11 0 67 11 1.0
67 12 0 67 12 1.0
67 13 0 67 13 1.0
67 14 0 67 14 1.0
67 15 0 67 15 1.0
67 16 0 67 16 1.0
67 17 0 67 17 1.0
67 18 3 67 48 1.0
67 19 2 67 47 1.0
67 20 4 67 49 1.0
67 21 3 67 48 1.0
67 22 1 67 46 1.0
67 23 2 67 47 1.0
67 24 18 67 13 1.0
67 25 18 67 13 1.0
67 26 123 67 11 1.0
67 27 8 67 12 1.0
67 28 17 67 13 1.0
67 29 22 67 14 1.0
67 30 14 67 13 1.0
67 31 4 67 10 1.0
67 32 4 67 10 1.0
67 33 1 67 7 1.0
67 34 5 67 11 1.0
67 35 3 67 9 1.0
67 36 4 67 10 1.0
67 37 5 67 11 1.0
67 38 0 67 38 1.0
67 39 0 67 39 1.0
67 40 0 67 40 1.0
67 41 0 67 41 1.0
67 42 0 67 42 1.0
67 43 0 67 43 1.0
67 44 0 67 44 1.0
67 45 0 67 45 1.0
67 46 0 67 46 1.0
67 47 0 67 47 1.0
67 48 0 67 48 1.0
67 49 0 67 49 1.0
67 50 0 67 50 1.0
67 51 0 67 51 1.0
67 52 7 67 46 1.0
67 53 78 67 11 1.0
67 54 81 67 11 1.0
67 55 81 67 11 1.0
67 56 81 67 11 1.0
67 57 79 67 11 1.0
67 58 80 67 11 1.0
67 59 8 67 8 1.0
67 60 0 67 16 1.0
67 61 6 67 6 1.0
67 62 1 67 12 1.0
67 63 3 67 14 1.0
67 64 2 67 13 1.0
67 65 5 67 17 1.0
67 66 5 67 42 1.0
67 68 4 67 41 1.0
67 69 16 67 13 1.0
67 70 0 67 16 1.0
67 71 16 67 13 1.0
67 72 16 67 13 1.0
67 73 0 67 38 1.0
67 74 0 67 38 1.0
67 75 7 67 45 1.0
67 76 6 67 44 1.0
67 77 2 67 40 1.0
67 78 0 67 38 1.0
67 79 0 67 38 1.0
68 0 1 68 38 1.0
68 1 8 68 39 1.0
68 2 36 68 43 1.0
68 3 36 68 43 1.0
68 4 6 68 38 1.0
68 5 1 68 38 1.0
68 6 0 68 6 1.0
68 7 0 68 7 1.0
68 8 0 68 8 1.0
68 9 0 68 9 1.0
68 10 0 68 10 1.0
68 11 0 68 11 1.0
68 12 0 68 12 1.0
68 14 0 68 14 1.0
68 15 0 68 15 1.0
68 16 0 68 16 1.0
68 17 0 68 17 1.0
68 18 3 68 48 1.0
68 19 2 68 47 1.0
68 20 6 68 51 1.0
68 21 3 68 48 1.0
68 22 1 68 46 1.0
68 23 3 68 48 1.0
68 24 17 68 13 1.0
68 25 1 68 16 1.0
68 26 123 68 11 1.0
68 27 1 68 16 1.0
68 28 123 68 11 1.0
68 29 22 68 14 1.0
68 30 123 68 11 1.0
68 31 4 68 10 1.0
68 32 4 68 10 1.0
68 33 3 68 9 1.0
68 34 5 68 11 1.0
68 35 1 68 7 1.0
68 36 4 68 10 1.0
68 37 5 68 11 1.0
68 38 0 68 38 1.0
68 39 0 68 39 1.0
68 40 0 68 40 1.0
68 41 0 68 41 1.0
68 42 0 68 42 1.0
68 43 0 68 43 1.0
68 44 0 68 44 1.0
68 45 0 68 45 1.0
68 46 0 68 46 1.0
68 47 0 68 47 1.0
68 48 0 68 48 1.0
68 49 0 68 49 1.0
68 50 0 68 50 1.0
68 51 0 68 51 1.0
68 52 31 68 50 1.0
68 53 77 68 11 1.0
68 54 81 68 11 1.0
68 55 79 68 11 1.0
68 56 81 68 11 1.0
68 57 81 68 11 1.0
68 58 20 68 48 1.0
68 59 8 68 8 1.0
68 60 0 68 16 1.0
68 61 3 68 14 1.0
68 62 7 68 7 1.0
68 63 10 68 10 1.0
68 64 2 68 13 1.0
68 65 2 68 13 1.0
68 66 5 68 42 1.0
68 67 22 68 8 1.0
68 69 16 68 13 1.0
68 70 16 68 13 1.0
68 71 16 68 13 1.0
68 72 16 68 13 1.0
68 73 5 68 43 1.0
68 74 0 68 38 1.0
68 75 0 68 38 1.0
68 76 4 68 42 1.0
68 77 0 68 38 1.0
68 78 0 68 38 1.0
68 79 1 68 39 1.0
69 0 37 69 43 1.0
69 1 8 69 39 1.0
69 2 8 69 39 1.0
69 3 8 69 39 1.0
69 4 36 69 43 1.0
69 5 1 69 38 1.0
69 6 0 69 6 1.0
69 7 0 69 7 1.0
69 8 0 69 8 1.0
69 9 0 69 9 1.0
69 10 0 69 10 1.0
69 11 0 69 11 1.0
69 12 0 69 12 1.0
69 14 0 69 14 1.0
69 15 0 69 15 1.0
69 16 0 69 16 1.0
69 17 0 69 17 1.0
69 18 4 69 49 1.0
69 19 2 69 47 1.0
69 20 1 69 46 1.0
69 21 3 69 48 1.0
69 22 1 69 46 1.0
69 23 3 69 48 1.0
69 24 123 69 11 1.0
69 25 15 69 13 1.0
69 26 14 69 13 1.0
69 27 19 69 13 1.0
69 28 36 69 17 1.0
69 29 19 69 13 1.0
69 30 15 69 13 1.0
69 31 4 69 10 1.0
69 32 4 69 10 1.0
69 33 3 69 9 1.0
69 34 5 69 11 1.0
69 35 1 69 7 1.0
69 36 3 69 9 1.0
69 37 5 69 11 1.0
69 38 0 69 38 1.0
69 39 0 69 39 1.0
69 40 0 69 40 1.0
69 41 0 69 41 1.0
69 42 0 69 42 1.0
69 43 0 69 43 1.0
69 44 0 69 44 1.0
69 45 0 69 45 1.0
69 46 0 69 46 1.0
69 47 0 69 47 1.0
69 48 0 69 48 1.0
69 49 0 69 49 1.0
69 50 0 69 50 1.0
69 51 0 69 51 1.0
69 52 34 69 50 1.0
69 53 51 69 7 1.0
69 54 28 69 49 1.0
69 55 22 69 48 1.0
69 56 45 69 6 1.0
69 57 28 69 49 1.0
69 58 51 69 7 1.0
69 59 10 69 10 1.0
69 60 10 69 10 1.0
69 61 11 69 11 1.0
69 62 11 69 11 1.0
69 63 11 69 11 1.0
69 64 10 69 10 1.0
69 65 3 69 14 1.0
69 66 5 69 42 1.0
69 67 16 69 13 1.0
69 68 16 69 13 1.0
69 70 16 69 13 1.0
69 71 16 69 13 1.0
69 72 16 69 13 1.0
69 73 0 69 38 1.0
69 74 1 69 39 1.0
69 75 5 69 43 1.0
69 76 5 69 43 1.0
69 77 4 69 42 1.0
69 78 2 69 40 1.0
69 79 6 69 44 1.0
70 0 11 70 39 1.0
70 1 36 70 43 1.0
70 2 36 70 43 1.0
70 3 6 70 38 1.0
70 4 9 70 39 1.0
70 5 35 70 43 1.0
70 6 0 70 6 1.0
70 7 0 70 7 1.0
70 9 0 70 9 1.0
70 10 0 70 10 1.0
70 14 0 70 14 1.0
70 15 0 70 15 1.0
70 16 0 70 16 1.0
70 18 4 70 49 1.0
70 19 1 70 46 1.0
70 20 1 70 46 1.0
70 21 4 70 49 1.0
70 22 4 70 49 1.0
70 23 2 70 47 1.0
70 24 35 70 17 1.0
70 25 13 70 12 1.0
70 26 123 70 11 1.0
70 27 16 70 13 1.0
70 28 123 70 11 1.0
70 29 15 70 13 1.0
70 30 11 70 12 1.0
70 31 2 70 8 1.0
70 32 4 70 10 1.0
70 33 5 70 11 1.0
70 35 5 70 11 1.0
70 36 2 70 8 1.0
70 37 5 70 11 1.0
70 40 0 70 40 1.0
70 41 0 70 41 1.0
70 42 0 70 42 1.0
70 43 0 70 43 1.0
70 44 0 70 44 1.0
70 45 0 70 45 1.0
70 46 0 70 46 1.0
70 47 0 70 47 1.0
70 50 0 70 50 1.0
70 51 0 70 51 1.0
70 52 81 70 11 1.0
70 53 28 70 49 1.0
70 54 28 70 49 1.0
70 55 28 70 49 1.0
70 56 56 70 8 1.0
70 57 28 70 49 1.0
70 58 79 70 11 1.0
70 61 8 70 8 1.0
70 62 8 70 8 1.0
70 63 0 70 16 1.0
70 64 3 70 14 1.0
70 65 2 70 13 1.0
70 66 1 70 38 1.0
70 67 16 70 13 1.0
70 68 16 70 13 1.0
70 69 16 70 13 1.0
70 71 16 70 13 1.0
70 72 1 70 38 1.0
70 73 5 70 43 1.0
70 74 10 70 48 1.0
70 75 0 70 38 1.0
70 77 11 70 49 1.0
70 78 1 70 39 1.0
70 79 1 70 39 1.0
71 0 139 71 51 1.0
71 1 19 71 40 1.0
71 2 46 71 44 1.0
71 3 98 71 48 1.0
71 4 84 71 47 1.0
71 5 72 71 46 1.0
71 6 0 71 6 1.0
71 7 0 71 7 1.0
71 9 0 71 9 1.0
71 10 0 71 10 1.0
71 14 0 71 14 1.0
71 15 0 71 15 1.0
71 16 0 71 16 1.0
71 19 3 71 48 1.0
71 20 2 71 47 1.0
71 23 3 71 48 1.0
71 24 87 71 9 1.0
71 25 123 71 11 1.0
71 26 35 71 17 1.0
71 27 14 71 13 1.0
71 29 18 71 13 1.0
71 30 124 71 11 1.0
71 31 2 71 8 1.0
71 32 2 71 8 1.0
71 40 0 71 40 1.0
71 41 0 71 41 1.0
71 42 0 71 42 1.0
71 43 0 71 43 1.0
71 44 0 71 44 1.0
71 45 0 71 45 1.0
71 51 0 71 51 1.0
71 53 22 71 48 1.0
71 54 22 71 48 1.0
71 55 81 71 11 1.0
71 56 81 71 11 1.0
71 57 13 71 47 1.0
71 58 81 71 11 1.0
71 60 2 71 13 1.0
71 62 2 71 13 1.0
71 63 1 71 12 1.0
71 64 8 71 8 1.0
71 65 11 71 11 1.0
71 66 1 71 38 1.0
71 67 16 71 13 1.0
71 68 16 71 13 1.0
71 69 16 71 13 1.0
71 70 15 71 12 1.0
71 72 2 71 39 1.0
71 73 12 71 50 1.0
71 74 5 71 43 1.0
71 75 0 71 38 1.0
71 77 12 71 50 1.0
71 78 1 71 39 1.0
71 79 0 71 38 1.0
72 0 0 72 38 1.0
72 1 35 72 43 1.0
72 2 0 72 38 1.0
72 3 15 72 40 1.0
72 4 13 72 39 1.0
72 5 8 72 39 1.0
72 6 0 72 6 1.0
72 7 0 72 7 1.0
72 9 0 72 9 1.0
72 10 0 72 10 1.0
72 11 0 72 11 1.0
72 14 0 72 14 1.0
72 15 0 72 15 1.0
72 19 4 72 49 1.0
72 20 2 72 47 1.0
72 23 1 72 46 1.0
72 24 1 72 16 1.0
72 25 36 72 17 1.0
72 26 8 72 12 1.0
72 27 14 72 13 1.0
72 29 15 72 13 1.0
72 30 9 72 12 1.0
72 31 5 72 11 1.0
72 32 4 72 10 1.0
72 34 2 72 8 1.0
72 36 2 72 8 1.0
72 37 2 72 8 1.0
72 38 0 72 38 1.0
72 39 0 72 39 1.0
72 40 0 72 40 1.0
72 41 0 72 41 1.0
72 42 0 72 42 1.0
72 43 0 72 43 1.0
72 44 0 72 44 1.0
72 45 0 72 45 1.0
72 46 0 72 46 1.0
72 47 0 72 47 1.0
72 48 0 72 48 1.0
72 50 0 72 50 1.0
72 51 0 72 51 1.0
72 52 81 72 11 1.0
72 53 25 72 49 1.0
72 54 59 72 8 1.0
72 55 79 72 11 1.0
72 56 25 72 49 1.0
72 57 27 72 49 1.0
72 58 24 72 49 1.0
72 59 8 72 8 1.0
72 61 8 72 8 1.0
72 62 8 72 8 1.0
72 63 11 72 11 1.0
72 64 3 72 14 1.0
72 65 0 72 16 1.0
72 66 0 72 16 1.0
72 67 16 72 13 1.0
72 68 16 72 13 1.0
72 69 16 72 13 1.0
72 70 0 72 16 1.0
72 71 19 72 17 1.0
72 73 0 72 38 1.0
72 74 11 72 49 1.0
72 75 11 72 49 1.0
72 77 10 72 48 1.0
72 78 10 72 48 1.0
72 79 9 72 47 1.0
73 0 0 73 0 1.0
73 1 0 73 1 1.0
73 2 0 73 2 1.0
73 3 0 73 3 1.0
73 4 0 73 4 1.0
73 5 0 73 5 1.0
73 6 1 73 38 1.0
73 7 93 73 45 1.0
73 8 125 73 49 1.0
73 9 1 73 38 1.0
73 10 0 73 38 1.0
73 12 5 73 43 1.0
73 13 0 73 38 1.0
73 14 1 73 39 1.0
73 15 1 73 39 1.0
73 16 0 73 38 1.0
73 17 0 73 38 1.0
73 19 0 73 19 1.0
73 20 0 73 20 1.0
73 23 0 73 23 1.0
73 24 2 73 2 1.0
73 25 2 73 2 1.0
73 26 3 73 3 1.0
73 27 1 73 1 1.0
73 29 5 73 5 1.0
73 30 1 73 1 1.0
73 31 2 73 0 1.0
73 32 21 73 19 1.0
73 34 44 73 22 1.0
73 36 44 73 22 1.0
73 37 44 73 22 1.0
73 39 0 73 39 1.0
73 40 0 73 40 1.0
73 41 0 73 41 1.0
73 42 0 73 42 1.0
73 44 0 73 44 1.0
73 45 0 73 45 1.0
73 47 0 73 47 1.0
73 50 0 73 50 1.0
73 51 0 73 51 1.0
73 53 2 73 19 1.0
73 54 8 73 2 1.0
73 55 4 73 21 1.0
73 56 7 73 1 1.0
73 57 1 73 18 1.0
73 58 1 73 18 1.0
73 60 44 73 38 1.0
73 62 44 73 38 1.0
73 63 50 73 39 1.0
73 64 68 73 42 1.0
73 65 73 73 43 1.0
73 66 5 73 43 1.0
73 67 5 73 43 1.0
73 68 0 73 38 1.0
73 69 5 73 43 1.0
73 70 0 73 38 1.0
73 71 10 73 48 1.0
73 72 0 73 38 1.0
73 74 5 73 22 0.109375
73 74 25 73 51 0.890625
73 77 1 73 18 1.0
73 78 1 73 18 1.0
73 79 1 73 18 1.0
74 0 0 74 0 1.0
74 1 0 74 1 1.0
74 2 0 74 2 1.0
74 3 0 74 3 1.0
74 4 0 74 4 1.0
74 5 0 74 5 1.0
74 6 65 74 43 1.0
74 7 139 74 51 1.0
74 9 96 74 45 1.0
74 10 65 74 43 1.0
74 12 5 74 43 1.0
74 14 3 74 41 1.0
74 15 4 74 42 1.0
74 16 0 74 38 1.0
74 17 5 74 43 1.0
74 19 0 74 19 1.0
74 20 0 74 20 1.0
74 21 0 74 21 1.0
74 22 0 74 22 1.0
74 23 0 74 23 1.0
74 24 2 74 2 1.0
74 25 2 74 2 1.0
74 26 4 74 4 1.0
74 27 4 74 4 1.0
74 29 4 74 4 1.0
74 30 0 74 0 0.578125
74 30 5 74 5 0.421875
74 31 21 74 19 1.0
74 32 52 74 23 1.0
74 34 44 74 22 1.0
74 36 44 74 22 1.0
74 38 0 74 38 1.0
74 39 0 74 39 1.0
74 40 0 74 40 1.0
74 41 0 74 41 1.0
74 42 0 74 42 1.0
74 44 0 74 44 1.0
74 45 0 74 45 1.0
74 47 0 74 47 1.0
74 50 0 74 50 1.0
74 51 0 74 51 1.0
74 52 5 74 22 1.0
74 53 2 74 19 1.0
74 54 2 74 19 1.0
74 55 1 74 18 1.0
74 56 7 74 1 1.0
74 57 7 74 1 1.0
74 58 1 74 18 1.0
74 62 74 74 43 1.0
74 63 47 74 38 1.0
74 64 76 74 43 1.0
74 65 72 74 43 1.0
74 66 5 74 43 1.0
74 67 5 74 43 1.0
74 68 5 74 43 1.0
74 69 5 74 43 1.0
74 70 5 74 43 1.0
74 71 10 74 48 1.0
74 72 5 74 43 1.0
74 73 23 74 49 0.171875
74 73 24 74 50 0.828125
74 75 22 74 48 1.0
74 77 1 74 18 1.0
74 78 1 74 18 1.0
74 79 1 74 18 1.0
75 1 0 75 1 1.0
75 2 0 75 2 1.0
75 6 119 75 49 1.0
75 8 119 75 49 1.0
75 9 119 75 49 1.0
75 10 13 75 39 1.0
75 11 0 75 38 1.0
75 12 5 75 43 1.0
75 14 1 75 39 1.0
75 15 1 75 39 1.0
75 17 5 75 43 1.0
75 19 0 75 19 1.0
75 20 0 75 20 1.0
75 21 0 75 21 1.0
75 22 0 75 22 1.0
75 23 0 75 23 1.0
75 25 0 75 0 1.0
75 26 0 75 0 1.0
75 27 4 75 4 1.0
75 29 3 75 3 1.0
75 31 44 75 22 1.0
75 32 23 75 19 1.0
75 33 44 75 22 1.0
75 37 44 75 22 1.0
75 38 0 75 38 1.0
75 39 0 75 39 1.0
75 40 0 75 40 1.0
75 41 0 75 41 1.0
75 43 0 75 43 1.0
75 45 0 75 45 1.0
75 48 0 75 48 1.0
75 50 0 75 50 1.0
75 51 0 75 51 1.0
75 52 5 75 22 1.0
75 53 1 75 18 1.0
75 54 9 75 3 1.0
75 55 0 75 0 1.0
75 56 2 75 19 1.0
75 57 1 75 18 1.0
75 58 11 75 5 1.0
75 59 42 75 38 1.0
75 60 44 75 38 1.0
75 61 44 75 38 1.0
75 62 44 75 38 1.0
75 63 68 75 42 1.0
75 64 25 75 3 1.0
75 65 68 75 42 1.0
75 66 11 75 49 1.0
75 67 9 75 47 1.0
75 68 4 75 42 1.0
75 69 9 75 47 1.0
75 71 0 75 38 1.0
75 72 11 75 49 1.0
75 74 1 75 18 1.0
75 77 1 75 18 1.0
75 78 1 75 18 1.0
75 79 1 75 18 1.0
76 1 0 76 1 1.0
76 2 0 76 2 1.0
76 3 0 76 3 1.0
76 7 112 76 48 1.0
76 9 112 76 48 1.0
76 10 65 76 43 1.0
76 12 5 76 43 1.0
76 13 0 76 38 1.0
76 14 4 76 42 1.0
76 15 4 76 42 1.0
76 17 0 76 38 1.0
76 20 0 76 20 1.0
76 21 0 76 21 1.0
76 22 0 76 22 1.0
76 25 4 76 4 1.0
76 26 3 76 3 1.0
76 27 0 76 0 1.0
76 28 3 76 3 1.0
76 30 4 76 4 1.0
76 32 44 76 22 1.0
76 34 44 76 22 1.0
76 37 44 76 22 1.0
76 40 0 76 40 1.0
76 41 0 76 41 1.0
76 43 0 76 43 1.0
76 45 0 76 45 1.0
76 46 0 76 46 1.0
76 49 0 76 49 1.0
76 50 0 76 50 1.0
76 51 0 76 51 1.0
76 52 5 76 22 1.0
76 53 6 76 23 1.0
76 54 1 76 18 1.0
76 55 11 76 5 1.0
76 56 9 76 3 1.0
76 57 6 76 23 1.0
76 58 10 76 4 1.0
76 60 43 76 38 1.0
76 61 44 76 38 1.0
76 62 44 76 38 1.0
76 63 77 76 43 1.0
76 64 73 76 43 1.0
76 65 77 76 43 1.0
76 66 0 76 38 1.0
76 67 1 76 39 1.0
76 68 1 76 39 1.0
76 69 0 76 38 1.0
76 71 0 76 38 1.0
76 75 1 76 18 1.0
76 77 1 76 18 1.0
76 78 1 76 18 1.0
76 79 1 76 18 1.0
77 0 0 77 0 1.0
77 1 0 77 1 1.0
77 2 0 77 2 1.0
77 3 0 77 3 1.0
77 4 0 77 4 1.0
77 5 0 77 5 1.0
77 6 105 77 47 1.0
77 7 91 77 45 1.0
77 8 109 77 47 1.0
77 9 123 77 49 1.0
77 10 65 77 43 1.0
77 11 26 77 40 1.0
77 12 0 77 38 1.0
77 13 0 77 38 1.0
77 14 0 77 38 1.0
77 15 2 77 40 1.0
77 16 1 77 39 1.0
77 17 0 77 38 1.0
77 18 0 77 18 1.0
77 19 0 77 19 1.0
77 20 0 77 20 1.0
77 21 0 77 21 1.0
77 22 0 77 22 1.0
77 23 0 77 23 1.0
77 24 5 77 5 1.0
77 25 2 77 2 1.0
77 26 0 77 0 1.0
77 27 5 77 5 1.0
77 28 2 77 2 1.0
77 29 4 77 4 1.0
77 30 1 77 1 1.0
77 31 37 77 21 1.0
77 32 20 77 18 1.0
77 33 48 77 22 1.0
77 34 20 77 18 1.0
77 35 48 77 22 1.0
77 36 48 77 22 1.0
77 37 41 77 21 1.0
77 38 0 77 38 1.0
77 39 0 77 39 1.0
77 40 0 77 40 1.0
77 41 0 77 41 1.0
77 42 0 77 42 1.0
77 43 0 77 43 1.0
77 44 0 77 44 1.0
77 45 0 77 45 1.0
77 46 0 77 46 1.0
77 47 0 77 47 1.0
77 48 0 77 48 1.0
77 49 0 77 49 1.0
77 50 0 77 50 1.0
77 51 0 77 51 1.0
77 52 11 77 5 1.0
77 53 0 77 0 1.0
77 54 5 77 22 1.0
77 55 4 77 21 1.0
77 56 7 77 1 1.0
77 57 7 77 1 1.0
77 58 4 77 21 1.0
77 59 26 77 3 1.0
77 60 10 77 1 1.0
77 61 32 77 4 1.0
77 62 24 77 3 1.0
77 63 79 77 44 1.0
77 64 73 77 43 1.0
77 65 74 77 43 1.0
77 67 11 77 49 1.0
77 68 3 77 41 1.0
77 69 6 77 44 1.0
77 70 0 77 38 1.0
77 71 11 77 49 1.0
77 72 10 77 48 1.0
77 73 1 77 18 1.0
77 74 4 77 21 1.0
77 75 5 77 22 1.0
77 76 1 77 18 1.0
77 78 6 77 23 1.0
77 79 25 77 51 1.0
78 0 0 78 0 1.0
78 1 0 78 1 1.0
78 2 0 78 2 1.0
78 3 0 78 3 1.0
78 4 0 78 4 1.0
78 5 0 78 5 1.0
78 6 125 78 49 1.0
78 7 105 78 47 1.0
78 8 139 78 51 1.0
78 9 112 78 48 1.0
78 10 65 78 43 1.0
78 11 65 78 43 1.0
78 12 0 78 38 1.0
78 13 0 78 38 1.0
78 14 0 78 38 1.0
78 15 6 78 44 1.0
78 16 1 78 39 1.0
78 17 0 78 38 1.0
78 18 0 78 18 1.0
78 19 0 78 19 1.0
78 20 0 78 20 1.0
78 21 0 78 21 1.0
78 22 0 78 22 1.0
78 23 0 78 23 1.0
78 24 3 78 3 1.0
78 25 2 78 2 1.0
78 26 1 78 1 1.0
78 27 2 78 2 1.0
78 28 0 78 0 1.0
78 29 0 78 0 1.0
78 30 5 78 5 1.0
78 31 35 78 21 1.0
78 32 27 78 19 1.0
78 33 20 78 18 1.0
78 34 27 78 19 1.0
78 35 20 78 18 1.0
78 36 48 78 22 1.0
78 37 20 78 18 1.0
78 38 0 78 38 1.0
78 39 0 78 39 1.0
78 40 0 78 40 1.0
78 41 0 78 41 1.0
78 42 0 78 42 1.0
78 43 0 78 43 1.0
78 44 0 78 44 1.0
78 45 0 78 45 1.0
78 46 0 78 46 1.0
78 47 0 78 47 1.0
78 48 0 78 48 1.0
78 49 0 78 49 1.0
78 50 0 78 50 1.0
78 51 0 78 51 1.0
78 52 11 78 5 1.0
78 53 5 78 22 1.0
78 54 4 78 21 1.0
78 55 4 78 21 1.0
78 56 11 78 5 1.0
78 57 4 78 21 1.0
78 58 1 78 18 1.0
78 59 10 78 1 1.0
78 60 7 78 1 1.0
78 61 7 78 1 1.0
78 62 47 78 38 1.0
78 63 56 78 40 1.0
78 64 44 78 38 1.0
78 65 44 78 38 1.0
78 66 4 78 42 1.0
78 67 11 78 49 1.0
78 68 11 78 49 1.0
78 69 7 78 45 1.0
78 70 5 78 43 1.0
78 71 0 78 38 1.0
78 72 5 78 43 1.0
78 73 1 78 18 1.0
78 74 4 78 21 1.0
78 75 5 78 22 1.0
78 76 1 78 18 1.0
78 77 25 78 51 1.0
78 79 19 78 45 1.0
79 0 0 79 0 1.0
79 1 0 79 1 1.0
79 2 0 79 2 1.0
79 3 0 79 3 1.0
79 4 0 79 4 1.0
79 5 0 79 5 1.0
79 6 105 79 47 1.0
79 7 116 79 48 1.0
79 8 111 79 47 1.0
79 9 133 79 51 1.0
79 10 65 79 43 1.0
79 11 0 79 38 1.0
79 12 0 79 38 1.0
79 14 0 79 38 1.0
79 15 3 79 41 1.0
79 16 1 79 39 1.0
79 17 0 79 38 1.0
79 18 0 79 18 1.0
79 19 0 79 19 1.0
79 20 0 79 20 1.0
79 21 0 79 21 1.0
79 22 0 79 22 1.0
79 23 0 79 23 1.0
79 24 0 79 0 1.0
79 25 4 79 4 1.0
79 26 1 79 1 1.0
79 27 2 79 2 1.0
79 28 0 79 0 1.0
79 29 0 79 0 1.0
79 30 4 79 4 1.0
79 31 34 79 20 1.0
79 32 27 79 19 1.0
79 33 20 79 18 1.0
79 34 27 79 19 1.0
79 35 28 79 20 1.0
79 36 27 79 19 1.0
79 37 27 79 19 1.0
79 38 0 79 38 1.0
79 39 0 79 39 1.0
79 40 0 79 40 1.0
79 41 0 79 41 1.0
79 42 0 79 42 1.0
79 43 0 79 43 1.0
79 44 0 79 44 1.0
79 45 0 79 45 1.0
79 46 0 79 46 1.0
79 47 0 79 47 1.0
79 48 0 79 48 1.0
79 49 0 79 49 1.0
79 50 0 79 50 1.0
79 51 0 79 51 1.0
79 52 11 79 5 1.0
79 53 4 79 21 1.0
79 54 4 79 21 1.0
79 55 4 79 21 1.0
79 56 11 79 5 1.0
79 57 4 79 21 1.0
79 58 5 79 22 1.0
79 59 7 79 1 1.0
79 60 53 79 39 1.0
79 61 7 79 1 1.0
79 62 53 79 39 1.0
79 63 68 79 42 1.0
79 64 44 79 38 1.0
79 65 44 79 38 1.0
79 67 11 79 49 1.0
79 68 11 79 49 1.0
79 69 2 79 40 1.0
79 70 5 79 43 1.0
79 71 11 79 49 1.0
79 72 5 79 43 1.0
79 73 1 79 18 1.0
79 74 4 79 21 1.0
79 75 5 79 22 1.0
79 76 5 79 22 1.0
79 77 25 79 51 1.0
79 78 6 79 23 1.0
