0 1 2 0 55 0.0625
0 1 23 0 20 0.9375
0 2 25 0 22 1.0
0 3 17 0 54 1.0
0 4 20 0 58 1.0
0 5 20 0 58 1.0
0 6 110 0 26 1.0
0 7 2 0 24 1.0
0 9 109 0 26 1.0
0 10 8 0 24 1.0
0 14 5 0 24 1.0
0 15 17 0 75 1.0
0 18 0 0 18 1.0
0 19 0 0 19 1.0
0 20 0 0 20 1.0
0 21 0 0 21 1.0
0 22 0 0 22 1.0
0 23 0 0 23 1.0
0 24 0 0 24 1.0
0 25 0 0 25 1.0
0 26 0 0 26 1.0
0 27 0 0 27 1.0
0 28 0 0 28 1.0
0 29 0 0 29 1.0
0 30 0 0 30 1.0
0 31 9 0 26 1.0
0 32 4 0 30 1.0
0 33 1 0 25 1.0
0 36 0 0 24 1.0
0 39 2 0 74 1.0
0 40 6 0 73 1.0
0 41 4 0 77 1.0
0 42 6 0 73 1.0
0 44 5 0 78 1.0
0 45 3 0 79 1.0
0 48 2 0 74 1.0
0 50 2 0 74 1.0
0 51 2 0 74 1.0
0 52 0 0 52 1.0
0 53 0 0 53 1.0
0 54 0 0 54 1.0
0 55 0 0 55 1.0
0 56 0 0 56 1.0
0 57 0 0 57 1.0
0 58 0 0 58 1.0
0 59 0 0 24 1.0
0 60 0 0 24 1.0
0 63 5 0 28 1.0
0 64 4 0 29 1.0
0 65 0 0 24 1.0
0 66 31 0 74 1.0
0 67 97 0 73 1.0
0 68 33 0 74 1.0
0 69 29 0 74 1.0
0 70 33 0 74 1.0
0 71 43 0 79 1.0
0 72 95 0 73 1.0
0 73 0 0 73 1.0
0 74 0 0 74 1.0
0 77 0 0 77 1.0
0 78 0 0 78 1.0
0 79 0 0 79 1.0
1 0 2 1 55 0.984375
1 0 23 1 20 0.015625
1 2 1 1 25 1.0
1 3 25 1 22 1.0
1 4 24 1 21 1.0
1 5 21 1 18 1.0
1 6 57 1 30 1.0
1 7 51 1 30 0.796875
1 7 70 1 29 0.203125
1 8 20 1 25 1.0
1 9 54 1 30 1.0
1 10 27 1 25 1.0
1 11 49 1 30 1.0
1 12 75 1 77 1.0
1 13 30 1 30 1.0
1 14 28 1 30 1.0
1 15 28 1 30 1.0
1 16 70 1 77 1.0
1 17 49 1 74 1.0
1 18 0 1 18 1.0
1 19 0 1 19 1.0
1 20 0 1 20 1.0
1 21 0 1 21 1.0
1 22 0 1 22 1.0
1 23 0 1 23 1.0
1 24 0 1 24 1.0
1 25 0 1 25 1.0
1 26 0 1 26 1.0
1 27 0 1 27 1.0
1 28 0 1 28 1.0
1 29 0 1 29 1.0
1 30 0 1 30 1.0
1 31 10 1 54 1.0
1 32 13 1 58 1.0
1 33 4 1 30 1.0
1 34 4 1 30 1.0
1 35 4 1 30 1.0
1 36 1 1 25 1.0
1 37 4 1 30 1.0
1 38 2 1 74 1.0
1 39 2 1 74 1.0
1 40 0 1 75 1.0
1 41 2 1 74 1.0
1 42 6 1 73 1.0
1 43 2 1 74 1.0
1 44 4 1 77 1.0
1 45 3 1 79 1.0
1 46 4 1 77 1.0
1 47 2 1 74 1.0
1 48 0 1 75 1.0
1 49 2 1 74 1.0
1 50 4 1 77 1.0
1 51 2 1 74 1.0
1 52 0 1 52 1.0
1 53 0 1 53 1.0
1 54 0 1 54 1.0
1 55 0 1 55 1.0
1 56 0 1 56 1.0
1 57 0 1 57 1.0
1 58 0 1 58 1.0
1 59 3 1 30 1.0
1 61 3 1 30 1.0
1 62 3 1 30 1.0
1 63 3 1 30 1.0
1 64 3 1 30 1.0
1 65 1 1 25 1.0
1 66 66 1 77 1.0
1 67 28 1 74 1.0
1 68 97 1 73 1.0
1 69 29 1 74 1.0
1 70 64 1 77 1.0
1 71 92 1 73 1.0
1 72 39 1 74 1.0
1 73 0 1 73 1.0
1 74 0 1 74 1.0
1 75 0 1 75 1.0
1 76 0 1 76 1.0
1 77 0 1 77 1.0
1 78 0 1 78 1.0
1 79 0 1 79 1.0
2 0 24 2 21 1.0
2 1 24 2 21 1.0
2 3 18 2 56 0.921875
2 3 25 2 22 0.078125
2 4 24 2 21 1.0
2 5 25 2 22 1.0
2 6 9 2 24 1.0
2 7 13 2 24 1.0
2 8 63 2 29 1.0
2 9 29 2 55 1.0
2 10 9 2 24 1.0
2 11 64 2 29 1.0
2 12 76 2 77 1.0
2 13 36 2 29 1.0
2 14 72 2 77 1.0
2 15 8 2 25 1.0
2 16 35 2 29 1.0
2 17 35 2 29 1.0
2 18 0 2 18 1.0
2 19 0 2 19 1.0
2 20 0 2 20 1.0
2 21 0 2 21 1.0
2 22 0 2 22 1.0
2 23 0 2 23 1.0
2 24 0 2 24 1.0
2 25 0 2 25 1.0
2 26 0 2 26 1.0
2 27 0 2 27 1.0
2 28 0 2 28 1.0
2 29 0 2 29 1.0
2 30 0 2 30 1.0
2 31 9 2 26 0.078125
2 31 10 2 54 0.921875
2 32 13 2 58 1.0
2 33 5 2 29 1.0
2 34 0 2 24 1.0
2 35 0 2 24 1.0
2 37 0 2 24 1.0
2 38 4 2 77 1.0
2 40 4 2 77 1.0
2 41 3 2 79 1.0
2 42 4 2 77 1.0
2 43 4 2 77 1.0
2 44 3 2 79 1.0
2 45 12 2 23 1.0
2 46 4 2 77 1.0
2 47 4 2 77 1.0
2 48 4 2 77 1.0
2 49 4 2 77 1.0
2 50 4 2 77 1.0
2 51 11 2 22 1.0
2 52 0 2 52 1.0
2 53 0 2 53 1.0
2 54 0 2 54 1.0
2 55 0 2 55 1.0
2 56 0 2 56 1.0
2 57 0 2 57 1.0
2 58 0 2 58 1.0
2 59 4 2 29 1.0
2 60 0 2 24 1.0
2 61 0 2 24 1.0
2 62 0 2 24 1.0
2 63 5 2 28 1.0
2 64 0 2 24 1.0
2 65 4 2 29 1.0
2 66 66 2 77 1.0
2 67 3 2 75 1.0
2 68 66 2 77 1.0
2 69 3 2 75 1.0
2 70 58 2 77 1.0
2 71 96 2 73 1.0
2 72 56 2 77 1.0
2 73 0 2 73 1.0
2 74 0 2 74 1.0
2 75 0 2 75 1.0
2 76 0 2 76 1.0
2 77 0 2 77 1.0
2 78 0 2 78 1.0
2 79 0 2 79 1.0
3 0 20 3 58 1.0
3 1 10 3 52 1.0
3 2 8 3 53 0.46875
3 2 13 3 77 0.53125
3 4 26 3 23 1.0
3 5 2 3 55 1.0
3 6 121 3 54 1.0
3 7 128 3 56 1.0
3 8 49 3 30 1.0
3 9 139 3 57 1.0
3 10 2 3 24 1.0
3 14 88 3 73 1.0
3 15 76 3 77 1.0
3 19 0 3 19 1.0
3 20 0 3 20 1.0
3 22 0 3 22 1.0
3 23 0 3 23 1.0
3 24 0 3 24 1.0
3 25 0 3 25 1.0
3 26 0 3 26 1.0
3 27 0 3 27 1.0
3 29 0 3 29 1.0
3 30 0 3 30 1.0
3 31 5 3 29 1.0
3 32 13 3 58 1.0
3 39 2 3 74 1.0
3 40 0 3 75 1.0
3 41 5 3 78 1.0
3 42 4 3 77 1.0
3 44 5 3 78 1.0
3 45 8 3 19 1.0
3 46 6 3 73 1.0
3 50 6 3 73 1.0
3 51 6 3 73 1.0
3 53 0 3 53 1.0
3 54 0 3 54 1.0
3 55 0 3 55 1.0
3 56 0 3 56 1.0
3 57 0 3 57 1.0
3 58 0 3 58 1.0
3 62 0 3 24 1.0
3 63 1 3 25 1.0
3 64 2 3 27 1.0
3 65 0 3 24 1.0
3 66 64 3 77 1.0
3 67 62 3 77 1.0
3 68 84 3 73 1.0
3 69 85 3 73 1.0
3 70 83 3 78 1.0
3 71 125 3 21 1.0
3 72 56 3 77 1.0
3 73 0 3 73 1.0
3 74 0 3 74 1.0
3 77 0 3 77 1.0
3 78 0 3 78 1.0
3 79 0 3 79 1.0
4 0 18 4 56 1.0
4 1 2 4 55 1.0
4 2 20 4 58 1.0
4 3 19 4 57 1.0
4 5 16 4 26 0.25
4 5 26 4 23 0.75
4 6 143 4 58 1.0
4 7 118 4 26 1.0
4 8 0 4 24 0.203125
4 8 4 4 24 0.3125
4 8 58 4 30 0.484375
4 9 89 4 52 1.0
4 10 58 4 30 1.0
4 14 72 4 77 1.0
4 15 0 4 24 1.0
4 19 0 4 19 1.0
4 20 0 4 20 1.0
4 22 0 4 22 1.0
4 23 0 4 23 1.0
4 24 0 4 24 1.0
4 25 0 4 25 1.0
4 26 0 4 26 1.0
4 27 0 4 27 1.0
4 28 0 4 28 1.0
4 29 0 4 29 1.0
4 30 0 4 30 1.0
4 31 6 4 53 1.0
4 32 6 4 53 1.0
4 38 2 4 74 1.0
4 39 2 4 74 1.0
4 40 3 4 79 1.0
4 41 5 4 78 1.0
4 42 4 4 77 0.4375
4 42 5 4 78 0.5625
4 43 2 4 74 1.0
4 44 6 4 73 1.0
4 45 8 4 19 1.0
4 46 6 4 73 1.0
4 48 2 4 74 1.0
4 49 6 4 73 1.0
4 51 0 4 75 1.0
4 53 0 4 53 1.0
4 54 0 4 54 1.0
4 56 0 4 56 1.0
4 57 0 4 57 1.0
4 60 3 4 30 1.0
4 63 2 4 27 1.0
4 64 2 4 27 1.0
4 65 2 4 27 1.0
4 66 67 4 77 1.0
4 67 58 4 77 1.0
4 68 59 4 77 1.0
4 69 65 4 77 1.0
4 70 37 4 74 1.0
4 71 43 4 79 1.0
4 72 91 4 73 0.40625
4 72 93 4 73 0.59375
4 73 0 4 73 1.0
4 74 0 4 74 1.0
4 76 0 4 76 1.0
4 77 0 4 77 1.0
4 78 0 4 78 1.0
4 79 0 4 79 1.0
5 0 2 5 55 1.0
5 1 24 5 21 1.0
5 2 10 5 52 1.0
5 3 26 5 23 1.0
5 4 19 5 57 1.0
5 6 18 5 25 0.203125
5 6 40 5 27 0.328125
5 6 95 5 28 0.234375
5 6 112 5 26 0.15625
5 6 127 5 56 0.078125
5 7 130 5 56 1.0
5 9 59 5 30 0.921875
5 9 134 5 57 0.078125
5 10 7 5 24 1.0
5 11 112 5 26 1.0
5 14 60 5 28 1.0
5 15 92 5 26 1.0
5 17 17 5 75 1.0
5 19 0 5 19 1.0
5 20 0 5 20 1.0
5 23 0 5 23 1.0
5 24 0 5 24 1.0
5 25 0 5 25 1.0
5 26 0 5 26 1.0
5 29 0 5 29 1.0
5 30 0 5 30 1.0
5 31 12 5 57 1.0
5 32 2 5 55 1.0
5 34 4 5 30 1.0
5 40 0 5 75 1.0
5 41 4 5 77 1.0
5 42 2 5 74 1.0
5 43 2 5 74 1.0
5 44 4 5 77 1.0
5 45 6 5 73 1.0
5 46 6 5 73 1.0
5 47 8 5 19 1.0
5 48 2 5 74 1.0
5 50 6 5 73 1.0
5 51 6 5 73 1.0
5 53 0 5 53 1.0
5 54 0 5 54 1.0
5 55 0 5 55 1.0
5 56 0 5 56 1.0
5 57 0 5 57 1.0
5 58 0 5 58 1.0
5 60 1 5 25 1.0
5 61 3 5 30 1.0
5 63 2 5 27 1.0
5 64 3 5 30 1.0
5 65 0 5 24 1.0
5 66 91 5 73 1.0
5 67 33 5 74 1.0
5 68 36 5 74 1.0
5 69 62 5 77 1.0
5 70 85 5 73 1.0
5 71 67 5 77 1.0
5 72 85 5 73 1.0
5 73 0 5 73 1.0
5 74 0 5 74 1.0
5 77 0 5 77 1.0
5 78 0 5 78 1.0
5 79 0 5 79 1.0
6 0 90 6 33 1.0
6 1 64 6 32 1.0
6 2 137 6 37 1.0
6 3 32 6 63 1.0
6 4 40 6 64 1.0
6 5 6 6 59 0.015625
6 5 33 6 63 0.0625
6 5 48 6 65 0.03125
6 5 81 6 33 0.109375
6 5 117 6 35 0.78125
6 7 17 6 14 0.46875
6 7 18 6 15 0.53125
6 8 7 6 65 1.0
6 9 7 6 65 1.0
6 10 7 6 65 1.0
6 14 0 6 14 1.0
6 15 0 6 15 1.0
6 19 93 6 72 1.0
6 20 79 6 70 1.0
6 23 91 6 72 1.0
6 24 4 6 63 1.0
6 25 4 6 63 1.0
6 26 0 6 59 1.0
6 27 6 6 65 1.0
6 29 2 6 61 1.0
6 30 4 6 63 0.296875
6 30 5 6 64 0.703125
6 31 0 6 31 1.0
6 32 0 6 32 1.0
6 33 0 6 33 1.0
6 39 11 6 71 1.0
6 40 11 6 71 1.0
6 41 12 6 72 1.0
6 42 8 6 68 1.0
6 43 7 6 67 1.0
6 44 3 6 14 1.0
6 45 2 6 68 1.0
6 49 5 6 71 1.0
6 50 5 6 71 1.0
6 51 1 6 67 1.0
6 53 0 6 31 1.0
6 54 6 6 37 1.0
6 55 4 6 35 1.0
6 56 2 6 33 1.0
6 57 6 6 37 1.0
6 58 5 6 36 1.0
6 63 0 6 63 1.0
6 64 0 6 64 1.0
6 65 0 6 65 1.0
6 67 0 6 67 1.0
6 68 0 6 68 1.0
6 69 0 6 69 1.0
6 70 0 6 70 1.0
6 71 0 6 71 1.0
6 72 0 6 72 1.0
6 73 27 6 14 1.0
6 74 19 6 13 1.0
6 75 25 6 14 1.0
6 77 27 6 14 1.0
6 78 116 6 71 1.0
6 79 68 6 67 1.0
7 0 13 7 60 0.140625
7 0 23 7 62 0.859375
7 1 50 7 31 1.0
7 2 110 7 35 1.0
7 3 112 7 35 1.0
7 4 60 7 31 1.0
7 5 12 7 60 1.0
7 6 0 7 16 0.828125
7 6 24 7 70 0.171875
7 9 16 7 13 1.0
7 10 3 7 61 1.0
7 13 0 7 13 1.0
7 14 0 7 14 1.0
7 15 0 7 15 1.0
7 19 40 7 36 1.0
7 20 84 7 71 1.0
7 22 81 7 70 1.0
7 23 44 7 37 1.0
7 24 5 7 64 1.0
7 25 8 7 32 1.0
7 26 1 7 60 1.0
7 27 7 7 31 1.0
7 29 3 7 62 1.0
7 30 8 7 32 1.0
7 31 0 7 31 1.0
7 32 0 7 32 1.0
7 33 0 7 33 1.0
7 35 0 7 35 1.0
7 37 0 7 37 1.0
7 39 11 7 71 1.0
7 40 5 7 17 1.0
7 41 12 7 72 1.0
7 42 3 7 14 1.0
7 44 2 7 13 1.0
7 45 1 7 67 1.0
7 50 4 7 70 1.0
7 51 4 7 70 1.0
7 52 0 7 31 1.0
7 53 2 7 33 1.0
7 54 4 7 35 1.0
7 55 3 7 34 1.0
7 56 3 7 34 1.0
7 57 4 7 35 1.0
7 58 5 7 36 1.0
7 62 0 7 62 1.0
7 63 0 7 63 1.0
7 64 0 7 64 1.0
7 65 0 7 65 1.0
7 67 0 7 67 1.0
7 68 0 7 68 1.0
7 69 0 7 69 1.0
7 70 0 7 70 1.0
7 71 0 7 71 1.0
7 72 0 7 72 1.0
7 73 39 7 17 0.046875
7 73 64 7 67 0.953125
7 74 117 7 71 1.0
7 75 25 7 14 1.0
7 77 13 7 12 1.0
7 78 108 7 70 1.0
7 79 120 7 71 1.0
8 1 15 8 61 1.0
8 3 34 8 63 0.421875
8 3 42 8 65 0.578125
8 4 4 8 59 1.0
8 5 64 8 32 1.0
8 6 8 8 31 1.0
8 7 17 8 14 1.0
8 9 25 8 71 1.0
8 11 0 8 16 1.0
8 12 0 8 12 1.0
8 13 0 8 13 1.0
8 14 0 8 14 1.0
8 15 0 8 15 1.0
8 19 1 8 31 1.0
8 20 33 8 35 1.0
8 21 1 8 31 1.0
8 23 29 8 35 1.0
8 24 4 8 63 1.0
8 25 3 8 62 1.0
8 26 12 8 36 1.0
8 27 7 8 31 1.0
8 28 0 8 59 1.0
8 29 11 8 35 1.0
8 30 7 8 31 1.0
8 32 0 8 32 1.0
8 33 0 8 33 1.0
8 34 0 8 34 1.0
8 36 0 8 36 1.0
8 37 0 8 37 1.0
8 39 0 8 16 1.0
8 40 10 8 70 1.0
8 41 0 8 16 1.0
8 43 5 8 17 1.0
8 45 5 8 71 1.0
8 46 6 8 72 1.0
8 47 6 8 72 1.0
8 49 6 8 72 1.0
8 50 5 8 71 1.0
8 51 2 8 68 1.0
8 53 1 8 32 1.0
8 54 5 8 36 1.0
8 55 5 8 36 1.0
8 56 6 8 37 1.0
8 57 1 8 32 1.0
8 58 0 8 31 1.0
8 59 0 8 59 1.0
8 60 0 8 60 1.0
8 61 0 8 61 1.0
8 62 0 8 62 1.0
8 63 0 8 63 1.0
8 64 0 8 64 1.0
8 65 0 8 65 1.0
8 66 0 8 66 1.0
8 67 0 8 67 1.0
8 68 0 8 68 1.0
8 69 0 8 69 1.0
8 70 0 8 70 1.0
8 71 0 8 71 1.0
8 75 25 8 14 1.0
8 77 6 8 16 1.0
8 78 5 8 16 1.0
8 79 35 8 17 1.0
9 0 44 9 65 1.0
9 1 60 9 31 1.0
9 2 50 9 31 1.0
9 3 118 9 35 1.0
9 4 9 9 60 0.625
9 4 142 9 37 0.375
9 5 39 9 64 1.0
9 6 19 9 17 1.0
9 7 0 9 16 1.0
9 10 17 9 14 1.0
9 11 8 9 31 1.0
9 13 0 9 13 1.0
9 14 0 9 14 1.0
9 15 0 9 15 1.0
9 17 0 9 17 1.0
9 19 65 9 68 1.0
9 20 76 9 69 1.0
9 21 55 9 66 1.0
9 22 88 9 71 1.0
9 23 96 9 72 1.0
9 24 5 9 64 1.0
9 25 3 9 62 1.0
9 26 0 9 59 1.0
9 27 2 9 61 1.0
9 29 9 9 33 1.0
9 30 4 9 63 1.0
9 31 0 9 31 1.0
9 32 0 9 32 1.0
9 33 0 9 33 1.0
9 34 0 9 34 1.0
9 35 0 9 35 1.0
9 36 0 9 36 1.0
9 37 0 9 37 1.0
9 39 11 9 71 1.0
9 40 0 9 16 1.0
9 41 10 9 70 1.0
9 42 10 9 70 1.0
9 43 6 9 66 1.0
9 44 3 9 14 0.859375
9 44 7 9 67 0.140625
9 45 0 9 66 1.0
9 46 5 9 71 1.0
9 48 5 9 71 1.0
9 49 5 9 71 1.0
9 50 0 9 66 1.0
9 51 6 9 72 1.0
9 53 0 9 31 1.0
9 54 6 9 37 1.0
9 55 0 9 31 1.0
9 56 2 9 33 1.0
9 57 2 9 33 1.0
9 58 0 9 31 1.0
9 59 0 9 59 1.0
9 60 0 9 60 1.0
9 62 0 9 62 1.0
9 63 0 9 63 1.0
9 64 0 9 64 1.0
9 65 0 9 65 1.0
9 66 0 9 66 1.0
9 67 0 9 67 1.0
9 68 0 9 68 1.0
9 69 0 9 69 1.0
9 70 0 9 70 1.0
9 71 0 9 71 1.0
9 72 0 9 72 1.0
9 73 0 9 16 1.0
9 74 35 9 17 1.0
9 75 25 9 14 1.0
9 77 46 9 66 1.0
9 78 51 9 66 1.0
9 79 42 9 66 1.0
10 0 0 10 59 0.828125
10 0 34 10 63 0.171875
10 1 31 10 63 1.0
10 2 53 10 31 1.0
10 3 128 10 36 1.0
10 4 54 10 31 0.578125
10 4 95 10 34 0.421875
10 5 72 10 32 1.0
10 6 4 10 62 1.0
10 7 17 10 14 1.0
10 8 25 10 71 1.0
10 9 15 10 12 0.140625
10 9 17 10 14 0.859375
10 11 8 10 31 1.0
10 13 0 10 13 1.0
10 14 0 10 14 1.0
10 15 0 10 15 1.0
10 18 88 10 71 1.0
10 19 55 10 66 1.0
10 20 18 10 33 1.0
10 21 88 10 71 1.0
10 22 88 10 71 1.0
10 23 26 10 34 1.0
10 24 13 10 37 1.0
10 25 4 10 63 1.0
10 26 0 10 59 1.0
10 27 7 10 31 1.0
10 29 3 10 62 1.0
10 30 5 10 64 1.0
10 31 0 10 31 1.0
10 32 0 10 32 1.0
10 33 0 10 33 1.0
10 35 0 10 35 1.0
10 36 0 10 36 1.0
10 37 0 10 37 1.0
10 39 0 10 16 1.0
10 40 11 10 71 1.0
10 41 3 10 14 1.0
10 42 6 10 66 1.0
10 43 0 10 16 1.0
10 44 8 10 68 1.0
10 45 4 10 70 1.0
10 47 5 10 71 1.0
10 48 5 10 71 1.0
10 50 5 10 71 1.0
10 51 0 10 66 1.0
10 53 3 10 34 1.0
10 54 0 10 31 1.0
10 55 0 10 31 1.0
10 56 0 10 31 1.0
10 57 5 10 36 1.0
10 58 0 10 31 1.0
10 61 0 10 61 1.0
10 63 0 10 63 1.0
10 64 0 10 64 1.0
10 65 0 10 65 1.0
10 66 0 10 66 1.0
10 67 0 10 67 1.0
10 68 0 10 68 1.0
10 69 0 10 69 1.0
10 70 0 10 70 1.0
10 71 0 10 71 1.0
10 72 0 10 72 1.0
10 73 37 10 17 0.125
10 73 120 10 71 0.875
10 74 124 10 71 1.0
10 75 25 10 14 1.0
10 76 1 10 16 1.0
10 77 104 10 70 1.0
10 78 27 10 14 1.0
10 79 120 10 71 1.0
11 1 123 11 36 1.0
11 2 55 11 31 1.0
11 3 38 11 64 1.0
11 5 15 11 61 1.0
11 8 3 11 61 1.0
11 9 25 11 71 1.0
11 10 0 11 16 1.0
11 12 0 11 12 1.0
11 13 0 11 13 1.0
11 14 0 11 14 1.0
11 15 0 11 15 1.0
11 16 0 11 16 1.0
11 17 0 11 17 1.0
11 19 29 11 35 1.0
11 22 1 11 31 1.0
11 25 3 11 62 1.0
11 26 2 11 61 1.0
11 27 2 11 61 1.0
11 28 0 11 59 1.0
11 29 2 11 61 1.0
11 33 0 11 33 1.0
11 34 0 11 34 1.0
11 36 0 11 36 1.0
11 39 0 11 16 1.0
11 40 0 11 16 1.0
11 41 10 11 70 1.0
11 43 0 11 16 1.0
11 44 3 11 14 1.0
11 45 5 11 71 1.0
11 49 4 11 70 1.0
11 50 4 11 70 1.0
11 51 5 11 71 1.0
11 52 4 11 35 1.0
11 53 4 11 35 1.0
11 54 6 11 37 1.0
11 55 4 11 35 1.0
11 56 1 11 32 1.0
11 57 6 11 37 1.0
11 58 4 11 35 1.0
11 59 0 11 59 1.0
11 60 0 11 60 1.0
11 62 0 11 62 1.0
11 63 0 11 63 1.0
11 64 0 11 64 1.0
11 65 0 11 65 1.0
11 66 0 11 66 1.0
11 67 0 11 67 1.0
11 68 0 11 68 1.0
11 69 0 11 69 1.0
11 72 0 11 72 1.0
11 74 38 11 17 1.0
11 75 25 11 14 1.0
11 77 41 11 17 1.0
11 78 113 11 71 1.0
11 79 120 11 71 1.0
12 1 83 12 42 1.0
12 2 57 12 39 1.0
12 8 0 12 8 1.0
12 9 0 12 9 1.0
12 10 0 12 10 1.0
12 11 0 12 11 1.0
12 13 10 12 41 1.0
12 14 4 12 63 0.46875
12 14 10 12 41 0.53125
12 15 15 12 7 1.0
12 16 13 12 44 1.0
12 18 133 12 71 1.0
12 19 134 12 71 1.0
12 20 133 12 71 1.0
12 21 133 12 71 1.0
12 22 133 12 71 1.0
12 23 15 12 39 1.0
12 24 4 12 63 1.0
12 25 3 12 62 1.0
12 26 3 12 62 1.0
12 27 2 12 61 1.0
12 28 4 12 63 1.0
12 33 4 12 63 1.0
12 34 4 12 63 1.0
12 36 4 12 63 1.0
12 37 4 12 63 1.0
12 38 0 12 38 1.0
12 39 0 12 39 1.0
12 40 0 12 40 1.0
12 41 0 12 41 1.0
12 43 0 12 43 1.0
12 45 12 12 71 1.0
12 46 12 12 71 1.0
12 47 3 12 41 1.0
12 48 3 12 41 1.0
12 49 3 12 41 1.0
12 50 12 12 71 1.0
12 51 6 12 44 1.0
12 52 63 12 63 1.0
12 53 45 12 62 1.0
12 54 59 12 63 1.0
12 55 62 12 63 1.0
12 56 60 12 63 1.0
12 57 59 12 63 1.0
12 58 67 12 63 1.0
12 60 0 12 60 1.0
12 61 0 12 61 1.0
12 62 0 12 62 1.0
12 63 0 12 63 1.0
12 64 0 12 64 1.0
12 65 0 12 65 1.0
12 66 0 12 66 1.0
12 67 0 12 67 1.0
12 68 0 12 68 1.0
12 69 0 12 69 1.0
12 70 0 12 70 1.0
12 72 0 12 72 1.0
12 75 3 12 41 1.0
12 77 0 12 38 1.0
12 78 1 12 39 1.0
12 79 1 12 39 1.0
13 1 17 13 61 1.0
13 2 95 13 44 1.0
13 10 0 13 10 1.0
13 11 0 13 11 1.0
13 12 4 13 63 1.0
13 14 25 13 71 1.0
13 15 16 13 8 1.0
13 17 16 13 8 1.0
13 20 15 13 39 1.0
13 21 133 13 71 1.0
13 22 133 13 71 1.0
13 23 1 13 38 1.0
13 26 4 13 63 1.0
13 27 4 13 63 1.0
13 28 0 13 59 1.0
13 29 4 13 63 1.0
13 32 12 13 11 1.0
13 33 9 13 8 1.0
13 36 9 13 8 1.0
13 38 0 13 38 1.0
13 39 0 13 39 1.0
13 40 0 13 40 1.0
13 41 0 13 41 1.0
13 43 0 13 43 1.0
13 47 11 13 70 1.0
13 48 12 13 71 1.0
13 50 11 13 70 1.0
13 51 11 13 70 1.0
13 53 112 13 8 1.0
13 54 43 13 62 1.0
13 55 105 13 7 1.0
13 56 59 13 63 1.0
13 57 98 13 6 1.0
13 58 98 13 6 1.0
13 59 0 13 59 1.0
13 60 0 13 60 1.0
13 61 0 13 61 1.0
13 62 0 13 62 1.0
13 64 0 13 64 1.0
13 65 0 13 65 1.0
13 66 0 13 66 1.0
13 67 0 13 67 1.0
13 68 0 13 68 1.0
13 76 1 13 39 1.0
13 77 4 13 42 1.0
13 78 6 13 44 1.0
14 0 10 14 60 1.0
14 1 57 14 39 1.0
14 2 90 14 43 1.0
14 3 55 14 38 1.0
14 4 34 14 63 1.0
14 5 43 14 65 1.0
14 6 0 14 6 1.0
14 7 0 14 7 1.0
14 8 0 14 8 1.0
14 9 0 14 9 1.0
14 10 0 14 10 1.0
14 11 0 14 11 1.0
14 12 15 14 7 1.0
14 13 15 14 7 1.0
14 15 15 14 7 1.0
14 16 15 14 7 1.0
14 17 4 14 63 1.0
14 18 65 14 42 1.0
14 19 64 14 42 1.0
14 20 15 14 39 1.0
14 21 93 14 44 1.0
14 22 15 14 39 0.390625
14 22 71 14 43 0.609375
14 23 77 14 43 1.0
14 24 0 14 59 1.0
14 25 0 14 59 1.0
14 26 4 14 63 1.0
14 27 2 14 61 1.0
14 28 1 14 60 1.0
14 29 1 14 60 1.0
14 30 1 14 60 1.0
14 31 9 14 8 1.0
14 32 5 14 64 1.0
14 33 10 14 9 1.0
14 34 1 14 60 1.0
14 35 7 14 6 1.0
14 36 11 14 10 1.0
14 37 9 14 8 1.0
14 38 0 14 38 1.0
14 39 0 14 39 1.0
14 40 0 14 40 1.0
14 41 0 14 41 1.0
14 42 0 14 42 1.0
14 43 0 14 43 1.0
14 44 0 14 44 1.0
14 45 4 14 42 1.0
14 46 7 14 66 1.0
14 47 7 14 66 1.0
14 48 13 14 72 1.0
14 49 13 14 72 1.0
14 50 4 14 42 1.0
14 51 4 14 42 1.0
14 52 126 14 10 1.0
14 53 3 14 59 1.0
14 54 105 14 7 1.0
14 55 59 14 63 1.0
14 56 98 14 6 1.0
14 57 98 14 6 1.0
14 58 108 14 7 1.0
14 59 0 14 59 1.0
14 60 0 14 60 1.0
14 61 0 14 61 1.0
14 62 0 14 62 1.0
14 63 0 14 63 1.0
14 64 0 14 64 1.0
14 65 0 14 65 1.0
14 66 0 14 66 1.0
14 67 0 14 67 1.0
14 68 0 14 68 1.0
14 69 0 14 69 1.0
14 70 0 14 70 1.0
14 71 0 14 71 1.0
14 72 0 14 72 1.0
14 73 5 14 43 1.0
14 74 0 14 38 1.0
14 75 1 14 39 1.0
14 76 0 14 38 1.0
14 77 4 14 42 1.0
14 78 4 14 42 1.0
14 79 6 14 44 1.0
15 0 93 15 44 1.0
15 1 36 15 64 1.0
15 2 83 15 42 1.0
15 3 90 15 43 1.0
15 4 57 15 39 1.0
15 5 86 15 43 1.0
15 6 0 15 6 1.0
15 7 0 15 7 1.0
15 8 0 15 8 1.0
15 9 0 15 9 1.0
15 10 0 15 10 1.0
15 11 0 15 11 1.0
15 12 4 15 63 1.0
15 13 23 15 69 1.0
15 14 21 15 67 1.0
15 16 16 15 8 1.0
15 17 16 15 8 1.0
15 18 60 15 42 1.0
15 19 34 15 40 1.0
15 20 15 15 39 1.0
15 21 44 15 41 1.0
15 22 134 15 71 1.0
15 23 15 15 39 1.0
15 24 1 15 60 1.0
15 25 0 15 59 1.0
15 26 1 15 60 1.0
15 27 6 15 65 1.0
15 28 6 15 65 1.0
15 29 6 15 65 1.0
15 30 2 15 61 1.0
15 31 8 15 7 1.0
15 32 2 15 61 1.0
15 33 10 15 9 1.0
15 34 12 15 11 1.0
15 35 7 15 6 1.0
15 36 9 15 8 1.0
15 37 10 15 9 1.0
15 38 0 15 38 1.0
15 39 0 15 39 1.0
15 40 0 15 40 1.0
15 41 0 15 41 1.0
15 42 0 15 42 1.0
15 43 0 15 43 1.0
15 44 0 15 44 1.0
15 45 7 15 66 1.0
15 46 13 15 72 1.0
15 47 13 15 72 1.0
15 48 11 15 70 1.0
15 49 12 15 71 1.0
15 50 11 15 70 1.0
15 51 8 15 67 1.0
15 52 137 15 11 1.0
15 53 105 15 7 1.0
15 54 43 15 62 1.0
15 55 59 15 63 1.0
15 56 98 15 6 1.0
15 57 126 15 10 1.0
15 58 43 15 62 1.0
15 59 0 15 59 1.0
15 60 0 15 60 1.0
15 61 0 15 61 1.0
15 62 0 15 62 1.0
15 63 0 15 63 1.0
15 64 0 15 64 1.0
15 65 0 15 65 1.0
15 66 0 15 66 1.0
15 67 0 15 67 1.0
15 68 0 15 68 1.0
15 69 0 15 69 1.0
15 70 0 15 70 1.0
15 71 0 15 71 1.0
15 72 0 15 72 1.0
15 73 1 15 39 1.0
15 74 2 15 40 1.0
15 75 6 15 44 1.0
15 76 0 15 38 1.0
15 77 1 15 39 1.0
15 78 1 15 39 1.0
15 79 1 15 39 1.0
16 1 10 16 60 1.0
16 2 46 16 65 1.0
16 6 0 16 6 1.0
16 12 4 16 63 1.0
16 13 18 16 10 1.0
16 14 25 16 71 1.0
16 15 18 16 10 1.0
16 17 18 16 10 1.0
16 21 133 16 71 1.0
16 22 133 16 71 1.0
16 23 133 16 71 1.0
16 25 3 16 62 1.0
16 26 3 16 62 1.0
16 27 3 16 62 1.0
16 28 0 16 59 1.0
16 31 8 16 7 1.0
16 32 11 16 10 1.0
16 33 11 16 10 1.0
16 36 12 16 11 1.0
16 37 11 16 10 1.0
16 40 0 16 40 1.0
16 41 0 16 41 1.0
16 44 0 16 44 1.0
16 45 12 16 71 1.0
16 46 12 16 71 1.0
16 47 1 16 39 1.0
16 50 13 16 72 1.0
16 51 5 16 43 1.0
16 53 43 16 62 1.0
16 54 59 16 63 1.0
16 55 105 16 7 1.0
16 56 97 16 65 1.0
16 57 127 16 10 1.0
16 58 43 16 62 1.0
16 61 0 16 61 1.0
16 62 0 16 62 1.0
16 63 0 16 63 1.0
16 64 0 16 64 1.0
16 65 0 16 65 1.0
16 66 0 16 66 1.0
16 67 0 16 67 1.0
16 68 0 16 68 1.0
16 69 0 16 69 1.0
16 70 0 16 70 1.0
16 74 3 16 41 1.0
16 76 1 16 39 1.0
16 77 5 16 43 1.0
16 78 4 16 42 1.0
16 79 6 16 44 1.0
17 0 57 17 39 1.0
17 1 83 17 42 1.0
17 2 46 17 65 1.0
17 5 57 17 39 1.0
17 6 0 17 6 1.0
17 8 0 17 8 1.0
17 10 0 17 10 1.0
17 11 0 17 11 1.0
17 12 24 17 70 1.0
17 13 26 17 72 1.0
17 14 4 17 63 1.0
17 15 24 17 70 1.0
17 16 13 17 44 1.0
17 20 133 17 71 1.0
17 23 48 17 41 1.0
17 25 3 17 62 1.0
17 26 6 17 65 1.0
17 27 2 17 61 1.0
17 28 1 17 60 1.0
17 30 4 17 63 1.0
17 33 8 17 7 1.0
17 34 8 17 7 1.0
17 36 8 17 7 1.0
17 38 0 17 38 1.0
17 39 0 17 39 1.0
17 40 0 17 40 1.0
17 41 0 17 41 1.0
17 43 0 17 43 1.0
17 45 12 17 71 1.0
17 46 12 17 71 1.0
17 47 11 17 70 1.0
17 48 12 17 71 1.0
17 49 11 17 70 1.0
17 50 13 17 72 1.0
17 51 7 17 66 1.0
17 52 98 17 6 1.0
17 53 59 17 63 1.0
17 54 119 17 9 1.0
17 55 43 17 62 1.0
17 56 139 17 11 1.0
17 57 98 17 6 1.0
17 58 105 17 7 1.0
17 59 0 17 59 1.0
17 62 0 17 62 1.0
17 63 0 17 63 1.0
17 64 0 17 64 1.0
17 65 0 17 65 1.0
17 66 0 17 66 1.0
17 67 0 17 67 1.0
17 68 0 17 68 1.0
17 69 0 17 69 1.0
17 73 4 17 42 1.0
17 74 3 17 41 1.0
17 76 1 17 39 1.0
17 77 5 17 43 1.0
17 78 0 17 38 1.0
17 79 0 17 38 1.0
18 0 0 18 0 1.0
18 1 0 18 1 1.0
18 2 0 18 2 1.0
18 6 81 18 49 1.0
18 7 61 18 46 1.0
18 10 61 18 46 1.0
18 11 54 18 45 1.0
18 12 45 18 73 1.0
18 13 3 18 75 1.0
18 14 117 18 49 1.0
18 15 61 18 45 1.0
18 16 3 18 75 1.0
18 17 3 18 75 1.0
18 19 1 18 0 1.0
18 21 1 18 0 1.0
18 22 1 18 0 1.0
18 23 18 18 4 1.0
18 24 10 18 3 1.0
18 25 11 18 4 1.0
18 26 1 18 0 1.0
18 27 11 18 4 1.0
18 28 11 18 4 1.0
18 29 9 18 2 1.0
18 31 1 18 53 1.0
18 33 2 18 52 1.0
18 34 6 18 58 1.0
18 35 2 18 52 1.0
18 36 2 18 52 1.0
18 37 2 18 52 1.0
18 40 2 18 74 1.0
18 41 6 18 73 1.0
18 45 0 18 45 1.0
18 49 0 18 49 1.0
18 50 0 18 50 1.0
18 51 0 18 51 1.0
18 52 0 18 52 1.0
18 53 0 18 53 1.0
18 54 0 18 54 1.0
18 55 0 18 55 1.0
18 56 0 18 56 1.0
18 57 0 18 57 1.0
18 58 0 18 58 1.0
18 59 132 18 4 1.0
18 61 119 18 3 1.0
18 62 132 18 4 1.0
18 63 134 18 5 1.0
18 64 119 18 3 1.0
18 65 15 18 0 0.4375
18 65 127 18 4 0.5625
18 66 3 18 48 1.0
18 67 6 18 51 1.0
18 68 6 18 51 1.0
18 69 0 18 45 1.0
18 72 1 18 46 1.0
18 77 0 18 77 1.0
18 78 0 18 78 1.0
18 79 0 18 79 1.0
19 0 0 19 0 1.0
19 1 0 19 1 1.0
19 2 0 19 2 1.0
19 3 0 19 3 1.0
19 4 0 19 4 1.0
19 5 0 19 5 1.0
19 6 90 19 50 1.0
19 7 72 19 48 1.0
19 9 11 19 53 1.0
19 10 72 19 48 1.0
19 11 18 19 52 1.0
19 14 61 19 45 1.0
19 15 19 19 74 1.0
19 18 5 19 74 1.0
19 20 6 19 52 0.859375
19 20 19 19 5 0.140625
19 23 5 19 74 1.0
19 24 2 19 53 1.0
19 25 11 19 4 1.0
19 26 8 19 1 1.0
19 27 6 19 57 1.0
19 29 8 19 1 1.0
19 30 1 19 0 1.0
19 31 5 19 57 1.0
19 32 5 19 57 1.0
19 33 2 19 52 1.0
19 34 2 19 52 1.0
19 39 2 19 74 1.0
19 40 9 19 47 1.0
19 41 13 19 51 1.0
19 42 5 19 78 1.0
19 44 2 19 74 0.515625
19 44 6 19 73 0.484375
19 45 0 19 45 1.0
19 46 0 19 46 1.0
19 50 0 19 50 1.0
19 51 0 19 51 1.0
19 52 0 19 52 1.0
19 53 0 19 53 1.0
19 54 0 19 54 1.0
19 55 0 19 55 1.0
19 56 0 19 56 1.0
19 57 0 19 57 1.0
19 58 0 19 58 1.0
19 61 122 19 3 1.0
19 62 14 19 0 1.0
19 63 105 19 1 1.0
19 64 126 19 4 1.0
19 65 28 19 53 1.0
19 66 3 19 48 1.0
19 67 1 19 46 1.0
19 68 5 19 50 1.0
19 69 5 19 50 1.0
19 70 3 19 48 1.0
19 71 6 19 51 1.0
19 72 6 19 51 1.0
19 73 0 19 73 1.0
19 74 0 19 74 1.0
19 75 0 19 75 1.0
19 76 0 19 76 1.0
19 77 0 19 77 1.0
19 78 0 19 78 1.0
19 79 0 19 79 1.0
20 0 0 20 0 1.0
20 1 0 20 1 1.0
20 2 0 20 2 1.0
20 3 0 20 3 1.0
20 4 0 20 4 1.0
20 5 0 20 5 1.0
20 6 7 20 53 0.765625
20 6 38 20 57 0.234375
20 7 52 20 45 1.0
20 8 54 20 45 1.0
20 9 54 20 45 1.0
20 10 65 20 47 1.0
20 11 11 20 53 1.0
20 12 3 20 75 1.0
20 13 3 20 75 1.0
20 14 61 20 45 1.0
20 15 34 20 77 1.0
20 18 4 20 53 1.0
20 19 1 20 0 0.78125
20 19 3 20 76 0.21875
20 21 4 20 53 1.0
20 23 7 20 79 1.0
20 24 2 20 53 1.0
20 25 6 20 57 0.203125
20 25 8 20 1 0.796875
20 26 0 20 55 1.0
20 27 10 20 3 1.0
20 29 11 20 4 1.0
20 30 10 20 3 1.0
20 31 1 20 53 0.421875
20 31 5 20 57 0.578125
20 32 4 20 56 1.0
20 33 1 20 53 1.0
20 34 1 20 53 1.0
20 37 1 20 53 1.0
20 38 0 20 75 1.0
20 39 0 20 75 1.0
20 40 0 20 75 1.0
20 41 6 20 73 1.0
20 42 7 20 45 1.0
20 43 0 20 75 1.0
20 44 5 20 78 1.0
20 45 0 20 45 1.0
20 47 0 20 47 1.0
20 49 0 20 49 1.0
20 50 0 20 50 1.0
20 51 0 20 51 1.0
20 52 0 20 52 1.0
20 53 0 20 53 1.0
20 54 0 20 54 1.0
20 55 0 20 55 1.0
20 56 0 20 56 1.0
20 57 0 20 57 1.0
20 58 0 20 58 1.0
20 60 122 20 3 1.0
20 62 26 20 53 1.0
20 63 120 20 3 1.0
20 64 108 20 1 1.0
20 65 112 20 2 1.0
20 66 3 20 48 1.0
20 67 5 20 50 1.0
20 68 5 20 50 1.0
20 69 1 20 46 1.0
20 70 0 20 45 1.0
20 71 6 20 51 1.0
20 72 2 20 47 1.0
20 73 0 20 73 1.0
20 74 0 20 74 1.0
20 77 0 20 77 1.0
20 78 0 20 78 1.0
20 79 0 20 79 1.0
21 1 0 21 1 1.0
21 2 0 21 2 1.0
21 8 75 21 48 1.0
21 9 82 21 49 1.0
21 10 75 21 48 1.0
21 11 18 21 52 1.0
21 12 45 21 73 1.0
21 13 3 21 75 1.0
21 14 75 21 46 1.0
21 15 61 21 45 1.0
21 16 32 21 77 1.0
21 17 20 21 74 1.0
21 18 19 21 5 1.0
21 19 4 21 53 1.0
21 20 2 21 75 1.0
21 22 3 21 76 1.0
21 24 1 21 0 1.0
21 25 1 21 0 1.0
21 26 10 21 3 1.0
21 27 1 21 0 1.0
21 28 10 21 3 1.0
21 31 1 21 53 1.0
21 32 2 21 52 1.0
21 33 2 21 52 1.0
21 34 2 21 52 1.0
21 36 2 21 52 1.0
21 37 2 21 52 1.0
21 39 1 21 76 1.0
21 40 0 21 75 1.0
21 41 1 21 76 1.0
21 42 2 21 74 1.0
21 43 0 21 75 1.0
21 44 2 21 74 1.0
21 45 0 21 45 1.0
21 46 0 21 46 1.0
21 47 0 21 47 1.0
21 49 0 21 49 1.0
21 50 0 21 50 1.0
21 51 0 21 51 1.0
21 52 0 21 52 1.0
21 53 0 21 53 1.0
21 54 0 21 54 1.0
21 55 0 21 55 1.0
21 56 0 21 56 1.0
21 57 0 21 57 1.0
21 58 0 21 58 1.0
21 59 122 21 3 1.0
21 60 122 21 3 1.0
21 61 122 21 3 1.0
21 62 20 21 0 1.0
21 63 119 21 3 1.0
21 64 108 21 1 1.0
21 65 126 21 4 1.0
21 66 4 21 49 1.0
21 67 1 21 46 1.0
21 68 1 21 46 1.0
21 69 1 21 46 1.0
21 70 3 21 48 1.0
21 71 0 21 45 1.0
21 73 0 21 73 1.0
21 74 0 21 74 1.0
21 75 0 21 75 1.0
21 77 0 21 77 1.0
21 78 0 21 78 1.0
21 79 0 21 79 1.0
22 1 0 22 1 1.0
22 2 0 22 2 1.0
22 4 0 22 4 1.0
22 5 0 22 5 1.0
22 8 76 22 48 1.0
22 9 81 22 49 1.0
22 10 61 22 46 1.0
22 11 54 22 45 1.0
22 12 45 22 73 1.0
22 13 3 22 75 1.0
22 14 89 22 47 1.0
22 15 61 22 45 1.0
22 17 32 22 77 1.0
22 19 4 22 53 1.0
22 24 1 22 0 1.0
22 25 1 22 0 1.0
22 26 9 22 2 1.0
22 27 1 22 0 1.0
22 33 2 22 52 1.0
22 34 2 22 52 1.0
22 36 2 22 52 1.0
22 37 2 22 52 1.0
22 38 0 22 75 1.0
22 39 0 22 75 1.0
22 40 6 22 73 1.0
22 41 6 22 73 1.0
22 42 4 22 77 1.0
22 43 0 22 75 1.0
22 44 2 22 74 1.0
22 45 0 22 45 1.0
22 47 0 22 47 1.0
22 50 0 22 50 1.0
22 51 0 22 51 1.0
22 52 0 22 52 1.0
22 53 0 22 53 1.0
22 54 0 22 54 1.0
22 55 0 22 55 1.0
22 56 0 22 56 1.0
22 57 0 22 57 1.0
22 58 0 22 58 1.0
22 59 122 22 3 1.0
22 60 122 22 3 1.0
22 61 122 22 3 1.0
22 62 20 22 0 1.0
22 63 127 22 4 1.0
22 64 106 22 1 1.0
22 65 116 22 2 1.0
22 66 4 22 49 1.0
22 67 6 22 51 1.0
22 68 2 22 47 1.0
22 69 0 22 45 1.0
22 70 3 22 48 1.0
22 71 0 22 45 1.0
22 76 0 22 76 1.0
22 77 0 22 77 1.0
22 78 0 22 78 1.0
22 79 0 22 79 1.0
23 0 0 23 0 1.0
23 1 0 23 1 1.0
23 2 0 23 2 1.0
23 3 0 23 3 1.0
23 4 0 23 4 1.0
23 5 0 23 5 1.0
23 6 14 23 52 1.0
23 7 87 23 50 1.0
23 8 54 23 45 1.0
23 9 52 23 45 1.0
23 10 18 23 52 1.0
23 11 54 23 45 1.0
23 14 32 23 77 1.0
23 15 61 23 45 1.0
23 18 17 23 3 1.0
23 19 3 23 76 1.0
23 20 3 23 76 1.0
23 22 17 23 3 1.0
23 24 8 23 1 0.734375
23 24 10 23 3 0.265625
23 25 10 23 3 1.0
23 26 0 23 55 1.0
23 27 10 23 3 1.0
23 29 1 23 0 1.0
23 30 2 23 53 1.0
23 31 1 23 53 1.0
23 32 0 23 55 1.0
23 33 1 23 53 1.0
23 35 2 23 52 1.0
23 36 2 23 52 1.0
23 37 1 23 53 1.0
23 40 0 23 75 1.0
23 41 6 23 73 1.0
23 42 3 23 79 1.0
23 43 0 23 75 1.0
23 44 13 23 51 1.0
23 45 0 23 45 1.0
23 46 0 23 46 1.0
23 47 0 23 47 1.0
23 50 0 23 50 1.0
23 51 0 23 51 1.0
23 53 0 23 53 1.0
23 54 0 23 54 1.0
23 55 0 23 55 1.0
23 56 0 23 56 1.0
23 57 0 23 57 1.0
23 58 0 23 58 1.0
23 60 122 23 3 1.0
23 61 116 23 2 0.703125
23 61 132 23 4 0.296875
23 62 119 23 3 1.0
23 63 108 23 1 1.0
23 64 121 23 3 1.0
23 65 15 23 0 1.0
23 67 6 23 51 1.0
23 68 1 23 46 1.0
23 69 3 23 48 1.0
23 70 0 23 45 1.0
23 71 6 23 51 1.0
23 72 6 23 51 1.0
23 73 0 23 73 1.0
23 74 0 23 74 1.0
23 77 0 23 77 1.0
23 78 0 23 78 1.0
23 79 0 23 79 1.0
24 0 0 24 0 1.0
24 1 0 24 1 1.0
24 2 0 24 2 1.0
24 3 0 24 3 1.0
24 4 0 24 4 1.0
24 5 0 24 5 1.0
24 6 6 24 65 1.0
24 7 5 24 64 1.0
24 9 4 24 63 1.0
24 10 4 24 63 1.0
24 14 3 24 62 1.0
24 15 1 24 60 1.0
24 19 4 24 54 1.0
24 20 2 24 53 1.0
24 23 5 24 56 0.421875
24 23 6 24 57 0.15625
24 23 12 24 5 0.421875
24 25 21 24 32 0.15625
24 25 26 24 37 0.84375
24 26 20 24 31 1.0
24 27 20 24 31 1.0
24 28 20 24 31 1.0
24 29 6 24 57 0.515625
24 29 9 24 2 0.484375
24 30 23 24 34 1.0
24 31 0 24 31 1.0
24 32 0 24 32 1.0
24 33 0 24 33 1.0
24 37 0 24 37 1.0
24 39 66 24 63 1.0
24 40 66 24 63 1.0
24 41 21 24 3 1.0
24 42 69 24 63 1.0
24 44 9 24 1 0.875
24 44 57 24 61 0.125
24 45 107 24 5 1.0
24 47 20 24 53 1.0
24 48 20 24 53 1.0
24 49 90 24 3 1.0
24 50 109 24 5 1.0
24 51 82 24 3 1.0
24 52 0 24 52 1.0
24 53 0 24 53 1.0
24 54 0 24 54 1.0
24 55 0 24 55 1.0
24 56 0 24 56 1.0
24 57 0 24 57 1.0
24 58 0 24 58 1.0
24 63 0 24 63 1.0
24 64 0 24 64 1.0
24 65 0 24 65 1.0
24 66 89 24 31 1.0
24 67 88 24 31 1.0
24 68 59 24 63 1.0
24 69 86 24 31 1.0
24 70 50 24 63 1.0
24 71 2 24 59 1.0
24 72 59 24 63 1.0
24 73 1 24 1 1.0
24 74 1 24 1 0.1875
24 74 2 24 2 0.8125
24 75 3 24 3 1.0
24 77 1 24 1 1.0
24 78 0 24 0 0.46875
24 78 4 24 4 0.53125
24 79 2 24 2 1.0
25 0 0 25 0 1.0
25 1 0 25 1 1.0
25 2 0 25 2 1.0
25 3 0 25 3 1.0
25 4 0 25 4 1.0
25 5 0 25 5 1.0
25 6 5 25 64 1.0
25 7 7 25 31 1.0
25 8 2 25 61 1.0
25 9 8 25 32 1.0
25 10 5 25 64 1.0
25 11 4 25 63 1.0
25 12 2 25 61 1.0
25 14 3 25 62 1.0
25 15 5 25 64 1.0
25 16 1 25 60 1.0
25 17 0 25 59 1.0
25 18 11 25 4 1.0
25 19 2 25 53 1.0
25 20 5 25 56 1.0
25 21 10 25 3 1.0
25 22 5 25 56 1.0
25 23 6 25 57 1.0
25 24 17 25 63 0.453125
25 24 21 25 32 0.546875
25 26 11 25 4 1.0
25 27 12 25 5 1.0
25 28 10 25 3 1.0
25 29 1 25 0 1.0
25 30 24 25 35 1.0
25 31 0 25 31 1.0
25 32 0 25 32 1.0
25 33 0 25 33 1.0
25 34 0 25 34 1.0
25 35 0 25 35 1.0
25 36 0 25 36 1.0
25 37 0 25 37 1.0
25 38 48 25 60 1.0
25 39 1 25 0 1.0
25 40 22 25 3 1.0
25 41 7 25 1 1.0
25 42 32 25 4 0.90625
25 42 49 25 60 0.09375
25 43 50 25 60 1.0
25 44 39 25 5 1.0
25 45 110 25 5 1.0
25 46 45 25 57 1.0
25 47 59 25 1 1.0
25 48 42 25 56 1.0
25 49 20 25 53 1.0
25 50 84 25 3 0.875
25 50 111 25 5 0.125
25 51 81 25 3 1.0
25 52 0 25 52 1.0
25 53 0 25 53 1.0
25 54 0 25 54 1.0
25 55 0 25 55 1.0
25 56 0 25 56 1.0
25 57 0 25 57 1.0
25 58 0 25 58 1.0
25 59 0 25 59 1.0
25 60 0 25 60 1.0
25 61 0 25 61 1.0
25 62 0 25 62 1.0
25 63 0 25 63 1.0
25 64 0 25 64 1.0
25 65 0 25 65 1.0
25 66 13 25 60 1.0
25 67 120 25 37 1.0
25 68 19 25 60 1.0
25 69 20 25 60 1.0
25 70 54 25 63 1.0
25 71 29 25 61 1.0
25 72 14 25 60 1.0
25 73 0 25 0 1.0
25 74 1 25 1 1.0
25 75 0 25 0 1.0
25 76 0 25 0 1.0
25 77 3 25 3 1.0
25 78 0 25 0 1.0
25 79 3 25 3 1.0
26 0 0 26 0 1.0
26 1 0 26 1 1.0
26 2 0 26 2 1.0
26 3 0 26 3 1.0
26 4 0 26 4 1.0
26 5 0 26 5 1.0
26 6 1 26 60 1.0
26 7 2 26 61 1.0
26 8 5 26 64 1.0
26 9 0 26 59 1.0
26 10 3 26 62 1.0
26 11 11 26 35 1.0
26 12 2 26 61 1.0
26 13 1 26 60 1.0
26 14 4 26 63 1.0
26 15 4 26 63 1.0
26 16 3 26 62 1.0
26 17 4 26 63 1.0
26 18 1 26 0 1.0
26 19 10 26 3 1.0
26 20 3 26 52 1.0
26 21 1 26 0 1.0
26 22 5 26 56 1.0
26 23 0 26 55 1.0
26 24 20 26 31 1.0
26 25 10 26 3 1.0
26 27 20 26 31 1.0
26 28 20 26 31 1.0
26 29 20 26 31 1.0
26 30 20 26 31 1.0
26 31 0 26 31 1.0
26 32 0 26 32 1.0
26 33 0 26 33 1.0
26 34 0 26 34 1.0
26 35 0 26 35 1.0
26 36 0 26 36 1.0
26 37 0 26 37 1.0
26 38 3 26 0 1.0
26 39 27 26 3 1.0
26 40 28 26 4 1.0
26 41 1 26 0 1.0
26 42 9 26 1 1.0
26 43 33 26 4 1.0
26 44 39 26 5 1.0
26 45 104 26 4 1.0
26 46 96 26 4 1.0
26 47 93 26 3 1.0
26 48 83 26 3 1.0
26 49 102 26 4 1.0
26 50 16 26 0 1.0
26 51 45 26 57 1.0
26 52 0 26 52 1.0
26 53 0 26 53 1.0
26 54 0 26 54 1.0
26 55 0 26 55 1.0
26 56 0 26 56 1.0
26 57 0 26 57 1.0
26 58 0 26 58 1.0
26 59 0 26 59 1.0
26 60 0 26 60 1.0
26 61 0 26 61 1.0
26 62 0 26 62 1.0
26 63 0 26 63 1.0
26 64 0 26 64 1.0
26 65 0 26 65 1.0
26 66 86 26 31 1.0
26 67 86 26 31 1.0
26 68 86 26 31 1.0
26 69 49 26 63 1.0
26 70 67 26 64 0.859375
26 70 87 26 31 0.140625
26 71 99 26 33 1.0
26 72 119 26 36 1.0
26 73 4 26 4 1.0
26 74 0 26 0 0.515625
26 74 4 26 4 0.484375
26 75 2 26 2 1.0
26 76 1 26 1 1.0
26 77 3 26 3 1.0
26 78 5 26 5 1.0
26 79 5 26 5 1.0
27 0 0 27 0 1.0
27 1 0 27 1 1.0
27 2 0 27 2 1.0
27 3 0 27 3 1.0
27 4 0 27 4 1.0
27 5 0 27 5 1.0
27 6 8 27 32 1.0
27 7 7 27 31 1.0
27 8 0 27 59 1.0
27 9 2 27 61 1.0
27 10 7 27 31 1.0
27 11 7 27 31 1.0
27 12 2 27 61 1.0
27 13 1 27 60 1.0
27 14 0 27 59 1.0
27 15 5 27 64 1.0
27 16 1 27 60 1.0
27 17 3 27 62 1.0
27 18 3 27 52 1.0
27 19 1 27 0 1.0
27 20 1 27 0 1.0
27 21 10 27 3 1.0
27 22 1 27 0 1.0
27 23 10 27 3 1.0
27 24 11 27 4 1.0
27 25 10 27 3 1.0
27 26 9 27 2 1.0
27 28 20 27 31 1.0
27 29 25 27 36 1.0
27 30 20 27 31 1.0
27 31 0 27 31 1.0
27 32 0 27 32 1.0
27 33 0 27 33 1.0
27 34 0 27 34 1.0
27 35 0 27 35 1.0
27 36 0 27 36 1.0
27 37 0 27 37 1.0
27 38 13 27 1 1.0
27 39 34 27 4 1.0
27 40 7 27 1 1.0
27 41 7 27 1 1.0
27 42 75 27 64 1.0
27 43 34 27 4 1.0
27 44 23 27 3 1.0
27 45 8 27 0 1.0
27 46 12 27 0 1.0
27 47 12 27 0 1.0
27 48 45 27 57 1.0
27 49 96 27 4 1.0
27 50 59 27 1 1.0
27 51 98 27 4 1.0
27 52 0 27 52 1.0
27 53 0 27 53 1.0
27 54 0 27 54 1.0
27 55 0 27 55 1.0
27 56 0 27 56 1.0
27 57 0 27 57 1.0
27 58 0 27 58 1.0
27 59 0 27 59 1.0
27 60 0 27 60 1.0
27 61 0 27 61 1.0
27 62 0 27 62 1.0
27 63 0 27 63 1.0
27 64 0 27 64 1.0
27 65 0 27 65 1.0
27 66 105 27 34 1.0
27 67 121 27 37 1.0
27 68 86 27 31 1.0
27 69 87 27 31 1.0
27 70 97 27 33 1.0
27 71 102 27 34 1.0
27 72 90 27 32 1.0
27 73 1 27 1 1.0
27 74 1 27 1 1.0
27 75 3 27 3 1.0
27 76 4 27 4 1.0
27 77 3 27 3 1.0
27 78 4 27 4 1.0
27 79 4 27 4 1.0
28 0 0 28 0 1.0
28 1 0 28 1 1.0
28 2 0 28 2 1.0
28 3 0 28 3 1.0
28 4 0 28 4 1.0
28 8 7 28 31 1.0
28 9 8 28 32 1.0
28 10 7 28 31 1.0
28 11 7 28 31 1.0
28 13 1 28 60 1.0
28 14 6 28 65 1.0
28 15 3 28 62 1.0
28 16 0 28 59 1.0
28 18 3 28 52 1.0
28 19 2 28 53 1.0
28 22 12 28 5 1.0
28 23 2 28 53 1.0
28 25 8 28 1 1.0
28 26 20 28 31 1.0
28 27 20 28 31 1.0
28 32 0 28 32 1.0
28 33 0 28 33 1.0
28 34 0 28 34 1.0
28 37 0 28 37 1.0
28 38 2 28 0 1.0
28 39 2 28 0 1.0
28 40 20 28 2 1.0
28 41 7 28 1 1.0
28 44 67 28 63 1.0
28 45 20 28 53 1.0
28 46 45 28 57 1.0
28 47 20 28 53 1.0
28 48 24 28 53 1.0
28 49 20 28 53 1.0
28 50 98 28 4 1.0
28 51 72 28 2 1.0
28 52 0 28 52 1.0
28 53 0 28 53 1.0
28 54 0 28 54 1.0
28 55 0 28 55 1.0
28 56 0 28 56 1.0
28 57 0 28 57 1.0
28 58 0 28 58 1.0
28 59 0 28 59 1.0
28 60 0 28 60 1.0
28 61 0 28 61 1.0
28 62 0 28 62 1.0
28 63 0 28 63 1.0
28 64 0 28 64 1.0
28 65 0 28 65 1.0
28 66 85 28 31 1.0
28 67 96 28 33 1.0
28 68 125 28 37 1.0
28 69 86 28 31 1.0
28 71 105 28 34 1.0
28 72 85 28 31 1.0
28 75 1 28 1 1.0
28 76 5 28 5 1.0
28 77 1 28 1 1.0
28 78 1 28 1 1.0
28 79 1 28 1 1.0
29 0 0 29 0 1.0
29 1 0 29 1 1.0
29 2 0 29 2 1.0
29 3 0 29 3 1.0
29 4 0 29 4 1.0
29 5 0 29 5 1.0
29 6 2 29 61 1.0
29 7 4 29 63 1.0
29 9 3 29 62 1.0
29 10 1 29 60 1.0
29 12 4 29 63 1.0
29 13 1 29 60 1.0
29 14 2 29 61 1.0
29 15 6 29 65 1.0
29 17 0 29 59 1.0
29 19 9 29 2 1.0
29 20 4 29 54 1.0
29 21 9 29 2 1.0
29 22 11 29 4 1.0
29 23 11 29 4 1.0
29 24 24 29 35 1.0
29 25 22 29 33 1.0
29 26 22 29 33 1.0
29 27 9 29 2 1.0
29 28 11 29 4 1.0
29 30 7 29 58 1.0
29 31 0 29 31 1.0
29 32 0 29 32 1.0
29 33 0 29 33 1.0
29 34 0 29 34 1.0
29 35 0 29 35 1.0
29 36 0 29 36 1.0
29 37 0 29 37 1.0
29 39 2 29 0 1.0
29 40 30 29 4 1.0
29 41 50 29 60 1.0
29 42 47 29 59 1.0
29 43 28 29 4 1.0
29 44 50 29 60 1.0
29 45 94 29 4 1.0
29 46 45 29 57 1.0
29 47 20 29 53 1.0
29 48 20 29 53 1.0
29 49 42 29 56 1.0
29 50 105 29 4 1.0
29 51 104 29 4 1.0
29 52 0 29 52 1.0
29 53 0 29 53 1.0
29 54 0 29 54 1.0
29 55 0 29 55 1.0
29 56 0 29 56 1.0
29 57 0 29 57 1.0
29 58 0 29 58 1.0
29 61 0 29 61 1.0
29 62 0 29 62 1.0
29 63 0 29 63 1.0
29 64 0 29 64 1.0
29 65 0 29 65 1.0
29 66 105 29 34 1.0
29 67 84 29 31 1.0
29 68 113 29 35 1.0
29 69 88 29 31 1.0
29 70 121 29 37 1.0
29 71 42 29 62 0.71875
29 71 111 29 35 0.28125
29 72 49 29 63 1.0
29 73 0 29 0 1.0
29 74 2 29 2 1.0
29 75 4 29 4 1.0
29 77 4 29 4 1.0
29 78 3 29 3 1.0
29 79 3 29 3 1.0
30 0 0 30 0 1.0
30 1 0 30 1 1.0
30 2 0 30 2 1.0
30 3 0 30 3 1.0
30 4 0 30 4 1.0
30 5 0 30 5 1.0
30 6 4 30 63 1.0
30 7 6 30 65 1.0
30 9 4 30 63 1.0
30 10 5 30 64 1.0
30 14 6 30 65 1.0
30 15 3 30 62 1.0
30 18 11 30 4 1.0
30 19 1 30 0 1.0
30 20 11 30 4 1.0
30 21 11 30 4 1.0
30 23 2 30 53 1.0
30 24 0 30 55 1.0
30 25 21 30 32 1.0
30 26 2 30 53 1.0
30 27 2 30 53 1.0
30 29 25 30 36 1.0
30 31 0 30 31 1.0
30 32 0 30 32 1.0
30 35 0 30 35 1.0
30 36 0 30 36 1.0
30 40 29 30 4 1.0
30 41 38 30 5 1.0
30 42 15 30 2 1.0
30 43 40 30 5 1.0
30 44 32 30 4 0.46875
30 44 74 30 64 0.53125
30 45 8 30 0 1.0
30 48 61 30 1 1.0
30 50 23 30 53 1.0
30 51 16 30 0 0.390625
30 51 87 30 3 0.609375
30 52 0 30 52 1.0
30 53 0 30 53 1.0
30 54 0 30 54 1.0
30 56 0 30 56 1.0
30 57 0 30 57 1.0
30 62 0 30 62 1.0
30 63 0 30 63 1.0
30 64 0 30 64 1.0
30 65 0 30 65 1.0
30 67 42 30 62 1.0
30 68 85 30 31 1.0
30 69 90 30 32 1.0
30 70 31 30 61 1.0
30 71 62 30 64 1.0
30 72 125 30 37 1.0
30 73 5 30 5 1.0
30 74 1 30 1 1.0
30 75 0 30 0 1.0
30 77 5 30 5 1.0
30 78 2 30 2 1.0
30 79 2 30 2 1.0
31 0 6 31 53 1.0
31 1 4 31 30 1.0
31 2 10 31 54 1.0
31 3 9 31 26 1.0
31 4 5 31 29 0.515625
31 4 12 31 57 0.484375
31 5 5 31 29 1.0
31 6 0 31 6 1.0
31 7 0 31 7 1.0
31 9 0 31 9 1.0
31 10 0 31 10 1.0
31 12 8 31 7 1.0
31 14 3 31 62 1.0
31 15 9 31 8 1.0
31 16 8 31 7 1.0
31 17 8 31 7 1.0
31 19 1 31 53 1.0
31 20 5 31 57 1.0
31 23 4 31 56 1.0
31 24 0 31 24 1.0
31 25 0 31 25 1.0
31 26 0 31 26 1.0
31 27 0 31 27 1.0
31 29 0 31 29 1.0
31 30 0 31 30 1.0
31 32 8 31 28 0.25
31 32 18 31 63 0.75
31 40 87 31 9 1.0
31 41 52 31 6 1.0
31 42 37 31 65 1.0
31 43 62 31 7 1.0
31 44 103 31 10 0.546875
31 44 108 31 11 0.453125
31 45 28 31 56 0.90625
31 45 63 31 9 0.09375
31 48 49 31 7 1.0
31 50 53 31 7 1.0
31 51 53 31 7 1.0
31 53 0 31 53 1.0
31 54 0 31 54 1.0
31 55 0 31 55 1.0
31 56 0 31 56 1.0
31 57 0 31 57 1.0
31 58 0 31 58 1.0
31 59 0 31 59 1.0
31 61 0 31 61 1.0
31 63 0 31 63 1.0
31 64 0 31 64 1.0
31 65 0 31 65 1.0
31 66 0 31 6 1.0
31 67 3 31 9 1.0
31 68 5 31 11 1.0
31 69 0 31 6 1.0
31 70 2 31 8 1.0
31 71 4 31 10 1.0
31 72 5 31 11 1.0
31 73 59 31 52 1.0
31 74 49 31 53 1.0
31 77 73 31 26 1.0
31 78 38 31 29 1.0
31 79 11 31 25 1.0
32 0 5 32 29 1.0
32 1 11 32 56 1.0
32 2 2 32 55 1.0
32 3 6 32 53 1.0
32 4 12 32 57 1.0
32 5 6 32 53 1.0
32 6 0 32 6 1.0
32 7 0 32 7 1.0
32 8 0 32 8 1.0
32 9 0 32 9 1.0
32 10 0 32 10 1.0
32 11 0 32 11 1.0
32 12 4 32 63 1.0
32 14 4 32 63 1.0
32 15 2 32 61 1.0
32 16 7 32 6 1.0
32 17 7 32 6 1.0
32 18 2 32 52 1.0
32 19 6 32 58 1.0
32 20 0 32 55 1.0
32 21 2 32 52 1.0
32 22 2 32 52 1.0
32 23 1 32 53 1.0
32 24 0 32 24 1.0
32 25 0 32 25 1.0
32 26 0 32 26 1.0
32 27 0 32 27 1.0
32 28 0 32 28 1.0
32 29 0 32 29 1.0
32 30 0 32 30 1.0
32 31 0 32 24 0.34375
32 31 5 32 29 0.625
32 31 17 32 62 0.03125
32 33 21 32 6 1.0
32 34 24 32 9 1.0
32 35 8 32 28 1.0
32 36 21 32 6 1.0
32 37 4 32 30 1.0
32 38 27 32 63 1.0
32 39 82 32 9 1.0
32 40 42 32 6 0.640625
32 40 93 32 9 0.359375
32 41 89 32 9 1.0
32 42 62 32 7 1.0
32 43 25 32 63 1.0
32 44 38 32 65 1.0
32 45 39 32 58 1.0
32 46 32 32 57 1.0
32 47 7 32 53 1.0
32 48 32 32 57 1.0
32 49 7 32 53 1.0
32 50 50 32 7 1.0
32 51 48 32 6 1.0
32 52 0 32 52 1.0
32 53 0 32 53 1.0
32 54 0 32 54 1.0
32 55 0 32 55 1.0
32 56 0 32 56 1.0
32 57 0 32 57 1.0
32 58 0 32 58 1.0
32 59 0 32 59 1.0
32 60 0 32 60 1.0
32 61 0 32 61 1.0
32 62 0 32 62 1.0
32 63 0 32 63 1.0
32 64 0 32 64 1.0
32 65 0 32 65 1.0
32 66 0 32 6 1.0
32 67 4 32 10 1.0
32 68 1 32 7 1.0
32 69 2 32 8 1.0
32 70 4 32 10 1.0
32 71 1 32 7 1.0
32 72 4 32 10 1.0
32 73 111 32 57 1.0
32 74 112 32 57 1.0
32 75 76 32 26 1.0
32 76 76 32 26 1.0
32 77 61 32 52 1.0
32 78 10 32 25 1.0
32 79 4 32 24 1.0
33 0 4 33 30 1.0
33 1 4 33 30 1.0
33 2 5 33 29 1.0
33 7 0 33 7 1.0
33 8 0 33 8 1.0
33 9 0 33 9 1.0
33 11 0 33 11 1.0
33 12 0 33 59 1.0
33 13 1 33 60 1.0
33 14 0 33 59 1.0
33 15 8 33 7 1.0
33 16 11 33 10 1.0
33 17 11 33 10 1.0
33 18 2 33 52 1.0
33 19 2 33 52 1.0
33 20 2 33 52 1.0
33 21 3 33 54 1.0
33 22 2 33 52 1.0
33 23 1 33 53 1.0
33 24 0 33 24 1.0
33 25 0 33 25 1.0
33 26 0 33 26 1.0
33 27 0 33 27 1.0
33 28 0 33 28 1.0
33 29 0 33 29 1.0
33 31 22 33 7 1.0
33 32 4 33 30 1.0
33 34 4 33 30 1.0
33 35 8 33 28 1.0
33 36 8 33 28 1.0
33 37 4 33 30 1.0
33 38 62 33 7 1.0
33 39 27 33 63 1.0
33 40 14 33 61 1.0
33 41 31 33 64 1.0
33 42 25 33 63 1.0
33 43 53 33 6 1.0
33 44 25 33 63 1.0
33 45 82 33 11 1.0
33 46 32 33 57 1.0
33 47 7 33 53 1.0
33 48 29 33 56 1.0
33 49 11 33 53 1.0
33 50 50 33 7 1.0
33 51 81 33 11 1.0
33 52 0 33 52 1.0
33 53 0 33 53 1.0
33 54 0 33 54 1.0
33 55 0 33 55 1.0
33 56 0 33 56 1.0
33 57 0 33 57 1.0
33 58 0 33 58 1.0
33 59 0 33 59 1.0
33 60 0 33 60 1.0
33 61 0 33 61 1.0
33 62 0 33 62 1.0
33 63 0 33 63 1.0
33 64 0 33 64 1.0
33 65 0 33 65 1.0
33 66 4 33 10 1.0
33 67 2 33 8 1.0
33 68 2 33 8 1.0
33 69 2 33 8 1.0
33 70 1 33 7 1.0
33 71 0 33 6 1.0
33 72 2 33 8 1.0
33 73 5 33 24 1.0
33 74 24 33 27 1.0
33 75 30 33 30 1.0
33 76 76 33 26 1.0
33 77 26 33 27 1.0
33 78 9 33 25 1.0
33 79 11 33 25 1.0
34 0 4 34 30 1.0
34 1 1 34 25 1.0
34 2 4 34 30 1.0
34 7 0 34 7 1.0
34 8 0 34 8 1.0
34 10 0 34 10 1.0
34 11 0 34 11 1.0
34 12 4 34 63 1.0
34 14 0 34 59 1.0
34 15 1 34 60 1.0
34 16 10 34 9 1.0
34 17 0 34 59 1.0
34 18 2 34 52 1.0
34 19 2 34 52 1.0
34 20 5 34 57 1.0
34 21 2 34 52 1.0
34 22 6 34 58 1.0
34 23 4 34 56 1.0
34 24 0 34 24 1.0
34 25 0 34 25 1.0
34 26 0 34 26 1.0
34 27 0 34 27 1.0
34 28 0 34 28 1.0
34 29 0 34 29 1.0
34 32 4 34 30 1.0
34 33 4 34 30 1.0
34 35 8 34 28 1.0
34 36 4 34 30 1.0
34 37 4 34 30 1.0
34 38 25 34 63 1.0
34 39 118 34 11 1.0
34 40 1 34 59 1.0
34 41 87 34 9 1.0
34 42 25 34 63 1.0
34 43 25 34 63 1.0
34 44 25 34 63 1.0
34 45 82 34 11 1.0
34 46 32 34 57 1.0
34 47 63 34 9 1.0
34 48 11 34 53 1.0
34 49 68 34 9 1.0
34 50 11 34 53 1.0
34 51 16 34 52 1.0
34 52 0 34 52 1.0
34 53 0 34 53 1.0
34 54 0 34 54 1.0
34 55 0 34 55 1.0
34 56 0 34 56 1.0
34 57 0 34 57 1.0
34 58 0 34 58 1.0
34 59 0 34 59 1.0
34 60 0 34 60 1.0
34 61 0 34 61 1.0
34 62 0 34 62 1.0
34 63 0 34 63 1.0
34 64 0 34 64 1.0
34 65 0 34 65 1.0
34 66 3 34 9 1.0
34 67 2 34 8 1.0
34 68 2 34 8 1.0
34 69 2 34 8 1.0
34 70 1 34 7 1.0
34 72 0 34 6 1.0
34 73 70 34 28 1.0
34 74 70 34 28 1.0
34 75 72 34 26 1.0
34 76 34 34 30 1.0
34 77 26 34 27 1.0
34 78 9 34 25 1.0
34 79 3 34 24 1.0
35 0 4 35 30 1.0
35 1 4 35 30 1.0
35 2 5 35 29 1.0
35 3 4 35 30 1.0
35 4 4 35 30 1.0
35 5 4 35 30 1.0
35 7 0 35 7 1.0
35 8 0 35 8 1.0
35 9 0 35 9 1.0
35 10 0 35 10 1.0
35 12 4 35 63 1.0
35 14 9 35 8 1.0
35 15 9 35 8 1.0
35 16 12 35 11 1.0
35 18 2 35 52 1.0
35 20 5 35 57 1.0
35 21 2 35 52 1.0
35 22 2 35 52 1.0
35 25 0 35 25 1.0
35 26 0 35 26 1.0
35 27 0 35 27 1.0
35 28 0 35 28 1.0
35 29 0 35 29 1.0
35 32 4 35 30 1.0
35 33 15 35 60 1.0
35 34 0 35 24 1.0
35 36 0 35 24 1.0
35 37 4 35 30 1.0
35 38 27 35 63 1.0
35 39 25 35 63 1.0
35 40 1 35 59 1.0
35 41 66 35 7 1.0
35 42 110 35 11 1.0
35 45 82 35 11 1.0
35 46 32 35 57 1.0
35 47 7 35 53 1.0
35 48 7 35 53 1.0
35 49 7 35 53 1.0
35 50 32 35 57 1.0
35 51 42 35 6 1.0
35 52 0 35 52 1.0
35 53 0 35 53 1.0
35 54 0 35 54 1.0
35 55 0 35 55 1.0
35 56 0 35 56 1.0
35 57 0 35 57 1.0
35 58 0 35 58 1.0
35 59 0 35 59 1.0
35 62 0 35 62 1.0
35 63 0 35 63 1.0
35 64 0 35 64 1.0
35 65 0 35 65 1.0
35 66 5 35 11 1.0
35 67 3 35 9 1.0
35 68 3 35 9 1.0
35 69 1 35 7 1.0
35 70 1 35 7 1.0
35 71 0 35 6 1.0
35 77 50 35 53 1.0
35 78 9 35 25 1.0
35 79 44 35 53 1.0
36 0 4 36 30 1.0
36 1 1 36 25 1.0
36 2 5 36 29 1.0
36 3 4 36 30 1.0
36 5 4 36 30 1.0
36 6 0 36 6 1.0
36 8 0 36 8 1.0
36 9 0 36 9 1.0
36 10 0 36 10 1.0
36 11 0 36 11 1.0
36 12 8 36 7 1.0
36 13 1 36 60 1.0
36 14 12 36 11 1.0
36 15 12 36 11 1.0
36 16 8 36 7 1.0
36 17 8 36 7 1.0
36 18 6 36 58 1.0
36 19 2 36 52 1.0
36 20 5 36 57 1.0
36 21 2 36 52 1.0
36 22 2 36 52 1.0
36 23 1 36 53 1.0
36 24 0 36 24 1.0
36 25 0 36 25 1.0
36 26 0 36 26 1.0
36 27 0 36 27 1.0
36 28 0 36 28 1.0
36 29 0 36 29 1.0
36 31 0 36 24 1.0
36 32 4 36 30 1.0
36 33 4 36 30 1.0
36 34 4 36 30 1.0
36 35 8 36 28 1.0
36 37 4 36 30 1.0
36 38 27 36 63 1.0
36 39 25 36 63 1.0
36 40 0 36 59 1.0
36 41 62 36 7 1.0
36 43 62 36 7 1.0
36 44 25 36 63 1.0
36 45 53 36 7 1.0
36 46 32 36 57 1.0
36 47 7 36 53 1.0
36 48 7 36 53 1.0
36 49 11 36 53 1.0
36 50 29 36 56 1.0
36 51 16 36 52 1.0
36 52 0 36 52 1.0
36 53 0 36 53 1.0
36 54 0 36 54 1.0
36 55 0 36 55 1.0
36 56 0 36 56 1.0
36 57 0 36 57 1.0
36 58 0 36 58 1.0
36 59 0 36 59 1.0
36 60 0 36 60 1.0
36 61 0 36 61 1.0
36 62 0 36 62 1.0
36 63 0 36 63 1.0
36 64 0 36 64 1.0
36 65 0 36 65 1.0
36 66 0 36 6 1.0
36 67 4 36 10 1.0
36 68 4 36 10 1.0
36 69 2 36 8 1.0
36 70 1 36 7 1.0
36 72 1 36 7 1.0
36 73 70 36 28 1.0
36 75 72 36 26 1.0
36 76 76 36 26 1.0
36 77 26 36 27 1.0
36 78 6 36 25 1.0
36 79 6 36 25 1.0
37 1 0 37 24 1.0
37 2 4 37 30 1.0
37 3 4 37 30 1.0
37 5 4 37 30 1.0
37 7 0 37 7 1.0
37 8 0 37 8 1.0
37 9 0 37 9 1.0
37 10 0 37 10 1.0
37 11 0 37 11 1.0
37 12 4 37 63 1.0
37 14 8 37 7 1.0
37 15 8 37 7 1.0
37 16 9 37 8 1.0
37 17 9 37 8 1.0
37 18 6 37 58 1.0
37 19 1 37 53 1.0
37 21 2 37 52 1.0
37 22 2 37 52 1.0
37 23 1 37 53 1.0
37 24 0 37 24 1.0
37 25 0 37 25 1.0
37 26 0 37 26 1.0
37 27 0 37 27 1.0
37 28 0 37 28 1.0
37 29 0 37 29 1.0
37 32 4 37 30 1.0
37 33 4 37 30 1.0
37 34 4 37 30 1.0
37 35 8 37 28 1.0
37 36 8 37 28 1.0
37 38 62 37 7 1.0
37 39 25 37 63 1.0
37 40 0 37 59 1.0
37 41 53 37 6 1.0
37 42 25 37 63 1.0
37 43 27 37 63 1.0
37 45 43 37 6 1.0
37 46 32 37 57 1.0
37 47 75 37 10 1.0
37 48 11 37 53 1.0
37 49 7 37 53 1.0
37 50 11 37 53 1.0
37 51 16 37 52 1.0
37 52 0 37 52 1.0
37 53 0 37 53 1.0
37 54 0 37 54 1.0
37 55 0 37 55 1.0
37 56 0 37 56 1.0
37 57 0 37 57 1.0
37 58 0 37 58 1.0
37 59 0 37 59 1.0
37 60 0 37 60 1.0
37 61 0 37 61 1.0
37 62 0 37 62 1.0
37 63 0 37 63 1.0
37 64 0 37 64 1.0
37 65 0 37 65 1.0
37 66 0 37 6 1.0
37 67 2 37 8 1.0
37 68 2 37 8 1.0
37 69 2 37 8 1.0
37 70 5 37 11 1.0
37 72 3 37 9 1.0
37 73 70 37 28 1.0
37 74 70 37 28 1.0
37 75 30 37 30 1.0
37 76 76 37 26 1.0
37 77 39 37 29 1.0
37 78 6 37 25 1.0
37 79 6 37 25 1.0
38 1 0 38 75 1.0
38 2 6 38 73 1.0
38 3 6 38 73 1.0
38 6 10 38 70 1.0
38 8 0 38 16 1.0
38 9 10 38 70 1.0
38 10 11 38 71 1.0
38 12 0 38 12 1.0
38 13 0 38 13 1.0
38 14 0 38 14 1.0
38 15 0 38 15 1.0
38 24 6 38 76 1.0
38 25 4 38 75 1.0
38 26 35 38 78 1.0
38 27 53 38 12 1.0
38 28 39 38 73 1.0
38 29 39 38 73 1.0
38 31 105 38 70 1.0
38 34 102 38 70 1.0
38 36 109 38 71 1.0
38 37 102 38 70 1.0
38 40 11 38 48 1.0
38 41 11 38 48 1.0
38 42 17 38 14 1.0
38 45 0 38 45 1.0
38 46 0 38 46 1.0
38 47 0 38 47 1.0
38 50 0 38 50 1.0
38 51 0 38 51 1.0
38 53 27 38 74 1.0
38 54 24 38 74 1.0
38 55 24 38 74 1.0
38 56 91 38 46 1.0
38 57 26 38 74 1.0
38 58 34 38 74 1.0
38 61 5 38 17 1.0
38 62 0 38 16 1.0
38 63 2 38 13 1.0
38 64 3 38 14 1.0
38 65 3 38 14 1.0
38 66 0 38 66 1.0
38 67 0 38 67 1.0
38 68 0 38 68 1.0
38 69 0 38 69 1.0
38 74 0 38 74 1.0
38 76 0 38 76 1.0
38 77 0 38 77 1.0
38 78 0 38 78 1.0
38 79 0 38 79 1.0
39 0 2 39 74 1.0
39 1 6 39 73 1.0
39 3 2 39 74 1.0
39 5 2 39 74 1.0
39 6 11 39 71 1.0
39 7 11 39 71 1.0
39 8 0 39 16 1.0
39 10 11 39 71 1.0
39 11 0 39 16 1.0
39 13 0 39 13 1.0
39 14 0 39 14 1.0
39 15 0 39 15 1.0
39 17 0 39 17 1.0
39 18 1 39 76 1.0
39 20 1 39 76 1.0
39 21 1 39 76 1.0
39 22 1 39 76 1.0
39 25 10 39 76 1.0
39 26 39 39 73 1.0
39 27 16 39 74 1.0
39 28 6 39 76 1.0
39 29 6 39 76 1.0
39 31 114 39 72 1.0
39 32 109 39 71 1.0
39 33 105 39 70 1.0
39 34 109 39 71 1.0
39 35 102 39 70 1.0
39 36 102 39 70 1.0
39 37 102 39 70 1.0
39 38 1 39 76 1.0
39 40 10 39 47 1.0
39 41 10 39 47 1.0
39 43 1 39 76 1.0
39 44 2 39 74 1.0
39 45 0 39 45 1.0
39 46 0 39 46 1.0
39 48 0 39 48 1.0
39 49 0 39 49 1.0
39 50 0 39 50 1.0
39 51 0 39 51 1.0
39 52 109 39 49 1.0
39 53 75 39 73 1.0
39 54 34 39 74 1.0
39 55 83 39 73 1.0
39 56 83 39 73 1.0
39 57 56 39 77 1.0
39 58 80 39 73 1.0
39 59 0 39 16 1.0
39 61 1 39 12 1.0
39 62 0 39 16 1.0
39 63 5 39 17 1.0
39 64 5 39 17 1.0
39 65 5 39 17 1.0
39 66 0 39 66 1.0
39 67 0 39 67 1.0
39 68 0 39 68 1.0
39 69 0 39 69 1.0
39 70 0 39 70 1.0
39 73 0 39 73 1.0
39 77 0 39 77 1.0
39 78 0 39 78 1.0
39 79 0 39 79 1.0
40 0 1 40 76 1.0
40 1 6 40 73 1.0
40 2 6 40 73 1.0
40 3 0 40 75 1.0
40 4 6 40 73 1.0
40 5 6 40 73 1.0
40 6 6 40 66 1.0
40 7 1 40 12 1.0
40 8 10 40 70 1.0
40 9 5 40 17 1.0
40 10 11 40 71 1.0
40 11 5 40 17 1.0
40 12 0 40 12 1.0
40 13 0 40 13 1.0
40 14 0 40 14 1.0
40 15 0 40 15 1.0
40 16 0 40 16 1.0
40 17 0 40 17 1.0
40 18 10 40 48 1.0
40 19 1 40 76 1.0
40 20 7 40 45 1.0
40 21 1 40 76 1.0
40 22 6 40 73 1.0
40 23 1 40 76 1.0
40 24 2 40 75 1.0
40 25 0 40 75 1.0
40 26 11 40 76 1.0
40 27 42 40 16 1.0
40 28 60 40 13 1.0
40 29 31 40 78 1.0
40 30 10 40 76 1.0
40 31 111 40 71 1.0
40 32 43 40 14 1.0
40 33 104 40 70 1.0
40 34 97 40 69 1.0
40 35 119 40 72 1.0
40 36 110 40 71 1.0
40 37 101 40 69 1.0
40 38 24 40 70 1.0
40 39 25 40 71 1.0
40 41 0 40 75 1.0
40 42 12 40 49 1.0
40 43 24 40 70 1.0
40 44 11 40 48 1.0
40 45 0 40 45 1.0
40 46 0 40 46 1.0
40 47 0 40 47 1.0
40 48 0 40 48 1.0
40 49 0 40 49 1.0
40 50 0 40 50 1.0
40 51 0 40 51 1.0
40 52 72 40 73 1.0
40 53 122 40 51 1.0
40 54 76 40 73 1.0
40 55 76 40 73 1.0
40 56 77 40 73 1.0
40 57 103 40 48 1.0
40 58 82 40 73 1.0
40 59 4 40 15 1.0
40 60 4 40 15 1.0
40 61 4 40 15 1.0
40 62 4 40 15 1.0
40 63 5 40 17 1.0
40 64 0 40 16 1.0
40 65 0 40 16 1.0
40 66 0 40 66 1.0
40 67 0 40 67 1.0
40 68 0 40 68 1.0
40 69 0 40 69 1.0
40 70 0 40 70 1.0
40 71 0 40 71 1.0
40 72 0 40 72 1.0
40 73 0 40 73 1.0
40 74 0 40 74 1.0
40 75 0 40 75 1.0
40 76 0 40 76 1.0
40 77 0 40 77 1.0
40 78 0 40 78 1.0
40 79 0 40 79 1.0
41 0 2 41 74 1.0
41 1 2 41 74 1.0
41 2 2 41 74 1.0
41 3 4 41 77 1.0
41 4 0 41 75 1.0
41 5 6 41 73 1.0
41 6 4 41 15 1.0
41 7 8 41 68 1.0
41 8 12 41 72 1.0
41 9 12 41 72 1.0
41 10 9 41 69 1.0
41 11 0 41 16 1.0
41 12 0 41 12 1.0
41 13 0 41 13 1.0
41 14 0 41 14 1.0
41 15 0 41 15 1.0
41 16 0 41 16 1.0
41 17 0 41 17 1.0
41 18 0 41 75 1.0
41 19 4 41 77 1.0
41 20 2 41 74 1.0
41 21 0 41 75 1.0
41 22 0 41 75 1.0
41 23 13 41 51 1.0
41 24 75 41 15 1.0
41 25 27 41 77 1.0
41 26 11 41 76 1.0
41 27 53 41 12 1.0
41 28 55 41 12 1.0
41 29 60 41 13 1.0
41 30 8 41 76 0.578125
41 30 29 41 77 0.421875
41 31 89 41 67 1.0
41 32 74 41 17 1.0
41 33 17 41 12 1.0
41 34 20 41 12 1.0
41 35 23 41 12 1.0
41 36 21 41 12 1.0
41 37 20 41 12 1.0
41 38 24 41 70 1.0
41 39 15 41 12 1.0
41 40 2 41 74 1.0
41 42 8 41 45 0.71875
41 42 22 41 68 0.28125
41 43 24 41 70 1.0
41 44 17 41 14 1.0
41 45 0 41 45 1.0
41 46 0 41 46 1.0
41 47 0 41 47 1.0
41 48 0 41 48 1.0
41 49 0 41 49 1.0
41 50 0 41 50 1.0
41 51 0 41 51 1.0
41 52 29 41 74 1.0
41 53 26 41 74 1.0
41 54 27 41 74 1.0
41 55 28 41 74 1.0
41 56 29 41 74 1.0
41 57 103 41 48 1.0
41 58 81 41 73 1.0
41 59 4 41 15 1.0
41 60 4 41 15 1.0
41 61 4 41 15 1.0
41 62 3 41 14 1.0
41 63 5 41 17 1.0
41 64 1 41 12 1.0
41 65 0 41 16 1.0
41 66 0 41 66 1.0
41 67 0 41 67 1.0
41 68 0 41 68 1.0
41 69 0 41 69 1.0
41 70 0 41 70 1.0
41 71 0 41 71 1.0
41 72 0 41 72 1.0
41 73 0 41 73 1.0
41 74 0 41 74 1.0
41 75 0 41 75 1.0
41 76 0 41 76 1.0
41 77 0 41 77 1.0
41 78 0 41 78 1.0
41 79 0 41 79 1.0
42 0 4 42 77 1.0
42 1 4 42 77 1.0
42 2 5 42 78 1.0
42 3 1 42 76 1.0
42 4 5 42 78 1.0
42 5 6 42 73 1.0
42 6 10 42 70 1.0
42 7 3 42 14 1.0
42 9 8 42 68 1.0
42 10 8 42 68 1.0
42 11 0 42 16 1.0
42 14 0 42 14 1.0
42 15 0 42 15 1.0
42 19 5 42 78 1.0
42 20 2 42 74 1.0
42 21 6 42 73 1.0
42 23 2 42 74 1.0
42 24 26 42 77 1.0
42 25 28 42 77 1.0
42 26 15 42 74 1.0
42 27 41 42 73 1.0
42 28 53 42 12 1.0
42 29 42 42 16 1.0
42 30 82 42 17 1.0
42 31 11 42 16 1.0
42 32 51 42 14 1.0
42 34 102 42 70 1.0
42 35 102 42 70 1.0
42 37 102 42 70 1.0
42 38 6 42 73 1.0
42 39 25 42 71 1.0
42 40 12 42 49 1.0
42 41 6 42 73 0.265625
42 41 26 42 72 0.734375
42 43 6 42 73 1.0
42 44 16 42 13 1.0
42 45 0 42 45 1.0
42 48 0 42 48 1.0
42 50 0 42 50 1.0
42 51 0 42 51 1.0
42 52 109 42 49 1.0
42 53 3 42 75 1.0
42 54 76 42 73 1.0
42 55 82 42 73 1.0
42 56 57 42 77 1.0
42 57 91 42 46 1.0
42 58 82 42 73 1.0
42 59 0 42 16 1.0
42 61 5 42 17 1.0
42 62 1 42 12 1.0
42 63 5 42 17 1.0
42 64 4 42 15 1.0
42 65 3 42 14 1.0
42 66 0 42 66 1.0
42 67 0 42 67 1.0
42 68 0 42 68 1.0
42 69 0 42 69 1.0
42 70 0 42 70 1.0
42 71 0 42 71 1.0
42 72 0 42 72 1.0
42 73 0 42 73 1.0
42 74 0 42 74 1.0
42 77 0 42 77 1.0
42 78 0 42 78 1.0
42 79 0 42 79 1.0
43 1 4 43 77 1.0
43 5 4 43 77 1.0
43 6 11 43 71 1.0
43 7 11 43 71 1.0
43 8 0 43 16 1.0
43 9 11 43 71 1.0
43 10 11 43 71 1.0
43 11 0 43 16 1.0
43 13 0 43 13 1.0
43 14 0 43 14 1.0
43 15 0 43 15 1.0
43 19 1 43 76 1.0
43 21 1 43 76 1.0
43 22 1 43 76 1.0
43 24 35 43 78 1.0
43 25 10 43 76 1.0
43 26 28 43 77 1.0
43 27 36 43 73 1.0
43 28 53 43 12 1.0
43 29 7 43 76 1.0
43 33 105 43 70 1.0
43 34 102 43 70 1.0
43 37 102 43 70 1.0
43 38 1 43 76 1.0
43 40 26 43 72 1.0
43 41 4 43 77 1.0
43 42 4 43 77 1.0
43 44 2 43 74 1.0
43 45 0 43 45 1.0
43 46 0 43 46 1.0
43 47 0 43 47 1.0
43 48 0 43 48 1.0
43 49 0 43 49 1.0
43 50 0 43 50 1.0
43 51 0 43 51 1.0
43 53 27 43 74 1.0
43 54 24 43 74 1.0
43 55 24 43 74 1.0
43 56 91 43 46 1.0
43 57 14 43 76 1.0
43 58 33 43 74 1.0
43 59 1 43 12 1.0
43 62 0 43 16 1.0
43 63 1 43 12 1.0
43 64 3 43 14 1.0
43 65 3 43 14 1.0
43 66 0 43 66 1.0
43 67 0 43 67 1.0
43 68 0 43 68 1.0
43 69 0 43 69 1.0
43 70 0 43 70 1.0
43 71 0 43 71 1.0
43 74 0 43 74 1.0
43 77 0 43 77 1.0
43 78 0 43 78 1.0
43 79 0 43 79 1.0
44 0 4 44 77 1.0
44 1 4 44 77 1.0
44 2 4 44 77 1.0
44 3 6 44 73 1.0
44 4 2 44 74 1.0
44 5 2 44 74 1.0
44 6 0 44 16 0.109375
44 6 7 44 67 0.890625
44 7 3 44 14 1.0
44 9 10 44 70 1.0
44 10 9 44 69 1.0
44 11 0 44 16 1.0
44 12 0 44 12 1.0
44 14 0 44 14 1.0
44 15 0 44 15 1.0
44 17 0 44 17 1.0
44 19 7 44 45 1.0
44 20 5 44 78 1.0
44 21 4 44 77 1.0
44 23 5 44 78 1.0
44 24 70 44 15 1.0
44 25 72 44 15 1.0
44 26 26 44 77 0.875
44 26 35 44 78 0.125
44 27 29 44 77 1.0
44 28 42 44 16 1.0
44 29 58 44 13 1.0
44 30 65 44 14 1.0
44 31 84 44 67 1.0
44 32 115 44 72 1.0
44 34 12 44 16 1.0
44 35 102 44 70 1.0
44 37 102 44 70 1.0
44 38 7 44 16 1.0
44 40 8 44 45 1.0
44 41 9 44 46 1.0
44 42 0 44 75 1.0
44 45 0 44 45 1.0
44 46 0 44 46 1.0
44 48 0 44 48 1.0
44 50 0 44 50 1.0
44 51 0 44 51 1.0
44 53 15 44 76 1.0
44 54 51 44 77 1.0
44 55 52 44 77 1.0
44 56 53 44 77 1.0
44 57 50 44 77 1.0
44 58 52 44 77 1.0
44 62 0 44 16 1.0
44 63 5 44 17 1.0
44 64 4 44 15 1.0
44 65 3 44 14 1.0
44 66 0 44 66 1.0
44 67 0 44 67 1.0
44 68 0 44 68 1.0
44 69 0 44 69 1.0
44 70 0 44 70 1.0
44 71 0 44 71 1.0
44 72 0 44 72 1.0
44 73 0 44 73 1.0
44 74 0 44 74 1.0
44 75 0 44 75 1.0
44 76 0 44 76 1.0
44 77 0 44 77 1.0
44 78 0 44 78 1.0
44 79 0 44 79 1.0
45 0 6 45 73 1.0
45 1 12 45 23 1.0
45 2 9 45 20 1.0
45 3 2 45 74 1.0
45 4 9 45 20 1.0
45 5 5 45 78 1.0
45 6 1 45 67 1.0
45 7 0 45 66 1.0
45 9 4 45 70 1.0
45 10 3 45 69 1.0
45 12 12 45 71 1.0
45 14 12 45 71 1.0
45 15 0 45 38 1.0
45 16 12 45 71 1.0
45 17 7 45 66 1.0
45 19 0 45 19 1.0
45 20 0 45 20 1.0
45 21 0 45 21 1.0
45 23 0 45 23 1.0
45 24 1 45 75 0.671875
45 24 116 45 23 0.328125
45 25 115 45 23 1.0
45 26 17 45 74 1.0
45 27 16 45 74 1.0
45 28 15 45 74 1.0
45 29 58 45 19 1.0
45 30 52 45 18 0.78125
45 30 113 45 23 0.21875
45 31 51 45 67 1.0
45 32 59 45 68 1.0
45 33 74 45 71 1.0
45 35 74 45 71 1.0
45 38 0 45 38 1.0
45 40 0 45 40 1.0
45 41 0 45 41 1.0
45 42 0 45 42 1.0
45 43 0 45 43 1.0
45 44 0 45 44 1.0
45 46 6 45 73 1.0
45 47 9 45 20 1.0
45 49 25 45 71 1.0
45 50 12 45 23 1.0
45 51 14 45 39 1.0
45 52 1 45 19 1.0
45 53 3 45 21 1.0
45 54 3 45 21 1.0
45 55 4 45 22 1.0
45 56 3 45 21 1.0
45 57 3 45 21 1.0
45 58 3 45 21 1.0
45 59 49 45 66 1.0
45 60 1 45 38 1.0
45 61 108 45 71 1.0
45 62 99 45 70 1.0
45 63 115 45 72 1.0
45 64 107 45 71 1.0
45 65 48 45 66 1.0
45 66 0 45 66 1.0
45 67 0 45 67 1.0
45 68 0 45 68 1.0
45 69 0 45 69 1.0
45 70 0 45 70 1.0
45 71 0 45 71 1.0
45 72 0 45 72 1.0
45 73 0 45 73 1.0
45 74 0 45 74 1.0
45 75 0 45 75 1.0
45 76 0 45 76 1.0
45 77 0 45 77 1.0
45 78 0 45 78 1.0
45 79 0 45 79 1.0
46 1 8 46 19 1.0
46 3 6 46 73 1.0
46 7 5 46 71 1.0
46 8 6 46 72 1.0
46 10 5 46 71 1.0
46 11 5 46 71 1.0
46 12 3 46 41 1.0
46 14 7 46 66 1.0
46 15 6 46 44 1.0
46 16 6 46 44 1.0
46 17 13 46 72 1.0
46 18 0 46 18 1.0
46 19 0 46 19 1.0
46 21 0 46 21 1.0
46 22 0 46 22 1.0
46 23 0 46 23 1.0
46 24 30 46 78 1.0
46 25 4 46 75 1.0
46 26 35 46 78 1.0
46 27 57 46 19 1.0
46 28 39 46 73 1.0
46 29 39 46 73 1.0
46 31 15 46 20 1.0
46 32 9 46 19 1.0
46 34 73 46 71 1.0
46 35 72 46 71 1.0
46 36 73 46 71 1.0
46 37 15 46 20 1.0
46 38 0 46 38 1.0
46 39 0 46 39 1.0
46 40 0 46 40 1.0
46 41 0 46 41 1.0
46 42 0 46 42 1.0
46 43 0 46 43 1.0
46 45 25 46 71 1.0
46 47 8 46 19 1.0
46 48 8 46 19 1.0
46 49 19 46 44 1.0
46 50 8 46 19 1.0
46 51 19 46 44 1.0
46 52 1 46 19 1.0
46 53 3 46 21 1.0
46 54 1 46 19 1.0
46 55 0 46 18 1.0
46 56 5 46 23 1.0
46 57 3 46 21 1.0
46 58 4 46 22 1.0
46 59 36 46 44 1.0
46 60 36 46 44 1.0
46 61 111 46 71 1.0
46 62 19 46 41 1.0
46 63 103 46 71 1.0
46 64 111 46 71 1.0
46 65 120 46 72 1.0
46 66 0 46 66 1.0
46 67 0 46 67 1.0
46 68 0 46 68 1.0
46 69 0 46 69 1.0
46 70 0 46 70 1.0
46 74 0 46 74 1.0
46 75 0 46 75 1.0
46 76 0 46 76 1.0
46 77 0 46 77 1.0
46 78 0 46 78 1.0
46 79 0 46 79 1.0
47 1 6 47 73 1.0
47 2 6 47 73 1.0
47 3 2 47 74 1.0
47 6 5 47 71 1.0
47 7 5 47 71 1.0
47 8 4 47 70 1.0
47 9 5 47 71 1.0
47 10 5 47 71 1.0
47 11 4 47 70 1.0
47 12 13 47 72 1.0
47 13 13 47 72 1.0
47 14 11 47 70 1.0
47 15 11 47 70 1.0
47 16 6 47 44 1.0
47 17 5 47 43 1.0
47 18 0 47 18 1.0
47 19 0 47 19 1.0
47 20 0 47 20 1.0
47 21 0 47 21 1.0
47 22 0 47 22 1.0
47 23 0 47 23 1.0
47 24 69 47 20 1.0
47 25 4 47 75 1.0
47 26 27 47 77 1.0
47 27 38 47 73 1.0
47 28 39 47 73 1.0
47 29 61 47 19 1.0
47 31 73 47 71 1.0
47 32 9 47 19 1.0
47 33 73 47 71 1.0
47 34 76 47 71 1.0
47 35 75 47 71 1.0
47 36 9 47 19 1.0
47 37 72 47 71 1.0
47 38 0 47 38 1.0
47 39 0 47 39 1.0
47 40 0 47 40 1.0
47 41 0 47 41 1.0
47 42 0 47 42 1.0
47 43 0 47 43 1.0
47 44 0 47 44 1.0
47 45 19 47 44 1.0
47 46 25 47 71 1.0
47 48 1 47 76 1.0
47 49 1 47 76 1.0
47 50 6 47 73 1.0
47 51 6 47 73 1.0
47 52 4 47 22 1.0
47 53 3 47 21 1.0
47 54 4 47 22 1.0
47 55 4 47 22 1.0
47 56 3 47 21 1.0
47 57 3 47 21 1.0
47 58 4 47 22 1.0
47 59 99 47 70 1.0
47 60 36 47 44 1.0
47 61 36 47 44 1.0
47 62 99 47 70 1.0
47 63 91 47 70 1.0
47 64 96 47 70 1.0
47 65 111 47 71 1.0
47 66 0 47 66 1.0
47 67 0 47 67 1.0
47 68 0 47 68 1.0
47 69 0 47 69 1.0
47 70 0 47 70 1.0
47 72 0 47 72 1.0
47 73 0 47 73 1.0
47 74 0 47 74 1.0
47 75 0 47 75 1.0
47 76 0 47 76 1.0
47 77 0 47 77 1.0
47 78 0 47 78 1.0
47 79 0 47 79 1.0
48 0 6 48 73 1.0
48 1 2 48 74 1.0
48 2 6 48 73 1.0
48 3 6 48 73 1.0
48 5 2 48 74 1.0
48 6 4 48 70 1.0
48 9 4 48 70 1.0
48 10 5 48 71 1.0
48 11 4 48 70 1.0
48 12 3 48 41 1.0
48 14 11 48 70 1.0
48 15 11 48 70 1.0
48 16 6 48 44 1.0
48 18 0 48 18 1.0
48 19 0 48 19 1.0
48 21 0 48 21 1.0
48 22 0 48 22 1.0
48 24 0 48 75 1.0
48 25 105 48 22 1.0
48 26 14 48 74 1.0
48 27 15 48 74 1.0
48 28 39 48 73 1.0
48 29 17 48 74 1.0
48 32 69 48 70 1.0
48 34 66 48 70 1.0
48 37 66 48 70 1.0
48 38 0 48 38 1.0
48 39 0 48 39 1.0
48 40 0 48 40 1.0
48 41 0 48 41 1.0
48 42 0 48 42 1.0
48 43 0 48 43 1.0
48 47 19 48 44 1.0
48 50 19 48 44 1.0
48 51 0 48 75 1.0
48 52 1 48 19 1.0
48 53 0 48 18 1.0
48 54 3 48 21 1.0
48 55 3 48 21 1.0
48 56 0 48 18 1.0
48 57 0 48 18 1.0
48 58 5 48 23 1.0
48 61 36 48 44 1.0
48 62 36 48 44 1.0
48 63 115 48 72 1.0
48 64 49 48 66 1.0
48 65 60 48 67 1.0
48 66 0 48 66 1.0
48 67 0 48 67 1.0
48 68 0 48 68 1.0
48 69 0 48 69 1.0
48 72 0 48 72 1.0
48 77 0 48 77 1.0
48 78 0 48 78 1.0
48 79 0 48 79 1.0
49 1 8 49 19 1.0
49 2 7 49 18 1.0
49 5 2 49 74 1.0
49 8 6 49 72 1.0
49 9 4 49 70 1.0
49 10 5 49 71 1.0
49 11 4 49 70 1.0
49 12 3 49 41 1.0
49 14 7 49 66 1.0
49 15 7 49 66 1.0
49 17 11 49 70 1.0
49 20 0 49 20 1.0
49 21 0 49 21 1.0
49 24 0 49 75 1.0
49 25 52 49 18 1.0
49 26 80 49 20 1.0
49 27 36 49 73 1.0
49 28 109 49 23 1.0
49 29 8 49 76 1.0
49 31 72 49 71 1.0
49 32 9 49 19 1.0
49 33 9 49 19 1.0
49 34 9 49 19 1.0
49 35 9 49 19 1.0
49 37 73 49 71 1.0
49 38 0 49 38 1.0
49 39 0 49 39 1.0
49 40 0 49 40 1.0
49 41 0 49 41 1.0
49 43 0 49 43 1.0
49 44 0 49 44 1.0
49 45 25 49 71 1.0
49 48 1 49 76 1.0
49 50 1 49 76 1.0
49 51 1 49 76 1.0
49 52 1 49 19 1.0
49 53 3 49 21 1.0
49 54 2 49 20 1.0
49 55 5 49 23 1.0
49 56 3 49 21 1.0
49 57 3 49 21 1.0
49 58 1 49 19 1.0
49 59 36 49 44 1.0
49 60 36 49 44 1.0
49 62 112 49 71 1.0
49 63 103 49 71 1.0
49 64 52 49 66 1.0
49 65 72 49 68 1.0
49 66 0 49 66 1.0
49 67 0 49 67 1.0
49 68 0 49 68 1.0
49 69 0 49 69 1.0
49 71 0 49 71 1.0
49 72 0 49 72 1.0
49 74 0 49 74 1.0
49 75 0 49 75 1.0
49 77 0 49 77 1.0
49 78 0 49 78 1.0
49 79 0 49 79 1.0
50 0 6 50 73 1.0
50 1 2 50 74 1.0
50 2 0 50 75 1.0
50 3 7 50 18 1.0
50 4 2 50 74 1.0
50 5 2 50 74 1.0
50 6 0 50 66 1.0
50 7 5 50 71 1.0
50 8 3 50 69 1.0
50 9 1 50 67 1.0
50 11 0 50 66 1.0
50 12 12 50 71 1.0
50 13 13 50 72 1.0
50 14 8 50 67 1.0
50 15 13 50 72 1.0
50 16 5 50 43 1.0
50 17 13 50 72 1.0
50 18 0 50 18 1.0
50 19 0 50 19 1.0
50 20 0 50 20 1.0
50 21 0 50 21 1.0
50 22 0 50 22 1.0
50 23 0 50 23 1.0
50 24 4 50 75 1.0
50 25 4 50 75 1.0
50 26 12 50 74 1.0
50 27 53 50 18 1.0
50 28 43 50 18 1.0
50 29 17 50 74 1.0
50 30 58 50 19 1.0
50 31 9 50 19 1.0
50 32 8 50 19 1.0
50 33 8 50 19 1.0
50 34 80 50 72 1.0
50 35 43 50 66 1.0
50 36 36 50 23 1.0
50 37 15 50 20 1.0
50 38 0 50 38 1.0
50 39 0 50 39 1.0
50 40 0 50 40 1.0
50 41 0 50 41 1.0
50 42 0 50 42 1.0
50 43 0 50 43 1.0
50 44 0 50 44 1.0
50 45 19 50 44 1.0
50 46 17 50 42 1.0
50 47 1 50 76 1.0
50 48 1 50 76 1.0
50 49 1 50 76 1.0
50 51 19 50 44 1.0
50 52 3 50 21 1.0
50 53 2 50 20 1.0
50 54 3 50 21 1.0
50 55 3 50 21 1.0
50 56 5 50 23 1.0
50 57 4 50 22 1.0
50 58 2 50 20 1.0
50 59 105 50 71 1.0
50 60 105 50 71 1.0
50 61 109 50 71 1.0
50 62 52 50 66 1.0
50 63 21 50 41 1.0
50 64 19 50 41 1.0
50 65 84 50 69 1.0
50 66 0 50 66 1.0
50 67 0 50 67 1.0
50 68 0 50 68 1.0
50 69 0 50 69 1.0
50 70 0 50 70 1.0
50 71 0 50 71 1.0
50 72 0 50 72 1.0
50 73 0 50 73 1.0
50 74 0 50 74 1.0
50 75 0 50 75 1.0
50 76 0 50 76 1.0
50 77 0 50 77 1.0
50 78 0 50 78 1.0
50 79 0 50 79 1.0
51 0 2 51 74 1.0
51 1 6 51 73 1.0
51 2 6 51 73 1.0
51 3 2 51 74 1.0
51 4 6 51 73 1.0
51 6 0 51 66 1.0
51 7 3 51 69 1.0
51 8 3 51 69 1.0
51 9 3 51 69 1.0
51 10 5 51 71 1.0
51 11 3 51 69 1.0
51 12 5 51 43 1.0
51 13 13 51 72 1.0
51 14 12 51 71 1.0
51 15 8 51 67 1.0
51 16 11 51 70 1.0
51 17 5 51 43 1.0
51 18 0 51 18 1.0
51 19 0 51 19 1.0
51 20 0 51 20 1.0
51 21 0 51 21 1.0
51 22 0 51 22 1.0
51 23 0 51 23 1.0
51 24 33 51 78 1.0
51 25 11 51 76 1.0
51 26 119 51 23 1.0
51 27 29 51 77 1.0
51 28 53 51 18 1.0
51 29 51 51 18 1.0
51 30 82 51 21 1.0
51 31 61 51 69 1.0
51 32 47 51 66 1.0
51 33 82 51 72 1.0
51 34 49 51 67 1.0
51 35 83 51 72 1.0
51 36 71 51 70 1.0
51 37 37 51 23 1.0
51 38 0 51 38 1.0
51 39 0 51 39 1.0
51 40 0 51 40 1.0
51 41 0 51 41 1.0
51 42 0 51 42 1.0
51 43 0 51 43 1.0
51 44 0 51 44 1.0
51 45 1 51 76 1.0
51 46 17 51 42 1.0
51 47 1 51 76 1.0
51 48 1 51 76 1.0
51 49 1 51 76 1.0
51 50 16 51 41 1.0
51 52 3 51 21 1.0
51 53 3 51 21 1.0
51 54 0 51 18 1.0
51 55 0 51 18 1.0
51 56 2 51 20 1.0
51 57 0 51 18 1.0
51 58 2 51 20 1.0
51 59 2 51 38 1.0
51 60 31 51 43 1.0
51 61 111 51 71 1.0
51 62 0 51 38 1.0
51 63 25 51 42 1.0
51 64 36 51 44 1.0
51 65 36 51 44 1.0
51 66 0 51 66 1.0
51 67 0 51 67 1.0
51 68 0 51 68 1.0
51 69 0 51 69 1.0
51 70 0 51 70 1.0
51 71 0 51 71 1.0
51 72 0 51 72 1.0
51 73 0 51 73 1.0
51 74 0 51 74 1.0
51 75 0 51 75 1.0
51 76 0 51 76 1.0
51 77 0 51 77 1.0
51 78 0 51 78 1.0
51 79 0 51 79 1.0
52 1 0 52 1 1.0
52 2 0 52 2 1.0
52 4 0 52 4 1.0
52 5 0 52 5 1.0
52 6 0 52 31 1.0
52 7 0 52 31 1.0
52 8 0 52 31 1.0
52 9 1 52 32 1.0
52 10 0 52 31 1.0
52 11 4 52 35 1.0
52 12 32 52 29 1.0
52 13 11 52 25 1.0
52 14 18 52 27 1.0
52 15 56 52 31 1.0
52 16 8 52 25 1.0
52 21 0 52 21 1.0
52 23 0 52 23 1.0
52 25 0 52 25 1.0
52 26 0 52 26 1.0
52 27 0 52 27 1.0
52 28 0 52 28 1.0
52 29 0 52 29 1.0
52 31 0 52 31 1.0
52 33 0 52 33 1.0
52 34 0 52 34 1.0
52 35 0 52 35 1.0
52 37 0 52 37 1.0
52 38 2 52 0 1.0
52 39 107 52 3 1.0
52 40 121 52 5 1.0
52 41 111 52 3 1.0
52 43 6 52 0 1.0
52 44 4 52 0 1.0
52 45 0 52 18 1.0
52 46 0 52 18 1.0
52 48 0 52 18 1.0
52 50 1 52 19 1.0
52 51 5 52 23 1.0
52 53 4 52 30 1.0
52 54 4 52 30 1.0
52 55 4 52 30 1.0
52 56 4 52 30 1.0
52 57 0 52 24 1.0
52 58 4 52 30 1.0
52 59 12 52 36 1.0
52 60 1 52 25 1.0
52 61 12 52 36 1.0
52 62 12 52 36 1.0
52 63 12 52 36 1.0
52 64 3 52 30 1.0
52 65 0 52 24 1.0
52 66 42 52 31 1.0
52 67 45 52 31 1.0
52 68 42 52 31 1.0
52 69 29 52 22 1.0
52 70 73 52 36 1.0
52 71 58 52 33 1.0
52 74 2 52 19 1.0
52 75 7 52 1 1.0
52 77 5 52 22 1.0
52 78 0 52 0 1.0
52 79 10 52 4 1.0
53 0 0 53 0 1.0
53 1 0 53 1 1.0
53 2 0 53 2 1.0
53 3 0 53 3 1.0
53 4 0 53 4 1.0
53 5 0 53 5 1.0
53 6 0 53 31 1.0
53 7 2 53 33 1.0
53 8 2 53 33 1.0
53 9 4 53 35 1.0
53 10 5 53 36 1.0
53 11 1 53 32 1.0
53 12 118 53 36 1.0
53 13 4 53 24 1.0
53 14 8 53 25 1.0
53 15 61 53 31 1.0
53 16 50 53 31 1.0
53 17 50 53 31 1.0
53 18 0 53 18 1.0
53 19 0 53 19 1.0
53 20 0 53 20 1.0
53 21 0 53 21 1.0
53 22 0 53 22 1.0
53 23 0 53 23 1.0
53 24 0 53 24 1.0
53 25 0 53 25 1.0
53 26 0 53 26 1.0
53 27 0 53 27 1.0
53 28 0 53 28 1.0
53 29 0 53 29 1.0
53 30 0 53 30 1.0
53 31 0 53 31 1.0
53 32 0 53 32 1.0
53 33 0 53 33 1.0
53 34 0 53 34 1.0
53 35 0 53 35 1.0
53 36 0 53 36 1.0
53 37 0 53 37 1.0
53 38 23 53 19 1.0
53 39 27 53 19 1.0
53 40 93 53 1 1.0
53 41 116 53 4 1.0
53 42 34 53 19 0.75
53 42 121 53 5 0.25
53 43 21 53 19 1.0
53 44 118 53 4 1.0
53 45 5 53 23 1.0
53 46 3 53 21 1.0
53 47 4 53 22 1.0
53 48 2 53 20 1.0
53 49 0 53 18 1.0
53 50 3 53 21 1.0
53 51 4 53 22 1.0
53 52 17 53 4 1.0
53 54 17 53 4 1.0
53 55 19 53 31 1.0
53 56 13 53 23 1.0
53 57 13 53 23 1.0
53 58 4 53 30 1.0
53 59 3 53 30 1.0
53 60 3 53 30 1.0
53 61 0 53 24 1.0
53 62 9 53 33 1.0
53 63 12 53 36 1.0
53 64 12 53 36 1.0
53 65 7 53 31 1.0
53 66 10 53 19 1.0
53 67 39 53 23 1.0
53 68 35 53 23 1.0
53 69 47 53 31 1.0
53 70 48 53 32 1.0
53 71 0 53 18 1.0
53 72 80 53 37 1.0
53 73 10 53 4 1.0
53 74 5 53 22 1.0
53 75 7 53 1 1.0
53 76 8 53 2 1.0
53 77 11 53 5 1.0
53 78 11 53 5 1.0
53 79 6 53 23 1.0
54 0 0 54 0 1.0
54 1 0 54 1 1.0
54 2 0 54 2 1.0
54 3 0 54 3 1.0
54 4 0 54 4 1.0
54 5 0 54 5 1.0
54 6 6 54 37 1.0
54 7 6 54 37 1.0
54 8 6 54 37 1.0
54 9 2 54 33 1.0
54 10 2 54 33 1.0
54 11 2 54 33 1.0
54 12 25 54 30 1.0
54 13 11 54 25 1.0
54 14 11 54 25 1.0
54 15 11 54 25 1.0
54 16 72 54 32 1.0
54 17 59 54 31 1.0
54 18 0 54 18 1.0
54 19 0 54 19 1.0
54 20 0 54 20 1.0
54 21 0 54 21 1.0
54 22 0 54 22 1.0
54 23 0 54 23 1.0
54 24 0 54 24 1.0
54 25 0 54 25 1.0
54 26 0 54 26 1.0
54 27 0 54 27 1.0
54 28 0 54 28 1.0
54 29 0 54 29 1.0
54 30 0 54 30 1.0
54 31 0 54 31 1.0
54 32 0 54 32 1.0
54 33 0 54 33 1.0
54 34 0 54 34 1.0
54 35 0 54 35 1.0
54 36 0 54 36 1.0
54 37 0 54 37 1.0
54 38 118 54 4 1.0
54 39 116 54 4 1.0
54 40 111 54 3 1.0
54 41 119 54 5 1.0
54 42 93 54 1 1.0
54 43 93 54 1 1.0
54 44 4 54 0 1.0
54 45 1 54 19 1.0
54 46 1 54 19 1.0
54 47 4 54 22 1.0
54 48 5 54 23 1.0
54 49 0 54 18 1.0
54 50 3 54 21 1.0
54 51 0 54 18 1.0
54 52 17 54 4 1.0
54 53 4 54 30 1.0
54 55 4 54 30 1.0
54 56 17 54 4 1.0
54 57 9 54 19 1.0
54 58 4 54 30 1.0
54 59 0 54 24 1.0
54 60 1 54 25 1.0
54 61 0 54 24 1.0
54 62 3 54 30 1.0
54 63 12 54 36 1.0
54 64 12 54 36 1.0
54 65 12 54 36 1.0
54 66 69 54 35 1.0
54 67 66 54 35 1.0
54 68 43 54 31 1.0
54 69 51 54 32 1.0
54 70 46 54 31 1.0
54 71 21 54 21 1.0
54 72 74 54 36 1.0
54 73 11 54 5 1.0
54 74 2 54 19 1.0
54 75 6 54 23 1.0
54 76 4 54 21 1.0
54 77 8 54 2 1.0
54 78 11 54 5 1.0
54 79 9 54 3 1.0
55 0 0 55 0 1.0
55 1 0 55 1 1.0
55 2 0 55 2 1.0
55 5 0 55 5 1.0
55 6 0 55 31 1.0
55 7 5 55 36 1.0
55 8 6 55 37 1.0
55 9 1 55 32 1.0
55 10 2 55 33 1.0
55 11 2 55 33 1.0
55 12 39 55 28 1.0
55 13 11 55 25 1.0
55 14 8 55 25 1.0
55 15 57 55 31 1.0
55 16 69 55 32 1.0
55 17 72 55 32 1.0
55 18 0 55 18 1.0
55 19 0 55 19 1.0
55 20 0 55 20 1.0
55 21 0 55 21 1.0
55 22 0 55 22 1.0
55 23 0 55 23 1.0
55 25 0 55 25 1.0
55 26 0 55 26 1.0
55 27 0 55 27 1.0
55 28 0 55 28 1.0
55 29 0 55 29 1.0
55 30 0 55 30 1.0
55 31 0 55 31 1.0
55 32 0 55 32 1.0
55 33 0 55 33 1.0
55 34 0 55 34 1.0
55 35 0 55 35 1.0
55 36 0 55 36 1.0
55 37 0 55 37 1.0
55 38 111 55 3 1.0
55 39 116 55 4 1.0
55 40 116 55 4 1.0
55 41 112 55 4 1.0
55 42 116 55 4 1.0
55 43 6 55 0 1.0
55 44 80 55 23 1.0
55 45 5 55 23 1.0
55 46 5 55 23 1.0
55 47 4 55 22 1.0
55 48 5 55 23 1.0
55 49 3 55 21 1.0
55 50 0 55 18 1.0
55 51 0 55 18 1.0
55 52 17 55 4 1.0
55 53 4 55 30 1.0
55 54 17 55 4 1.0
55 56 17 55 4 1.0
55 57 9 55 19 1.0
55 58 17 55 4 1.0
55 59 4 55 29 1.0
55 60 0 55 24 1.0
55 61 3 55 30 1.0
55 62 9 55 33 1.0
55 63 0 55 24 1.0
55 64 0 55 24 1.0
55 65 0 55 24 1.0
55 66 42 55 31 1.0
55 67 73 55 36 1.0
55 68 43 55 31 1.0
55 69 51 55 32 1.0
55 70 49 55 32 1.0
55 71 58 55 33 1.0
55 72 74 55 36 1.0
55 73 7 55 1 1.0
55 74 7 55 1 1.0
55 75 11 55 5 1.0
55 76 1 55 18 1.0
55 77 8 55 2 1.0
55 78 9 55 3 1.0
55 79 10 55 4 1.0
56 0 0 56 0 1.0
56 1 0 56 1 1.0
56 2 0 56 2 1.0
56 3 0 56 3 1.0
56 4 0 56 4 1.0
56 5 0 56 5 1.0
56 6 1 56 32 1.0
56 7 3 56 34 1.0
56 8 3 56 34 1.0
56 9 3 56 34 1.0
56 10 0 56 31 1.0
56 11 6 56 37 1.0
56 12 53 56 31 1.0
56 13 4 56 24 1.0
56 14 46 56 26 1.0
56 15 59 56 31 1.0
56 16 69 56 32 1.0
56 17 45 56 26 1.0
56 18 0 56 18 1.0
56 19 0 56 19 1.0
56 20 0 56 20 1.0
56 21 0 56 21 1.0
56 22 0 56 22 1.0
56 23 0 56 23 1.0
56 24 0 56 24 1.0
56 25 0 56 25 1.0
56 26 0 56 26 1.0
56 27 0 56 27 1.0
56 28 0 56 28 1.0
56 29 0 56 29 1.0
56 30 0 56 30 1.0
56 31 0 56 31 1.0
56 32 0 56 32 1.0
56 33 0 56 33 1.0
56 34 0 56 34 1.0
56 35 0 56 35 1.0
56 36 0 56 36 1.0
56 37 0 56 37 1.0
56 38 86 56 23 1.0
56 39 86 56 23 1.0
56 40 83 56 23 1.0
56 41 0 56 0 1.0
56 42 93 56 1 1.0
56 43 87 56 23 1.0
56 44 65 56 22 1.0
56 45 1 56 19 1.0
56 46 3 56 21 1.0
56 47 4 56 22 1.0
56 48 2 56 20 1.0
56 49 0 56 18 1.0
56 50 3 56 21 1.0
56 51 1 56 19 1.0
56 52 17 56 4 1.0
56 53 4 56 30 1.0
56 54 13 56 23 1.0
56 55 13 56 23 1.0
56 57 13 56 23 1.0
56 58 4 56 30 1.0
56 59 6 56 26 1.0
56 60 7 56 31 1.0
56 61 6 56 26 1.0
56 62 13 56 37 1.0
56 63 7 56 31 1.0
56 64 3 56 30 1.0
56 65 12 56 36 1.0
56 66 39 56 23 1.0
56 67 39 56 23 1.0
56 68 39 56 23 1.0
56 69 71 56 35 1.0
56 70 59 56 33 1.0
56 71 37 56 23 1.0
56 72 42 56 31 1.0
56 73 8 56 2 1.0
56 74 2 56 19 1.0
56 75 4 56 21 1.0
56 76 2 56 19 1.0
56 77 7 56 1 1.0
56 78 6 56 23 1.0
56 79 6 56 23 1.0
57 0 0 57 0 1.0
57 1 0 57 1 1.0
57 2 0 57 2 1.0
57 3 0 57 3 1.0
57 4 0 57 4 1.0
57 5 0 57 5 1.0
57 6 2 57 33 1.0
57 7 5 57 36 1.0
57 8 2 57 33 1.0
57 9 3 57 34 1.0
57 10 3 57 34 1.0
57 11 1 57 32 1.0
57 12 92 57 34 1.0
57 13 4 57 24 1.0
57 14 46 57 26 1.0
57 15 72 57 32 1.0
57 16 15 57 27 1.0
57 17 2 57 24 1.0
57 18 0 57 18 1.0
57 19 0 57 19 1.0
57 20 0 57 20 1.0
57 21 0 57 21 1.0
57 22 0 57 22 1.0
57 23 0 57 23 1.0
57 24 0 57 24 1.0
57 25 0 57 25 1.0
57 26 0 57 26 1.0
57 27 0 57 27 1.0
57 28 0 57 28 1.0
57 29 0 57 29 1.0
57 30 0 57 30 1.0
57 31 0 57 31 1.0
57 32 0 57 32 1.0
57 33 0 57 33 1.0
57 34 0 57 34 1.0
57 35 0 57 35 1.0
57 36 0 57 36 1.0
57 37 0 57 37 1.0
57 38 43 57 20 1.0
57 39 46 57 20 1.0
57 40 109 57 3 1.0
57 41 105 57 3 1.0
57 42 36 57 20 1.0
57 43 35 57 20 1.0
57 44 51 57 21 1.0
57 45 1 57 19 1.0
57 46 3 57 21 1.0
57 47 5 57 23 1.0
57 48 5 57 23 1.0
57 49 0 57 18 1.0
57 50 4 57 22 1.0
57 51 0 57 18 1.0
57 52 17 57 4 1.0
57 53 4 57 30 1.0
57 54 7 57 26 1.0
57 55 10 57 20 1.0
57 56 10 57 20 1.0
57 58 4 57 30 1.0
57 59 7 57 31 1.0
57 60 1 57 25 1.0
57 61 7 57 31 1.0
57 62 1 57 25 1.0
57 63 1 57 25 1.0
57 64 6 57 26 1.0
57 65 12 57 36 1.0
57 66 43 57 31 1.0
57 67 78 57 37 1.0
57 68 17 57 20 1.0
57 69 20 57 20 1.0
57 70 47 57 31 1.0
57 71 76 57 36 1.0
57 72 56 57 33 1.0
57 73 10 57 4 1.0
57 74 8 57 2 1.0
57 75 6 57 23 1.0
57 76 10 57 4 1.0
57 77 7 57 1 1.0
57 78 3 57 20 1.0
57 79 7 57 1 1.0
58 0 0 58 0 1.0
58 1 0 58 1 1.0
58 2 0 58 2 1.0
58 3 0 58 3 1.0
58 4 0 58 4 1.0
58 5 0 58 5 1.0
58 6 0 58 31 1.0
58 7 5 58 36 1.0
58 8 4 58 35 1.0
58 9 1 58 32 1.0
58 10 2 58 33 1.0
58 11 4 58 35 1.0
58 12 8 58 25 1.0
58 13 4 58 24 1.0
58 14 11 58 25 1.0
58 15 72 58 32 1.0
58 16 11 58 25 1.0
58 17 11 58 25 1.0
58 18 0 58 18 1.0
58 19 0 58 19 1.0
58 20 0 58 20 1.0
58 21 0 58 21 1.0
58 22 0 58 22 1.0
58 23 0 58 23 1.0
58 24 0 58 24 1.0
58 25 0 58 25 1.0
58 26 0 58 26 1.0
58 27 0 58 27 1.0
58 28 0 58 28 1.0
58 29 0 58 29 1.0
58 30 0 58 30 1.0
58 32 0 58 32 1.0
58 33 0 58 33 1.0
58 34 0 58 34 1.0
58 35 0 58 35 1.0
58 36 0 58 36 1.0
58 37 0 58 37 1.0
58 38 82 58 23 1.0
58 39 80 58 23 1.0
58 40 107 58 3 1.0
58 41 97 58 1 1.0
58 42 116 58 4 1.0
58 43 2 58 0 1.0
58 44 95 58 1 1.0
58 45 3 58 21 1.0
58 46 1 58 19 1.0
58 47 1 58 19 1.0
58 48 4 58 22 1.0
58 49 1 58 19 1.0
58 50 5 58 23 1.0
58 51 2 58 20 1.0
58 52 17 58 4 1.0
58 53 4 58 30 1.0
58 54 14 58 1 1.0
58 55 4 58 30 1.0
58 56 16 58 3 1.0
58 57 14 58 1 1.0
58 59 4 58 29 1.0
58 60 11 58 35 1.0
58 61 11 58 35 1.0
58 62 0 58 24 1.0
58 63 13 58 37 1.0
58 64 13 58 37 1.0
58 65 13 58 37 1.0
58 66 63 58 34 1.0
58 67 48 58 32 1.0
58 68 31 58 22 1.0
58 69 3 58 18 1.0
58 70 79 58 37 1.0
58 71 54 58 33 1.0
58 72 51 58 32 1.0
58 73 0 58 0 1.0
58 74 7 58 1 1.0
58 75 11 58 5 1.0
58 76 1 58 18 1.0
58 77 10 58 4 1.0
58 78 5 58 22 1.0
58 79 10 58 4 1.0
59 0 3 59 30 1.0
59 1 1 59 25 1.0
59 2 4 59 29 1.0
59 3 3 59 30 1.0
59 4 4 59 29 1.0
59 6 0 59 6 1.0
59 8 0 59 8 1.0
59 9 0 59 9 1.0
59 10 0 59 10 1.0
59 11 0 59 11 1.0
59 13 0 59 13 1.0
59 14 0 59 14 1.0
59 15 0 59 15 1.0
59 20 117 59 34 1.0
59 22 92 59 31 1.0
59 24 0 59 24 1.0
59 25 0 59 25 1.0
59 26 0 59 26 1.0
59 27 0 59 27 1.0
59 29 0 59 29 1.0
59 30 0 59 30 1.0
59 31 0 59 31 1.0
59 32 0 59 32 1.0
59 33 0 59 33 1.0
59 34 0 59 34 1.0
59 35 0 59 35 1.0
59 36 0 59 36 1.0
59 37 0 59 37 1.0
59 40 4 59 15 1.0
59 41 3 59 14 1.0
59 42 3 59 14 1.0
59 43 0 59 16 1.0
59 45 95 59 7 1.0
59 46 95 59 7 1.0
59 48 95 59 7 1.0
59 50 117 59 10 1.0
59 51 84 59 6 1.0
59 53 5 59 28 1.0
59 54 5 59 28 1.0
59 55 5 59 28 1.0
59 56 0 59 24 1.0
59 57 5 59 28 1.0
59 58 5 59 28 1.0
59 61 25 59 11 1.0
59 62 8 59 31 1.0
59 63 21 59 7 1.0
59 64 21 59 7 1.0
59 65 20 59 6 1.0
59 66 6 59 6 1.0
59 67 9 59 9 1.0
59 68 2 59 13 1.0
59 69 2 59 13 1.0
59 71 6 59 6 1.0
59 73 79 59 17 1.0
59 77 22 59 30 1.0
59 78 36 59 26 1.0
59 79 4 59 24 1.0
60 1 3 60 30 1.0
60 2 4 60 29 1.0
60 3 3 60 30 1.0
60 4 3 60 30 1.0
60 8 0 60 8 1.0
60 9 0 60 9 1.0
60 11 0 60 11 1.0
60 12 0 60 12 1.0
60 14 0 60 14 1.0
60 15 0 60 15 1.0
60 16 0 60 16 1.0
60 17 0 60 17 1.0
60 18 92 60 31 1.0
60 19 134 60 37 1.0
60 20 138 60 37 1.0
60 24 0 60 24 1.0
60 25 0 60 25 1.0
60 26 0 60 26 1.0
60 27 0 60 27 1.0
60 28 0 60 28 1.0
60 29 0 60 29 1.0
60 34 0 60 34 1.0
60 35 0 60 35 1.0
60 36 0 60 36 1.0
60 37 0 60 37 1.0
60 39 2 60 13 1.0
60 40 4 60 15 1.0
60 41 3 60 14 1.0
60 44 3 60 14 1.0
60 45 124 60 11 1.0
60 46 83 60 17 1.0
60 47 95 60 7 1.0
60 50 105 60 9 1.0
60 51 17 60 12 1.0
60 52 9 60 33 1.0
60 53 9 60 33 1.0
60 54 9 60 33 1.0
60 55 9 60 33 1.0
60 56 11 60 35 1.0
60 57 7 60 31 1.0
60 58 3 60 30 1.0
60 59 8 60 31 1.0
60 62 8 60 31 1.0
60 63 8 60 31 1.0
60 64 8 60 31 1.0
60 65 20 60 6 1.0
60 66 9 60 9 1.0
60 67 0 60 16 1.0
60 68 9 60 9 1.0
60 69 8 60 8 1.0
60 73 58 60 13 1.0
60 74 59 60 13 1.0
60 77 55 60 12 1.0
60 78 69 60 14 1.0
60 79 69 60 14 1.0
61 1 3 61 30 1.0
61 2 4 61 29 1.0
61 3 0 61 24 1.0
61 6 0 61 6 1.0
61 7 0 61 7 1.0
61 8 0 61 8 1.0
61 10 0 61 10 1.0
61 11 0 61 11 1.0
61 12 0 61 12 1.0
61 14 0 61 14 1.0
61 15 0 61 15 1.0
61 17 0 61 17 1.0
61 19 120 61 35 1.0
61 20 124 61 35 1.0
61 21 92 61 31 1.0
61 22 63 61 29 1.0
61 25 0 61 25 1.0
61 26 0 61 26 1.0
61 27 0 61 27 1.0
61 28 0 61 28 1.0
61 29 0 61 29 1.0
61 30 0 61 30 1.0
61 32 0 61 32 1.0
61 33 0 61 33 1.0
61 34 0 61 34 1.0
61 35 0 61 35 1.0
61 36 0 61 36 1.0
61 37 0 61 37 1.0
61 38 0 61 16 1.0
61 39 2 61 13 1.0
61 40 4 61 15 1.0
61 41 3 61 14 1.0
61 46 105 61 9 1.0
61 47 105 61 9 1.0
61 48 110 61 9 1.0
61 49 95 61 7 1.0
61 50 117 61 10 1.0
61 51 84 61 6 1.0
61 53 0 61 24 1.0
61 54 5 61 28 1.0
61 55 3 61 30 1.0
61 56 3 61 30 1.0
61 57 5 61 28 1.0
61 58 0 61 24 1.0
61 59 8 61 31 1.0
61 60 1 61 25 1.0
61 62 8 61 31 1.0
61 63 8 61 31 1.0
61 64 8 61 31 1.0
61 65 20 61 6 1.0
61 66 7 61 7 1.0
61 67 10 61 10 1.0
61 68 5 61 17 1.0
61 69 11 61 11 1.0
61 70 7 61 7 1.0
61 71 6 61 6 1.0
61 73 69 61 14 1.0
61 74 59 61 13 1.0
61 76 43 61 16 1.0
61 77 33 61 28 1.0
61 78 5 61 24 1.0
61 79 52 61 12 1.0
62 1 3 62 30 1.0
62 2 4 62 29 1.0
62 3 3 62 30 1.0
62 7 0 62 7 1.0
62 8 0 62 8 1.0
62 9 0 62 9 1.0
62 11 0 62 11 1.0
62 12 0 62 12 1.0
62 14 0 62 14 1.0
62 15 0 62 15 1.0
62 16 0 62 16 1.0
62 17 0 62 17 1.0
62 18 92 62 31 1.0
62 19 113 62 34 1.0
62 20 117 62 34 1.0
62 21 92 62 31 1.0
62 22 92 62 31 1.0
62 23 92 62 31 1.0
62 24 0 62 24 1.0
62 25 0 62 25 1.0
62 26 0 62 26 1.0
62 27 0 62 27 1.0
62 28 0 62 28 1.0
62 29 0 62 29 1.0
62 32 0 62 32 1.0
62 33 0 62 33 1.0
62 34 0 62 34 1.0
62 35 0 62 35 1.0
62 36 0 62 36 1.0
62 37 0 62 37 1.0
62 38 0 62 16 1.0
62 39 2 62 13 1.0
62 40 4 62 15 1.0
62 41 3 62 14 1.0
62 42 3 62 14 1.0
62 43 2 62 13 1.0
62 44 3 62 14 1.0
62 45 124 62 11 1.0
62 46 117 62 10 1.0
62 47 85 62 6 1.0
62 48 117 62 10 1.0
62 49 95 62 7 1.0
62 50 92 62 7 1.0
62 51 91 62 7 1.0
62 52 1 62 25 1.0
62 53 0 62 24 1.0
62 54 3 62 30 1.0
62 55 3 62 30 1.0
62 56 6 62 26 1.0
62 57 1 62 25 1.0
62 58 1 62 25 1.0
62 59 1 62 25 1.0
62 60 1 62 25 1.0
62 61 1 62 25 1.0
62 63 8 62 31 1.0
62 64 8 62 31 1.0
62 65 20 62 6 1.0
62 66 7 62 7 1.0
62 67 1 62 12 1.0
62 68 8 62 8 1.0
62 69 7 62 7 1.0
62 70 7 62 7 1.0
62 72 8 62 8 1.0
62 73 60 62 13 1.0
62 74 9 62 25 1.0
62 75 22 62 30 1.0
62 76 57 62 13 1.0
62 77 10 62 25 1.0
62 78 52 62 12 1.0
62 79 1 62 24 1.0
63 0 6 63 26 1.0
63 1 6 63 26 1.0
63 2 5 63 28 1.0
63 3 5 63 28 1.0
63 4 3 63 30 1.0
63 5 4 63 29 1.0
63 6 0 63 6 1.0
63 7 0 63 7 1.0
63 8 0 63 8 1.0
63 9 0 63 9 1.0
63 10 0 63 10 1.0
63 11 0 63 11 1.0
63 12 0 63 12 1.0
63 13 0 63 13 1.0
63 14 0 63 14 1.0
63 15 0 63 15 1.0
63 16 0 63 16 1.0
63 17 0 63 17 1.0
63 18 14 63 25 1.0
63 19 79 63 26 1.0
63 20 90 63 26 1.0
63 21 39 63 30 1.0
63 22 79 63 26 1.0
63 23 24 63 25 0.265625
63 23 48 63 30 0.734375
63 24 0 63 24 1.0
63 25 0 63 25 1.0
63 26 0 63 26 1.0
63 27 0 63 27 1.0
63 28 0 63 28 1.0
63 29 0 63 29 1.0
63 30 0 63 30 1.0
63 31 0 63 31 1.0
63 32 0 63 32 1.0
63 33 0 63 33 1.0
63 34 0 63 34 1.0
63 35 0 63 35 1.0
63 36 0 63 36 1.0
63 37 0 63 37 1.0
63 38 4 63 15 1.0
63 39 1 63 12 1.0
63 40 0 63 16 1.0
63 41 0 63 16 1.0
63 42 0 63 16 1.0
63 43 4 63 15 1.0
63 44 3 63 14 1.0
63 45 23 63 12 1.0
63 46 88 63 6 1.0
63 47 88 63 6 1.0
63 48 17 63 12 1.0
63 49 54 63 14 1.0
63 50 92 63 7 1.0
63 51 88 63 6 1.0
63 52 11 63 35 1.0
63 53 0 63 24 1.0
63 54 0 63 24 1.0
63 55 3 63 30 1.0
63 56 0 63 24 1.0
63 57 0 63 24 1.0
63 58 5 63 28 1.0
63 59 0 63 24 1.0
63 60 20 63 6 1.0
63 61 20 63 6 1.0
63 62 20 63 6 1.0
63 64 24 63 10 1.0
63 65 20 63 6 1.0
63 66 3 63 14 1.0
63 67 6 63 6 1.0
63 68 1 63 12 1.0
63 69 3 63 14 1.0
63 70 7 63 7 1.0
63 71 11 63 11 1.0
63 72 1 63 12 1.0
63 73 58 63 13 1.0
63 74 31 63 28 1.0
63 75 5 63 24 0.3125
63 75 50 63 12 0.6875
63 76 9 63 25 1.0
63 77 65 63 14 1.0
63 78 28 63 29 1.0
63 79 50 63 12 1.0
64 0 6 64 26 1.0
64 1 3 64 30 1.0
64 2 6 64 26 1.0
64 3 4 64 29 1.0
64 4 2 64 27 1.0
64 5 2 64 27 1.0
64 6 0 64 6 1.0
64 7 0 64 7 1.0
64 8 0 64 8 1.0
64 9 0 64 9 1.0
64 10 0 64 10 1.0
64 11 0 64 11 1.0
64 12 0 64 12 1.0
64 13 0 64 13 1.0
64 14 0 64 14 1.0
64 15 0 64 15 1.0
64 16 0 64 16 1.0
64 17 0 64 17 1.0
64 18 14 64 25 1.0
64 19 88 64 26 1.0
64 20 96 64 31 1.0
64 21 14 64 25 1.0
64 22 49 64 30 1.0
64 23 109 64 33 1.0
64 24 0 64 24 1.0
64 25 0 64 25 1.0
64 26 0 64 26 1.0
64 27 0 64 27 1.0
64 28 0 64 28 1.0
64 29 0 64 29 1.0
64 30 0 64 30 1.0
64 31 0 64 31 1.0
64 32 0 64 32 1.0
64 33 0 64 33 1.0
64 34 0 64 34 1.0
64 35 0 64 35 1.0
64 36 0 64 36 1.0
64 37 0 64 37 1.0
64 38 4 64 15 1.0
64 39 4 64 15 1.0
64 40 0 64 16 1.0
64 41 4 64 15 1.0
64 42 4 64 15 1.0
64 43 4 64 15 1.0
64 44 0 64 16 1.0
64 45 82 64 17 1.0
64 46 12 64 16 1.0
64 47 125 64 11 1.0
64 48 88 64 6 1.0
64 49 124 64 11 1.0
64 50 104 64 8 1.0
64 51 92 64 7 1.0
64 52 8 64 32 1.0
64 53 3 64 30 1.0
64 54 6 64 26 1.0
64 55 3 64 30 1.0
64 56 6 64 26 1.0
64 57 6 64 26 1.0
64 58 10 64 34 1.0
64 59 24 64 10 1.0
64 60 8 64 31 1.0
64 61 25 64 11 1.0
64 62 8 64 31 1.0
64 63 15 64 12 1.0
64 65 20 64 6 1.0
64 66 9 64 9 1.0
64 67 6 64 6 1.0
64 68 2 64 13 1.0
64 69 7 64 7 1.0
64 70 10 64 10 1.0
64 71 6 64 6 1.0
64 72 6 64 6 1.0
64 73 31 64 28 1.0
64 74 83 64 17 1.0
64 75 3 64 24 1.0
64 76 54 64 12 1.0
64 77 53 64 12 1.0
64 78 36 64 26 1.0
64 79 69 64 14 1.0
65 0 5 65 28 1.0
65 1 4 65 29 1.0
65 2 3 65 30 1.0
65 3 5 65 28 1.0
65 4 2 65 27 1.0
65 5 3 65 30 1.0
65 6 0 65 6 1.0
65 7 0 65 7 1.0
65 8 0 65 8 1.0
65 9 0 65 9 1.0
65 10 0 65 10 1.0
65 11 0 65 11 1.0
65 12 0 65 12 1.0
65 13 0 65 13 1.0
65 14 0 65 14 1.0
65 15 0 65 15 1.0
65 16 0 65 16 1.0
65 17 0 65 17 1.0
65 18 79 65 26 1.0
65 19 79 65 26 1.0
65 20 110 65 33 1.0
65 21 50 65 30 1.0
65 22 49 65 30 1.0
65 23 116 65 34 1.0
65 24 0 65 24 1.0
65 25 0 65 25 1.0
65 26 0 65 26 1.0
65 27 0 65 27 1.0
65 28 0 65 28 1.0
65 29 0 65 29 1.0
65 30 0 65 30 1.0
65 31 0 65 31 1.0
65 32 0 65 32 1.0
65 33 0 65 33 1.0
65 34 0 65 34 1.0
65 35 0 65 35 1.0
65 36 0 65 36 1.0
65 37 0 65 37 1.0
65 38 3 65 14 1.0
65 39 3 65 14 1.0
65 40 3 65 14 1.0
65 41 4 65 15 1.0
65 42 2 65 13 1.0
65 43 3 65 14 1.0
65 44 0 65 16 1.0
65 45 26 65 12 1.0
65 46 96 65 7 1.0
65 47 91 65 7 1.0
65 48 104 65 8 1.0
65 49 123 65 11 1.0
65 50 46 65 14 1.0
65 51 85 65 6 1.0
65 52 11 65 35 1.0
65 53 3 65 30 1.0
65 54 6 65 26 1.0
65 55 3 65 30 1.0
65 56 11 65 35 1.0
65 57 0 65 24 1.0
65 58 5 65 28 1.0
65 59 24 65 10 1.0
65 60 8 65 31 1.0
65 61 25 65 11 1.0
65 62 8 65 31 1.0
65 63 16 65 13 1.0
65 64 25 65 11 1.0
65 66 9 65 9 1.0
65 67 6 65 6 1.0
65 68 2 65 13 1.0
65 69 11 65 11 1.0
65 70 6 65 6 1.0
65 71 4 65 15 1.0
65 72 10 65 10 1.0
65 73 18 65 30 1.0
65 74 21 65 30 1.0
65 75 7 65 25 1.0
65 76 26 65 29 1.0
65 77 81 65 17 1.0
65 78 36 65 26 1.0
65 79 40 65 26 1.0
66 0 121 66 50 1.0
66 1 8 66 39 1.0
66 2 41 66 43 1.0
66 3 37 66 43 1.0
66 4 2 66 38 1.0
66 5 2 66 38 1.0
66 6 0 66 6 1.0
66 7 0 66 7 1.0
66 8 0 66 8 1.0
66 9 0 66 9 1.0
66 10 0 66 10 1.0
66 11 0 66 11 1.0
66 12 0 66 12 1.0
66 13 0 66 13 1.0
66 14 0 66 14 1.0
66 15 0 66 15 1.0
66 16 0 66 16 1.0
66 17 0 66 17 1.0
66 18 4 66 49 1.0
66 19 1 66 46 1.0
66 20 0 66 45 1.0
66 21 6 66 51 1.0
66 22 4 66 49 1.0
66 23 0 66 45 1.0
66 25 11 66 12 1.0
66 26 69 66 7 1.0
66 27 25 66 14 1.0
66 28 11 66 12 1.0
66 29 48 66 6 1.0
66 30 18 66 13 1.0
66 31 1 66 7 1.0
66 32 1 66 7 1.0
66 33 1 66 7 1.0
66 34 1 66 7 1.0
66 35 4 66 10 1.0
66 36 1 66 7 1.0
66 37 1 66 7 1.0
66 38 0 66 38 1.0
66 39 0 66 39 1.0
66 40 0 66 40 1.0
66 41 0 66 41 1.0
66 42 0 66 42 1.0
66 43 0 66 43 1.0
66 44 0 66 44 1.0
66 45 0 66 45 1.0
66 46 0 66 46 1.0
66 47 0 66 47 1.0
66 48 0 66 48 1.0
66 49 0 66 49 1.0
66 50 0 66 50 1.0
66 52 37 66 51 1.0
66 53 20 66 48 1.0
66 54 2 66 45 1.0
66 55 42 66 6 1.0
66 56 42 66 6 1.0
66 57 25 66 49 1.0
66 58 42 66 6 1.0
66 59 7 66 7 1.0
66 60 7 66 7 1.0
66 61 7 66 7 1.0
66 62 10 66 10 1.0
66 63 1 66 12 1.0
66 65 6 66 6 1.0
66 67 20 66 6 1.0
66 68 21 66 7 1.0
66 69 24 66 10 1.0
66 70 21 66 7 1.0
66 71 20 66 6 1.0
66 72 6 66 43 1.0
66 73 2 66 40 1.0
66 74 3 66 41 1.0
66 75 10 66 48 1.0
66 76 1 66 39 1.0
66 77 6 66 44 1.0
66 78 13 66 51 1.0
67 0 2 67 38 1.0
67 1 8 67 39 1.0
67 2 13 67 39 1.0
67 3 46 67 44 1.0
67 4 30 67 42 1.0
67 5 8 67 39 1.0
67 6 0 67 6 1.0
67 7 0 67 7 1.0
67 8 0 67 8 1.0
67 9 0 67 9 1.0
67 10 0 67 10 1.0
67 11 0 67 11 1.0
67 12 0 67 12 1.0
67 13 0 67 13 1.0
67 14 0 67 14 1.0
67 15 0 67 15 1.0
67 16 0 67 16 1.0
67 17 0 67 17 1.0
67 18 2 67 47 1.0
67 19 6 67 51 1.0
67 20 2 67 47 1.0
67 21 5 67 50 1.0
67 22 2 67 47 1.0
67 23 0 67 45 1.0
67 24 16 67 13 1.0
67 25 59 67 7 1.0
67 26 11 67 12 1.0
67 27 7 67 12 1.0
67 28 36 67 17 1.0
67 29 14 67 13 1.0
67 30 39 67 17 1.0
67 31 2 67 8 1.0
67 32 4 67 10 1.0
67 33 5 67 11 1.0
67 34 2 67 8 1.0
67 35 4 67 10 1.0
67 36 5 67 11 1.0
67 37 4 67 10 1.0
67 38 0 67 38 1.0
67 39 0 67 39 1.0
67 40 0 67 40 1.0
67 41 0 67 41 1.0
67 42 0 67 42 1.0
67 43 0 67 43 1.0
67 44 0 67 44 1.0
67 45 0 67 45 1.0
67 46 0 67 46 1.0
67 47 0 67 47 1.0
67 48 0 67 48 1.0
67 49 0 67 49 1.0
67 50 0 67 50 1.0
67 51 0 67 51 1.0
67 52 60 67 8 1.0
67 53 77 67 11 1.0
67 54 42 67 6 1.0
67 55 42 67 6 1.0
67 56 42 67 6 1.0
67 57 1 67 45 1.0
67 58 4 67 45 1.0
67 59 2 67 13 1.0
67 60 1 67 12 1.0
67 61 0 67 16 1.0
67 62 4 67 15 1.0
67 63 9 67 9 1.0
67 64 3 67 14 1.0
67 65 6 67 6 1.0
67 66 18 67 15 1.0
67 68 16 67 13 1.0
67 69 16 67 13 1.0
67 70 1 67 38 1.0
67 71 20 67 6 1.0
67 72 6 67 43 1.0
67 73 0 67 38 1.0
67 74 1 67 39 1.0
67 75 4 67 42 1.0
67 76 10 67 48 1.0
67 77 13 67 51 1.0
67 78 11 67 49 1.0
67 79 13 67 51 1.0
68 0 41 68 43 1.0
68 1 8 68 39 1.0
68 2 36 68 43 1.0
68 3 6 68 38 1.0
68 4 2 68 38 1.0
68 5 8 68 39 1.0
68 6 0 68 6 1.0
68 7 0 68 7 1.0
68 8 0 68 8 1.0
68 9 0 68 9 1.0
68 10 0 68 10 1.0
68 11 0 68 11 1.0
68 12 0 68 12 1.0
68 14 0 68 14 1.0
68 15 0 68 15 1.0
68 16 0 68 16 1.0
68 17 0 68 17 1.0
68 18 2 68 47 1.0
68 19 6 68 51 1.0
68 20 6 68 51 1.0
68 21 5 68 50 1.0
68 22 5 68 50 1.0
68 23 1 68 46 1.0
68 24 11 68 12 1.0
68 25 73 68 8 1.0
68 26 11 68 12 1.0
68 27 37 68 17 1.0
68 28 15 68 13 1.0
68 29 15 68 13 1.0
68 30 25 68 14 1.0
68 31 2 68 8 1.0
68 32 3 68 9 1.0
68 33 5 68 11 1.0
68 34 2 68 8 1.0
68 35 4 68 10 1.0
68 36 5 68 11 1.0
68 37 4 68 10 1.0
68 38 0 68 38 1.0
68 39 0 68 39 1.0
68 40 0 68 40 1.0
68 41 0 68 41 1.0
68 42 0 68 42 1.0
68 43 0 68 43 1.0
68 44 0 68 44 1.0
68 45 0 68 45 1.0
68 46 0 68 46 1.0
68 47 0 68 47 1.0
68 48 0 68 48 1.0
68 49 0 68 49 1.0
68 50 0 68 50 1.0
68 51 0 68 51 1.0
68 52 20 68 48 1.0
68 53 26 68 49 1.0
68 54 42 68 6 1.0
68 55 42 68 6 1.0
68 56 5 68 45 1.0
68 57 1 68 45 1.0
68 58 46 68 6 1.0
68 59 3 68 14 1.0
68 60 1 68 12 1.0
68 61 8 68 8 1.0
68 62 4 68 15 1.0
68 63 11 68 11 1.0
68 64 2 68 13 1.0
68 65 2 68 13 1.0
68 66 23 68 9 1.0
68 67 4 68 41 1.0
68 69 16 68 13 1.0
68 70 16 68 13 1.0
68 71 20 68 6 1.0
68 72 16 68 13 1.0
68 73 0 68 38 1.0
68 74 5 68 43 1.0
68 75 11 68 49 1.0
68 76 11 68 49 1.0
68 77 6 68 44 1.0
68 78 3 68 41 1.0
68 79 11 68 49 1.0
69 0 41 69 43 1.0
69 1 8 69 39 1.0
69 2 8 69 39 1.0
69 3 41 69 43 1.0
69 4 9 69 39 1.0
69 5 9 69 39 1.0
69 6 0 69 6 1.0
69 7 0 69 7 1.0
69 8 0 69 8 1.0
69 9 0 69 9 1.0
69 10 0 69 10 1.0
69 11 0 69 11 1.0
69 12 0 69 12 1.0
69 14 0 69 14 1.0
69 15 0 69 15 1.0
69 16 0 69 16 1.0
69 17 0 69 17 1.0
69 18 2 69 47 1.0
69 19 1 69 46 1.0
69 20 4 69 49 1.0
69 21 6 69 51 1.0
69 22 6 69 51 1.0
69 23 1 69 46 1.0
69 24 49 69 6 1.0
69 25 24 69 14 1.0
69 26 105 69 10 1.0
69 27 0 69 16 1.0
69 28 14 69 13 1.0
69 29 36 69 17 1.0
69 30 32 69 15 1.0
69 31 5 69 11 1.0
69 32 4 69 10 1.0
69 33 5 69 11 1.0
69 34 2 69 8 1.0
69 35 4 69 10 1.0
69 36 5 69 11 1.0
69 37 4 69 10 1.0
69 38 0 69 38 1.0
69 39 0 69 39 1.0
69 40 0 69 40 1.0
69 41 0 69 41 1.0
69 42 0 69 42 1.0
69 43 0 69 43 1.0
69 44 0 69 44 1.0
69 45 0 69 45 1.0
69 46 0 69 46 1.0
69 47 0 69 47 1.0
69 48 0 69 48 1.0
69 49 0 69 49 1.0
69 50 0 69 50 1.0
69 51 0 69 51 1.0
69 52 54 69 7 1.0
69 53 38 69 51 1.0
69 54 5 69 45 1.0
69 55 5 69 45 1.0
69 56 78 69 11 1.0
69 57 2 69 45 1.0
69 58 28 69 49 1.0
69 59 5 69 17 1.0
69 60 8 69 8 1.0
69 61 1 69 12 1.0
69 62 1 69 12 1.0
69 63 11 69 11 1.0
69 64 11 69 11 1.0
69 65 7 69 7 1.0
69 67 16 69 13 1.0
69 68 16 69 13 1.0
69 70 16 69 13 1.0
69 71 20 69 6 1.0
69 72 16 69 13 1.0
69 73 2 69 40 1.0
69 74 6 69 44 1.0
69 75 5 69 43 1.0
69 76 5 69 43 1.0
69 77 6 69 44 1.0
69 78 2 69 40 1.0
69 79 2 69 40 1.0
70 0 90 70 48 1.0
70 1 61 70 45 1.0
70 2 48 70 44 1.0
70 3 48 70 44 1.0
70 4 64 70 46 1.0
70 5 51 70 45 1.0
70 6 0 70 6 1.0
70 7 0 70 7 1.0
70 8 0 70 8 1.0
70 9 0 70 9 1.0
70 10 0 70 10 1.0
70 13 0 70 13 1.0
70 14 0 70 14 1.0
70 15 0 70 15 1.0
70 19 2 70 47 1.0
70 20 5 70 50 1.0
70 21 4 70 49 1.0
70 23 0 70 45 1.0
70 24 18 70 13 1.0
70 25 17 70 13 1.0
70 26 96 70 9 1.0
70 27 84 70 9 1.0
70 29 84 70 9 1.0
70 30 94 70 9 1.0
70 31 2 70 8 1.0
70 32 5 70 11 1.0
70 33 3 70 9 1.0
70 36 0 70 6 1.0
70 37 0 70 6 1.0
70 39 0 70 39 1.0
70 40 0 70 40 1.0
70 41 0 70 41 1.0
70 42 0 70 42 1.0
70 44 0 70 44 1.0
70 45 0 70 45 1.0
70 46 0 70 46 1.0
70 47 0 70 47 1.0
70 48 0 70 48 1.0
70 50 0 70 50 1.0
70 51 0 70 51 1.0
70 52 25 70 49 1.0
70 53 32 70 50 1.0
70 54 69 70 9 1.0
70 55 65 70 9 1.0
70 56 24 70 49 1.0
70 57 46 70 6 1.0
70 58 48 70 6 1.0
70 61 9 70 9 1.0
70 62 6 70 6 1.0
70 63 5 70 17 1.0
70 64 10 70 10 1.0
70 65 2 70 13 1.0
70 66 6 70 43 1.0
70 67 6 70 43 1.0
70 68 6 70 43 1.0
70 69 6 70 43 1.0
70 71 24 70 10 1.0
70 72 6 70 43 1.0
70 73 4 70 42 1.0
70 74 10 70 48 1.0
70 77 0 70 38 1.0
70 78 5 70 43 1.0
70 79 5 70 43 1.0
71 0 47 71 44 1.0
71 1 23 71 41 1.0
71 2 72 71 46 1.0
71 3 49 71 45 0.453125
71 3 54 71 45 0.546875
71 4 126 71 50 1.0
71 5 86 71 47 1.0
71 6 0 71 6 1.0
71 7 0 71 7 1.0
71 9 0 71 9 1.0
71 10 0 71 10 1.0
71 14 0 71 14 1.0
71 15 0 71 15 1.0
71 17 0 71 17 1.0
71 19 1 71 46 1.0
71 20 0 71 45 1.0
71 23 6 71 51 1.0
71 24 34 71 15 1.0
71 25 105 71 10 1.0
71 26 107 71 10 1.0
71 27 56 71 7 1.0
71 29 95 71 9 1.0
71 30 63 71 7 0.875
71 30 104 71 10 0.125
71 31 1 71 7 0.03125
71 31 2 71 8 0.96875
71 32 4 71 10 1.0
71 37 0 71 6 1.0
71 38 0 71 38 1.0
71 39 0 71 39 1.0
71 40 0 71 40 1.0
71 41 0 71 41 1.0
71 42 0 71 42 1.0
71 43 0 71 43 1.0
71 44 0 71 44 1.0
71 45 0 71 45 1.0
71 46 0 71 46 1.0
71 47 0 71 47 1.0
71 50 0 71 50 1.0
71 51 0 71 51 1.0
71 53 49 71 7 1.0
71 54 51 71 7 1.0
71 55 46 71 6 1.0
71 56 46 71 6 1.0
71 57 75 71 10 1.0
71 58 48 71 6 1.0
71 60 7 71 7 1.0
71 61 7 71 7 1.0
71 63 3 71 14 1.0
71 64 10 71 10 1.0
71 65 6 71 6 1.0
71 66 2 71 39 1.0
71 67 17 71 14 1.0
71 68 2 71 39 1.0
71 69 2 71 39 1.0
71 70 17 71 14 1.0
71 72 1 71 38 1.0
71 73 12 71 50 1.0
71 74 7 71 45 1.0
71 77 8 71 46 1.0
71 78 5 71 43 1.0
71 79 9 71 47 1.0
72 0 46 72 44 1.0
72 1 23 72 41 1.0
72 2 8 72 39 1.0
72 3 133 72 51 1.0
72 4 13 72 39 1.0
72 5 77 72 47 1.0
72 6 0 72 6 1.0
72 7 0 72 7 1.0
72 9 0 72 9 1.0
72 10 0 72 10 1.0
72 11 0 72 11 1.0
72 14 0 72 14 1.0
72 15 0 72 15 1.0
72 19 0 72 45 1.0
72 20 2 72 47 1.0
72 23 0 72 45 1.0
72 24 4 72 16 1.0
72 25 115 72 11 1.0
72 26 36 72 17 1.0
72 27 48 72 6 1.0
72 28 11 72 12 1.0
72 29 48 72 6 1.0
72 30 1 72 16 1.0
72 31 3 72 9 1.0
72 32 1 72 7 1.0
72 33 2 72 8 1.0
72 34 2 72 8 1.0
72 37 2 72 8 1.0
72 38 0 72 38 1.0
72 39 0 72 39 1.0
72 40 0 72 40 1.0
72 41 0 72 41 1.0
72 42 0 72 42 1.0
72 44 0 72 44 1.0
72 45 0 72 45 1.0
72 46 0 72 46 1.0
72 47 0 72 47 1.0
72 48 0 72 48 1.0
72 50 0 72 50 1.0
72 51 0 72 51 1.0
72 53 19 72 48 1.0
72 54 63 72 9 1.0
72 55 5 72 45 1.0
72 56 81 72 11 1.0
72 57 60 72 8 1.0
72 58 49 72 7 1.0
72 59 0 72 16 1.0
72 60 0 72 16 1.0
72 62 8 72 8 1.0
72 63 5 72 17 1.0
72 64 7 72 7 1.0
72 65 6 72 6 1.0
72 66 6 72 43 1.0
72 67 6 72 43 1.0
72 68 6 72 43 1.0
72 69 16 72 13 1.0
72 70 19 72 17 1.0
72 71 16 72 13 1.0
72 73 2 72 40 1.0
72 74 11 72 49 1.0
72 75 11 72 49 1.0
72 76 1 72 39 1.0
72 77 10 72 48 1.0
72 78 10 72 48 1.0
72 79 8 72 46 1.0
73 0 0 73 0 1.0
73 1 0 73 1 1.0
73 2 0 73 2 1.0
73 3 0 73 3 1.0
73 4 0 73 4 1.0
73 5 0 73 5 1.0
73 6 62 73 42 0.78125
73 6 138 73 51 0.21875
73 7 115 73 48 1.0
73 8 78 73 44 1.0
73 9 63 73 42 1.0
73 10 65 73 43 1.0
73 14 3 73 41 1.0
73 15 0 73 38 1.0
73 19 0 73 19 1.0
73 20 0 73 20 1.0
73 23 0 73 23 1.0
73 24 4 73 4 1.0
73 25 1 73 1 1.0
73 26 4 73 4 1.0
73 27 0 73 0 1.0
73 28 3 73 3 1.0
73 29 1 73 1 1.0
73 30 2 73 2 1.0
73 31 84 73 3 1.0
73 32 75 73 2 1.0
73 34 23 73 19 1.0
73 37 23 73 19 1.0
73 38 0 73 38 1.0
73 39 0 73 39 1.0
73 40 0 73 40 1.0
73 41 0 73 41 1.0
73 42 0 73 42 1.0
73 44 0 73 44 1.0
73 45 0 73 45 1.0
73 46 0 73 46 1.0
73 47 0 73 47 1.0
73 50 0 73 50 1.0
73 51 0 73 51 1.0
73 52 9 73 3 1.0
73 53 1 73 18 1.0
73 54 1 73 18 1.0
73 55 0 73 0 1.0
73 56 8 73 2 1.0
73 57 10 73 4 1.0
73 58 9 73 3 1.0
73 60 78 73 44 1.0
73 62 1 73 0 1.0
73 63 40 73 5 1.0
73 64 28 73 4 1.0
73 65 2 73 0 1.0
73 67 5 73 43 1.0
73 68 5 73 43 1.0
73 69 10 73 48 1.0
73 70 5 73 43 1.0
73 71 2 73 40 1.0
73 72 10 73 48 1.0
73 74 1 73 18 0.234375
73 74 2 73 19 0.1875
73 74 19 73 45 0.578125
73 76 13 73 39 1.0
73 77 23 73 49 1.0
73 78 9 73 3 1.0
73 79 23 73 49 1.0
74 0 0 74 0 1.0
74 1 0 74 1 1.0
74 2 0 74 2 1.0
74 3 0 74 3 1.0
74 4 0 74 4 1.0
74 5 0 74 5 1.0
74 6 108 74 47 1.0
74 7 52 74 42 1.0
74 8 96 74 45 1.0
74 9 102 74 46 0.734375
74 9 121 74 49 0.265625
74 10 112 74 48 1.0
74 11 96 74 45 1.0
74 13 6 74 44 1.0
74 14 2 74 40 1.0
74 15 1 74 39 1.0
74 17 6 74 44 1.0
74 19 0 74 19 1.0
74 20 0 74 20 1.0
74 23 0 74 23 1.0
74 24 0 74 0 1.0
74 25 2 74 2 1.0
74 26 4 74 4 1.0
74 27 3 74 3 1.0
74 29 4 74 4 1.0
74 30 4 74 4 1.0
74 31 121 74 5 1.0
74 32 10 74 0 0.265625
74 32 60 74 1 0.296875
74 32 89 74 3 0.4375
74 33 114 74 5 1.0
74 35 23 74 19 1.0
74 36 106 74 4 1.0
74 40 0 74 40 1.0
74 41 0 74 41 1.0
74 42 0 74 42 1.0
74 44 0 74 44 1.0
74 45 0 74 45 1.0
74 46 0 74 46 1.0
74 49 0 74 49 1.0
74 50 0 74 50 1.0
74 51 0 74 51 1.0
74 53 1 74 18 1.0
74 54 4 74 21 1.0
74 55 0 74 0 1.0
74 56 5 74 22 1.0
74 57 2 74 19 1.0
74 58 10 74 4 1.0
74 62 78 74 44 1.0
74 63 23 74 3 1.0
74 64 24 74 3 1.0
74 65 41 74 5 1.0
74 66 6 74 44 1.0
74 67 1 74 39 1.0
74 68 1 74 39 1.0
74 69 10 74 48 1.0
74 70 5 74 43 1.0
74 71 13 74 51 1.0
74 72 0 74 38 1.0
74 73 6 74 23 0.5625
74 73 20 74 46 0.4375
74 75 11 74 5 1.0
74 77 11 74 5 1.0
74 78 11 74 5 1.0
74 79 21 74 47 1.0
75 1 0 75 1 1.0
75 2 0 75 2 1.0
75 5 0 75 5 1.0
75 10 11 75 38 1.0
75 11 96 75 45 1.0
75 12 3 75 41 1.0
75 13 3 75 41 1.0
75 14 1 75 39 1.0
75 15 4 75 42 1.0
75 16 6 75 44 1.0
75 18 0 75 18 1.0
75 22 0 75 22 1.0
75 25 0 75 0 1.0
75 26 1 75 1 1.0
75 27 0 75 0 1.0
75 32 93 75 3 1.0
75 33 23 75 19 1.0
75 35 23 75 19 1.0
75 37 23 75 19 1.0
75 39 0 75 39 1.0
75 40 0 75 40 1.0
75 41 0 75 41 1.0
75 45 0 75 45 1.0
75 46 0 75 46 1.0
75 47 0 75 47 1.0
75 49 0 75 49 1.0
75 50 0 75 50 1.0
75 51 0 75 51 1.0
75 53 0 75 0 1.0
75 54 0 75 0 1.0
75 55 0 75 0 1.0
75 56 8 75 2 1.0
75 57 6 75 23 1.0
75 58 9 75 3 1.0
75 60 78 75 44 1.0
75 61 24 75 3 1.0
75 62 6 75 0 1.0
75 63 28 75 4 1.0
75 64 65 75 41 1.0
75 65 60 75 41 1.0
75 66 0 75 38 1.0
75 67 3 75 41 1.0
75 68 5 75 43 1.0
75 69 0 75 38 1.0
75 72 3 75 41 1.0
75 74 2 75 19 1.0
75 76 13 75 39 1.0
75 77 22 75 48 1.0
75 78 22 75 48 1.0
75 79 22 75 48 1.0
76 1 0 76 1 1.0
76 2 0 76 2 1.0
76 3 0 76 3 1.0
76 6 116 76 48 1.0
76 8 78 76 44 1.0
76 9 116 76 48 1.0
76 10 117 76 48 1.0
76 11 96 76 45 1.0
76 14 4 76 42 1.0
76 15 6 76 44 1.0
76 18 0 76 18 1.0
76 19 0 76 19 1.0
76 20 0 76 20 1.0
76 21 0 76 21 1.0
76 24 0 76 0 1.0
76 25 0 76 0 1.0
76 26 2 76 2 1.0
76 27 0 76 0 1.0
76 32 23 76 19 1.0
76 34 23 76 19 1.0
76 36 23 76 19 1.0
76 40 0 76 40 1.0
76 41 0 76 41 1.0
76 42 0 76 42 1.0
76 46 0 76 46 1.0
76 50 0 76 50 1.0
76 51 0 76 51 1.0
76 53 1 76 18 1.0
76 54 5 76 22 1.0
76 55 6 76 23 1.0
76 56 1 76 18 1.0
76 57 1 76 18 1.0
76 58 0 76 0 1.0
76 59 78 76 44 1.0
76 61 31 76 4 1.0
76 62 78 76 44 1.0
76 63 21 76 3 1.0
76 64 27 76 3 1.0
76 65 14 76 2 1.0
76 66 10 76 48 1.0
76 67 0 76 38 1.0
76 68 0 76 38 1.0
76 69 1 76 39 1.0
76 72 10 76 48 1.0
76 77 6 76 23 1.0
76 78 6 76 23 1.0
76 79 6 76 23 1.0
77 0 0 77 0 1.0
77 1 0 77 1 1.0
77 2 0 77 2 1.0
77 3 0 77 3 1.0
77 4 0 77 4 1.0
77 5 0 77 5 1.0
77 6 109 77 47 1.0
77 7 52 77 42 1.0
77 8 84 77 44 1.0
77 9 64 77 42 1.0
77 10 117 77 48 1.0
77 11 52 77 42 1.0
77 12 0 77 38 1.0
77 13 4 77 42 1.0
77 14 4 77 42 1.0
77 15 1 77 39 1.0
77 16 5 77 43 1.0
77 17 6 77 44 1.0
77 18 0 77 18 1.0
77 19 0 77 19 1.0
77 20 0 77 20 1.0
77 21 0 77 21 1.0
77 22 0 77 22 1.0
77 23 0 77 23 1.0
77 24 2 77 2 1.0
77 25 0 77 0 1.0
77 26 4 77 4 1.0
77 27 2 77 2 1.0
77 28 4 77 4 1.0
77 29 3 77 3 1.0
77 30 4 77 4 1.0
77 31 65 77 1 1.0
77 32 57 77 1 1.0
77 33 106 77 4 1.0
77 34 23 77 19 1.0
77 35 57 77 1 1.0
77 36 60 77 1 1.0
77 37 70 77 2 1.0
77 38 0 77 38 1.0
77 39 0 77 39 1.0
77 40 0 77 40 1.0
77 41 0 77 41 1.0
77 42 0 77 42 1.0
77 43 0 77 43 1.0
77 44 0 77 44 1.0
77 45 0 77 45 1.0
77 46 0 77 46 1.0
77 47 0 77 47 1.0
77 48 0 77 48 1.0
77 49 0 77 49 1.0
77 50 0 77 50 1.0
77 51 0 77 51 1.0
77 52 0 77 0 1.0
77 53 11 77 5 1.0
77 54 11 77 5 1.0
77 55 11 77 5 1.0
77 56 10 77 4 1.0
77 57 11 77 5 1.0
77 58 8 77 2 1.0
77 59 36 77 5 1.0
77 60 41 77 5 1.0
77 61 3 77 0 1.0
77 62 69 77 42 1.0
77 63 81 77 44 1.0
77 64 10 77 1 1.0
77 65 68 77 42 1.0
77 66 4 77 42 1.0
77 67 3 77 41 1.0
77 68 3 77 41 1.0
77 69 13 77 51 1.0
77 70 0 77 38 1.0
77 71 4 77 42 1.0
77 72 5 77 43 1.0
77 73 11 77 5 1.0
77 74 9 77 3 1.0
77 75 5 77 22 1.0
77 76 23 77 49 1.0
77 78 19 77 45 1.0
77 79 25 77 51 1.0
78 0 0 78 0 1.0
78 1 0 78 1 1.0
78 2 0 78 2 1.0
78 3 0 78 3 1.0
78 4 0 78 4 1.0
78 5 0 78 5 1.0
78 6 130 78 50 1.0
78 7 37 78 40 1.0
78 8 91 78 45 1.0
78 9 124 78 49 1.0
78 10 0 78 38 1.0
78 11 40 78 41 1.0
78 12 6 78 44 1.0
78 13 4 78 42 1.0
78 14 5 78 43 1.0
78 15 1 78 39 1.0
78 16 4 78 42 1.0
78 17 2 78 40 1.0
78 18 0 78 18 1.0
78 19 0 78 19 1.0
78 20 0 78 20 1.0
78 21 0 78 21 1.0
78 22 0 78 22 1.0
78 23 0 78 23 1.0
78 24 5 78 5 1.0
78 25 3 78 3 1.0
78 26 4 78 4 1.0
78 27 2 78 2 1.0
78 28 1 78 1 1.0
78 29 4 78 4 1.0
78 30 1 78 1 1.0
78 31 102 78 4 1.0
78 32 1 78 0 1.0
78 33 0 78 0 1.0
78 34 70 78 2 1.0
78 35 57 78 1 1.0
78 36 4 78 0 1.0
78 37 1 78 0 1.0
78 38 0 78 38 1.0
78 39 0 78 39 1.0
78 40 0 78 40 1.0
78 41 0 78 41 1.0
78 42 0 78 42 1.0
78 43 0 78 43 1.0
78 44 0 78 44 1.0
78 45 0 78 45 1.0
78 46 0 78 46 1.0
78 47 0 78 47 1.0
78 48 0 78 48 1.0
78 49 0 78 49 1.0
78 50 0 78 50 1.0
78 51 0 78 51 1.0
78 52 4 78 21 1.0
78 53 5 78 22 1.0
78 54 5 78 22 1.0
78 55 10 78 4 1.0
78 56 10 78 4 1.0
78 57 2 78 19 1.0
78 58 8 78 2 1.0
78 59 11 78 1 1.0
78 60 20 78 2 1.0
78 61 22 78 3 1.0
78 62 49 78 39 1.0
78 63 63 78 41 1.0
78 64 78 78 44 1.0
78 65 78 78 44 1.0
78 67 10 78 48 1.0
78 68 10 78 48 1.0
78 69 13 78 51 1.0
78 70 5 78 43 1.0
78 71 10 78 48 1.0
78 72 8 78 46 1.0
78 73 7 78 1 1.0
78 74 2 78 19 1.0
78 75 5 78 22 1.0
78 76 17 78 43 1.0
78 77 25 78 51 1.0
78 79 25 78 51 1.0
79 0 0 79 0 1.0
79 1 0 79 1 1.0
79 2 0 79 2 1.0
79 3 0 79 3 1.0
79 4 0 79 4 1.0
79 5 0 79 5 1.0
79 6 110 79 47 1.0
79 7 11 79 38 1.0
79 8 102 79 46 1.0
79 9 130 79 50 1.0
79 10 117 79 48 1.0
79 11 112 79 48 1.0
79 12 6 79 44 1.0
79 14 2 79 40 1.0
79 15 0 79 38 1.0
79 16 4 79 42 1.0
79 17 2 79 40 1.0
79 18 0 79 18 1.0
79 19 0 79 19 1.0
79 20 0 79 20 1.0
79 21 0 79 21 1.0
79 22 0 79 22 1.0
79 23 0 79 23 1.0
79 24 2 79 2 1.0
79 25 2 79 2 1.0
79 26 4 79 4 1.0
79 27 0 79 0 1.0
79 28 1 79 1 1.0
79 29 3 79 3 1.0
79 30 0 79 0 1.0
79 31 60 79 1 1.0
79 32 1 79 0 1.0
79 33 9 79 0 1.0
79 34 84 79 3 1.0
79 35 117 79 5 1.0
79 36 9 79 0 1.0
79 37 107 79 4 1.0
79 38 0 79 38 1.0
79 39 0 79 39 1.0
79 40 0 79 40 1.0
79 41 0 79 41 1.0
79 42 0 79 42 1.0
79 43 0 79 43 1.0
79 44 0 79 44 1.0
79 45 0 79 45 1.0
79 46 0 79 46 1.0
79 47 0 79 47 1.0
79 48 0 79 48 1.0
79 49 0 79 49 1.0
79 50 0 79 50 1.0
79 51 0 79 51 1.0
79 52 5 79 22 1.0
79 53 10 79 4 1.0
79 54 5 79 22 1.0
79 55 10 79 4 1.0
79 56 7 79 1 1.0
79 57 2 79 19 1.0
79 58 3 79 20 1.0
79 59 48 79 39 1.0
79 60 71 79 42 1.0
79 61 7 79 1 1.0
79 62 66 79 42 1.0
79 63 28 79 4 1.0
79 64 78 79 44 1.0
79 65 78 79 44 1.0
79 67 2 79 40 1.0
79 68 3 79 41 1.0
79 69 13 79 51 1.0
79 70 5 79 43 1.0
79 71 7 79 45 1.0
79 72 8 79 46 1.0
79 73 23 79 49 1.0
79 74 2 79 19 1.0
79 75 5 79 22 1.0
79 76 23 79 49 1.0
79 77 6 79 23 1.0
79 78 6 79 23 1.0
