0 1 21 0 18 0.390625
0 1 22 0 19 0.609375
0 2 2 0 55 1.0
0 3 8 0 53 1.0
0 4 19 0 57 0.34375
0 4 24 0 21 0.65625
0 5 17 0 54 1.0
0 6 98 0 28 1.0
0 7 72 0 29 1.0
0 8 55 0 30 1.0
0 9 111 0 26 1.0
0 10 79 0 53 1.0
0 14 54 0 74 1.0
0 15 56 0 28 1.0
0 16 0 0 24 1.0
0 19 0 0 19 1.0
0 20 0 0 20 1.0
0 23 0 0 23 1.0
0 24 0 0 24 1.0
0 25 0 0 25 1.0
0 26 0 0 26 1.0
0 27 0 0 27 1.0
0 29 0 0 29 1.0
0 30 0 0 30 1.0
0 31 3 0 27 1.0
0 32 12 0 57 1.0
0 38 0 0 75 1.0
0 39 0 0 75 1.0
0 40 4 0 77 1.0
0 41 6 0 73 1.0
0 42 1 0 76 1.0
0 44 1 0 76 0.59375
0 44 6 0 73 0.40625
0 45 4 0 77 1.0
0 46 11 0 22 1.0
0 51 7 0 18 1.0
0 53 0 0 53 1.0
0 54 0 0 54 1.0
0 56 0 0 56 1.0
0 57 0 0 57 1.0
0 63 1 0 25 1.0
0 64 4 0 29 1.0
0 65 3 0 30 1.0
0 67 129 0 22 1.0
0 68 132 0 22 1.0
0 69 132 0 22 1.0
0 70 108 0 19 1.0
0 71 25 0 76 1.0
0 72 125 0 21 1.0
0 73 0 0 73 1.0
0 74 0 0 74 1.0
0 77 0 0 77 1.0
0 78 0 0 78 1.0
0 79 0 0 79 1.0
1 0 19 1 57 1.0
1 2 20 1 58 1.0
1 3 10 1 52 1.0
1 4 21 1 18 1.0
1 5 10 1 52 1.0
1 6 136 1 57 1.0
1 7 122 1 54 1.0
1 8 55 1 30 1.0
1 9 58 1 30 1.0
1 10 81 1 53 1.0
1 11 49 1 30 1.0
1 12 31 1 30 1.0
1 13 77 1 78 1.0
1 14 28 1 30 1.0
1 15 0 1 24 1.0
1 16 31 1 30 1.0
1 17 28 1 30 1.0
1 18 0 1 18 1.0
1 19 0 1 19 1.0
1 20 0 1 20 1.0
1 21 0 1 21 1.0
1 22 0 1 22 1.0
1 23 0 1 23 1.0
1 24 0 1 24 1.0
1 25 0 1 25 1.0
1 26 0 1 26 1.0
1 27 0 1 27 1.0
1 28 0 1 28 1.0
1 29 0 1 29 1.0
1 30 0 1 30 1.0
1 31 4 1 30 1.0
1 32 6 1 53 1.0
1 33 4 1 30 1.0
1 34 4 1 30 1.0
1 35 7 1 52 1.0
1 36 4 1 30 1.0
1 37 4 1 30 1.0
1 38 0 1 75 1.0
1 39 4 1 77 1.0
1 40 0 1 75 1.0
1 41 6 1 73 1.0
1 42 2 1 74 1.0
1 43 1 1 76 1.0
1 44 2 1 74 1.0
1 45 8 1 19 1.0
1 46 10 1 21 1.0
1 47 12 1 23 1.0
1 48 12 1 23 1.0
1 49 12 1 23 1.0
1 50 3 1 79 1.0
1 51 0 1 75 1.0
1 52 0 1 52 1.0
1 53 0 1 53 1.0
1 54 0 1 54 1.0
1 55 0 1 55 1.0
1 56 0 1 56 1.0
1 57 0 1 57 1.0
1 58 0 1 58 1.0
1 59 3 1 30 1.0
1 61 3 1 30 1.0
1 62 3 1 30 1.0
1 63 2 1 27 1.0
1 64 2 1 27 1.0
1 65 4 1 29 1.0
1 66 115 1 20 1.0
1 67 130 1 22 1.0
1 68 135 1 23 1.0
1 69 137 1 23 1.0
1 70 130 1 22 1.0
1 71 57 1 77 1.0
1 72 130 1 22 1.0
1 73 0 1 73 1.0
1 74 0 1 74 1.0
1 75 0 1 75 1.0
1 76 0 1 76 1.0
1 77 0 1 77 1.0
1 78 0 1 78 1.0
2 0 17 2 54 1.0
2 1 25 2 22 1.0
2 3 10 2 52 0.5
2 3 22 2 19 0.5
2 4 20 2 58 1.0
2 5 24 2 21 1.0
2 6 65 2 29 1.0
2 7 63 2 29 1.0
2 8 86 2 52 1.0
2 9 104 2 28 1.0
2 10 83 2 53 1.0
2 11 87 2 52 1.0
2 12 11 2 25 1.0
2 13 81 2 78 1.0
2 14 14 2 75 1.0
2 15 21 2 27 1.0
2 16 75 2 77 1.0
2 17 34 2 30 1.0
2 18 0 2 18 1.0
2 19 0 2 19 1.0
2 20 0 2 20 1.0
2 21 0 2 21 1.0
2 22 0 2 22 1.0
2 23 0 2 23 1.0
2 24 0 2 24 1.0
2 25 0 2 25 1.0
2 26 0 2 26 1.0
2 28 0 2 28 1.0
2 29 0 2 29 1.0
2 30 0 2 30 1.0
2 31 7 2 52 1.0
2 32 5 2 29 1.0
2 33 0 2 24 1.0
2 34 0 2 24 1.0
2 35 0 2 24 1.0
2 36 0 2 24 1.0
2 37 5 2 29 1.0
2 38 0 2 75 1.0
2 39 2 2 74 1.0
2 40 4 2 77 1.0
2 41 2 2 74 1.0
2 42 2 2 74 1.0
2 43 6 2 73 1.0
2 44 6 2 73 1.0
2 45 9 2 20 1.0
2 46 10 2 21 1.0
2 47 12 2 23 1.0
2 48 12 2 23 1.0
2 49 12 2 23 1.0
2 50 11 2 22 1.0
2 51 10 2 21 1.0
2 52 0 2 52 1.0
2 53 0 2 53 1.0
2 54 0 2 54 1.0
2 55 0 2 55 1.0
2 56 0 2 56 1.0
2 57 0 2 57 1.0
2 58 0 2 58 1.0
2 59 4 2 29 1.0
2 60 5 2 28 1.0
2 61 2 2 27 1.0
2 62 2 2 27 1.0
2 63 6 2 26 1.0
2 64 2 2 27 1.0
2 65 3 2 30 1.0
2 66 135 2 23 1.0
2 67 124 2 21 1.0
2 68 124 2 21 1.0
2 69 136 2 23 1.0
2 70 135 2 23 1.0
2 71 57 2 77 1.0
2 72 132 2 22 1.0
2 73 0 2 73 1.0
2 74 0 2 74 1.0
2 75 0 2 75 1.0
2 76 0 2 76 1.0
2 77 0 2 77 1.0
2 78 0 2 78 1.0
2 79 0 2 79 1.0
3 0 8 3 53 1.0
3 1 25 3 22 1.0
3 2 17 3 54 0.34375
3 2 18 3 56 0.65625
3 4 19 3 57 1.0
3 5 17 3 54 1.0
3 6 87 3 52 0.140625
3 6 96 3 28 0.59375
3 6 139 3 57 0.265625
3 7 61 3 30 1.0
3 8 56 3 30 1.0
3 9 108 3 26 1.0
3 10 84 3 52 1.0
3 14 14 3 75 1.0
3 15 16 3 75 1.0
3 16 89 3 73 1.0
3 18 0 3 18 1.0
3 19 0 3 19 1.0
3 20 0 3 20 1.0
3 23 0 3 23 1.0
3 24 0 3 24 1.0
3 25 0 3 25 1.0
3 26 0 3 26 1.0
3 27 0 3 27 1.0
3 29 0 3 29 1.0
3 30 0 3 30 1.0
3 31 5 3 29 1.0
3 32 12 3 57 1.0
3 40 3 3 79 1.0
3 41 6 3 73 1.0
3 42 6 3 73 1.0
3 44 4 3 77 0.53125
3 44 6 3 73 0.46875
3 45 4 3 77 1.0
3 46 11 3 22 1.0
3 48 10 3 21 1.0
3 51 11 3 22 1.0
3 53 0 3 53 1.0
3 54 0 3 54 1.0
3 55 0 3 55 1.0
3 56 0 3 56 1.0
3 57 0 3 57 1.0
3 58 0 3 58 1.0
3 60 5 3 28 1.0
3 63 4 3 29 1.0
3 64 4 3 29 1.0
3 65 5 3 28 1.0
3 66 131 3 22 1.0
3 67 129 3 22 1.0
3 68 124 3 21 1.0
3 69 125 3 21 1.0
3 70 104 3 18 1.0
3 71 10 3 75 1.0
3 72 137 3 23 1.0
3 73 0 3 73 1.0
3 74 0 3 74 1.0
3 76 0 3 76 1.0
3 77 0 3 77 1.0
3 78 0 3 78 1.0
3 79 0 3 79 1.0
4 0 2 4 55 0.8125
4 0 19 4 57 0.1875
4 1 25 4 22 1.0
4 2 20 4 58 1.0
4 3 17 4 54 1.0
4 5 22 4 19 0.53125
4 5 25 4 22 0.46875
4 6 48 4 27 1.0
4 7 75 4 29 1.0
4 8 112 4 26 1.0
4 9 16 4 25 0.703125
4 9 138 4 57 0.296875
4 10 90 4 52 1.0
4 14 46 4 76 1.0
4 15 59 4 28 1.0
4 17 92 4 26 1.0
4 19 0 4 19 1.0
4 20 0 4 20 1.0
4 23 0 4 23 1.0
4 24 0 4 24 1.0
4 25 0 4 25 1.0
4 26 0 4 26 1.0
4 27 0 4 27 1.0
4 29 0 4 29 1.0
4 30 0 4 30 1.0
4 31 5 4 29 0.765625
4 31 9 4 26 0.234375
4 32 10 4 54 1.0
4 33 9 4 26 1.0
4 37 9 4 26 1.0
4 40 5 4 78 1.0
4 41 6 4 73 1.0
4 42 3 4 79 1.0
4 43 0 4 75 1.0
4 44 0 4 75 0.234375
4 44 6 4 73 0.765625
4 45 12 4 23 1.0
4 49 7 4 18 1.0
4 50 7 4 18 1.0
4 51 7 4 18 1.0
4 53 0 4 53 1.0
4 54 0 4 54 1.0
4 56 0 4 56 1.0
4 57 0 4 57 1.0
4 58 0 4 58 1.0
4 59 4 4 29 1.0
4 61 5 4 28 1.0
4 62 6 4 26 1.0
4 63 6 4 26 1.0
4 64 2 4 27 1.0
4 65 6 4 26 1.0
4 66 103 4 18 1.0
4 67 132 4 22 1.0
4 68 124 4 21 1.0
4 69 104 4 18 1.0
4 70 100 4 18 1.0
4 71 44 4 79 0.546875
4 71 106 4 19 0.453125
4 72 124 4 21 1.0
4 73 0 4 73 1.0
4 74 0 4 74 1.0
4 77 0 4 77 1.0
4 78 0 4 78 1.0
4 79 0 4 79 1.0
5 0 10 5 52 1.0
5 1 25 5 22 1.0
5 2 20 5 58 1.0
5 3 17 5 54 0.546875
5 3 24 5 21 0.453125
5 4 10 5 52 0.34375
5 4 22 5 19 0.65625
5 6 34 5 55 0.25
5 6 65 5 29 0.109375
5 6 77 5 53 0.109375
5 6 110 5 26 0.21875
5 6 122 5 54 0.3125
5 7 24 5 25 0.625
5 7 91 5 28 0.375
5 9 87 5 52 0.21875
5 9 104 5 28 0.78125
5 10 99 5 28 1.0
5 14 16 5 75 1.0
5 15 60 5 28 1.0
5 16 31 5 30 1.0
5 18 0 5 18 1.0
5 19 0 5 19 1.0
5 20 0 5 20 1.0
5 23 0 5 23 1.0
5 24 0 5 24 1.0
5 25 0 5 25 1.0
5 26 0 5 26 1.0
5 27 0 5 27 1.0
5 29 0 5 29 1.0
5 30 0 5 30 1.0
5 31 5 5 29 0.328125
5 31 8 5 28 0.671875
5 32 10 5 54 1.0
5 38 0 5 75 1.0
5 41 4 5 77 0.96875
5 41 6 5 73 0.03125
5 42 4 5 77 0.453125
5 42 6 5 73 0.546875
5 43 0 5 75 1.0
5 44 5 5 78 1.0
5 45 8 5 19 1.0
5 53 0 5 53 1.0
5 54 0 5 54 1.0
5 56 0 5 56 1.0
5 57 0 5 57 1.0
5 63 1 5 25 1.0
5 64 2 5 27 1.0
5 65 1 5 25 1.0
5 66 131 5 22 1.0
5 67 131 5 22 1.0
5 68 128 5 22 1.0
5 69 136 5 23 1.0
5 70 109 5 19 1.0
5 71 17 5 76 1.0
5 72 130 5 22 1.0
5 73 0 5 73 1.0
5 74 0 5 74 1.0
5 77 0 5 77 1.0
5 78 0 5 78 1.0
5 79 0 5 79 1.0
6 0 45 6 65 0.140625
6 0 56 6 31 0.765625
6 0 72 6 32 0.09375
6 1 7 6 60 1.0
6 2 56 6 31 1.0
6 3 25 6 62 0.046875
6 3 72 6 32 0.09375
6 3 137 6 37 0.859375
6 4 69 6 32 1.0
6 5 18 6 61 0.0625
6 5 19 6 61 0.515625
6 5 69 6 32 0.125
6 5 125 6 36 0.296875
6 7 2 6 60 0.546875
6 7 6 6 64 0.453125
6 9 18 6 15 1.0
6 10 15 6 12 1.0
6 14 0 6 14 1.0
6 15 0 6 15 1.0
6 19 75 6 69 1.0
6 20 56 6 67 0.734375
6 20 66 6 68 0.265625
6 22 94 6 72 1.0
6 23 69 6 68 1.0
6 24 6 6 65 0.8125
6 24 8 6 32 0.1875
6 25 4 6 63 1.0
6 26 1 6 60 1.0
6 27 8 6 32 1.0
6 28 8 6 32 1.0
6 29 4 6 63 1.0
6 30 5 6 64 1.0
6 31 0 6 31 1.0
6 32 0 6 32 1.0
6 34 0 6 34 1.0
6 37 0 6 37 1.0
6 39 12 6 72 1.0
6 40 11 6 71 1.0
6 41 12 6 72 1.0
6 42 5 6 17 1.0
6 43 12 6 72 1.0
6 44 8 6 68 1.0
6 45 4 6 70 1.0
6 46 6 6 72 1.0
6 48 4 6 70 1.0
6 50 6 6 72 1.0
6 53 3 6 34 1.0
6 54 2 6 33 1.0
6 55 1 6 32 1.0
6 56 3 6 34 1.0
6 57 1 6 32 1.0
6 58 1 6 32 1.0
6 63 0 6 63 1.0
6 64 0 6 64 1.0
6 65 0 6 65 1.0
6 67 0 6 67 1.0
6 68 0 6 68 1.0
6 69 0 6 69 1.0
6 70 0 6 70 1.0
6 71 0 6 71 1.0
6 72 0 6 72 1.0
6 73 9 6 12 0.359375
6 73 45 6 66 0.640625
6 74 71 6 68 0.5625
6 74 139 6 72 0.4375
6 77 111 6 70 0.484375
6 77 135 6 72 0.515625
6 78 99 6 70 1.0
6 79 111 6 70 1.0
7 0 126 7 36 1.0
7 1 47 7 65 1.0
7 2 27 7 62 1.0
7 3 82 7 33 1.0
7 4 96 7 34 1.0
7 5 124 7 36 1.0
7 6 0 7 16 0.46875
7 6 17 7 14 0.53125
7 8 15 7 12 1.0
7 9 5 7 63 1.0
7 10 16 7 13 1.0
7 11 1 7 59 1.0
7 14 0 7 14 1.0
7 15 0 7 15 1.0
7 16 0 7 16 1.0
7 17 0 7 17 1.0
7 19 69 7 68 1.0
7 20 10 7 32 1.0
7 21 84 7 71 1.0
7 22 88 7 71 1.0
7 23 7 7 32 1.0
7 24 6 7 65 1.0
7 25 5 7 64 1.0
7 26 5 7 64 1.0
7 27 0 7 59 1.0
7 29 13 7 37 1.0
7 30 8 7 32 1.0
7 31 0 7 31 1.0
7 32 0 7 32 1.0
7 33 0 7 33 1.0
7 35 0 7 35 1.0
7 37 0 7 37 1.0
7 40 11 7 71 1.0
7 41 7 7 67 1.0
7 42 8 7 68 1.0
7 44 10 7 70 1.0
7 45 2 7 68 1.0
7 47 4 7 70 1.0
7 50 4 7 70 1.0
7 51 2 7 68 1.0
7 53 6 7 37 1.0
7 54 6 7 37 1.0
7 55 0 7 31 1.0
7 56 6 7 37 1.0
7 57 6 7 37 1.0
7 58 4 7 35 1.0
7 60 0 7 60 1.0
7 61 0 7 61 1.0
7 62 0 7 62 1.0
7 63 0 7 63 1.0
7 64 0 7 64 1.0
7 65 0 7 65 1.0
7 66 0 7 66 1.0
7 67 0 7 67 1.0
7 68 0 7 68 1.0
7 69 0 7 69 1.0
7 70 0 7 70 1.0
7 71 0 7 71 1.0
7 72 0 7 72 1.0
7 73 37 7 17 0.671875
7 73 71 7 68 0.328125
7 74 22 7 14 1.0
7 75 14 7 13 1.0
7 76 15 7 13 1.0
7 77 7 7 12 1.0
7 78 5 7 16 1.0
7 79 17 7 13 1.0
8 1 12 8 60 1.0
8 2 13 8 60 1.0
8 3 11 8 60 1.0
8 4 36 8 64 1.0
8 5 11 8 60 1.0
8 7 16 8 13 1.0
8 10 19 8 17 1.0
8 11 0 8 16 1.0
8 12 0 8 12 1.0
8 13 0 8 13 1.0
8 14 0 8 14 1.0
8 15 0 8 15 1.0
8 17 0 8 17 1.0
8 19 97 8 72 1.0
8 20 97 8 72 1.0
8 22 53 8 66 1.0
8 23 96 8 72 1.0
8 24 1 8 60 1.0
8 25 1 8 60 1.0
8 26 3 8 62 1.0
8 27 0 8 59 1.0
8 28 1 8 60 1.0
8 29 1 8 60 1.0
8 31 0 8 31 1.0
8 32 0 8 32 1.0
8 33 0 8 33 1.0
8 34 0 8 34 1.0
8 35 0 8 35 1.0
8 38 1 8 12 1.0
8 39 0 8 16 1.0
8 40 7 8 67 1.0
8 41 3 8 14 1.0
8 44 2 8 13 1.0
8 45 6 8 72 1.0
8 46 6 8 72 1.0
8 48 6 8 72 1.0
8 50 3 8 69 1.0
8 51 3 8 69 1.0
8 52 5 8 36 1.0
8 53 2 8 33 1.0
8 54 2 8 33 1.0
8 55 1 8 32 1.0
8 56 2 8 33 1.0
8 57 2 8 33 1.0
8 58 1 8 32 1.0
8 59 0 8 59 1.0
8 61 0 8 61 1.0
8 62 0 8 62 1.0
8 63 0 8 63 1.0
8 64 0 8 64 1.0
8 65 0 8 65 1.0
8 66 0 8 66 1.0
8 67 0 8 67 1.0
8 68 0 8 68 1.0
8 69 0 8 69 1.0
8 70 0 8 70 1.0
8 71 0 8 71 1.0
8 73 2 8 16 1.0
8 74 2 8 16 1.0
8 75 19 8 13 1.0
8 77 16 8 13 1.0
8 78 8 8 12 1.0
8 79 38 8 17 1.0
9 0 8 9 60 0.078125
9 0 139 9 37 0.921875
9 1 8 9 60 1.0
9 2 47 9 65 1.0
9 3 114 9 35 1.0
9 4 80 9 33 1.0
9 5 25 9 62 0.15625
9 5 40 9 64 0.84375
9 6 18 9 15 1.0
9 7 7 9 65 1.0
9 10 3 9 61 0.578125
9 10 7 9 65 0.421875
9 14 0 9 14 1.0
9 15 0 9 15 1.0
9 18 54 9 66 1.0
9 19 49 9 66 0.328125
9 19 63 9 68 0.671875
9 20 7 9 32 1.0
9 21 54 9 66 1.0
9 22 54 9 66 1.0
9 23 68 9 68 1.0
9 24 5 9 64 1.0
9 25 5 9 64 1.0
9 26 2 9 61 1.0
9 27 2 9 61 1.0
9 28 0 9 59 1.0
9 29 0 9 59 1.0
9 30 2 9 61 0.703125
9 30 5 9 64 0.296875
9 31 0 9 31 1.0
9 32 0 9 32 1.0
9 34 0 9 34 1.0
9 38 2 9 13 1.0
9 39 2 9 13 1.0
9 40 5 9 17 1.0
9 41 7 9 67 1.0
9 42 12 9 72 1.0
9 43 2 9 13 1.0
9 44 12 9 72 1.0
9 45 2 9 68 1.0
9 46 0 9 66 1.0
9 47 5 9 71 1.0
9 48 0 9 66 1.0
9 50 0 9 66 1.0
9 51 6 9 72 1.0
9 52 4 9 35 1.0
9 53 1 9 32 1.0
9 54 3 9 34 1.0
9 55 6 9 37 1.0
9 56 3 9 34 1.0
9 57 3 9 34 1.0
9 58 4 9 35 1.0
9 62 0 9 62 1.0
9 63 0 9 63 1.0
9 64 0 9 64 1.0
9 65 0 9 65 1.0
9 67 0 9 67 1.0
9 68 0 9 68 1.0
9 69 0 9 69 1.0
9 70 0 9 70 1.0
9 71 0 9 71 1.0
9 72 0 9 72 1.0
9 73 66 9 67 1.0
9 74 39 9 17 0.0625
9 74 127 9 72 0.9375
9 77 35 9 17 1.0
9 78 19 9 13 1.0
9 79 2 9 16 1.0
10 0 10 10 60 0.40625
10 0 18 10 61 0.59375
10 1 9 10 60 1.0
10 2 6 10 59 1.0
10 3 26 10 62 1.0
10 4 5 10 59 1.0
10 5 8 10 60 1.0
10 6 19 10 17 1.0
10 7 19 10 17 1.0
10 8 1 10 59 1.0
10 9 0 10 16 0.3125
10 9 6 10 64 0.6875
10 11 1 10 59 1.0
10 12 0 10 12 1.0
10 13 0 10 13 1.0
10 14 0 10 14 1.0
10 15 0 10 15 1.0
10 16 0 10 16 1.0
10 17 0 10 17 1.0
10 19 27 10 34 1.0
10 20 27 10 34 1.0
10 21 81 10 70 1.0
10 22 48 10 37 1.0
10 23 55 10 66 1.0
10 24 5 10 64 1.0
10 25 5 10 64 1.0
10 26 2 10 61 1.0
10 27 0 10 59 1.0
10 28 0 10 59 1.0
10 29 0 10 59 1.0
10 30 5 10 64 1.0
10 31 0 10 31 1.0
10 32 0 10 32 1.0
10 33 0 10 33 1.0
10 34 0 10 34 1.0
10 35 0 10 35 1.0
10 38 0 10 16 1.0
10 39 12 10 72 1.0
10 40 1 10 12 1.0
10 41 2 10 13 1.0
10 42 8 10 68 1.0
10 43 2 10 13 1.0
10 44 7 10 67 1.0
10 45 1 10 67 1.0
10 46 0 10 66 1.0
10 47 5 10 71 1.0
10 48 4 10 70 1.0
10 50 5 10 71 1.0
10 51 1 10 67 1.0
10 52 6 10 37 1.0
10 53 1 10 32 1.0
10 54 6 10 37 1.0
10 55 0 10 31 1.0
10 56 2 10 33 1.0
10 57 2 10 33 1.0
10 58 4 10 35 1.0
10 60 0 10 60 1.0
10 62 0 10 62 1.0
10 63 0 10 63 1.0
10 64 0 10 64 1.0
10 65 0 10 65 1.0
10 66 0 10 66 1.0
10 67 0 10 67 1.0
10 68 0 10 68 1.0
10 69 0 10 69 1.0
10 70 0 10 70 1.0
10 71 0 10 71 1.0
10 72 0 10 72 1.0
10 73 30 10 15 1.0
10 74 4 10 16 1.0
10 77 40 10 17 1.0
10 78 40 10 17 1.0
10 79 0 10 16 1.0
11 1 14 11 61 1.0
11 2 19 11 61 1.0
11 8 19 11 17 1.0
11 10 19 11 17 1.0
11 12 0 11 12 1.0
11 13 0 11 13 1.0
11 14 0 11 14 1.0
11 15 0 11 15 1.0
11 16 0 11 16 1.0
11 18 96 11 72 1.0
11 19 97 11 72 1.0
11 21 96 11 72 1.0
11 25 2 11 61 1.0
11 26 1 11 60 1.0
11 27 2 11 61 1.0
11 28 2 11 61 1.0
11 29 0 11 59 1.0
11 31 0 11 31 1.0
11 32 0 11 32 1.0
11 33 0 11 33 1.0
11 34 0 11 34 1.0
11 35 0 11 35 1.0
11 36 0 11 36 1.0
11 37 0 11 37 1.0
11 38 5 11 17 1.0
11 39 5 11 17 1.0
11 40 6 11 66 1.0
11 41 6 11 66 1.0
11 42 5 11 17 1.0
11 43 5 11 17 1.0
11 47 6 11 72 1.0
11 48 6 11 72 1.0
11 49 6 11 72 1.0
11 50 0 11 66 1.0
11 51 2 11 68 1.0
11 52 0 11 31 1.0
11 53 1 11 32 1.0
11 54 3 11 34 1.0
11 55 3 11 34 1.0
11 56 5 11 36 1.0
11 57 1 11 32 1.0
11 58 2 11 33 1.0
11 59 0 11 59 1.0
11 60 0 11 60 1.0
11 61 0 11 61 1.0
11 62 0 11 62 1.0
11 63 0 11 63 1.0
11 64 0 11 64 1.0
11 65 0 11 65 1.0
11 66 0 11 66 1.0
11 67 0 11 67 1.0
11 68 0 11 68 1.0
11 69 0 11 69 1.0
11 70 0 11 70 1.0
11 71 0 11 71 1.0
11 74 37 11 17 1.0
11 75 40 11 17 1.0
11 77 40 11 17 1.0
11 78 19 11 13 1.0
11 79 39 11 17 1.0
12 0 10 12 60 1.0
12 1 49 12 38 1.0
12 2 49 12 38 1.0
12 3 53 12 38 1.0
12 5 4 12 59 1.0
12 6 0 12 6 1.0
12 7 0 12 7 1.0
12 8 0 12 8 1.0
12 9 0 12 9 1.0
12 10 0 12 10 1.0
12 11 0 12 11 1.0
12 13 17 12 9 1.0
12 14 15 12 7 1.0
12 15 15 12 7 1.0
12 16 12 12 43 1.0
12 17 19 12 11 1.0
12 18 131 12 70 1.0
12 19 132 12 70 1.0
12 20 132 12 70 1.0
12 21 6 12 38 1.0
12 22 131 12 70 1.0
12 25 6 12 65 1.0
12 26 4 12 63 1.0
12 27 6 12 65 1.0
12 28 2 12 61 1.0
12 29 0 12 59 1.0
12 30 1 12 60 1.0
12 32 8 12 7 1.0
12 33 10 12 9 1.0
12 34 8 12 7 1.0
12 35 10 12 9 1.0
12 36 11 12 10 1.0
12 37 9 12 8 1.0
12 39 0 12 39 1.0
12 40 0 12 40 1.0
12 41 0 12 41 1.0
12 42 0 12 42 1.0
12 43 0 12 43 1.0
12 44 0 12 44 1.0
12 45 1 12 39 1.0
12 46 0 12 38 1.0
12 47 12 12 71 1.0
12 49 11 12 70 1.0
12 50 12 12 71 1.0
12 51 8 12 67 1.0
12 52 99 12 6 1.0
12 53 105 12 7 1.0
12 54 124 12 9 1.0
12 55 100 12 6 1.0
12 56 126 12 10 1.0
12 57 111 12 7 1.0
12 58 124 12 9 1.0
12 59 0 12 59 1.0
12 60 0 12 60 1.0
12 61 0 12 61 1.0
12 62 0 12 62 1.0
12 63 0 12 63 1.0
12 64 0 12 64 1.0
12 65 0 12 65 1.0
12 66 0 12 66 1.0
12 67 0 12 67 1.0
12 68 0 12 68 1.0
12 69 0 12 69 1.0
12 70 0 12 70 1.0
12 71 0 12 71 1.0
12 72 0 12 72 1.0
12 73 5 12 43 1.0
12 74 0 12 38 1.0
12 75 0 12 38 1.0
12 76 1 12 39 1.0
12 77 2 12 40 1.0
12 78 2 12 40 1.0
12 79 2 12 40 1.0
13 1 32 13 63 1.0
13 2 9 13 60 1.0
13 8 0 13 8 1.0
13 10 0 13 10 1.0
13 11 0 13 11 1.0
13 12 23 13 69 1.0
13 14 23 13 69 1.0
13 15 23 13 69 1.0
13 16 12 13 43 1.0
13 18 124 13 69 1.0
13 19 125 13 69 1.0
13 20 125 13 69 1.0
13 21 48 13 41 1.0
13 25 1 13 60 1.0
13 26 4 13 63 1.0
13 27 1 13 60 1.0
13 29 1 13 60 1.0
13 32 7 13 6 1.0
13 35 8 13 7 1.0
13 37 8 13 7 1.0
13 38 0 13 38 1.0
13 39 0 13 39 1.0
13 40 0 13 40 1.0
13 41 0 13 41 1.0
13 42 0 13 42 1.0
13 49 10 13 69 1.0
13 50 10 13 69 1.0
13 51 10 13 69 1.0
13 52 99 13 6 1.0
13 53 99 13 6 1.0
13 54 98 13 6 1.0
13 55 108 13 7 1.0
13 56 106 13 7 1.0
13 57 99 13 6 1.0
13 58 99 13 6 1.0
13 59 0 13 59 1.0
13 64 0 13 64 1.0
13 65 0 13 65 1.0
13 66 0 13 66 1.0
13 67 0 13 67 1.0
13 68 0 13 68 1.0
13 70 0 13 70 1.0
13 72 0 13 72 1.0
13 75 6 13 44 1.0
13 77 5 13 43 1.0
13 78 5 13 43 1.0
14 0 5 14 59 1.0
14 1 92 14 44 1.0
14 2 77 14 42 1.0
14 3 4 14 59 1.0
14 4 21 14 62 1.0
14 5 47 14 65 1.0
14 6 0 14 6 1.0
14 7 0 14 7 1.0
14 8 0 14 8 1.0
14 9 0 14 9 1.0
14 10 0 14 10 1.0
14 11 0 14 11 1.0
14 12 24 14 70 1.0
14 13 24 14 70 1.0
14 15 21 14 67 1.0
14 16 25 14 71 1.0
14 17 14 14 6 1.0
14 18 133 14 71 1.0
14 19 143 14 72 1.0
14 20 128 14 70 1.0
14 21 134 14 71 1.0
14 22 137 14 71 1.0
14 23 101 14 66 1.0
14 24 6 14 65 1.0
14 25 1 14 60 1.0
14 26 5 14 64 1.0
14 27 3 14 62 1.0
14 28 4 14 63 1.0
14 29 4 14 63 1.0
14 30 1 14 60 1.0
14 31 3 14 62 1.0
14 32 11 14 10 1.0
14 33 9 14 8 1.0
14 34 1 14 60 1.0
14 35 5 14 64 1.0
14 36 6 14 65 1.0
14 37 8 14 7 1.0
14 38 0 14 38 1.0
14 39 0 14 39 1.0
14 40 0 14 40 1.0
14 41 0 14 41 1.0
14 42 0 14 42 1.0
14 43 0 14 43 1.0
14 44 0 14 44 1.0
14 45 9 14 68 1.0
14 46 3 14 41 1.0
14 47 3 14 41 1.0
14 48 3 14 41 1.0
14 49 8 14 67 1.0
14 50 2 14 40 1.0
14 51 8 14 67 1.0
14 52 107 14 7 1.0
14 53 131 14 10 1.0
14 54 117 14 8 1.0
14 55 132 14 10 1.0
14 56 99 14 6 1.0
14 57 99 14 6 1.0
14 58 128 14 10 1.0
14 59 0 14 59 1.0
14 60 0 14 60 1.0
14 61 0 14 61 1.0
14 62 0 14 62 1.0
14 63 0 14 63 1.0
14 64 0 14 64 1.0
14 65 0 14 65 1.0
14 66 0 14 66 1.0
14 67 0 14 67 1.0
14 68 0 14 68 1.0
14 69 0 14 69 1.0
14 70 0 14 70 1.0
14 71 0 14 71 1.0
14 72 0 14 72 1.0
14 73 2 14 40 1.0
14 74 2 14 40 1.0
14 75 2 14 40 1.0
14 76 2 14 40 1.0
14 77 1 14 39 1.0
14 78 2 14 40 1.0
14 79 2 14 40 1.0
15 0 33 15 63 1.0
15 1 78 15 42 1.0
15 2 18 15 61 1.0
15 3 57 15 39 1.0
15 4 0 15 59 1.0
15 5 25 15 62 1.0
15 6 0 15 6 1.0
15 7 0 15 7 1.0
15 8 0 15 8 1.0
15 9 0 15 9 1.0
15 10 0 15 10 1.0
15 11 0 15 11 1.0
15 12 24 15 70 1.0
15 13 24 15 70 1.0
15 14 21 15 67 1.0
15 16 26 15 72 1.0
15 17 17 15 9 1.0
15 18 126 15 70 1.0
15 19 101 15 66 1.0
15 20 142 15 72 1.0
15 21 130 15 70 1.0
15 22 116 15 68 1.0
15 23 141 15 72 1.0
15 24 0 15 59 1.0
15 25 5 15 64 1.0
15 26 0 15 59 1.0
15 27 5 15 64 1.0
15 28 4 15 63 1.0
15 29 4 15 63 1.0
15 30 6 15 65 1.0
15 31 3 15 62 1.0
15 32 11 15 10 1.0
15 33 9 15 8 1.0
15 34 2 15 61 1.0
15 35 2 15 61 1.0
15 36 2 15 61 1.0
15 37 8 15 7 1.0
15 38 0 15 38 1.0
15 39 0 15 39 1.0
15 40 0 15 40 1.0
15 41 0 15 41 1.0
15 42 0 15 42 1.0
15 43 0 15 43 1.0
15 44 0 15 44 1.0
15 45 13 15 72 1.0
15 46 11 15 70 1.0
15 47 10 15 69 1.0
15 48 3 15 41 1.0
15 49 7 15 66 1.0
15 50 10 15 69 1.0
15 51 3 15 41 1.0
15 52 135 15 11 1.0
15 53 138 15 11 1.0
15 54 99 15 6 1.0
15 55 131 15 10 1.0
15 56 136 15 11 1.0
15 57 110 15 7 1.0
15 58 130 15 10 1.0
15 59 0 15 59 1.0
15 60 0 15 60 1.0
15 61 0 15 61 1.0
15 62 0 15 62 1.0
15 63 0 15 63 1.0
15 64 0 15 64 1.0
15 65 0 15 65 1.0
15 66 0 15 66 1.0
15 67 0 15 67 1.0
15 68 0 15 68 1.0
15 69 0 15 69 1.0
15 70 0 15 70 1.0
15 71 0 15 71 1.0
15 72 0 15 72 1.0
15 73 2 15 40 1.0
15 74 2 15 40 1.0
15 75 3 15 41 1.0
15 76 3 15 41 1.0
15 77 5 15 43 1.0
15 78 5 15 43 1.0
15 79 1 15 39 1.0
16 0 10 16 60 1.0
16 1 53 16 38 1.0
16 2 49 16 38 1.0
16 3 53 16 38 1.0
16 4 36 16 64 1.0
16 5 11 16 60 1.0
16 6 0 16 6 1.0
16 7 0 16 7 1.0
16 8 0 16 8 1.0
16 9 0 16 9 1.0
16 10 0 16 10 1.0
16 11 0 16 11 1.0
16 12 14 16 6 1.0
16 14 17 16 9 1.0
16 15 17 16 9 1.0
16 18 131 16 70 1.0
16 19 126 16 70 1.0
16 20 132 16 70 1.0
16 23 131 16 70 1.0
16 25 1 16 60 1.0
16 26 3 16 62 1.0
16 27 4 16 63 1.0
16 28 0 16 59 1.0
16 30 1 16 60 1.0
16 34 8 16 7 1.0
16 35 7 16 6 1.0
16 36 9 16 8 1.0
16 37 9 16 8 1.0
16 39 0 16 39 1.0
16 40 0 16 40 1.0
16 41 0 16 41 1.0
16 42 0 16 42 1.0
16 43 0 16 43 1.0
16 45 11 16 70 1.0
16 46 11 16 70 1.0
16 47 11 16 70 1.0
16 48 11 16 70 1.0
16 49 11 16 70 1.0
16 50 5 16 43 1.0
16 51 8 16 67 1.0
16 52 99 16 6 1.0
16 53 130 16 10 1.0
16 54 102 16 6 1.0
16 55 110 16 7 1.0
16 56 139 16 11 1.0
16 57 122 16 9 1.0
16 58 121 16 9 1.0
16 61 0 16 61 1.0
16 62 0 16 62 1.0
16 63 0 16 63 1.0
16 64 0 16 64 1.0
16 65 0 16 65 1.0
16 66 0 16 66 1.0
16 67 0 16 67 1.0
16 68 0 16 68 1.0
16 69 0 16 69 1.0
16 71 0 16 71 1.0
16 72 0 16 72 1.0
16 76 1 16 39 1.0
16 77 3 16 41 1.0
16 78 2 16 40 1.0
16 79 2 16 40 1.0
17 1 57 17 39 1.0
17 2 89 17 43 1.0
17 6 0 17 6 1.0
17 7 0 17 7 1.0
17 8 0 17 8 1.0
17 11 0 17 11 1.0
17 12 26 17 72 1.0
17 13 18 17 10 1.0
17 14 24 17 70 1.0
17 15 24 17 70 1.0
17 20 146 17 72 1.0
17 21 48 17 41 1.0
17 22 145 17 72 1.0
17 24 1 17 60 1.0
17 25 1 17 60 1.0
17 26 3 17 62 1.0
17 27 4 17 63 1.0
17 28 1 17 60 1.0
17 29 1 17 60 1.0
17 32 7 17 6 1.0
17 33 11 17 10 1.0
17 34 11 17 10 1.0
17 36 11 17 10 1.0
17 37 11 17 10 1.0
17 38 0 17 38 1.0
17 39 0 17 39 1.0
17 40 0 17 40 1.0
17 41 0 17 41 1.0
17 42 0 17 42 1.0
17 46 11 17 70 1.0
17 47 13 17 72 1.0
17 48 13 17 72 1.0
17 49 13 17 72 1.0
17 50 12 17 71 1.0
17 51 7 17 66 1.0
17 52 127 17 10 1.0
17 53 110 17 7 1.0
17 54 122 17 9 1.0
17 55 122 17 9 1.0
17 56 109 17 7 1.0
17 57 139 17 11 1.0
17 58 128 17 10 1.0
17 59 0 17 59 1.0
17 61 0 17 61 1.0
17 62 0 17 62 1.0
17 63 0 17 63 1.0
17 64 0 17 64 1.0
17 65 0 17 65 1.0
17 66 0 17 66 1.0
17 67 0 17 67 1.0
17 68 0 17 68 1.0
17 69 0 17 69 1.0
17 73 5 17 43 1.0
17 75 5 17 43 1.0
17 77 2 17 40 1.0
17 78 3 17 41 1.0
17 79 2 17 40 1.0
18 1 0 18 1 1.0
18 2 0 18 2 1.0
18 3 0 18 3 1.0
18 4 0 18 4 1.0
18 6 89 18 50 1.0
18 8 96 18 51 1.0
18 9 96 18 51 1.0
18 10 96 18 51 1.0
18 11 96 18 51 1.0
18 12 45 18 73 1.0
18 13 145 18 51 1.0
18 14 45 18 73 1.0
18 15 9 18 76 1.0
18 19 3 18 76 1.0
18 25 12 18 5 1.0
18 26 0 18 55 1.0
18 27 9 18 2 1.0
18 28 1 18 0 1.0
18 29 1 18 0 1.0
18 30 12 18 5 1.0
18 32 2 18 52 1.0
18 33 3 18 54 1.0
18 34 2 18 52 1.0
18 35 2 18 52 1.0
18 36 2 18 52 1.0
18 37 2 18 52 1.0
18 38 1 18 76 1.0
18 39 1 18 76 1.0
18 40 7 18 45 1.0
18 41 7 18 45 1.0
18 44 6 18 73 1.0
18 45 0 18 45 1.0
18 46 0 18 46 1.0
18 49 0 18 49 1.0
18 50 0 18 50 1.0
18 51 0 18 51 1.0
18 52 0 18 52 1.0
18 53 0 18 53 1.0
18 54 0 18 54 1.0
18 55 0 18 55 1.0
18 56 0 18 56 1.0
18 57 0 18 57 1.0
18 58 0 18 58 1.0
18 61 136 18 5 1.0
18 62 20 18 0 1.0
18 63 124 18 3 1.0
18 64 125 18 3 1.0
18 65 139 18 5 1.0
18 66 6 18 51 1.0
18 67 5 18 50 1.0
18 68 5 18 50 1.0
18 69 6 18 51 1.0
18 71 6 18 51 1.0
18 74 0 18 74 1.0
18 77 0 18 77 1.0
18 78 0 18 78 1.0
18 79 0 18 79 1.0
19 0 0 19 0 1.0
19 1 0 19 1 1.0
19 2 0 19 2 1.0
19 3 0 19 3 1.0
19 4 0 19 4 1.0
19 5 0 19 5 1.0
19 6 55 19 45 1.0
19 7 93 19 51 1.0
19 9 52 19 45 1.0
19 10 44 19 58 1.0
19 12 48 19 73 1.0
19 13 145 19 51 1.0
19 14 7 19 76 1.0
19 15 8 19 76 1.0
19 17 48 19 73 1.0
19 20 2 19 75 0.0625
19 20 5 19 74 0.296875
19 20 7 19 79 0.640625
19 21 10 19 73 1.0
19 22 2 19 75 1.0
19 23 8 19 77 1.0
19 24 12 19 5 1.0
19 25 9 19 2 1.0
19 26 9 19 2 1.0
19 27 1 19 0 1.0
19 29 1 19 0 1.0
19 30 1 19 0 1.0
19 31 1 19 53 1.0
19 32 4 19 56 1.0
19 34 2 19 52 1.0
19 40 6 19 73 1.0
19 41 3 19 79 1.0
19 42 12 19 50 1.0
19 43 0 19 75 1.0
19 44 5 19 78 1.0
19 45 0 19 45 1.0
19 46 0 19 46 1.0
19 47 0 19 47 1.0
19 48 0 19 48 1.0
19 49 0 19 49 1.0
19 50 0 19 50 1.0
19 51 0 19 51 1.0
19 53 0 19 53 1.0
19 54 0 19 54 1.0
19 55 0 19 55 1.0
19 56 0 19 56 1.0
19 57 0 19 57 1.0
19 58 0 19 58 1.0
19 59 136 19 5 1.0
19 60 110 19 1 1.0
19 61 108 19 1 1.0
19 62 136 19 5 1.0
19 63 108 19 1 1.0
19 64 109 19 1 1.0
19 65 14 19 0 1.0
19 66 3 19 48 1.0
19 67 6 19 51 1.0
19 68 5 19 50 1.0
19 69 6 19 51 1.0
19 70 5 19 50 1.0
19 71 0 19 45 1.0
19 72 2 19 47 1.0
19 73 0 19 73 1.0
19 74 0 19 74 1.0
19 77 0 19 77 1.0
19 78 0 19 78 1.0
19 79 0 19 79 1.0
20 0 0 20 0 1.0
20 1 0 20 1 1.0
20 2 0 20 2 1.0
20 3 0 20 3 1.0
20 4 0 20 4 1.0
20 5 0 20 5 1.0
20 6 97 20 51 1.0
20 7 10 20 53 1.0
20 9 50 20 45 1.0
20 10 40 20 57 1.0
20 13 145 20 51 1.0
20 14 12 20 76 1.0
20 15 12 20 76 1.0
20 18 2 20 75 1.0
20 19 7 20 79 0.421875
20 19 10 20 73 0.578125
20 23 8 20 77 1.0
20 24 8 20 1 1.0
20 25 9 20 2 1.0
20 26 3 20 52 1.0
20 27 1 20 0 1.0
20 28 1 20 0 1.0
20 29 7 20 58 1.0
20 30 9 20 2 1.0
20 31 1 20 53 1.0
20 32 1 20 53 1.0
20 35 2 20 52 1.0
20 36 2 20 52 1.0
20 37 2 20 52 1.0
20 38 1 20 76 1.0
20 39 1 20 76 1.0
20 40 0 20 75 1.0
20 41 3 20 79 1.0
20 42 5 20 78 1.0
20 43 0 20 75 1.0
20 44 2 20 74 1.0
20 45 0 20 45 1.0
20 46 0 20 46 1.0
20 47 0 20 47 1.0
20 48 0 20 48 1.0
20 50 0 20 50 1.0
20 51 0 20 51 1.0
20 52 0 20 52 1.0
20 53 0 20 53 1.0
20 54 0 20 54 1.0
20 55 0 20 55 1.0
20 56 0 20 56 1.0
20 57 0 20 57 1.0
20 58 0 20 58 1.0
20 61 108 20 1 1.0
20 62 108 20 1 1.0
20 63 1 20 55 1.0
20 64 117 20 2 1.0
20 65 108 20 1 1.0
20 66 4 20 49 1.0
20 67 6 20 51 1.0
20 68 6 20 51 1.0
20 69 1 20 46 1.0
20 70 5 20 50 1.0
20 71 0 20 45 1.0
20 72 1 20 46 1.0
20 73 0 20 73 1.0
20 74 0 20 74 1.0
20 77 0 20 77 1.0
20 78 0 20 78 1.0
20 79 0 20 79 1.0
21 0 0 21 0 1.0
21 1 0 21 1 1.0
21 2 0 21 2 1.0
21 4 0 21 4 1.0
21 5 0 21 5 1.0
21 6 89 21 50 1.0
21 7 96 21 51 1.0
21 8 96 21 51 1.0
21 9 96 21 51 1.0
21 10 96 21 51 1.0
21 11 96 21 51 1.0
21 13 145 21 51 1.0
21 14 8 21 76 1.0
21 15 18 21 74 1.0
21 16 12 21 76 1.0
21 17 145 21 51 1.0
21 18 17 21 3 1.0
21 19 17 21 3 1.0
21 20 17 21 3 1.0
21 22 17 21 3 1.0
21 24 10 21 3 1.0
21 25 10 21 3 1.0
21 26 0 21 55 1.0
21 27 9 21 2 1.0
21 28 10 21 3 1.0
21 29 10 21 3 1.0
21 31 2 21 52 1.0
21 32 2 21 52 1.0
21 33 2 21 52 1.0
21 34 2 21 52 1.0
21 35 2 21 52 1.0
21 36 2 21 52 1.0
21 37 2 21 52 1.0
21 39 1 21 76 1.0
21 40 6 21 73 1.0
21 41 6 21 73 1.0
21 42 2 21 74 1.0
21 43 0 21 75 1.0
21 45 0 21 45 1.0
21 47 0 21 47 1.0
21 48 0 21 48 1.0
21 49 0 21 49 1.0
21 50 0 21 50 1.0
21 51 0 21 51 1.0
21 53 0 21 53 1.0
21 54 0 21 54 1.0
21 55 0 21 55 1.0
21 56 0 21 56 1.0
21 57 0 21 57 1.0
21 58 0 21 58 1.0
21 60 123 21 3 1.0
21 62 125 21 3 1.0
21 63 114 21 2 1.0
21 64 137 21 5 1.0
21 65 19 21 0 1.0
21 66 1 21 46 1.0
21 67 6 21 51 1.0
21 68 5 21 50 1.0
21 69 5 21 50 1.0
21 70 3 21 48 1.0
21 71 6 21 51 1.0
21 72 1 21 46 1.0
21 73 0 21 73 1.0
21 77 0 21 77 1.0
21 78 0 21 78 1.0
21 79 0 21 79 1.0
22 0 0 22 0 1.0
22 1 0 22 1 1.0
22 2 0 22 2 1.0
22 8 96 22 51 1.0
22 9 96 22 51 1.0
22 10 96 22 51 1.0
22 11 96 22 51 1.0
22 12 17 22 74 1.0
22 14 12 22 76 1.0
22 15 7 22 76 1.0
22 16 47 22 73 1.0
22 17 145 22 51 1.0
22 19 2 22 75 1.0
22 20 19 22 5 1.0
22 23 2 22 75 1.0
22 25 12 22 5 1.0
22 26 8 22 1 1.0
22 27 12 22 5 1.0
22 28 11 22 4 1.0
22 29 10 22 3 1.0
22 30 12 22 5 1.0
22 33 2 22 52 1.0
22 35 2 22 52 1.0
22 36 2 22 52 1.0
22 38 6 22 73 1.0
22 39 6 22 73 1.0
22 40 0 22 75 1.0
22 41 1 22 76 1.0
22 43 6 22 73 1.0
22 45 0 22 45 1.0
22 46 0 22 46 1.0
22 47 0 22 47 1.0
22 48 0 22 48 1.0
22 50 0 22 50 1.0
22 51 0 22 51 1.0
22 52 0 22 52 1.0
22 53 0 22 53 1.0
22 54 0 22 54 1.0
22 55 0 22 55 1.0
22 56 0 22 56 1.0
22 57 0 22 57 1.0
22 58 0 22 58 1.0
22 60 132 22 4 1.0
22 61 132 22 4 1.0
22 62 132 22 4 1.0
22 63 125 22 3 1.0
22 64 19 22 0 1.0
22 65 137 22 5 1.0
22 66 2 22 47 1.0
22 67 5 22 50 1.0
22 68 5 22 50 1.0
22 69 5 22 50 1.0
22 71 6 22 51 1.0
22 72 4 22 49 1.0
22 74 0 22 74 1.0
22 75 0 22 75 1.0
22 76 0 22 76 1.0
22 77 0 22 77 1.0
22 78 0 22 78 1.0
22 79 0 22 79 1.0
23 0 0 23 0 1.0
23 1 0 23 1 1.0
23 2 0 23 2 1.0
23 3 0 23 3 1.0
23 4 0 23 4 1.0
23 5 0 23 5 1.0
23 6 85 23 50 0.5625
23 6 88 23 50 0.4375
23 7 94 23 51 1.0
23 9 1 23 55 1.0
23 10 93 23 51 1.0
23 14 2 23 75 1.0
23 15 12 23 76 1.0
23 17 145 23 51 1.0
23 18 2 23 75 1.0
23 19 8 23 77 1.0
23 20 9 23 78 1.0
23 22 2 23 75 1.0
23 24 1 23 0 0.3125
23 24 5 23 56 0.3125
23 24 7 23 58 0.1875
23 24 10 23 3 0.1875
23 25 1 23 0 1.0
23 26 9 23 2 1.0
23 27 8 23 1 1.0
23 29 4 23 54 1.0
23 30 10 23 3 1.0
23 31 1 23 53 1.0
23 32 4 23 56 1.0
23 33 2 23 52 1.0
23 34 2 23 52 1.0
23 36 2 23 52 1.0
23 40 0 23 75 1.0
23 41 5 23 78 1.0
23 42 3 23 79 1.0
23 44 6 23 73 1.0
23 45 0 23 45 1.0
23 46 0 23 46 1.0
23 50 0 23 50 1.0
23 51 0 23 51 1.0
23 52 0 23 52 1.0
23 53 0 23 53 1.0
23 54 0 23 54 1.0
23 55 0 23 55 1.0
23 56 0 23 56 1.0
23 57 0 23 57 1.0
23 58 0 23 58 1.0
23 61 14 23 0 1.0
23 62 108 23 1 1.0
23 63 109 23 1 1.0
23 64 119 23 3 1.0
23 65 138 23 5 1.0
23 67 5 23 50 1.0
23 68 5 23 50 1.0
23 69 1 23 46 1.0
23 70 6 23 51 1.0
23 71 0 23 45 0.84375
23 71 6 23 51 0.15625
23 72 1 23 46 1.0
23 73 0 23 73 1.0
23 74 0 23 74 1.0
23 75 0 23 75 1.0
23 77 0 23 77 1.0
23 78 0 23 78 1.0
23 79 0 23 79 1.0
24 0 0 24 0 1.0
24 1 0 24 1 1.0
24 2 0 24 2 1.0
24 3 0 24 3 1.0
24 4 0 24 4 1.0
24 5 0 24 5 1.0
24 6 2 24 61 1.0
24 7 4 24 63 1.0
24 9 4 24 63 1.0
24 10 6 24 65 1.0
24 14 0 24 59 1.0
24 15 3 24 62 1.0
24 18 1 24 0 1.0
24 19 9 24 2 1.0
24 20 9 24 2 1.0
24 23 0 24 55 0.28125
24 23 4 24 54 0.015625
24 23 5 24 56 0.484375
24 23 9 24 2 0.21875
24 25 4 24 54 0.984375
24 25 25 24 36 0.015625
24 26 24 24 35 1.0
24 27 24 24 35 1.0
24 29 22 24 33 1.0
24 30 20 24 31 0.171875
24 30 23 24 34 0.828125
24 31 0 24 31 1.0
24 32 0 24 32 1.0
24 37 0 24 37 1.0
24 39 31 24 4 1.0
24 40 3 24 0 1.0
24 41 25 24 3 1.0
24 42 11 24 1 1.0
24 44 12 24 1 1.0
24 45 82 24 3 1.0
24 50 11 24 0 1.0
24 51 105 24 4 1.0
24 52 0 24 52 1.0
24 53 0 24 53 1.0
24 54 0 24 54 1.0
24 55 0 24 55 1.0
24 56 0 24 56 1.0
24 57 0 24 57 1.0
24 58 0 24 58 1.0
24 63 0 24 63 1.0
24 64 0 24 64 1.0
24 65 0 24 65 1.0
24 66 119 24 36 1.0
24 67 121 24 37 1.0
24 68 118 24 36 1.0
24 69 86 24 31 1.0
24 70 105 24 34 1.0
24 71 15 24 60 0.09375
24 71 50 24 63 0.90625
24 72 30 24 61 1.0
24 73 4 24 4 1.0
24 74 0 24 0 1.0
24 75 0 24 0 1.0
24 76 0 24 0 1.0
24 77 3 24 3 1.0
24 78 5 24 5 1.0
24 79 3 24 3 1.0
25 0 0 25 0 1.0
25 1 0 25 1 1.0
25 2 0 25 2 1.0
25 3 0 25 3 1.0
25 4 0 25 4 1.0
25 5 0 25 5 1.0
25 6 4 25 63 0.25
25 6 6 25 65 0.75
25 7 6 25 65 1.0
25 8 11 25 35 1.0
25 9 4 25 63 0.265625
25 9 5 25 64 0.734375
25 10 6 25 65 1.0
25 11 4 25 63 1.0
25 12 1 25 60 1.0
25 14 5 25 64 1.0
25 15 6 25 65 1.0
25 16 1 25 60 1.0
25 17 0 25 59 1.0
25 18 1 25 0 1.0
25 19 7 25 58 1.0
25 20 9 25 2 1.0
25 21 10 25 3 1.0
25 22 10 25 3 1.0
25 23 1 25 0 1.0
25 24 21 25 32 0.59375
25 24 24 25 35 0.40625
25 26 11 25 4 1.0
25 27 17 25 63 1.0
25 28 20 25 31 1.0
25 29 24 25 35 1.0
25 30 7 25 58 1.0
25 31 0 25 31 1.0
25 32 0 25 32 1.0
25 33 0 25 33 1.0
25 34 0 25 34 1.0
25 35 0 25 35 1.0
25 36 0 25 36 1.0
25 37 0 25 37 1.0
25 38 69 25 63 1.0
25 39 32 25 4 1.0
25 40 31 25 4 1.0
25 41 51 25 60 1.0
25 42 83 25 65 1.0
25 43 68 25 63 1.0
25 44 65 25 62 0.015625
25 44 76 25 64 0.984375
25 45 51 25 58 1.0
25 46 101 25 4 1.0
25 47 105 25 4 1.0
25 48 105 25 4 1.0
25 49 104 25 4 1.0
25 50 105 25 4 1.0
25 51 2 25 55 1.0
25 52 0 25 52 1.0
25 53 0 25 53 1.0
25 54 0 25 54 1.0
25 56 0 25 56 1.0
25 57 0 25 57 1.0
25 58 0 25 58 1.0
25 59 0 25 59 1.0
25 60 0 25 60 1.0
25 61 0 25 61 1.0
25 62 0 25 62 1.0
25 63 0 25 63 1.0
25 64 0 25 64 1.0
25 65 0 25 65 1.0
25 67 109 25 35 1.0
25 68 49 25 63 1.0
25 69 48 25 63 1.0
25 70 78 25 65 1.0
25 71 23 25 60 1.0
25 72 6 25 59 1.0
25 73 5 25 5 1.0
25 74 0 25 0 1.0
25 75 5 25 5 1.0
25 76 5 25 5 1.0
25 77 0 25 0 1.0
25 78 0 25 0 1.0
25 79 4 25 4 1.0
26 0 0 26 0 1.0
26 1 0 26 1 1.0
26 2 0 26 2 1.0
26 3 0 26 3 1.0
26 4 0 26 4 1.0
26 5 0 26 5 1.0
26 6 9 26 33 1.0
26 7 2 26 61 1.0
26 8 4 26 63 1.0
26 9 6 26 65 1.0
26 10 4 26 63 1.0
26 11 6 26 65 1.0
26 12 5 26 64 1.0
26 13 4 26 63 1.0
26 14 6 26 65 1.0
26 15 3 26 62 1.0
26 16 5 26 64 1.0
26 17 5 26 64 1.0
26 18 9 26 2 1.0
26 19 9 26 2 1.0
26 20 11 26 4 1.0
26 21 5 26 56 1.0
26 22 8 26 1 1.0
26 23 2 26 53 1.0
26 24 24 26 35 1.0
26 25 5 26 56 1.0
26 27 5 26 56 1.0
26 28 4 26 54 1.0
26 29 4 26 54 1.0
26 30 24 26 35 1.0
26 31 0 26 31 1.0
26 32 0 26 32 1.0
26 33 0 26 33 1.0
26 34 0 26 34 1.0
26 35 0 26 35 1.0
26 36 0 26 36 1.0
26 37 0 26 37 1.0
26 38 16 26 2 1.0
26 39 73 26 64 1.0
26 40 62 26 62 1.0
26 41 47 26 59 1.0
26 42 42 26 59 1.0
26 43 41 26 5 1.0
26 44 78 26 65 1.0
26 45 105 26 4 1.0
26 46 92 26 3 1.0
26 47 92 26 3 1.0
26 48 117 26 5 1.0
26 49 92 26 3 1.0
26 50 24 26 53 1.0
26 51 33 26 54 1.0
26 52 0 26 52 1.0
26 53 0 26 53 1.0
26 54 0 26 54 1.0
26 55 0 26 55 1.0
26 56 0 26 56 1.0
26 57 0 26 57 1.0
26 58 0 26 58 1.0
26 59 0 26 59 1.0
26 60 0 26 60 1.0
26 61 0 26 61 1.0
26 62 0 26 62 1.0
26 63 0 26 63 1.0
26 64 0 26 64 1.0
26 65 0 26 65 1.0
26 66 110 26 35 1.0
26 67 110 26 35 1.0
26 68 113 26 35 1.0
26 69 97 26 33 1.0
26 70 65 26 64 1.0
26 71 102 26 34 1.0
26 72 53 26 63 1.0
26 73 5 26 5 1.0
26 74 3 26 3 1.0
26 75 2 26 2 1.0
26 76 2 26 2 1.0
26 77 3 26 3 1.0
26 78 1 26 1 1.0
27 0 0 27 0 1.0
27 1 0 27 1 1.0
27 2 0 27 2 1.0
27 3 0 27 3 1.0
27 4 0 27 4 1.0
27 5 0 27 5 1.0
27 6 0 27 59 1.0
27 7 0 27 59 1.0
27 8 2 27 61 1.0
27 9 0 27 59 1.0
27 10 0 27 59 1.0
27 11 0 27 59 1.0
27 12 5 27 64 1.0
27 13 3 27 62 1.0
27 14 0 27 59 1.0
27 15 3 27 62 1.0
27 16 6 27 65 1.0
27 17 6 27 65 1.0
27 18 10 27 3 1.0
27 19 12 27 5 1.0
27 20 9 27 2 1.0
27 21 11 27 4 1.0
27 22 12 27 5 1.0
27 23 9 27 2 1.0
27 24 1 27 0 1.0
27 25 20 27 31 1.0
27 26 5 27 56 1.0
27 28 20 27 31 1.0
27 29 24 27 35 1.0
27 30 26 27 37 1.0
27 31 0 27 31 1.0
27 32 0 27 32 1.0
27 33 0 27 33 1.0
27 34 0 27 34 1.0
27 35 0 27 35 1.0
27 36 0 27 36 1.0
27 37 0 27 37 1.0
27 38 48 27 60 1.0
27 39 14 27 2 1.0
27 40 14 27 2 1.0
27 41 33 27 4 1.0
27 42 14 27 2 1.0
27 43 68 27 63 1.0
27 44 71 27 63 1.0
27 45 53 27 58 1.0
27 46 32 27 54 1.0
27 47 54 27 58 1.0
27 48 27 27 52 1.0
27 49 48 27 57 1.0
27 50 24 27 53 1.0
27 51 13 27 0 1.0
27 52 0 27 52 1.0
27 53 0 27 53 1.0
27 54 0 27 54 1.0
27 55 0 27 55 1.0
27 56 0 27 56 1.0
27 57 0 27 57 1.0
27 58 0 27 58 1.0
27 59 0 27 59 1.0
27 60 0 27 60 1.0
27 61 0 27 61 1.0
27 62 0 27 62 1.0
27 63 0 27 63 1.0
27 64 0 27 64 1.0
27 65 0 27 65 1.0
27 66 124 27 37 1.0
27 67 102 27 34 1.0
27 68 121 27 37 1.0
27 69 95 27 32 1.0
27 70 54 27 63 1.0
27 71 109 27 35 1.0
27 72 78 27 65 1.0
27 73 1 27 1 1.0
27 74 1 27 1 1.0
27 75 1 27 1 1.0
27 76 2 27 2 1.0
27 77 5 27 5 1.0
27 78 5 27 5 1.0
27 79 5 27 5 1.0
28 1 0 28 1 1.0
28 2 0 28 2 1.0
28 4 0 28 4 1.0
28 7 0 28 59 1.0
28 8 0 28 59 1.0
28 9 0 28 59 1.0
28 10 0 28 59 1.0
28 11 0 28 59 1.0
28 12 0 28 59 1.0
28 13 3 28 62 1.0
28 14 3 28 62 1.0
28 15 5 28 64 1.0
28 16 0 28 59 1.0
28 17 0 28 59 1.0
28 20 1 28 0 1.0
28 22 1 28 0 1.0
28 24 1 28 0 1.0
28 25 26 28 37 1.0
28 26 26 28 37 1.0
28 27 26 28 37 1.0
28 29 24 28 35 1.0
28 31 0 28 31 1.0
28 32 0 28 32 1.0
28 33 0 28 33 1.0
28 34 0 28 34 1.0
28 35 0 28 35 1.0
28 36 0 28 36 1.0
28 37 0 28 37 1.0
28 38 78 28 65 1.0
28 39 46 28 59 1.0
28 40 75 28 64 1.0
28 41 1 28 0 1.0
28 42 46 28 59 1.0
28 44 45 28 59 1.0
28 45 26 28 52 1.0
28 46 28 28 52 1.0
28 47 49 28 58 1.0
28 48 49 28 58 1.0
28 49 53 28 58 1.0
28 50 45 28 57 1.0
28 51 23 28 53 1.0
28 52 0 28 52 1.0
28 53 0 28 53 1.0
28 54 0 28 54 1.0
28 55 0 28 55 1.0
28 56 0 28 56 1.0
28 57 0 28 57 1.0
28 58 0 28 58 1.0
28 61 0 28 61 1.0
28 62 0 28 62 1.0
28 63 0 28 63 1.0
28 64 0 28 64 1.0
28 65 0 28 65 1.0
28 66 95 28 32 1.0
28 67 97 28 33 1.0
28 68 99 28 33 1.0
28 69 90 28 32 1.0
28 70 120 28 37 1.0
28 71 97 28 33 1.0
28 72 120 28 37 1.0
28 73 0 28 0 1.0
28 77 2 28 2 1.0
28 78 2 28 2 1.0
28 79 4 28 4 1.0
29 0 0 29 0 1.0
29 1 0 29 1 1.0
29 2 0 29 2 1.0
29 3 0 29 3 1.0
29 4 0 29 4 1.0
29 5 0 29 5 1.0
29 6 1 29 60 1.0
29 7 5 29 64 1.0
29 8 0 29 59 1.0
29 9 3 29 62 1.0
29 10 11 29 35 1.0
29 11 0 29 59 1.0
29 12 0 29 59 1.0
29 13 3 29 62 1.0
29 14 3 29 62 1.0
29 15 4 29 63 1.0
29 18 12 29 5 1.0
29 19 10 29 3 1.0
29 20 1 29 0 1.0
29 21 12 29 5 1.0
29 23 12 29 5 1.0
29 24 25 29 36 1.0
29 25 0 29 55 1.0
29 26 13 29 59 1.0
29 27 26 29 37 1.0
29 28 20 29 31 1.0
29 30 12 29 5 0.984375
29 30 25 29 36 0.015625
29 31 0 29 31 1.0
29 32 0 29 32 1.0
29 33 0 29 33 1.0
29 34 0 29 34 1.0
29 35 0 29 35 1.0
29 36 0 29 36 1.0
29 38 35 29 5 1.0
29 39 53 29 60 1.0
29 40 14 29 2 1.0
29 41 52 29 60 1.0
29 42 65 29 62 1.0
29 43 35 29 5 1.0
29 44 53 29 60 1.0
29 45 107 29 5 1.0
29 46 118 29 5 1.0
29 49 117 29 5 1.0
29 50 26 29 52 1.0
29 51 44 29 57 1.0
29 52 0 29 52 1.0
29 53 0 29 53 1.0
29 54 0 29 54 1.0
29 55 0 29 55 1.0
29 56 0 29 56 1.0
29 57 0 29 57 1.0
29 58 0 29 58 1.0
29 60 0 29 60 1.0
29 61 0 29 61 1.0
29 62 0 29 62 1.0
29 63 0 29 63 1.0
29 64 0 29 64 1.0
29 65 0 29 65 1.0
29 66 119 29 36 1.0
29 67 120 29 37 1.0
29 68 106 29 34 1.0
29 69 112 29 35 1.0
29 70 66 29 64 1.0
29 71 37 29 62 1.0
29 72 120 29 37 1.0
29 73 4 29 4 1.0
29 74 4 29 4 1.0
29 75 5 29 5 1.0
29 77 0 29 0 1.0
29 78 4 29 4 1.0
29 79 3 29 3 1.0
30 0 0 30 0 1.0
30 1 0 30 1 1.0
30 2 0 30 2 1.0
30 3 0 30 3 1.0
30 4 0 30 4 1.0
30 5 0 30 5 1.0
30 6 6 30 65 0.453125
30 6 8 30 32 0.546875
30 7 8 30 32 1.0
30 8 6 30 65 1.0
30 9 6 30 65 1.0
30 10 6 30 65 0.421875
30 10 8 30 32 0.578125
30 14 5 30 64 1.0
30 15 5 30 64 1.0
30 19 8 30 1 1.0
30 20 3 30 52 1.0
30 23 11 30 4 1.0
30 24 0 30 55 1.0
30 25 3 30 52 1.0
30 26 1 30 0 1.0
30 27 20 30 31 1.0
30 29 7 30 58 1.0
30 31 0 30 31 1.0
30 32 0 30 32 1.0
30 35 0 30 35 1.0
30 40 1 30 0 1.0
30 41 53 30 60 1.0
30 42 44 30 59 1.0
30 43 83 30 65 1.0
30 44 33 30 4 0.25
30 44 61 30 62 0.1875
30 44 82 30 65 0.5625
30 45 94 30 4 1.0
30 50 25 30 52 1.0
30 51 6 30 0 1.0
30 53 0 30 53 1.0
30 54 0 30 54 1.0
30 56 0 30 56 1.0
30 57 0 30 57 1.0
30 58 0 30 58 1.0
30 59 0 30 59 1.0
30 63 0 30 63 1.0
30 64 0 30 64 1.0
30 65 0 30 65 1.0
30 67 105 30 34 1.0
30 68 116 30 36 1.0
30 69 82 30 65 1.0
30 70 6 30 59 1.0
30 71 63 30 64 0.96875
30 71 117 30 36 0.03125
30 72 79 30 65 1.0
30 73 0 30 0 1.0
30 74 3 30 3 1.0
30 77 4 30 4 1.0
30 78 3 30 3 1.0
30 79 5 30 5 1.0
31 0 3 31 27 1.0
31 1 5 31 29 1.0
31 2 5 31 29 1.0
31 3 9 31 26 0.109375
31 3 11 31 56 0.890625
31 4 6 31 53 1.0
31 5 6 31 53 1.0
31 6 0 31 6 1.0
31 7 0 31 7 1.0
31 9 0 31 9 1.0
31 10 0 31 10 1.0
31 14 1 31 60 1.0
31 15 9 31 8 1.0
31 19 6 31 58 1.0
31 20 1 31 53 0.296875
31 20 6 31 58 0.703125
31 21 0 31 55 1.0
31 23 1 31 53 1.0
31 24 0 31 24 1.0
31 25 0 31 25 1.0
31 26 0 31 26 1.0
31 27 0 31 27 1.0
31 29 0 31 29 1.0
31 30 0 31 30 1.0
31 32 9 31 26 0.984375
31 32 16 31 61 0.015625
31 34 15 31 60 1.0
31 38 22 31 62 1.0
31 39 54 31 6 1.0
31 40 15 31 61 1.0
31 41 55 31 7 1.0
31 42 94 31 10 1.0
31 44 78 31 8 1.0
31 45 56 31 8 0.0625
31 45 65 31 9 0.9375
31 50 58 31 8 1.0
31 51 46 31 6 1.0
31 53 0 31 53 1.0
31 54 0 31 54 1.0
31 56 0 31 56 1.0
31 57 0 31 57 1.0
31 58 0 31 58 1.0
31 63 0 31 63 1.0
31 64 0 31 64 1.0
31 65 0 31 65 1.0
31 66 2 31 8 1.0
31 67 3 31 9 1.0
31 68 1 31 7 1.0
31 69 0 31 6 1.0
31 70 1 31 7 1.0
31 71 3 31 9 1.0
31 72 1 31 7 1.0
31 73 104 31 57 1.0
31 74 79 31 54 1.0
31 76 41 31 29 1.0
31 77 26 31 27 1.0
31 78 69 31 28 1.0
31 79 68 31 28 1.0
32 0 6 32 53 1.0
32 1 12 32 57 1.0
32 2 3 32 27 1.0
32 3 5 32 29 1.0
32 4 12 32 57 1.0
32 5 11 32 56 1.0
32 6 0 32 6 1.0
32 7 0 32 7 1.0
32 8 0 32 8 1.0
32 9 0 32 9 1.0
32 10 0 32 10 1.0
32 11 0 32 11 1.0
32 12 8 32 7 1.0
32 14 0 32 59 1.0
32 15 9 32 8 1.0
32 16 2 32 61 1.0
32 17 12 32 11 1.0
32 18 0 32 55 1.0
32 19 4 32 56 1.0
32 20 4 32 56 1.0
32 21 2 32 52 1.0
32 22 2 32 52 1.0
32 23 4 32 56 1.0
32 24 0 32 24 1.0
32 25 0 32 25 1.0
32 26 0 32 26 1.0
32 27 0 32 27 1.0
32 28 0 32 28 1.0
32 29 0 32 29 1.0
32 30 0 32 30 1.0
32 31 9 32 26 0.609375
32 31 14 32 59 0.296875
32 31 15 32 60 0.09375
32 33 4 32 30 1.0
32 34 4 32 30 1.0
32 35 0 32 24 1.0
32 36 4 32 30 1.0
32 37 4 32 30 1.0
32 38 18 32 62 1.0
32 39 54 32 6 1.0
32 40 19 32 62 1.0
32 41 57 32 7 1.0
32 42 44 32 6 1.0
32 43 54 32 6 1.0
32 44 94 32 10 1.0
32 45 77 32 11 1.0
32 46 63 32 9 1.0
32 47 54 32 7 1.0
32 48 48 32 6 1.0
32 49 54 32 7 1.0
32 50 16 32 52 1.0
32 51 20 32 54 1.0
32 52 0 32 52 1.0
32 53 0 32 53 1.0
32 54 0 32 54 1.0
32 55 0 32 55 1.0
32 56 0 32 56 1.0
32 57 0 32 57 1.0
32 58 0 32 58 1.0
32 59 0 32 59 1.0
32 60 0 32 60 1.0
32 61 0 32 61 1.0
32 62 0 32 62 1.0
32 63 0 32 63 1.0
32 64 0 32 64 1.0
32 65 0 32 65 1.0
32 66 2 32 8 1.0
32 67 1 32 7 1.0
32 68 1 32 7 1.0
32 69 1 32 7 1.0
32 70 1 32 7 1.0
32 71 3 32 9 1.0
32 72 2 32 8 1.0
32 73 57 32 52 0.4375
32 73 94 32 56 0.5625
32 74 23 32 55 1.0
32 75 0 32 24 1.0
32 76 30 32 30 1.0
32 77 9 32 25 1.0
32 78 21 32 55 1.0
32 79 12 32 55 1.0
33 0 0 33 24 1.0
33 1 7 33 52 1.0
33 2 7 33 52 1.0
33 3 2 33 55 1.0
33 4 0 33 24 1.0
33 6 0 33 6 1.0
33 7 0 33 7 1.0
33 8 0 33 8 1.0
33 9 0 33 9 1.0
33 10 0 33 10 1.0
33 11 0 33 11 1.0
33 12 10 33 9 1.0
33 14 4 33 63 1.0
33 15 3 33 62 1.0
33 16 7 33 6 1.0
33 17 12 33 11 1.0
33 18 5 33 57 1.0
33 19 2 33 52 1.0
33 20 2 33 52 1.0
33 21 6 33 58 1.0
33 22 0 33 55 1.0
33 23 6 33 58 1.0
33 24 0 33 24 1.0
33 25 0 33 25 1.0
33 26 0 33 26 1.0
33 27 0 33 27 1.0
33 28 0 33 28 1.0
33 29 0 33 29 1.0
33 30 0 33 30 1.0
33 31 4 33 30 1.0
33 32 21 33 6 1.0
33 34 4 33 30 1.0
33 35 0 33 24 1.0
33 36 4 33 30 1.0
33 37 4 33 30 1.0
33 38 18 33 62 1.0
33 39 23 33 62 1.0
33 40 83 33 9 1.0
33 41 40 33 65 1.0
33 43 52 33 6 1.0
33 45 56 33 8 1.0
33 46 39 33 58 1.0
33 47 0 33 55 1.0
33 48 36 33 58 1.0
33 49 83 33 11 1.0
33 50 72 33 10 1.0
33 51 4 33 55 1.0
33 52 0 33 52 1.0
33 53 0 33 53 1.0
33 54 0 33 54 1.0
33 55 0 33 55 1.0
33 56 0 33 56 1.0
33 57 0 33 57 1.0
33 58 0 33 58 1.0
33 59 0 33 59 1.0
33 60 0 33 60 1.0
33 61 0 33 61 1.0
33 62 0 33 62 1.0
33 63 0 33 63 1.0
33 64 0 33 64 1.0
33 65 0 33 65 1.0
33 66 1 33 7 1.0
33 67 2 33 8 1.0
33 68 2 33 8 1.0
33 69 2 33 8 1.0
33 70 2 33 8 1.0
33 72 2 33 8 1.0
33 73 30 33 30 1.0
33 74 30 33 30 1.0
33 75 32 33 30 1.0
33 76 36 33 29 1.0
33 77 68 33 28 1.0
33 78 114 33 58 1.0
33 79 65 33 52 1.0
34 1 4 34 30 1.0
34 2 6 34 53 1.0
34 4 1 34 25 1.0
34 5 5 34 29 1.0
34 6 0 34 6 1.0
34 7 0 34 7 1.0
34 8 0 34 8 1.0
34 9 0 34 9 1.0
34 10 0 34 10 1.0
34 11 0 34 11 1.0
34 12 8 34 7 1.0
34 14 3 34 62 1.0
34 15 0 34 59 1.0
34 16 10 34 9 1.0
34 17 10 34 9 1.0
34 18 3 34 54 1.0
34 19 6 34 58 1.0
34 20 3 34 54 1.0
34 21 2 34 52 1.0
34 22 3 34 54 1.0
34 23 3 34 54 1.0
34 24 0 34 24 1.0
34 25 0 34 25 1.0
34 26 0 34 26 1.0
34 27 0 34 27 1.0
34 28 0 34 28 1.0
34 29 0 34 29 1.0
34 31 4 34 30 1.0
34 32 4 34 30 1.0
34 33 4 34 30 1.0
34 35 0 34 24 1.0
34 36 4 34 30 1.0
34 37 4 34 30 1.0
34 38 18 34 62 1.0
34 39 54 34 6 1.0
34 40 83 34 9 1.0
34 41 28 34 63 1.0
34 42 52 34 6 1.0
34 43 54 34 6 1.0
34 44 52 34 6 1.0
34 45 13 34 52 1.0
34 46 15 34 52 1.0
34 47 47 34 6 1.0
34 48 47 34 6 1.0
34 49 53 34 7 1.0
34 50 77 34 11 1.0
34 51 36 34 58 1.0
34 52 0 34 52 1.0
34 53 0 34 53 1.0
34 54 0 34 54 1.0
34 55 0 34 55 1.0
34 56 0 34 56 1.0
34 57 0 34 57 1.0
34 58 0 34 58 1.0
34 59 0 34 59 1.0
34 60 0 34 60 1.0
34 61 0 34 61 1.0
34 62 0 34 62 1.0
34 63 0 34 63 1.0
34 64 0 34 64 1.0
34 65 0 34 65 1.0
34 66 1 34 7 1.0
34 67 1 34 7 1.0
34 68 1 34 7 1.0
34 69 1 34 7 1.0
34 70 0 34 6 1.0
34 72 4 34 10 1.0
34 73 30 34 30 1.0
34 74 41 34 29 1.0
34 75 40 34 29 1.0
34 76 32 34 30 1.0
34 77 75 34 26 1.0
34 78 65 34 52 1.0
34 79 22 34 55 1.0
35 2 4 35 30 1.0
35 5 5 35 29 1.0
35 9 0 35 9 1.0
35 12 12 35 11 1.0
35 14 1 35 60 1.0
35 15 0 35 59 1.0
35 19 2 35 52 1.0
35 21 2 35 52 1.0
35 22 2 35 52 1.0
35 24 0 35 24 1.0
35 25 0 35 25 1.0
35 26 0 35 26 1.0
35 27 0 35 27 1.0
35 28 0 35 28 1.0
35 32 21 35 6 1.0
35 33 4 35 30 1.0
35 34 5 35 29 1.0
35 36 4 35 30 1.0
35 37 4 35 30 1.0
35 40 83 35 9 1.0
35 41 28 35 63 1.0
35 42 54 35 6 1.0
35 45 54 35 7 1.0
35 46 48 35 6 1.0
35 47 48 35 6 1.0
35 48 46 35 6 1.0
35 49 48 35 6 1.0
35 50 73 35 10 1.0
35 51 16 35 52 1.0
35 52 0 35 52 1.0
35 53 0 35 53 1.0
35 54 0 35 54 1.0
35 55 0 35 55 1.0
35 56 0 35 56 1.0
35 57 0 35 57 1.0
35 58 0 35 58 1.0
35 59 0 35 59 1.0
35 60 0 35 60 1.0
35 61 0 35 61 1.0
35 62 0 35 62 1.0
35 63 0 35 63 1.0
35 64 0 35 64 1.0
35 65 0 35 65 1.0
35 66 4 35 10 1.0
35 67 3 35 9 1.0
35 68 3 35 9 1.0
35 69 3 35 9 1.0
35 70 0 35 6 1.0
35 71 5 35 11 1.0
35 72 0 35 6 1.0
35 77 24 35 27 1.0
35 78 114 35 58 1.0
35 79 65 35 52 1.0
36 0 0 36 24 1.0
36 1 7 36 52 1.0
36 3 2 36 55 1.0
36 4 1 36 25 1.0
36 5 5 36 29 1.0
36 7 0 36 7 1.0
36 8 0 36 8 1.0
36 9 0 36 9 1.0
36 10 0 36 10 1.0
36 11 0 36 11 1.0
36 12 8 36 7 1.0
36 14 1 36 60 1.0
36 15 0 36 59 1.0
36 16 2 36 61 1.0
36 17 12 36 11 1.0
36 18 2 36 52 1.0
36 19 6 36 58 1.0
36 20 2 36 52 1.0
36 21 2 36 52 1.0
36 22 6 36 58 1.0
36 23 6 36 58 1.0
36 25 0 36 25 1.0
36 26 0 36 26 1.0
36 27 0 36 27 1.0
36 28 0 36 28 1.0
36 29 0 36 29 1.0
36 30 0 36 30 1.0
36 32 21 36 6 1.0
36 33 4 36 30 1.0
36 34 4 36 30 1.0
36 35 0 36 24 1.0
36 37 4 36 30 1.0
36 38 52 36 6 1.0
36 39 52 36 6 1.0
36 40 112 36 11 1.0
36 41 19 36 62 1.0
36 43 23 36 62 1.0
36 44 52 36 6 1.0
36 45 48 36 6 1.0
36 46 15 36 52 1.0
36 47 54 36 7 1.0
36 48 48 36 6 1.0
36 49 40 36 58 1.0
36 50 72 36 10 1.0
36 51 59 36 8 1.0
36 52 0 36 52 1.0
36 53 0 36 53 1.0
36 54 0 36 54 1.0
36 55 0 36 55 1.0
36 56 0 36 56 1.0
36 57 0 36 57 1.0
36 58 0 36 58 1.0
36 59 0 36 59 1.0
36 60 0 36 60 1.0
36 61 0 36 61 1.0
36 62 0 36 62 1.0
36 63 0 36 63 1.0
36 64 0 36 64 1.0
36 65 0 36 65 1.0
36 66 1 36 7 1.0
36 67 2 36 8 1.0
36 68 2 36 8 1.0
36 69 2 36 8 1.0
36 70 0 36 6 1.0
36 71 0 36 6 1.0
36 72 2 36 8 1.0
36 73 4 36 24 1.0
36 74 41 36 29 1.0
36 75 41 36 29 1.0
36 76 31 36 30 1.0
36 77 39 36 29 1.0
36 78 6 36 25 1.0
36 79 65 36 52 1.0
37 1 0 37 24 1.0
37 2 7 37 52 1.0
37 7 0 37 7 1.0
37 8 0 37 8 1.0
37 9 0 37 9 1.0
37 10 0 37 10 1.0
37 11 0 37 11 1.0
37 12 9 37 8 1.0
37 13 8 37 7 1.0
37 14 2 37 61 1.0
37 15 3 37 62 1.0
37 16 10 37 9 1.0
37 17 12 37 11 1.0
37 18 2 37 52 1.0
37 19 3 37 54 1.0
37 20 2 37 52 1.0
37 21 6 37 58 1.0
37 22 3 37 54 1.0
37 23 2 37 52 1.0
37 24 0 37 24 1.0
37 25 0 37 25 1.0
37 26 0 37 26 1.0
37 27 0 37 27 1.0
37 28 0 37 28 1.0
37 29 0 37 29 1.0
37 32 21 37 6 1.0
37 33 4 37 30 1.0
37 34 4 37 30 1.0
37 35 4 37 30 1.0
37 36 4 37 30 1.0
37 38 18 37 62 1.0
37 39 11 37 60 1.0
37 40 112 37 11 1.0
37 41 22 37 62 1.0
37 42 11 37 60 1.0
37 43 8 37 60 1.0
37 44 52 37 6 1.0
37 45 46 37 6 1.0
37 46 83 37 11 1.0
37 47 0 37 55 1.0
37 48 18 37 54 1.0
37 49 47 37 6 1.0
37 50 75 37 10 1.0
37 51 58 37 8 1.0
37 52 0 37 52 1.0
37 53 0 37 53 1.0
37 54 0 37 54 1.0
37 55 0 37 55 1.0
37 56 0 37 56 1.0
37 57 0 37 57 1.0
37 58 0 37 58 1.0
37 59 0 37 59 1.0
37 60 0 37 60 1.0
37 61 0 37 61 1.0
37 62 0 37 62 1.0
37 63 0 37 63 1.0
37 64 0 37 64 1.0
37 65 0 37 65 1.0
37 66 3 37 9 1.0
37 67 2 37 8 1.0
37 68 2 37 8 1.0
37 69 2 37 8 1.0
37 70 4 37 10 1.0
37 71 0 37 6 1.0
37 72 5 37 11 1.0
37 73 30 37 30 1.0
37 74 4 37 24 1.0
37 75 0 37 24 1.0
37 76 41 37 29 1.0
37 77 36 37 29 1.0
37 78 8 37 25 1.0
37 79 65 37 52 1.0
38 1 0 38 75 1.0
38 2 6 38 73 1.0
38 4 0 38 75 1.0
38 5 0 38 75 1.0
38 6 11 38 71 1.0
38 7 2 38 13 1.0
38 8 2 38 13 1.0
38 9 2 38 13 1.0
38 10 2 38 13 1.0
38 11 2 38 13 1.0
38 14 0 38 14 1.0
38 15 0 38 15 1.0
38 18 0 38 75 1.0
38 19 2 38 74 1.0
38 20 2 38 74 1.0
38 21 6 38 73 1.0
38 23 0 38 75 1.0
38 24 36 38 73 1.0
38 25 41 38 73 1.0
38 26 10 38 76 1.0
38 27 61 38 13 1.0
38 29 48 38 16 1.0
38 30 13 38 74 1.0
38 31 108 38 71 1.0
38 32 108 38 71 1.0
38 33 108 38 71 1.0
38 34 108 38 71 1.0
38 36 108 38 71 1.0
38 40 10 38 47 1.0
38 41 12 38 49 1.0
38 42 11 38 48 1.0
38 43 12 38 49 1.0
38 45 0 38 45 1.0
38 46 0 38 46 1.0
38 48 0 38 48 1.0
38 50 0 38 50 1.0
38 51 0 38 51 1.0
38 53 90 38 46 1.0
38 54 109 38 49 1.0
38 55 112 38 49 1.0
38 56 16 38 76 1.0
38 57 90 38 46 1.0
38 58 100 38 47 1.0
38 59 0 38 16 1.0
38 61 2 38 13 1.0
38 62 1 38 12 1.0
38 63 4 38 15 1.0
38 64 4 38 15 1.0
38 65 4 38 15 1.0
38 66 0 38 66 1.0
38 67 0 38 67 1.0
38 68 0 38 68 1.0
38 69 0 38 69 1.0
38 70 0 38 70 1.0
38 71 0 38 71 1.0
38 72 0 38 72 1.0
38 73 0 38 73 1.0
38 75 0 38 75 1.0
38 76 0 38 76 1.0
38 77 0 38 77 1.0
38 78 0 38 78 1.0
38 79 0 38 79 1.0
39 0 1 39 76 1.0
39 1 2 39 74 1.0
39 2 3 39 79 1.0
39 3 1 39 76 1.0
39 4 1 39 76 1.0
39 5 1 39 76 1.0
39 7 2 39 13 1.0
39 9 2 39 13 1.0
39 10 10 39 70 1.0
39 11 5 39 17 1.0
39 12 0 39 12 1.0
39 13 0 39 13 1.0
39 14 0 39 14 1.0
39 15 0 39 15 1.0
39 16 0 39 16 1.0
39 18 0 39 75 1.0
39 19 0 39 75 1.0
39 20 1 39 76 1.0
39 21 6 39 73 1.0
39 22 0 39 75 1.0
39 23 0 39 75 1.0
39 24 6 39 76 1.0
39 25 41 39 73 1.0
39 26 17 39 74 1.0
39 27 58 39 13 1.0
39 28 42 39 16 1.0
39 29 7 39 76 1.0
39 30 23 39 79 1.0
39 31 108 39 71 1.0
39 32 108 39 71 1.0
39 33 108 39 71 1.0
39 34 107 39 70 1.0
39 35 108 39 71 1.0
39 36 108 39 71 1.0
39 37 103 39 70 1.0
39 38 12 39 49 1.0
39 40 8 39 45 1.0
39 41 12 39 49 1.0
39 42 12 39 49 1.0
39 46 0 39 46 1.0
39 47 0 39 47 1.0
39 48 0 39 48 1.0
39 50 0 39 50 1.0
39 51 0 39 51 1.0
39 53 98 39 47 1.0
39 54 106 39 48 1.0
39 55 106 39 48 1.0
39 56 123 39 51 1.0
39 57 94 39 46 1.0
39 58 89 39 45 1.0
39 60 2 39 13 1.0
39 61 2 39 13 1.0
39 62 5 39 17 1.0
39 63 4 39 15 1.0
39 64 4 39 15 1.0
39 65 4 39 15 1.0
39 66 0 39 66 1.0
39 67 0 39 67 1.0
39 68 0 39 68 1.0
39 69 0 39 69 1.0
39 72 0 39 72 1.0
39 73 0 39 73 1.0
39 74 0 39 74 1.0
39 75 0 39 75 1.0
39 77 0 39 77 1.0
39 78 0 39 78 1.0
39 79 0 39 79 1.0
40 0 5 40 78 1.0
40 1 3 40 79 1.0
40 2 5 40 78 1.0
40 3 5 40 78 1.0
40 4 4 40 77 1.0
40 5 5 40 78 1.0
40 6 11 40 71 1.0
40 7 3 40 14 1.0
40 8 4 40 15 1.0
40 9 1 40 12 1.0
40 10 5 40 17 1.0
40 11 1 40 12 1.0
40 12 0 40 12 1.0
40 13 0 40 13 1.0
40 14 0 40 14 1.0
40 15 0 40 15 1.0
40 16 0 40 16 1.0
40 17 0 40 17 1.0
40 18 3 40 79 1.0
40 19 12 40 50 1.0
40 20 5 40 78 1.0
40 21 3 40 79 1.0
40 22 3 40 79 1.0
40 23 3 40 79 1.0
40 24 6 40 76 1.0
40 25 42 40 16 1.0
40 26 3 40 75 1.0
40 27 29 40 77 1.0
40 28 61 40 13 1.0
40 29 28 40 77 1.0
40 30 5 40 75 1.0
40 31 78 40 66 1.0
40 32 100 40 69 1.0
40 33 21 40 12 1.0
40 34 47 40 14 1.0
40 35 62 40 15 1.0
40 36 14 40 12 1.0
40 37 13 40 12 1.0
40 38 8 40 45 1.0
40 39 26 40 72 1.0
40 41 20 40 66 1.0
40 42 12 40 49 1.0
40 43 8 40 45 1.0
40 44 8 40 45 1.0
40 45 0 40 45 1.0
40 46 0 40 46 1.0
40 47 0 40 47 1.0
40 48 0 40 48 1.0
40 49 0 40 49 1.0
40 50 0 40 50 1.0
40 51 0 40 51 1.0
40 52 77 40 73 1.0
40 53 88 40 45 1.0
40 54 112 40 49 1.0
40 55 112 40 49 1.0
40 56 106 40 48 1.0
40 57 87 40 45 1.0
40 58 5 40 75 1.0
40 59 4 40 15 1.0
40 60 4 40 15 1.0
40 61 4 40 15 1.0
40 62 5 40 17 1.0
40 63 5 40 17 1.0
40 64 0 40 16 1.0
40 65 1 40 12 1.0
40 66 0 40 66 1.0
40 67 0 40 67 1.0
40 68 0 40 68 1.0
40 69 0 40 69 1.0
40 70 0 40 70 1.0
40 71 0 40 71 1.0
40 72 0 40 72 1.0
40 73 0 40 73 1.0
40 74 0 40 74 1.0
40 75 0 40 75 1.0
40 76 0 40 76 1.0
40 77 0 40 77 1.0
40 78 0 40 78 1.0
40 79 0 40 79 1.0
41 0 1 41 76 0.265625
41 0 6 41 73 0.734375
41 1 5 41 78 1.0
41 2 2 41 74 1.0
41 3 6 41 73 1.0
41 4 6 41 73 1.0
41 5 2 41 74 1.0
41 6 7 41 67 1.0
41 7 9 41 69 1.0
41 8 12 41 72 1.0
41 9 10 41 70 1.0
41 10 6 41 66 1.0
41 11 3 41 14 1.0
41 12 0 41 12 1.0
41 13 0 41 13 1.0
41 14 0 41 14 1.0
41 15 0 41 15 1.0
41 16 0 41 16 1.0
41 17 0 41 17 1.0
41 18 5 41 78 1.0
41 19 13 41 51 1.0
41 20 7 41 45 1.0
41 21 10 41 48 1.0
41 22 2 41 74 1.0
41 23 6 41 73 1.0
41 24 48 41 16 1.0
41 25 82 41 17 1.0
41 26 49 41 12 1.0
41 27 1 41 75 1.0
41 28 10 41 76 1.0
41 29 62 41 13 0.953125
41 29 77 41 17 0.046875
41 30 47 41 16 1.0
41 31 65 41 17 1.0
41 32 23 41 12 1.0
41 33 12 41 16 1.0
41 34 75 41 17 1.0
41 35 10 41 16 1.0
41 36 110 41 71 1.0
41 37 22 41 12 1.0
41 38 25 41 71 1.0
41 39 11 41 48 1.0
41 40 22 41 68 1.0
41 42 8 41 45 0.875
41 42 11 41 48 0.125
41 43 12 41 49 1.0
41 44 10 41 47 1.0
41 45 0 41 45 1.0
41 46 0 41 46 1.0
41 47 0 41 47 1.0
41 48 0 41 48 1.0
41 49 0 41 49 1.0
41 50 0 41 50 1.0
41 51 0 41 51 1.0
41 52 116 41 50 1.0
41 53 117 41 50 1.0
41 54 76 41 73 1.0
41 55 84 41 45 1.0
41 56 76 41 73 1.0
41 57 109 41 49 1.0
41 58 13 41 76 1.0
41 59 4 41 15 1.0
41 60 4 41 15 1.0
41 61 4 41 15 1.0
41 62 5 41 17 1.0
41 63 0 41 16 1.0
41 64 0 41 16 1.0
41 65 5 41 17 1.0
41 66 0 41 66 1.0
41 67 0 41 67 1.0
41 68 0 41 68 1.0
41 69 0 41 69 1.0
41 70 0 41 70 1.0
41 71 0 41 71 1.0
41 72 0 41 72 1.0
41 73 0 41 73 1.0
41 74 0 41 74 1.0
41 75 0 41 75 1.0
41 76 0 41 76 1.0
41 77 0 41 77 1.0
41 78 0 41 78 1.0
41 79 0 41 79 1.0
42 0 6 42 73 1.0
42 1 2 42 74 1.0
42 2 4 42 77 1.0
42 3 2 42 74 1.0
42 4 5 42 78 1.0
42 5 0 42 75 1.0
42 6 10 42 70 1.0
42 7 8 42 68 1.0
42 9 8 42 68 1.0
42 10 9 42 69 1.0
42 12 0 42 12 1.0
42 14 0 42 14 1.0
42 15 0 42 15 1.0
42 16 0 42 16 1.0
42 18 1 42 76 1.0
42 19 11 42 49 1.0
42 20 2 42 74 1.0
42 23 6 42 73 1.0
42 24 29 42 77 1.0
42 25 31 42 78 1.0
42 26 9 42 76 1.0
42 27 60 42 13 1.0
42 29 3 42 75 1.0
42 30 26 42 77 0.203125
42 30 43 42 16 0.796875
42 31 65 42 17 1.0
42 32 25 42 12 1.0
42 37 108 42 71 1.0
42 40 10 42 47 1.0
42 41 8 42 45 0.734375
42 41 20 42 66 0.265625
42 43 10 42 47 1.0
42 44 11 42 48 1.0
42 45 0 42 45 1.0
42 46 0 42 46 1.0
42 48 0 42 48 1.0
42 49 0 42 49 1.0
42 50 0 42 50 1.0
42 51 0 42 51 1.0
42 53 87 42 45 0.46875
42 53 105 42 48 0.53125
42 54 96 42 47 1.0
42 55 90 42 46 1.0
42 56 99 42 47 1.0
42 57 111 42 49 1.0
42 58 76 42 73 1.0
42 62 5 42 17 1.0
42 63 3 42 14 1.0
42 64 3 42 14 1.0
42 65 0 42 16 1.0
42 66 0 42 66 1.0
42 67 0 42 67 1.0
42 68 0 42 68 1.0
42 69 0 42 69 1.0
42 70 0 42 70 1.0
42 71 0 42 71 1.0
42 72 0 42 72 1.0
42 73 0 42 73 1.0
42 74 0 42 74 1.0
42 77 0 42 77 1.0
42 78 0 42 78 1.0
42 79 0 42 79 1.0
43 0 1 43 76 1.0
43 1 1 43 76 1.0
43 2 1 43 76 1.0
43 4 1 43 76 1.0
43 8 5 43 17 1.0
43 9 0 43 16 1.0
43 10 0 43 16 1.0
43 11 0 43 16 1.0
43 12 0 43 12 1.0
43 13 0 43 13 1.0
43 14 0 43 14 1.0
43 15 0 43 15 1.0
43 21 1 43 76 1.0
43 22 1 43 76 1.0
43 25 5 43 75 1.0
43 26 77 43 17 1.0
43 27 79 43 17 1.0
43 30 7 43 76 1.0
43 33 2 43 16 1.0
43 34 108 43 71 1.0
43 35 108 43 71 1.0
43 36 108 43 71 1.0
43 37 108 43 71 1.0
43 39 11 43 48 1.0
43 40 11 43 48 1.0
43 41 12 43 49 1.0
43 42 7 43 16 1.0
43 44 12 43 49 1.0
43 45 0 43 45 1.0
43 46 0 43 46 1.0
43 47 0 43 47 1.0
43 50 0 43 50 1.0
43 51 0 43 51 1.0
43 52 76 43 73 1.0
43 53 94 43 46 1.0
43 54 112 43 49 1.0
43 55 90 43 46 1.0
43 56 118 43 50 1.0
43 57 113 43 49 1.0
43 58 105 43 48 1.0
43 60 0 43 16 1.0
43 61 0 43 16 1.0
43 62 5 43 17 1.0
43 63 4 43 15 1.0
43 64 4 43 15 1.0
43 65 4 43 15 1.0
43 66 0 43 66 1.0
43 67 0 43 67 1.0
43 68 0 43 68 1.0
43 69 0 43 69 1.0
43 70 0 43 70 1.0
43 71 0 43 71 1.0
43 72 0 43 72 1.0
43 73 0 43 73 1.0
43 74 0 43 74 1.0
43 75 0 43 75 1.0
43 77 0 43 77 1.0
43 78 0 43 78 1.0
43 79 0 43 79 1.0
44 0 6 44 73 1.0
44 1 3 44 79 1.0
44 2 6 44 73 1.0
44 3 6 44 73 1.0
44 4 1 44 76 0.421875
44 4 6 44 73 0.578125
44 5 5 44 78 1.0
44 6 7 44 67 1.0
44 7 12 44 72 1.0
44 8 2 44 13 1.0
44 9 12 44 72 1.0
44 10 9 44 69 1.0
44 12 0 44 12 1.0
44 14 0 44 14 1.0
44 15 0 44 15 1.0
44 19 6 44 73 1.0
44 20 2 44 74 1.0
44 23 4 44 77 1.0
44 24 34 44 78 1.0
44 25 19 44 79 0.984375
44 25 82 44 17 0.015625
44 26 9 44 76 1.0
44 27 82 44 17 1.0
44 29 58 44 13 1.0
44 30 26 44 77 1.0
44 31 67 44 17 1.0
44 32 64 44 15 1.0
44 35 108 44 71 1.0
44 36 108 44 71 1.0
44 38 12 44 49 1.0
44 40 12 44 49 1.0
44 41 11 44 48 1.0
44 42 13 44 50 1.0
44 45 0 44 45 1.0
44 48 0 44 48 1.0
44 50 0 44 50 1.0
44 51 0 44 51 1.0
44 53 92 44 46 1.0
44 54 93 44 46 1.0
44 55 76 44 73 1.0
44 56 108 44 49 1.0
44 57 91 44 46 1.0
44 58 76 44 73 1.0
44 59 0 44 16 1.0
44 62 0 44 16 1.0
44 63 4 44 15 1.0
44 64 4 44 15 1.0
44 65 2 44 13 1.0
44 66 0 44 66 1.0
44 67 0 44 67 1.0
44 68 0 44 68 1.0
44 69 0 44 69 1.0
44 70 0 44 70 1.0
44 71 0 44 71 1.0
44 72 0 44 72 1.0
44 73 0 44 73 1.0
44 74 0 44 74 1.0
44 77 0 44 77 1.0
44 78 0 44 78 1.0
44 79 0 44 79 1.0
45 0 5 45 78 1.0
45 1 12 45 23 1.0
45 2 12 45 23 1.0
45 3 4 45 77 1.0
45 4 9 45 20 1.0
45 5 9 45 20 1.0
45 6 1 45 67 1.0
45 7 2 45 68 1.0
45 9 2 45 68 1.0
45 10 1 45 67 1.0
45 11 4 45 70 1.0
45 12 11 45 70 1.0
45 14 9 45 68 1.0
45 15 12 45 71 1.0
45 17 11 45 70 1.0
45 19 0 45 19 1.0
45 20 0 45 20 1.0
45 22 0 45 22 1.0
45 23 0 45 23 1.0
45 24 69 45 20 0.484375
45 24 86 45 21 0.515625
45 25 51 45 18 1.0
45 26 37 45 73 1.0
45 27 0 45 75 1.0
45 28 91 45 21 1.0
45 29 32 45 78 1.0
45 30 87 45 21 1.0
45 31 82 45 72 1.0
45 32 20 45 20 1.0
45 34 72 45 71 1.0
45 36 72 45 71 1.0
45 37 72 45 71 1.0
45 39 0 45 39 1.0
45 40 0 45 40 1.0
45 41 0 45 41 1.0
45 42 0 45 42 1.0
45 43 0 45 43 1.0
45 44 0 45 44 1.0
45 46 13 45 38 1.0
45 47 13 45 38 1.0
45 48 13 45 38 1.0
45 49 14 45 39 1.0
45 50 13 45 38 1.0
45 51 13 45 38 1.0
45 52 1 45 19 1.0
45 53 5 45 23 1.0
45 54 1 45 19 1.0
45 55 1 45 19 1.0
45 56 5 45 23 1.0
45 57 5 45 23 1.0
45 58 4 45 22 1.0
45 59 108 45 71 1.0
45 61 108 45 71 1.0
45 62 34 45 43 1.0
45 63 4 45 38 0.28125
45 63 25 45 42 0.71875
45 64 35 45 43 1.0
45 65 24 45 42 1.0
45 66 0 45 66 1.0
45 67 0 45 67 1.0
45 68 0 45 68 1.0
45 69 0 45 69 1.0
45 70 0 45 70 1.0
45 71 0 45 71 1.0
45 72 0 45 72 1.0
45 73 0 45 73 1.0
45 74 0 45 74 1.0
45 76 0 45 76 1.0
45 77 0 45 77 1.0
45 78 0 45 78 1.0
45 79 0 45 79 1.0
46 0 7 46 18 1.0
46 1 2 46 74 1.0
46 2 2 46 74 1.0
46 3 10 46 21 1.0
46 4 11 46 22 1.0
46 6 5 46 71 1.0
46 8 5 46 71 1.0
46 9 6 46 72 1.0
46 10 5 46 71 1.0
46 11 4 46 70 1.0
46 12 12 46 71 1.0
46 13 13 46 72 1.0
46 14 7 46 66 1.0
46 15 0 46 38 1.0
46 16 13 46 72 1.0
46 17 11 46 70 1.0
46 18 0 46 18 1.0
46 19 0 46 19 1.0
46 21 0 46 21 1.0
46 22 0 46 22 1.0
46 23 0 46 23 1.0
46 25 91 46 21 1.0
46 26 8 46 76 1.0
46 27 13 46 74 1.0
46 28 91 46 21 1.0
46 29 91 46 21 1.0
46 31 72 46 71 1.0
46 32 60 46 69 1.0
46 33 72 46 71 1.0
46 34 72 46 71 1.0
46 35 9 46 19 1.0
46 36 15 46 20 1.0
46 37 80 46 72 1.0
46 38 0 46 38 1.0
46 39 0 46 39 1.0
46 40 0 46 40 1.0
46 41 0 46 41 1.0
46 43 0 46 43 1.0
46 45 14 46 39 1.0
46 47 0 46 75 1.0
46 48 0 46 75 1.0
46 49 1 46 76 1.0
46 50 19 46 44 1.0
46 51 17 46 42 1.0
46 52 1 46 19 1.0
46 53 5 46 23 1.0
46 54 1 46 19 1.0
46 55 1 46 19 1.0
46 56 5 46 23 1.0
46 57 5 46 23 1.0
46 58 5 46 23 1.0
46 59 30 46 43 1.0
46 60 108 46 71 1.0
46 61 37 46 44 1.0
46 62 4 46 38 1.0
46 63 18 46 41 1.0
46 64 12 46 40 1.0
46 65 34 46 43 1.0
46 66 0 46 66 1.0
46 67 0 46 67 1.0
46 68 0 46 68 1.0
46 69 0 46 69 1.0
46 70 0 46 70 1.0
46 71 0 46 71 1.0
46 72 0 46 72 1.0
46 73 0 46 73 1.0
46 75 0 46 75 1.0
46 76 0 46 76 1.0
46 77 0 46 77 1.0
46 78 0 46 78 1.0
46 79 0 46 79 1.0
47 1 12 47 23 1.0
47 2 11 47 22 1.0
47 3 10 47 21 1.0
47 7 5 47 71 1.0
47 8 6 47 72 1.0
47 9 5 47 71 1.0
47 10 5 47 71 1.0
47 11 0 47 66 1.0
47 12 12 47 71 1.0
47 14 6 47 44 1.0
47 15 10 47 69 1.0
47 16 5 47 43 1.0
47 17 12 47 71 1.0
47 18 0 47 18 1.0
47 19 0 47 19 1.0
47 20 0 47 20 1.0
47 21 0 47 21 1.0
47 22 0 47 22 1.0
47 23 0 47 23 1.0
47 24 91 47 21 1.0
47 25 5 47 75 1.0
47 26 39 47 73 1.0
47 27 5 47 75 1.0
47 28 16 47 74 1.0
47 29 91 47 21 1.0
47 31 72 47 71 1.0
47 32 60 47 69 1.0
47 33 51 47 67 1.0
47 34 67 47 70 1.0
47 35 71 47 70 1.0
47 36 80 47 72 1.0
47 37 9 47 19 1.0
47 38 0 47 38 1.0
47 39 0 47 39 1.0
47 40 0 47 40 1.0
47 41 0 47 41 1.0
47 43 0 47 43 1.0
47 44 0 47 44 1.0
47 45 14 47 39 1.0
47 46 19 47 44 1.0
47 48 1 47 76 1.0
47 49 19 47 44 1.0
47 50 17 47 42 1.0
47 51 6 47 73 1.0
47 52 0 47 18 1.0
47 53 5 47 23 1.0
47 54 1 47 19 1.0
47 55 1 47 19 1.0
47 56 5 47 23 1.0
47 57 5 47 23 1.0
47 58 3 47 21 1.0
47 59 27 47 42 1.0
47 60 30 47 43 1.0
47 61 28 47 42 1.0
47 62 27 47 42 1.0
47 63 34 47 43 1.0
47 64 17 47 40 1.0
47 65 40 47 44 1.0
47 66 0 47 66 1.0
47 67 0 47 67 1.0
47 68 0 47 68 1.0
47 69 0 47 69 1.0
47 70 0 47 70 1.0
47 72 0 47 72 1.0
47 73 0 47 73 1.0
47 74 0 47 74 1.0
47 75 0 47 75 1.0
47 76 0 47 76 1.0
47 77 0 47 77 1.0
47 78 0 47 78 1.0
47 79 0 47 79 1.0
48 0 7 48 18 1.0
48 1 9 48 20 1.0
48 2 6 48 73 1.0
48 3 10 48 21 1.0
48 8 4 48 70 1.0
48 9 4 48 70 1.0
48 10 4 48 70 1.0
48 11 4 48 70 1.0
48 13 13 48 72 1.0
48 14 8 48 67 1.0
48 15 7 48 66 1.0
48 16 5 48 43 1.0
48 18 0 48 18 1.0
48 19 0 48 19 1.0
48 21 0 48 21 1.0
48 22 0 48 22 1.0
48 23 0 48 23 1.0
48 24 91 48 21 1.0
48 25 41 48 73 1.0
48 26 3 48 75 1.0
48 27 6 48 76 1.0
48 28 91 48 21 1.0
48 29 91 48 21 1.0
48 30 31 48 78 1.0
48 32 72 48 71 1.0
48 34 72 48 71 1.0
48 36 72 48 71 1.0
48 37 72 48 71 1.0
48 38 0 48 38 1.0
48 40 0 48 40 1.0
48 41 0 48 41 1.0
48 43 0 48 43 1.0
48 44 0 48 44 1.0
48 45 14 48 39 1.0
48 46 14 48 39 1.0
48 47 14 48 39 1.0
48 50 14 48 39 1.0
48 51 1 48 76 1.0
48 52 2 48 20 1.0
48 53 3 48 21 1.0
48 54 3 48 21 1.0
48 55 3 48 21 1.0
48 56 3 48 21 1.0
48 57 3 48 21 1.0
48 58 0 48 18 1.0
48 60 108 48 71 1.0
48 61 108 48 71 1.0
48 62 28 48 42 1.0
48 63 36 48 44 1.0
48 64 38 48 44 1.0
48 65 0 48 38 1.0
48 66 0 48 66 1.0
48 67 0 48 67 1.0
48 68 0 48 68 1.0
48 69 0 48 69 1.0
48 71 0 48 71 1.0
48 72 0 48 72 1.0
48 74 0 48 74 1.0
48 75 0 48 75 1.0
48 77 0 48 77 1.0
48 78 0 48 78 1.0
48 79 0 48 79 1.0
49 0 7 49 18 1.0
49 1 8 49 19 1.0
49 2 12 49 23 1.0
49 3 10 49 21 1.0
49 4 2 49 74 1.0
49 6 5 49 71 1.0
49 8 6 49 72 1.0
49 9 4 49 70 1.0
49 10 4 49 70 1.0
49 11 5 49 71 1.0
49 12 6 49 44 1.0
49 14 9 49 68 1.0
49 15 0 49 38 1.0
49 18 0 49 18 1.0
49 21 0 49 21 1.0
49 23 0 49 23 1.0
49 25 91 49 21 1.0
49 26 40 49 73 1.0
49 27 13 49 74 1.0
49 28 91 49 21 1.0
49 30 17 49 74 1.0
49 31 72 49 71 1.0
49 32 72 49 71 1.0
49 33 72 49 71 1.0
49 34 72 49 71 1.0
49 36 72 49 71 1.0
49 37 72 49 71 1.0
49 38 0 49 38 1.0
49 40 0 49 40 1.0
49 41 0 49 41 1.0
49 43 0 49 43 1.0
49 45 1 49 76 1.0
49 46 14 49 39 1.0
49 47 14 49 39 1.0
49 50 19 49 44 1.0
49 51 19 49 44 1.0
49 52 2 49 20 1.0
49 53 0 49 18 1.0
49 54 0 49 18 1.0
49 55 0 49 18 1.0
49 56 0 49 18 1.0
49 57 0 49 18 1.0
49 58 3 49 21 1.0
49 60 108 49 71 1.0
49 61 108 49 71 1.0
49 62 32 49 43 1.0
49 63 32 49 43 1.0
49 64 20 49 41 1.0
49 65 6 49 39 1.0
49 66 0 49 66 1.0
49 67 0 49 67 1.0
49 68 0 49 68 1.0
49 69 0 49 69 1.0
49 71 0 49 71 1.0
49 73 0 49 73 1.0
49 75 0 49 75 1.0
49 77 0 49 77 1.0
49 78 0 49 78 1.0
49 79 0 49 79 1.0
50 0 7 50 18 1.0
50 1 11 50 22 1.0
50 2 11 50 22 1.0
50 3 0 50 75 1.0
50 4 7 50 18 1.0
50 5 10 50 21 1.0
50 7 6 50 72 1.0
50 8 1 50 67 1.0
50 9 1 50 67 1.0
50 10 5 50 71 1.0
50 11 3 50 69 1.0
50 12 5 50 43 1.0
50 13 13 50 72 1.0
50 14 7 50 66 1.0
50 15 10 50 69 1.0
50 16 11 50 70 1.0
50 17 13 50 72 1.0
50 18 0 50 18 1.0
50 19 0 50 19 1.0
50 20 0 50 20 1.0
50 21 0 50 21 1.0
50 22 0 50 22 1.0
50 23 0 50 23 1.0
50 25 91 50 21 1.0
50 26 5 50 75 1.0
50 27 16 50 74 1.0
50 28 15 50 74 1.0
50 29 31 50 78 1.0
50 30 69 50 20 1.0
50 32 16 50 20 1.0
50 33 16 50 20 1.0
50 34 48 50 67 1.0
50 35 16 50 20 1.0
50 36 49 50 67 1.0
50 37 57 50 68 0.671875
50 37 72 50 71 0.328125
50 38 0 50 38 1.0
50 39 0 50 39 1.0
50 40 0 50 40 1.0
50 41 0 50 41 1.0
50 42 0 50 42 1.0
50 43 0 50 43 1.0
50 44 0 50 44 1.0
50 45 14 50 39 1.0
50 46 19 50 44 1.0
50 47 19 50 44 1.0
50 48 0 50 75 1.0
50 49 19 50 44 1.0
50 51 19 50 44 1.0
50 52 4 50 22 1.0
50 53 0 50 18 1.0
50 54 4 50 22 1.0
50 55 0 50 18 1.0
50 56 5 50 23 1.0
50 57 5 50 23 1.0
50 58 1 50 19 1.0
50 59 23 50 41 1.0
50 60 41 50 44 1.0
50 61 14 50 40 1.0
50 62 88 50 69 1.0
50 63 33 50 43 1.0
50 64 8 50 39 1.0
50 65 14 50 40 1.0
50 66 0 50 66 1.0
50 67 0 50 67 1.0
50 68 0 50 68 1.0
50 69 0 50 69 1.0
50 70 0 50 70 1.0
50 72 0 50 72 1.0
50 73 0 50 73 1.0
50 74 0 50 74 1.0
50 75 0 50 75 1.0
50 76 0 50 76 1.0
50 77 0 50 77 1.0
50 78 0 50 78 1.0
50 79 0 50 79 1.0
51 0 11 51 22 1.0
51 1 12 51 23 1.0
51 2 11 51 22 1.0
51 3 10 51 21 1.0
51 4 12 51 23 1.0
51 5 7 51 18 1.0
51 6 5 51 71 1.0
51 7 4 51 70 1.0
51 8 3 51 69 1.0
51 9 1 51 67 1.0
51 10 5 51 71 1.0
51 11 3 51 69 1.0
51 12 12 51 71 1.0
51 13 12 51 71 1.0
51 14 12 51 71 1.0
51 15 10 51 69 1.0
51 16 8 51 67 1.0
51 17 9 51 68 1.0
51 18 0 51 18 1.0
51 19 0 51 19 1.0
51 20 0 51 20 1.0
51 21 0 51 21 1.0
51 22 0 51 22 1.0
51 23 0 51 23 1.0
51 24 91 51 21 1.0
51 25 67 51 19 1.0
51 26 79 51 20 1.0
51 27 16 51 74 1.0
51 28 37 51 73 1.0
51 29 33 51 78 1.0
51 30 119 51 23 1.0
51 31 83 51 72 1.0
51 32 20 51 20 1.0
51 33 50 51 67 1.0
51 34 7 51 19 1.0
51 35 7 51 19 1.0
51 36 16 51 20 1.0
51 37 6 51 18 1.0
51 38 0 51 38 1.0
51 39 0 51 39 1.0
51 40 0 51 40 1.0
51 41 0 51 41 1.0
51 42 0 51 42 1.0
51 43 0 51 43 1.0
51 44 0 51 44 1.0
51 45 14 51 39 1.0
51 46 2 51 74 1.0
51 47 0 51 75 1.0
51 48 1 51 76 1.0
51 49 13 51 38 1.0
51 50 19 51 44 1.0
51 52 5 51 23 1.0
51 53 0 51 18 1.0
51 54 1 51 19 1.0
51 55 5 51 23 1.0
51 56 4 51 22 1.0
51 57 0 51 18 1.0
51 58 1 51 19 1.0
51 59 33 51 43 1.0
51 60 110 51 71 1.0
51 61 40 51 44 1.0
51 62 34 51 43 1.0
51 63 0 51 38 1.0
51 64 107 51 71 1.0
51 65 110 51 71 1.0
51 66 0 51 66 1.0
51 67 0 51 67 1.0
51 68 0 51 68 1.0
51 69 0 51 69 1.0
51 70 0 51 70 1.0
51 71 0 51 71 1.0
51 72 0 51 72 1.0
51 73 0 51 73 1.0
51 74 0 51 74 1.0
51 75 0 51 75 1.0
51 76 0 51 76 1.0
51 77 0 51 77 1.0
51 78 0 51 78 1.0
51 79 0 51 79 1.0
52 1 0 52 1 1.0
52 2 0 52 2 1.0
52 3 0 52 3 1.0
52 4 0 52 4 1.0
52 7 4 52 35 1.0
52 8 1 52 32 1.0
52 9 1 52 32 1.0
52 10 1 52 32 1.0
52 11 1 52 32 1.0
52 12 32 52 29 1.0
52 13 27 52 30 1.0
52 14 21 52 30 1.0
52 15 30 52 29 1.0
52 16 27 52 30 1.0
52 18 0 52 18 1.0
52 21 0 52 21 1.0
52 22 0 52 22 1.0
52 24 0 52 24 1.0
52 25 0 52 25 1.0
52 26 0 52 26 1.0
52 27 0 52 27 1.0
52 28 0 52 28 1.0
52 29 0 52 29 1.0
52 31 0 52 31 1.0
52 33 0 52 33 1.0
52 34 0 52 34 1.0
52 35 0 52 35 1.0
52 36 0 52 36 1.0
52 37 0 52 37 1.0
52 38 124 52 5 1.0
52 39 4 52 0 1.0
52 40 101 52 2 1.0
52 41 6 52 0 0.203125
52 41 103 52 2 0.796875
52 42 124 52 5 1.0
52 43 123 52 5 1.0
52 45 1 52 19 1.0
52 46 3 52 21 1.0
52 47 0 52 18 1.0
52 49 1 52 19 1.0
52 50 3 52 21 1.0
52 51 3 52 21 1.0
52 53 2 52 0 1.0
52 54 4 52 30 1.0
52 55 4 52 30 1.0
52 56 18 52 5 1.0
52 57 2 52 0 1.0
52 58 4 52 30 1.0
52 60 5 52 28 1.0
52 61 7 52 31 1.0
52 62 8 52 32 1.0
52 63 9 52 33 1.0
52 64 0 52 24 1.0
52 65 9 52 33 1.0
52 66 68 52 35 1.0
52 67 59 52 33 1.0
52 68 58 52 33 1.0
52 69 18 52 20 1.0
52 70 78 52 37 1.0
52 71 13 52 19 1.0
52 72 66 52 35 1.0
52 75 2 52 19 1.0
52 77 5 52 22 1.0
52 78 7 52 1 1.0
52 79 4 52 21 1.0
53 0 0 53 0 1.0
53 1 0 53 1 1.0
53 2 0 53 2 1.0
53 3 0 53 3 1.0
53 4 0 53 4 1.0
53 5 0 53 5 1.0
53 6 3 53 34 1.0
53 7 1 53 32 1.0
53 8 2 53 33 1.0
53 9 3 53 34 1.0
53 10 5 53 36 1.0
53 11 2 53 33 1.0
53 12 72 53 32 1.0
53 13 27 53 30 1.0
53 14 23 53 30 1.0
53 15 36 53 28 1.0
53 16 71 53 32 1.0
53 17 18 53 27 1.0
53 18 0 53 18 1.0
53 19 0 53 19 1.0
53 20 0 53 20 1.0
53 21 0 53 21 1.0
53 22 0 53 22 1.0
53 23 0 53 23 1.0
53 24 0 53 24 1.0
53 25 0 53 25 1.0
53 26 0 53 26 1.0
53 27 0 53 27 1.0
53 28 0 53 28 1.0
53 29 0 53 29 1.0
53 30 0 53 30 1.0
53 31 0 53 31 1.0
53 32 0 53 32 1.0
53 33 0 53 33 1.0
53 34 0 53 34 1.0
53 35 0 53 35 1.0
53 36 0 53 36 1.0
53 37 0 53 37 1.0
53 38 117 53 4 1.0
53 39 22 53 19 1.0
53 40 102 53 2 1.0
53 41 100 53 2 1.0
53 42 96 53 1 1.0
53 43 115 53 4 1.0
53 44 113 53 4 1.0
53 45 5 53 23 1.0
53 46 2 53 20 1.0
53 47 3 53 21 1.0
53 48 3 53 21 1.0
53 49 1 53 19 1.0
53 50 5 53 23 1.0
53 51 3 53 21 1.0
53 52 4 53 30 1.0
53 54 15 53 2 1.0
53 55 18 53 5 1.0
53 56 15 53 2 1.0
53 57 15 53 2 1.0
53 58 4 53 30 1.0
53 59 12 53 36 1.0
53 60 10 53 34 1.0
53 61 11 53 35 1.0
53 62 12 53 36 1.0
53 63 1 53 25 1.0
53 64 11 53 35 1.0
53 65 6 53 26 1.0
53 66 48 53 32 1.0
53 67 18 53 20 1.0
53 68 47 53 31 1.0
53 69 31 53 22 1.0
53 70 69 53 35 1.0
53 71 3 53 18 1.0
53 72 30 53 22 1.0
53 73 9 53 3 1.0
53 74 11 53 5 1.0
53 75 7 53 1 1.0
53 76 7 53 1 1.0
53 77 0 53 0 1.0
53 78 10 53 4 1.0
53 79 9 53 3 1.0
54 0 0 54 0 1.0
54 1 0 54 1 1.0
54 2 0 54 2 1.0
54 3 0 54 3 1.0
54 4 0 54 4 1.0
54 5 0 54 5 1.0
54 6 3 54 34 1.0
54 7 3 54 34 1.0
54 8 2 54 33 1.0
54 9 3 54 34 1.0
54 10 2 54 33 1.0
54 11 6 54 37 1.0
54 12 30 54 29 1.0
54 13 28 54 29 1.0
54 14 11 54 25 1.0
54 15 3 54 24 1.0
54 16 2 54 24 1.0
54 17 43 54 26 1.0
54 18 0 54 18 1.0
54 19 0 54 19 1.0
54 20 0 54 20 1.0
54 21 0 54 21 1.0
54 22 0 54 22 1.0
54 23 0 54 23 1.0
54 24 0 54 24 1.0
54 25 0 54 25 1.0
54 26 0 54 26 1.0
54 27 0 54 27 1.0
54 28 0 54 28 1.0
54 29 0 54 29 1.0
54 30 0 54 30 1.0
54 31 0 54 31 1.0
54 32 0 54 32 1.0
54 33 0 54 33 1.0
54 34 0 54 34 1.0
54 35 0 54 35 1.0
54 36 0 54 36 1.0
54 37 0 54 37 1.0
54 38 4 54 0 1.0
54 39 96 54 1 1.0
54 40 1 54 0 1.0
54 41 119 54 5 1.0
54 42 95 54 1 1.0
54 43 96 54 1 1.0
54 44 119 54 5 1.0
54 45 2 54 20 1.0
54 46 2 54 20 1.0
54 47 2 54 20 1.0
54 48 1 54 19 1.0
54 49 1 54 19 1.0
54 50 4 54 22 1.0
54 51 2 54 20 1.0
54 52 4 54 30 1.0
54 53 7 54 26 1.0
54 55 4 54 30 1.0
54 56 17 54 4 1.0
54 57 7 54 26 1.0
54 58 18 54 5 1.0
54 59 13 54 37 1.0
54 60 11 54 35 1.0
54 61 9 54 33 1.0
54 62 9 54 33 1.0
54 63 3 54 30 1.0
54 64 11 54 35 1.0
54 65 3 54 30 1.0
54 66 18 54 20 1.0
54 67 71 54 35 1.0
54 68 71 54 35 1.0
54 69 37 54 23 1.0
54 70 17 54 20 1.0
54 71 40 54 23 1.0
54 72 31 54 22 1.0
54 73 2 54 19 1.0
54 74 0 54 0 1.0
54 75 9 54 3 1.0
54 76 5 54 22 1.0
54 77 11 54 5 1.0
54 78 8 54 2 1.0
54 79 8 54 2 1.0
55 1 0 55 1 1.0
55 2 0 55 2 1.0
55 5 0 55 5 1.0
55 6 4 55 35 1.0
55 7 2 55 33 1.0
55 8 2 55 33 1.0
55 9 0 55 31 1.0
55 10 2 55 33 1.0
55 11 2 55 33 1.0
55 12 0 55 24 1.0
55 13 9 55 25 1.0
55 14 11 55 25 1.0
55 15 9 55 25 1.0
55 16 29 55 29 1.0
55 17 3 55 24 1.0
55 18 0 55 18 1.0
55 19 0 55 19 1.0
55 20 0 55 20 1.0
55 21 0 55 21 1.0
55 22 0 55 22 1.0
55 23 0 55 23 1.0
55 24 0 55 24 1.0
55 25 0 55 25 1.0
55 26 0 55 26 1.0
55 27 0 55 27 1.0
55 28 0 55 28 1.0
55 29 0 55 29 1.0
55 31 0 55 31 1.0
55 32 0 55 32 1.0
55 33 0 55 33 1.0
55 34 0 55 34 1.0
55 35 0 55 35 1.0
55 36 0 55 36 1.0
55 37 0 55 37 1.0
55 38 2 55 0 1.0
55 39 115 55 4 1.0
55 40 109 55 3 1.0
55 41 5 55 0 1.0
55 42 109 55 3 1.0
55 43 112 55 4 1.0
55 44 117 55 4 1.0
55 45 5 55 23 1.0
55 46 4 55 22 1.0
55 47 2 55 20 1.0
55 48 1 55 19 1.0
55 49 1 55 19 1.0
55 50 4 55 22 1.0
55 51 5 55 23 1.0
55 52 4 55 30 1.0
55 53 4 55 30 1.0
55 54 4 55 30 1.0
55 56 4 55 30 1.0
55 57 4 55 30 1.0
55 58 16 55 3 1.0
55 59 6 55 26 1.0
55 60 11 55 35 1.0
55 61 9 55 33 1.0
55 62 9 55 33 1.0
55 63 0 55 24 1.0
55 64 3 55 30 1.0
55 65 6 55 26 1.0
55 66 18 55 20 1.0
55 67 71 55 35 1.0
55 68 71 55 35 1.0
55 69 47 55 31 1.0
55 70 59 55 33 1.0
55 71 67 55 35 1.0
55 72 25 55 21 1.0
55 73 9 55 3 1.0
55 74 11 55 5 1.0
55 75 7 55 1 1.0
55 76 5 55 22 1.0
55 77 9 55 3 1.0
55 78 0 55 0 1.0
55 79 9 55 3 1.0
56 0 0 56 0 1.0
56 1 0 56 1 1.0
56 2 0 56 2 1.0
56 3 0 56 3 1.0
56 4 0 56 4 1.0
56 5 0 56 5 1.0
56 6 3 56 34 1.0
56 7 0 56 31 1.0
56 8 2 56 33 1.0
56 9 0 56 31 1.0
56 10 4 56 35 1.0
56 11 2 56 33 1.0
56 12 73 56 32 1.0
56 13 27 56 30 1.0
56 14 27 56 30 1.0
56 15 23 56 30 1.0
56 16 69 56 32 1.0
56 17 85 56 33 1.0
56 18 0 56 18 1.0
56 19 0 56 19 1.0
56 20 0 56 20 1.0
56 21 0 56 21 1.0
56 22 0 56 22 1.0
56 23 0 56 23 1.0
56 24 0 56 24 1.0
56 25 0 56 25 1.0
56 26 0 56 26 1.0
56 27 0 56 27 1.0
56 28 0 56 28 1.0
56 29 0 56 29 1.0
56 30 0 56 30 1.0
56 31 0 56 31 1.0
56 32 0 56 32 1.0
56 33 0 56 33 1.0
56 34 0 56 34 1.0
56 35 0 56 35 1.0
56 36 0 56 36 1.0
56 37 0 56 37 1.0
56 38 35 56 20 1.0
56 39 50 56 21 1.0
56 40 109 56 3 1.0
56 41 0 56 0 1.0
56 42 122 56 5 1.0
56 43 22 56 19 1.0
56 44 110 56 3 1.0
56 45 5 56 23 1.0
56 46 4 56 22 1.0
56 47 3 56 21 1.0
56 48 3 56 21 1.0
56 49 1 56 19 1.0
56 50 4 56 22 1.0
56 51 0 56 18 1.0
56 52 18 56 5 1.0
56 53 4 56 30 1.0
56 54 4 56 30 1.0
56 55 4 56 30 1.0
56 57 4 56 30 1.0
56 58 14 56 1 1.0
56 59 10 56 34 1.0
56 60 10 56 34 1.0
56 61 1 56 25 1.0
56 62 11 56 35 1.0
56 63 10 56 34 1.0
56 64 11 56 35 1.0
56 65 3 56 30 1.0
56 66 71 56 35 1.0
56 67 71 56 35 1.0
56 68 66 56 35 1.0
56 69 52 56 32 1.0
56 70 19 56 20 1.0
56 71 67 56 35 1.0
56 72 52 56 32 1.0
56 73 2 56 19 1.0
56 74 2 56 19 1.0
56 75 8 56 2 1.0
56 76 8 56 2 1.0
56 77 0 56 0 1.0
56 78 9 56 3 1.0
56 79 7 56 1 1.0
57 0 0 57 0 1.0
57 1 0 57 1 1.0
57 2 0 57 2 1.0
57 3 0 57 3 1.0
57 4 0 57 4 1.0
57 5 0 57 5 1.0
57 6 5 57 36 1.0
57 7 3 57 34 1.0
57 8 2 57 33 1.0
57 9 3 57 34 1.0
57 10 3 57 34 1.0
57 11 2 57 33 1.0
57 12 5 57 24 1.0
57 13 27 57 30 1.0
57 14 27 57 30 1.0
57 15 42 57 26 1.0
57 16 41 57 28 1.0
57 17 5 57 24 1.0
57 18 0 57 18 1.0
57 19 0 57 19 1.0
57 20 0 57 20 1.0
57 21 0 57 21 1.0
57 22 0 57 22 1.0
57 23 0 57 23 1.0
57 24 0 57 24 1.0
57 25 0 57 25 1.0
57 26 0 57 26 1.0
57 27 0 57 27 1.0
57 28 0 57 28 1.0
57 29 0 57 29 1.0
57 30 0 57 30 1.0
57 31 0 57 31 1.0
57 32 0 57 32 1.0
57 33 0 57 33 1.0
57 34 0 57 34 1.0
57 35 0 57 35 1.0
57 36 0 57 36 1.0
57 37 0 57 37 1.0
57 38 64 57 22 1.0
57 39 64 57 22 1.0
57 40 92 57 1 1.0
57 41 119 57 5 1.0
57 42 94 57 1 1.0
57 43 55 57 21 1.0
57 44 106 57 3 1.0
57 45 5 57 23 1.0
57 46 2 57 20 1.0
57 47 2 57 20 1.0
57 48 3 57 21 1.0
57 49 1 57 19 1.0
57 50 5 57 23 1.0
57 51 0 57 18 1.0
57 52 17 57 4 1.0
57 53 7 57 26 1.0
57 54 7 57 26 1.0
57 55 4 57 30 1.0
57 56 4 57 30 1.0
57 58 4 57 30 1.0
57 59 10 57 34 1.0
57 60 8 57 32 1.0
57 61 12 57 36 1.0
57 62 12 57 36 1.0
57 63 7 57 31 1.0
57 64 11 57 35 1.0
57 65 3 57 30 1.0
57 66 68 57 35 1.0
57 67 68 57 35 1.0
57 68 71 57 35 1.0
57 69 16 57 20 1.0
57 70 21 57 21 1.0
57 71 70 57 35 1.0
57 72 75 57 36 1.0
57 73 11 57 5 1.0
57 74 2 57 19 1.0
57 75 8 57 2 1.0
57 76 8 57 2 1.0
57 77 10 57 4 1.0
57 78 8 57 2 1.0
57 79 7 57 1 1.0
58 1 0 58 1 1.0
58 2 0 58 2 1.0
58 3 0 58 3 1.0
58 4 0 58 4 1.0
58 5 0 58 5 1.0
58 6 5 58 36 1.0
58 7 6 58 37 1.0
58 8 6 58 37 1.0
58 9 5 58 36 1.0
58 10 4 58 35 1.0
58 11 6 58 37 1.0
58 12 26 58 30 1.0
58 13 27 58 30 1.0
58 14 24 58 30 1.0
58 15 1 58 24 1.0
58 16 5 58 24 1.0
58 17 4 58 24 1.0
58 18 0 58 18 1.0
58 19 0 58 19 1.0
58 20 0 58 20 1.0
58 21 0 58 21 1.0
58 22 0 58 22 1.0
58 23 0 58 23 1.0
58 24 0 58 24 1.0
58 25 0 58 25 1.0
58 26 0 58 26 1.0
58 27 0 58 27 1.0
58 28 0 58 28 1.0
58 29 0 58 29 1.0
58 31 0 58 31 1.0
58 32 0 58 32 1.0
58 33 0 58 33 1.0
58 34 0 58 34 1.0
58 35 0 58 35 1.0
58 36 0 58 36 1.0
58 37 0 58 37 1.0
58 38 119 58 5 1.0
58 39 0 58 0 1.0
58 40 122 58 5 1.0
58 41 115 58 4 1.0
58 42 5 58 0 1.0
58 43 0 58 0 1.0
58 44 5 58 0 1.0
58 45 2 58 20 1.0
58 46 4 58 22 1.0
58 47 3 58 21 1.0
58 48 1 58 19 1.0
58 49 3 58 21 1.0
58 50 4 58 22 1.0
58 51 5 58 23 1.0
58 52 4 58 30 1.0
58 53 2 58 0 1.0
58 54 4 58 30 1.0
58 55 4 58 30 1.0
58 56 2 58 0 1.0
58 57 2 58 0 1.0
58 59 3 58 30 1.0
58 60 9 58 33 1.0
58 61 9 58 33 1.0
58 62 11 58 35 1.0
58 63 9 58 33 1.0
58 64 9 58 33 1.0
58 65 4 58 29 1.0
58 66 68 58 35 1.0
58 67 65 58 34 1.0
58 68 29 58 22 1.0
58 69 75 58 36 1.0
58 70 38 58 23 1.0
58 71 67 58 35 1.0
58 72 68 58 35 1.0
58 73 5 58 22 1.0
58 74 0 58 0 1.0
58 75 3 58 20 1.0
58 76 6 58 23 1.0
58 77 2 58 19 1.0
58 78 4 58 21 1.0
58 79 5 58 22 1.0
59 0 3 59 30 1.0
59 1 5 59 28 1.0
59 2 0 59 24 1.0
59 3 5 59 28 1.0
59 7 0 59 7 1.0
59 8 0 59 8 1.0
59 9 0 59 9 1.0
59 10 0 59 10 1.0
59 11 0 59 11 1.0
59 12 0 59 12 1.0
59 13 0 59 13 1.0
59 14 0 59 14 1.0
59 15 0 59 15 1.0
59 18 40 59 30 1.0
59 20 64 59 29 1.0
59 21 64 59 29 1.0
59 22 64 59 29 1.0
59 23 64 59 29 1.0
59 24 0 59 24 1.0
59 25 0 59 25 1.0
59 26 0 59 26 1.0
59 27 0 59 27 1.0
59 28 0 59 28 1.0
59 30 0 59 30 1.0
59 31 0 59 31 1.0
59 32 0 59 32 1.0
59 33 0 59 33 1.0
59 35 0 59 35 1.0
59 36 0 59 36 1.0
59 38 1 59 12 1.0
59 39 0 59 16 1.0
59 40 4 59 15 1.0
59 41 4 59 15 1.0
59 42 5 59 17 1.0
59 43 5 59 17 1.0
59 44 5 59 17 1.0
59 45 89 59 6 1.0
59 46 89 59 6 1.0
59 47 88 59 6 1.0
59 48 88 59 6 1.0
59 50 119 59 11 1.0
59 51 121 59 11 1.0
59 53 9 59 33 1.0
59 54 4 59 29 1.0
59 55 11 59 35 1.0
59 56 0 59 24 1.0
59 57 9 59 33 1.0
59 58 10 59 34 1.0
59 61 8 59 31 1.0
59 62 8 59 31 1.0
59 63 11 59 34 1.0
59 64 11 59 34 1.0
59 65 11 59 34 1.0
59 66 11 59 11 1.0
59 67 2 59 13 1.0
59 68 1 59 12 1.0
59 69 9 59 9 1.0
59 70 6 59 6 1.0
59 71 5 59 17 1.0
59 73 29 59 29 1.0
59 75 4 59 24 1.0
59 76 29 59 29 1.0
59 77 34 59 28 1.0
59 78 31 59 28 1.0
59 79 22 59 30 0.28125
59 79 27 59 29 0.71875
60 1 5 60 28 1.0
60 2 4 60 29 1.0
60 4 1 60 25 1.0
60 5 4 60 29 1.0
60 6 0 60 6 1.0
60 7 0 60 7 1.0
60 8 0 60 8 1.0
60 9 0 60 9 1.0
60 10 0 60 10 1.0
60 11 0 60 11 1.0
60 12 0 60 12 1.0
60 13 0 60 13 1.0
60 14 0 60 14 1.0
60 15 0 60 15 1.0
60 21 64 60 29 1.0
60 22 64 60 29 1.0
60 23 40 60 30 1.0
60 25 0 60 25 1.0
60 26 0 60 26 1.0
60 27 0 60 27 1.0
60 28 0 60 28 1.0
60 29 0 60 29 1.0
60 31 0 60 31 1.0
60 32 0 60 32 1.0
60 33 0 60 33 1.0
60 34 0 60 34 1.0
60 35 0 60 35 1.0
60 36 0 60 36 1.0
60 37 0 60 37 1.0
60 40 4 60 15 1.0
60 41 4 60 15 1.0
60 43 5 60 17 1.0
60 44 2 60 13 1.0
60 45 90 60 6 1.0
60 46 90 60 6 1.0
60 48 96 60 7 1.0
60 49 96 60 7 1.0
60 50 111 60 9 1.0
60 51 122 60 11 1.0
60 53 8 60 32 1.0
60 54 9 60 33 1.0
60 55 12 60 36 1.0
60 56 10 60 34 1.0
60 57 8 60 32 1.0
60 58 12 60 36 1.0
60 59 8 60 31 1.0
60 61 8 60 31 1.0
60 62 8 60 31 1.0
60 63 8 60 31 1.0
60 64 8 60 31 1.0
60 65 8 60 31 1.0
60 66 7 60 7 1.0
60 67 3 60 14 1.0
60 68 8 60 8 1.0
60 69 1 60 12 1.0
60 70 6 60 6 1.0
60 71 2 60 13 1.0
60 72 11 60 11 1.0
60 74 29 60 29 1.0
60 75 24 60 29 1.0
60 76 29 60 29 1.0
60 77 60 60 13 1.0
60 78 16 60 27 1.0
60 79 66 60 14 1.0
61 2 0 61 24 1.0
61 3 5 61 28 1.0
61 4 1 61 25 1.0
61 5 4 61 29 1.0
61 6 0 61 6 1.0
61 7 0 61 7 1.0
61 8 0 61 8 1.0
61 9 0 61 9 1.0
61 10 0 61 10 1.0
61 11 0 61 11 1.0
61 12 0 61 12 1.0
61 13 0 61 13 1.0
61 14 0 61 14 1.0
61 15 0 61 15 1.0
61 17 0 61 17 1.0
61 18 64 61 29 1.0
61 19 64 61 29 1.0
61 20 64 61 29 1.0
61 21 24 61 25 1.0
61 22 11 61 24 1.0
61 24 0 61 24 1.0
61 25 0 61 25 1.0
61 26 0 61 26 1.0
61 27 0 61 27 1.0
61 29 0 61 29 1.0
61 30 0 61 30 1.0
61 31 0 61 31 1.0
61 32 0 61 32 1.0
61 33 0 61 33 1.0
61 34 0 61 34 1.0
61 35 0 61 35 1.0
61 36 0 61 36 1.0
61 37 0 61 37 1.0
61 38 1 61 12 1.0
61 39 5 61 17 1.0
61 40 4 61 15 1.0
61 41 4 61 15 1.0
61 42 0 61 16 1.0
61 43 0 61 16 1.0
61 44 5 61 17 1.0
61 45 90 61 6 1.0
61 46 90 61 6 1.0
61 47 96 61 7 1.0
61 48 88 61 6 1.0
61 50 93 61 7 1.0
61 51 112 61 10 1.0
61 52 5 61 28 1.0
61 53 10 61 34 1.0
61 54 13 61 37 1.0
61 55 11 61 35 1.0
61 56 8 61 32 1.0
61 57 10 61 34 1.0
61 58 11 61 35 1.0
61 59 8 61 31 1.0
61 60 8 61 31 1.0
61 62 8 61 31 1.0
61 63 10 61 33 1.0
61 64 12 61 35 1.0
61 65 14 61 37 1.0
61 66 9 61 9 1.0
61 67 8 61 8 1.0
61 68 3 61 14 1.0
61 69 10 61 10 1.0
61 71 5 61 17 1.0
61 72 6 61 6 1.0
61 73 29 61 29 1.0
61 75 0 61 24 1.0
61 77 60 61 13 1.0
61 78 21 61 30 1.0
61 79 22 61 30 1.0
62 1 5 62 28 1.0
62 2 3 62 30 1.0
62 3 5 62 28 1.0
62 4 1 62 25 1.0
62 5 4 62 29 1.0
62 6 0 62 6 1.0
62 7 0 62 7 1.0
62 8 0 62 8 1.0
62 9 0 62 9 1.0
62 10 0 62 10 1.0
62 11 0 62 11 1.0
62 12 0 62 12 1.0
62 14 0 62 14 1.0
62 15 0 62 15 1.0
62 16 0 62 16 1.0
62 17 0 62 17 1.0
62 18 24 62 25 1.0
62 19 24 62 25 1.0
62 20 40 62 30 1.0
62 21 40 62 30 1.0
62 22 40 62 30 1.0
62 23 64 62 29 1.0
62 25 0 62 25 1.0
62 26 0 62 26 1.0
62 27 0 62 27 1.0
62 28 0 62 28 1.0
62 29 0 62 29 1.0
62 30 0 62 30 1.0
62 32 0 62 32 1.0
62 33 0 62 33 1.0
62 34 0 62 34 1.0
62 35 0 62 35 1.0
62 36 0 62 36 1.0
62 37 0 62 37 1.0
62 38 1 62 12 1.0
62 39 1 62 12 1.0
62 40 4 62 15 1.0
62 41 4 62 15 1.0
62 42 2 62 13 1.0
62 43 0 62 16 1.0
62 44 5 62 17 1.0
62 45 125 62 11 1.0
62 46 88 62 6 1.0
62 47 90 62 6 1.0
62 48 88 62 6 1.0
62 49 90 62 6 1.0
62 50 110 62 9 1.0
62 51 94 62 7 1.0
62 52 3 62 30 1.0
62 53 13 62 37 1.0
62 54 5 62 28 1.0
62 55 5 62 28 1.0
62 56 12 62 36 1.0
62 57 13 62 37 1.0
62 58 5 62 28 1.0
62 59 8 62 31 1.0
62 60 8 62 31 1.0
62 61 8 62 31 1.0
62 63 1 62 25 1.0
62 64 8 62 31 1.0
62 65 0 62 24 1.0
62 66 2 62 13 1.0
62 67 0 62 16 1.0
62 68 5 62 17 1.0
62 69 0 62 16 1.0
62 70 6 62 6 1.0
62 72 5 62 17 1.0
62 73 0 62 24 1.0
62 74 18 62 30 1.0
62 75 4 62 24 1.0
62 76 0 62 24 1.0
62 77 37 62 26 1.0
62 78 14 62 27 1.0
62 79 24 62 29 1.0
63 0 3 63 30 1.0
63 1 5 63 28 1.0
63 2 5 63 28 1.0
63 3 6 63 26 1.0
63 4 5 63 28 1.0
63 5 6 63 26 1.0
63 6 0 63 6 1.0
63 7 0 63 7 1.0
63 8 0 63 8 1.0
63 9 0 63 9 1.0
63 10 0 63 10 1.0
63 11 0 63 11 1.0
63 12 0 63 12 1.0
63 14 0 63 14 1.0
63 15 0 63 15 1.0
63 16 0 63 16 1.0
63 17 0 63 17 1.0
63 18 63 63 29 1.0
63 19 40 63 30 1.0
63 20 125 63 35 1.0
63 21 53 63 29 1.0
63 22 27 63 27 1.0
63 23 97 63 31 1.0
63 24 0 63 24 1.0
63 25 0 63 25 1.0
63 26 0 63 26 1.0
63 27 0 63 27 1.0
63 28 0 63 28 1.0
63 29 0 63 29 1.0
63 30 0 63 30 1.0
63 31 0 63 31 1.0
63 32 0 63 32 1.0
63 33 0 63 33 1.0
63 34 0 63 34 1.0
63 35 0 63 35 1.0
63 36 0 63 36 1.0
63 37 0 63 37 1.0
63 38 4 63 15 1.0
63 39 4 63 15 1.0
63 40 1 63 12 1.0
63 41 0 63 16 1.0
63 42 4 63 15 1.0
63 43 4 63 15 1.0
63 44 2 63 13 1.0
63 45 121 63 11 1.0
63 46 11 63 16 1.0
63 47 120 63 11 1.0
63 48 92 63 7 1.0
63 49 106 63 9 1.0
63 50 91 63 7 1.0
63 51 114 63 10 1.0
63 52 11 63 35 1.0
63 53 3 63 30 1.0
63 54 6 63 26 1.0
63 55 3 63 30 1.0
63 56 1 63 25 1.0
63 57 1 63 25 1.0
63 58 4 63 29 1.0
63 59 23 63 9 1.0
63 60 22 63 8 1.0
63 61 20 63 6 1.0
63 62 25 63 11 1.0
63 64 8 63 31 1.0
63 65 24 63 10 1.0
63 66 6 63 6 1.0
63 67 11 63 11 1.0
63 68 11 63 11 1.0
63 69 8 63 8 1.0
63 70 4 63 15 1.0
63 72 7 63 7 1.0
63 73 78 63 17 1.0
63 74 74 63 15 1.0
63 75 18 63 30 1.0
63 76 21 63 30 0.265625
63 76 55 63 12 0.734375
63 77 77 63 17 1.0
63 78 58 63 13 1.0
63 79 48 63 16 1.0
64 0 6 64 26 1.0
64 1 4 64 29 1.0
64 2 2 64 27 1.0
64 3 4 64 29 1.0
64 4 4 64 29 1.0
64 5 2 64 27 1.0
64 6 0 64 6 1.0
64 7 0 64 7 1.0
64 8 0 64 8 1.0
64 9 0 64 9 1.0
64 10 0 64 10 1.0
64 11 0 64 11 1.0
64 12 0 64 12 1.0
64 13 0 64 13 1.0
64 14 0 64 14 1.0
64 15 0 64 15 1.0
64 16 0 64 16 1.0
64 17 0 64 17 1.0
64 18 27 64 27 1.0
64 19 112 64 34 1.0
64 20 131 64 36 1.0
64 21 62 64 29 1.0
64 22 63 64 29 1.0
64 23 111 64 33 1.0
64 24 0 64 24 1.0
64 25 0 64 25 1.0
64 26 0 64 26 1.0
64 27 0 64 27 1.0
64 28 0 64 28 1.0
64 29 0 64 29 1.0
64 30 0 64 30 1.0
64 31 0 64 31 1.0
64 32 0 64 32 1.0
64 33 0 64 33 1.0
64 34 0 64 34 1.0
64 35 0 64 35 1.0
64 36 0 64 36 1.0
64 37 0 64 37 1.0
64 38 4 64 15 1.0
64 39 4 64 15 1.0
64 40 5 64 17 1.0
64 41 4 64 15 1.0
64 42 4 64 15 1.0
64 43 4 64 15 1.0
64 44 4 64 15 1.0
64 45 11 64 16 1.0
64 46 85 64 6 0.859375
64 46 107 64 9 0.140625
64 47 61 64 15 1.0
64 48 25 64 12 1.0
64 49 27 64 12 1.0
64 50 107 64 9 1.0
64 51 89 64 6 1.0
64 52 12 64 36 1.0
64 53 5 64 28 1.0
64 54 6 64 26 1.0
64 55 1 64 25 1.0
64 56 6 64 26 1.0
64 57 6 64 26 1.0
64 58 4 64 29 1.0
64 59 24 64 10 1.0
64 60 22 64 8 1.0
64 61 20 64 6 0.796875
64 61 23 64 9 0.203125
64 62 25 64 11 1.0
64 63 1 64 25 1.0
64 65 3 64 30 1.0
64 67 3 64 14 1.0
64 68 6 64 6 1.0
64 69 4 64 15 1.0
64 70 7 64 7 1.0
64 71 0 64 16 1.0
64 72 7 64 7 1.0
64 73 47 64 16 1.0
64 74 8 64 25 1.0
64 75 23 64 30 0.984375
64 75 49 64 12 0.015625
64 76 3 64 24 1.0
64 77 35 64 28 1.0
64 78 29 64 29 1.0
64 79 29 64 29 1.0
65 0 2 65 27 1.0
65 1 1 65 25 1.0
65 2 4 65 29 1.0
65 3 6 65 26 1.0
65 4 4 65 29 1.0
65 5 6 65 26 1.0
65 6 0 65 6 1.0
65 7 0 65 7 1.0
65 8 0 65 8 1.0
65 9 0 65 9 1.0
65 10 0 65 10 1.0
65 11 0 65 11 1.0
65 12 0 65 12 1.0
65 13 0 65 13 1.0
65 14 0 65 14 1.0
65 15 0 65 15 1.0
65 16 0 65 16 1.0
65 17 0 65 17 1.0
65 18 131 65 36 1.0
65 19 98 65 32 1.0
65 20 120 65 35 1.0
65 21 103 65 32 1.0
65 22 102 65 32 1.0
65 23 113 65 34 1.0
65 24 0 65 24 1.0
65 25 0 65 25 1.0
65 26 0 65 26 1.0
65 27 0 65 27 1.0
65 28 0 65 28 1.0
65 29 0 65 29 1.0
65 30 0 65 30 1.0
65 31 0 65 31 1.0
65 32 0 65 32 1.0
65 33 0 65 33 1.0
65 34 0 65 34 1.0
65 35 0 65 35 1.0
65 36 0 65 36 1.0
65 37 0 65 37 1.0
65 38 4 65 15 1.0
65 39 4 65 15 1.0
65 40 0 65 16 1.0
65 41 4 65 15 1.0
65 42 4 65 15 1.0
65 43 4 65 15 1.0
65 44 1 65 12 1.0
65 45 92 65 7 1.0
65 46 120 65 11 1.0
65 47 121 65 11 1.0
65 48 99 65 8 1.0
65 49 113 65 10 1.0
65 50 91 65 7 1.0
65 51 125 65 11 1.0
65 52 11 65 35 1.0
65 53 5 65 28 1.0
65 54 6 65 26 1.0
65 55 1 65 25 1.0
65 56 6 65 26 1.0
65 57 5 65 28 1.0
65 58 7 65 31 1.0
65 59 8 65 31 1.0
65 60 22 65 8 1.0
65 61 24 65 10 1.0
65 62 23 65 9 1.0
65 63 8 65 31 1.0
65 64 8 65 31 1.0
65 66 9 65 9 1.0
65 67 9 65 9 1.0
65 68 9 65 9 1.0
65 69 8 65 8 1.0
65 70 9 65 9 1.0
65 71 3 65 14 1.0
65 72 4 65 15 1.0
65 73 29 65 29 1.0
65 74 67 65 14 1.0
65 75 37 65 26 1.0
65 76 6 65 25 0.546875
65 76 78 65 17 0.453125
65 77 33 65 28 1.0
65 78 29 65 29 1.0
65 79 29 65 29 1.0
66 0 2 66 38 1.0
66 1 43 66 44 1.0
66 2 39 66 43 1.0
66 3 124 66 50 1.0
66 4 26 66 41 1.0
66 5 36 66 43 1.0
66 7 0 66 7 1.0
66 8 0 66 8 1.0
66 9 0 66 9 1.0
66 10 0 66 10 1.0
66 11 0 66 11 1.0
66 12 0 66 12 1.0
66 13 0 66 13 1.0
66 14 0 66 14 1.0
66 15 0 66 15 1.0
66 16 0 66 16 1.0
66 17 0 66 17 1.0
66 18 2 66 47 1.0
66 19 4 66 49 1.0
66 20 4 66 49 1.0
66 21 6 66 51 1.0
66 22 4 66 49 1.0
66 23 2 66 47 1.0
66 24 50 66 6 1.0
66 25 50 66 6 1.0
66 26 50 66 6 1.0
66 27 50 66 6 1.0
66 28 50 66 6 1.0
66 29 36 66 17 1.0
66 32 0 66 6 1.0
66 33 5 66 11 1.0
66 34 5 66 11 1.0
66 35 0 66 6 1.0
66 36 4 66 10 1.0
66 37 3 66 9 1.0
66 38 0 66 38 1.0
66 39 0 66 39 1.0
66 40 0 66 40 1.0
66 41 0 66 41 1.0
66 42 0 66 42 1.0
66 43 0 66 43 1.0
66 44 0 66 44 1.0
66 45 0 66 45 1.0
66 46 0 66 46 1.0
66 47 0 66 47 1.0
66 48 0 66 48 1.0
66 49 0 66 49 1.0
66 50 0 66 50 1.0
66 51 0 66 51 1.0
66 52 43 66 6 1.0
66 53 43 66 6 1.0
66 54 62 66 8 1.0
66 55 26 66 49 1.0
66 56 43 66 6 1.0
66 57 28 66 49 1.0
66 58 28 66 49 1.0
66 59 10 66 10 1.0
66 60 8 66 8 1.0
66 61 10 66 10 1.0
66 62 6 66 6 1.0
66 63 6 66 6 1.0
66 64 6 66 6 1.0
66 65 5 66 17 1.0
66 67 0 66 16 1.0
66 68 2 66 39 1.0
66 69 16 66 13 1.0
66 70 20 66 6 1.0
66 71 14 66 51 1.0
66 72 19 66 17 1.0
66 73 10 66 48 1.0
66 74 11 66 49 1.0
66 75 7 66 45 1.0
66 76 11 66 49 1.0
66 77 9 66 47 1.0
67 0 35 67 43 1.0
67 1 36 67 43 1.0
67 2 28 67 42 1.0
67 3 72 67 46 1.0
67 4 36 67 43 1.0
67 5 1 67 38 1.0
67 6 0 67 6 1.0
67 7 0 67 7 1.0
67 8 0 67 8 1.0
67 9 0 67 9 1.0
67 10 0 67 10 1.0
67 11 0 67 11 1.0
67 12 0 67 12 1.0
67 13 0 67 13 1.0
67 14 0 67 14 1.0
67 15 0 67 15 1.0
67 16 0 67 16 1.0
67 17 0 67 17 1.0
67 18 5 67 50 1.0
67 19 0 67 45 1.0
67 20 5 67 50 1.0
67 21 5 67 50 1.0
67 22 5 67 50 1.0
67 23 5 67 50 1.0
67 24 35 67 17 1.0
67 25 15 67 13 1.0
67 26 50 67 6 1.0
67 27 58 67 7 1.0
67 28 6 67 16 1.0
67 29 39 67 17 1.0
67 30 27 67 14 1.0
67 31 3 67 9 1.0
67 32 3 67 9 1.0
67 33 2 67 8 1.0
67 34 2 67 8 1.0
67 35 2 67 8 1.0
67 36 5 67 11 1.0
67 37 5 67 11 1.0
67 38 0 67 38 1.0
67 39 0 67 39 1.0
67 40 0 67 40 1.0
67 41 0 67 41 1.0
67 42 0 67 42 1.0
67 43 0 67 43 1.0
67 44 0 67 44 1.0
67 45 0 67 45 1.0
67 46 0 67 46 1.0
67 47 0 67 47 1.0
67 48 0 67 48 1.0
67 49 0 67 49 1.0
67 50 0 67 50 1.0
67 51 0 67 51 1.0
67 52 29 67 49 1.0
67 53 69 67 9 1.0
67 54 43 67 6 1.0
67 55 43 67 6 1.0
67 56 43 67 6 1.0
67 57 67 67 9 1.0
67 58 21 67 48 1.0
67 59 4 67 15 1.0
67 60 4 67 15 1.0
67 61 4 67 15 1.0
67 62 4 67 15 1.0
67 63 8 67 8 1.0
67 64 2 67 13 1.0
67 65 3 67 14 1.0
67 66 19 67 17 1.0
67 68 16 67 13 1.0
67 69 17 67 14 1.0
67 70 0 67 16 1.0
67 71 16 67 13 1.0
67 72 1 67 38 1.0
67 73 9 67 47 1.0
67 74 9 67 47 1.0
67 75 13 67 51 1.0
67 76 13 67 51 1.0
67 77 0 67 38 1.0
67 78 2 67 40 1.0
67 79 2 67 40 1.0
68 0 13 68 39 1.0
68 1 36 68 43 1.0
68 2 28 68 42 1.0
68 3 111 68 49 1.0
68 4 13 68 39 1.0
68 5 21 68 41 1.0
68 6 0 68 6 1.0
68 7 0 68 7 1.0
68 8 0 68 8 1.0
68 9 0 68 9 1.0
68 10 0 68 10 1.0
68 11 0 68 11 1.0
68 12 0 68 12 1.0
68 13 0 68 13 1.0
68 14 0 68 14 1.0
68 15 0 68 15 1.0
68 16 0 68 16 1.0
68 17 0 68 17 1.0
68 18 5 68 50 1.0
68 19 0 68 45 1.0
68 20 0 68 45 1.0
68 21 5 68 50 1.0
68 22 5 68 50 1.0
68 23 5 68 50 1.0
68 24 37 68 17 1.0
68 25 1 68 16 1.0
68 26 1 68 16 1.0
68 27 41 68 17 1.0
68 28 57 68 7 1.0
68 29 87 68 9 1.0
68 30 1 68 16 1.0
68 31 1 68 7 1.0
68 32 0 68 6 1.0
68 33 2 68 8 1.0
68 34 2 68 8 1.0
68 35 2 68 8 1.0
68 36 5 68 11 1.0
68 37 5 68 11 1.0
68 38 0 68 38 1.0
68 39 0 68 39 1.0
68 40 0 68 40 1.0
68 41 0 68 41 1.0
68 42 0 68 42 1.0
68 43 0 68 43 1.0
68 44 0 68 44 1.0
68 45 0 68 45 1.0
68 46 0 68 46 1.0
68 47 0 68 47 1.0
68 48 0 68 48 1.0
68 49 0 68 49 1.0
68 50 0 68 50 1.0
68 51 0 68 51 1.0
68 52 12 68 47 1.0
68 53 54 68 7 1.0
68 54 43 68 6 1.0
68 55 43 68 6 1.0
68 56 43 68 6 1.0
68 57 43 68 6 1.0
68 58 56 68 8 1.0
68 59 4 68 15 1.0
68 60 4 68 15 1.0
68 61 4 68 15 1.0
68 62 5 68 17 1.0
68 63 1 68 12 1.0
68 64 3 68 14 1.0
68 65 3 68 14 1.0
68 66 19 68 17 1.0
68 67 17 68 14 1.0
68 69 7 68 44 1.0
68 70 20 68 6 1.0
68 71 19 68 17 1.0
68 72 1 68 38 1.0
68 73 13 68 51 1.0
68 74 12 68 50 1.0
68 75 9 68 47 1.0
68 76 13 68 51 1.0
68 77 2 68 40 1.0
68 78 2 68 40 1.0
68 79 2 68 40 1.0
69 0 35 69 43 1.0
69 1 36 69 43 1.0
69 2 42 69 44 1.0
69 3 124 69 50 1.0
69 4 6 69 38 1.0
69 5 36 69 43 1.0
69 6 0 69 6 1.0
69 7 0 69 7 1.0
69 8 0 69 8 1.0
69 9 0 69 9 1.0
69 10 0 69 10 1.0
69 11 0 69 11 1.0
69 12 0 69 12 1.0
69 13 0 69 13 1.0
69 14 0 69 14 1.0
69 15 0 69 15 1.0
69 16 0 69 16 1.0
69 17 0 69 17 1.0
69 18 6 69 51 1.0
69 19 6 69 51 1.0
69 20 6 69 51 1.0
69 21 6 69 51 1.0
69 22 6 69 51 1.0
69 23 5 69 50 1.0
69 24 31 69 15 1.0
69 25 27 69 14 1.0
69 26 33 69 15 1.0
69 27 28 69 15 1.0
69 28 33 69 15 1.0
69 29 34 69 15 1.0
69 30 22 69 14 1.0
69 31 4 69 10 1.0
69 32 3 69 9 1.0
69 33 2 69 8 1.0
69 34 0 69 6 1.0
69 35 1 69 7 1.0
69 36 5 69 11 1.0
69 37 5 69 11 1.0
69 38 0 69 38 1.0
69 39 0 69 39 1.0
69 40 0 69 40 1.0
69 41 0 69 41 1.0
69 42 0 69 42 1.0
69 43 0 69 43 1.0
69 44 0 69 44 1.0
69 45 0 69 45 1.0
69 46 0 69 46 1.0
69 47 0 69 47 1.0
69 48 0 69 48 1.0
69 49 0 69 49 1.0
69 50 0 69 50 1.0
69 51 0 69 51 1.0
69 52 77 69 11 1.0
69 53 79 69 11 1.0
69 54 76 69 10 1.0
69 55 26 69 49 1.0
69 56 51 69 7 1.0
69 57 20 69 48 1.0
69 58 9 69 46 1.0
69 59 11 69 11 1.0
69 60 1 69 12 1.0
69 61 8 69 8 1.0
69 62 3 69 14 1.0
69 63 1 69 12 1.0
69 64 5 69 17 1.0
69 65 1 69 12 1.0
69 67 16 69 13 1.0
69 68 4 69 41 1.0
69 70 0 69 16 1.0
69 71 19 69 17 1.0
69 72 16 69 13 1.0
69 73 9 69 47 1.0
69 74 5 69 43 1.0
69 75 0 69 38 1.0
69 76 7 69 45 1.0
69 77 0 69 38 1.0
69 78 3 69 41 1.0
69 79 2 69 40 1.0
70 0 29 70 42 1.0
70 1 43 70 44 1.0
70 2 40 70 43 1.0
70 3 111 70 49 1.0
70 4 22 70 41 1.0
70 5 9 70 39 1.0
70 6 0 70 6 1.0
70 7 0 70 7 1.0
70 8 0 70 8 1.0
70 9 0 70 9 1.0
70 10 0 70 10 1.0
70 14 0 70 14 1.0
70 15 0 70 15 1.0
70 16 0 70 16 1.0
70 18 4 70 49 1.0
70 19 0 70 45 1.0
70 20 3 70 48 1.0
70 21 3 70 48 1.0
70 23 6 70 51 1.0
70 24 30 70 15 1.0
70 25 15 70 13 1.0
70 26 17 70 13 1.0
70 27 41 70 17 1.0
70 29 40 70 17 1.0
70 30 6 70 16 1.0
70 31 3 70 9 1.0
70 32 1 70 7 1.0
70 33 5 70 11 1.0
70 34 5 70 11 1.0
70 35 0 70 6 1.0
70 37 5 70 11 1.0
70 38 0 70 38 1.0
70 39 0 70 39 1.0
70 40 0 70 40 1.0
70 41 0 70 41 1.0
70 42 0 70 42 1.0
70 43 0 70 43 1.0
70 44 0 70 44 1.0
70 45 0 70 45 1.0
70 46 0 70 46 1.0
70 47 0 70 47 1.0
70 50 0 70 50 1.0
70 51 0 70 51 1.0
70 53 22 70 48 1.0
70 54 62 70 8 1.0
70 55 54 70 7 1.0
70 56 14 70 47 1.0
70 57 59 70 8 1.0
70 58 75 70 10 1.0
70 59 7 70 7 1.0
70 61 6 70 6 1.0
70 62 5 70 17 1.0
70 63 7 70 7 1.0
70 64 7 70 7 1.0
70 65 4 70 15 1.0
70 66 16 70 13 1.0
70 67 19 70 17 1.0
70 68 19 70 17 1.0
70 69 15 70 12 1.0
70 71 3 70 40 0.953125
70 71 14 70 51 0.046875
70 72 16 70 13 1.0
70 73 0 70 38 1.0
70 74 10 70 48 1.0
70 75 7 70 45 1.0
70 76 5 70 43 1.0
70 77 1 70 39 1.0
70 78 8 70 46 1.0
70 79 8 70 46 1.0
71 0 99 71 48 1.0
71 1 101 71 49 1.0
71 2 64 71 46 1.0
71 3 14 71 40 0.140625
71 3 91 71 48 0.578125
71 3 109 71 49 0.28125
71 4 134 71 51 1.0
71 5 40 71 43 0.109375
71 5 50 71 45 0.890625
71 6 0 71 6 1.0
71 7 0 71 7 1.0
71 9 0 71 9 1.0
71 10 0 71 10 1.0
71 12 0 71 12 1.0
71 14 0 71 14 1.0
71 15 0 71 15 1.0
71 17 0 71 17 1.0
71 19 3 71 48 1.0
71 20 1 71 46 1.0
71 23 0 71 45 1.0
71 24 121 71 11 1.0
71 25 123 71 11 1.0
71 26 55 71 6 1.0
71 27 43 71 6 1.0
71 29 28 71 15 1.0
71 30 4 71 16 0.0625
71 30 97 71 9 0.9375
71 31 1 71 7 1.0
71 32 4 71 10 1.0
71 37 0 71 6 1.0
71 40 0 71 40 1.0
71 41 0 71 41 1.0
71 42 0 71 42 1.0
71 44 0 71 44 1.0
71 45 0 71 45 1.0
71 46 0 71 46 1.0
71 50 0 71 50 1.0
71 51 0 71 51 1.0
71 53 62 71 8 1.0
71 54 3 71 45 1.0
71 56 12 71 47 1.0
71 57 27 71 49 1.0
71 58 42 71 6 1.0
71 63 6 71 6 1.0
71 64 5 71 17 1.0
71 65 0 71 16 1.0
71 66 16 71 13 1.0
71 67 0 71 16 1.0
71 68 0 71 16 1.0
71 69 0 71 16 1.0
71 70 17 71 14 1.0
71 72 19 71 17 1.0
71 73 13 71 51 1.0
71 74 5 71 43 1.0
71 77 10 71 48 1.0
71 78 1 71 39 1.0
71 79 1 71 39 1.0
72 0 1 72 38 1.0
72 1 40 72 43 1.0
72 2 8 72 39 1.0
72 3 9 72 39 1.0
72 4 21 72 41 1.0
72 5 1 72 38 1.0
72 6 0 72 6 1.0
72 7 0 72 7 1.0
72 8 0 72 8 1.0
72 9 0 72 9 1.0
72 10 0 72 10 1.0
72 11 0 72 11 1.0
72 12 0 72 12 1.0
72 14 0 72 14 1.0
72 15 0 72 15 1.0
72 17 0 72 17 1.0
72 19 5 72 50 1.0
72 20 5 72 50 1.0
72 21 4 72 49 1.0
72 23 6 72 51 1.0
72 24 14 72 13 1.0
72 25 39 72 17 1.0
72 26 28 72 15 1.0
72 27 1 72 16 1.0
72 29 3 72 16 1.0
72 30 27 72 14 1.0
72 31 0 72 6 1.0
72 32 4 72 10 1.0
72 33 0 72 6 1.0
72 34 1 72 7 1.0
72 35 5 72 11 1.0
72 38 0 72 38 1.0
72 40 0 72 40 1.0
72 41 0 72 41 1.0
72 42 0 72 42 1.0
72 43 0 72 43 1.0
72 44 0 72 44 1.0
72 45 0 72 45 1.0
72 46 0 72 46 1.0
72 47 0 72 47 1.0
72 48 0 72 48 1.0
72 50 0 72 50 1.0
72 51 0 72 51 1.0
72 52 37 72 51 1.0
72 53 11 72 46 1.0
72 54 26 72 49 1.0
72 55 65 72 9 1.0
72 56 70 72 10 1.0
72 57 59 72 8 1.0
72 58 0 72 45 1.0
72 59 6 72 6 1.0
72 61 6 72 6 1.0
72 62 0 72 16 1.0
72 63 6 72 6 1.0
72 64 7 72 7 1.0
72 65 4 72 15 1.0
72 66 16 72 13 1.0
72 67 2 72 39 1.0
72 68 2 72 39 1.0
72 69 0 72 16 1.0
72 70 19 72 17 1.0
72 71 6 72 43 1.0
72 73 11 72 49 1.0
72 74 10 72 48 1.0
72 75 7 72 45 1.0
72 77 12 72 50 1.0
72 78 2 72 40 1.0
72 79 13 72 51 1.0
73 0 0 73 0 1.0
73 1 0 73 1 1.0
73 2 0 73 2 1.0
73 3 0 73 3 1.0
73 4 0 73 4 1.0
73 5 0 73 5 1.0
73 6 10 73 38 1.0
73 7 10 73 38 1.0
73 9 53 73 42 1.0
73 10 117 73 48 1.0
73 11 138 73 51 1.0
73 12 5 73 43 1.0
73 14 2 73 40 1.0
73 15 2 73 40 1.0
73 18 0 73 18 1.0
73 19 0 73 19 1.0
73 20 0 73 20 1.0
73 22 0 73 22 1.0
73 23 0 73 23 1.0
73 24 3 73 3 1.0
73 25 4 73 4 0.75
73 25 5 73 5 0.25
73 26 4 73 4 1.0
73 27 4 73 4 1.0
73 28 0 73 0 1.0
73 29 1 73 1 1.0
73 30 1 73 1 0.78125
73 30 4 73 4 0.21875
73 31 123 73 5 1.0
73 32 48 73 22 1.0
73 36 116 73 5 1.0
73 37 116 73 5 1.0
73 39 0 73 39 1.0
73 40 0 73 40 1.0
73 41 0 73 41 1.0
73 42 0 73 42 1.0
73 43 0 73 43 1.0
73 44 0 73 44 1.0
73 45 0 73 45 1.0
73 47 0 73 47 1.0
73 48 0 73 48 1.0
73 50 0 73 50 1.0
73 51 0 73 51 1.0
73 52 4 73 21 1.0
73 53 3 73 20 1.0
73 54 5 73 22 1.0
73 55 0 73 0 1.0
73 56 3 73 20 1.0
73 57 3 73 20 1.0
73 58 1 73 18 1.0
73 60 38 73 5 1.0
73 61 46 73 38 1.0
73 62 38 73 5 1.0
73 63 67 73 42 1.0
73 64 69 73 42 1.0
73 65 66 73 42 1.0
73 66 11 73 49 1.0
73 67 1 73 39 1.0
73 68 3 73 41 1.0
73 69 1 73 39 1.0
73 70 0 73 38 1.0
73 71 2 73 40 1.0
73 72 9 73 47 1.0
73 74 1 73 18 0.59375
73 74 6 73 23 0.40625
73 76 4 73 21 1.0
73 77 4 73 21 1.0
73 78 23 73 49 1.0
73 79 23 73 49 1.0
74 0 0 74 0 1.0
74 1 0 74 1 1.0
74 2 0 74 2 1.0
74 3 0 74 3 1.0
74 4 0 74 4 1.0
74 5 0 74 5 1.0
74 6 3 74 38 1.0
74 7 96 74 45 1.0
74 8 138 74 51 1.0
74 9 52 74 42 1.0
74 10 115 74 48 1.0
74 11 138 74 51 1.0
74 14 2 74 40 1.0
74 15 6 74 44 1.0
74 16 5 74 43 1.0
74 18 0 74 18 1.0
74 19 0 74 19 1.0
74 20 0 74 20 1.0
74 22 0 74 22 1.0
74 23 0 74 23 1.0
74 24 0 74 0 0.078125
74 24 5 74 5 0.921875
74 25 5 74 5 1.0
74 26 2 74 2 1.0
74 27 0 74 0 1.0
74 28 0 74 0 1.0
74 29 5 74 5 1.0
74 30 2 74 2 0.609375
74 30 5 74 5 0.390625
74 31 72 74 2 1.0
74 32 64 74 1 1.0
74 37 116 74 5 1.0
74 38 0 74 38 1.0
74 40 0 74 40 1.0
74 41 0 74 41 1.0
74 42 0 74 42 1.0
74 44 0 74 44 1.0
74 45 0 74 45 1.0
74 50 0 74 50 1.0
74 51 0 74 51 1.0
74 53 2 74 19 1.0
74 54 1 74 18 1.0
74 55 0 74 0 1.0
74 56 3 74 20 1.0
74 57 2 74 19 1.0
74 58 0 74 0 1.0
74 62 10 74 1 1.0
74 63 74 74 43 1.0
74 64 33 74 4 1.0
74 65 77 74 43 1.0
74 66 11 74 49 1.0
74 67 5 74 43 1.0
74 68 1 74 39 1.0
74 69 8 74 46 1.0
74 70 0 74 38 1.0
74 71 2 74 40 1.0
74 72 5 74 43 1.0
74 73 6 74 23 0.625
74 73 23 74 49 0.375
74 77 4 74 21 1.0
74 78 21 74 47 1.0
74 79 4 74 21 1.0
75 0 0 75 0 1.0
75 1 0 75 1 1.0
75 2 0 75 2 1.0
75 8 65 75 43 1.0
75 9 138 75 51 1.0
75 10 138 75 51 1.0
75 11 138 75 51 1.0
75 12 6 75 44 1.0
75 14 3 75 41 1.0
75 15 5 75 43 1.0
75 17 5 75 43 1.0
75 20 0 75 20 1.0
75 21 0 75 21 1.0
75 24 0 75 0 1.0
75 25 3 75 3 1.0
75 26 2 75 2 1.0
75 27 0 75 0 1.0
75 28 4 75 4 1.0
75 30 1 75 1 1.0
75 31 107 75 4 1.0
75 32 113 75 5 1.0
75 33 60 75 1 1.0
75 34 60 75 1 1.0
75 36 60 75 1 1.0
75 37 60 75 1 1.0
75 39 0 75 39 1.0
75 40 0 75 40 1.0
75 41 0 75 41 1.0
75 43 0 75 43 1.0
75 45 0 75 45 1.0
75 46 0 75 46 1.0
75 49 0 75 49 1.0
75 50 0 75 50 1.0
75 51 0 75 51 1.0
75 52 5 75 22 1.0
75 53 3 75 20 1.0
75 54 11 75 5 1.0
75 55 10 75 4 1.0
75 56 7 75 1 1.0
75 57 3 75 20 1.0
75 58 2 75 19 1.0
75 59 10 75 1 1.0
75 60 34 75 4 1.0
75 61 34 75 4 1.0
75 62 34 75 4 1.0
75 63 78 75 44 1.0
75 64 2 75 0 1.0
75 65 41 75 5 1.0
75 66 10 75 48 1.0
75 67 8 75 46 1.0
75 68 11 75 49 1.0
75 69 7 75 45 1.0
75 70 1 75 39 1.0
75 71 13 75 51 1.0
75 72 0 75 38 1.0
75 73 21 75 47 1.0
75 77 6 75 23 1.0
75 78 6 75 23 1.0
75 79 6 75 23 1.0
76 1 0 76 1 1.0
76 2 0 76 2 1.0
76 3 0 76 3 1.0
76 4 0 76 4 1.0
76 5 0 76 5 1.0
76 7 138 76 51 1.0
76 9 138 76 51 1.0
76 11 138 76 51 1.0
76 12 5 76 43 1.0
76 13 5 76 43 1.0
76 14 2 76 40 1.0
76 15 4 76 42 1.0
76 19 0 76 19 1.0
76 20 0 76 20 1.0
76 25 2 76 2 1.0
76 26 1 76 1 1.0
76 27 5 76 5 1.0
76 30 1 76 1 1.0
76 31 107 76 4 1.0
76 32 113 76 5 1.0
76 34 116 76 5 1.0
76 36 116 76 5 1.0
76 37 60 76 1 1.0
76 38 0 76 38 1.0
76 39 0 76 39 1.0
76 40 0 76 40 1.0
76 41 0 76 41 1.0
76 42 0 76 42 1.0
76 44 0 76 44 1.0
76 45 0 76 45 1.0
76 46 0 76 46 1.0
76 47 0 76 47 1.0
76 50 0 76 50 1.0
76 51 0 76 51 1.0
76 53 11 76 5 1.0
76 54 0 76 0 1.0
76 55 0 76 0 1.0
76 56 7 76 1 1.0
76 57 11 76 5 1.0
76 58 6 76 23 1.0
76 62 36 76 5 1.0
76 63 82 76 44 1.0
76 64 49 76 39 1.0
76 65 82 76 44 1.0
76 66 11 76 49 1.0
76 67 1 76 39 1.0
76 68 1 76 39 1.0
76 69 7 76 45 1.0
76 74 6 76 23 1.0
76 77 23 76 49 1.0
76 78 23 76 49 1.0
76 79 6 76 23 1.0
77 0 0 77 0 1.0
77 1 0 77 1 1.0
77 2 0 77 2 1.0
77 3 0 77 3 1.0
77 4 0 77 4 1.0
77 5 0 77 5 1.0
77 6 110 77 47 1.0
77 7 98 77 46 1.0
77 8 108 77 47 1.0
77 9 116 77 48 1.0
77 10 138 77 51 1.0
77 11 109 77 47 1.0
77 12 2 77 40 1.0
77 13 0 77 38 1.0
77 14 5 77 43 1.0
77 15 0 77 38 1.0
77 16 2 77 40 1.0
77 17 2 77 40 1.0
77 18 0 77 18 1.0
77 19 0 77 19 1.0
77 20 0 77 20 1.0
77 21 0 77 21 1.0
77 22 0 77 22 1.0
77 23 0 77 23 1.0
77 24 5 77 5 1.0
77 25 1 77 1 1.0
77 26 5 77 5 1.0
77 27 5 77 5 1.0
77 28 2 77 2 1.0
77 29 3 77 3 1.0
77 30 2 77 2 1.0
77 31 48 77 22 1.0
77 32 50 77 23 1.0
77 33 25 77 19 1.0
77 34 26 77 19 1.0
77 35 14 77 18 1.0
77 36 94 77 3 1.0
77 37 26 77 19 1.0
77 38 0 77 38 1.0
77 39 0 77 39 1.0
77 40 0 77 40 1.0
77 41 0 77 41 1.0
77 42 0 77 42 1.0
77 43 0 77 43 1.0
77 44 0 77 44 1.0
77 45 0 77 45 1.0
77 46 0 77 46 1.0
77 47 0 77 47 1.0
77 48 0 77 48 1.0
77 49 0 77 49 1.0
77 50 0 77 50 1.0
77 51 0 77 51 1.0
77 52 5 77 22 1.0
77 53 0 77 0 1.0
77 54 8 77 2 1.0
77 55 0 77 0 1.0
77 56 9 77 3 1.0
77 57 0 77 0 1.0
77 58 4 77 21 1.0
77 59 63 77 41 1.0
77 60 61 77 41 1.0
77 61 65 77 41 1.0
77 62 2 77 0 1.0
77 63 80 77 44 1.0
77 64 5 77 0 1.0
77 65 42 77 38 1.0
77 66 2 77 40 1.0
77 67 7 77 45 1.0
77 68 2 77 40 1.0
77 69 7 77 45 1.0
77 70 2 77 40 1.0
77 71 1 77 39 1.0
77 72 2 77 40 1.0
77 73 22 77 48 1.0
77 74 23 77 49 1.0
77 75 4 77 21 1.0
77 76 23 77 49 1.0
77 78 6 77 23 1.0
77 79 25 77 51 1.0
78 0 0 78 0 1.0
78 1 0 78 1 1.0
78 2 0 78 2 1.0
78 3 0 78 3 1.0
78 4 0 78 4 1.0
78 5 0 78 5 1.0
78 6 76 78 43 1.0
78 7 119 78 49 1.0
78 8 106 78 47 1.0
78 9 92 78 45 1.0
78 10 138 78 51 1.0
78 11 110 78 47 1.0
78 12 2 78 40 1.0
78 13 0 78 38 1.0
78 14 2 78 40 1.0
78 15 3 78 41 1.0
78 16 2 78 40 1.0
78 17 3 78 41 1.0
78 18 0 78 18 1.0
78 19 0 78 19 1.0
78 20 0 78 20 1.0
78 21 0 78 21 1.0
78 22 0 78 22 1.0
78 23 0 78 23 1.0
78 24 3 78 3 1.0
78 25 3 78 3 1.0
78 26 4 78 4 1.0
78 27 5 78 5 1.0
78 28 2 78 2 1.0
78 29 3 78 3 1.0
78 30 3 78 3 1.0
78 31 28 78 20 1.0
78 32 40 78 21 1.0
78 33 13 78 0 1.0
78 34 13 78 0 1.0
78 35 40 78 21 1.0
78 36 60 78 1 1.0
78 37 46 78 22 0.578125
78 37 107 78 4 0.421875
78 38 0 78 38 1.0
78 39 0 78 39 1.0
78 40 0 78 40 1.0
78 41 0 78 41 1.0
78 42 0 78 42 1.0
78 43 0 78 43 1.0
78 44 0 78 44 1.0
78 45 0 78 45 1.0
78 46 0 78 46 1.0
78 47 0 78 47 1.0
78 48 0 78 48 1.0
78 49 0 78 49 1.0
78 50 0 78 50 1.0
78 51 0 78 51 1.0
78 52 5 78 22 1.0
78 53 3 78 20 1.0
78 54 9 78 3 1.0
78 55 0 78 0 1.0
78 56 10 78 4 1.0
78 57 8 78 2 1.0
78 58 4 78 21 1.0
78 59 31 78 4 1.0
78 60 2 78 0 1.0
78 61 29 78 4 1.0
78 62 8 78 1 1.0
78 63 71 78 42 1.0
78 64 10 78 1 1.0
78 65 34 78 4 1.0
78 66 13 78 51 1.0
78 67 2 78 40 1.0
78 68 7 78 45 1.0
78 69 7 78 45 1.0
78 70 3 78 41 1.0
78 71 13 78 51 1.0
78 72 9 78 47 1.0
78 73 22 78 48 1.0
78 74 23 78 49 1.0
78 75 4 78 21 1.0
78 76 22 78 48 1.0
78 77 25 78 51 1.0
78 79 25 78 51 1.0
79 0 0 79 0 1.0
79 1 0 79 1 1.0
79 2 0 79 2 1.0
79 3 0 79 3 1.0
79 4 0 79 4 1.0
79 5 0 79 5 1.0
79 6 123 79 49 1.0
79 7 105 79 47 1.0
79 8 23 79 39 1.0
79 9 103 79 46 1.0
79 10 125 79 49 1.0
79 11 96 79 45 1.0
79 12 2 79 40 1.0
79 14 2 79 40 1.0
79 15 3 79 41 1.0
79 16 3 79 41 1.0
79 17 3 79 41 1.0
79 18 0 79 18 1.0
79 19 0 79 19 1.0
79 20 0 79 20 1.0
79 21 0 79 21 1.0
79 22 0 79 22 1.0
79 23 0 79 23 1.0
79 24 3 79 3 1.0
79 25 3 79 3 1.0
79 26 4 79 4 1.0
79 27 5 79 5 1.0
79 28 1 79 1 1.0
79 29 0 79 0 1.0
79 30 4 79 4 1.0
79 31 25 79 19 1.0
79 32 53 79 23 1.0
79 33 86 79 3 1.0
79 34 125 79 5 1.0
79 35 94 79 3 1.0
79 36 86 79 3 1.0
79 37 125 79 5 1.0
79 38 0 79 38 1.0
79 39 0 79 39 1.0
79 40 0 79 40 1.0
79 41 0 79 41 1.0
79 42 0 79 42 1.0
79 43 0 79 43 1.0
79 44 0 79 44 1.0
79 45 0 79 45 1.0
79 46 0 79 46 1.0
79 47 0 79 47 1.0
79 48 0 79 48 1.0
79 49 0 79 49 1.0
79 50 0 79 50 1.0
79 51 0 79 51 1.0
79 52 7 79 1 1.0
79 53 3 79 20 1.0
79 54 9 79 3 1.0
79 55 0 79 0 1.0
79 56 10 79 4 1.0
79 57 8 79 2 1.0
79 58 6 79 23 1.0
79 59 22 79 3 1.0
79 60 57 79 40 1.0
79 61 23 79 3 1.0
79 62 24 79 3 0.265625
79 62 25 79 3 0.734375
79 63 50 79 39 1.0
79 64 34 79 4 1.0
79 65 34 79 4 1.0
79 67 7 79 45 1.0
79 68 7 79 45 1.0
79 69 11 79 49 1.0
79 70 3 79 41 1.0
79 71 13 79 51 1.0
79 72 5 79 43 1.0
79 73 5 79 22 1.0
79 74 23 79 49 1.0
79 75 4 79 21 1.0
79 76 22 79 48 1.0
79 77 25 79 51 1.0
79 78 6 79 23 1.0
