0 1 19 0 57 0.90625
0 1 21 0 18 0.09375
0 2 24 0 21 1.0
0 3 8 0 53 1.0
0 4 20 0 58 1.0
0 5 2 0 55 1.0
0 6 115 0 26 1.0
0 7 39 0 27 1.0
0 8 86 0 52 1.0
0 9 108 0 26 1.0
0 10 77 0 53 1.0
0 14 48 0 76 1.0
0 15 48 0 76 1.0
0 17 42 0 76 1.0
0 19 0 0 19 1.0
0 20 0 0 20 1.0
0 22 0 0 22 1.0
0 23 0 0 23 1.0
0 24 0 0 24 1.0
0 25 0 0 25 1.0
0 26 0 0 26 1.0
0 27 0 0 27 1.0
0 29 0 0 29 1.0
0 30 0 0 30 1.0
0 31 3 0 27 0.484375
0 31 12 0 57 0.515625
0 32 11 0 56 1.0
0 39 1 0 76 1.0
0 40 1 0 76 1.0
0 41 6 0 73 1.0
0 42 6 0 73 1.0
0 43 1 0 76 1.0
0 44 2 0 74 1.0
0 45 9 0 20 1.0
0 47 12 0 23 1.0
0 50 7 0 18 1.0
0 51 7 0 18 1.0
0 53 0 0 53 1.0
0 54 0 0 54 1.0
0 55 0 0 55 1.0
0 56 0 0 56 1.0
0 57 0 0 57 1.0
0 58 0 0 58 1.0
0 63 4 0 29 1.0
0 64 2 0 27 1.0
0 65 2 0 27 1.0
0 66 101 0 18 1.0
0 67 102 0 18 1.0
0 68 100 0 18 1.0
0 69 115 0 20 1.0
0 70 126 0 22 1.0
0 71 56 0 77 1.0
0 72 98 0 18 1.0
0 73 0 0 73 1.0
0 74 0 0 74 1.0
0 77 0 0 77 1.0
0 78 0 0 78 1.0
0 79 0 0 79 1.0
1 0 2 1 55 0.3125
1 0 19 1 57 0.6875
1 2 25 1 22 1.0
1 3 10 1 52 1.0
1 4 21 1 18 1.0
1 5 10 1 52 1.0
1 6 135 1 57 1.0
1 7 79 1 53 1.0
1 8 86 1 52 1.0
1 9 135 1 57 1.0
1 10 145 1 58 1.0
1 11 88 1 52 1.0
1 12 42 1 76 1.0
1 13 19 1 75 1.0
1 14 35 1 29 1.0
1 15 42 1 76 1.0
1 16 36 1 29 1.0
1 17 42 1 76 1.0
1 18 0 1 18 1.0
1 19 0 1 19 1.0
1 20 0 1 20 1.0
1 21 0 1 21 1.0
1 22 0 1 22 1.0
1 23 0 1 23 1.0
1 24 0 1 24 1.0
1 25 0 1 25 1.0
1 26 0 1 26 1.0
1 27 0 1 27 1.0
1 28 0 1 28 1.0
1 29 0 1 29 1.0
1 30 0 1 30 1.0
1 31 12 1 57 1.0
1 32 10 1 54 1.0
1 33 4 1 30 1.0
1 34 5 1 29 1.0
1 35 5 1 29 1.0
1 36 5 1 29 1.0
1 37 0 1 24 1.0
1 38 1 1 76 1.0
1 40 1 1 76 1.0
1 41 4 1 77 1.0
1 42 2 1 74 1.0
1 43 2 1 74 1.0
1 44 2 1 74 1.0
1 45 4 1 77 1.0
1 46 2 1 74 1.0
1 47 12 1 23 1.0
1 48 12 1 23 1.0
1 49 11 1 22 1.0
1 50 11 1 22 1.0
1 51 11 1 22 1.0
1 52 0 1 52 1.0
1 53 0 1 53 1.0
1 54 0 1 54 1.0
1 55 0 1 55 1.0
1 56 0 1 56 1.0
1 57 0 1 57 1.0
1 58 0 1 58 1.0
1 59 5 1 28 1.0
1 60 4 1 29 1.0
1 61 0 1 24 1.0
1 62 0 1 24 1.0
1 63 4 1 29 1.0
1 64 5 1 28 1.0
1 65 6 1 26 1.0
1 66 139 1 23 1.0
1 67 115 1 20 1.0
1 68 108 1 19 1.0
1 69 115 1 20 1.0
1 70 109 1 19 1.0
1 71 125 1 21 1.0
1 72 101 1 18 1.0
1 73 0 1 73 1.0
1 74 0 1 74 1.0
1 75 0 1 75 1.0
1 76 0 1 76 1.0
1 77 0 1 77 1.0
1 78 0 1 78 1.0
1 79 0 1 79 1.0
2 0 25 2 22 1.0
2 1 10 2 52 1.0
2 3 2 2 55 0.515625
2 3 22 2 19 0.484375
2 4 21 2 18 1.0
2 5 24 2 21 1.0
2 6 77 2 53 1.0
2 7 33 2 55 1.0
2 9 143 2 58 1.0
2 10 145 2 58 1.0
2 11 30 2 55 1.0
2 12 42 2 76 1.0
2 13 19 2 75 1.0
2 14 14 2 75 1.0
2 15 47 2 76 1.0
2 16 42 2 76 1.0
2 17 42 2 76 1.0
2 18 0 2 18 1.0
2 19 0 2 19 1.0
2 20 0 2 20 1.0
2 21 0 2 21 1.0
2 22 0 2 22 1.0
2 23 0 2 23 1.0
2 24 0 2 24 1.0
2 25 0 2 25 1.0
2 26 0 2 26 1.0
2 27 0 2 27 1.0
2 28 0 2 28 1.0
2 29 0 2 29 1.0
2 30 0 2 30 1.0
2 31 10 2 54 1.0
2 32 6 2 53 1.0
2 33 0 2 24 1.0
2 34 5 2 29 1.0
2 35 5 2 29 1.0
2 36 5 2 29 1.0
2 37 0 2 24 1.0
2 38 1 2 76 1.0
2 39 1 2 76 1.0
2 40 0 2 75 1.0
2 41 5 2 78 1.0
2 42 2 2 74 1.0
2 43 1 2 76 1.0
2 44 2 2 74 1.0
2 45 8 2 19 1.0
2 46 2 2 74 1.0
2 47 12 2 23 1.0
2 48 12 2 23 1.0
2 49 11 2 22 1.0
2 50 11 2 22 1.0
2 51 11 2 22 1.0
2 52 0 2 52 1.0
2 53 0 2 53 1.0
2 54 0 2 54 1.0
2 55 0 2 55 1.0
2 56 0 2 56 1.0
2 57 0 2 57 1.0
2 58 0 2 58 1.0
2 59 5 2 28 1.0
2 60 4 2 29 1.0
2 61 0 2 24 1.0
2 62 0 2 24 1.0
2 63 2 2 27 1.0
2 64 6 2 26 1.0
2 65 4 2 29 1.0
2 66 136 2 23 1.0
2 67 136 2 23 1.0
2 68 130 2 22 1.0
2 69 136 2 23 1.0
2 70 115 2 20 1.0
2 71 53 2 79 1.0
2 72 130 2 22 1.0
2 73 0 2 73 1.0
2 74 0 2 74 1.0
2 75 0 2 75 1.0
2 76 0 2 76 1.0
2 77 0 2 77 1.0
2 78 0 2 78 1.0
2 79 0 2 79 1.0
3 0 20 3 58 1.0
3 1 10 3 52 1.0
3 2 18 3 56 0.796875
3 2 24 3 21 0.203125
3 4 19 3 57 0.265625
3 4 24 3 21 0.734375
3 5 18 3 56 0.515625
3 5 24 3 21 0.484375
3 6 116 3 26 1.0
3 7 95 3 28 1.0
3 8 86 3 52 1.0
3 9 74 3 29 1.0
3 10 123 3 54 1.0
3 14 0 3 24 1.0
3 15 44 3 76 1.0
3 16 42 3 76 1.0
3 17 42 3 76 1.0
3 19 0 3 19 1.0
3 20 0 3 20 1.0
3 22 0 3 22 1.0
3 23 0 3 23 1.0
3 24 0 3 24 1.0
3 25 0 3 25 1.0
3 26 0 3 26 1.0
3 27 0 3 27 1.0
3 28 0 3 28 1.0
3 29 0 3 29 1.0
3 30 0 3 30 1.0
3 31 12 3 57 1.0
3 32 12 3 57 1.0
3 33 7 3 52 1.0
3 35 7 3 52 1.0
3 36 7 3 52 1.0
3 37 7 3 52 1.0
3 40 3 3 79 1.0
3 41 6 3 73 1.0
3 42 1 3 76 1.0
3 44 2 3 74 1.0
3 45 8 3 19 1.0
3 48 12 3 23 1.0
3 49 11 3 22 1.0
3 50 7 3 18 1.0
3 51 7 3 18 1.0
3 53 0 3 53 1.0
3 54 0 3 54 1.0
3 55 0 3 55 1.0
3 56 0 3 56 1.0
3 57 0 3 57 1.0
3 58 0 3 58 1.0
3 60 4 3 29 1.0
3 62 0 3 24 1.0
3 63 4 3 29 1.0
3 64 4 3 29 1.0
3 65 2 3 27 1.0
3 66 101 3 18 1.0
3 67 126 3 22 1.0
3 68 108 3 19 1.0
3 69 107 3 19 1.0
3 70 107 3 19 1.0
3 71 25 3 76 1.0
3 72 136 3 23 1.0
3 73 0 3 73 1.0
3 74 0 3 74 1.0
3 75 0 3 75 1.0
3 77 0 3 77 1.0
3 78 0 3 78 1.0
3 79 0 3 79 1.0
4 0 20 4 58 1.0
4 1 10 4 52 1.0
4 2 2 4 55 1.0
4 3 19 4 57 1.0
4 5 8 4 53 0.734375
4 5 25 4 22 0.265625
4 6 138 4 57 1.0
4 7 42 4 27 1.0
4 9 41 4 27 1.0
4 10 131 4 56 1.0
4 14 48 4 76 1.0
4 15 44 4 76 1.0
4 18 0 4 18 1.0
4 19 0 4 19 1.0
4 20 0 4 20 1.0
4 22 0 4 22 1.0
4 23 0 4 23 1.0
4 24 0 4 24 1.0
4 25 0 4 25 1.0
4 26 0 4 26 1.0
4 27 0 4 27 1.0
4 28 0 4 28 1.0
4 29 0 4 29 1.0
4 30 0 4 30 1.0
4 31 6 4 53 1.0
4 32 6 4 53 1.0
4 37 0 4 24 1.0
4 40 0 4 75 1.0
4 41 2 4 74 1.0
4 42 6 4 73 1.0
4 44 6 4 73 1.0
4 45 8 4 19 1.0
4 50 10 4 21 1.0
4 51 11 4 22 1.0
4 52 0 4 52 1.0
4 53 0 4 53 1.0
4 54 0 4 54 1.0
4 55 0 4 55 1.0
4 56 0 4 56 1.0
4 57 0 4 57 1.0
4 58 0 4 58 1.0
4 63 4 4 29 1.0
4 64 6 4 26 1.0
4 65 6 4 26 1.0
4 66 136 4 23 1.0
4 67 135 4 23 1.0
4 68 135 4 23 1.0
4 69 136 4 23 1.0
4 70 116 4 20 1.0
4 71 16 4 76 1.0
4 72 107 4 19 1.0
4 73 0 4 73 1.0
4 74 0 4 74 1.0
4 77 0 4 77 1.0
4 78 0 4 78 1.0
4 79 0 4 79 1.0
5 0 24 5 21 1.0
5 1 25 5 22 1.0
5 2 10 5 52 1.0
5 3 20 5 58 1.0
5 4 19 5 57 1.0
5 6 4 5 24 0.328125
5 6 39 5 27 0.09375
5 6 107 5 26 0.21875
5 6 123 5 54 0.359375
5 7 51 5 30 1.0
5 9 39 5 27 1.0
5 10 119 5 54 1.0
5 11 88 5 52 1.0
5 12 42 5 76 1.0
5 14 16 5 75 1.0
5 15 20 5 75 1.0
5 19 0 5 19 1.0
5 20 0 5 20 1.0
5 21 0 5 21 1.0
5 23 0 5 23 1.0
5 24 0 5 24 1.0
5 25 0 5 25 1.0
5 26 0 5 26 1.0
5 27 0 5 27 1.0
5 29 0 5 29 1.0
5 30 0 5 30 1.0
5 31 2 5 55 0.484375
5 31 5 5 29 0.515625
5 32 10 5 54 1.0
5 37 7 5 52 1.0
5 39 1 5 76 1.0
5 40 0 5 75 1.0
5 41 6 5 73 1.0
5 42 2 5 74 1.0
5 44 5 5 78 1.0
5 45 9 5 20 1.0
5 50 11 5 22 1.0
5 53 0 5 53 1.0
5 54 0 5 54 1.0
5 55 0 5 55 1.0
5 56 0 5 56 1.0
5 57 0 5 57 1.0
5 58 0 5 58 1.0
5 59 5 5 28 1.0
5 63 4 5 29 1.0
5 64 4 5 29 1.0
5 65 4 5 29 1.0
5 66 132 5 22 1.0
5 67 101 5 18 1.0
5 68 115 5 20 1.0
5 69 101 5 18 1.0
5 70 135 5 23 1.0
5 71 26 5 76 1.0
5 72 129 5 22 1.0
5 73 0 5 73 1.0
5 74 0 5 74 1.0
5 77 0 5 77 1.0
5 78 0 5 78 1.0
5 79 0 5 79 1.0
6 0 112 6 35 1.0
6 1 13 6 60 1.0
6 2 10 6 60 1.0
6 3 110 6 35 1.0
6 4 112 6 35 1.0
6 5 23 6 62 0.34375
6 5 73 6 32 0.46875
6 5 101 6 34 0.140625
6 5 115 6 35 0.046875
6 7 4 6 62 0.375
6 7 6 6 64 0.515625
6 7 16 6 13 0.109375
6 8 16 6 13 1.0
6 9 3 6 61 1.0
6 10 2 6 60 1.0
6 11 19 6 17 1.0
6 14 0 6 14 1.0
6 15 0 6 15 1.0
6 18 53 6 66 1.0
6 19 6 6 31 1.0
6 20 97 6 72 1.0
6 21 53 6 66 1.0
6 23 96 6 72 1.0
6 24 6 6 65 1.0
6 25 1 6 60 1.0
6 26 10 6 34 1.0
6 27 0 6 59 1.0
6 29 10 6 34 1.0
6 30 5 6 64 1.0
6 31 0 6 31 1.0
6 32 0 6 32 1.0
6 33 0 6 33 1.0
6 34 0 6 34 1.0
6 38 5 6 17 1.0
6 40 5 6 17 1.0
6 41 7 6 67 1.0
6 42 10 6 70 1.0
6 43 5 6 17 1.0
6 44 10 6 70 1.0
6 45 1 6 67 1.0
6 46 0 6 66 1.0
6 50 0 6 66 1.0
6 51 1 6 67 1.0
6 53 1 6 32 1.0
6 54 2 6 33 1.0
6 55 2 6 33 1.0
6 56 3 6 34 1.0
6 57 2 6 33 1.0
6 58 6 6 37 1.0
6 61 0 6 61 1.0
6 63 0 6 63 1.0
6 64 0 6 64 1.0
6 65 0 6 65 1.0
6 67 0 6 67 1.0
6 68 0 6 68 1.0
6 69 0 6 69 1.0
6 70 0 6 70 1.0
6 71 0 6 71 1.0
6 72 0 6 72 1.0
6 73 93 6 69 1.0
6 74 89 6 69 1.0
6 77 0 6 16 1.0
6 78 18 6 13 1.0
6 79 14 6 13 1.0
7 0 73 7 32 1.0
7 1 48 7 65 1.0
7 2 46 7 65 1.0
7 3 104 7 34 1.0
7 4 79 7 33 1.0
7 5 74 7 32 1.0
7 6 15 7 12 0.234375
7 6 17 7 14 0.765625
7 8 16 7 13 1.0
7 9 19 7 17 1.0
7 10 19 7 17 1.0
7 11 19 7 17 1.0
7 14 0 7 14 1.0
7 15 0 7 15 1.0
7 19 15 7 33 1.0
7 20 76 7 69 1.0
7 23 58 7 67 1.0
7 24 4 7 63 1.0
7 25 4 7 63 1.0
7 26 1 7 60 1.0
7 27 0 7 59 1.0
7 29 12 7 36 1.0
7 30 5 7 64 1.0
7 31 0 7 31 1.0
7 32 0 7 32 1.0
7 33 0 7 33 1.0
7 39 5 7 17 1.0
7 40 0 7 16 1.0
7 41 4 7 15 1.0
7 42 7 7 67 1.0
7 43 5 7 17 1.0
7 44 12 7 72 1.0
7 45 2 7 68 1.0
7 47 5 7 71 1.0
7 48 6 7 72 1.0
7 49 6 7 72 1.0
7 50 0 7 66 1.0
7 51 3 7 69 1.0
7 52 4 7 35 1.0
7 53 2 7 33 1.0
7 54 3 7 34 1.0
7 55 3 7 34 1.0
7 56 3 7 34 1.0
7 57 2 7 33 1.0
7 58 4 7 35 1.0
7 61 0 7 61 1.0
7 62 0 7 62 1.0
7 63 0 7 63 1.0
7 64 0 7 64 1.0
7 65 0 7 65 1.0
7 66 0 7 66 1.0
7 67 0 7 67 1.0
7 68 0 7 68 1.0
7 69 0 7 69 1.0
7 70 0 7 70 1.0
7 71 0 7 71 1.0
7 72 0 7 72 1.0
7 73 22 7 14 0.140625
7 73 137 7 72 0.859375
7 74 135 7 72 1.0
7 77 37 7 17 1.0
7 78 14 7 13 1.0
7 79 5 7 16 1.0
8 1 4 8 59 1.0
8 2 5 8 59 1.0
8 3 4 8 59 1.0
8 6 16 8 13 1.0
8 9 16 8 13 1.0
8 10 3 8 61 1.0
8 11 19 8 17 1.0
8 12 0 8 12 1.0
8 13 0 8 13 1.0
8 14 0 8 14 1.0
8 15 0 8 15 1.0
8 16 0 8 16 1.0
8 18 30 8 35 1.0
8 19 95 8 72 1.0
8 20 94 8 72 1.0
8 21 30 8 35 1.0
8 22 30 8 35 1.0
8 23 94 8 72 1.0
8 24 11 8 35 1.0
8 25 11 8 35 1.0
8 26 12 8 36 1.0
8 27 11 8 35 1.0
8 28 2 8 61 1.0
8 33 0 8 33 1.0
8 34 0 8 34 1.0
8 37 0 8 37 1.0
8 38 5 8 17 1.0
8 39 5 8 17 1.0
8 40 0 8 16 1.0
8 41 0 8 16 1.0
8 42 5 8 17 1.0
8 43 5 8 17 1.0
8 45 6 8 72 1.0
8 47 6 8 72 1.0
8 49 6 8 72 1.0
8 50 0 8 66 1.0
8 51 1 8 67 1.0
8 52 4 8 35 1.0
8 53 3 8 34 1.0
8 54 1 8 32 1.0
8 55 1 8 32 1.0
8 56 3 8 34 1.0
8 57 3 8 34 1.0
8 58 5 8 36 1.0
8 59 0 8 59 1.0
8 60 0 8 60 1.0
8 62 0 8 62 1.0
8 63 0 8 63 1.0
8 64 0 8 64 1.0
8 65 0 8 65 1.0
8 66 0 8 66 1.0
8 67 0 8 67 1.0
8 68 0 8 68 1.0
8 69 0 8 69 1.0
8 70 0 8 70 1.0
8 71 0 8 71 1.0
8 73 35 8 17 1.0
8 74 35 8 17 1.0
8 75 35 8 17 1.0
8 77 5 8 16 1.0
8 78 37 8 17 1.0
8 79 39 8 17 1.0
9 0 126 9 36 1.0
9 1 15 9 61 1.0
9 2 14 9 61 1.0
9 3 107 9 35 1.0
9 4 100 9 34 1.0
9 5 128 9 36 1.0
9 6 19 9 17 1.0
9 7 0 9 16 1.0
9 8 16 9 13 1.0
9 10 6 9 64 0.71875
9 10 19 9 17 0.28125
9 11 19 9 17 1.0
9 12 0 9 12 1.0
9 14 0 9 14 1.0
9 15 0 9 15 1.0
9 16 0 9 16 1.0
9 17 0 9 17 1.0
9 19 69 9 68 1.0
9 20 76 9 69 1.0
9 21 30 9 35 1.0
9 22 30 9 35 1.0
9 23 97 9 72 1.0
9 24 8 9 32 1.0
9 25 8 9 32 1.0
9 26 1 9 60 1.0
9 27 0 9 59 1.0
9 28 11 9 35 1.0
9 29 3 9 62 1.0
9 30 5 9 64 1.0
9 31 0 9 31 1.0
9 32 0 9 32 1.0
9 36 0 9 36 1.0
9 37 0 9 37 1.0
9 39 5 9 17 1.0
9 40 5 9 17 1.0
9 41 9 9 69 1.0
9 42 7 9 67 1.0
9 43 5 9 17 1.0
9 44 12 9 72 1.0
9 45 2 9 68 1.0
9 46 4 9 70 1.0
9 47 5 9 71 1.0
9 48 6 9 72 1.0
9 50 6 9 72 1.0
9 51 3 9 69 1.0
9 52 4 9 35 1.0
9 53 6 9 37 1.0
9 54 3 9 34 1.0
9 55 3 9 34 1.0
9 56 2 9 33 1.0
9 57 2 9 33 1.0
9 58 4 9 35 1.0
9 59 0 9 59 1.0
9 60 0 9 60 1.0
9 61 0 9 61 1.0
9 62 0 9 62 1.0
9 63 0 9 63 1.0
9 64 0 9 64 1.0
9 65 0 9 65 1.0
9 66 0 9 66 1.0
9 67 0 9 67 1.0
9 68 0 9 68 1.0
9 69 0 9 69 1.0
9 70 0 9 70 1.0
9 71 0 9 71 1.0
9 72 0 9 72 1.0
9 73 127 9 72 1.0
9 74 109 9 70 1.0
9 76 40 9 17 1.0
9 77 36 9 17 1.0
9 78 0 9 16 1.0
9 79 14 9 13 1.0
10 0 14 10 61 1.0
10 1 19 10 61 1.0
10 2 37 10 64 1.0
10 3 7 10 60 1.0
10 4 8 10 60 1.0
10 5 40 10 64 1.0
10 6 3 10 61 1.0
10 7 4 10 62 1.0
10 8 16 10 13 1.0
10 9 7 10 65 0.65625
10 9 16 10 13 0.34375
10 11 19 10 17 1.0
10 12 0 10 12 1.0
10 13 0 10 13 1.0
10 14 0 10 14 1.0
10 15 0 10 15 1.0
10 16 0 10 16 1.0
10 17 0 10 17 1.0
10 19 86 10 71 1.0
10 20 26 10 34 1.0
10 21 30 10 35 1.0
10 23 58 10 67 1.0
10 24 5 10 64 1.0
10 25 5 10 64 1.0
10 26 0 10 59 1.0
10 27 0 10 59 1.0
10 28 0 10 59 1.0
10 29 2 10 61 1.0
10 30 12 10 36 1.0
10 31 0 10 31 1.0
10 32 0 10 32 1.0
10 35 0 10 35 1.0
10 36 0 10 36 1.0
10 38 5 10 17 1.0
10 39 5 10 17 1.0
10 40 0 10 16 1.0
10 41 2 10 13 1.0
10 42 3 10 14 1.0
10 43 5 10 17 1.0
10 44 12 10 72 1.0
10 45 6 10 72 1.0
10 46 4 10 70 1.0
10 47 5 10 71 1.0
10 48 6 10 72 1.0
10 50 0 10 66 1.0
10 51 1 10 67 1.0
10 52 3 10 34 1.0
10 53 5 10 36 1.0
10 54 6 10 37 1.0
10 55 2 10 33 1.0
10 56 2 10 33 1.0
10 57 3 10 34 1.0
10 58 3 10 34 1.0
10 60 0 10 60 1.0
10 63 0 10 63 1.0
10 64 0 10 64 1.0
10 65 0 10 65 1.0
10 66 0 10 66 1.0
10 67 0 10 67 1.0
10 68 0 10 68 1.0
10 69 0 10 69 1.0
10 70 0 10 70 1.0
10 71 0 10 71 1.0
10 72 0 10 72 1.0
10 73 29 10 15 1.0
10 74 29 10 15 1.0
10 75 35 10 17 1.0
10 77 36 10 17 1.0
10 78 40 10 17 1.0
10 79 40 10 17 1.0
11 0 109 11 35 1.0
11 1 110 11 35 1.0
11 2 112 11 35 1.0
11 3 118 11 35 1.0
11 8 16 11 13 1.0
11 10 12 11 35 1.0
11 12 0 11 12 1.0
11 13 0 11 13 1.0
11 14 0 11 14 1.0
11 15 0 11 15 1.0
11 17 0 11 17 1.0
11 18 30 11 35 1.0
11 20 30 11 35 1.0
11 21 30 11 35 1.0
11 22 34 11 35 1.0
11 23 30 11 35 1.0
11 25 11 11 35 1.0
11 26 11 11 35 1.0
11 27 11 11 35 1.0
11 28 11 11 35 1.0
11 29 11 11 35 1.0
11 32 0 11 32 1.0
11 37 0 11 37 1.0
11 38 5 11 17 1.0
11 39 5 11 17 1.0
11 40 0 11 16 1.0
11 41 0 11 16 1.0
11 43 5 11 17 1.0
11 47 4 11 70 1.0
11 48 4 11 70 1.0
11 49 4 11 70 1.0
11 50 4 11 70 1.0
11 51 0 11 66 1.0
11 52 4 11 35 1.0
11 53 3 11 34 1.0
11 54 3 11 34 1.0
11 55 3 11 34 1.0
11 56 2 11 33 1.0
11 57 3 11 34 1.0
11 58 4 11 35 1.0
11 60 0 11 60 1.0
11 61 0 11 61 1.0
11 62 0 11 62 1.0
11 63 0 11 63 1.0
11 64 0 11 64 1.0
11 65 0 11 65 1.0
11 66 0 11 66 1.0
11 67 0 11 67 1.0
11 68 0 11 68 1.0
11 69 0 11 69 1.0
11 71 0 11 71 1.0
11 72 0 11 72 1.0
11 74 35 11 17 1.0
11 75 35 11 17 1.0
11 76 40 11 17 1.0
11 77 35 11 17 1.0
11 78 35 11 17 1.0
11 79 35 11 17 1.0
12 0 85 12 43 1.0
12 1 57 12 39 1.0
12 2 85 12 43 1.0
12 3 85 12 43 1.0
12 4 85 12 43 1.0
12 7 0 12 7 1.0
12 8 0 12 8 1.0
12 9 0 12 9 1.0
12 10 0 12 10 1.0
12 11 0 12 11 1.0
12 13 23 12 69 1.0
12 14 14 12 6 1.0
12 15 14 12 6 1.0
12 16 26 12 72 1.0
12 17 26 12 72 1.0
12 18 71 12 43 1.0
12 19 71 12 43 1.0
12 20 71 12 43 1.0
12 21 71 12 43 1.0
12 22 71 12 43 1.0
12 23 76 12 43 1.0
12 25 1 12 60 1.0
12 26 3 12 62 1.0
12 27 0 12 59 1.0
12 28 1 12 60 1.0
12 30 0 12 59 1.0
12 32 9 12 8 1.0
12 33 12 12 11 1.0
12 34 12 12 11 1.0
12 36 9 12 8 1.0
12 37 11 12 10 1.0
12 38 0 12 38 1.0
12 39 0 12 39 1.0
12 40 0 12 40 1.0
12 41 0 12 41 1.0
12 43 0 12 43 1.0
12 45 4 12 42 1.0
12 46 11 12 70 1.0
12 47 12 12 71 1.0
12 48 11 12 70 1.0
12 49 11 12 70 1.0
12 50 11 12 70 1.0
12 51 7 12 66 1.0
12 52 137 12 11 1.0
12 53 113 12 8 1.0
12 54 136 12 11 1.0
12 55 136 12 11 1.0
12 56 109 12 7 1.0
12 57 113 12 8 1.0
12 58 116 12 8 1.0
12 59 0 12 59 1.0
12 60 0 12 60 1.0
12 61 0 12 61 1.0
12 62 0 12 62 1.0
12 63 0 12 63 1.0
12 64 0 12 64 1.0
12 65 0 12 65 1.0
12 66 0 12 66 1.0
12 67 0 12 67 1.0
12 68 0 12 68 1.0
12 69 0 12 69 1.0
12 70 0 12 70 1.0
12 71 0 12 71 1.0
12 72 0 12 72 1.0
12 73 0 12 38 1.0
12 75 0 12 38 1.0
12 76 1 12 39 1.0
12 77 1 12 39 1.0
12 78 1 12 39 1.0
12 79 1 12 39 1.0
13 1 91 13 44 1.0
13 2 92 13 44 1.0
13 8 0 13 8 1.0
13 10 0 13 10 1.0
13 11 0 13 11 1.0
13 12 16 13 8 1.0
13 14 16 13 8 1.0
13 15 16 13 8 1.0
13 18 71 13 43 1.0
13 19 79 13 43 1.0
13 20 71 13 43 1.0
13 21 71 13 43 1.0
13 22 71 13 43 1.0
13 23 71 13 43 1.0
13 25 2 13 61 1.0
13 26 2 13 61 1.0
13 27 2 13 61 1.0
13 28 2 13 61 1.0
13 34 11 13 10 1.0
13 35 9 13 8 1.0
13 37 11 13 10 1.0
13 39 0 13 39 1.0
13 40 0 13 40 1.0
13 41 0 13 41 1.0
13 43 0 13 43 1.0
13 46 11 13 70 1.0
13 47 12 13 71 1.0
13 48 11 13 70 1.0
13 50 11 13 70 1.0
13 51 11 13 70 1.0
13 52 116 13 8 1.0
13 53 116 13 8 1.0
13 54 113 13 8 1.0
13 55 129 13 10 1.0
13 56 116 13 8 1.0
13 57 116 13 8 1.0
13 58 116 13 8 1.0
13 59 0 13 59 1.0
13 62 0 13 62 1.0
13 64 0 13 64 1.0
13 65 0 13 65 1.0
13 66 0 13 66 1.0
13 67 0 13 67 1.0
13 68 0 13 68 1.0
13 69 0 13 69 1.0
13 72 0 13 72 1.0
13 78 0 13 38 1.0
14 0 33 14 63 1.0
14 1 57 14 39 1.0
14 2 4 14 59 1.0
14 3 4 14 59 1.0
14 4 4 14 59 1.0
14 5 5 14 59 1.0
14 6 0 14 6 1.0
14 7 0 14 7 1.0
14 8 0 14 8 1.0
14 9 0 14 9 1.0
14 10 0 14 10 1.0
14 11 0 14 11 1.0
14 12 25 14 71 1.0
14 13 23 14 69 1.0
14 15 21 14 67 1.0
14 16 19 14 11 1.0
14 17 26 14 72 1.0
14 18 71 14 43 1.0
14 19 108 14 67 1.0
14 20 107 14 67 1.0
14 21 110 14 67 1.0
14 22 107 14 67 1.0
14 23 107 14 67 1.0
14 24 6 14 65 1.0
14 25 0 14 59 1.0
14 26 0 14 59 1.0
14 27 4 14 63 1.0
14 28 4 14 63 1.0
14 29 1 14 60 1.0
14 30 2 14 61 1.0
14 31 9 14 8 1.0
14 32 6 14 65 1.0
14 33 8 14 7 1.0
14 34 9 14 8 1.0
14 35 10 14 9 1.0
14 36 7 14 6 1.0
14 37 9 14 8 1.0
14 38 0 14 38 1.0
14 39 0 14 39 1.0
14 40 0 14 40 1.0
14 41 0 14 41 1.0
14 42 0 14 42 1.0
14 43 0 14 43 1.0
14 44 0 14 44 1.0
14 45 9 14 68 1.0
14 46 13 14 72 1.0
14 47 5 14 43 1.0
14 48 6 14 44 1.0
14 49 5 14 43 1.0
14 50 8 14 67 1.0
14 51 7 14 66 1.0
14 52 129 14 10 1.0
14 53 137 14 11 1.0
14 54 137 14 11 1.0
14 55 137 14 11 1.0
14 56 137 14 11 1.0
14 57 117 14 8 1.0
14 58 138 14 11 1.0
14 59 0 14 59 1.0
14 60 0 14 60 1.0
14 61 0 14 61 1.0
14 62 0 14 62 1.0
14 63 0 14 63 1.0
14 64 0 14 64 1.0
14 65 0 14 65 1.0
14 66 0 14 66 1.0
14 67 0 14 67 1.0
14 68 0 14 68 1.0
14 69 0 14 69 1.0
14 70 0 14 70 1.0
14 71 0 14 71 1.0
14 72 0 14 72 1.0
14 73 3 14 41 1.0
14 74 3 14 41 1.0
14 75 1 14 39 1.0
14 76 5 14 43 1.0
14 77 2 14 40 1.0
14 78 2 14 40 1.0
14 79 2 14 40 1.0
15 0 33 15 63 1.0
15 1 57 15 39 1.0
15 2 49 15 38 1.0
15 3 57 15 39 1.0
15 4 4 15 59 1.0
15 5 64 15 40 1.0
15 6 0 15 6 1.0
15 7 0 15 7 1.0
15 8 0 15 8 1.0
15 9 0 15 9 1.0
15 10 0 15 10 1.0
15 11 0 15 11 1.0
15 12 14 15 6 1.0
15 13 23 15 69 1.0
15 14 19 15 11 1.0
15 16 26 15 72 1.0
15 17 26 15 72 1.0
15 18 71 15 43 1.0
15 19 115 15 68 1.0
15 20 98 15 66 1.0
15 21 108 15 67 1.0
15 22 71 15 43 1.0
15 23 127 15 70 1.0
15 24 1 15 60 1.0
15 25 6 15 65 1.0
15 26 2 15 61 1.0
15 27 4 15 63 1.0
15 28 4 15 63 1.0
15 29 6 15 65 1.0
15 30 2 15 61 1.0
15 31 1 15 60 1.0
15 32 0 15 59 1.0
15 33 10 15 9 1.0
15 34 10 15 9 1.0
15 35 8 15 7 1.0
15 36 8 15 7 1.0
15 37 9 15 8 1.0
15 38 0 15 38 1.0
15 39 0 15 39 1.0
15 40 0 15 40 1.0
15 41 0 15 41 1.0
15 42 0 15 42 1.0
15 43 0 15 43 1.0
15 44 0 15 44 1.0
15 45 0 15 38 1.0
15 46 12 15 71 1.0
15 47 13 15 72 1.0
15 48 6 15 44 1.0
15 49 13 15 72 1.0
15 50 13 15 72 1.0
15 51 9 15 68 1.0
15 52 129 15 10 1.0
15 53 136 15 11 1.0
15 54 116 15 8 1.0
15 55 116 15 8 1.0
15 56 136 15 11 1.0
15 57 117 15 8 1.0
15 58 129 15 10 1.0
15 59 0 15 59 1.0
15 60 0 15 60 1.0
15 61 0 15 61 1.0
15 62 0 15 62 1.0
15 63 0 15 63 1.0
15 64 0 15 64 1.0
15 65 0 15 65 1.0
15 66 0 15 66 1.0
15 67 0 15 67 1.0
15 68 0 15 68 1.0
15 69 0 15 69 1.0
15 70 0 15 70 1.0
15 71 0 15 71 1.0
15 72 0 15 72 1.0
15 73 1 15 39 1.0
15 74 2 15 40 1.0
15 75 5 15 43 1.0
15 76 4 15 42 1.0
15 77 2 15 40 1.0
15 78 1 15 39 1.0
15 79 1 15 39 1.0
16 0 85 16 43 1.0
16 1 49 16 38 1.0
16 2 49 16 38 1.0
16 3 85 16 43 1.0
16 4 85 16 43 1.0
16 5 85 16 43 1.0
16 7 0 16 7 1.0
16 8 0 16 8 1.0
16 9 0 16 9 1.0
16 10 0 16 10 1.0
16 11 0 16 11 1.0
16 12 7 16 38 1.0
16 13 12 16 43 1.0
16 14 24 16 70 1.0
16 15 24 16 70 1.0
16 18 71 16 43 1.0
16 23 131 16 70 1.0
16 25 1 16 60 1.0
16 26 3 16 62 1.0
16 27 3 16 62 1.0
16 28 1 16 60 1.0
16 30 1 16 60 1.0
16 31 9 16 8 1.0
16 32 9 16 8 1.0
16 33 12 16 11 1.0
16 34 12 16 11 1.0
16 35 12 16 11 1.0
16 39 0 16 39 1.0
16 40 0 16 40 1.0
16 41 0 16 41 1.0
16 45 11 16 70 1.0
16 46 11 16 70 1.0
16 47 12 16 71 1.0
16 49 11 16 70 1.0
16 50 5 16 43 1.0
16 51 5 16 43 1.0
16 53 113 16 8 1.0
16 54 117 16 8 1.0
16 55 137 16 11 1.0
16 56 123 16 9 1.0
16 57 129 16 10 1.0
16 58 137 16 11 1.0
16 59 0 16 59 1.0
16 61 0 16 61 1.0
16 62 0 16 62 1.0
16 63 0 16 63 1.0
16 64 0 16 64 1.0
16 65 0 16 65 1.0
16 66 0 16 66 1.0
16 67 0 16 67 1.0
16 68 0 16 68 1.0
16 69 0 16 69 1.0
16 73 0 16 38 1.0
16 76 5 16 43 1.0
16 77 4 16 42 1.0
16 78 1 16 39 1.0
16 79 1 16 39 1.0
17 1 85 17 43 1.0
17 2 85 17 43 1.0
17 9 0 17 9 1.0
17 11 0 17 11 1.0
17 12 12 17 43 1.0
17 13 12 17 43 1.0
17 14 19 17 11 1.0
17 15 19 17 11 1.0
17 22 71 17 43 1.0
17 25 0 17 59 1.0
17 26 5 17 64 1.0
17 27 1 17 60 1.0
17 28 0 17 59 1.0
17 29 0 17 59 1.0
17 32 9 17 8 1.0
17 33 12 17 11 1.0
17 34 12 17 11 1.0
17 36 12 17 11 1.0
17 37 9 17 8 1.0
17 40 0 17 40 1.0
17 41 0 17 41 1.0
17 44 0 17 44 1.0
17 45 1 17 39 1.0
17 46 5 17 43 1.0
17 49 5 17 43 1.0
17 50 5 17 43 1.0
17 51 0 17 38 1.0
17 52 137 17 11 1.0
17 53 113 17 8 1.0
17 54 135 17 11 1.0
17 55 135 17 11 1.0
17 56 113 17 8 1.0
17 57 116 17 8 1.0
17 58 136 17 11 1.0
17 59 0 17 59 1.0
17 60 0 17 60 1.0
17 61 0 17 61 1.0
17 62 0 17 62 1.0
17 63 0 17 63 1.0
17 64 0 17 64 1.0
17 65 0 17 65 1.0
17 66 0 17 66 1.0
17 67 0 17 67 1.0
17 68 0 17 68 1.0
17 69 0 17 69 1.0
17 71 0 17 71 1.0
17 73 0 17 38 1.0
17 75 0 17 38 1.0
17 77 1 17 39 1.0
17 78 1 17 39 1.0
17 79 1 17 39 1.0
18 0 0 18 0 1.0
18 1 0 18 1 1.0
18 2 0 18 2 1.0
18 4 0 18 4 1.0
18 5 0 18 5 1.0
18 6 73 18 48 1.0
18 8 83 18 49 1.0
18 9 73 18 48 1.0
18 10 70 18 48 1.0
18 12 12 18 76 1.0
18 14 8 18 76 1.0
18 15 12 18 76 1.0
18 16 7 18 76 1.0
18 19 2 18 75 1.0
18 20 2 18 75 1.0
18 21 2 18 75 1.0
18 24 3 18 52 1.0
18 25 0 18 55 1.0
18 26 6 18 57 1.0
18 27 11 18 4 1.0
18 30 3 18 52 1.0
18 31 2 18 52 1.0
18 32 2 18 52 1.0
18 34 2 18 52 1.0
18 35 2 18 52 1.0
18 36 2 18 52 1.0
18 37 2 18 52 1.0
18 40 6 18 73 1.0
18 41 1 18 76 1.0
18 43 1 18 76 1.0
18 44 6 18 73 1.0
18 46 0 18 46 1.0
18 47 0 18 47 1.0
18 49 0 18 49 1.0
18 50 0 18 50 1.0
18 51 0 18 51 1.0
18 52 0 18 52 1.0
18 53 0 18 53 1.0
18 54 0 18 54 1.0
18 55 0 18 55 1.0
18 56 0 18 56 1.0
18 57 0 18 57 1.0
18 58 0 18 58 1.0
18 61 19 18 0 1.0
18 62 124 18 3 1.0
18 63 120 18 3 1.0
18 64 130 18 4 1.0
18 65 120 18 3 1.0
18 66 6 18 51 1.0
18 67 4 18 49 1.0
18 68 6 18 51 1.0
18 69 2 18 47 1.0
18 70 3 18 48 1.0
18 71 3 18 48 1.0
18 77 0 18 77 1.0
18 78 0 18 78 1.0
18 79 0 18 79 1.0
19 0 0 19 0 1.0
19 1 0 19 1 1.0
19 2 0 19 2 1.0
19 3 0 19 3 1.0
19 4 0 19 4 1.0
19 5 0 19 5 1.0
19 6 97 19 51 1.0
19 7 48 19 58 1.0
19 9 86 19 50 1.0
19 10 79 19 49 1.0
19 13 19 19 74 1.0
19 14 5 19 75 1.0
19 15 12 19 76 1.0
19 18 10 19 73 1.0
19 20 1 19 0 0.53125
19 20 9 19 78 0.46875
19 23 7 19 79 1.0
19 24 10 19 3 1.0
19 25 9 19 2 1.0
19 26 9 19 2 1.0
19 27 3 19 52 1.0
19 29 6 19 57 1.0
19 30 9 19 2 1.0
19 31 5 19 57 1.0
19 32 4 19 56 1.0
19 34 2 19 52 1.0
19 36 2 19 52 1.0
19 37 2 19 52 1.0
19 39 10 19 48 1.0
19 40 11 19 49 1.0
19 41 6 19 73 1.0
19 42 0 19 75 1.0
19 44 4 19 77 1.0
19 45 0 19 45 1.0
19 46 0 19 46 1.0
19 50 0 19 50 1.0
19 51 0 19 51 1.0
19 53 0 19 53 1.0
19 54 0 19 54 1.0
19 55 0 19 55 1.0
19 56 0 19 56 1.0
19 57 0 19 57 1.0
19 58 0 19 58 1.0
19 59 131 19 4 1.0
19 61 19 19 0 1.0
19 62 19 19 0 1.0
19 63 107 19 1 1.0
19 64 118 19 2 1.0
19 65 111 19 1 1.0
19 66 2 19 47 1.0
19 67 6 19 51 1.0
19 68 6 19 51 1.0
19 69 5 19 50 1.0
19 70 6 19 51 1.0
19 71 0 19 45 1.0
19 72 4 19 49 1.0
19 73 0 19 73 1.0
19 74 0 19 74 1.0
19 75 0 19 75 1.0
19 76 0 19 76 1.0
19 77 0 19 77 1.0
19 78 0 19 78 1.0
19 79 0 19 79 1.0
20 0 0 20 0 1.0
20 1 0 20 1 1.0
20 2 0 20 2 1.0
20 3 0 20 3 1.0
20 4 0 20 4 1.0
20 5 0 20 5 1.0
20 6 88 20 50 1.0
20 7 87 20 50 1.0
20 9 90 20 50 1.0
20 10 0 20 55 1.0
20 11 76 20 48 1.0
20 14 14 20 74 1.0
20 15 0 20 75 1.0
20 16 47 20 73 1.0
20 19 5 20 74 0.5625
20 19 7 20 79 0.4375
20 21 2 20 75 1.0
20 22 3 20 76 1.0
20 23 8 20 77 1.0
20 24 11 20 4 1.0
20 25 0 20 55 0.3125
20 25 11 20 4 0.6875
20 26 9 20 2 1.0
20 27 11 20 4 1.0
20 29 7 20 58 1.0
20 30 11 20 4 1.0
20 31 5 20 57 1.0
20 32 1 20 53 1.0
20 39 1 20 76 1.0
20 40 0 20 75 1.0
20 41 5 20 78 1.0
20 42 6 20 73 1.0
20 43 1 20 76 1.0
20 44 2 20 74 0.40625
20 44 8 20 46 0.59375
20 45 0 20 45 1.0
20 46 0 20 46 1.0
20 47 0 20 47 1.0
20 49 0 20 49 1.0
20 50 0 20 50 1.0
20 51 0 20 51 1.0
20 53 0 20 53 1.0
20 54 0 20 54 1.0
20 55 0 20 55 1.0
20 56 0 20 56 1.0
20 57 0 20 57 1.0
20 58 0 20 58 1.0
20 59 131 20 4 1.0
20 61 19 20 0 1.0
20 62 19 20 0 1.0
20 63 128 20 4 1.0
20 64 20 20 0 1.0
20 65 116 20 2 1.0
20 66 3 20 48 1.0
20 67 6 20 51 1.0
20 68 6 20 51 1.0
20 69 6 20 51 1.0
20 70 2 20 47 1.0
20 71 0 20 45 1.0
20 72 2 20 47 1.0
20 73 0 20 73 1.0
20 74 0 20 74 1.0
20 77 0 20 77 1.0
20 78 0 20 78 1.0
20 79 0 20 79 1.0
21 0 0 21 0 1.0
21 1 0 21 1 1.0
21 2 0 21 2 1.0
21 4 0 21 4 1.0
21 5 0 21 5 1.0
21 7 18 21 52 1.0
21 8 83 21 49 1.0
21 9 83 21 49 1.0
21 10 81 21 49 1.0
21 11 83 21 49 1.0
21 12 47 21 73 0.015625
21 12 119 21 50 0.984375
21 13 12 21 76 1.0
21 14 0 21 75 1.0
21 15 0 21 75 1.0
21 16 12 21 76 1.0
21 17 7 21 76 1.0
21 20 17 21 3 1.0
21 22 5 21 74 1.0
21 23 2 21 75 1.0
21 24 10 21 3 1.0
21 25 0 21 55 1.0
21 26 3 21 52 1.0
21 27 10 21 3 1.0
21 29 10 21 3 1.0
21 31 0 21 55 1.0
21 32 2 21 52 1.0
21 33 2 21 52 1.0
21 34 2 21 52 1.0
21 36 2 21 52 1.0
21 37 2 21 52 1.0
21 38 1 21 76 1.0
21 40 8 21 46 1.0
21 41 8 21 46 1.0
21 42 0 21 75 1.0
21 43 1 21 76 1.0
21 45 0 21 45 1.0
21 46 0 21 46 1.0
21 47 0 21 47 1.0
21 48 0 21 48 1.0
21 49 0 21 49 1.0
21 50 0 21 50 1.0
21 51 0 21 51 1.0
21 52 0 21 52 1.0
21 53 0 21 53 1.0
21 54 0 21 54 1.0
21 55 0 21 55 1.0
21 56 0 21 56 1.0
21 57 0 21 57 1.0
21 58 0 21 58 1.0
21 60 19 21 0 1.0
21 61 19 21 0 1.0
21 62 19 21 0 1.0
21 63 130 21 4 1.0
21 64 131 21 4 1.0
21 65 122 21 3 1.0
21 66 6 21 51 1.0
21 67 3 21 48 1.0
21 68 6 21 51 1.0
21 69 3 21 48 1.0
21 70 4 21 49 1.0
21 72 4 21 49 1.0
21 73 0 21 73 1.0
21 74 0 21 74 1.0
21 75 0 21 75 1.0
21 76 0 21 76 1.0
21 77 0 21 77 1.0
21 78 0 21 78 1.0
21 79 0 21 79 1.0
22 0 0 22 0 1.0
22 1 0 22 1 1.0
22 2 0 22 2 1.0
22 5 0 22 5 1.0
22 6 83 22 49 1.0
22 7 81 22 49 1.0
22 8 16 22 52 1.0
22 9 83 22 49 1.0
22 10 83 22 49 1.0
22 11 83 22 49 1.0
22 14 12 22 76 1.0
22 15 5 22 75 1.0
22 20 5 22 74 1.0
22 21 5 22 74 1.0
22 23 2 22 75 1.0
22 25 3 22 52 1.0
22 26 1 22 0 1.0
22 27 11 22 4 1.0
22 28 11 22 4 1.0
22 30 3 22 52 1.0
22 33 2 22 52 1.0
22 34 2 22 52 1.0
22 35 2 22 52 1.0
22 36 2 22 52 1.0
22 38 1 22 76 1.0
22 39 2 22 74 1.0
22 40 1 22 76 1.0
22 41 1 22 76 1.0
22 46 0 22 46 1.0
22 47 0 22 47 1.0
22 48 0 22 48 1.0
22 50 0 22 50 1.0
22 51 0 22 51 1.0
22 53 0 22 53 1.0
22 54 0 22 54 1.0
22 55 0 22 55 1.0
22 56 0 22 56 1.0
22 57 0 22 57 1.0
22 58 0 22 58 1.0
22 60 130 22 4 1.0
22 61 19 22 0 1.0
22 62 19 22 0 1.0
22 63 126 22 4 1.0
22 64 126 22 4 1.0
22 65 124 22 3 1.0
22 66 6 22 51 1.0
22 67 1 22 46 1.0
22 68 1 22 46 1.0
22 69 2 22 47 1.0
22 70 4 22 49 1.0
22 73 0 22 73 1.0
22 75 0 22 75 1.0
22 76 0 22 76 1.0
22 77 0 22 77 1.0
22 78 0 22 78 1.0
22 79 0 22 79 1.0
23 0 0 23 0 1.0
23 1 0 23 1 1.0
23 2 0 23 2 1.0
23 3 0 23 3 1.0
23 4 0 23 4 1.0
23 5 0 23 5 1.0
23 6 96 23 51 1.0
23 7 90 23 50 1.0
23 8 76 23 48 1.0
23 9 33 23 56 1.0
23 10 33 23 56 1.0
23 14 0 23 75 1.0
23 15 0 23 75 1.0
23 18 2 23 75 1.0
23 19 2 23 75 1.0
23 20 9 23 78 1.0
23 21 2 23 75 1.0
23 24 3 23 52 0.359375
23 24 8 23 1 0.640625
23 25 1 23 0 0.671875
23 25 3 23 52 0.328125
23 26 2 23 53 1.0
23 27 3 23 52 1.0
23 28 1 23 0 1.0
23 29 6 23 57 1.0
23 30 1 23 0 1.0
23 31 3 23 54 1.0
23 32 4 23 56 1.0
23 33 2 23 52 1.0
23 34 2 23 52 1.0
23 35 2 23 52 1.0
23 38 1 23 76 1.0
23 40 0 23 75 1.0
23 41 3 23 79 1.0
23 42 5 23 78 1.0
23 44 13 23 51 1.0
23 45 0 23 45 1.0
23 46 0 23 46 1.0
23 49 0 23 49 1.0
23 50 0 23 50 1.0
23 51 0 23 51 1.0
23 52 0 23 52 1.0
23 53 0 23 53 1.0
23 54 0 23 54 1.0
23 55 0 23 55 1.0
23 56 0 23 56 1.0
23 57 0 23 57 1.0
23 58 0 23 58 1.0
23 59 19 23 0 1.0
23 60 130 23 4 1.0
23 62 19 23 0 1.0
23 63 128 23 4 1.0
23 64 132 23 4 1.0
23 65 128 23 4 1.0
23 67 1 23 46 1.0
23 68 6 23 51 1.0
23 69 1 23 46 1.0
23 70 1 23 46 1.0
23 71 0 23 45 1.0
23 72 4 23 49 1.0
23 73 0 23 73 1.0
23 74 0 23 74 1.0
23 76 0 23 76 1.0
23 77 0 23 77 1.0
23 78 0 23 78 1.0
23 79 0 23 79 1.0
24 0 0 24 0 1.0
24 1 0 24 1 1.0
24 2 0 24 2 1.0
24 3 0 24 3 1.0
24 4 0 24 4 1.0
24 5 0 24 5 1.0
24 6 5 24 64 1.0
24 7 8 24 32 1.0
24 8 1 24 60 1.0
24 9 5 24 64 1.0
24 10 5 24 64 1.0
24 12 0 24 59 1.0
24 14 6 24 65 1.0
24 15 3 24 62 1.0
24 18 3 24 52 1.0
24 19 11 24 4 1.0
24 20 10 24 3 1.0
24 21 3 24 52 1.0
24 22 3 24 52 1.0
24 23 2 24 53 0.703125
24 23 3 24 52 0.296875
24 25 0 24 55 0.578125
24 25 21 24 32 0.421875
24 26 26 24 37 1.0
24 27 23 24 34 1.0
24 29 24 24 35 1.0
24 30 24 24 35 1.0
24 31 0 24 31 1.0
24 32 0 24 32 1.0
24 40 42 24 59 1.0
24 41 79 24 65 1.0
24 42 26 24 3 0.859375
24 42 44 24 59 0.140625
24 44 80 24 65 1.0
24 45 37 24 56 0.1875
24 45 91 24 3 0.8125
24 49 29 24 52 1.0
24 50 26 24 52 1.0
24 51 29 24 52 1.0
24 53 0 24 53 1.0
24 54 0 24 54 1.0
24 56 0 24 56 1.0
24 57 0 24 57 1.0
24 58 0 24 58 1.0
24 63 0 24 63 1.0
24 64 0 24 64 1.0
24 65 0 24 65 1.0
24 66 89 24 31 1.0
24 67 108 24 35 1.0
24 68 115 24 36 1.0
24 69 116 24 36 1.0
24 70 101 24 33 1.0
24 71 27 24 61 1.0
24 72 113 24 35 1.0
24 73 0 24 0 1.0
24 74 0 24 0 1.0
24 75 5 24 5 1.0
24 77 0 24 0 1.0
24 78 0 24 0 1.0
24 79 4 24 4 1.0
25 0 0 25 0 1.0
25 1 0 25 1 1.0
25 2 0 25 2 1.0
25 3 0 25 3 1.0
25 4 0 25 4 1.0
25 5 0 25 5 1.0
25 6 6 25 65 1.0
25 7 4 25 63 1.0
25 8 1 25 60 1.0
25 9 5 25 64 1.0
25 10 3 25 62 1.0
25 11 0 25 59 1.0
25 12 0 25 59 1.0
25 14 2 25 61 1.0
25 15 2 25 61 1.0
25 16 1 25 60 1.0
25 17 1 25 60 1.0
25 18 1 25 0 1.0
25 19 9 25 2 1.0
25 20 9 25 2 1.0
25 21 3 25 52 1.0
25 22 12 25 5 1.0
25 23 8 25 1 1.0
25 24 21 25 32 0.4375
25 24 25 25 36 0.5625
25 26 6 25 57 1.0
25 27 24 25 35 1.0
25 28 20 25 31 1.0
25 29 3 25 52 1.0
25 30 5 25 56 1.0
25 31 0 25 31 1.0
25 32 0 25 32 1.0
25 33 0 25 33 1.0
25 34 0 25 34 1.0
25 35 0 25 35 1.0
25 36 0 25 36 1.0
25 37 0 25 37 1.0
25 38 47 25 59 1.0
25 39 47 25 59 1.0
25 40 44 25 59 1.0
25 41 77 25 64 1.0
25 42 4 25 0 1.0
25 43 47 25 59 1.0
25 44 24 25 3 1.0
25 45 13 25 0 1.0
25 46 26 25 52 1.0
25 47 26 25 52 1.0
25 48 26 25 52 1.0
25 49 29 25 52 1.0
25 50 26 25 52 1.0
25 51 29 25 52 1.0
25 52 0 25 52 1.0
25 53 0 25 53 1.0
25 54 0 25 54 1.0
25 55 0 25 55 1.0
25 56 0 25 56 1.0
25 57 0 25 57 1.0
25 58 0 25 58 1.0
25 59 0 25 59 1.0
25 60 0 25 60 1.0
25 61 0 25 61 1.0
25 62 0 25 62 1.0
25 63 0 25 63 1.0
25 64 0 25 64 1.0
25 65 0 25 65 1.0
25 66 101 25 33 1.0
25 67 118 25 36 1.0
25 68 115 25 36 1.0
25 69 116 25 36 1.0
25 70 94 25 32 1.0
25 71 16 25 60 1.0
25 72 108 25 35 1.0
25 73 4 25 4 1.0
25 74 4 25 4 1.0
25 75 4 25 4 1.0
25 76 5 25 5 1.0
25 77 3 25 3 1.0
25 78 3 25 3 1.0
25 79 4 25 4 1.0
26 0 0 26 0 1.0
26 1 0 26 1 1.0
26 2 0 26 2 1.0
26 3 0 26 3 1.0
26 4 0 26 4 1.0
26 5 0 26 5 1.0
26 6 9 26 33 1.0
26 7 0 26 59 1.0
26 8 6 26 65 1.0
26 9 3 26 62 1.0
26 10 2 26 61 1.0
26 11 9 26 33 1.0
26 12 4 26 63 1.0
26 13 4 26 63 1.0
26 14 5 26 64 1.0
26 15 1 26 60 1.0
26 16 5 26 64 1.0
26 17 5 26 64 1.0
26 18 8 26 1 1.0
26 19 2 26 53 1.0
26 20 9 26 2 1.0
26 21 12 26 5 1.0
26 22 3 26 52 1.0
26 23 8 26 1 1.0
26 24 24 26 35 1.0
26 25 0 26 55 1.0
26 27 0 26 55 1.0
26 28 20 26 31 1.0
26 29 3 26 52 1.0
26 30 26 26 37 1.0
26 31 0 26 31 1.0
26 32 0 26 32 1.0
26 33 0 26 33 1.0
26 34 0 26 34 1.0
26 35 0 26 35 1.0
26 36 0 26 36 1.0
26 37 0 26 37 1.0
26 38 15 26 2 1.0
26 39 44 26 59 1.0
26 40 29 26 4 1.0
26 41 1 26 0 1.0
26 42 0 26 0 1.0
26 43 54 26 61 1.0
26 44 78 26 65 1.0
26 45 47 26 57 1.0
26 46 46 26 57 1.0
26 47 29 26 52 1.0
26 48 5 26 55 1.0
26 49 50 26 58 1.0
26 50 3 26 55 1.0
26 51 25 26 52 1.0
26 52 0 26 52 1.0
26 53 0 26 53 1.0
26 54 0 26 54 1.0
26 55 0 26 55 1.0
26 56 0 26 56 1.0
26 57 0 26 57 1.0
26 58 0 26 58 1.0
26 59 0 26 59 1.0
26 60 0 26 60 1.0
26 61 0 26 61 1.0
26 62 0 26 62 1.0
26 63 0 26 63 1.0
26 64 0 26 64 1.0
26 65 0 26 65 1.0
26 66 86 26 31 1.0
26 67 89 26 31 1.0
26 68 86 26 31 1.0
26 69 110 26 35 1.0
26 70 96 26 33 1.0
26 71 104 26 34 1.0
26 72 120 26 37 1.0
26 73 0 26 0 1.0
26 74 5 26 5 1.0
26 75 3 26 3 1.0
26 76 2 26 2 1.0
26 77 4 26 4 1.0
26 78 2 26 2 1.0
26 79 1 26 1 1.0
27 0 0 27 0 1.0
27 1 0 27 1 1.0
27 2 0 27 2 1.0
27 3 0 27 3 1.0
27 4 0 27 4 1.0
27 5 0 27 5 1.0
27 6 2 27 61 1.0
27 7 1 27 60 1.0
27 8 7 27 31 1.0
27 9 2 27 61 1.0
27 10 1 27 60 1.0
27 11 0 27 59 1.0
27 12 3 27 62 1.0
27 13 4 27 63 1.0
27 14 4 27 63 1.0
27 15 5 27 64 1.0
27 16 1 27 60 1.0
27 17 3 27 62 1.0
27 18 10 27 3 1.0
27 19 8 27 1 1.0
27 20 12 27 5 1.0
27 21 1 27 0 1.0
27 22 1 27 0 1.0
27 23 8 27 1 1.0
27 24 24 27 35 1.0
27 25 0 27 55 1.0
27 26 5 27 56 1.0
27 28 20 27 31 1.0
27 29 3 27 52 1.0
27 31 0 27 31 1.0
27 32 0 27 32 1.0
27 33 0 27 33 1.0
27 34 0 27 34 1.0
27 35 0 27 35 1.0
27 36 0 27 36 1.0
27 37 0 27 37 1.0
27 38 42 27 59 1.0
27 39 48 27 60 1.0
27 40 62 27 62 1.0
27 41 44 27 59 1.0
27 42 68 27 63 1.0
27 43 42 27 59 1.0
27 44 29 27 4 1.0
27 45 25 27 52 1.0
27 46 30 27 52 1.0
27 47 1 27 55 1.0
27 48 30 27 52 1.0
27 49 47 27 57 1.0
27 50 0 27 55 1.0
27 51 2 27 55 1.0
27 52 0 27 52 1.0
27 53 0 27 53 1.0
27 54 0 27 54 1.0
27 55 0 27 55 1.0
27 56 0 27 56 1.0
27 57 0 27 57 1.0
27 58 0 27 58 1.0
27 59 0 27 59 1.0
27 60 0 27 60 1.0
27 61 0 27 61 1.0
27 62 0 27 62 1.0
27 63 0 27 63 1.0
27 64 0 27 64 1.0
27 65 0 27 65 1.0
27 66 89 27 31 1.0
27 67 110 27 35 1.0
27 68 84 27 31 1.0
27 69 125 27 37 1.0
27 70 116 27 36 1.0
27 71 113 27 35 1.0
27 72 119 27 36 1.0
27 73 0 27 0 1.0
27 74 0 27 0 1.0
27 75 1 27 1 1.0
27 76 1 27 1 1.0
27 77 3 27 3 1.0
27 78 3 27 3 1.0
27 79 3 27 3 1.0
28 1 0 28 1 1.0
28 2 0 28 2 1.0
28 3 0 28 3 1.0
28 6 0 28 59 1.0
28 7 0 28 59 1.0
28 8 1 28 60 1.0
28 9 0 28 59 1.0
28 10 0 28 59 1.0
28 11 0 28 59 1.0
28 12 1 28 60 1.0
28 13 0 28 59 1.0
28 14 6 28 65 1.0
28 15 6 28 65 1.0
28 16 0 28 59 1.0
28 17 0 28 59 1.0
28 20 11 28 4 1.0
28 22 11 28 4 1.0
28 23 11 28 4 1.0
28 25 20 28 31 1.0
28 26 20 28 31 1.0
28 27 20 28 31 1.0
28 29 20 28 31 1.0
28 32 0 28 32 1.0
28 33 0 28 33 1.0
28 34 0 28 34 1.0
28 35 0 28 35 1.0
28 36 0 28 36 1.0
28 37 0 28 37 1.0
28 38 47 28 59 1.0
28 39 47 28 59 1.0
28 40 33 28 4 1.0
28 41 46 28 59 1.0
28 42 47 28 59 1.0
28 43 53 28 60 1.0
28 44 42 28 59 1.0
28 45 29 28 52 1.0
28 46 26 28 52 1.0
28 47 26 28 52 1.0
28 49 29 28 52 1.0
28 50 27 28 52 1.0
28 51 51 28 58 1.0
28 52 0 28 52 1.0
28 53 0 28 53 1.0
28 54 0 28 54 1.0
28 55 0 28 55 1.0
28 56 0 28 56 1.0
28 57 0 28 57 1.0
28 58 0 28 58 1.0
28 60 0 28 60 1.0
28 61 0 28 61 1.0
28 62 0 28 62 1.0
28 63 0 28 63 1.0
28 64 0 28 64 1.0
28 65 0 28 65 1.0
28 66 107 28 34 1.0
28 67 125 28 37 1.0
28 68 122 28 37 1.0
28 69 101 28 33 1.0
28 70 104 28 34 1.0
28 77 1 28 1 1.0
28 78 1 28 1 1.0
28 79 2 28 2 1.0
29 0 0 29 0 1.0
29 1 0 29 1 1.0
29 2 0 29 2 1.0
29 3 0 29 3 1.0
29 4 0 29 4 1.0
29 5 0 29 5 1.0
29 6 5 29 64 1.0
29 7 3 29 62 1.0
29 9 6 29 65 1.0
29 10 0 29 59 1.0
29 11 0 29 59 1.0
29 12 0 29 59 1.0
29 14 3 29 62 1.0
29 15 5 29 64 1.0
29 17 0 29 59 1.0
29 18 1 29 0 1.0
29 19 1 29 0 1.0
29 20 1 29 0 1.0
29 21 11 29 4 1.0
29 22 12 29 5 1.0
29 23 1 29 0 1.0
29 24 24 29 35 1.0
29 25 23 29 34 1.0
29 26 25 29 36 1.0
29 27 23 29 34 1.0
29 28 24 29 35 1.0
29 30 3 29 52 1.0
29 31 0 29 31 1.0
29 32 0 29 32 1.0
29 33 0 29 33 1.0
29 37 0 29 37 1.0
29 39 47 29 59 1.0
29 40 36 29 5 1.0
29 41 36 29 5 1.0
29 42 80 29 65 1.0
29 44 51 29 60 1.0
29 45 26 29 52 1.0
29 47 26 29 52 1.0
29 49 28 29 52 1.0
29 50 29 29 52 1.0
29 51 54 29 58 1.0
29 52 0 29 52 1.0
29 53 0 29 53 1.0
29 54 0 29 54 1.0
29 55 0 29 55 1.0
29 56 0 29 56 1.0
29 57 0 29 57 1.0
29 58 0 29 58 1.0
29 61 0 29 61 1.0
29 62 0 29 62 1.0
29 63 0 29 63 1.0
29 64 0 29 64 1.0
29 65 0 29 65 1.0
29 66 98 29 33 1.0
29 67 124 29 37 1.0
29 68 119 29 36 1.0
29 69 119 29 36 1.0
29 70 86 29 31 1.0
29 71 96 29 33 1.0
29 72 123 29 37 1.0
29 73 5 29 5 1.0
29 74 5 29 5 1.0
29 75 4 29 4 1.0
29 77 0 29 0 1.0
29 78 0 29 0 1.0
29 79 3 29 3 1.0
30 0 0 30 0 1.0
30 1 0 30 1 1.0
30 2 0 30 2 1.0
30 3 0 30 3 1.0
30 4 0 30 4 1.0
30 5 0 30 5 1.0
30 6 4 30 63 1.0
30 7 8 30 32 1.0
30 8 1 30 60 1.0
30 9 4 30 63 1.0
30 10 13 30 37 1.0
30 14 5 30 64 1.0
30 15 5 30 64 1.0
30 16 1 30 60 1.0
30 18 3 30 52 1.0
30 19 11 30 4 1.0
30 20 8 30 1 1.0
30 21 3 30 52 1.0
30 22 3 30 52 1.0
30 23 11 30 4 1.0
30 24 24 30 35 1.0
30 25 5 30 56 1.0
30 26 26 30 37 1.0
30 27 26 30 37 1.0
30 29 25 30 36 1.0
30 31 0 30 31 1.0
30 32 0 30 32 1.0
30 35 0 30 35 1.0
30 36 0 30 36 1.0
30 40 46 30 59 1.0
30 41 7 30 1 1.0
30 42 18 30 2 1.0
30 43 47 30 59 1.0
30 44 24 30 3 0.625
30 44 57 30 61 0.375
30 45 42 30 56 1.0
30 48 25 30 52 1.0
30 49 29 30 52 1.0
30 50 30 30 52 1.0
30 51 30 30 52 1.0
30 53 0 30 53 1.0
30 54 0 30 54 1.0
30 56 0 30 56 1.0
30 57 0 30 57 1.0
30 58 0 30 58 1.0
30 62 0 30 62 1.0
30 63 0 30 63 1.0
30 64 0 30 64 1.0
30 65 0 30 65 1.0
30 66 119 30 36 1.0
30 67 110 30 35 1.0
30 68 107 30 34 1.0
30 69 109 30 35 1.0
30 70 43 30 62 1.0
30 71 45 30 62 1.0
30 72 98 30 33 1.0
30 73 3 30 3 1.0
30 74 3 30 3 1.0
30 77 0 30 0 1.0
30 78 0 30 0 1.0
30 79 0 30 0 1.0
31 0 9 31 26 1.0
31 1 9 31 26 1.0
31 2 9 31 26 1.0
31 3 9 31 26 1.0
31 4 5 31 29 1.0
31 5 5 31 29 1.0
31 6 0 31 6 1.0
31 7 0 31 7 1.0
31 9 0 31 9 1.0
31 10 0 31 10 1.0
31 14 5 31 64 1.0
31 15 0 31 59 1.0
31 19 1 31 53 1.0
31 20 4 31 56 1.0
31 23 4 31 56 1.0
31 24 0 31 24 1.0
31 25 0 31 25 1.0
31 26 0 31 26 1.0
31 27 0 31 27 1.0
31 29 0 31 29 1.0
31 30 0 31 30 1.0
31 32 14 31 59 0.125
31 32 19 31 64 0.875
31 33 8 31 28 1.0
31 36 14 31 59 1.0
31 38 5 31 59 1.0
31 40 3 31 59 1.0
31 41 56 31 7 1.0
31 42 115 31 11 1.0
31 44 119 31 11 1.0
31 45 46 31 6 1.0
31 48 62 31 8 1.0
31 50 16 31 52 1.0
31 51 12 31 52 1.0
31 53 0 31 53 1.0
31 54 0 31 54 1.0
31 55 0 31 55 1.0
31 56 0 31 56 1.0
31 57 0 31 57 1.0
31 58 0 31 58 1.0
31 60 0 31 60 1.0
31 61 0 31 61 1.0
31 62 0 31 62 1.0
31 63 0 31 63 1.0
31 64 0 31 64 1.0
31 65 0 31 65 1.0
31 66 5 31 11 1.0
31 67 3 31 9 1.0
31 68 1 31 7 1.0
31 69 2 31 8 1.0
31 70 0 31 6 1.0
31 71 1 31 7 1.0
31 72 1 31 7 1.0
31 73 80 31 54 1.0
31 74 125 31 58 1.0
31 75 70 31 28 1.0
31 77 74 31 26 1.0
31 78 25 31 27 1.0
31 79 40 31 29 1.0
32 0 6 32 53 1.0
32 1 3 32 27 1.0
32 2 11 32 56 1.0
32 3 5 32 29 1.0
32 4 9 32 26 1.0
32 5 6 32 53 1.0
32 6 0 32 6 1.0
32 7 0 32 7 1.0
32 8 0 32 8 1.0
32 9 0 32 9 1.0
32 10 0 32 10 1.0
32 11 0 32 11 1.0
32 12 8 32 7 1.0
32 14 12 32 11 1.0
32 15 1 32 60 1.0
32 16 12 32 11 1.0
32 17 9 32 8 1.0
32 18 6 32 58 1.0
32 19 1 32 53 1.0
32 20 4 32 56 1.0
32 21 6 32 58 1.0
32 22 2 32 52 1.0
32 23 4 32 56 1.0
32 24 0 32 24 1.0
32 25 0 32 25 1.0
32 26 0 32 26 1.0
32 27 0 32 27 1.0
32 28 0 32 28 1.0
32 29 0 32 29 1.0
32 30 0 32 30 1.0
32 31 5 32 29 0.5625
32 31 17 32 62 0.4375
32 33 4 32 30 1.0
32 34 5 32 29 1.0
32 35 26 32 11 1.0
32 36 5 32 29 1.0
32 37 4 32 30 1.0
32 38 5 32 59 1.0
32 39 11 32 60 1.0
32 40 38 32 65 1.0
32 41 73 32 8 1.0
32 42 99 32 10 1.0
32 43 5 32 59 1.0
32 44 94 32 10 1.0
32 45 71 32 10 1.0
32 46 62 32 8 1.0
32 47 13 32 52 1.0
32 48 62 32 8 1.0
32 49 81 32 11 1.0
32 50 12 32 52 1.0
32 51 49 32 7 1.0
32 52 0 32 52 1.0
32 53 0 32 53 1.0
32 54 0 32 54 1.0
32 55 0 32 55 1.0
32 56 0 32 56 1.0
32 57 0 32 57 1.0
32 58 0 32 58 1.0
32 59 0 32 59 1.0
32 60 0 32 60 1.0
32 61 0 32 61 1.0
32 62 0 32 62 1.0
32 63 0 32 63 1.0
32 64 0 32 64 1.0
32 65 0 32 65 1.0
32 66 0 32 6 1.0
32 67 1 32 7 1.0
32 68 1 32 7 1.0
32 69 1 32 7 1.0
32 70 1 32 7 1.0
32 71 3 32 9 1.0
32 72 1 32 7 1.0
32 73 55 32 52 1.0
32 74 17 32 55 1.0
32 75 37 32 29 1.0
32 76 67 32 28 1.0
32 77 37 32 29 1.0
32 78 39 32 29 1.0
32 79 38 32 29 1.0
33 1 6 33 53 1.0
33 2 4 33 30 1.0
33 4 7 33 52 1.0
33 7 0 33 7 1.0
33 8 0 33 8 1.0
33 9 0 33 9 1.0
33 10 0 33 10 1.0
33 11 0 33 11 1.0
33 12 7 33 6 1.0
33 14 10 33 9 1.0
33 15 10 33 9 1.0
33 16 12 33 11 1.0
33 17 0 33 59 1.0
33 18 3 33 54 1.0
33 19 2 33 52 1.0
33 20 2 33 52 1.0
33 21 6 33 58 1.0
33 22 6 33 58 1.0
33 23 2 33 52 1.0
33 25 0 33 25 1.0
33 26 0 33 26 1.0
33 27 0 33 27 1.0
33 28 0 33 28 1.0
33 29 0 33 29 1.0
33 32 4 33 30 1.0
33 34 4 33 30 1.0
33 35 26 33 11 1.0
33 36 0 33 24 1.0
33 37 4 33 30 1.0
33 38 11 33 60 1.0
33 39 0 33 59 1.0
33 40 3 33 59 1.0
33 41 14 33 61 1.0
33 42 5 33 59 1.0
33 43 11 33 60 1.0
33 45 16 33 52 1.0
33 46 15 33 52 1.0
33 47 42 33 6 1.0
33 48 62 33 8 1.0
33 49 16 33 52 1.0
33 50 43 33 6 1.0
33 51 56 33 8 1.0
33 52 0 33 52 1.0
33 53 0 33 53 1.0
33 54 0 33 54 1.0
33 55 0 33 55 1.0
33 56 0 33 56 1.0
33 57 0 33 57 1.0
33 58 0 33 58 1.0
33 59 0 33 59 1.0
33 60 0 33 60 1.0
33 61 0 33 61 1.0
33 62 0 33 62 1.0
33 63 0 33 63 1.0
33 64 0 33 64 1.0
33 65 0 33 65 1.0
33 66 5 33 11 1.0
33 67 2 33 8 1.0
33 68 2 33 8 1.0
33 69 2 33 8 1.0
33 70 5 33 11 1.0
33 72 2 33 8 1.0
33 73 70 33 28 1.0
33 74 70 33 28 1.0
33 75 39 33 29 1.0
33 76 38 33 29 1.0
33 77 41 33 29 1.0
33 78 29 33 27 1.0
33 79 68 33 28 1.0
34 2 0 34 24 1.0
34 3 4 34 30 1.0
34 4 7 34 52 1.0
34 5 8 34 28 1.0
34 6 0 34 6 1.0
34 7 0 34 7 1.0
34 8 0 34 8 1.0
34 9 0 34 9 1.0
34 10 0 34 10 1.0
34 11 0 34 11 1.0
34 12 8 34 7 1.0
34 14 10 34 9 1.0
34 15 12 34 11 1.0
34 16 12 34 11 1.0
34 17 9 34 8 1.0
34 18 6 34 58 1.0
34 19 2 34 52 1.0
34 20 2 34 52 1.0
34 21 2 34 52 1.0
34 22 2 34 52 1.0
34 23 2 34 52 1.0
34 25 0 34 25 1.0
34 26 0 34 26 1.0
34 27 0 34 27 1.0
34 28 0 34 28 1.0
34 29 0 34 29 1.0
34 32 4 34 30 1.0
34 33 4 34 30 1.0
34 35 15 34 60 1.0
34 36 0 34 24 1.0
34 37 4 34 30 1.0
34 38 5 34 59 1.0
34 39 11 34 60 1.0
34 40 1 34 59 1.0
34 41 33 34 64 1.0
34 42 5 34 59 1.0
34 43 11 34 60 1.0
34 44 0 34 59 1.0
34 45 12 34 52 1.0
34 46 62 34 8 1.0
34 47 17 34 52 1.0
34 48 62 34 8 1.0
34 49 62 34 8 1.0
34 50 83 34 11 1.0
34 51 74 34 10 1.0
34 52 0 34 52 1.0
34 53 0 34 53 1.0
34 54 0 34 54 1.0
34 55 0 34 55 1.0
34 56 0 34 56 1.0
34 57 0 34 57 1.0
34 58 0 34 58 1.0
34 59 0 34 59 1.0
34 60 0 34 60 1.0
34 61 0 34 61 1.0
34 62 0 34 62 1.0
34 63 0 34 63 1.0
34 64 0 34 64 1.0
34 65 0 34 65 1.0
34 66 4 34 10 1.0
34 67 2 34 8 1.0
34 68 2 34 8 1.0
34 69 2 34 8 1.0
34 70 5 34 11 1.0
34 71 1 34 7 1.0
34 72 5 34 11 1.0
34 73 70 34 28 1.0
34 74 70 34 28 1.0
34 75 67 34 28 1.0
34 76 37 34 29 1.0
34 77 39 34 29 1.0
34 78 39 34 29 1.0
34 79 68 34 28 1.0
35 1 6 35 53 1.0
35 2 5 35 29 1.0
35 3 0 35 24 1.0
35 5 8 35 28 1.0
35 8 0 35 8 1.0
35 9 0 35 9 1.0
35 10 0 35 10 1.0
35 11 0 35 11 1.0
35 12 8 35 7 1.0
35 14 9 35 8 1.0
35 15 9 35 8 1.0
35 16 12 35 11 1.0
35 17 9 35 8 1.0
35 20 2 35 52 1.0
35 22 2 35 52 1.0
35 23 6 35 58 1.0
35 25 0 35 25 1.0
35 26 0 35 26 1.0
35 27 0 35 27 1.0
35 28 0 35 28 1.0
35 29 0 35 29 1.0
35 30 0 35 30 1.0
35 32 14 35 59 1.0
35 33 4 35 30 1.0
35 34 4 35 30 1.0
35 36 14 35 59 1.0
35 37 4 35 30 1.0
35 38 5 35 59 1.0
35 39 5 35 59 1.0
35 40 8 35 60 1.0
35 41 16 35 61 1.0
35 42 5 35 59 1.0
35 44 0 35 59 1.0
35 45 16 35 52 1.0
35 46 81 35 11 1.0
35 47 17 35 52 1.0
35 48 12 35 52 1.0
35 49 62 35 8 1.0
35 50 55 35 7 1.0
35 51 44 35 6 1.0
35 52 0 35 52 1.0
35 53 0 35 53 1.0
35 54 0 35 54 1.0
35 55 0 35 55 1.0
35 56 0 35 56 1.0
35 57 0 35 57 1.0
35 58 0 35 58 1.0
35 60 0 35 60 1.0
35 62 0 35 62 1.0
35 63 0 35 63 1.0
35 64 0 35 64 1.0
35 65 0 35 65 1.0
35 66 1 35 7 1.0
35 67 5 35 11 1.0
35 68 4 35 10 1.0
35 69 5 35 11 1.0
35 73 70 35 28 1.0
35 74 70 35 28 1.0
35 75 38 35 29 1.0
35 76 67 35 28 1.0
35 77 39 35 29 1.0
35 78 67 35 28 1.0
35 79 39 35 29 1.0
36 0 7 36 52 1.0
36 1 6 36 53 1.0
36 2 7 36 52 1.0
36 5 8 36 28 1.0
36 6 0 36 6 1.0
36 8 0 36 8 1.0
36 9 0 36 9 1.0
36 10 0 36 10 1.0
36 11 0 36 11 1.0
36 12 9 36 8 1.0
36 13 8 36 7 1.0
36 14 12 36 11 1.0
36 15 12 36 11 1.0
36 16 12 36 11 1.0
36 17 9 36 8 1.0
36 18 6 36 58 1.0
36 19 2 36 52 1.0
36 20 6 36 58 1.0
36 21 0 36 55 1.0
36 22 0 36 55 1.0
36 23 2 36 52 1.0
36 24 0 36 24 1.0
36 25 0 36 25 1.0
36 26 0 36 26 1.0
36 27 0 36 27 1.0
36 28 0 36 28 1.0
36 29 0 36 29 1.0
36 30 0 36 30 1.0
36 32 4 36 30 1.0
36 33 4 36 30 1.0
36 34 4 36 30 1.0
36 35 26 36 11 1.0
36 37 4 36 30 1.0
36 38 11 36 60 1.0
36 39 5 36 59 1.0
36 40 38 36 65 1.0
36 41 20 36 62 1.0
36 43 11 36 60 1.0
36 44 0 36 59 1.0
36 45 16 36 52 1.0
36 46 15 36 52 1.0
36 47 17 36 52 1.0
36 48 13 36 52 1.0
36 49 62 36 8 1.0
36 50 51 36 7 1.0
36 51 83 36 11 1.0
36 52 0 36 52 1.0
36 53 0 36 53 1.0
36 54 0 36 54 1.0
36 55 0 36 55 1.0
36 56 0 36 56 1.0
36 57 0 36 57 1.0
36 58 0 36 58 1.0
36 59 0 36 59 1.0
36 60 0 36 60 1.0
36 61 0 36 61 1.0
36 62 0 36 62 1.0
36 63 0 36 63 1.0
36 64 0 36 64 1.0
36 65 0 36 65 1.0
36 66 0 36 6 1.0
36 67 2 36 8 1.0
36 68 2 36 8 1.0
36 69 3 36 9 1.0
36 70 5 36 11 1.0
36 71 1 36 7 1.0
36 72 1 36 7 1.0
36 73 70 36 28 1.0
36 74 70 36 28 1.0
36 75 37 36 29 1.0
36 76 37 36 29 1.0
36 77 37 36 29 1.0
36 78 28 36 27 1.0
36 79 36 36 29 1.0
37 1 6 37 53 1.0
37 2 4 37 30 1.0
37 4 7 37 52 1.0
37 7 0 37 7 1.0
37 8 0 37 8 1.0
37 9 0 37 9 1.0
37 10 0 37 10 1.0
37 11 0 37 11 1.0
37 12 7 37 6 1.0
37 13 8 37 7 1.0
37 14 11 37 10 1.0
37 15 8 37 7 1.0
37 16 12 37 11 1.0
37 17 9 37 8 1.0
37 18 6 37 58 1.0
37 20 2 37 52 1.0
37 21 2 37 52 1.0
37 22 6 37 58 1.0
37 23 2 37 52 1.0
37 24 0 37 24 1.0
37 25 0 37 25 1.0
37 26 0 37 26 1.0
37 27 0 37 27 1.0
37 28 0 37 28 1.0
37 29 0 37 29 1.0
37 32 4 37 30 1.0
37 33 4 37 30 1.0
37 34 4 37 30 1.0
37 35 4 37 30 1.0
37 36 4 37 30 1.0
37 38 5 37 59 1.0
37 39 6 37 60 1.0
37 40 15 37 61 1.0
37 41 14 37 61 1.0
37 42 5 37 59 1.0
37 43 11 37 60 1.0
37 44 0 37 59 1.0
37 45 16 37 52 1.0
37 46 81 37 11 1.0
37 47 13 37 52 1.0
37 48 13 37 52 1.0
37 49 16 37 52 1.0
37 50 48 37 6 1.0
37 51 63 37 9 1.0
37 52 0 37 52 1.0
37 53 0 37 53 1.0
37 54 0 37 54 1.0
37 55 0 37 55 1.0
37 56 0 37 56 1.0
37 57 0 37 57 1.0
37 58 0 37 58 1.0
37 59 0 37 59 1.0
37 60 0 37 60 1.0
37 61 0 37 61 1.0
37 62 0 37 62 1.0
37 63 0 37 63 1.0
37 64 0 37 64 1.0
37 65 0 37 65 1.0
37 66 0 37 6 1.0
37 67 2 37 8 1.0
37 68 2 37 8 1.0
37 69 2 37 8 1.0
37 70 0 37 6 1.0
37 71 0 37 6 1.0
37 72 0 37 6 1.0
37 73 70 37 28 1.0
37 74 70 37 28 1.0
37 75 38 37 29 1.0
37 76 37 37 29 1.0
37 77 36 37 29 1.0
37 78 36 37 29 1.0
37 79 41 37 29 1.0
38 0 0 38 75 1.0
38 1 0 38 75 1.0
38 2 0 38 75 1.0
38 4 0 38 75 1.0
38 6 1 38 12 1.0
38 7 5 38 17 1.0
38 8 5 38 17 1.0
38 9 2 38 13 1.0
38 10 5 38 17 1.0
38 11 0 38 16 1.0
38 12 0 38 12 1.0
38 13 0 38 13 1.0
38 14 0 38 14 1.0
38 15 0 38 15 1.0
38 17 0 38 17 1.0
38 21 0 38 75 1.0
38 23 0 38 75 1.0
38 25 50 38 12 1.0
38 26 60 38 13 1.0
38 27 55 38 12 1.0
38 28 49 38 12 1.0
38 36 35 38 13 1.0
38 37 37 38 13 1.0
38 39 12 38 49 1.0
38 40 12 38 49 1.0
38 41 25 38 71 1.0
38 42 12 38 49 1.0
38 43 12 38 49 1.0
38 45 0 38 45 1.0
38 46 0 38 46 1.0
38 47 0 38 47 1.0
38 48 0 38 48 1.0
38 50 0 38 50 1.0
38 51 0 38 51 1.0
38 53 109 38 49 1.0
38 54 103 38 48 1.0
38 55 103 38 48 1.0
38 56 97 38 47 1.0
38 57 109 38 49 1.0
38 58 105 38 48 1.0
38 59 0 38 16 1.0
38 60 0 38 16 1.0
38 61 2 38 13 1.0
38 62 0 38 16 1.0
38 63 1 38 12 1.0
38 64 1 38 12 1.0
38 65 1 38 12 1.0
38 66 0 38 66 1.0
38 67 0 38 67 1.0
38 68 0 38 68 1.0
38 69 0 38 69 1.0
38 70 0 38 70 1.0
38 72 0 38 72 1.0
38 76 0 38 76 1.0
38 77 0 38 77 1.0
38 78 0 38 78 1.0
38 79 0 38 79 1.0
39 0 1 39 76 1.0
39 1 1 39 76 1.0
39 2 1 39 76 1.0
39 3 1 39 76 1.0
39 5 1 39 76 1.0
39 7 5 39 17 1.0
39 8 5 39 17 1.0
39 9 2 39 13 1.0
39 10 5 39 17 1.0
39 11 12 39 72 1.0
39 12 0 39 12 1.0
39 13 0 39 13 1.0
39 14 0 39 14 1.0
39 15 0 39 15 1.0
39 16 0 39 16 1.0
39 17 0 39 17 1.0
39 18 1 39 76 1.0
39 20 1 39 76 1.0
39 21 1 39 76 1.0
39 23 1 39 76 1.0
39 24 57 39 13 1.0
39 25 58 39 13 1.0
39 26 1 39 75 1.0
39 27 58 39 13 1.0
39 28 10 39 76 1.0
39 29 4 39 75 1.0
39 31 35 39 13 1.0
39 33 35 39 13 1.0
39 34 35 39 13 1.0
39 35 35 39 13 0.296875
39 35 77 39 17 0.703125
39 37 35 39 13 1.0
39 38 11 39 48 1.0
39 40 11 39 48 1.0
39 41 11 39 48 1.0
39 43 11 39 48 1.0
39 44 11 39 48 1.0
39 45 0 39 45 1.0
39 46 0 39 46 1.0
39 47 0 39 47 1.0
39 50 0 39 50 1.0
39 51 0 39 51 1.0
39 52 102 39 48 1.0
39 53 86 39 45 1.0
39 54 85 39 45 1.0
39 55 85 39 45 1.0
39 56 87 39 45 1.0
39 57 109 39 49 1.0
39 58 108 39 49 1.0
39 60 2 39 13 1.0
39 61 2 39 13 1.0
39 62 0 39 16 1.0
39 63 3 39 14 1.0
39 64 1 39 12 1.0
39 65 2 39 13 1.0
39 66 0 39 66 1.0
39 67 0 39 67 1.0
39 68 0 39 68 1.0
39 69 0 39 69 1.0
39 73 0 39 73 1.0
39 74 0 39 74 1.0
39 75 0 39 75 1.0
39 77 0 39 77 1.0
39 78 0 39 78 1.0
39 79 0 39 79 1.0
40 0 1 40 76 1.0
40 1 0 40 75 1.0
40 2 1 40 76 1.0
40 3 0 40 75 1.0
40 4 1 40 76 1.0
40 5 1 40 76 1.0
40 6 5 40 17 1.0
40 7 2 40 13 1.0
40 8 6 40 66 1.0
40 9 0 40 16 1.0
40 10 5 40 17 1.0
40 11 2 40 13 1.0
40 12 0 40 12 1.0
40 13 0 40 13 1.0
40 14 0 40 14 1.0
40 15 0 40 15 1.0
40 16 0 40 16 1.0
40 17 0 40 17 1.0
40 18 1 40 76 1.0
40 19 11 40 49 1.0
40 20 8 40 46 1.0
40 21 6 40 73 1.0
40 22 10 40 48 1.0
40 23 9 40 47 1.0
40 24 4 40 75 1.0
40 25 60 40 13 1.0
40 26 3 40 75 1.0
40 27 42 40 16 1.0
40 28 17 40 74 1.0
40 29 59 40 13 1.0
40 30 58 40 13 1.0
40 31 35 40 13 1.0
40 32 79 40 66 1.0
40 33 82 40 66 1.0
40 34 91 40 68 1.0
40 35 80 40 66 1.0
40 36 35 40 13 1.0
40 37 114 40 72 1.0
40 38 26 40 72 1.0
40 39 8 40 45 1.0
40 41 20 40 66 1.0
40 42 12 40 49 1.0
40 43 26 40 72 1.0
40 44 11 40 48 1.0
40 45 0 40 45 1.0
40 46 0 40 46 1.0
40 47 0 40 47 1.0
40 48 0 40 48 1.0
40 49 0 40 49 1.0
40 50 0 40 50 1.0
40 51 0 40 51 1.0
40 52 96 40 47 1.0
40 53 108 40 49 1.0
40 54 102 40 48 1.0
40 55 102 40 48 1.0
40 56 108 40 49 1.0
40 57 105 40 48 1.0
40 58 93 40 46 1.0
40 59 4 40 15 1.0
40 60 4 40 15 1.0
40 61 4 40 15 1.0
40 62 4 40 15 1.0
40 63 1 40 12 1.0
40 64 5 40 17 1.0
40 65 3 40 14 1.0
40 66 0 40 66 1.0
40 67 0 40 67 1.0
40 68 0 40 68 1.0
40 69 0 40 69 1.0
40 70 0 40 70 1.0
40 71 0 40 71 1.0
40 72 0 40 72 1.0
40 73 0 40 73 1.0
40 74 0 40 74 1.0
40 75 0 40 75 1.0
40 76 0 40 76 1.0
40 77 0 40 77 1.0
40 78 0 40 78 1.0
40 79 0 40 79 1.0
41 0 0 41 75 0.375
41 0 2 41 74 0.625
41 1 3 41 79 1.0
41 2 3 41 79 1.0
41 3 2 41 74 1.0
41 4 2 41 74 1.0
41 5 2 41 74 1.0
41 6 0 41 16 0.453125
41 6 10 41 70 0.546875
41 7 10 41 70 1.0
41 8 0 41 16 1.0
41 9 7 41 67 1.0
41 10 12 41 72 1.0
41 11 5 41 17 1.0
41 12 0 41 12 1.0
41 13 0 41 13 1.0
41 14 0 41 14 1.0
41 15 0 41 15 1.0
41 16 0 41 16 1.0
41 17 0 41 17 1.0
41 18 1 41 76 1.0
41 19 6 41 73 1.0
41 20 2 41 74 1.0
41 21 10 41 48 1.0
41 22 10 41 48 1.0
41 23 2 41 74 1.0
41 24 46 41 16 1.0
41 25 29 41 77 1.0
41 26 77 41 17 1.0
41 27 42 41 16 1.0
41 28 30 41 78 1.0
41 29 8 41 76 1.0
41 30 82 41 17 1.0
41 31 31 41 13 1.0
41 32 87 41 67 1.0
41 33 81 41 66 1.0
41 34 107 41 70 1.0
41 35 77 41 17 1.0
41 36 107 41 70 1.0
41 37 106 41 70 1.0
41 38 24 41 70 1.0
41 39 24 41 70 1.0
41 40 20 41 66 1.0
41 42 22 41 68 0.515625
41 42 24 41 70 0.484375
41 43 26 41 72 1.0
41 44 22 41 68 1.0
41 45 0 41 45 1.0
41 46 0 41 46 1.0
41 47 0 41 47 1.0
41 48 0 41 48 1.0
41 49 0 41 49 1.0
41 50 0 41 50 1.0
41 51 0 41 51 1.0
41 52 117 41 50 1.0
41 53 111 41 49 1.0
41 54 108 41 49 1.0
41 55 102 41 48 1.0
41 56 102 41 48 1.0
41 57 111 41 49 1.0
41 58 110 41 49 1.0
41 59 4 41 15 1.0
41 60 4 41 15 1.0
41 61 4 41 15 1.0
41 62 5 41 17 1.0
41 63 5 41 17 1.0
41 64 0 41 16 1.0
41 65 3 41 14 1.0
41 67 0 41 67 1.0
41 68 0 41 68 1.0
41 69 0 41 69 1.0
41 70 0 41 70 1.0
41 71 0 41 71 1.0
41 72 0 41 72 1.0
41 73 0 41 73 1.0
41 74 0 41 74 1.0
41 75 0 41 75 1.0
41 76 0 41 76 1.0
41 77 0 41 77 1.0
41 78 0 41 78 1.0
41 79 0 41 79 1.0
42 0 1 42 76 0.5
42 0 2 42 74 0.5
42 1 3 42 79 1.0
42 2 2 42 74 1.0
42 3 2 42 74 0.3125
42 3 3 42 79 0.6875
42 4 2 42 74 1.0
42 5 0 42 75 0.15625
42 5 2 42 74 0.84375
42 6 10 42 70 1.0
42 7 10 42 70 1.0
42 9 12 42 72 1.0
42 10 4 42 15 1.0
42 12 0 42 12 1.0
42 14 0 42 14 1.0
42 15 0 42 15 1.0
42 18 0 42 75 1.0
42 19 0 42 75 0.578125
42 19 2 42 74 0.421875
42 20 6 42 73 1.0
42 23 3 42 79 1.0
42 24 53 42 12 1.0
42 25 74 42 15 1.0
42 26 42 42 16 1.0
42 27 58 42 13 1.0
42 28 58 42 13 1.0
42 29 3 42 75 1.0
42 30 53 42 12 1.0
42 31 17 42 12 1.0
42 32 91 42 68 1.0
42 39 12 42 49 1.0
42 40 12 42 49 1.0
42 41 11 42 48 0.375
42 41 26 42 72 0.625
42 43 12 42 49 1.0
42 44 10 42 47 1.0
42 45 0 42 45 1.0
42 46 0 42 46 1.0
42 47 0 42 47 1.0
42 48 0 42 48 1.0
42 50 0 42 50 1.0
42 51 0 42 51 1.0
42 53 99 42 47 1.0
42 54 99 42 47 1.0
42 55 106 42 48 1.0
42 56 105 42 48 1.0
42 57 111 42 49 1.0
42 58 104 42 48 1.0
42 59 2 42 13 1.0
42 60 2 42 13 1.0
42 61 2 42 13 1.0
42 62 0 42 16 1.0
42 63 3 42 14 1.0
42 64 4 42 15 1.0
42 65 1 42 12 1.0
42 66 0 42 66 1.0
42 67 0 42 67 1.0
42 68 0 42 68 1.0
42 69 0 42 69 1.0
42 70 0 42 70 1.0
42 71 0 42 71 1.0
42 72 0 42 72 1.0
42 73 0 42 73 1.0
42 74 0 42 74 1.0
42 76 0 42 76 1.0
42 77 0 42 77 1.0
42 78 0 42 78 1.0
42 79 0 42 79 1.0
43 0 0 43 75 1.0
43 1 0 43 75 1.0
43 2 1 43 76 1.0
43 6 2 43 13 1.0
43 9 2 43 13 1.0
43 11 12 43 72 1.0
43 12 0 43 12 1.0
43 13 0 43 13 1.0
43 14 0 43 14 1.0
43 15 0 43 15 1.0
43 16 0 43 16 1.0
43 17 0 43 17 1.0
43 18 0 43 75 1.0
43 19 1 43 76 1.0
43 21 0 43 75 1.0
43 22 1 43 76 1.0
43 25 57 43 13 1.0
43 26 8 43 76 1.0
43 27 60 43 13 1.0
43 32 37 43 13 1.0
43 33 38 43 13 1.0
43 36 35 43 13 1.0
43 37 35 43 13 1.0
43 38 1 43 76 1.0
43 40 25 43 71 1.0
43 41 25 43 71 1.0
43 45 0 43 45 1.0
43 46 0 43 46 1.0
43 47 0 43 47 1.0
43 48 0 43 48 1.0
43 50 0 43 50 1.0
43 51 0 43 51 1.0
43 53 15 43 76 1.0
43 54 13 43 76 1.0
43 55 17 43 76 1.0
43 56 106 43 48 1.0
43 57 15 43 76 1.0
43 58 16 43 76 1.0
43 61 2 43 13 1.0
43 62 2 43 13 1.0
43 63 3 43 14 1.0
43 64 5 43 17 1.0
43 65 1 43 12 1.0
43 66 0 43 66 1.0
43 67 0 43 67 1.0
43 68 0 43 68 1.0
43 69 0 43 69 1.0
43 70 0 43 70 1.0
43 72 0 43 72 1.0
43 73 0 43 73 1.0
43 74 0 43 74 1.0
43 75 0 43 75 1.0
43 76 0 43 76 1.0
43 77 0 43 77 1.0
43 78 0 43 78 1.0
43 79 0 43 79 1.0
44 0 2 44 74 0.84375
44 0 4 44 77 0.15625
44 1 3 44 79 1.0
44 2 2 44 74 1.0
44 3 6 44 73 1.0
44 4 6 44 73 1.0
44 5 2 44 74 1.0
44 6 12 44 72 1.0
44 7 12 44 72 1.0
44 9 8 44 68 1.0
44 10 12 44 72 1.0
44 14 0 44 14 1.0
44 15 0 44 15 1.0
44 17 0 44 17 1.0
44 19 3 44 79 1.0
44 20 2 44 74 1.0
44 23 5 44 78 1.0
44 24 32 44 78 1.0
44 25 29 44 77 1.0
44 26 53 44 12 1.0
44 27 3 44 75 1.0
44 28 58 44 13 1.0
44 29 80 44 17 1.0
44 30 34 44 78 1.0
44 31 28 44 13 1.0
44 32 73 44 17 1.0
44 37 77 44 17 1.0
44 40 11 44 48 1.0
44 41 9 44 46 1.0
44 42 10 44 47 1.0
44 45 0 44 45 1.0
44 46 0 44 46 1.0
44 50 0 44 50 1.0
44 51 0 44 51 1.0
44 53 112 44 49 1.0
44 54 111 44 49 1.0
44 55 102 44 48 1.0
44 56 103 44 48 1.0
44 57 106 44 48 1.0
44 58 102 44 48 1.0
44 62 0 44 16 1.0
44 63 1 44 12 1.0
44 64 3 44 14 1.0
44 65 5 44 17 1.0
44 66 0 44 66 1.0
44 67 0 44 67 1.0
44 68 0 44 68 1.0
44 69 0 44 69 1.0
44 70 0 44 70 1.0
44 71 0 44 71 1.0
44 72 0 44 72 1.0
44 73 0 44 73 1.0
44 74 0 44 74 1.0
44 77 0 44 77 1.0
44 78 0 44 78 1.0
44 79 0 44 79 1.0
45 0 9 45 20 1.0
45 1 8 45 19 1.0
45 2 3 45 79 1.0
45 3 8 45 19 1.0
45 4 9 45 20 1.0
45 5 8 45 19 1.0
45 6 1 45 67 1.0
45 7 1 45 67 1.0
45 8 6 45 72 1.0
45 9 2 45 68 1.0
45 10 1 45 67 1.0
45 12 12 45 71 1.0
45 13 4 45 42 1.0
45 14 8 45 67 1.0
45 15 5 45 43 1.0
45 18 0 45 18 1.0
45 19 0 45 19 1.0
45 20 0 45 20 1.0
45 22 0 45 22 1.0
45 23 0 45 23 1.0
45 24 91 45 21 1.0
45 25 82 45 21 1.0
45 26 22 45 79 1.0
45 27 9 45 76 1.0
45 28 4 45 75 1.0
45 29 8 45 76 1.0
45 30 85 45 21 1.0
45 31 15 45 20 1.0
45 32 26 45 21 1.0
45 35 83 45 72 1.0
45 36 83 45 72 1.0
45 37 9 45 19 1.0
45 38 0 45 38 1.0
45 40 0 45 40 1.0
45 41 0 45 41 1.0
45 42 0 45 42 1.0
45 43 0 45 43 1.0
45 44 0 45 44 1.0
45 46 1 45 76 1.0
45 47 0 45 75 1.0
45 49 14 45 39 1.0
45 50 1 45 76 1.0
45 51 1 45 76 1.0
45 52 3 45 21 1.0
45 53 1 45 19 1.0
45 54 4 45 22 1.0
45 55 4 45 22 1.0
45 56 1 45 19 1.0
45 57 2 45 20 1.0
45 58 0 45 18 1.0
45 59 32 45 43 1.0
45 60 32 45 43 1.0
45 61 32 45 43 1.0
45 62 5 45 38 1.0
45 63 29 45 42 1.0
45 64 30 45 43 1.0
45 65 35 45 43 1.0
45 66 0 45 66 1.0
45 67 0 45 67 1.0
45 68 0 45 68 1.0
45 69 0 45 69 1.0
45 70 0 45 70 1.0
45 71 0 45 71 1.0
45 72 0 45 72 1.0
45 73 0 45 73 1.0
45 74 0 45 74 1.0
45 77 0 45 77 1.0
45 78 0 45 78 1.0
45 79 0 45 79 1.0
46 1 0 46 75 1.0
46 2 9 46 20 1.0
46 3 11 46 22 1.0
46 7 4 46 70 1.0
46 8 6 46 72 1.0
46 11 6 46 72 1.0
46 12 6 46 44 1.0
46 13 4 46 42 1.0
46 14 11 46 70 1.0
46 15 7 46 66 1.0
46 16 0 46 38 1.0
46 18 0 46 18 1.0
46 19 0 46 19 1.0
46 21 0 46 21 1.0
46 22 0 46 22 1.0
46 23 0 46 23 1.0
46 25 4 46 75 1.0
46 26 14 46 74 1.0
46 27 10 46 76 1.0
46 28 4 46 75 1.0
46 29 10 46 76 1.0
46 30 4 46 75 1.0
46 32 80 46 72 1.0
46 33 83 46 72 1.0
46 34 83 46 72 1.0
46 35 83 46 72 1.0
46 36 83 46 72 1.0
46 37 16 46 20 1.0
46 38 0 46 38 1.0
46 39 0 46 39 1.0
46 40 0 46 40 1.0
46 41 0 46 41 1.0
46 42 0 46 42 1.0
46 43 0 46 43 1.0
46 44 0 46 44 1.0
46 45 0 46 75 1.0
46 47 19 46 44 1.0
46 48 19 46 44 1.0
46 49 19 46 44 1.0
46 50 0 46 75 1.0
46 51 19 46 44 1.0
46 52 4 46 22 1.0
46 53 4 46 22 1.0
46 54 0 46 18 1.0
46 55 5 46 23 1.0
46 56 4 46 22 1.0
46 57 4 46 22 1.0
46 58 0 46 18 1.0
46 59 32 46 43 1.0
46 60 32 46 43 1.0
46 61 32 46 43 1.0
46 62 30 46 43 1.0
46 63 6 46 39 1.0
46 64 8 46 39 1.0
46 65 30 46 43 1.0
46 66 0 46 66 1.0
46 67 0 46 67 1.0
46 68 0 46 68 1.0
46 69 0 46 69 1.0
46 70 0 46 70 1.0
46 71 0 46 71 1.0
46 72 0 46 72 1.0
46 73 0 46 73 1.0
46 74 0 46 74 1.0
46 75 0 46 75 1.0
46 76 0 46 76 1.0
46 77 0 46 77 1.0
46 78 0 46 78 1.0
46 79 0 46 79 1.0
47 0 8 47 19 1.0
47 1 0 47 75 1.0
47 2 8 47 19 1.0
47 6 5 47 71 1.0
47 7 5 47 71 1.0
47 8 5 47 71 1.0
47 10 5 47 71 1.0
47 11 6 47 72 1.0
47 12 12 47 71 1.0
47 13 4 47 42 1.0
47 14 7 47 66 1.0
47 15 7 47 66 1.0
47 16 0 47 38 1.0
47 17 12 47 71 1.0
47 18 0 47 18 1.0
47 19 0 47 19 1.0
47 20 0 47 20 1.0
47 21 0 47 21 1.0
47 22 0 47 22 1.0
47 23 0 47 23 1.0
47 25 4 47 75 1.0
47 26 7 47 76 1.0
47 27 9 47 76 1.0
47 28 4 47 75 1.0
47 29 3 47 75 1.0
47 30 4 47 75 1.0
47 32 80 47 72 1.0
47 33 30 47 22 1.0
47 34 74 47 71 1.0
47 35 65 47 69 1.0
47 36 80 47 72 1.0
47 37 30 47 22 1.0
47 38 0 47 38 1.0
47 39 0 47 39 1.0
47 40 0 47 40 1.0
47 41 0 47 41 1.0
47 42 0 47 42 1.0
47 43 0 47 43 1.0
47 44 0 47 44 1.0
47 45 1 47 76 1.0
47 46 2 47 74 1.0
47 48 1 47 76 1.0
47 49 19 47 44 1.0
47 50 19 47 44 1.0
47 51 19 47 44 1.0
47 52 4 47 22 1.0
47 53 0 47 18 1.0
47 54 0 47 18 1.0
47 55 2 47 20 1.0
47 56 2 47 20 1.0
47 57 2 47 20 1.0
47 58 4 47 22 1.0
47 59 32 47 43 1.0
47 60 32 47 43 1.0
47 61 32 47 43 1.0
47 62 2 47 38 1.0
47 63 24 47 42 1.0
47 64 41 47 44 1.0
47 65 30 47 43 1.0
47 66 0 47 66 1.0
47 67 0 47 67 1.0
47 68 0 47 68 1.0
47 69 0 47 69 1.0
47 70 0 47 70 1.0
47 72 0 47 72 1.0
47 73 0 47 73 1.0
47 74 0 47 74 1.0
47 75 0 47 75 1.0
47 76 0 47 76 1.0
47 77 0 47 77 1.0
47 78 0 47 78 1.0
47 79 0 47 79 1.0
48 2 9 48 20 1.0
48 3 10 48 21 1.0
48 5 9 48 20 1.0
48 9 5 48 71 1.0
48 10 5 48 71 1.0
48 11 6 48 72 1.0
48 12 5 48 43 1.0
48 13 5 48 43 1.0
48 14 13 48 72 1.0
48 15 1 48 39 1.0
48 17 5 48 43 1.0
48 18 0 48 18 1.0
48 19 0 48 19 1.0
48 21 0 48 21 1.0
48 22 0 48 22 1.0
48 25 4 48 75 1.0
48 26 16 48 74 1.0
48 27 2 48 75 1.0
48 31 83 48 72 1.0
48 34 83 48 72 1.0
48 35 83 48 72 1.0
48 36 80 48 72 1.0
48 37 30 48 22 1.0
48 38 0 48 38 1.0
48 40 0 48 40 1.0
48 41 0 48 41 1.0
48 42 0 48 42 1.0
48 47 19 48 44 1.0
48 49 18 48 43 1.0
48 50 0 48 75 1.0
48 51 19 48 44 1.0
48 52 4 48 22 1.0
48 53 4 48 22 1.0
48 54 0 48 18 1.0
48 55 0 48 18 1.0
48 56 1 48 19 1.0
48 57 4 48 22 1.0
48 58 3 48 21 1.0
48 61 32 48 43 1.0
48 62 32 48 43 1.0
48 63 0 48 38 1.0
48 64 41 48 44 1.0
48 65 0 48 38 1.0
48 66 0 48 66 1.0
48 67 0 48 67 1.0
48 68 0 48 68 1.0
48 69 0 48 69 1.0
48 70 0 48 70 1.0
48 72 0 48 72 1.0
48 73 0 48 73 1.0
48 74 0 48 74 1.0
48 76 0 48 76 1.0
48 77 0 48 77 1.0
48 78 0 48 78 1.0
48 79 0 48 79 1.0
49 1 10 49 21 1.0
49 2 10 49 21 1.0
49 6 6 49 72 1.0
49 8 4 49 70 1.0
49 9 6 49 72 1.0
49 10 6 49 72 1.0
49 11 6 49 72 1.0
49 12 12 49 71 1.0
49 14 12 49 71 1.0
49 15 12 49 71 1.0
49 16 13 49 72 1.0
49 17 13 49 72 1.0
49 22 0 49 22 1.0
49 25 4 49 75 1.0
49 26 12 49 74 1.0
49 27 10 49 76 1.0
49 28 4 49 75 1.0
49 30 4 49 75 1.0
49 32 80 49 72 1.0
49 34 83 49 72 1.0
49 36 83 49 72 1.0
49 37 9 49 19 1.0
49 38 0 49 38 1.0
49 40 0 49 40 1.0
49 41 0 49 41 1.0
49 45 18 49 43 1.0
49 46 1 49 76 1.0
49 47 19 49 44 1.0
49 48 19 49 44 1.0
49 50 1 49 76 1.0
49 51 19 49 44 1.0
49 52 1 49 19 1.0
49 53 5 49 23 1.0
49 54 2 49 20 1.0
49 55 1 49 19 1.0
49 56 4 49 22 1.0
49 57 5 49 23 1.0
49 58 3 49 21 1.0
49 59 32 49 43 1.0
49 60 32 49 43 1.0
49 61 1 49 38 1.0
49 62 11 49 39 1.0
49 63 26 49 42 1.0
49 64 24 49 42 1.0
49 65 29 49 42 1.0
49 66 0 49 66 1.0
49 67 0 49 67 1.0
49 68 0 49 68 1.0
49 69 0 49 69 1.0
49 77 0 49 77 1.0
49 78 0 49 78 1.0
49 79 0 49 79 1.0
50 0 10 50 21 1.0
50 1 0 50 75 1.0
50 2 10 50 21 1.0
50 3 10 50 21 1.0
50 4 11 50 22 1.0
50 6 2 50 68 1.0
50 7 4 50 70 1.0
50 8 0 50 66 1.0
50 9 3 50 69 1.0
50 10 0 50 66 1.0
50 11 5 50 71 1.0
50 12 11 50 70 1.0
50 13 4 50 42 1.0
50 14 8 50 67 1.0
50 15 4 50 42 1.0
50 16 13 50 72 1.0
50 17 13 50 72 1.0
50 18 0 50 18 1.0
50 19 0 50 19 1.0
50 20 0 50 20 1.0
50 21 0 50 21 1.0
50 22 0 50 22 1.0
50 23 0 50 23 1.0
50 25 11 50 76 1.0
50 26 0 50 75 1.0
50 27 1 50 75 1.0
50 28 9 50 76 1.0
50 29 1 50 75 1.0
50 30 0 50 75 1.0
50 31 83 50 72 1.0
50 32 74 50 71 1.0
50 33 47 50 66 1.0
50 34 67 50 70 1.0
50 35 77 50 71 1.0
50 36 74 50 71 1.0
50 37 49 50 67 1.0
50 38 0 50 38 1.0
50 39 0 50 39 1.0
50 40 0 50 40 1.0
50 41 0 50 41 1.0
50 42 0 50 42 1.0
50 43 0 50 43 1.0
50 44 0 50 44 1.0
50 45 1 50 76 1.0
50 46 2 50 74 1.0
50 47 6 50 73 1.0
50 48 1 50 76 1.0
50 49 19 50 44 1.0
50 51 19 50 44 1.0
50 52 3 50 21 1.0
50 53 4 50 22 1.0
50 54 4 50 22 1.0
50 55 4 50 22 1.0
50 56 4 50 22 1.0
50 57 4 50 22 1.0
50 58 4 50 22 1.0
50 59 35 50 43 1.0
50 60 25 50 42 1.0
50 61 35 50 43 1.0
50 62 26 50 42 1.0
50 63 37 50 44 1.0
50 64 2 50 38 1.0
50 65 2 50 38 1.0
50 66 0 50 66 1.0
50 67 0 50 67 1.0
50 68 0 50 68 1.0
50 69 0 50 69 1.0
50 70 0 50 70 1.0
50 71 0 50 71 1.0
50 72 0 50 72 1.0
50 73 0 50 73 1.0
50 74 0 50 74 1.0
50 75 0 50 75 1.0
50 76 0 50 76 1.0
50 77 0 50 77 1.0
50 78 0 50 78 1.0
50 79 0 50 79 1.0
51 0 11 51 22 1.0
51 1 0 51 75 1.0
51 2 10 51 21 1.0
51 3 0 51 75 1.0
51 4 7 51 18 1.0
51 6 1 51 67 1.0
51 7 6 51 72 1.0
51 8 3 51 69 1.0
51 9 2 51 68 1.0
51 10 0 51 66 1.0
51 11 4 51 70 1.0
51 12 11 51 70 1.0
51 13 4 51 42 1.0
51 14 7 51 66 1.0
51 15 8 51 67 1.0
51 16 11 51 70 1.0
51 17 12 51 71 1.0
51 18 0 51 18 1.0
51 19 0 51 19 1.0
51 20 0 51 20 1.0
51 21 0 51 21 1.0
51 22 0 51 22 1.0
51 23 0 51 23 1.0
51 24 11 51 76 1.0
51 25 9 51 76 1.0
51 26 1 51 75 1.0
51 27 31 51 78 1.0
51 28 36 51 73 1.0
51 29 7 51 76 1.0
51 30 4 51 75 1.0
51 31 83 51 72 1.0
51 32 56 51 68 1.0
51 33 43 51 66 1.0
51 34 70 51 70 1.0
51 35 67 51 70 1.0
51 36 59 51 68 1.0
51 37 49 51 67 1.0
51 38 0 51 38 1.0
51 39 0 51 39 1.0
51 40 0 51 40 1.0
51 41 0 51 41 1.0
51 42 0 51 42 1.0
51 43 0 51 43 1.0
51 44 0 51 44 1.0
51 45 1 51 76 1.0
51 46 2 51 74 1.0
51 47 6 51 73 1.0
51 48 1 51 76 1.0
51 49 19 51 44 1.0
51 50 19 51 44 1.0
51 52 0 51 18 1.0
51 53 4 51 22 1.0
51 54 0 51 18 1.0
51 55 0 51 18 1.0
51 56 3 51 21 1.0
51 57 1 51 19 1.0
51 58 1 51 19 1.0
51 59 24 51 42 1.0
51 60 37 51 44 1.0
51 61 37 51 44 1.0
51 62 8 51 39 1.0
51 63 0 51 38 1.0
51 64 31 51 43 1.0
51 65 32 51 43 1.0
51 67 0 51 67 1.0
51 68 0 51 68 1.0
51 69 0 51 69 1.0
51 70 0 51 70 1.0
51 71 0 51 71 1.0
51 72 0 51 72 1.0
51 73 0 51 73 1.0
51 74 0 51 74 1.0
51 75 0 51 75 1.0
51 76 0 51 76 1.0
51 77 0 51 77 1.0
51 78 0 51 78 1.0
51 79 0 51 79 1.0
52 1 0 52 1 1.0
52 2 0 52 2 1.0
52 3 0 52 3 1.0
52 5 0 52 5 1.0
52 6 4 52 35 1.0
52 7 4 52 35 1.0
52 9 4 52 35 1.0
52 10 3 52 34 1.0
52 11 2 52 33 1.0
52 12 16 52 27 1.0
52 13 35 52 28 1.0
52 14 0 52 24 1.0
52 15 30 52 29 1.0
52 18 0 52 18 1.0
52 20 0 52 20 1.0
52 22 0 52 22 1.0
52 25 0 52 25 1.0
52 26 0 52 26 1.0
52 27 0 52 27 1.0
52 29 0 52 29 1.0
52 31 0 52 31 1.0
52 32 0 52 32 1.0
52 33 0 52 33 1.0
52 34 0 52 34 1.0
52 35 0 52 35 1.0
52 36 0 52 36 1.0
52 37 0 52 37 1.0
52 40 2 52 0 1.0
52 41 119 52 5 1.0
52 43 1 52 0 1.0
52 44 1 52 0 1.0
52 45 4 52 22 1.0
52 50 5 52 23 1.0
52 51 4 52 22 1.0
52 53 6 52 28 1.0
52 54 6 52 28 1.0
52 55 4 52 30 1.0
52 56 6 52 28 1.0
52 57 6 52 28 1.0
52 58 6 52 28 1.0
52 59 11 52 35 1.0
52 61 11 52 35 1.0
52 62 0 52 24 1.0
52 63 11 52 35 1.0
52 64 11 52 35 1.0
52 65 11 52 35 1.0
52 66 3 52 18 1.0
52 67 23 52 21 1.0
52 68 13 52 19 1.0
52 69 27 52 21 1.0
52 70 32 52 22 1.0
52 71 3 52 18 1.0
52 75 4 52 21 1.0
52 77 1 52 18 1.0
52 78 11 52 5 1.0
52 79 11 52 5 1.0
53 0 0 53 0 1.0
53 1 0 53 1 1.0
53 2 0 53 2 1.0
53 3 0 53 3 1.0
53 4 0 53 4 1.0
53 5 0 53 5 1.0
53 6 6 53 37 1.0
53 7 6 53 37 1.0
53 8 3 53 34 1.0
53 9 5 53 36 1.0
53 10 6 53 37 1.0
53 11 4 53 35 1.0
53 12 21 53 30 1.0
53 13 36 53 28 1.0
53 14 29 53 29 1.0
53 15 0 53 24 1.0
53 16 1 53 24 1.0
53 17 3 53 24 1.0
53 18 0 53 18 1.0
53 19 0 53 19 1.0
53 20 0 53 20 1.0
53 21 0 53 21 1.0
53 22 0 53 22 1.0
53 23 0 53 23 1.0
53 24 0 53 24 1.0
53 25 0 53 25 1.0
53 26 0 53 26 1.0
53 27 0 53 27 1.0
53 28 0 53 28 1.0
53 29 0 53 29 1.0
53 30 0 53 30 1.0
53 31 0 53 31 1.0
53 32 0 53 32 1.0
53 33 0 53 33 1.0
53 34 0 53 34 1.0
53 35 0 53 35 1.0
53 36 0 53 36 1.0
53 37 0 53 37 1.0
53 38 105 53 3 1.0
53 39 94 53 1 1.0
53 40 1 53 0 1.0
53 41 91 53 1 1.0
53 42 98 53 2 1.0
53 43 91 53 1 1.0
53 44 112 53 4 1.0
53 45 1 53 19 1.0
53 46 2 53 20 1.0
53 47 3 53 21 1.0
53 48 3 53 21 1.0
53 49 2 53 20 1.0
53 50 5 53 23 1.0
53 51 0 53 18 1.0
53 52 2 53 0 1.0
53 54 15 53 2 1.0
53 55 4 53 30 1.0
53 56 4 53 30 1.0
53 57 14 53 1 1.0
53 58 14 53 1 1.0
53 59 0 53 24 1.0
53 60 11 53 35 1.0
53 61 4 53 29 1.0
53 62 1 53 25 1.0
53 63 7 53 31 1.0
53 64 9 53 33 1.0
53 65 9 53 33 1.0
53 66 3 53 18 1.0
53 67 38 53 23 1.0
53 68 0 53 18 1.0
53 69 9 53 19 1.0
53 70 83 53 37 1.0
53 71 1 53 18 1.0
53 72 10 53 19 1.0
53 73 3 53 20 1.0
53 74 10 53 4 1.0
53 75 8 53 2 1.0
53 76 5 53 22 1.0
53 77 8 53 2 1.0
53 78 4 53 21 1.0
53 79 8 53 2 1.0
54 0 0 54 0 1.0
54 1 0 54 1 1.0
54 2 0 54 2 1.0
54 3 0 54 3 1.0
54 4 0 54 4 1.0
54 5 0 54 5 1.0
54 6 6 54 37 1.0
54 7 5 54 36 1.0
54 8 2 54 33 1.0
54 9 5 54 36 1.0
54 10 2 54 33 1.0
54 11 6 54 37 1.0
54 12 21 54 30 1.0
54 13 14 54 27 1.0
54 14 28 54 29 1.0
54 15 28 54 29 1.0
54 16 44 54 26 1.0
54 17 35 54 28 1.0
54 18 0 54 18 1.0
54 19 0 54 19 1.0
54 20 0 54 20 1.0
54 21 0 54 21 1.0
54 22 0 54 22 1.0
54 23 0 54 23 1.0
54 24 0 54 24 1.0
54 25 0 54 25 1.0
54 26 0 54 26 1.0
54 27 0 54 27 1.0
54 28 0 54 28 1.0
54 29 0 54 29 1.0
54 30 0 54 30 1.0
54 31 0 54 31 1.0
54 32 0 54 32 1.0
54 33 0 54 33 1.0
54 34 0 54 34 1.0
54 35 0 54 35 1.0
54 36 0 54 36 1.0
54 37 0 54 37 1.0
54 38 113 54 4 1.0
54 39 106 54 3 1.0
54 40 119 54 5 1.0
54 41 122 54 5 1.0
54 42 121 54 5 1.0
54 43 1 54 0 1.0
54 44 113 54 4 1.0
54 45 3 54 21 1.0
54 46 1 54 19 1.0
54 47 0 54 18 1.0
54 48 4 54 22 1.0
54 49 3 54 21 1.0
54 50 0 54 18 1.0
54 51 4 54 22 1.0
54 52 18 54 5 1.0
54 53 15 54 2 1.0
54 55 4 54 30 1.0
54 56 4 54 30 1.0
54 57 7 54 26 1.0
54 58 7 54 26 1.0
54 59 5 54 28 1.0
54 60 3 54 30 1.0
54 61 0 54 24 1.0
54 62 10 54 34 1.0
54 63 7 54 31 1.0
54 64 9 54 33 1.0
54 65 9 54 33 1.0
54 66 78 54 37 1.0
54 67 3 54 18 1.0
54 68 3 54 18 1.0
54 69 38 54 23 1.0
54 70 4 54 18 1.0
54 71 11 54 19 1.0
54 72 62 54 34 1.0
54 73 2 54 19 1.0
54 74 9 54 3 1.0
54 75 6 54 23 1.0
54 76 5 54 22 1.0
54 77 4 54 21 1.0
54 78 1 54 18 1.0
55 1 0 55 1 1.0
55 2 0 55 2 1.0
55 3 0 55 3 1.0
55 4 0 55 4 1.0
55 5 0 55 5 1.0
55 6 6 55 37 1.0
55 7 4 55 35 1.0
55 8 2 55 33 1.0
55 9 6 55 37 1.0
55 10 5 55 36 1.0
55 11 4 55 35 1.0
55 12 28 55 29 1.0
55 13 43 55 26 1.0
55 14 29 55 29 1.0
55 15 36 55 28 1.0
55 16 44 55 26 1.0
55 17 29 55 29 1.0
55 18 0 55 18 1.0
55 19 0 55 19 1.0
55 20 0 55 20 1.0
55 21 0 55 21 1.0
55 22 0 55 22 1.0
55 23 0 55 23 1.0
55 24 0 55 24 1.0
55 26 0 55 26 1.0
55 27 0 55 27 1.0
55 28 0 55 28 1.0
55 29 0 55 29 1.0
55 31 0 55 31 1.0
55 32 0 55 32 1.0
55 33 0 55 33 1.0
55 34 0 55 34 1.0
55 35 0 55 35 1.0
55 36 0 55 36 1.0
55 37 0 55 37 1.0
55 38 0 55 0 1.0
55 39 112 55 4 1.0
55 40 113 55 4 1.0
55 41 120 55 5 1.0
55 42 1 55 0 1.0
55 43 0 55 0 1.0
55 44 1 55 0 1.0
55 45 3 55 21 1.0
55 46 4 55 22 1.0
55 47 0 55 18 1.0
55 48 4 55 22 1.0
55 49 3 55 21 1.0
55 50 2 55 20 1.0
55 51 4 55 22 1.0
55 52 4 55 30 1.0
55 53 4 55 30 1.0
55 54 4 55 30 1.0
55 56 4 55 30 1.0
55 57 4 55 30 1.0
55 58 4 55 30 1.0
55 59 3 55 30 1.0
55 60 1 55 25 1.0
55 61 3 55 30 1.0
55 62 7 55 31 1.0
55 63 1 55 25 1.0
55 64 1 55 25 1.0
55 65 1 55 25 1.0
55 66 32 55 22 1.0
55 67 3 55 18 1.0
55 68 3 55 18 1.0
55 69 28 55 22 1.0
55 70 0 55 18 1.0
55 72 68 55 35 1.0
55 73 4 55 21 1.0
55 74 5 55 22 1.0
55 75 7 55 1 1.0
55 76 9 55 3 1.0
55 77 9 55 3 1.0
55 78 0 55 0 1.0
55 79 0 55 0 1.0
56 0 0 56 0 1.0
56 1 0 56 1 1.0
56 2 0 56 2 1.0
56 3 0 56 3 1.0
56 4 0 56 4 1.0
56 5 0 56 5 1.0
56 6 3 56 34 1.0
56 7 6 56 37 1.0
56 8 6 56 37 1.0
56 9 3 56 34 1.0
56 10 3 56 34 1.0
56 11 5 56 36 1.0
56 12 22 56 30 1.0
56 13 36 56 28 1.0
56 14 29 56 29 1.0
56 15 1 56 24 1.0
56 16 21 56 30 1.0
56 17 36 56 28 1.0
56 18 0 56 18 1.0
56 19 0 56 19 1.0
56 20 0 56 20 1.0
56 21 0 56 21 1.0
56 22 0 56 22 1.0
56 23 0 56 23 1.0
56 24 0 56 24 1.0
56 25 0 56 25 1.0
56 26 0 56 26 1.0
56 27 0 56 27 1.0
56 28 0 56 28 1.0
56 29 0 56 29 1.0
56 30 0 56 30 1.0
56 31 0 56 31 1.0
56 32 0 56 32 1.0
56 33 0 56 33 1.0
56 34 0 56 34 1.0
56 35 0 56 35 1.0
56 36 0 56 36 1.0
56 37 0 56 37 1.0
56 38 97 56 1 1.0
56 39 101 56 2 1.0
56 40 112 56 4 1.0
56 41 113 56 4 1.0
56 42 0 56 0 1.0
56 43 108 56 3 1.0
56 44 119 56 5 1.0
56 45 2 56 20 1.0
56 46 5 56 23 1.0
56 47 3 56 21 1.0
56 48 3 56 21 1.0
56 49 5 56 23 1.0
56 50 3 56 21 1.0
56 51 1 56 19 1.0
56 52 4 56 30 1.0
56 53 4 56 30 1.0
56 54 4 56 30 1.0
56 55 4 56 30 1.0
56 57 4 56 30 1.0
56 58 4 56 30 1.0
56 59 6 56 26 1.0
56 60 5 56 28 1.0
56 61 13 56 37 1.0
56 62 9 56 33 1.0
56 63 1 56 25 1.0
56 64 11 56 35 1.0
56 65 9 56 33 1.0
56 67 3 56 18 1.0
56 68 3 56 18 1.0
56 69 47 56 31 1.0
56 70 66 56 35 1.0
56 71 3 56 18 1.0
56 72 54 56 33 1.0
56 73 2 56 19 1.0
56 74 10 56 4 1.0
56 75 5 56 22 1.0
56 76 8 56 2 1.0
56 77 1 56 18 1.0
56 78 7 56 1 1.0
56 79 1 56 18 1.0
57 0 0 57 0 1.0
57 1 0 57 1 1.0
57 2 0 57 2 1.0
57 3 0 57 3 1.0
57 4 0 57 4 1.0
57 5 0 57 5 1.0
57 6 5 57 36 1.0
57 7 2 57 33 1.0
57 8 3 57 34 1.0
57 9 5 57 36 1.0
57 10 3 57 34 1.0
57 11 6 57 37 1.0
57 12 21 57 30 1.0
57 13 36 57 28 1.0
57 14 35 57 28 1.0
57 15 43 57 26 1.0
57 16 29 57 29 1.0
57 17 28 57 29 1.0
57 18 0 57 18 1.0
57 19 0 57 19 1.0
57 20 0 57 20 1.0
57 21 0 57 21 1.0
57 22 0 57 22 1.0
57 23 0 57 23 1.0
57 24 0 57 24 1.0
57 25 0 57 25 1.0
57 26 0 57 26 1.0
57 27 0 57 27 1.0
57 28 0 57 28 1.0
57 29 0 57 29 1.0
57 30 0 57 30 1.0
57 31 0 57 31 1.0
57 32 0 57 32 1.0
57 33 0 57 33 1.0
57 34 0 57 34 1.0
57 35 0 57 35 1.0
57 36 0 57 36 1.0
57 37 0 57 37 1.0
57 38 98 57 2 1.0
57 39 125 57 5 1.0
57 40 1 57 0 1.0
57 41 112 57 4 1.0
57 42 95 57 1 1.0
57 43 107 57 3 1.0
57 44 106 57 3 1.0
57 45 1 57 19 1.0
57 46 2 57 20 1.0
57 47 3 57 21 1.0
57 48 3 57 21 1.0
57 49 2 57 20 1.0
57 50 3 57 21 1.0
57 51 4 57 22 1.0
57 52 2 57 0 1.0
57 53 7 57 26 1.0
57 54 4 57 30 1.0
57 55 4 57 30 1.0
57 56 4 57 30 1.0
57 58 7 57 26 1.0
57 59 3 57 30 1.0
57 60 11 57 35 1.0
57 61 4 57 29 1.0
57 62 13 57 37 1.0
57 63 9 57 33 1.0
57 64 9 57 33 1.0
57 65 9 57 33 1.0
57 66 54 57 33 1.0
57 67 10 57 19 1.0
57 68 3 57 18 1.0
57 69 47 57 31 1.0
57 70 68 57 35 1.0
57 71 4 57 18 1.0
57 72 4 57 18 1.0
57 73 11 57 5 1.0
57 74 9 57 3 1.0
57 75 5 57 22 1.0
57 76 2 57 19 1.0
57 77 4 57 21 1.0
57 78 8 57 2 1.0
57 79 1 57 18 1.0
58 0 0 58 0 1.0
58 1 0 58 1 1.0
58 2 0 58 2 1.0
58 3 0 58 3 1.0
58 4 0 58 4 1.0
58 5 0 58 5 1.0
58 6 2 58 33 1.0
58 7 5 58 36 1.0
58 8 4 58 35 1.0
58 9 4 58 35 1.0
58 10 3 58 34 1.0
58 11 0 58 31 1.0
58 12 29 58 29 1.0
58 13 36 58 28 1.0
58 14 1 58 24 1.0
58 15 22 58 30 1.0
58 16 30 58 29 1.0
58 17 16 58 27 1.0
58 18 0 58 18 1.0
58 19 0 58 19 1.0
58 20 0 58 20 1.0
58 21 0 58 21 1.0
58 22 0 58 22 1.0
58 23 0 58 23 1.0
58 24 0 58 24 1.0
58 25 0 58 25 1.0
58 26 0 58 26 1.0
58 27 0 58 27 1.0
58 28 0 58 28 1.0
58 29 0 58 29 1.0
58 30 0 58 30 1.0
58 31 0 58 31 1.0
58 32 0 58 32 1.0
58 33 0 58 33 1.0
58 34 0 58 34 1.0
58 35 0 58 35 1.0
58 36 0 58 36 1.0
58 37 0 58 37 1.0
58 38 106 58 3 1.0
58 39 106 58 3 1.0
58 40 4 58 0 1.0
58 41 0 58 0 1.0
58 42 113 58 4 1.0
58 43 106 58 3 1.0
58 44 120 58 5 1.0
58 45 3 58 21 1.0
58 46 1 58 19 1.0
58 47 4 58 22 1.0
58 48 1 58 19 1.0
58 49 0 58 18 1.0
58 50 5 58 23 1.0
58 51 5 58 23 1.0
58 52 2 58 0 1.0
58 53 2 58 0 1.0
58 54 2 58 0 1.0
58 55 4 58 30 1.0
58 56 4 58 30 1.0
58 57 2 58 0 1.0
58 59 11 58 35 1.0
58 60 0 58 24 1.0
58 61 3 58 30 1.0
58 62 7 58 31 1.0
58 63 11 58 35 1.0
58 64 3 58 30 1.0
58 65 9 58 33 1.0
58 66 32 58 22 1.0
58 67 54 58 33 1.0
58 68 66 58 35 1.0
58 69 73 58 36 1.0
58 70 47 58 31 1.0
58 71 32 58 22 1.0
58 72 11 58 19 1.0
58 73 1 58 18 1.0
58 74 1 58 18 1.0
58 75 11 58 5 1.0
58 76 9 58 3 1.0
58 77 11 58 5 1.0
58 78 11 58 5 1.0
58 79 11 58 5 1.0
59 0 5 59 28 1.0
59 1 5 59 28 1.0
59 3 4 59 29 1.0
59 7 0 59 7 1.0
59 8 0 59 8 1.0
59 9 0 59 9 1.0
59 10 0 59 10 1.0
59 12 0 59 12 1.0
59 13 0 59 13 1.0
59 14 0 59 14 1.0
59 15 0 59 15 1.0
59 19 118 59 34 1.0
59 20 100 59 32 1.0
59 21 139 59 37 1.0
59 25 0 59 25 1.0
59 26 0 59 26 1.0
59 27 0 59 27 1.0
59 28 0 59 28 1.0
59 31 0 59 31 1.0
59 32 0 59 32 1.0
59 33 0 59 33 1.0
59 34 0 59 34 1.0
59 37 0 59 37 1.0
59 39 5 59 17 1.0
59 40 3 59 14 1.0
59 41 3 59 14 1.0
59 43 0 59 16 1.0
59 45 123 59 11 1.0
59 46 123 59 11 1.0
59 47 84 59 6 1.0
59 50 125 59 11 1.0
59 51 119 59 11 1.0
59 52 3 59 30 1.0
59 53 0 59 24 1.0
59 54 3 59 30 1.0
59 55 3 59 30 1.0
59 56 11 59 35 1.0
59 57 0 59 24 1.0
59 58 4 59 29 1.0
59 60 25 59 11 1.0
59 62 25 59 11 1.0
59 63 25 59 11 1.0
59 64 25 59 11 1.0
59 65 25 59 11 1.0
59 66 6 59 6 1.0
59 67 9 59 9 1.0
59 68 3 59 14 1.0
59 69 2 59 13 1.0
59 75 77 59 17 1.0
59 77 80 59 17 1.0
59 78 34 59 28 1.0
59 79 80 59 17 1.0
60 1 5 60 28 1.0
60 2 0 60 24 1.0
60 3 3 60 30 1.0
60 5 5 60 28 1.0
60 6 0 60 6 1.0
60 9 0 60 9 1.0
60 12 0 60 12 1.0
60 13 0 60 13 1.0
60 14 0 60 14 1.0
60 15 0 60 15 1.0
60 18 128 60 36 1.0
60 19 139 60 37 1.0
60 20 135 60 37 1.0
60 21 139 60 37 1.0
60 22 135 60 37 1.0
60 23 139 60 37 1.0
60 25 0 60 25 1.0
60 26 0 60 26 1.0
60 27 0 60 27 1.0
60 28 0 60 28 1.0
60 29 0 60 29 1.0
60 32 0 60 32 1.0
60 33 0 60 33 1.0
60 34 0 60 34 1.0
60 36 0 60 36 1.0
60 37 0 60 37 1.0
60 39 5 60 17 1.0
60 40 3 60 14 1.0
60 41 1 60 12 1.0
60 42 5 60 17 1.0
60 45 104 60 8 1.0
60 47 104 60 8 1.0
60 49 104 60 8 1.0
60 50 94 60 7 1.0
60 51 116 60 10 1.0
60 52 3 60 30 1.0
60 53 7 60 31 1.0
60 54 0 60 24 1.0
60 55 0 60 24 1.0
60 56 5 60 28 1.0
60 57 7 60 31 1.0
60 58 3 60 30 1.0
60 59 8 60 31 1.0
60 61 22 60 8 1.0
60 62 8 60 31 1.0
60 63 8 60 31 1.0
60 64 8 60 31 1.0
60 65 8 60 31 1.0
60 66 5 60 17 1.0
60 67 2 60 13 1.0
60 68 6 60 6 1.0
60 69 8 60 8 1.0
60 70 0 60 16 1.0
60 71 0 60 16 1.0
60 72 8 60 8 1.0
60 74 77 60 17 1.0
60 77 30 60 28 1.0
60 78 30 60 28 1.0
60 79 83 60 17 1.0
61 1 0 61 24 1.0
61 2 3 61 30 1.0
61 5 5 61 28 1.0
61 7 0 61 7 1.0
61 8 0 61 8 1.0
61 9 0 61 9 1.0
61 12 0 61 12 1.0
61 13 0 61 13 1.0
61 14 0 61 14 1.0
61 15 0 61 15 1.0
61 16 0 61 16 1.0
61 17 0 61 17 1.0
61 19 105 61 33 1.0
61 20 107 61 33 1.0
61 21 105 61 33 1.0
61 22 107 61 33 1.0
61 25 0 61 25 1.0
61 26 0 61 26 1.0
61 27 0 61 27 1.0
61 28 0 61 28 1.0
61 29 0 61 29 1.0
61 32 0 61 32 1.0
61 33 0 61 33 1.0
61 34 0 61 34 1.0
61 36 0 61 36 1.0
61 38 5 61 17 1.0
61 39 5 61 17 1.0
61 40 3 61 14 1.0
61 41 3 61 14 1.0
61 42 0 61 16 1.0
61 43 0 61 16 1.0
61 45 123 61 11 1.0
61 46 123 61 11 1.0
61 47 84 61 6 1.0
61 48 118 61 10 1.0
61 50 90 61 6 1.0
61 51 112 61 10 1.0
61 52 3 61 30 1.0
61 53 13 61 37 1.0
61 54 0 61 24 1.0
61 55 3 61 30 1.0
61 56 4 61 29 1.0
61 57 13 61 37 1.0
61 58 3 61 30 1.0
61 59 8 61 31 1.0
61 62 8 61 31 1.0
61 63 8 61 31 1.0
61 64 8 61 31 1.0
61 65 8 61 31 1.0
61 66 6 61 6 1.0
61 67 1 61 12 1.0
61 68 8 61 8 1.0
61 69 8 61 8 1.0
61 70 11 61 11 1.0
61 71 10 61 10 1.0
61 72 10 61 10 1.0
61 75 42 61 16 1.0
61 76 82 61 17 1.0
61 77 62 61 13 1.0
61 78 23 61 30 1.0
61 79 4 61 24 1.0
62 1 3 62 30 1.0
62 2 3 62 30 1.0
62 5 5 62 28 1.0
62 7 0 62 7 1.0
62 8 0 62 8 1.0
62 9 0 62 9 1.0
62 11 0 62 11 1.0
62 12 0 62 12 1.0
62 13 0 62 13 1.0
62 14 0 62 14 1.0
62 15 0 62 15 1.0
62 16 0 62 16 1.0
62 17 0 62 17 1.0
62 18 135 62 37 1.0
62 19 139 62 37 1.0
62 20 135 62 37 1.0
62 21 133 62 37 1.0
62 22 135 62 37 1.0
62 23 139 62 37 1.0
62 25 0 62 25 1.0
62 26 0 62 26 1.0
62 27 0 62 27 1.0
62 28 0 62 28 1.0
62 29 0 62 29 1.0
62 31 0 62 31 1.0
62 32 0 62 32 1.0
62 33 0 62 33 1.0
62 34 0 62 34 1.0
62 35 0 62 35 1.0
62 36 0 62 36 1.0
62 37 0 62 37 1.0
62 38 5 62 17 1.0
62 39 5 62 17 1.0
62 40 4 62 15 1.0
62 41 1 62 12 1.0
62 42 5 62 17 1.0
62 43 5 62 17 1.0
62 44 0 62 16 1.0
62 45 84 62 6 1.0
62 46 116 62 10 1.0
62 47 84 62 6 1.0
62 48 104 62 8 1.0
62 49 118 62 10 1.0
62 50 115 62 10 1.0
62 51 112 62 10 1.0
62 52 0 62 24 1.0
62 53 13 62 37 1.0
62 54 0 62 24 1.0
62 55 0 62 24 1.0
62 56 10 62 34 1.0
62 57 7 62 31 1.0
62 58 3 62 30 1.0
62 59 8 62 31 1.0
62 60 21 62 7 1.0
62 61 22 62 8 1.0
62 63 24 62 10 1.0
62 64 20 62 6 1.0
62 65 24 62 10 1.0
62 66 6 62 6 1.0
62 67 8 62 8 1.0
62 68 8 62 8 1.0
62 69 7 62 7 1.0
62 70 11 62 11 1.0
62 71 10 62 10 1.0
62 72 10 62 10 1.0
62 73 77 62 17 1.0
62 74 77 62 17 1.0
62 75 77 62 17 1.0
62 76 82 62 17 1.0
62 77 55 62 12 1.0
62 78 19 62 30 1.0
62 79 4 62 24 1.0
63 0 5 63 28 1.0
63 1 2 63 27 1.0
63 2 4 63 29 1.0
63 3 6 63 26 1.0
63 4 2 63 27 1.0
63 5 4 63 29 1.0
63 6 0 63 6 1.0
63 7 0 63 7 1.0
63 8 0 63 8 1.0
63 9 0 63 9 1.0
63 10 0 63 10 1.0
63 11 0 63 11 1.0
63 12 0 63 12 1.0
63 14 0 63 14 1.0
63 15 0 63 15 1.0
63 16 0 63 16 1.0
63 17 0 63 17 1.0
63 18 136 63 37 1.0
63 19 122 63 35 1.0
63 20 105 63 33 1.0
63 21 119 63 35 1.0
63 22 136 63 37 1.0
63 23 122 63 35 1.0
63 24 0 63 24 1.0
63 25 0 63 25 1.0
63 26 0 63 26 1.0
63 27 0 63 27 1.0
63 28 0 63 28 1.0
63 29 0 63 29 1.0
63 30 0 63 30 1.0
63 31 0 63 31 1.0
63 32 0 63 32 1.0
63 33 0 63 33 1.0
63 34 0 63 34 1.0
63 35 0 63 35 1.0
63 36 0 63 36 1.0
63 37 0 63 37 1.0
63 38 4 63 15 1.0
63 39 1 63 12 1.0
63 40 4 63 15 1.0
63 41 5 63 17 1.0
63 42 1 63 12 1.0
63 43 4 63 15 1.0
63 44 0 63 16 1.0
63 45 91 63 7 1.0
63 46 96 63 7 1.0
63 47 102 63 8 1.0
63 48 97 63 7 1.0
63 49 97 63 7 1.0
63 50 123 63 11 1.0
63 51 87 63 6 1.0
63 52 4 63 29 1.0
63 53 13 63 37 1.0
63 54 13 63 37 1.0
63 55 3 63 30 1.0
63 56 6 63 26 1.0
63 57 6 63 26 1.0
63 58 12 63 36 1.0
63 59 25 63 11 1.0
63 60 21 63 7 1.0
63 61 22 63 8 1.0
63 62 24 63 10 1.0
63 64 25 63 11 1.0
63 65 25 63 11 1.0
63 66 2 63 13 1.0
63 67 9 63 9 1.0
63 68 6 63 6 1.0
63 69 9 63 9 1.0
63 70 7 63 7 1.0
63 71 11 63 11 1.0
63 72 10 63 10 1.0
63 73 60 63 13 1.0
63 74 58 63 13 1.0
63 75 55 63 12 1.0
63 76 58 63 13 1.0
63 77 57 63 13 1.0
63 78 42 63 16 1.0
63 79 78 63 17 1.0
64 0 4 64 29 1.0
64 1 2 64 27 1.0
64 2 6 64 26 1.0
64 3 4 64 29 1.0
64 4 4 64 29 1.0
64 5 4 64 29 1.0
64 6 0 64 6 1.0
64 7 0 64 7 1.0
64 8 0 64 8 1.0
64 9 0 64 9 1.0
64 10 0 64 10 1.0
64 11 0 64 11 1.0
64 12 0 64 12 1.0
64 13 0 64 13 1.0
64 14 0 64 14 1.0
64 15 0 64 15 1.0
64 16 0 64 16 1.0
64 17 0 64 17 1.0
64 18 118 64 34 1.0
64 19 105 64 33 1.0
64 20 119 64 35 1.0
64 21 118 64 34 1.0
64 22 111 64 33 1.0
64 23 131 64 36 1.0
64 24 0 64 24 1.0
64 25 0 64 25 1.0
64 26 0 64 26 1.0
64 27 0 64 27 1.0
64 28 0 64 28 1.0
64 29 0 64 29 1.0
64 30 0 64 30 1.0
64 31 0 64 31 1.0
64 32 0 64 32 1.0
64 33 0 64 33 1.0
64 34 0 64 34 1.0
64 35 0 64 35 1.0
64 36 0 64 36 1.0
64 37 0 64 37 1.0
64 38 4 64 15 1.0
64 39 4 64 15 1.0
64 40 5 64 17 1.0
64 41 2 64 13 1.0
64 42 3 64 14 1.0
64 43 4 64 15 1.0
64 44 5 64 17 1.0
64 45 103 64 8 1.0
64 46 91 64 7 1.0
64 47 88 64 6 1.0
64 48 124 64 11 1.0
64 49 91 64 7 0.96875
64 49 118 64 10 0.03125
64 50 119 64 11 1.0
64 51 91 64 7 1.0
64 52 1 64 25 1.0
64 53 6 64 26 1.0
64 54 13 64 37 1.0
64 55 3 64 30 1.0
64 56 3 64 30 1.0
64 57 13 64 37 1.0
64 58 9 64 33 1.0
64 59 25 64 11 1.0
64 60 21 64 7 1.0
64 61 22 64 8 1.0
64 62 20 64 6 1.0
64 63 24 64 10 1.0
64 65 8 64 31 1.0
64 66 6 64 6 1.0
64 67 3 64 14 1.0
64 68 3 64 14 1.0
64 69 7 64 7 1.0
64 70 10 64 10 1.0
64 71 3 64 14 1.0
64 72 10 64 10 1.0
64 73 68 64 14 1.0
64 74 55 64 12 1.0
64 75 5 64 24 1.0
64 76 16 64 27 1.0
64 77 77 64 17 1.0
64 78 82 64 17 1.0
64 79 82 64 17 1.0
65 0 1 65 25 1.0
65 1 4 65 29 1.0
65 2 6 65 26 1.0
65 3 6 65 26 1.0
65 4 4 65 29 1.0
65 5 2 65 27 1.0
65 6 0 65 6 1.0
65 7 0 65 7 1.0
65 8 0 65 8 1.0
65 9 0 65 9 1.0
65 10 0 65 10 1.0
65 11 0 65 11 1.0
65 12 0 65 12 1.0
65 13 0 65 13 1.0
65 14 0 65 14 1.0
65 15 0 65 15 1.0
65 16 0 65 16 1.0
65 17 0 65 17 1.0
65 18 125 65 35 1.0
65 19 129 65 36 1.0
65 20 128 65 36 1.0
65 21 114 65 34 1.0
65 22 111 65 33 1.0
65 23 136 65 37 1.0
65 24 0 65 24 1.0
65 25 0 65 25 1.0
65 26 0 65 26 1.0
65 27 0 65 27 1.0
65 28 0 65 28 1.0
65 29 0 65 29 1.0
65 30 0 65 30 1.0
65 31 0 65 31 1.0
65 32 0 65 32 1.0
65 33 0 65 33 1.0
65 34 0 65 34 1.0
65 35 0 65 35 1.0
65 36 0 65 36 1.0
65 37 0 65 37 1.0
65 38 3 65 14 1.0
65 39 1 65 12 1.0
65 40 5 65 17 1.0
65 41 5 65 17 1.0
65 42 4 65 15 1.0
65 43 4 65 15 1.0
65 44 5 65 17 1.0
65 45 124 65 11 1.0
65 46 125 65 11 1.0
65 47 102 65 8 1.0
65 48 125 65 11 1.0
65 49 102 65 8 1.0
65 50 91 65 7 1.0
65 51 104 65 8 1.0
65 52 6 65 26 1.0
65 53 6 65 26 1.0
65 54 6 65 26 1.0
65 55 3 65 30 1.0
65 56 3 65 30 1.0
65 57 6 65 26 1.0
65 58 13 65 37 1.0
65 59 25 65 11 1.0
65 60 21 65 7 1.0
65 61 22 65 8 1.0
65 62 24 65 10 1.0
65 63 25 65 11 1.0
65 64 24 65 10 1.0
65 66 7 65 7 1.0
65 67 7 65 7 1.0
65 68 6 65 6 1.0
65 69 6 65 6 1.0
65 70 10 65 10 1.0
65 71 1 65 12 1.0
65 72 10 65 10 1.0
65 73 46 65 16 1.0
65 74 48 65 16 1.0
65 75 70 65 15 1.0
65 76 57 65 13 1.0
65 77 77 65 17 1.0
65 78 82 65 17 1.0
65 79 82 65 17 1.0
66 0 36 66 43 1.0
66 1 36 66 43 1.0
66 2 36 66 43 1.0
66 3 36 66 43 1.0
66 4 36 66 43 1.0
66 5 36 66 43 1.0
66 6 0 66 6 1.0
66 7 0 66 7 1.0
66 8 0 66 8 1.0
66 9 0 66 9 1.0
66 10 0 66 10 1.0
66 11 0 66 11 1.0
66 12 0 66 12 1.0
66 13 0 66 13 1.0
66 14 0 66 14 1.0
66 15 0 66 15 1.0
66 16 0 66 16 1.0
66 17 0 66 17 1.0
66 18 4 66 49 1.0
66 19 4 66 49 1.0
66 21 4 66 49 1.0
66 22 4 66 49 1.0
66 23 4 66 49 1.0
66 24 123 66 11 1.0
66 25 123 66 11 1.0
66 26 123 66 11 1.0
66 27 123 66 11 1.0
66 28 123 66 11 1.0
66 29 123 66 11 1.0
66 31 5 66 11 1.0
66 32 2 66 8 1.0
66 33 5 66 11 1.0
66 34 5 66 11 1.0
66 35 5 66 11 1.0
66 36 5 66 11 1.0
66 37 4 66 10 1.0
66 38 0 66 38 1.0
66 39 0 66 39 1.0
66 40 0 66 40 1.0
66 41 0 66 41 1.0
66 42 0 66 42 1.0
66 43 0 66 43 1.0
66 44 0 66 44 1.0
66 45 0 66 45 1.0
66 46 0 66 46 1.0
66 47 0 66 47 1.0
66 48 0 66 48 1.0
66 49 0 66 49 1.0
66 50 0 66 50 1.0
66 51 0 66 51 1.0
66 52 81 66 11 1.0
66 53 81 66 11 1.0
66 54 60 66 8 1.0
66 55 82 66 11 1.0
66 56 81 66 11 1.0
66 57 81 66 11 1.0
66 58 60 66 8 1.0
66 59 11 66 11 1.0
66 60 2 66 13 1.0
66 61 2 66 13 1.0
66 62 6 66 6 1.0
66 63 2 66 13 1.0
66 64 10 66 10 1.0
66 65 0 66 16 1.0
66 67 5 66 42 1.0
66 68 7 66 44 1.0
66 69 5 66 42 1.0
66 70 19 66 17 1.0
66 71 0 66 16 1.0
66 72 19 66 17 1.0
66 73 11 66 49 1.0
66 74 11 66 49 1.0
66 75 11 66 49 1.0
66 76 1 66 39 1.0
66 78 11 66 49 1.0
67 0 7 67 39 1.0
67 1 36 67 43 1.0
67 2 36 67 43 1.0
67 3 6 67 38 1.0
67 4 41 67 43 1.0
67 5 6 67 38 1.0
67 6 0 67 6 1.0
67 7 0 67 7 1.0
67 8 0 67 8 1.0
67 9 0 67 9 1.0
67 10 0 67 10 1.0
67 11 0 67 11 1.0
67 12 0 67 12 1.0
67 13 0 67 13 1.0
67 14 0 67 14 1.0
67 15 0 67 15 1.0
67 16 0 67 16 1.0
67 17 0 67 17 1.0
67 18 6 67 51 1.0
67 19 5 67 50 1.0
67 20 6 67 51 1.0
67 21 6 67 51 1.0
67 22 6 67 51 1.0
67 23 5 67 50 1.0
67 24 30 67 15 1.0
67 25 19 67 13 1.0
67 26 123 67 11 1.0
67 27 19 67 13 1.0
67 28 36 67 17 1.0
67 29 37 67 17 1.0
67 30 21 67 14 1.0
67 31 0 67 6 1.0
67 32 1 67 7 1.0
67 33 2 67 8 1.0
67 34 2 67 8 1.0
67 35 4 67 10 1.0
67 36 4 67 10 1.0
67 37 3 67 9 1.0
67 38 0 67 38 1.0
67 39 0 67 39 1.0
67 40 0 67 40 1.0
67 41 0 67 41 1.0
67 42 0 67 42 1.0
67 43 0 67 43 1.0
67 44 0 67 44 1.0
67 45 0 67 45 1.0
67 46 0 67 46 1.0
67 47 0 67 47 1.0
67 48 0 67 48 1.0
67 49 0 67 49 1.0
67 50 0 67 50 1.0
67 51 0 67 51 1.0
67 52 1 67 45 1.0
67 53 60 67 8 1.0
67 54 81 67 11 1.0
67 55 81 67 11 1.0
67 56 81 67 11 1.0
67 57 60 67 8 1.0
67 58 76 67 10 1.0
67 59 0 67 16 1.0
67 60 11 67 11 1.0
67 61 3 67 14 1.0
67 62 1 67 12 1.0
67 63 10 67 10 1.0
67 64 3 67 14 1.0
67 65 3 67 14 1.0
67 66 4 67 41 1.0
67 68 4 67 41 1.0
67 69 16 67 13 1.0
67 70 19 67 17 1.0
67 71 0 67 16 1.0
67 72 19 67 17 1.0
67 73 5 67 43 1.0
67 74 5 67 43 1.0
67 75 4 67 42 1.0
67 76 0 67 38 1.0
67 77 0 67 38 1.0
67 78 0 67 38 1.0
67 79 0 67 38 1.0
68 0 14 68 40 1.0
68 1 36 68 43 1.0
68 2 0 68 38 1.0
68 3 0 68 38 1.0
68 4 43 68 44 1.0
68 5 37 68 43 1.0
68 6 0 68 6 1.0
68 7 0 68 7 1.0
68 8 0 68 8 1.0
68 9 0 68 9 1.0
68 10 0 68 10 1.0
68 11 0 68 11 1.0
68 12 0 68 12 1.0
68 13 0 68 13 1.0
68 14 0 68 14 1.0
68 15 0 68 15 1.0
68 16 0 68 16 1.0
68 17 0 68 17 1.0
68 18 1 68 46 1.0
68 19 5 68 50 1.0
68 20 5 68 50 1.0
68 21 6 68 51 1.0
68 22 5 68 50 1.0
68 23 5 68 50 1.0
68 24 123 68 11 1.0
68 25 17 68 13 1.0
68 26 123 68 11 1.0
68 27 27 68 14 1.0
68 28 19 68 13 1.0
68 29 23 68 14 1.0
68 30 1 68 16 1.0
68 31 3 68 9 1.0
68 32 0 68 6 1.0
68 33 2 68 8 1.0
68 34 2 68 8 1.0
68 35 4 68 10 1.0
68 36 3 68 9 1.0
68 37 3 68 9 1.0
68 38 0 68 38 1.0
68 39 0 68 39 1.0
68 40 0 68 40 1.0
68 41 0 68 41 1.0
68 42 0 68 42 1.0
68 43 0 68 43 1.0
68 44 0 68 44 1.0
68 45 0 68 45 1.0
68 46 0 68 46 1.0
68 47 0 68 47 1.0
68 48 0 68 48 1.0
68 49 0 68 49 1.0
68 50 0 68 50 1.0
68 51 0 68 51 1.0
68 52 80 68 11 1.0
68 53 53 68 7 1.0
68 54 81 68 11 1.0
68 55 81 68 11 1.0
68 56 81 68 11 1.0
68 57 80 68 11 1.0
68 58 66 68 9 1.0
68 59 1 68 12 1.0
68 60 11 68 11 1.0
68 61 3 68 14 1.0
68 62 1 68 12 1.0
68 63 3 68 14 1.0
68 64 2 68 13 1.0
68 65 2 68 13 1.0
68 67 17 68 14 1.0
68 69 16 68 13 1.0
68 70 19 68 17 1.0
68 71 0 68 16 1.0
68 72 19 68 17 1.0
68 73 5 68 43 1.0
68 74 8 68 46 1.0
68 75 4 68 42 1.0
68 76 0 68 38 1.0
68 77 0 68 38 1.0
68 78 0 68 38 1.0
68 79 3 68 41 1.0
69 0 7 69 39 1.0
69 1 36 69 43 1.0
69 2 0 69 38 1.0
69 3 0 69 38 1.0
69 4 37 69 43 1.0
69 5 36 69 43 1.0
69 6 0 69 6 1.0
69 7 0 69 7 1.0
69 8 0 69 8 1.0
69 9 0 69 9 1.0
69 10 0 69 10 1.0
69 11 0 69 11 1.0
69 12 0 69 12 1.0
69 14 0 69 14 1.0
69 15 0 69 15 1.0
69 16 0 69 16 1.0
69 17 0 69 17 1.0
69 18 1 69 46 1.0
69 19 1 69 46 1.0
69 20 1 69 46 1.0
69 21 2 69 47 1.0
69 22 1 69 46 1.0
69 23 2 69 47 1.0
69 24 18 69 13 1.0
69 25 14 69 13 1.0
69 26 18 69 13 1.0
69 27 26 69 14 1.0
69 28 19 69 13 1.0
69 29 35 69 17 1.0
69 30 123 69 11 1.0
69 31 4 69 10 1.0
69 32 3 69 9 1.0
69 33 2 69 8 1.0
69 34 2 69 8 1.0
69 35 0 69 6 1.0
69 36 4 69 10 1.0
69 37 2 69 8 1.0
69 38 0 69 38 1.0
69 39 0 69 39 1.0
69 40 0 69 40 1.0
69 41 0 69 41 1.0
69 42 0 69 42 1.0
69 43 0 69 43 1.0
69 44 0 69 44 1.0
69 45 0 69 45 1.0
69 46 0 69 46 1.0
69 47 0 69 47 1.0
69 48 0 69 48 1.0
69 49 0 69 49 1.0
69 50 0 69 50 1.0
69 51 0 69 51 1.0
69 52 10 69 46 1.0
69 53 82 69 11 1.0
69 54 27 69 49 1.0
69 55 27 69 49 1.0
69 56 53 69 7 1.0
69 57 25 69 49 1.0
69 58 72 69 10 1.0
69 59 0 69 16 1.0
69 60 9 69 9 1.0
69 61 11 69 11 1.0
69 62 11 69 11 1.0
69 63 9 69 9 1.0
69 64 10 69 10 1.0
69 65 11 69 11 1.0
69 67 16 69 13 1.0
69 68 4 69 41 1.0
69 70 16 69 13 1.0
69 71 16 69 13 1.0
69 72 19 69 17 1.0
69 73 5 69 43 1.0
69 74 0 69 38 1.0
69 75 10 69 48 1.0
69 76 6 69 44 1.0
69 77 4 69 42 1.0
69 78 4 69 42 1.0
69 79 2 69 40 1.0
70 0 13 70 39 1.0
70 1 36 70 43 1.0
70 2 8 70 39 1.0
70 3 12 70 39 1.0
70 4 28 70 42 1.0
70 5 38 70 43 1.0
70 6 0 70 6 1.0
70 7 0 70 7 1.0
70 8 0 70 8 1.0
70 9 0 70 9 1.0
70 10 0 70 10 1.0
70 11 0 70 11 1.0
70 12 0 70 12 1.0
70 13 0 70 13 1.0
70 14 0 70 14 1.0
70 15 0 70 15 1.0
70 18 4 70 49 1.0
70 19 2 70 47 1.0
70 20 1 70 46 1.0
70 23 5 70 50 1.0
70 24 3 70 16 1.0
70 25 13 70 12 1.0
70 26 41 70 17 1.0
70 27 1 70 16 1.0
70 29 123 70 11 1.0
70 30 6 70 16 1.0
70 31 3 70 9 1.0
70 32 1 70 7 1.0
70 34 5 70 11 1.0
70 36 5 70 11 1.0
70 37 1 70 7 1.0
70 40 0 70 40 1.0
70 41 0 70 41 1.0
70 42 0 70 42 1.0
70 43 0 70 43 1.0
70 44 0 70 44 1.0
70 45 0 70 45 1.0
70 47 0 70 47 1.0
70 50 0 70 50 1.0
70 51 0 70 51 1.0
70 52 81 70 11 1.0
70 53 60 70 8 1.0
70 54 79 70 11 1.0
70 55 20 70 48 1.0
70 56 55 70 7 1.0
70 57 52 70 7 1.0
70 58 25 70 49 1.0
70 62 6 70 6 1.0
70 63 11 70 11 1.0
70 64 11 70 11 1.0
70 65 11 70 11 1.0
70 66 19 70 17 1.0
70 67 19 70 17 1.0
70 68 19 70 17 1.0
70 69 19 70 17 1.0
70 71 15 70 12 1.0
70 72 19 70 17 1.0
70 73 1 70 39 1.0
70 74 8 70 46 1.0
70 77 0 70 38 1.0
70 78 8 70 46 1.0
70 79 0 70 38 1.0
71 0 3 71 38 0.21875
71 0 70 71 46 0.78125
71 1 22 71 41 1.0
71 2 26 71 41 1.0
71 3 78 71 47 1.0
71 4 122 71 50 1.0
71 5 45 71 44 0.421875
71 5 56 71 45 0.578125
71 6 0 71 6 1.0
71 7 0 71 7 1.0
71 9 0 71 9 1.0
71 10 0 71 10 1.0
71 11 0 71 11 1.0
71 14 0 71 14 1.0
71 15 0 71 15 1.0
71 18 4 71 49 1.0
71 19 0 71 45 1.0
71 20 0 71 45 1.0
71 22 3 71 48 1.0
71 23 0 71 45 1.0
71 24 67 71 7 1.0
71 25 81 71 8 1.0
71 26 37 71 17 1.0
71 27 35 71 17 1.0
71 29 23 71 14 1.0
71 30 79 71 8 1.0
71 31 3 71 9 1.0
71 32 3 71 9 1.0
71 33 2 71 8 1.0
71 34 5 71 11 1.0
71 37 2 71 8 1.0
71 40 0 71 40 1.0
71 41 0 71 41 1.0
71 42 0 71 42 1.0
71 43 0 71 43 1.0
71 44 0 71 44 1.0
71 45 0 71 45 1.0
71 50 0 71 50 1.0
71 51 0 71 51 1.0
71 53 59 71 8 1.0
71 54 18 71 48 1.0
71 55 61 71 8 1.0
71 56 60 71 8 1.0
71 57 59 71 8 1.0
71 58 24 71 49 1.0
71 60 0 71 16 1.0
71 61 2 71 13 1.0
71 63 3 71 14 1.0
71 64 4 71 15 1.0
71 65 1 71 12 1.0
71 66 19 71 17 1.0
71 67 19 71 17 1.0
71 68 19 71 17 1.0
71 69 19 71 17 1.0
71 70 6 71 43 1.0
71 72 15 71 12 1.0
71 73 12 71 50 1.0
71 74 13 71 51 1.0
71 75 0 71 38 1.0
71 76 0 71 38 1.0
71 77 10 71 48 1.0
71 78 5 71 43 1.0
71 79 9 71 47 1.0
72 0 1 72 38 1.0
72 1 1 72 38 1.0
72 2 1 72 38 1.0
72 3 12 72 39 1.0
72 4 5 72 38 1.0
72 5 8 72 39 1.0
72 6 0 72 6 1.0
72 7 0 72 7 1.0
72 9 0 72 9 1.0
72 10 0 72 10 1.0
72 12 0 72 12 1.0
72 13 0 72 13 1.0
72 14 0 72 14 1.0
72 15 0 72 15 1.0
72 19 2 72 47 1.0
72 20 6 72 51 1.0
72 21 4 72 49 1.0
72 23 5 72 50 1.0
72 24 21 72 14 1.0
72 25 0 72 16 1.0
72 26 6 72 16 1.0
72 27 16 72 13 1.0
72 29 0 72 16 1.0
72 30 36 72 17 1.0
72 31 1 72 7 1.0
72 32 4 72 10 1.0
72 33 5 72 11 1.0
72 36 2 72 8 1.0
72 39 0 72 39 1.0
72 40 0 72 40 1.0
72 41 0 72 41 1.0
72 42 0 72 42 1.0
72 44 0 72 44 1.0
72 45 0 72 45 1.0
72 46 0 72 46 1.0
72 47 0 72 47 1.0
72 50 0 72 50 1.0
72 51 0 72 51 1.0
72 52 81 72 11 1.0
72 53 56 72 8 1.0
72 54 24 72 49 1.0
72 55 82 72 11 1.0
72 56 21 72 48 1.0
72 57 77 72 11 1.0
72 58 79 72 11 1.0
72 59 11 72 11 1.0
72 61 11 72 11 1.0
72 62 8 72 8 1.0
72 63 1 72 12 1.0
72 64 10 72 10 1.0
72 65 1 72 12 1.0
72 66 19 72 17 1.0
72 67 19 72 17 1.0
72 68 19 72 17 1.0
72 69 19 72 17 1.0
72 70 19 72 17 1.0
72 71 16 72 13 1.0
72 73 11 72 49 1.0
72 74 0 72 38 1.0
72 75 0 72 38 1.0
72 77 5 72 43 1.0
72 78 5 72 43 1.0
72 79 5 72 43 1.0
73 0 0 73 0 1.0
73 1 0 73 1 1.0
73 2 0 73 2 1.0
73 3 0 73 3 1.0
73 4 0 73 4 1.0
73 5 0 73 5 1.0
73 6 27 73 40 1.0
73 7 5 73 38 1.0
73 9 54 73 42 0.546875
73 9 94 73 45 0.453125
73 10 80 73 44 1.0
73 14 3 73 41 1.0
73 15 0 73 38 1.0
73 16 0 73 38 1.0
73 19 0 73 19 1.0
73 20 0 73 20 1.0
73 21 0 73 21 1.0
73 23 0 73 23 1.0
73 24 5 73 5 1.0
73 25 0 73 0 1.0
73 26 2 73 2 1.0
73 27 0 73 0 1.0
73 29 3 73 3 1.0
73 30 5 73 5 1.0
73 31 69 73 1 1.0
73 32 26 73 19 1.0
73 33 44 73 22 1.0
73 34 44 73 22 1.0
73 35 44 73 22 1.0
73 38 0 73 38 1.0
73 39 0 73 39 1.0
73 40 0 73 40 1.0
73 41 0 73 41 1.0
73 42 0 73 42 1.0
73 43 0 73 43 1.0
73 44 0 73 44 1.0
73 45 0 73 45 1.0
73 46 0 73 46 1.0
73 48 0 73 48 1.0
73 50 0 73 50 1.0
73 51 0 73 51 1.0
73 53 6 73 23 1.0
73 54 4 73 21 1.0
73 55 1 73 18 1.0
73 56 4 73 21 1.0
73 57 4 73 21 1.0
73 58 1 73 18 1.0
73 60 74 73 43 1.0
73 62 74 73 43 1.0
73 63 66 73 42 1.0
73 64 48 73 39 1.0
73 65 71 73 42 1.0
73 66 3 73 41 1.0
73 67 1 73 39 1.0
73 68 1 73 39 1.0
73 69 1 73 39 1.0
73 70 11 73 49 1.0
73 71 12 73 50 1.0
73 72 10 73 48 1.0
73 74 1 73 18 0.390625
73 74 19 73 45 0.609375
73 77 21 73 47 1.0
73 78 21 73 47 1.0
73 79 21 73 47 1.0
74 0 0 74 0 1.0
74 1 0 74 1 1.0
74 2 0 74 2 1.0
74 3 0 74 3 1.0
74 4 0 74 4 1.0
74 5 0 74 5 1.0
74 6 65 74 43 1.0
74 7 96 74 45 1.0
74 8 80 74 44 1.0
74 9 28 74 40 1.0
74 10 15 74 39 1.0
74 11 67 74 43 1.0
74 12 0 74 38 1.0
74 13 0 74 38 1.0
74 14 2 74 40 1.0
74 15 6 74 44 1.0
74 17 0 74 38 1.0
74 18 0 74 18 1.0
74 19 0 74 19 1.0
74 20 0 74 20 1.0
74 23 0 74 23 1.0
74 24 3 74 3 1.0
74 25 0 74 0 1.0
74 26 3 74 3 1.0
74 27 3 74 3 1.0
74 28 0 74 0 1.0
74 29 5 74 5 1.0
74 30 3 74 3 1.0
74 31 81 74 2 1.0
74 32 22 74 19 1.0
74 34 44 74 22 1.0
74 37 44 74 22 1.0
74 39 0 74 39 1.0
74 40 0 74 40 1.0
74 41 0 74 41 1.0
74 42 0 74 42 1.0
74 43 0 74 43 1.0
74 44 0 74 44 1.0
74 45 0 74 45 1.0
74 48 0 74 48 1.0
74 50 0 74 50 1.0
74 51 0 74 51 1.0
74 53 6 74 23 1.0
74 54 1 74 18 1.0
74 55 4 74 21 1.0
74 56 1 74 18 1.0
74 57 2 74 19 1.0
74 58 5 74 22 1.0
74 61 74 74 43 1.0
74 62 74 74 43 1.0
74 63 71 74 42 1.0
74 64 76 74 43 1.0
74 65 78 74 44 1.0
74 66 0 74 38 1.0
74 67 8 74 46 1.0
74 68 8 74 46 1.0
74 69 11 74 49 1.0
74 70 0 74 38 1.0
74 71 3 74 41 1.0
74 72 0 74 38 1.0
74 73 4 74 21 0.421875
74 73 6 74 23 0.578125
74 75 22 74 48 1.0
74 76 20 74 46 1.0
74 77 5 74 22 1.0
74 78 5 74 22 1.0
74 79 21 74 47 1.0
75 0 0 75 0 1.0
75 1 0 75 1 1.0
75 2 0 75 2 1.0
75 5 0 75 5 1.0
75 8 15 75 39 1.0
75 9 67 75 43 1.0
75 10 67 75 43 1.0
75 11 67 75 43 1.0
75 12 0 75 38 1.0
75 13 5 75 43 1.0
75 14 6 75 44 1.0
75 15 6 75 44 1.0
75 20 0 75 20 1.0
75 22 0 75 22 1.0
75 25 4 75 4 1.0
75 26 2 75 2 1.0
75 27 0 75 0 1.0
75 28 4 75 4 1.0
75 30 4 75 4 1.0
75 34 23 75 19 1.0
75 36 44 75 22 1.0
75 39 0 75 39 1.0
75 40 0 75 40 1.0
75 41 0 75 41 1.0
75 45 0 75 45 1.0
75 46 0 75 46 1.0
75 48 0 75 48 1.0
75 49 0 75 49 1.0
75 50 0 75 50 1.0
75 51 0 75 51 1.0
75 53 7 75 1 1.0
75 54 1 75 18 1.0
75 55 10 75 4 1.0
75 56 11 75 5 1.0
75 57 7 75 1 1.0
75 58 1 75 18 1.0
75 59 43 75 38 1.0
75 60 74 75 43 1.0
75 62 74 75 43 1.0
75 63 72 75 43 1.0
75 64 78 75 44 1.0
75 65 5 75 0 1.0
75 66 0 75 38 1.0
75 67 5 75 43 1.0
75 68 4 75 42 1.0
75 69 5 75 43 1.0
75 72 1 75 39 1.0
75 73 1 75 18 1.0
75 77 6 75 23 1.0
75 78 6 75 23 1.0
75 79 6 75 23 1.0
76 0 0 76 0 1.0
76 1 0 76 1 1.0
76 2 0 76 2 1.0
76 8 28 76 40 1.0
76 9 67 76 43 1.0
76 10 2 76 38 1.0
76 12 0 76 38 1.0
76 14 1 76 39 1.0
76 15 1 76 39 1.0
76 18 0 76 18 1.0
76 20 0 76 20 1.0
76 21 0 76 21 1.0
76 23 0 76 23 1.0
76 25 4 76 4 1.0
76 26 2 76 2 1.0
76 27 1 76 1 1.0
76 28 4 76 4 1.0
76 31 44 76 22 1.0
76 32 44 76 22 1.0
76 36 44 76 22 1.0
76 37 44 76 22 1.0
76 39 0 76 39 1.0
76 40 0 76 40 1.0
76 41 0 76 41 1.0
76 42 0 76 42 1.0
76 45 0 76 45 1.0
76 46 0 76 46 1.0
76 47 0 76 47 1.0
76 50 0 76 50 1.0
76 51 0 76 51 1.0
76 53 4 76 21 1.0
76 54 10 76 4 1.0
76 55 10 76 4 1.0
76 56 7 76 1 1.0
76 57 0 76 0 1.0
76 58 9 76 3 1.0
76 61 74 76 43 1.0
76 62 43 76 38 1.0
76 63 79 76 44 1.0
76 64 76 76 43 1.0
76 65 32 76 4 1.0
76 66 0 76 38 1.0
76 67 5 76 43 1.0
76 68 5 76 43 1.0
76 69 5 76 43 1.0
76 74 5 76 22 1.0
76 75 22 76 48 1.0
76 77 22 76 48 1.0
76 78 22 76 48 1.0
76 79 22 76 48 1.0
77 0 0 77 0 1.0
77 1 0 77 1 1.0
77 2 0 77 2 1.0
77 3 0 77 3 1.0
77 4 0 77 4 1.0
77 5 0 77 5 1.0
77 6 118 77 48 1.0
77 7 67 77 43 1.0
77 8 54 77 42 1.0
77 9 1 77 38 1.0
77 10 28 77 40 1.0
77 11 67 77 43 1.0
77 12 1 77 39 1.0
77 13 4 77 42 1.0
77 14 2 77 40 1.0
77 15 1 77 39 1.0
77 16 1 77 39 1.0
77 17 5 77 43 1.0
77 18 0 77 18 1.0
77 19 0 77 19 1.0
77 20 0 77 20 1.0
77 21 0 77 21 1.0
77 22 0 77 22 1.0
77 23 0 77 23 1.0
77 24 3 77 3 1.0
77 25 0 77 0 1.0
77 26 2 77 2 1.0
77 27 3 77 3 1.0
77 28 2 77 2 1.0
77 29 3 77 3 1.0
77 30 4 77 4 1.0
77 31 14 77 18 1.0
77 32 14 77 18 1.0
77 33 41 77 21 1.0
77 34 27 77 19 1.0
77 35 21 77 19 1.0
77 36 27 77 19 1.0
77 37 41 77 21 1.0
77 38 0 77 38 1.0
77 39 0 77 39 1.0
77 40 0 77 40 1.0
77 41 0 77 41 1.0
77 42 0 77 42 1.0
77 43 0 77 43 1.0
77 44 0 77 44 1.0
77 45 0 77 45 1.0
77 46 0 77 46 1.0
77 47 0 77 47 1.0
77 48 0 77 48 1.0
77 49 0 77 49 1.0
77 50 0 77 50 1.0
77 51 0 77 51 1.0
77 52 4 77 21 1.0
77 53 6 77 23 1.0
77 54 1 77 18 1.0
77 55 10 77 4 1.0
77 56 10 77 4 1.0
77 57 8 77 2 1.0
77 58 11 77 5 1.0
77 59 80 77 44 1.0
77 60 18 77 2 1.0
77 61 35 77 5 1.0
77 62 26 77 3 1.0
77 63 5 77 0 1.0
77 64 43 77 38 1.0
77 65 43 77 38 1.0
77 66 3 77 41 1.0
77 67 2 77 40 1.0
77 68 2 77 40 1.0
77 69 1 77 39 1.0
77 70 5 77 43 1.0
77 71 0 77 38 1.0
77 72 10 77 48 1.0
77 73 1 77 18 1.0
77 74 5 77 22 1.0
77 75 6 77 23 1.0
77 76 1 77 18 1.0
77 78 25 77 51 1.0
77 79 25 77 51 1.0
78 0 0 78 0 1.0
78 1 0 78 1 1.0
78 2 0 78 2 1.0
78 3 0 78 3 1.0
78 4 0 78 4 1.0
78 5 0 78 5 1.0
78 6 119 78 49 1.0
78 7 125 78 49 1.0
78 8 80 78 44 1.0
78 9 67 78 43 1.0
78 10 2 78 38 1.0
78 11 70 78 43 1.0
78 12 1 78 39 1.0
78 13 4 78 42 1.0
78 14 0 78 38 1.0
78 15 0 78 38 1.0
78 16 1 78 39 1.0
78 17 5 78 43 1.0
78 18 0 78 18 1.0
78 19 0 78 19 1.0
78 20 0 78 20 1.0
78 21 0 78 21 1.0
78 22 0 78 22 1.0
78 23 0 78 23 1.0
78 24 3 78 3 1.0
78 25 2 78 2 1.0
78 26 2 78 2 1.0
78 27 0 78 0 1.0
78 28 2 78 2 1.0
78 29 3 78 3 1.0
78 30 3 78 3 1.0
78 31 41 78 21 1.0
78 32 14 78 18 1.0
78 33 14 78 18 1.0
78 34 42 78 22 1.0
78 35 55 78 23 1.0
78 36 42 78 22 1.0
78 37 31 78 20 1.0
78 38 0 78 38 1.0
78 39 0 78 39 1.0
78 40 0 78 40 1.0
78 41 0 78 41 1.0
78 42 0 78 42 1.0
78 43 0 78 43 1.0
78 44 0 78 44 1.0
78 45 0 78 45 1.0
78 46 0 78 46 1.0
78 47 0 78 47 1.0
78 48 0 78 48 1.0
78 49 0 78 49 1.0
78 50 0 78 50 1.0
78 51 0 78 51 1.0
78 52 4 78 21 1.0
78 53 1 78 18 1.0
78 54 1 78 18 1.0
78 55 1 78 18 1.0
78 56 7 78 1 1.0
78 57 8 78 2 1.0
78 58 8 78 2 1.0
78 59 78 78 44 1.0
78 60 39 78 5 1.0
78 61 72 78 43 1.0
78 62 50 78 39 1.0
78 63 56 78 40 1.0
78 64 73 78 43 1.0
78 65 74 78 43 1.0
78 66 3 78 41 1.0
78 67 2 78 40 1.0
78 68 3 78 41 1.0
78 69 4 78 42 1.0
78 70 5 78 43 1.0
78 71 5 78 43 1.0
78 72 13 78 51 1.0
78 73 1 78 18 1.0
78 74 5 78 22 1.0
78 75 6 78 23 1.0
78 76 1 78 18 1.0
78 77 25 78 51 1.0
78 79 2 78 19 1.0
79 0 0 79 0 1.0
79 1 0 79 1 1.0
79 2 0 79 2 1.0
79 3 0 79 3 1.0
79 4 0 79 4 1.0
79 5 0 79 5 1.0
79 6 1 79 38 1.0
79 7 1 79 38 1.0
79 8 80 79 44 1.0
79 9 67 79 43 1.0
79 10 2 79 38 1.0
79 11 66 79 43 0.015625
79 11 70 79 43 0.984375
79 12 2 79 40 1.0
79 14 0 79 38 1.0
79 15 6 79 44 1.0
79 16 1 79 39 1.0
79 17 5 79 43 1.0
79 18 0 79 18 1.0
79 19 0 79 19 1.0
79 20 0 79 20 1.0
79 21 0 79 21 1.0
79 22 0 79 22 1.0
79 23 0 79 23 1.0
79 24 5 79 5 1.0
79 25 5 79 5 1.0
79 26 4 79 4 1.0
79 27 0 79 0 1.0
79 28 2 79 2 1.0
79 29 0 79 0 1.0
79 30 1 79 1 1.0
79 31 16 79 18 1.0
79 32 21 79 19 1.0
79 33 28 79 20 1.0
79 34 17 79 18 1.0
79 35 14 79 18 1.0
79 36 28 79 20 1.0
79 37 55 79 23 1.0
79 38 0 79 38 1.0
79 39 0 79 39 1.0
79 40 0 79 40 1.0
79 41 0 79 41 1.0
79 42 0 79 42 1.0
79 43 0 79 43 1.0
79 44 0 79 44 1.0
79 45 0 79 45 1.0
79 46 0 79 46 1.0
79 47 0 79 47 1.0
79 48 0 79 48 1.0
79 49 0 79 49 1.0
79 50 0 79 50 1.0
79 51 0 79 51 1.0
79 52 4 79 21 1.0
79 53 1 79 18 1.0
79 54 1 79 18 1.0
79 55 1 79 18 1.0
79 56 7 79 1 1.0
79 57 7 79 1 1.0
79 58 11 79 5 1.0
79 59 17 79 2 1.0
79 60 60 79 41 1.0
79 61 72 79 43 1.0
79 62 47 79 38 1.0
79 63 42 79 38 1.0
79 64 74 79 43 1.0
79 65 43 79 38 1.0
79 67 10 79 48 1.0
79 68 3 79 41 1.0
79 69 3 79 41 1.0
79 70 5 79 43 1.0
79 71 10 79 48 1.0
79 72 2 79 40 1.0
79 73 1 79 18 1.0
79 74 5 79 22 1.0
79 75 22 79 48 1.0
79 76 1 79 18 1.0
79 77 5 79 22 1.0
79 78 24 79 50 1.0
