0 1 19 0 57 1.0
0 2 24 0 21 1.0
0 3 8 0 53 1.0
0 4 20 0 58 1.0
0 5 20 0 58 1.0
0 6 45 0 27 1.0
0 7 73 0 29 1.0
0 9 29 0 55 0.0625
0 9 48 0 27 0.9375
0 10 90 0 52 1.0
0 12 35 0 29 1.0
0 14 61 0 28 1.0
0 15 61 0 28 1.0
0 19 0 0 19 1.0
0 20 0 0 20 1.0
0 23 0 0 23 1.0
0 24 0 0 24 1.0
0 25 0 0 25 1.0
0 26 0 0 26 1.0
0 27 0 0 27 1.0
0 29 0 0 29 1.0
0 30 0 0 30 1.0
0 31 5 0 29 1.0
0 32 11 0 56 1.0
0 33 2 0 55 1.0
0 37 2 0 55 1.0
0 40 3 0 79 1.0
0 41 6 0 73 1.0
0 42 2 0 74 1.0
0 44 2 0 74 0.265625
0 44 5 0 78 0.734375
0 45 12 0 23 1.0
0 50 7 0 18 1.0
0 51 10 0 21 1.0
0 52 0 0 52 1.0
0 53 0 0 53 1.0
0 54 0 0 54 1.0
0 56 0 0 56 1.0
0 57 0 0 57 1.0
0 58 0 0 58 1.0
0 63 6 0 26 1.0
0 64 4 0 29 1.0
0 65 2 0 27 1.0
0 66 101 0 18 1.0
0 67 122 0 21 1.0
0 68 115 0 20 1.0
0 69 129 0 22 1.0
0 70 119 0 21 1.0
0 71 36 0 74 1.0
0 72 136 0 23 1.0
0 73 0 0 73 1.0
0 74 0 0 74 1.0
0 77 0 0 77 1.0
0 78 0 0 78 1.0
0 79 0 0 79 1.0
1 0 22 1 19 0.453125
1 0 25 1 22 0.546875
1 2 10 1 52 1.0
1 3 10 1 52 1.0
1 4 25 1 22 1.0
1 5 24 1 21 1.0
1 6 30 1 55 1.0
1 7 90 1 52 1.0
1 8 90 1 52 1.0
1 9 134 1 57 1.0
1 10 130 1 56 1.0
1 11 86 1 52 1.0
1 12 56 1 28 1.0
1 13 47 1 76 1.0
1 14 45 1 76 1.0
1 15 56 1 28 1.0
1 16 63 1 79 1.0
1 17 82 1 78 1.0
1 18 0 1 18 1.0
1 19 0 1 19 1.0
1 20 0 1 20 1.0
1 21 0 1 21 1.0
1 22 0 1 22 1.0
1 23 0 1 23 1.0
1 24 0 1 24 1.0
1 25 0 1 25 1.0
1 26 0 1 26 1.0
1 27 0 1 27 1.0
1 28 0 1 28 1.0
1 29 0 1 29 1.0
1 30 0 1 30 1.0
1 31 12 1 57 1.0
1 32 9 1 26 1.0
1 33 8 1 28 1.0
1 34 4 1 30 1.0
1 35 7 1 52 1.0
1 36 7 1 52 1.0
1 37 4 1 30 1.0
1 38 1 1 76 1.0
1 39 1 1 76 1.0
1 40 0 1 75 1.0
1 41 6 1 73 1.0
1 42 6 1 73 1.0
1 43 0 1 75 1.0
1 44 5 1 78 1.0
1 45 5 1 78 1.0
1 46 8 1 19 1.0
1 47 7 1 18 1.0
1 48 7 1 18 1.0
1 49 9 1 20 1.0
1 50 11 1 22 1.0
1 51 0 1 75 1.0
1 52 0 1 52 1.0
1 53 0 1 53 1.0
1 54 0 1 54 1.0
1 55 0 1 55 1.0
1 56 0 1 56 1.0
1 57 0 1 57 1.0
1 58 0 1 58 1.0
1 59 5 1 28 1.0
1 60 3 1 30 1.0
1 61 3 1 30 1.0
1 62 3 1 30 1.0
1 63 4 1 29 1.0
1 64 2 1 27 1.0
1 65 4 1 29 1.0
1 66 115 1 20 1.0
1 67 122 1 21 1.0
1 68 122 1 21 1.0
1 69 101 1 18 1.0
1 70 113 1 20 1.0
1 71 108 1 19 1.0
1 72 136 1 23 1.0
1 73 0 1 73 1.0
1 74 0 1 74 1.0
1 75 0 1 75 1.0
1 77 0 1 77 1.0
1 78 0 1 78 1.0
1 79 0 1 79 1.0
2 0 21 2 18 1.0
2 1 18 2 56 1.0
2 3 10 2 52 0.234375
2 3 22 2 19 0.765625
2 4 21 2 18 1.0
2 5 25 2 22 1.0
2 6 96 2 28 1.0
2 7 79 2 53 1.0
2 8 90 2 52 1.0
2 9 31 2 55 1.0
2 10 135 2 57 1.0
2 11 90 2 52 1.0
2 13 47 2 76 1.0
2 14 89 2 73 1.0
2 15 35 2 29 1.0
2 16 63 2 79 1.0
2 17 68 2 79 1.0
2 18 0 2 18 1.0
2 19 0 2 19 1.0
2 20 0 2 20 1.0
2 21 0 2 21 1.0
2 22 0 2 22 1.0
2 23 0 2 23 1.0
2 24 0 2 24 1.0
2 25 0 2 25 1.0
2 26 0 2 26 1.0
2 27 0 2 27 1.0
2 28 0 2 28 1.0
2 29 0 2 29 1.0
2 30 0 2 30 1.0
2 31 6 2 53 1.0
2 32 12 2 57 1.0
2 33 8 2 28 1.0
2 34 4 2 30 1.0
2 35 7 2 52 1.0
2 36 7 2 52 1.0
2 37 4 2 30 1.0
2 38 1 2 76 1.0
2 39 1 2 76 1.0
2 40 5 2 78 1.0
2 41 2 2 74 1.0
2 42 6 2 73 1.0
2 43 2 2 74 1.0
2 44 4 2 77 1.0
2 45 5 2 78 1.0
2 46 8 2 19 1.0
2 47 7 2 18 1.0
2 48 7 2 18 1.0
2 49 9 2 20 1.0
2 50 1 2 76 1.0
2 51 11 2 22 1.0
2 52 0 2 52 1.0
2 53 0 2 53 1.0
2 54 0 2 54 1.0
2 55 0 2 55 1.0
2 56 0 2 56 1.0
2 57 0 2 57 1.0
2 58 0 2 58 1.0
2 59 4 2 29 1.0
2 60 0 2 24 1.0
2 61 4 2 29 1.0
2 62 3 2 30 1.0
2 63 5 2 28 1.0
2 64 4 2 29 1.0
2 65 5 2 28 1.0
2 66 115 2 20 1.0
2 67 130 2 22 1.0
2 68 129 2 22 1.0
2 69 115 2 20 1.0
2 70 122 2 21 1.0
2 71 125 2 21 1.0
2 72 122 2 21 1.0
2 73 0 2 73 1.0
2 74 0 2 74 1.0
2 75 0 2 75 1.0
2 76 0 2 76 1.0
2 77 0 2 77 1.0
2 78 0 2 78 1.0
2 79 0 2 79 1.0
3 0 20 3 58 1.0
3 1 24 3 21 1.0
3 2 2 3 55 0.390625
3 2 22 3 19 0.609375
3 4 19 3 57 1.0
3 5 18 3 56 1.0
3 6 67 3 29 1.0
3 7 48 3 27 1.0
3 9 58 3 30 1.0
3 10 96 3 28 1.0
3 14 19 3 75 1.0
3 15 37 3 29 1.0
3 16 56 3 28 1.0
3 19 0 3 19 1.0
3 20 0 3 20 1.0
3 23 0 3 23 1.0
3 24 0 3 24 1.0
3 25 0 3 25 1.0
3 26 0 3 26 1.0
3 27 0 3 27 1.0
3 28 0 3 28 1.0
3 29 0 3 29 1.0
3 30 0 3 30 1.0
3 31 10 3 54 1.0
3 32 12 3 57 1.0
3 34 7 3 52 1.0
3 38 1 3 76 1.0
3 40 4 3 77 1.0
3 41 6 3 73 1.0
3 42 4 3 77 0.390625
3 42 6 3 73 0.609375
3 44 2 3 74 1.0
3 45 8 3 19 1.0
3 47 7 3 18 1.0
3 48 7 3 18 1.0
3 49 7 3 18 1.0
3 50 7 3 18 1.0
3 51 10 3 21 1.0
3 53 0 3 53 1.0
3 54 0 3 54 1.0
3 56 0 3 56 1.0
3 57 0 3 57 1.0
3 58 0 3 58 1.0
3 63 2 3 27 1.0
3 64 2 3 27 1.0
3 65 4 3 29 1.0
3 67 120 3 21 1.0
3 68 116 3 20 1.0
3 69 115 3 20 1.0
3 70 98 3 18 1.0
3 71 23 3 76 1.0
3 72 120 3 21 1.0
3 73 0 3 73 1.0
3 74 0 3 74 1.0
3 77 0 3 77 1.0
3 78 0 3 78 1.0
3 79 0 3 79 1.0
4 0 18 4 56 1.0
4 1 10 4 52 1.0
4 2 18 4 56 1.0
4 3 17 4 54 1.0
4 5 8 4 53 1.0
4 6 73 4 29 0.8125
4 6 77 4 53 0.1875
4 7 98 4 28 1.0
4 8 90 4 52 1.0
4 9 116 4 26 1.0
4 10 63 4 29 1.0
4 14 61 4 28 1.0
4 15 59 4 28 1.0
4 18 0 4 18 1.0
4 19 0 4 19 1.0
4 20 0 4 20 1.0
4 22 0 4 22 1.0
4 23 0 4 23 1.0
4 24 0 4 24 1.0
4 25 0 4 25 1.0
4 26 0 4 26 1.0
4 27 0 4 27 1.0
4 29 0 4 29 1.0
4 30 0 4 30 1.0
4 31 3 4 27 1.0
4 32 6 4 53 1.0
4 35 7 4 52 1.0
4 36 7 4 52 1.0
4 40 5 4 78 1.0
4 41 1 4 76 1.0
4 42 4 4 77 1.0
4 44 2 4 74 0.3125
4 44 4 4 77 0.6875
4 45 3 4 79 1.0
4 50 1 4 76 1.0
4 51 7 4 18 1.0
4 53 0 4 53 1.0
4 54 0 4 54 1.0
4 55 0 4 55 1.0
4 56 0 4 56 1.0
4 57 0 4 57 1.0
4 63 4 4 29 1.0
4 64 4 4 29 1.0
4 65 4 4 29 1.0
4 66 101 4 18 1.0
4 67 124 4 21 1.0
4 68 122 4 21 1.0
4 69 129 4 22 1.0
4 70 119 4 21 1.0
4 71 38 4 74 1.0
4 72 119 4 21 1.0
4 73 0 4 73 1.0
4 74 0 4 74 1.0
4 77 0 4 77 1.0
4 78 0 4 78 1.0
4 79 0 4 79 1.0
5 0 20 5 58 1.0
5 1 10 5 52 1.0
5 2 2 5 55 1.0
5 3 19 5 57 1.0
5 4 2 5 55 0.328125
5 4 8 5 53 0.671875
5 6 34 5 55 0.234375
5 6 39 5 27 0.4375
5 6 96 5 28 0.328125
5 7 37 5 27 1.0
5 9 59 5 30 1.0
5 10 138 5 57 1.0
5 14 48 5 76 1.0
5 15 35 5 29 1.0
5 17 68 5 79 1.0
5 18 0 5 18 1.0
5 19 0 5 19 1.0
5 20 0 5 20 1.0
5 23 0 5 23 1.0
5 24 0 5 24 1.0
5 25 0 5 25 1.0
5 26 0 5 26 1.0
5 27 0 5 27 1.0
5 28 0 5 28 1.0
5 29 0 5 29 1.0
5 30 0 5 30 1.0
5 31 5 5 29 1.0
5 32 12 5 57 1.0
5 33 7 5 52 1.0
5 40 5 5 78 1.0
5 41 6 5 73 1.0
5 42 6 5 73 1.0
5 43 0 5 75 1.0
5 44 2 5 74 0.71875
5 44 4 5 77 0.28125
5 45 9 5 20 1.0
5 51 10 5 21 1.0
5 53 0 5 53 1.0
5 54 0 5 54 1.0
5 56 0 5 56 1.0
5 57 0 5 57 1.0
5 58 0 5 58 1.0
5 63 4 5 29 1.0
5 64 4 5 29 1.0
5 65 3 5 30 1.0
5 66 115 5 20 1.0
5 67 124 5 21 1.0
5 68 116 5 20 1.0
5 69 115 5 20 1.0
5 70 132 5 22 1.0
5 71 36 5 74 0.671875
5 71 125 5 21 0.328125
5 72 120 5 21 1.0
5 73 0 5 73 1.0
5 74 0 5 74 1.0
5 77 0 5 77 1.0
5 78 0 5 78 1.0
5 79 0 5 79 1.0
6 0 126 6 36 1.0
6 1 21 6 62 1.0
6 2 88 6 33 1.0
6 3 44 6 65 0.453125
6 3 77 6 33 0.546875
6 4 136 6 37 1.0
6 5 37 6 64 0.4375
6 5 44 6 65 0.046875
6 5 76 6 32 0.15625
6 5 130 6 36 0.359375
6 7 17 6 14 0.625
6 7 19 6 17 0.375
6 9 17 6 14 0.6875
6 9 19 6 17 0.3125
6 10 16 6 13 1.0
6 14 0 6 14 1.0
6 15 0 6 15 1.0
6 19 13 6 32 1.0
6 20 13 6 32 1.0
6 23 77 6 70 1.0
6 24 6 6 65 1.0
6 25 5 6 64 1.0
6 26 0 6 59 1.0
6 27 1 6 60 1.0
6 28 1 6 60 1.0
6 29 6 6 65 1.0
6 30 6 6 65 1.0
6 31 0 6 31 1.0
6 32 0 6 32 1.0
6 33 0 6 33 1.0
6 39 0 6 16 1.0
6 40 2 6 13 1.0
6 41 12 6 72 1.0
6 42 2 6 13 0.4375
6 42 10 6 70 0.5625
6 43 0 6 16 1.0
6 44 10 6 70 1.0
6 45 2 6 68 1.0
6 47 6 6 72 1.0
6 51 6 6 72 1.0
6 53 1 6 32 1.0
6 54 5 6 36 1.0
6 55 3 6 34 1.0
6 56 3 6 34 1.0
6 57 2 6 33 1.0
6 58 5 6 36 1.0
6 62 0 6 62 1.0
6 63 0 6 63 1.0
6 64 0 6 64 1.0
6 65 0 6 65 1.0
6 67 0 6 67 1.0
6 68 0 6 68 1.0
6 69 0 6 69 1.0
6 70 0 6 70 1.0
6 71 0 6 71 1.0
6 72 0 6 72 1.0
6 73 99 6 70 1.0
6 74 85 6 69 1.0
6 76 19 6 13 1.0
6 77 7 6 12 1.0
6 78 37 6 17 1.0
6 79 8 6 12 1.0
7 0 88 7 33 1.0
7 1 1 7 59 1.0
7 2 112 7 35 1.0
7 3 138 7 37 1.0
7 4 138 7 37 1.0
7 5 118 7 35 1.0
7 6 15 7 12 0.1875
7 6 17 7 14 0.8125
7 8 19 7 17 1.0
7 9 0 7 16 1.0
7 10 16 7 13 1.0
7 12 0 7 12 1.0
7 14 0 7 14 1.0
7 15 0 7 15 1.0
7 16 0 7 16 1.0
7 19 44 7 37 1.0
7 20 7 7 32 1.0
7 23 6 7 31 1.0
7 24 6 7 65 1.0
7 25 5 7 64 0.703125
7 25 13 7 37 0.296875
7 26 2 7 61 1.0
7 27 1 7 60 1.0
7 29 12 7 36 1.0
7 30 8 7 32 1.0
7 31 0 7 31 1.0
7 32 0 7 32 1.0
7 35 0 7 35 1.0
7 36 0 7 36 1.0
7 40 2 7 13 1.0
7 41 0 7 16 1.0
7 42 10 7 70 1.0
7 43 2 7 13 1.0
7 44 10 7 70 1.0
7 45 4 7 70 1.0
7 48 4 7 70 1.0
7 49 6 7 72 1.0
7 50 6 7 72 1.0
7 51 6 7 72 1.0
7 52 2 7 33 1.0
7 53 4 7 35 1.0
7 54 6 7 37 1.0
7 55 6 7 37 1.0
7 56 4 7 35 1.0
7 57 5 7 36 1.0
7 58 6 7 37 1.0
7 61 0 7 61 1.0
7 62 0 7 62 1.0
7 63 0 7 63 1.0
7 64 0 7 64 1.0
7 65 0 7 65 1.0
7 66 0 7 66 1.0
7 67 0 7 67 1.0
7 68 0 7 68 1.0
7 69 0 7 69 1.0
7 70 0 7 70 1.0
7 71 0 7 71 1.0
7 72 0 7 72 1.0
7 73 131 7 72 1.0
7 74 27 7 14 0.296875
7 74 134 7 72 0.703125
7 77 12 7 12 1.0
7 78 37 7 17 1.0
7 79 35 7 17 1.0
8 1 5 8 59 1.0
8 2 5 8 59 1.0
8 3 11 8 60 1.0
8 4 11 8 60 1.0
8 5 11 8 60 1.0
8 9 16 8 13 1.0
8 10 4 8 62 1.0
8 11 2 8 60 1.0
8 12 0 8 12 1.0
8 14 0 8 14 1.0
8 15 0 8 15 1.0
8 17 0 8 17 1.0
8 18 53 8 66 1.0
8 19 96 8 72 1.0
8 21 16 8 33 1.0
8 22 53 8 66 1.0
8 23 97 8 72 1.0
8 24 1 8 60 1.0
8 25 1 8 60 1.0
8 26 11 8 35 1.0
8 27 1 8 60 1.0
8 28 1 8 60 1.0
8 30 1 8 60 1.0
8 31 0 8 31 1.0
8 32 0 8 32 1.0
8 34 0 8 34 1.0
8 35 0 8 35 1.0
8 36 0 8 36 1.0
8 37 0 8 37 1.0
8 38 0 8 16 1.0
8 40 1 8 12 1.0
8 41 10 8 70 1.0
8 42 0 8 16 1.0
8 43 2 8 13 1.0
8 44 0 8 16 1.0
8 45 6 8 72 1.0
8 47 6 8 72 1.0
8 48 6 8 72 1.0
8 49 6 8 72 1.0
8 50 4 8 70 1.0
8 51 1 8 67 1.0
8 52 2 8 33 1.0
8 53 3 8 34 1.0
8 54 6 8 37 1.0
8 55 5 8 36 1.0
8 56 0 8 31 1.0
8 57 3 8 34 1.0
8 58 5 8 36 1.0
8 59 0 8 59 1.0
8 61 0 8 61 1.0
8 62 0 8 62 1.0
8 63 0 8 63 1.0
8 64 0 8 64 1.0
8 65 0 8 65 1.0
8 66 0 8 66 1.0
8 67 0 8 67 1.0
8 68 0 8 68 1.0
8 69 0 8 69 1.0
8 70 0 8 70 1.0
8 71 0 8 71 1.0
8 74 16 8 13 1.0
8 75 19 8 13 1.0
8 77 5 8 16 1.0
8 78 19 8 13 1.0
8 79 12 8 12 1.0
9 0 110 9 35 1.0
9 1 19 9 61 1.0
9 2 84 9 33 1.0
9 3 47 9 65 0.84375
9 3 108 9 35 0.15625
9 4 108 9 35 1.0
9 5 110 9 35 1.0
9 6 4 9 62 1.0
9 7 4 9 62 1.0
9 8 3 9 61 1.0
9 10 0 9 16 0.265625
9 10 6 9 64 0.734375
9 11 19 9 17 1.0
9 12 0 9 12 1.0
9 14 0 9 14 1.0
9 15 0 9 15 1.0
9 16 0 9 16 1.0
9 19 61 9 67 1.0
9 20 13 9 32 1.0
9 21 80 9 70 1.0
9 22 80 9 70 1.0
9 23 70 9 69 1.0
9 24 6 9 65 1.0
9 25 5 9 64 1.0
9 26 6 9 65 1.0
9 27 3 9 62 1.0
9 29 10 9 34 1.0
9 30 8 9 32 1.0
9 31 0 9 31 1.0
9 32 0 9 32 1.0
9 33 0 9 33 1.0
9 34 0 9 34 1.0
9 35 0 9 35 1.0
9 36 0 9 36 1.0
9 37 0 9 37 1.0
9 39 2 9 13 1.0
9 40 5 9 17 1.0
9 41 4 9 15 1.0
9 42 10 9 70 1.0
9 43 2 9 13 1.0
9 44 2 9 13 0.421875
9 44 10 9 70 0.578125
9 45 1 9 67 1.0
9 46 4 9 70 1.0
9 47 4 9 70 1.0
9 48 4 9 70 1.0
9 49 6 9 72 1.0
9 50 5 9 71 1.0
9 51 6 9 72 1.0
9 52 0 9 31 1.0
9 53 1 9 32 1.0
9 54 5 9 36 1.0
9 55 4 9 35 1.0
9 56 6 9 37 1.0
9 57 0 9 31 1.0
9 58 4 9 35 1.0
9 59 0 9 59 1.0
9 60 0 9 60 1.0
9 61 0 9 61 1.0
9 62 0 9 62 1.0
9 63 0 9 63 1.0
9 64 0 9 64 1.0
9 65 0 9 65 1.0
9 66 0 9 66 1.0
9 67 0 9 67 1.0
9 68 0 9 68 1.0
9 69 0 9 69 1.0
9 70 0 9 70 1.0
9 71 0 9 71 1.0
9 72 0 9 72 1.0
9 73 137 9 72 1.0
9 74 94 9 69 1.0
9 75 19 9 13 1.0
9 76 19 9 13 1.0
9 77 19 9 13 1.0
9 78 16 9 13 1.0
9 79 16 9 13 1.0
10 0 41 10 64 1.0
10 1 4 10 59 1.0
10 2 25 10 62 1.0
10 3 14 10 61 1.0
10 4 46 10 65 1.0
10 5 28 10 63 1.0
10 6 19 10 17 1.0
10 7 19 10 17 1.0
10 8 19 10 17 1.0
10 9 15 10 12 0.15625
10 9 18 10 15 0.84375
10 11 15 10 12 1.0
10 13 0 10 13 1.0
10 14 0 10 14 1.0
10 15 0 10 15 1.0
10 16 0 10 16 1.0
10 17 0 10 17 1.0
10 19 26 10 34 1.0
10 20 62 10 67 1.0
10 21 37 10 36 1.0
10 22 80 10 70 1.0
10 23 79 10 70 1.0
10 24 4 10 63 1.0
10 25 5 10 64 1.0
10 26 1 10 60 1.0
10 27 2 10 61 1.0
10 28 1 10 60 1.0
10 29 1 10 60 1.0
10 30 5 10 64 1.0
10 31 0 10 31 1.0
10 32 0 10 32 1.0
10 33 0 10 33 1.0
10 35 0 10 35 1.0
10 37 0 10 37 1.0
10 39 2 10 13 1.0
10 40 1 10 12 1.0
10 41 4 10 15 1.0
10 42 3 10 14 1.0
10 43 1 10 12 1.0
10 44 9 10 69 1.0
10 45 4 10 70 1.0
10 47 6 10 72 1.0
10 48 4 10 70 1.0
10 49 6 10 72 1.0
10 50 5 10 71 1.0
10 51 0 10 66 1.0
10 52 5 10 36 1.0
10 53 1 10 32 1.0
10 54 5 10 36 1.0
10 55 5 10 36 1.0
10 56 2 10 33 1.0
10 57 2 10 33 1.0
10 58 5 10 36 1.0
10 59 0 10 59 1.0
10 60 0 10 60 1.0
10 62 0 10 62 1.0
10 63 0 10 63 1.0
10 64 0 10 64 1.0
10 65 0 10 65 1.0
10 66 0 10 66 1.0
10 67 0 10 67 1.0
10 68 0 10 68 1.0
10 69 0 10 69 1.0
10 70 0 10 70 1.0
10 71 0 10 71 1.0
10 72 0 10 72 1.0
10 73 40 10 17 1.0
10 74 33 10 15 1.0
10 75 0 10 16 1.0
10 76 0 10 16 1.0
10 77 14 10 13 1.0
10 78 14 10 13 1.0
10 79 14 10 13 1.0
11 1 5 11 59 1.0
11 2 12 11 60 1.0
11 4 11 11 60 1.0
11 8 1 11 59 1.0
11 10 1 11 59 1.0
11 12 0 11 12 1.0
11 13 0 11 13 1.0
11 14 0 11 14 1.0
11 15 0 11 15 1.0
11 20 31 11 35 1.0
11 21 16 11 33 1.0
11 23 83 11 70 1.0
11 25 0 11 59 1.0
11 26 0 11 59 1.0
11 27 0 11 59 1.0
11 28 1 11 60 1.0
11 29 0 11 59 1.0
11 32 0 11 32 1.0
11 34 0 11 34 1.0
11 36 0 11 36 1.0
11 37 0 11 37 1.0
11 38 2 11 13 1.0
11 39 2 11 13 1.0
11 40 11 11 71 1.0
11 41 5 11 17 1.0
11 42 2 11 13 1.0
11 43 0 11 16 1.0
11 45 4 11 70 1.0
11 48 4 11 70 1.0
11 49 4 11 70 1.0
11 50 5 11 71 1.0
11 51 5 11 71 1.0
11 52 4 11 35 1.0
11 53 2 11 33 1.0
11 54 4 11 35 1.0
11 55 4 11 35 1.0
11 56 0 11 31 1.0
11 57 2 11 33 1.0
11 58 4 11 35 1.0
11 60 0 11 60 1.0
11 61 0 11 61 1.0
11 62 0 11 62 1.0
11 63 0 11 63 1.0
11 64 0 11 64 1.0
11 65 0 11 65 1.0
11 66 0 11 66 1.0
11 67 0 11 67 1.0
11 68 0 11 68 1.0
11 69 0 11 69 1.0
11 72 0 11 72 1.0
11 75 14 11 13 1.0
11 76 14 11 13 1.0
11 77 15 11 13 1.0
11 78 1 11 16 1.0
11 79 15 11 13 1.0
12 1 56 12 39 1.0
12 2 49 12 38 1.0
12 5 88 12 43 1.0
12 8 0 12 8 1.0
12 9 0 12 9 1.0
12 10 0 12 10 1.0
12 11 0 12 11 1.0
12 13 12 12 43 1.0
12 14 24 12 70 1.0
12 15 24 12 70 1.0
12 17 19 12 11 1.0
12 18 132 12 70 1.0
12 20 132 12 70 1.0
12 21 136 12 71 1.0
12 22 136 12 71 1.0
12 25 1 12 60 1.0
12 26 3 12 62 1.0
12 27 2 12 61 1.0
12 28 1 12 60 1.0
12 32 8 12 7 1.0
12 34 8 12 7 1.0
12 37 8 12 7 1.0
12 38 0 12 38 1.0
12 39 0 12 39 1.0
12 40 0 12 40 1.0
12 41 0 12 41 1.0
12 45 11 12 70 1.0
12 47 11 12 70 1.0
12 48 11 12 70 1.0
12 49 11 12 70 1.0
12 50 12 12 71 1.0
12 51 6 12 44 1.0
12 52 137 12 11 1.0
12 53 131 12 10 1.0
12 54 133 12 11 1.0
12 55 110 12 7 1.0
12 56 131 12 10 1.0
12 57 114 12 8 1.0
12 58 109 12 7 1.0
12 61 0 12 61 1.0
12 62 0 12 62 1.0
12 63 0 12 63 1.0
12 64 0 12 64 1.0
12 65 0 12 65 1.0
12 66 0 12 66 1.0
12 67 0 12 67 1.0
12 68 0 12 68 1.0
12 69 0 12 69 1.0
12 72 0 12 72 1.0
12 73 1 12 39 1.0
12 77 0 12 38 1.0
12 78 1 12 39 1.0
12 79 1 12 39 1.0
13 1 52 13 38 1.0
13 2 12 13 60 1.0
13 8 0 13 8 1.0
13 9 0 13 9 1.0
13 10 0 13 10 1.0
13 11 0 13 11 1.0
13 12 24 13 70 1.0
13 14 23 13 69 1.0
13 15 24 13 70 1.0
13 19 128 13 70 1.0
13 21 136 13 71 1.0
13 22 136 13 71 1.0
13 23 121 13 69 1.0
13 25 0 13 59 1.0
13 26 0 13 59 1.0
13 27 0 13 59 1.0
13 29 0 13 59 1.0
13 35 12 13 11 1.0
13 40 0 13 40 1.0
13 41 0 13 41 1.0
13 43 0 13 43 1.0
13 46 0 13 38 1.0
13 47 10 13 69 1.0
13 50 0 13 38 1.0
13 51 0 13 38 1.0
13 52 137 13 11 1.0
13 53 137 13 11 1.0
13 54 135 13 11 1.0
13 55 109 13 7 1.0
13 56 137 13 11 1.0
13 57 137 13 11 1.0
13 58 137 13 11 1.0
13 60 0 13 60 1.0
13 61 0 13 61 1.0
13 63 0 13 63 1.0
13 65 0 13 65 1.0
13 66 0 13 66 1.0
13 67 0 13 67 1.0
13 68 0 13 68 1.0
13 72 0 13 72 1.0
13 76 0 13 38 1.0
13 77 0 13 38 1.0
13 78 0 13 38 1.0
14 0 3 14 59 1.0
14 1 5 14 59 1.0
14 2 49 14 38 1.0
14 3 50 14 38 1.0
14 4 56 14 39 1.0
14 5 5 14 59 1.0
14 6 0 14 6 1.0
14 7 0 14 7 1.0
14 8 0 14 8 1.0
14 9 0 14 9 1.0
14 10 0 14 10 1.0
14 11 0 14 11 1.0
14 12 14 14 6 1.0
14 13 12 14 43 1.0
14 15 21 14 67 1.0
14 16 16 14 8 1.0
14 17 19 14 11 1.0
14 18 122 14 69 1.0
14 19 112 14 68 1.0
14 20 138 14 71 1.0
14 21 127 14 70 1.0
14 22 143 14 72 1.0
14 23 113 14 68 1.0
14 24 2 14 61 1.0
14 25 6 14 65 1.0
14 26 6 14 65 1.0
14 27 2 14 61 1.0
14 28 2 14 61 1.0
14 29 4 14 63 1.0
14 30 5 14 64 1.0
14 31 2 14 61 1.0
14 32 5 14 64 1.0
14 33 10 14 9 1.0
14 34 1 14 60 1.0
14 35 5 14 64 1.0
14 36 2 14 61 1.0
14 37 1 14 60 1.0
14 38 0 14 38 1.0
14 39 0 14 39 1.0
14 40 0 14 40 1.0
14 41 0 14 41 1.0
14 42 0 14 42 1.0
14 43 0 14 43 1.0
14 44 0 14 44 1.0
14 45 8 14 67 1.0
14 46 9 14 68 1.0
14 47 7 14 66 1.0
14 48 12 14 71 1.0
14 49 1 14 39 1.0
14 50 7 14 66 1.0
14 51 7 14 66 1.0
14 52 131 14 10 1.0
14 53 111 14 7 1.0
14 54 137 14 11 1.0
14 55 137 14 11 1.0
14 56 137 14 11 1.0
14 57 137 14 11 1.0
14 58 108 14 7 1.0
14 59 0 14 59 1.0
14 60 0 14 60 1.0
14 61 0 14 61 1.0
14 62 0 14 62 1.0
14 63 0 14 63 1.0
14 64 0 14 64 1.0
14 65 0 14 65 1.0
14 66 0 14 66 1.0
14 67 0 14 67 1.0
14 68 0 14 68 1.0
14 69 0 14 69 1.0
14 70 0 14 70 1.0
14 71 0 14 71 1.0
14 72 0 14 72 1.0
14 73 2 14 40 1.0
14 74 2 14 40 1.0
14 75 5 14 43 1.0
14 76 5 14 43 1.0
14 77 1 14 39 1.0
14 78 2 14 40 1.0
14 79 0 14 38 1.0
15 0 50 15 38 1.0
15 1 12 15 60 1.0
15 2 51 15 38 1.0
15 3 50 15 38 1.0
15 4 26 15 62 1.0
15 5 84 15 43 1.0
15 6 0 15 6 1.0
15 7 0 15 7 1.0
15 8 0 15 8 1.0
15 9 0 15 9 1.0
15 10 0 15 10 1.0
15 11 0 15 11 1.0
15 12 14 15 6 1.0
15 13 12 15 43 1.0
15 14 18 15 10 1.0
15 16 16 15 8 1.0
15 17 19 15 11 1.0
15 18 108 15 67 1.0
15 19 135 15 71 1.0
15 20 129 15 70 1.0
15 21 128 15 70 1.0
15 22 102 15 66 1.0
15 23 134 15 71 1.0
15 24 3 15 62 1.0
15 25 6 15 65 1.0
15 26 1 15 60 1.0
15 27 6 15 65 1.0
15 28 6 15 65 1.0
15 29 6 15 65 1.0
15 30 4 15 63 1.0
15 31 12 15 11 1.0
15 32 1 15 60 1.0
15 33 11 15 10 1.0
15 34 9 15 8 1.0
15 35 10 15 9 1.0
15 36 10 15 9 1.0
15 37 9 15 8 1.0
15 38 0 15 38 1.0
15 39 0 15 39 1.0
15 40 0 15 40 1.0
15 41 0 15 41 1.0
15 42 0 15 42 1.0
15 43 0 15 43 1.0
15 44 0 15 44 1.0
15 45 5 15 43 1.0
15 46 1 15 39 1.0
15 47 11 15 70 1.0
15 48 13 15 72 1.0
15 49 1 15 39 1.0
15 50 13 15 72 1.0
15 51 8 15 67 1.0
15 52 105 15 7 1.0
15 53 111 15 7 1.0
15 54 135 15 11 1.0
15 55 135 15 11 1.0
15 56 107 15 7 1.0
15 57 114 15 8 1.0
15 58 111 15 7 1.0
15 59 0 15 59 1.0
15 60 0 15 60 1.0
15 61 0 15 61 1.0
15 62 0 15 62 1.0
15 63 0 15 63 1.0
15 64 0 15 64 1.0
15 65 0 15 65 1.0
15 66 0 15 66 1.0
15 67 0 15 67 1.0
15 68 0 15 68 1.0
15 69 0 15 69 1.0
15 70 0 15 70 1.0
15 71 0 15 71 1.0
15 72 0 15 72 1.0
15 73 2 15 40 1.0
15 74 4 15 42 1.0
15 75 5 15 43 1.0
15 76 2 15 40 1.0
15 77 5 15 43 1.0
15 78 1 15 39 1.0
15 79 1 15 39 1.0
16 0 54 16 38 1.0
16 1 50 16 38 1.0
16 2 49 16 38 1.0
16 3 53 16 38 1.0
16 5 53 16 38 1.0
16 6 0 16 6 1.0
16 8 0 16 8 1.0
16 9 0 16 9 1.0
16 10 0 16 10 1.0
16 11 0 16 11 1.0
16 12 24 16 70 1.0
16 13 12 16 43 1.0
16 14 24 16 70 1.0
16 15 24 16 70 1.0
16 17 25 16 71 1.0
16 20 145 16 72 1.0
16 21 136 16 71 1.0
16 25 1 16 60 1.0
16 26 3 16 62 1.0
16 27 2 16 61 1.0
16 28 1 16 60 1.0
16 29 1 16 60 1.0
16 32 8 16 7 1.0
16 33 12 16 11 1.0
16 34 11 16 10 1.0
16 35 12 16 11 1.0
16 37 8 16 7 1.0
16 39 0 16 39 1.0
16 40 0 16 40 1.0
16 41 0 16 41 1.0
16 42 0 16 42 1.0
16 43 0 16 43 1.0
16 44 0 16 44 1.0
16 45 11 16 70 1.0
16 46 0 16 38 1.0
16 47 11 16 70 1.0
16 49 11 16 70 1.0
16 50 11 16 70 1.0
16 51 7 16 66 1.0
16 52 137 16 11 1.0
16 53 108 16 7 1.0
16 54 110 16 7 1.0
16 55 110 16 7 1.0
16 56 105 16 7 1.0
16 57 105 16 7 1.0
16 58 109 16 7 1.0
16 59 0 16 59 1.0
16 61 0 16 61 1.0
16 62 0 16 62 1.0
16 63 0 16 63 1.0
16 64 0 16 64 1.0
16 65 0 16 65 1.0
16 66 0 16 66 1.0
16 67 0 16 67 1.0
16 68 0 16 68 1.0
16 69 0 16 69 1.0
16 72 0 16 72 1.0
16 74 0 16 38 1.0
16 75 0 16 38 1.0
16 77 4 16 42 1.0
16 78 6 16 44 1.0
16 79 4 16 42 1.0
17 0 9 17 60 1.0
17 1 50 17 38 1.0
17 2 50 17 38 1.0
17 3 53 17 38 1.0
17 9 0 17 9 1.0
17 10 0 17 10 1.0
17 11 0 17 11 1.0
17 13 12 17 43 1.0
17 14 16 17 8 1.0
17 15 16 17 8 1.0
17 16 26 17 72 1.0
17 19 131 17 70 1.0
17 20 131 17 70 1.0
17 21 136 17 71 1.0
17 23 131 17 70 1.0
17 25 1 17 60 1.0
17 26 4 17 63 1.0
17 27 0 17 59 1.0
17 28 0 17 59 1.0
17 29 1 17 60 1.0
17 30 1 17 60 1.0
17 31 12 17 11 1.0
17 32 9 17 8 1.0
17 33 12 17 11 1.0
17 34 9 17 8 1.0
17 36 8 17 7 1.0
17 37 9 17 8 1.0
17 39 0 17 39 1.0
17 40 0 17 40 1.0
17 41 0 17 41 1.0
17 43 0 17 43 1.0
17 44 0 17 44 1.0
17 46 11 17 70 1.0
17 47 13 17 72 1.0
17 48 11 17 70 1.0
17 49 13 17 72 1.0
17 50 4 17 42 1.0
17 51 11 17 70 1.0
17 52 137 17 11 1.0
17 53 133 17 11 1.0
17 54 116 17 8 1.0
17 55 116 17 8 1.0
17 56 107 17 7 1.0
17 57 133 17 11 1.0
17 58 109 17 7 1.0
17 59 0 17 59 1.0
17 61 0 17 61 1.0
17 62 0 17 62 1.0
17 63 0 17 63 1.0
17 64 0 17 64 1.0
17 65 0 17 65 1.0
17 66 0 17 66 1.0
17 67 0 17 67 1.0
17 68 0 17 68 1.0
17 69 0 17 69 1.0
17 70 0 17 70 1.0
17 71 0 17 71 1.0
17 72 0 17 72 1.0
17 73 0 17 38 1.0
17 74 0 17 38 1.0
17 75 0 17 38 1.0
17 77 5 17 43 1.0
17 78 5 17 43 1.0
17 79 5 17 43 1.0
18 1 0 18 1 1.0
18 2 0 18 2 1.0
18 3 0 18 3 1.0
18 4 0 18 4 1.0
18 6 73 18 48 1.0
18 7 73 18 48 1.0
18 8 19 18 52 1.0
18 9 73 18 48 1.0
18 11 19 18 52 1.0
18 14 19 18 74 1.0
18 15 44 18 73 1.0
18 17 0 18 75 1.0
18 20 3 18 76 1.0
18 21 3 18 76 1.0
18 25 1 18 0 1.0
18 26 5 18 56 1.0
18 27 1 18 0 1.0
18 30 1 18 0 1.0
18 33 2 18 52 1.0
18 36 2 18 52 1.0
18 37 2 18 52 1.0
18 40 7 18 45 1.0
18 41 1 18 76 1.0
18 42 10 18 48 1.0
18 43 1 18 76 1.0
18 46 0 18 46 1.0
18 47 0 18 47 1.0
18 49 0 18 49 1.0
18 50 0 18 50 1.0
18 51 0 18 51 1.0
18 52 0 18 52 1.0
18 53 0 18 53 1.0
18 54 0 18 54 1.0
18 55 0 18 55 1.0
18 56 0 18 56 1.0
18 57 0 18 57 1.0
18 58 0 18 58 1.0
18 61 19 18 0 1.0
18 62 131 18 4 1.0
18 63 137 18 5 1.0
18 64 139 18 5 1.0
18 65 135 18 5 1.0
18 66 6 18 51 1.0
18 67 4 18 49 1.0
18 68 6 18 51 1.0
18 69 2 18 47 1.0
18 70 3 18 48 1.0
18 73 0 18 73 1.0
18 74 0 18 74 1.0
18 77 0 18 77 1.0
18 78 0 18 78 1.0
18 79 0 18 79 1.0
19 0 0 19 0 1.0
19 1 0 19 1 1.0
19 2 0 19 2 1.0
19 3 0 19 3 1.0
19 4 0 19 4 1.0
19 5 0 19 5 1.0
19 6 88 19 50 1.0
19 7 70 19 48 1.0
19 8 19 19 52 1.0
19 9 0 19 55 1.0
19 10 45 19 58 1.0
19 12 1 19 75 1.0
19 14 0 19 75 1.0
19 15 8 19 76 1.0
19 16 1 19 75 1.0
19 18 3 19 76 1.0
19 20 2 19 75 0.171875
19 20 9 19 78 0.828125
19 21 2 19 75 1.0
19 23 2 19 75 1.0
19 24 8 19 1 1.0
19 25 8 19 1 1.0
19 26 4 19 54 1.0
19 27 11 19 4 1.0
19 28 1 19 0 1.0
19 29 1 19 0 1.0
19 30 1 19 0 1.0
19 31 1 19 53 1.0
19 32 4 19 56 1.0
19 33 2 19 52 1.0
19 34 2 19 52 1.0
19 35 2 19 52 1.0
19 36 6 19 58 1.0
19 37 2 19 52 1.0
19 38 0 19 75 1.0
19 39 0 19 75 1.0
19 40 1 19 76 1.0
19 41 2 19 74 1.0
19 42 2 19 74 1.0
19 43 0 19 75 1.0
19 44 6 19 73 1.0
19 45 0 19 45 1.0
19 47 0 19 47 1.0
19 48 0 19 48 1.0
19 49 0 19 49 1.0
19 50 0 19 50 1.0
19 51 0 19 51 1.0
19 53 0 19 53 1.0
19 54 0 19 54 1.0
19 55 0 19 55 1.0
19 56 0 19 56 1.0
19 57 0 19 57 1.0
19 58 0 19 58 1.0
19 61 19 19 0 1.0
19 62 19 19 0 1.0
19 63 138 19 5 1.0
19 64 107 19 1 1.0
19 65 20 19 0 1.0
19 67 6 19 51 1.0
19 68 5 19 50 1.0
19 69 2 19 47 1.0
19 70 5 19 50 1.0
19 71 0 19 45 1.0
19 72 6 19 51 1.0
19 73 0 19 73 1.0
19 74 0 19 74 1.0
19 76 0 19 76 1.0
19 77 0 19 77 1.0
19 78 0 19 78 1.0
19 79 0 19 79 1.0
20 0 0 20 0 1.0
20 1 0 20 1 1.0
20 2 0 20 2 1.0
20 3 0 20 3 1.0
20 4 0 20 4 1.0
20 5 0 20 5 1.0
20 6 26 20 54 0.1875
20 6 28 20 56 0.8125
20 7 1 20 55 1.0
20 9 65 20 47 1.0
20 10 38 20 57 1.0
20 11 18 20 52 1.0
20 14 15 20 74 1.0
20 15 19 20 74 1.0
20 17 0 20 75 1.0
20 19 9 20 78 0.5
20 19 10 20 73 0.5
20 21 3 20 76 1.0
20 23 2 20 75 1.0
20 24 9 20 2 1.0
20 25 9 20 2 1.0
20 26 0 20 55 1.0
20 27 8 20 1 1.0
20 29 1 20 0 1.0
20 30 1 20 0 1.0
20 31 1 20 53 1.0
20 32 1 20 53 1.0
20 39 1 20 76 1.0
20 40 1 20 76 1.0
20 41 2 20 74 1.0
20 42 6 20 73 1.0
20 44 2 20 74 1.0
20 45 0 20 45 1.0
20 46 0 20 46 1.0
20 47 0 20 47 1.0
20 50 0 20 50 1.0
20 51 0 20 51 1.0
20 53 0 20 53 1.0
20 54 0 20 54 1.0
20 55 0 20 55 1.0
20 56 0 20 56 1.0
20 57 0 20 57 1.0
20 58 0 20 58 1.0
20 60 19 20 0 1.0
20 61 19 20 0 1.0
20 62 19 20 0 1.0
20 63 138 20 5 1.0
20 64 128 20 4 1.0
20 65 117 20 2 1.0
20 66 4 20 49 1.0
20 67 2 20 47 1.0
20 68 6 20 51 1.0
20 69 6 20 51 1.0
20 70 6 20 51 1.0
20 71 0 20 45 1.0
20 72 6 20 51 1.0
20 73 0 20 73 1.0
20 74 0 20 74 1.0
20 77 0 20 77 1.0
20 78 0 20 78 1.0
20 79 0 20 79 1.0
21 1 0 21 1 1.0
21 2 0 21 2 1.0
21 5 0 21 5 1.0
21 7 73 21 48 1.0
21 8 70 21 48 1.0
21 9 73 21 48 1.0
21 10 73 21 48 1.0
21 11 18 21 52 1.0
21 12 44 21 73 1.0
21 13 40 21 78 1.0
21 14 5 21 75 1.0
21 15 44 21 73 1.0
21 20 3 21 76 1.0
21 22 18 21 4 1.0
21 23 3 21 76 1.0
21 24 3 21 52 1.0
21 25 3 21 52 1.0
21 26 3 21 52 1.0
21 27 10 21 3 1.0
21 32 2 21 52 1.0
21 33 2 21 52 1.0
21 34 2 21 52 1.0
21 35 2 21 52 1.0
21 36 2 21 52 1.0
21 38 1 21 76 1.0
21 39 1 21 76 1.0
21 40 1 21 76 1.0
21 41 6 21 73 1.0
21 43 0 21 75 1.0
21 44 10 21 48 1.0
21 46 0 21 46 1.0
21 47 0 21 47 1.0
21 50 0 21 50 1.0
21 51 0 21 51 1.0
21 53 0 21 53 1.0
21 54 0 21 54 1.0
21 55 0 21 55 1.0
21 56 0 21 56 1.0
21 57 0 21 57 1.0
21 58 0 21 58 1.0
21 59 124 21 3 1.0
21 60 124 21 3 1.0
21 61 124 21 3 1.0
21 62 19 21 0 1.0
21 63 121 21 3 1.0
21 64 16 21 0 1.0
21 65 121 21 3 1.0
21 66 6 21 51 1.0
21 67 6 21 51 1.0
21 68 6 21 51 1.0
21 69 2 21 47 1.0
21 70 3 21 48 1.0
21 71 1 21 46 1.0
21 72 3 21 48 1.0
21 73 0 21 73 1.0
21 74 0 21 74 1.0
21 75 0 21 75 1.0
21 76 0 21 76 1.0
21 77 0 21 77 1.0
21 78 0 21 78 1.0
21 79 0 21 79 1.0
22 1 0 22 1 1.0
22 2 0 22 2 1.0
22 5 0 22 5 1.0
22 7 73 22 48 1.0
22 8 19 22 52 1.0
22 9 73 22 48 1.0
22 10 73 22 48 1.0
22 11 18 22 52 1.0
22 12 1 22 75 1.0
22 13 40 22 78 1.0
22 14 14 22 74 1.0
22 15 15 22 74 1.0
22 16 1 22 75 1.0
22 19 10 22 73 1.0
22 20 3 22 76 1.0
22 21 5 22 74 1.0
22 25 3 22 52 1.0
22 26 3 22 52 1.0
22 27 10 22 3 1.0
22 29 10 22 3 1.0
22 30 10 22 3 1.0
22 33 2 22 52 1.0
22 34 2 22 52 1.0
22 38 6 22 73 1.0
22 40 1 22 76 1.0
22 41 10 22 48 1.0
22 45 0 22 45 1.0
22 46 0 22 46 1.0
22 47 0 22 47 1.0
22 50 0 22 50 1.0
22 51 0 22 51 1.0
22 53 0 22 53 1.0
22 54 0 22 54 1.0
22 55 0 22 55 1.0
22 56 0 22 56 1.0
22 57 0 22 57 1.0
22 58 0 22 58 1.0
22 60 19 22 0 1.0
22 61 124 22 3 1.0
22 62 19 22 0 1.0
22 63 121 22 3 1.0
22 64 128 22 4 1.0
22 65 121 22 3 1.0
22 66 3 22 48 1.0
22 67 0 22 45 1.0
22 68 6 22 51 1.0
22 69 2 22 47 1.0
22 74 0 22 74 1.0
22 75 0 22 75 1.0
22 76 0 22 76 1.0
22 77 0 22 77 1.0
22 78 0 22 78 1.0
22 79 0 22 79 1.0
23 0 0 23 0 1.0
23 1 0 23 1 1.0
23 2 0 23 2 1.0
23 3 0 23 3 1.0
23 4 0 23 4 1.0
23 5 0 23 5 1.0
23 6 96 23 51 1.0
23 7 86 23 50 1.0
23 8 76 23 48 1.0
23 9 92 23 51 1.0
23 10 40 23 57 1.0
23 11 18 23 52 1.0
23 12 1 23 75 1.0
23 13 33 23 77 1.0
23 14 14 23 74 1.0
23 15 19 23 74 1.0
23 16 1 23 75 1.0
23 19 8 23 77 1.0
23 20 8 23 77 1.0
23 21 2 23 75 1.0
23 22 2 23 75 1.0
23 24 6 23 57 0.625
23 24 12 23 5 0.375
23 25 10 23 3 1.0
23 26 1 23 0 1.0
23 27 11 23 4 1.0
23 29 1 23 0 1.0
23 30 11 23 4 1.0
23 31 1 23 53 1.0
23 32 1 23 53 1.0
23 33 2 23 52 1.0
23 37 2 23 52 1.0
23 39 0 23 75 1.0
23 40 11 23 49 1.0
23 41 2 23 74 1.0
23 42 2 23 74 1.0
23 43 0 23 75 1.0
23 44 6 23 73 1.0
23 45 0 23 45 1.0
23 46 0 23 46 1.0
23 47 0 23 47 1.0
23 48 0 23 48 1.0
23 49 0 23 49 1.0
23 50 0 23 50 1.0
23 51 0 23 51 1.0
23 53 0 23 53 1.0
23 54 0 23 54 1.0
23 55 0 23 55 1.0
23 56 0 23 56 1.0
23 57 0 23 57 1.0
23 58 0 23 58 1.0
23 60 19 23 0 1.0
23 62 19 23 0 1.0
23 63 111 23 1 1.0
23 64 128 23 4 1.0
23 65 138 23 5 1.0
23 66 6 23 51 1.0
23 67 5 23 50 1.0
23 68 1 23 46 1.0
23 69 2 23 47 1.0
23 70 0 23 45 1.0
23 71 0 23 45 1.0
23 72 5 23 50 1.0
23 73 0 23 73 1.0
23 74 0 23 74 1.0
23 76 0 23 76 1.0
23 77 0 23 77 1.0
23 78 0 23 78 1.0
23 79 0 23 79 1.0
24 0 0 24 0 1.0
24 1 0 24 1 1.0
24 2 0 24 2 1.0
24 3 0 24 3 1.0
24 4 0 24 4 1.0
24 5 0 24 5 1.0
24 6 6 24 65 1.0
24 7 6 24 65 1.0
24 9 8 24 32 1.0
24 10 4 24 63 1.0
24 14 5 24 64 1.0
24 15 2 24 61 1.0
24 17 0 24 59 1.0
24 19 9 24 2 1.0
24 20 10 24 3 1.0
24 22 3 24 52 1.0
24 23 4 24 54 0.3125
24 23 8 24 1 0.34375
24 23 11 24 4 0.34375
24 25 21 24 32 0.4375
24 25 24 24 35 0.5625
24 26 24 24 35 1.0
24 27 26 24 37 1.0
24 28 24 24 35 1.0
24 29 23 24 34 1.0
24 30 25 24 36 1.0
24 31 0 24 31 1.0
24 32 0 24 32 1.0
24 40 50 24 60 1.0
24 41 19 24 2 1.0
24 42 17 24 2 1.0
24 43 44 24 59 1.0
24 44 18 24 2 1.0
24 45 65 24 1 1.0
24 47 26 24 52 1.0
24 49 28 24 52 1.0
24 50 29 24 52 1.0
24 51 25 24 52 1.0
24 52 0 24 52 1.0
24 53 0 24 53 1.0
24 54 0 24 54 1.0
24 55 0 24 55 1.0
24 56 0 24 56 1.0
24 57 0 24 57 1.0
24 58 0 24 58 1.0
24 61 0 24 61 1.0
24 63 0 24 63 1.0
24 64 0 24 64 1.0
24 65 0 24 65 1.0
24 67 118 24 36 1.0
24 68 101 24 33 1.0
24 69 119 24 36 1.0
24 70 107 24 34 1.0
24 71 64 24 64 0.90625
24 71 101 24 33 0.09375
24 72 118 24 36 1.0
24 73 1 24 1 1.0
24 74 2 24 2 0.53125
24 74 4 24 4 0.46875
24 77 0 24 0 1.0
24 78 0 24 0 1.0
24 79 3 24 3 1.0
25 0 0 25 0 1.0
25 1 0 25 1 1.0
25 2 0 25 2 1.0
25 3 0 25 3 1.0
25 4 0 25 4 1.0
25 5 0 25 5 1.0
25 6 6 25 65 1.0
25 7 6 25 65 1.0
25 8 2 25 61 1.0
25 9 1 25 60 0.890625
25 9 8 25 32 0.109375
25 10 4 25 63 1.0
25 11 1 25 60 1.0
25 12 1 25 60 1.0
25 14 6 25 65 1.0
25 15 6 25 65 1.0
25 16 1 25 60 1.0
25 17 1 25 60 1.0
25 18 10 25 3 1.0
25 19 0 25 55 1.0
25 20 10 25 3 1.0
25 21 1 25 0 1.0
25 22 3 25 52 1.0
25 23 12 25 5 1.0
25 24 14 25 60 0.28125
25 24 21 25 32 0.71875
25 26 0 25 55 1.0
25 27 0 25 55 1.0
25 28 24 25 35 1.0
25 29 26 25 37 1.0
25 30 3 25 52 1.0
25 31 0 25 31 1.0
25 32 0 25 32 1.0
25 33 0 25 33 1.0
25 34 0 25 34 1.0
25 35 0 25 35 1.0
25 36 0 25 36 1.0
25 37 0 25 37 1.0
25 38 44 25 59 1.0
25 39 80 25 65 1.0
25 40 1 25 0 1.0
25 41 17 25 2 1.0
25 42 5 25 0 1.0
25 43 43 25 59 1.0
25 44 3 25 0 1.0
25 45 92 25 3 1.0
25 46 32 25 54 1.0
25 47 30 25 52 1.0
25 48 28 25 52 1.0
25 49 28 25 52 1.0
25 50 26 25 52 1.0
25 51 30 25 52 1.0
25 52 0 25 52 1.0
25 53 0 25 53 1.0
25 54 0 25 54 1.0
25 55 0 25 55 1.0
25 56 0 25 56 1.0
25 57 0 25 57 1.0
25 58 0 25 58 1.0
25 59 0 25 59 1.0
25 60 0 25 60 1.0
25 61 0 25 61 1.0
25 62 0 25 62 1.0
25 63 0 25 63 1.0
25 64 0 25 64 1.0
25 65 0 25 65 1.0
25 66 89 25 31 1.0
25 67 108 25 35 1.0
25 68 101 25 33 1.0
25 69 109 25 35 1.0
25 70 107 25 34 1.0
25 71 34 25 61 1.0
25 72 106 25 34 1.0
25 73 4 25 4 1.0
25 74 4 25 4 1.0
25 75 4 25 4 1.0
25 76 3 25 3 1.0
25 77 5 25 5 1.0
25 78 5 25 5 1.0
25 79 5 25 5 1.0
26 0 0 26 0 1.0
26 1 0 26 1 1.0
26 2 0 26 2 1.0
26 3 0 26 3 1.0
26 4 0 26 4 1.0
26 5 0 26 5 1.0
26 6 10 26 34 1.0
26 7 11 26 35 1.0
26 8 6 26 65 1.0
26 9 9 26 33 1.0
26 10 11 26 35 1.0
26 11 11 26 35 1.0
26 12 4 26 63 1.0
26 13 1 26 60 1.0
26 14 6 26 65 1.0
26 15 1 26 60 1.0
26 16 5 26 64 1.0
26 17 5 26 64 1.0
26 18 5 26 56 1.0
26 19 12 26 5 1.0
26 20 7 26 58 1.0
26 21 0 26 55 1.0
26 22 4 26 54 1.0
26 23 12 26 5 1.0
26 24 22 26 33 1.0
26 25 6 26 57 1.0
26 27 6 26 57 1.0
26 28 24 26 35 1.0
26 29 0 26 55 1.0
26 30 23 26 34 1.0
26 31 0 26 31 1.0
26 32 0 26 32 1.0
26 33 0 26 33 1.0
26 34 0 26 34 1.0
26 35 0 26 35 1.0
26 36 0 26 36 1.0
26 37 0 26 37 1.0
26 38 71 26 63 1.0
26 39 15 26 2 1.0
26 40 28 26 4 1.0
26 41 50 26 60 1.0
26 42 71 26 63 1.0
26 43 37 26 5 1.0
26 44 79 26 65 1.0
26 45 27 26 52 1.0
26 46 47 26 57 1.0
26 47 33 26 54 1.0
26 48 37 26 56 1.0
26 49 51 26 58 1.0
26 50 32 26 54 1.0
26 51 30 26 52 1.0
26 52 0 26 52 1.0
26 53 0 26 53 1.0
26 54 0 26 54 1.0
26 55 0 26 55 1.0
26 56 0 26 56 1.0
26 57 0 26 57 1.0
26 58 0 26 58 1.0
26 59 0 26 59 1.0
26 60 0 26 60 1.0
26 61 0 26 61 1.0
26 62 0 26 62 1.0
26 63 0 26 63 1.0
26 64 0 26 64 1.0
26 65 0 26 65 1.0
26 66 89 26 31 1.0
26 67 89 26 31 1.0
26 68 89 26 31 1.0
26 69 109 26 35 1.0
26 70 113 26 35 1.0
26 71 98 26 33 1.0
26 72 110 26 35 1.0
26 73 3 26 3 1.0
26 74 3 26 3 1.0
26 75 1 26 1 1.0
26 76 2 26 2 1.0
26 77 1 26 1 1.0
26 78 1 26 1 1.0
26 79 2 26 2 1.0
27 0 0 27 0 1.0
27 1 0 27 1 1.0
27 2 0 27 2 1.0
27 3 0 27 3 1.0
27 4 0 27 4 1.0
27 5 0 27 5 1.0
27 6 0 27 59 1.0
27 7 0 27 59 1.0
27 8 11 27 35 1.0
27 9 0 27 59 1.0
27 10 3 27 62 1.0
27 11 1 27 60 1.0
27 12 6 27 65 1.0
27 13 1 27 60 1.0
27 14 1 27 60 1.0
27 15 2 27 61 1.0
27 16 3 27 62 1.0
27 17 0 27 59 1.0
27 18 10 27 3 1.0
27 19 1 27 0 1.0
27 20 1 27 0 1.0
27 21 10 27 3 1.0
27 22 10 27 3 1.0
27 23 3 27 52 1.0
27 24 22 27 33 1.0
27 25 24 27 35 1.0
27 26 6 27 57 1.0
27 28 24 27 35 1.0
27 29 26 27 37 1.0
27 30 23 27 34 1.0
27 31 0 27 31 1.0
27 32 0 27 32 1.0
27 33 0 27 33 1.0
27 34 0 27 34 1.0
27 35 0 27 35 1.0
27 36 0 27 36 1.0
27 37 0 27 37 1.0
27 38 78 27 65 1.0
27 39 68 27 63 1.0
27 40 44 27 59 1.0
27 41 74 27 64 1.0
27 42 47 27 59 1.0
27 43 55 27 61 1.0
27 44 61 27 62 1.0
27 45 49 27 58 1.0
27 46 44 27 57 1.0
27 47 28 27 52 1.0
27 48 31 27 54 1.0
27 49 35 27 54 1.0
27 50 28 27 52 1.0
27 51 54 27 58 1.0
27 52 0 27 52 1.0
27 53 0 27 53 1.0
27 54 0 27 54 1.0
27 55 0 27 55 1.0
27 56 0 27 56 1.0
27 57 0 27 57 1.0
27 58 0 27 58 1.0
27 59 0 27 59 1.0
27 60 0 27 60 1.0
27 61 0 27 61 1.0
27 62 0 27 62 1.0
27 63 0 27 63 1.0
27 64 0 27 64 1.0
27 65 0 27 65 1.0
27 66 113 27 35 1.0
27 67 124 27 37 1.0
27 68 95 27 32 1.0
27 69 121 27 37 1.0
27 70 98 27 33 1.0
27 71 86 27 31 1.0
27 72 125 27 37 1.0
27 73 5 27 5 1.0
27 74 4 27 4 1.0
27 75 0 27 0 1.0
27 76 0 27 0 1.0
27 77 5 27 5 1.0
27 78 5 27 5 1.0
27 79 1 27 1 1.0
28 1 0 28 1 1.0
28 2 0 28 2 1.0
28 3 0 28 3 1.0
28 9 0 28 59 1.0
28 10 0 28 59 1.0
28 11 0 28 59 1.0
28 12 1 28 60 1.0
28 13 0 28 59 1.0
28 14 6 28 65 1.0
28 15 6 28 65 1.0
28 17 0 28 59 1.0
28 20 1 28 0 1.0
28 21 1 28 0 1.0
28 23 1 28 0 1.0
28 24 22 28 33 1.0
28 25 22 28 33 1.0
28 26 20 28 31 1.0
28 27 20 28 31 1.0
28 32 0 28 32 1.0
28 34 0 28 34 1.0
28 35 0 28 35 1.0
28 36 0 28 36 1.0
28 37 0 28 37 1.0
28 38 44 28 59 1.0
28 40 32 28 4 1.0
28 41 46 28 59 1.0
28 42 44 28 59 1.0
28 43 44 28 59 1.0
28 45 25 28 52 1.0
28 46 20 28 53 1.0
28 47 29 28 52 1.0
28 49 28 28 52 1.0
28 50 25 28 52 1.0
28 51 51 28 58 1.0
28 52 0 28 52 1.0
28 53 0 28 53 1.0
28 54 0 28 54 1.0
28 55 0 28 55 1.0
28 56 0 28 56 1.0
28 57 0 28 57 1.0
28 58 0 28 58 1.0
28 60 0 28 60 1.0
28 61 0 28 61 1.0
28 62 0 28 62 1.0
28 63 0 28 63 1.0
28 64 0 28 64 1.0
28 65 0 28 65 1.0
28 66 86 28 31 1.0
28 67 88 28 31 1.0
28 68 100 28 33 1.0
28 69 89 28 31 1.0
28 71 86 28 31 1.0
28 75 0 28 0 1.0
28 76 1 28 1 1.0
28 77 2 28 2 1.0
28 78 1 28 1 1.0
28 79 2 28 2 1.0
29 0 0 29 0 1.0
29 1 0 29 1 1.0
29 2 0 29 2 1.0
29 3 0 29 3 1.0
29 4 0 29 4 1.0
29 5 0 29 5 1.0
29 6 3 29 62 1.0
29 7 4 29 63 1.0
29 8 0 29 59 1.0
29 9 3 29 62 1.0
29 10 3 29 62 1.0
29 11 0 29 59 1.0
29 12 0 29 59 1.0
29 13 0 29 59 1.0
29 14 6 29 65 1.0
29 15 6 29 65 1.0
29 16 0 29 59 1.0
29 18 1 29 0 1.0
29 19 9 29 2 1.0
29 20 6 29 57 1.0
29 21 1 29 0 1.0
29 23 12 29 5 1.0
29 24 25 29 36 1.0
29 25 24 29 35 1.0
29 26 24 29 35 1.0
29 27 24 29 35 1.0
29 28 24 29 35 1.0
29 30 5 29 56 1.0
29 31 0 29 31 1.0
29 32 0 29 32 1.0
29 33 0 29 33 1.0
29 34 0 29 34 1.0
29 37 0 29 37 1.0
29 38 80 29 65 1.0
29 39 42 29 59 1.0
29 40 49 29 60 1.0
29 41 15 29 2 1.0
29 42 56 29 61 1.0
29 43 44 29 59 1.0
29 44 22 29 3 1.0
29 45 29 29 52 1.0
29 46 50 29 58 1.0
29 47 29 29 52 1.0
29 49 28 29 52 1.0
29 50 25 29 52 1.0
29 51 53 29 58 1.0
29 52 0 29 52 1.0
29 53 0 29 53 1.0
29 54 0 29 54 1.0
29 55 0 29 55 1.0
29 56 0 29 56 1.0
29 57 0 29 57 1.0
29 58 0 29 58 1.0
29 60 0 29 60 1.0
29 62 0 29 62 1.0
29 63 0 29 63 1.0
29 64 0 29 64 1.0
29 65 0 29 65 1.0
29 66 113 29 35 1.0
29 67 97 29 33 1.0
29 68 106 29 34 1.0
29 69 107 29 34 1.0
29 70 86 29 31 1.0
29 71 87 29 31 1.0
29 72 113 29 35 1.0
29 73 0 29 0 1.0
29 74 0 29 0 1.0
29 75 4 29 4 1.0
29 77 0 29 0 1.0
29 78 0 29 0 1.0
29 79 4 29 4 1.0
30 0 0 30 0 1.0
30 1 0 30 1 1.0
30 2 0 30 2 1.0
30 3 0 30 3 1.0
30 4 0 30 4 1.0
30 5 0 30 5 1.0
30 6 8 30 32 1.0
30 7 8 30 32 1.0
30 8 1 30 60 1.0
30 9 7 30 31 1.0
30 10 8 30 32 1.0
30 14 4 30 63 1.0
30 15 6 30 65 1.0
30 19 1 30 0 1.0
30 20 11 30 4 1.0
30 21 1 30 0 1.0
30 23 5 30 56 1.0
30 24 23 30 34 1.0
30 25 24 30 35 1.0
30 26 0 30 55 1.0
30 27 26 30 37 1.0
30 28 24 30 35 1.0
30 29 3 30 52 1.0
30 31 0 30 31 1.0
30 32 0 30 32 1.0
30 40 48 30 60 1.0
30 41 5 30 0 1.0
30 42 10 30 1 1.0
30 44 40 30 5 1.0
30 45 22 30 53 0.859375
30 45 107 30 5 0.140625
30 47 0 30 55 1.0
30 50 29 30 52 1.0
30 51 0 30 55 1.0
30 52 0 30 52 1.0
30 53 0 30 53 1.0
30 54 0 30 54 1.0
30 57 0 30 57 1.0
30 58 0 30 58 1.0
30 59 0 30 59 1.0
30 63 0 30 63 1.0
30 64 0 30 64 1.0
30 65 0 30 65 1.0
30 66 125 30 37 1.0
30 67 115 30 36 1.0
30 68 107 30 34 1.0
30 69 89 30 31 1.0
30 70 117 30 36 1.0
30 71 64 30 64 1.0
30 72 100 30 33 1.0
30 73 3 30 3 1.0
30 74 5 30 5 1.0
30 76 3 30 3 1.0
30 77 0 30 0 1.0
30 78 4 30 4 1.0
30 79 5 30 5 1.0
31 0 5 31 29 1.0
31 1 12 31 57 1.0
31 2 6 31 53 1.0
31 3 2 31 55 1.0
31 4 6 31 53 0.6875
31 4 8 31 28 0.3125
31 5 5 31 29 1.0
31 6 0 31 6 1.0
31 7 0 31 7 1.0
31 8 0 31 8 1.0
31 9 0 31 9 1.0
31 10 0 31 10 1.0
31 14 2 31 61 1.0
31 15 2 31 61 1.0
31 16 9 31 8 1.0
31 18 2 31 52 1.0
31 19 1 31 53 1.0
31 20 1 31 53 1.0
31 21 2 31 52 1.0
31 22 2 31 52 1.0
31 23 1 31 53 1.0
31 24 0 31 24 1.0
31 25 0 31 25 1.0
31 26 0 31 26 1.0
31 27 0 31 27 1.0
31 28 0 31 28 1.0
31 29 0 31 29 1.0
31 30 0 31 30 1.0
31 32 9 31 26 0.859375
31 32 17 31 62 0.140625
31 33 8 31 28 1.0
31 35 16 31 61 1.0
31 36 14 31 59 1.0
31 40 1 31 59 1.0
31 41 74 31 8 1.0
31 42 100 31 10 1.0
31 44 78 31 8 1.0
31 45 37 31 58 1.0
31 47 80 31 11 1.0
31 50 80 31 11 1.0
31 51 56 31 8 1.0
31 53 0 31 53 1.0
31 54 0 31 54 1.0
31 55 0 31 55 1.0
31 56 0 31 56 1.0
31 57 0 31 57 1.0
31 58 0 31 58 1.0
31 60 0 31 60 1.0
31 63 0 31 63 1.0
31 64 0 31 64 1.0
31 65 0 31 65 1.0
31 66 5 31 11 1.0
31 67 0 31 6 1.0
31 68 3 31 9 1.0
31 69 0 31 6 1.0
31 70 3 31 9 1.0
31 71 0 31 6 1.0
31 72 4 31 10 1.0
31 73 86 31 54 1.0
31 74 85 31 54 1.0
31 77 38 31 29 1.0
31 78 7 31 25 1.0
31 79 68 31 28 0.140625
31 79 73 31 26 0.859375
32 0 6 32 53 1.0
32 1 7 32 52 1.0
32 2 6 32 53 1.0
32 3 6 32 53 1.0
32 4 6 32 53 1.0
32 5 11 32 56 1.0
32 6 0 32 6 1.0
32 7 0 32 7 1.0
32 8 0 32 8 1.0
32 9 0 32 9 1.0
32 10 0 32 10 1.0
32 11 0 32 11 1.0
32 12 11 32 10 1.0
32 13 9 32 8 1.0
32 14 9 32 8 1.0
32 15 0 32 59 1.0
32 16 9 32 8 1.0
32 17 12 32 11 1.0
32 18 2 32 52 1.0
32 19 1 32 53 1.0
32 20 1 32 53 1.0
32 21 2 32 52 1.0
32 22 2 32 52 1.0
32 23 1 32 53 1.0
32 24 0 32 24 1.0
32 25 0 32 25 1.0
32 26 0 32 26 1.0
32 27 0 32 27 1.0
32 28 0 32 28 1.0
32 29 0 32 29 1.0
32 30 0 32 30 1.0
32 31 5 32 29 0.1875
32 31 15 32 60 0.203125
32 31 20 32 65 0.609375
32 33 8 32 28 1.0
32 34 4 32 30 1.0
32 35 5 32 29 1.0
32 36 5 32 29 1.0
32 37 4 32 30 1.0
32 38 2 32 59 1.0
32 39 2 32 59 1.0
32 40 12 32 61 1.0
32 41 10 32 60 1.0
32 42 83 32 9 1.0
32 43 8 32 60 1.0
32 44 69 32 8 1.0
32 45 82 32 11 1.0
32 46 62 32 8 1.0
32 47 83 32 11 1.0
32 48 12 32 52 1.0
32 49 81 32 11 1.0
32 50 42 32 6 1.0
32 51 42 32 6 1.0
32 52 0 32 52 1.0
32 53 0 32 53 1.0
32 54 0 32 54 1.0
32 55 0 32 55 1.0
32 56 0 32 56 1.0
32 57 0 32 57 1.0
32 58 0 32 58 1.0
32 59 0 32 59 1.0
32 60 0 32 60 1.0
32 61 0 32 61 1.0
32 62 0 32 62 1.0
32 63 0 32 63 1.0
32 64 0 32 64 1.0
32 65 0 32 65 1.0
32 66 2 32 8 1.0
32 67 3 32 9 1.0
32 68 3 32 9 1.0
32 69 4 32 10 1.0
32 70 3 32 9 1.0
32 71 3 32 9 1.0
32 72 4 32 10 1.0
32 73 83 32 54 1.0
32 74 43 32 53 1.0
32 75 40 32 29 1.0
32 76 40 32 29 1.0
32 77 74 32 26 1.0
32 78 76 32 26 1.0
32 79 36 32 29 1.0
33 1 6 33 53 1.0
33 2 7 33 52 1.0
33 4 7 33 52 1.0
33 7 0 33 7 1.0
33 8 0 33 8 1.0
33 9 0 33 9 1.0
33 10 0 33 10 1.0
33 11 0 33 11 1.0
33 12 11 33 10 1.0
33 14 12 33 11 1.0
33 15 12 33 11 1.0
33 16 12 33 11 1.0
33 17 12 33 11 1.0
33 18 2 33 52 1.0
33 19 2 33 52 1.0
33 20 2 33 52 1.0
33 21 0 33 55 1.0
33 22 0 33 55 1.0
33 23 2 33 52 1.0
33 25 0 33 25 1.0
33 26 0 33 26 1.0
33 27 0 33 27 1.0
33 28 0 33 28 1.0
33 29 0 33 29 1.0
33 32 14 33 59 1.0
33 34 4 33 30 1.0
33 35 4 33 30 1.0
33 36 4 33 30 1.0
33 37 4 33 30 1.0
33 38 24 33 63 1.0
33 39 2 33 59 1.0
33 40 33 33 64 1.0
33 41 12 33 61 1.0
33 42 2 33 59 1.0
33 43 1 33 59 1.0
33 45 62 33 8 1.0
33 46 62 33 8 1.0
33 47 81 33 11 1.0
33 48 12 33 52 1.0
33 49 15 33 52 1.0
33 50 61 33 8 1.0
33 51 83 33 11 1.0
33 52 0 33 52 1.0
33 53 0 33 53 1.0
33 54 0 33 54 1.0
33 55 0 33 55 1.0
33 56 0 33 56 1.0
33 57 0 33 57 1.0
33 58 0 33 58 1.0
33 59 0 33 59 1.0
33 60 0 33 60 1.0
33 61 0 33 61 1.0
33 62 0 33 62 1.0
33 63 0 33 63 1.0
33 64 0 33 64 1.0
33 65 0 33 65 1.0
33 66 3 33 9 1.0
33 67 2 33 8 1.0
33 68 2 33 8 1.0
33 69 5 33 11 1.0
33 70 5 33 11 1.0
33 72 5 33 11 1.0
33 73 66 33 28 1.0
33 74 66 33 28 1.0
33 75 27 33 27 1.0
33 76 26 33 27 1.0
33 77 40 33 29 1.0
33 78 67 33 28 1.0
33 79 34 33 30 1.0
34 1 4 34 30 1.0
34 2 7 34 52 1.0
34 7 0 34 7 1.0
34 8 0 34 8 1.0
34 9 0 34 9 1.0
34 10 0 34 10 1.0
34 11 0 34 11 1.0
34 12 12 34 11 1.0
34 14 5 34 64 1.0
34 15 1 34 60 1.0
34 16 9 34 8 1.0
34 17 12 34 11 1.0
34 18 2 34 52 1.0
34 19 2 34 52 1.0
34 20 2 34 52 1.0
34 21 3 34 54 1.0
34 22 2 34 52 1.0
34 23 2 34 52 1.0
34 24 0 34 24 1.0
34 25 0 34 25 1.0
34 26 0 34 26 1.0
34 27 0 34 27 1.0
34 28 0 34 28 1.0
34 29 0 34 29 1.0
34 32 4 34 30 1.0
34 33 4 34 30 1.0
34 35 4 34 30 1.0
34 36 4 34 30 1.0
34 37 4 34 30 1.0
34 38 38 34 65 1.0
34 39 38 34 65 1.0
34 40 23 34 62 1.0
34 41 20 34 62 1.0
34 42 2 34 59 1.0
34 43 19 34 62 1.0
34 44 2 34 59 1.0
34 45 12 34 52 1.0
34 46 19 34 54 1.0
34 47 62 34 8 1.0
34 48 0 34 55 1.0
34 49 15 34 52 1.0
34 50 61 34 8 1.0
34 51 47 34 6 1.0
34 52 0 34 52 1.0
34 53 0 34 53 1.0
34 54 0 34 54 1.0
34 55 0 34 55 1.0
34 56 0 34 56 1.0
34 57 0 34 57 1.0
34 58 0 34 58 1.0
34 59 0 34 59 1.0
34 60 0 34 60 1.0
34 61 0 34 61 1.0
34 62 0 34 62 1.0
34 63 0 34 63 1.0
34 64 0 34 64 1.0
34 65 0 34 65 1.0
34 66 0 34 6 1.0
34 67 2 34 8 1.0
34 68 2 34 8 1.0
34 69 2 34 8 1.0
34 70 5 34 11 1.0
34 72 2 34 8 1.0
34 73 66 34 28 1.0
34 74 66 34 28 1.0
34 75 75 34 26 1.0
34 76 76 34 26 1.0
34 77 30 34 30 1.0
34 78 67 34 28 1.0
34 79 67 34 28 1.0
35 0 8 35 28 1.0
35 1 11 35 56 1.0
35 2 8 35 28 1.0
35 3 7 35 52 1.0
35 4 7 35 52 1.0
35 9 0 35 9 1.0
35 10 0 35 10 1.0
35 11 0 35 11 1.0
35 14 12 35 11 1.0
35 15 12 35 11 1.0
35 17 12 35 11 1.0
35 18 0 35 55 1.0
35 19 2 35 52 1.0
35 21 2 35 52 1.0
35 22 2 35 52 1.0
35 24 0 35 24 1.0
35 25 0 35 25 1.0
35 26 0 35 26 1.0
35 27 0 35 27 1.0
35 29 0 35 29 1.0
35 30 0 35 30 1.0
35 32 8 35 28 1.0
35 33 8 35 28 1.0
35 34 4 35 30 1.0
35 36 5 35 29 1.0
35 37 8 35 28 1.0
35 39 2 35 59 1.0
35 40 7 35 60 1.0
35 41 17 35 61 1.0
35 42 38 35 65 1.0
35 43 2 35 59 1.0
35 45 59 35 8 1.0
35 46 56 35 8 1.0
35 47 57 35 8 1.0
35 49 56 35 8 1.0
35 50 56 35 8 1.0
35 51 52 35 7 1.0
35 52 0 35 52 1.0
35 53 0 35 53 1.0
35 54 0 35 54 1.0
35 55 0 35 55 1.0
35 56 0 35 56 1.0
35 57 0 35 57 1.0
35 58 0 35 58 1.0
35 60 0 35 60 1.0
35 62 0 35 62 1.0
35 63 0 35 63 1.0
35 64 0 35 64 1.0
35 65 0 35 65 1.0
35 66 1 35 7 1.0
35 67 4 35 10 1.0
35 68 4 35 10 1.0
35 69 5 35 11 1.0
35 70 5 35 11 1.0
35 72 1 35 7 1.0
35 73 67 35 28 1.0
35 74 69 35 28 1.0
35 75 67 35 28 1.0
35 77 3 35 24 1.0
35 78 32 35 30 1.0
35 79 1 35 24 1.0
36 0 8 36 28 1.0
36 1 4 36 30 1.0
36 2 4 36 30 1.0
36 5 2 36 55 1.0
36 7 0 36 7 1.0
36 8 0 36 8 1.0
36 9 0 36 9 1.0
36 10 0 36 10 1.0
36 11 0 36 11 1.0
36 12 1 36 60 1.0
36 14 11 36 10 1.0
36 15 11 36 10 1.0
36 16 12 36 11 1.0
36 17 12 36 11 1.0
36 18 2 36 52 1.0
36 19 2 36 52 1.0
36 20 2 36 52 1.0
36 21 0 36 55 1.0
36 22 2 36 52 1.0
36 23 2 36 52 1.0
36 25 0 36 25 1.0
36 26 0 36 26 1.0
36 27 0 36 27 1.0
36 28 0 36 28 1.0
36 29 0 36 29 1.0
36 31 8 36 28 1.0
36 32 4 36 30 1.0
36 33 4 36 30 1.0
36 34 4 36 30 1.0
36 35 4 36 30 1.0
36 37 4 36 30 1.0
36 38 38 36 65 1.0
36 39 2 36 59 1.0
36 40 23 36 62 1.0
36 41 12 36 61 1.0
36 42 2 36 59 1.0
36 43 1 36 59 1.0
36 44 2 36 59 1.0
36 45 81 36 11 1.0
36 46 19 36 54 1.0
36 47 62 36 8 1.0
36 48 36 36 58 1.0
36 49 40 36 58 1.0
36 50 45 36 6 1.0
36 51 42 36 6 1.0
36 52 0 36 52 1.0
36 53 0 36 53 1.0
36 54 0 36 54 1.0
36 55 0 36 55 1.0
36 56 0 36 56 1.0
36 57 0 36 57 1.0
36 58 0 36 58 1.0
36 59 0 36 59 1.0
36 60 0 36 60 1.0
36 61 0 36 61 1.0
36 62 0 36 62 1.0
36 63 0 36 63 1.0
36 64 0 36 64 1.0
36 65 0 36 65 1.0
36 66 1 36 7 1.0
36 67 2 36 8 1.0
36 68 2 36 8 1.0
36 69 2 36 8 1.0
36 70 5 36 11 1.0
36 72 0 36 6 1.0
36 73 66 36 28 1.0
36 74 70 36 28 1.0
36 75 76 36 26 1.0
36 76 76 36 26 1.0
36 77 67 36 28 1.0
36 78 30 36 30 1.0
36 79 33 36 30 1.0
37 1 11 37 56 1.0
37 2 7 37 52 1.0
37 8 0 37 8 1.0
37 9 0 37 9 1.0
37 11 0 37 11 1.0
37 12 11 37 10 1.0
37 13 9 37 8 1.0
37 14 12 37 11 1.0
37 15 12 37 11 1.0
37 16 9 37 8 1.0
37 17 12 37 11 1.0
37 18 2 37 52 1.0
37 19 0 37 55 1.0
37 20 6 37 58 1.0
37 21 2 37 52 1.0
37 22 2 37 52 1.0
37 23 2 37 52 1.0
37 24 0 37 24 1.0
37 25 0 37 25 1.0
37 26 0 37 26 1.0
37 27 0 37 27 1.0
37 28 0 37 28 1.0
37 29 0 37 29 1.0
37 32 4 37 30 1.0
37 33 4 37 30 1.0
37 34 4 37 30 1.0
37 35 4 37 30 1.0
37 36 4 37 30 1.0
37 38 2 37 59 1.0
37 39 2 37 59 1.0
37 40 33 37 64 1.0
37 41 20 37 62 1.0
37 43 19 37 62 1.0
37 45 62 37 8 1.0
37 46 62 37 8 1.0
37 47 62 37 8 1.0
37 48 12 37 52 1.0
37 49 15 37 52 1.0
37 50 50 37 7 1.0
37 51 72 37 10 1.0
37 52 0 37 52 1.0
37 53 0 37 53 1.0
37 54 0 37 54 1.0
37 55 0 37 55 1.0
37 56 0 37 56 1.0
37 57 0 37 57 1.0
37 58 0 37 58 1.0
37 59 0 37 59 1.0
37 60 0 37 60 1.0
37 61 0 37 61 1.0
37 62 0 37 62 1.0
37 63 0 37 63 1.0
37 64 0 37 64 1.0
37 65 0 37 65 1.0
37 66 1 37 7 1.0
37 67 2 37 8 1.0
37 68 2 37 8 1.0
37 69 5 37 11 1.0
37 70 5 37 11 1.0
37 72 2 37 8 1.0
37 73 66 37 28 1.0
37 75 75 37 26 1.0
37 76 76 37 26 1.0
37 77 31 37 30 1.0
37 78 33 37 30 1.0
37 79 34 37 30 1.0
38 1 0 38 75 1.0
38 7 5 38 17 1.0
38 9 0 38 16 1.0
38 10 0 38 16 1.0
38 11 0 38 16 1.0
38 13 0 38 13 1.0
38 14 0 38 14 1.0
38 15 0 38 15 1.0
38 17 0 38 17 1.0
38 19 0 38 75 1.0
38 20 0 38 75 1.0
38 21 0 38 75 1.0
38 22 0 38 75 1.0
38 23 0 38 75 1.0
38 25 78 38 17 1.0
38 26 56 38 13 1.0
38 27 7 38 76 1.0
38 28 57 38 13 1.0
38 29 8 38 76 1.0
38 30 8 38 76 1.0
38 31 119 38 72 1.0
38 32 104 38 70 1.0
38 33 119 38 72 1.0
38 34 113 38 71 1.0
38 35 119 38 72 1.0
38 36 113 38 71 1.0
38 37 97 38 69 1.0
38 39 25 38 71 1.0
38 40 25 38 71 1.0
38 41 25 38 71 1.0
38 43 8 38 45 1.0
38 44 10 38 47 1.0
38 45 0 38 45 1.0
38 46 0 38 46 1.0
38 47 0 38 47 1.0
38 48 0 38 48 1.0
38 49 0 38 49 1.0
38 50 0 38 50 1.0
38 51 0 38 51 1.0
38 53 111 38 49 1.0
38 54 112 38 49 1.0
38 55 112 38 49 1.0
38 56 111 38 49 1.0
38 57 109 38 49 1.0
38 58 100 38 47 1.0
38 60 5 38 17 1.0
38 61 0 38 16 1.0
38 62 0 38 16 1.0
38 63 3 38 14 1.0
38 64 5 38 17 1.0
38 65 3 38 14 1.0
38 66 0 38 66 1.0
38 67 0 38 67 1.0
38 68 0 38 68 1.0
38 69 0 38 69 1.0
38 70 0 38 70 1.0
38 72 0 38 72 1.0
38 73 0 38 73 1.0
38 77 0 38 77 1.0
38 78 0 38 78 1.0
38 79 0 38 79 1.0
39 1 6 39 73 1.0
39 2 1 39 76 1.0
39 4 1 39 76 1.0
39 5 0 39 75 1.0
39 6 2 39 13 1.0
39 7 0 39 16 1.0
39 8 5 39 17 1.0
39 10 5 39 17 1.0
39 11 5 39 17 1.0
39 12 0 39 12 1.0
39 13 0 39 13 1.0
39 14 0 39 14 1.0
39 15 0 39 15 1.0
39 16 0 39 16 1.0
39 17 0 39 17 1.0
39 18 0 39 75 1.0
39 20 0 39 75 1.0
39 21 6 39 73 1.0
39 22 0 39 75 1.0
39 25 43 39 16 1.0
39 26 1 39 75 1.0
39 27 2 39 75 1.0
39 29 10 39 76 1.0
39 32 113 39 71 1.0
39 33 119 39 72 1.0
39 34 104 39 70 1.0
39 35 119 39 72 1.0
39 36 104 39 70 1.0
39 37 104 39 70 1.0
39 40 8 39 45 1.0
39 41 8 39 45 1.0
39 42 12 39 49 1.0
39 43 8 39 45 1.0
39 44 10 39 47 1.0
39 45 0 39 45 1.0
39 46 0 39 46 1.0
39 47 0 39 47 1.0
39 48 0 39 48 1.0
39 49 0 39 49 1.0
39 50 0 39 50 1.0
39 51 0 39 51 1.0
39 52 96 39 47 1.0
39 53 102 39 48 1.0
39 54 100 39 47 1.0
39 55 88 39 45 1.0
39 56 105 39 48 1.0
39 57 101 39 47 1.0
39 58 106 39 48 1.0
39 59 2 39 13 1.0
39 60 0 39 16 1.0
39 61 0 39 16 1.0
39 62 2 39 13 1.0
39 63 3 39 14 1.0
39 64 4 39 15 1.0
39 65 3 39 14 1.0
39 66 0 39 66 1.0
39 67 0 39 67 1.0
39 68 0 39 68 1.0
39 69 0 39 69 1.0
39 70 0 39 70 1.0
39 71 0 39 71 1.0
39 72 0 39 72 1.0
39 74 0 39 74 1.0
39 76 0 39 76 1.0
39 77 0 39 77 1.0
39 78 0 39 78 1.0
39 79 0 39 79 1.0
40 0 3 40 79 1.0
40 1 1 40 76 1.0
40 2 4 40 77 1.0
40 3 3 40 79 1.0
40 4 0 40 75 1.0
40 5 1 40 76 1.0
40 6 2 40 13 1.0
40 7 2 40 13 1.0
40 8 3 40 14 1.0
40 9 5 40 17 1.0
40 10 6 40 66 1.0
40 11 2 40 13 1.0
40 12 0 40 12 1.0
40 13 0 40 13 1.0
40 14 0 40 14 1.0
40 15 0 40 15 1.0
40 16 0 40 16 1.0
40 17 0 40 17 1.0
40 18 11 40 49 1.0
40 19 1 40 76 1.0
40 20 0 40 75 1.0
40 21 6 40 73 1.0
40 22 5 40 78 1.0
40 23 0 40 75 1.0
40 24 64 40 14 1.0
40 25 56 40 13 1.0
40 26 9 40 76 1.0
40 27 60 40 13 1.0
40 28 58 40 13 1.0
40 29 0 40 75 1.0
40 30 78 40 17 1.0
40 31 110 40 71 1.0
40 32 89 40 67 1.0
40 33 113 40 71 1.0
40 34 79 40 66 1.0
40 35 86 40 67 1.0
40 36 110 40 71 1.0
40 37 108 40 71 1.0
40 38 8 40 45 1.0
40 39 20 40 66 1.0
40 41 20 40 66 1.0
40 42 20 40 66 1.0
40 43 8 40 45 1.0
40 44 20 40 66 1.0
40 45 0 40 45 1.0
40 46 0 40 46 1.0
40 47 0 40 47 1.0
40 48 0 40 48 1.0
40 49 0 40 49 1.0
40 50 0 40 50 1.0
40 51 0 40 51 1.0
40 52 86 40 45 1.0
40 53 90 40 46 1.0
40 54 108 40 49 1.0
40 55 108 40 49 1.0
40 56 112 40 49 1.0
40 57 102 40 48 1.0
40 58 104 40 48 1.0
40 59 4 40 15 1.0
40 60 4 40 15 1.0
40 61 4 40 15 1.0
40 62 4 40 15 1.0
40 63 1 40 12 1.0
40 64 0 40 16 1.0
40 65 3 40 14 1.0
40 67 0 40 67 1.0
40 68 0 40 68 1.0
40 69 0 40 69 1.0
40 70 0 40 70 1.0
40 71 0 40 71 1.0
40 72 0 40 72 1.0
40 73 0 40 73 1.0
40 74 0 40 74 1.0
40 75 0 40 75 1.0
40 76 0 40 76 1.0
40 77 0 40 77 1.0
40 78 0 40 78 1.0
40 79 0 40 79 1.0
41 0 2 41 74 1.0
41 1 3 41 79 1.0
41 2 5 41 78 1.0
41 3 2 41 74 1.0
41 4 2 41 74 1.0
41 5 2 41 74 1.0
41 6 12 41 72 1.0
41 7 8 41 68 1.0
41 8 2 41 13 1.0
41 9 12 41 72 1.0
41 10 12 41 72 1.0
41 11 10 41 70 1.0
41 12 0 41 12 1.0
41 13 0 41 13 1.0
41 14 0 41 14 1.0
41 15 0 41 15 1.0
41 16 0 41 16 1.0
41 17 0 41 17 1.0
41 18 2 41 74 1.0
41 19 3 41 79 1.0
41 20 6 41 73 1.0
41 21 0 41 75 1.0
41 22 11 41 49 1.0
41 23 5 41 78 1.0
41 24 81 41 17 1.0
41 25 3 41 75 0.859375
41 25 24 41 77 0.140625
41 26 61 41 13 1.0
41 27 62 41 13 1.0
41 28 12 41 74 1.0
41 29 20 41 79 1.0
41 30 20 41 79 1.0
41 31 32 41 13 1.0
41 32 117 41 72 1.0
41 33 91 41 68 1.0
41 34 84 41 67 1.0
41 35 108 41 71 1.0
41 36 112 41 71 1.0
41 37 116 41 72 1.0
41 38 8 41 45 1.0
41 39 24 41 70 1.0
41 40 20 41 66 1.0
41 42 23 41 69 0.71875
41 42 24 41 70 0.28125
41 43 8 41 45 1.0
41 44 10 41 47 1.0
41 45 0 41 45 1.0
41 46 0 41 46 1.0
41 47 0 41 47 1.0
41 48 0 41 48 1.0
41 49 0 41 49 1.0
41 50 0 41 50 1.0
41 51 0 41 51 1.0
41 52 124 41 51 1.0
41 53 109 41 49 1.0
41 54 108 41 49 1.0
41 55 108 41 49 1.0
41 56 108 41 49 1.0
41 57 110 41 49 1.0
41 58 96 41 47 1.0
41 59 4 41 15 1.0
41 60 4 41 15 1.0
41 61 3 41 14 1.0
41 62 4 41 15 1.0
41 63 1 41 12 1.0
41 64 2 41 13 1.0
41 65 5 41 17 1.0
41 66 0 41 66 1.0
41 67 0 41 67 1.0
41 68 0 41 68 1.0
41 69 0 41 69 1.0
41 70 0 41 70 1.0
41 71 0 41 71 1.0
41 72 0 41 72 1.0
41 73 0 41 73 1.0
41 74 0 41 74 1.0
41 75 0 41 75 1.0
41 76 0 41 76 1.0
41 77 0 41 77 1.0
41 78 0 41 78 1.0
41 79 0 41 79 1.0
42 0 4 42 77 1.0
42 1 6 42 73 1.0
42 2 2 42 74 1.0
42 3 5 42 78 1.0
42 4 6 42 73 1.0
42 5 6 42 73 1.0
42 6 0 42 16 0.90625
42 6 10 42 70 0.09375
42 7 7 42 67 1.0
42 9 12 42 72 1.0
42 10 12 42 72 1.0
42 13 0 42 13 1.0
42 14 0 42 14 1.0
42 15 0 42 15 1.0
42 19 2 42 74 1.0
42 20 2 42 74 1.0
42 21 2 42 74 1.0
42 22 2 42 74 1.0
42 23 6 42 73 1.0
42 24 35 42 78 0.46875
42 24 42 42 16 0.53125
42 25 53 42 12 1.0
42 26 43 42 16 1.0
42 27 81 42 17 1.0
42 29 4 42 75 1.0
42 30 34 42 78 0.375
42 30 37 42 73 0.171875
42 30 77 42 17 0.453125
42 31 1 42 16 1.0
42 32 25 42 12 1.0
42 34 115 42 72 1.0
42 38 11 42 48 1.0
42 39 9 42 46 1.0
42 40 12 42 49 1.0
42 41 11 42 48 0.140625
42 41 24 42 70 0.859375
42 44 23 42 69 1.0
42 45 0 42 45 1.0
42 50 0 42 50 1.0
42 51 0 42 51 1.0
42 53 102 42 48 1.0
42 54 105 42 48 1.0
42 55 106 42 48 1.0
42 56 108 42 49 1.0
42 57 90 42 46 1.0
42 58 96 42 47 1.0
42 59 2 42 13 1.0
42 60 5 42 17 1.0
42 62 1 42 12 1.0
42 63 3 42 14 1.0
42 64 2 42 13 1.0
42 65 2 42 13 1.0
42 66 0 42 66 1.0
42 67 0 42 67 1.0
42 68 0 42 68 1.0
42 69 0 42 69 1.0
42 70 0 42 70 1.0
42 71 0 42 71 1.0
42 72 0 42 72 1.0
42 73 0 42 73 1.0
42 74 0 42 74 1.0
42 77 0 42 77 1.0
42 78 0 42 78 1.0
42 79 0 42 79 1.0
43 1 0 43 75 1.0
43 2 1 43 76 1.0
43 3 1 43 76 1.0
43 4 1 43 76 1.0
43 6 2 43 13 1.0
43 8 2 43 13 1.0
43 9 2 43 13 1.0
43 10 2 43 13 1.0
43 11 2 43 13 1.0
43 14 0 43 14 1.0
43 15 0 43 15 1.0
43 16 0 43 16 1.0
43 18 1 43 76 1.0
43 20 1 43 76 1.0
43 21 2 43 74 1.0
43 25 57 43 13 1.0
43 26 82 43 17 1.0
43 27 56 43 13 1.0
43 29 62 43 13 1.0
43 30 62 43 13 1.0
43 32 38 43 13 1.0
43 33 38 43 13 1.0
43 34 38 43 13 1.0
43 36 38 43 13 1.0
43 37 33 43 13 1.0
43 39 16 43 13 1.0
43 40 25 43 71 1.0
43 41 25 43 71 1.0
43 44 16 43 13 1.0
43 45 0 43 45 1.0
43 46 0 43 46 1.0
43 47 0 43 47 1.0
43 48 0 43 48 1.0
43 49 0 43 49 1.0
43 50 0 43 50 1.0
43 51 0 43 51 1.0
43 52 96 43 47 1.0
43 53 97 43 47 1.0
43 54 94 43 46 1.0
43 55 100 43 47 1.0
43 56 105 43 48 1.0
43 57 93 43 46 1.0
43 58 106 43 48 1.0
43 59 2 43 13 1.0
43 61 2 43 13 1.0
43 62 2 43 13 1.0
43 63 4 43 15 1.0
43 64 3 43 14 1.0
43 65 3 43 14 1.0
43 66 0 43 66 1.0
43 67 0 43 67 1.0
43 68 0 43 68 1.0
43 69 0 43 69 1.0
43 70 0 43 70 1.0
43 72 0 43 72 1.0
43 73 0 43 73 1.0
43 74 0 43 74 1.0
43 75 0 43 75 1.0
43 76 0 43 76 1.0
43 77 0 43 77 1.0
43 78 0 43 78 1.0
43 79 0 43 79 1.0
44 0 5 44 78 1.0
44 1 6 44 73 1.0
44 2 2 44 74 1.0
44 3 4 44 77 0.3125
44 3 6 44 73 0.6875
44 4 0 44 75 1.0
44 5 2 44 74 1.0
44 6 10 44 70 1.0
44 7 7 44 67 1.0
44 9 10 44 70 1.0
44 10 7 44 67 1.0
44 13 0 44 13 1.0
44 14 0 44 14 1.0
44 15 0 44 15 1.0
44 16 0 44 16 1.0
44 18 6 44 73 1.0
44 19 3 44 79 1.0
44 20 6 44 73 1.0
44 23 1 44 76 1.0
44 24 24 44 77 1.0
44 25 30 44 78 0.78125
44 25 56 44 13 0.21875
44 26 49 44 12 1.0
44 27 81 44 17 1.0
44 29 58 44 13 1.0
44 30 11 44 76 0.140625
44 30 37 44 73 0.4375
44 30 61 44 13 0.421875
44 31 41 44 14 1.0
44 32 22 44 12 1.0
44 34 115 44 72 1.0
44 37 115 44 72 1.0
44 40 11 44 48 1.0
44 41 12 44 49 1.0
44 42 10 44 47 1.0
44 45 0 44 45 1.0
44 47 0 44 47 1.0
44 49 0 44 49 1.0
44 50 0 44 50 1.0
44 51 0 44 51 1.0
44 52 108 44 49 1.0
44 53 96 44 47 1.0
44 54 105 44 48 1.0
44 55 94 44 46 1.0
44 56 104 44 48 1.0
44 57 104 44 48 1.0
44 58 106 44 48 1.0
44 60 5 44 17 1.0
44 61 5 44 17 1.0
44 62 1 44 12 1.0
44 63 0 44 16 1.0
44 64 4 44 15 1.0
44 65 4 44 15 1.0
44 66 0 44 66 1.0
44 67 0 44 67 1.0
44 68 0 44 68 1.0
44 69 0 44 69 1.0
44 70 0 44 70 1.0
44 71 0 44 71 1.0
44 72 0 44 72 1.0
44 73 0 44 73 1.0
44 74 0 44 74 1.0
44 77 0 44 77 1.0
44 78 0 44 78 1.0
44 79 0 44 79 1.0
45 0 12 45 23 1.0
45 1 3 45 79 1.0
45 2 4 45 77 1.0
45 3 9 45 20 1.0
45 4 12 45 23 1.0
45 5 9 45 20 1.0
45 6 4 45 70 1.0
45 7 2 45 68 1.0
45 8 4 45 70 1.0
45 9 2 45 68 1.0
45 10 3 45 69 1.0
45 12 5 45 43 1.0
45 14 9 45 68 1.0
45 15 1 45 39 1.0
45 16 11 45 70 1.0
45 19 0 45 19 1.0
45 20 0 45 20 1.0
45 22 0 45 22 1.0
45 23 0 45 23 1.0
45 24 62 45 19 1.0
45 25 43 45 18 1.0
45 26 3 45 75 1.0
45 27 9 45 76 1.0
45 28 9 45 76 1.0
45 29 0 45 75 1.0
45 30 83 45 21 1.0
45 31 70 45 70 1.0
45 32 45 45 66 1.0
45 33 83 45 72 1.0
45 34 9 45 19 1.0
45 35 83 45 72 1.0
45 36 9 45 19 1.0
45 39 0 45 39 1.0
45 40 0 45 40 1.0
45 41 0 45 41 1.0
45 42 0 45 42 1.0
45 44 0 45 44 1.0
45 46 0 45 75 1.0
45 47 18 45 43 1.0
45 48 13 45 38 1.0
45 49 1 45 76 1.0
45 50 18 45 43 1.0
45 51 18 45 43 1.0
45 52 1 45 19 1.0
45 53 1 45 19 1.0
45 54 4 45 22 1.0
45 55 4 45 22 1.0
45 56 1 45 19 1.0
45 57 1 45 19 1.0
45 58 3 45 21 1.0
45 59 32 45 43 1.0
45 60 32 45 43 1.0
45 62 25 45 42 1.0
45 63 33 45 43 1.0
45 64 25 45 42 1.0
45 65 2 45 38 1.0
45 66 0 45 66 1.0
45 67 0 45 67 1.0
45 68 0 45 68 1.0
45 69 0 45 69 1.0
45 70 0 45 70 1.0
45 71 0 45 71 1.0
45 72 0 45 72 1.0
45 73 0 45 73 1.0
45 74 0 45 74 1.0
45 75 0 45 75 1.0
45 77 0 45 77 1.0
45 78 0 45 78 1.0
45 79 0 45 79 1.0
46 1 7 46 18 1.0
46 2 7 46 18 1.0
46 3 7 46 18 1.0
46 4 7 46 18 1.0
46 5 7 46 18 1.0
46 7 4 46 70 1.0
46 8 4 46 70 1.0
46 10 4 46 70 1.0
46 12 11 46 70 1.0
46 14 13 46 72 1.0
46 15 13 46 72 1.0
46 17 5 46 43 1.0
46 20 0 46 20 1.0
46 21 0 46 21 1.0
46 22 0 46 22 1.0
46 23 0 46 23 1.0
46 24 10 46 76 1.0
46 25 9 46 76 1.0
46 26 16 46 74 1.0
46 27 5 46 75 1.0
46 28 6 46 76 1.0
46 29 10 46 76 1.0
46 31 2 46 18 1.0
46 32 2 46 18 1.0
46 33 2 46 18 1.0
46 34 2 46 18 1.0
46 35 2 46 18 1.0
46 36 2 46 18 1.0
46 37 2 46 18 1.0
46 38 0 46 38 1.0
46 39 0 46 39 1.0
46 40 0 46 40 1.0
46 41 0 46 41 1.0
46 42 0 46 42 1.0
46 43 0 46 43 1.0
46 45 14 46 39 1.0
46 47 19 46 44 1.0
46 48 1 46 76 1.0
46 49 1 46 76 1.0
46 50 19 46 44 1.0
46 51 19 46 44 1.0
46 52 0 46 18 1.0
46 53 3 46 21 1.0
46 54 4 46 22 1.0
46 55 2 46 20 1.0
46 56 3 46 21 1.0
46 57 3 46 21 1.0
46 58 1 46 19 1.0
46 59 32 46 43 1.0
46 60 32 46 43 1.0
46 61 32 46 43 1.0
46 62 0 46 38 1.0
46 63 7 46 39 1.0
46 64 40 46 44 1.0
46 65 30 46 43 1.0
46 66 0 46 66 1.0
46 67 0 46 67 1.0
46 68 0 46 68 1.0
46 69 0 46 69 1.0
46 72 0 46 72 1.0
46 73 0 46 73 1.0
46 74 0 46 74 1.0
46 75 0 46 75 1.0
46 76 0 46 76 1.0
46 77 0 46 77 1.0
46 78 0 46 78 1.0
46 79 0 46 79 1.0
47 1 8 47 19 1.0
47 2 9 47 20 1.0
47 5 7 47 18 1.0
47 6 5 47 71 1.0
47 8 5 47 71 1.0
47 9 5 47 71 1.0
47 10 5 47 71 1.0
47 11 5 47 71 1.0
47 12 12 47 71 1.0
47 13 5 47 43 1.0
47 14 7 47 66 1.0
47 15 7 47 66 1.0
47 16 11 47 70 1.0
47 17 11 47 70 1.0
47 18 0 47 18 1.0
47 19 0 47 19 1.0
47 20 0 47 20 1.0
47 21 0 47 21 1.0
47 22 0 47 22 1.0
47 23 0 47 23 1.0
47 24 10 47 76 1.0
47 25 9 47 76 1.0
47 26 16 47 74 1.0
47 27 6 47 76 1.0
47 28 10 47 76 1.0
47 29 9 47 76 1.0
47 32 2 47 18 1.0
47 33 9 47 19 1.0
47 34 23 47 21 1.0
47 35 2 47 18 1.0
47 36 2 47 18 1.0
47 37 23 47 21 1.0
47 38 0 47 38 1.0
47 39 0 47 39 1.0
47 40 0 47 40 1.0
47 41 0 47 41 1.0
47 42 0 47 42 1.0
47 43 0 47 43 1.0
47 45 14 47 39 1.0
47 46 19 47 44 1.0
47 48 19 47 44 1.0
47 49 1 47 76 1.0
47 50 19 47 44 1.0
47 51 19 47 44 1.0
47 52 1 47 19 1.0
47 53 3 47 21 1.0
47 54 4 47 22 1.0
47 55 4 47 22 1.0
47 56 3 47 21 1.0
47 57 3 47 21 1.0
47 58 5 47 23 1.0
47 59 32 47 43 1.0
47 60 32 47 43 1.0
47 61 32 47 43 1.0
47 62 32 47 43 1.0
47 63 1 47 38 1.0
47 64 36 47 44 1.0
47 65 30 47 43 1.0
47 66 0 47 66 1.0
47 67 0 47 67 1.0
47 68 0 47 68 1.0
47 69 0 47 69 1.0
47 70 0 47 70 1.0
47 72 0 47 72 1.0
47 73 0 47 73 1.0
47 74 0 47 74 1.0
47 75 0 47 75 1.0
47 76 0 47 76 1.0
47 77 0 47 77 1.0
47 78 0 47 78 1.0
47 79 0 47 79 1.0
48 1 7 48 18 1.0
48 2 7 48 18 1.0
48 5 7 48 18 1.0
48 7 6 48 72 1.0
48 9 6 48 72 1.0
48 12 13 48 72 1.0
48 13 5 48 43 1.0
48 14 11 48 70 1.0
48 15 6 48 44 1.0
48 17 5 48 43 1.0
48 20 0 48 20 1.0
48 21 0 48 21 1.0
48 22 0 48 22 1.0
48 24 10 48 76 1.0
48 25 9 48 76 1.0
48 26 1 48 75 1.0
48 27 10 48 76 1.0
48 28 6 48 76 1.0
48 31 2 48 18 1.0
48 32 2 48 18 1.0
48 33 2 48 18 1.0
48 34 2 48 18 1.0
48 35 2 48 18 1.0
48 36 2 48 18 1.0
48 37 2 48 18 1.0
48 38 0 48 38 1.0
48 39 0 48 39 1.0
48 40 0 48 40 1.0
48 41 0 48 41 1.0
48 43 0 48 43 1.0
48 45 6 48 73 1.0
48 46 0 48 75 1.0
48 47 6 48 73 1.0
48 49 1 48 76 1.0
48 50 2 48 74 1.0
48 51 6 48 73 1.0
48 52 4 48 22 1.0
48 53 4 48 22 1.0
48 54 2 48 20 1.0
48 55 5 48 23 1.0
48 56 3 48 21 1.0
48 57 4 48 22 1.0
48 58 1 48 19 1.0
48 59 32 48 43 1.0
48 61 32 48 43 1.0
48 62 32 48 43 1.0
48 63 25 48 42 1.0
48 64 39 48 44 1.0
48 65 1 48 38 1.0
48 66 0 48 66 1.0
48 67 0 48 67 1.0
48 68 0 48 68 1.0
48 69 0 48 69 1.0
48 70 0 48 70 1.0
48 71 0 48 71 1.0
48 75 0 48 75 1.0
48 76 0 48 76 1.0
48 77 0 48 77 1.0
48 78 0 48 78 1.0
48 79 0 48 79 1.0
49 0 7 49 18 1.0
49 1 7 49 18 1.0
49 2 7 49 18 1.0
49 3 7 49 18 1.0
49 6 6 49 72 1.0
49 7 6 49 72 1.0
49 9 6 49 72 1.0
49 10 6 49 72 1.0
49 11 6 49 72 1.0
49 12 12 49 71 1.0
49 14 6 49 44 1.0
49 15 6 49 44 1.0
49 25 7 49 76 1.0
49 26 14 49 74 1.0
49 27 11 49 76 1.0
49 28 8 49 76 1.0
49 30 11 49 76 1.0
49 32 2 49 18 1.0
49 33 3 49 18 1.0
49 34 2 49 18 1.0
49 36 2 49 18 1.0
49 37 2 49 18 1.0
49 39 0 49 39 1.0
49 40 0 49 40 1.0
49 41 0 49 41 1.0
49 43 0 49 43 1.0
49 45 13 49 38 1.0
49 46 19 49 44 1.0
49 47 19 49 44 1.0
49 48 19 49 44 1.0
49 50 19 49 44 1.0
49 51 1 49 76 1.0
49 52 0 49 18 1.0
49 53 2 49 20 1.0
49 54 3 49 21 1.0
49 55 3 49 21 1.0
49 56 2 49 20 1.0
49 57 2 49 20 1.0
49 58 4 49 22 1.0
49 59 32 49 43 1.0
49 61 32 49 43 1.0
49 62 36 49 44 1.0
49 63 26 49 42 1.0
49 64 39 49 44 1.0
49 65 31 49 43 1.0
49 66 0 49 66 1.0
49 67 0 49 67 1.0
49 68 0 49 68 1.0
49 69 0 49 69 1.0
49 70 0 49 70 1.0
49 73 0 49 73 1.0
49 74 0 49 74 1.0
49 75 0 49 75 1.0
49 77 0 49 77 1.0
49 78 0 49 78 1.0
49 79 0 49 79 1.0
50 0 7 50 18 1.0
50 2 7 50 18 1.0
50 3 11 50 22 1.0
50 4 11 50 22 1.0
50 5 7 50 18 1.0
50 6 5 50 71 1.0
50 7 0 50 66 1.0
50 8 6 50 72 1.0
50 9 1 50 67 1.0
50 10 6 50 72 1.0
50 11 6 50 72 1.0
50 12 6 50 44 1.0
50 13 5 50 43 1.0
50 14 9 50 68 1.0
50 15 6 50 44 1.0
50 16 13 50 72 1.0
50 17 5 50 43 1.0
50 18 0 50 18 1.0
50 19 0 50 19 1.0
50 20 0 50 20 1.0
50 21 0 50 21 1.0
50 22 0 50 22 1.0
50 23 0 50 23 1.0
50 24 11 50 76 1.0
50 25 9 50 76 1.0
50 26 25 50 77 1.0
50 27 0 50 75 1.0
50 28 18 50 79 1.0
50 29 7 50 76 1.0
50 30 6 50 76 1.0
50 31 47 50 66 1.0
50 32 23 50 21 1.0
50 33 37 50 23 1.0
50 34 67 50 70 1.0
50 35 16 50 20 1.0
50 36 82 50 72 1.0
50 37 61 50 69 1.0
50 38 0 50 38 1.0
50 39 0 50 39 1.0
50 40 0 50 40 1.0
50 41 0 50 41 1.0
50 42 0 50 42 1.0
50 43 0 50 43 1.0
50 44 0 50 44 1.0
50 45 14 50 39 1.0
50 46 19 50 44 1.0
50 47 17 50 42 1.0
50 48 19 50 44 1.0
50 49 17 50 42 1.0
50 51 6 50 73 1.0
50 52 5 50 23 1.0
50 53 3 50 21 1.0
50 54 4 50 22 1.0
50 55 4 50 22 1.0
50 56 1 50 19 1.0
50 57 3 50 21 1.0
50 58 4 50 22 1.0
50 59 5 50 38 1.0
50 60 5 50 38 1.0
50 61 41 50 44 1.0
50 62 7 50 39 1.0
50 63 41 50 44 1.0
50 64 30 50 43 1.0
50 65 24 50 42 1.0
50 66 0 50 66 1.0
50 67 0 50 67 1.0
50 68 0 50 68 1.0
50 69 0 50 69 1.0
50 70 0 50 70 1.0
50 71 0 50 71 1.0
50 72 0 50 72 1.0
50 73 0 50 73 1.0
50 74 0 50 74 1.0
50 75 0 50 75 1.0
50 76 0 50 76 1.0
50 77 0 50 77 1.0
50 78 0 50 78 1.0
50 79 0 50 79 1.0
51 0 7 51 18 1.0
51 1 7 51 18 1.0
51 2 11 51 22 1.0
51 3 10 51 21 1.0
51 4 1 51 76 1.0
51 5 0 51 75 1.0
51 6 1 51 67 1.0
51 7 1 51 67 1.0
51 8 2 51 68 1.0
51 9 0 51 66 1.0
51 10 0 51 66 1.0
51 11 6 51 72 1.0
51 12 1 51 39 1.0
51 13 5 51 43 1.0
51 14 7 51 66 1.0
51 15 8 51 67 1.0
51 16 4 51 42 1.0
51 17 4 51 42 1.0
51 18 0 51 18 1.0
51 19 0 51 19 1.0
51 20 0 51 20 1.0
51 21 0 51 21 1.0
51 22 0 51 22 1.0
51 23 0 51 23 1.0
51 24 9 51 76 1.0
51 25 6 51 76 1.0
51 26 6 51 76 1.0
51 27 13 51 74 1.0
51 28 8 51 76 1.0
51 29 31 51 78 1.0
51 30 11 51 76 1.0
51 31 30 51 22 1.0
51 32 77 51 71 1.0
51 33 67 51 70 1.0
51 34 46 51 66 1.0
51 35 47 51 66 1.0
51 36 60 51 69 1.0
51 37 73 51 71 1.0
51 38 0 51 38 1.0
51 39 0 51 39 1.0
51 40 0 51 40 1.0
51 41 0 51 41 1.0
51 42 0 51 42 1.0
51 43 0 51 43 1.0
51 44 0 51 44 1.0
51 45 14 51 39 1.0
51 46 19 51 44 1.0
51 47 17 51 42 1.0
51 48 19 51 44 1.0
51 49 17 51 42 1.0
51 50 19 51 44 1.0
51 52 0 51 18 1.0
51 53 4 51 22 1.0
51 54 0 51 18 1.0
51 55 0 51 18 1.0
51 56 0 51 18 1.0
51 57 0 51 18 1.0
51 58 3 51 21 1.0
51 59 24 51 42 1.0
51 60 13 51 40 1.0
51 61 1 51 38 1.0
51 62 38 51 44 1.0
51 63 25 51 42 1.0
51 64 35 51 43 1.0
51 65 32 51 43 1.0
51 67 0 51 67 1.0
51 68 0 51 68 1.0
51 69 0 51 69 1.0
51 70 0 51 70 1.0
51 71 0 51 71 1.0
51 72 0 51 72 1.0
51 73 0 51 73 1.0
51 74 0 51 74 1.0
51 75 0 51 75 1.0
51 76 0 51 76 1.0
51 77 0 51 77 1.0
51 78 0 51 78 1.0
51 79 0 51 79 1.0
52 0 0 52 0 1.0
52 1 0 52 1 1.0
52 2 0 52 2 1.0
52 5 0 52 5 1.0
52 9 0 52 31 1.0
52 10 5 52 36 1.0
52 11 4 52 35 1.0
52 12 28 52 29 1.0
52 14 40 52 28 1.0
52 15 0 52 24 1.0
52 16 35 52 28 1.0
52 18 0 52 18 1.0
52 20 0 52 20 1.0
52 21 0 52 21 1.0
52 25 0 52 25 1.0
52 26 0 52 26 1.0
52 27 0 52 27 1.0
52 28 0 52 28 1.0
52 29 0 52 29 1.0
52 30 0 52 30 1.0
52 33 0 52 33 1.0
52 34 0 52 34 1.0
52 37 0 52 37 1.0
52 38 120 52 5 1.0
52 39 120 52 5 1.0
52 40 115 52 4 1.0
52 41 1 52 0 1.0
52 43 119 52 5 1.0
52 44 91 52 1 1.0
52 45 0 52 18 1.0
52 46 4 52 22 1.0
52 47 4 52 22 1.0
52 48 0 52 18 1.0
52 50 2 52 20 1.0
52 51 0 52 18 1.0
52 53 16 52 3 1.0
52 54 17 52 4 1.0
52 55 4 52 30 1.0
52 56 4 52 30 1.0
52 57 17 52 4 1.0
52 58 16 52 3 1.0
52 59 12 52 36 1.0
52 60 12 52 36 1.0
52 61 12 52 36 1.0
52 62 12 52 36 1.0
52 63 11 52 35 1.0
52 64 11 52 35 1.0
52 65 11 52 35 1.0
52 66 3 52 18 1.0
52 67 34 52 22 1.0
52 68 34 52 22 1.0
52 69 25 52 21 1.0
52 71 4 52 18 1.0
52 74 5 52 22 1.0
52 75 1 52 18 1.0
52 76 1 52 18 1.0
52 77 8 52 2 1.0
52 78 11 52 5 1.0
52 79 11 52 5 1.0
53 0 0 53 0 1.0
53 1 0 53 1 1.0
53 2 0 53 2 1.0
53 3 0 53 3 1.0
53 4 0 53 4 1.0
53 5 0 53 5 1.0
53 6 5 53 36 1.0
53 7 2 53 33 1.0
53 8 3 53 34 1.0
53 9 1 53 32 1.0
53 10 5 53 36 1.0
53 11 6 53 37 1.0
53 12 15 53 27 1.0
53 13 35 53 28 1.0
53 14 28 53 29 1.0
53 15 30 53 29 1.0
53 16 44 53 26 1.0
53 17 44 53 26 1.0
53 18 0 53 18 1.0
53 19 0 53 19 1.0
53 20 0 53 20 1.0
53 21 0 53 21 1.0
53 22 0 53 22 1.0
53 23 0 53 23 1.0
53 24 0 53 24 1.0
53 25 0 53 25 1.0
53 26 0 53 26 1.0
53 27 0 53 27 1.0
53 28 0 53 28 1.0
53 29 0 53 29 1.0
53 30 0 53 30 1.0
53 31 0 53 31 1.0
53 32 0 53 32 1.0
53 33 0 53 33 1.0
53 34 0 53 34 1.0
53 35 0 53 35 1.0
53 36 0 53 36 1.0
53 37 0 53 37 1.0
53 38 100 53 2 1.0
53 39 107 53 3 1.0
53 40 105 53 3 1.0
53 41 94 53 1 1.0
53 42 95 53 1 1.0
53 43 125 53 5 1.0
53 44 94 53 1 1.0
53 45 5 53 23 1.0
53 46 3 53 21 1.0
53 47 2 53 20 1.0
53 48 1 53 19 1.0
53 49 0 53 18 1.0
53 50 4 53 22 1.0
53 51 3 53 21 1.0
53 52 16 53 3 1.0
53 54 14 53 1 1.0
53 55 4 53 30 1.0
53 56 4 53 30 1.0
53 57 7 53 26 1.0
53 58 17 53 4 1.0
53 59 4 53 29 1.0
53 60 11 53 35 1.0
53 61 8 53 32 1.0
53 62 13 53 37 1.0
53 63 12 53 36 1.0
53 64 12 53 36 1.0
53 65 6 53 26 1.0
53 66 24 53 21 1.0
53 67 31 53 22 1.0
53 68 24 53 21 1.0
53 69 67 53 35 1.0
53 70 0 53 18 1.0
53 71 65 53 34 1.0
53 72 79 53 37 1.0
53 73 2 53 19 1.0
53 74 9 53 3 1.0
53 75 5 53 22 1.0
53 76 5 53 22 1.0
53 77 1 53 18 1.0
53 78 4 53 21 1.0
53 79 8 53 2 1.0
54 0 0 54 0 1.0
54 1 0 54 1 1.0
54 2 0 54 2 1.0
54 3 0 54 3 1.0
54 4 0 54 4 1.0
54 5 0 54 5 1.0
54 6 5 54 36 1.0
54 7 2 54 33 1.0
54 8 1 54 32 1.0
54 9 2 54 33 1.0
54 10 4 54 35 1.0
54 11 3 54 34 1.0
54 12 3 54 24 1.0
54 13 35 54 28 1.0
54 14 35 54 28 1.0
54 15 0 54 24 1.0
54 16 37 54 28 1.0
54 17 7 54 25 1.0
54 18 0 54 18 1.0
54 19 0 54 19 1.0
54 20 0 54 20 1.0
54 21 0 54 21 1.0
54 22 0 54 22 1.0
54 23 0 54 23 1.0
54 24 0 54 24 1.0
54 25 0 54 25 1.0
54 26 0 54 26 1.0
54 27 0 54 27 1.0
54 28 0 54 28 1.0
54 29 0 54 29 1.0
54 30 0 54 30 1.0
54 31 0 54 31 1.0
54 32 0 54 32 1.0
54 33 0 54 33 1.0
54 34 0 54 34 1.0
54 35 0 54 35 1.0
54 36 0 54 36 1.0
54 37 0 54 37 1.0
54 38 119 54 5 1.0
54 39 119 54 5 1.0
54 40 106 54 3 1.0
54 41 106 54 3 1.0
54 42 119 54 5 1.0
54 43 120 54 5 1.0
54 44 1 54 0 1.0
54 45 1 54 19 1.0
54 46 2 54 20 1.0
54 47 1 54 19 1.0
54 48 1 54 19 1.0
54 49 1 54 19 1.0
54 50 0 54 18 1.0
54 51 0 54 18 1.0
54 52 16 54 3 1.0
54 53 16 54 3 1.0
54 55 4 54 30 1.0
54 56 4 54 30 1.0
54 57 7 54 26 1.0
54 58 17 54 4 1.0
54 59 11 54 35 1.0
54 60 7 54 31 1.0
54 61 4 54 29 1.0
54 62 3 54 30 1.0
54 63 12 54 36 1.0
54 64 12 54 36 1.0
54 65 6 54 26 1.0
54 66 24 54 21 1.0
54 67 3 54 18 1.0
54 68 3 54 18 1.0
54 69 32 54 22 1.0
54 70 25 54 21 1.0
54 71 1 54 18 1.0
54 72 68 54 35 1.0
54 73 9 54 3 1.0
54 74 5 54 22 1.0
54 75 11 54 5 1.0
54 76 7 54 1 1.0
54 77 11 54 5 1.0
54 78 7 54 1 1.0
54 79 11 54 5 1.0
55 0 0 55 0 1.0
55 1 0 55 1 1.0
55 2 0 55 2 1.0
55 3 0 55 3 1.0
55 4 0 55 4 1.0
55 6 2 55 33 1.0
55 7 4 55 35 1.0
55 8 0 55 31 1.0
55 9 4 55 35 1.0
55 10 4 55 35 1.0
55 11 3 55 34 1.0
55 12 21 55 30 1.0
55 13 28 55 29 1.0
55 14 28 55 29 1.0
55 15 28 55 29 1.0
55 16 7 55 25 1.0
55 17 42 55 26 1.0
55 18 0 55 18 1.0
55 19 0 55 19 1.0
55 20 0 55 20 1.0
55 21 0 55 21 1.0
55 22 0 55 22 1.0
55 23 0 55 23 1.0
55 24 0 55 24 1.0
55 25 0 55 25 1.0
55 26 0 55 26 1.0
55 27 0 55 27 1.0
55 28 0 55 28 1.0
55 29 0 55 29 1.0
55 31 0 55 31 1.0
55 32 0 55 32 1.0
55 33 0 55 33 1.0
55 34 0 55 34 1.0
55 35 0 55 35 1.0
55 36 0 55 36 1.0
55 37 0 55 37 1.0
55 38 0 55 0 1.0
55 39 120 55 5 1.0
55 40 119 55 5 1.0
55 41 113 55 4 1.0
55 42 119 55 5 1.0
55 43 119 55 5 1.0
55 44 106 55 3 1.0
55 45 5 55 23 1.0
55 46 2 55 20 1.0
55 47 1 55 19 1.0
55 48 2 55 20 1.0
55 49 5 55 23 1.0
55 50 0 55 18 1.0
55 51 0 55 18 1.0
55 52 4 55 30 1.0
55 53 4 55 30 1.0
55 54 4 55 30 1.0
55 56 4 55 30 1.0
55 57 4 55 30 1.0
55 58 4 55 30 1.0
55 59 11 55 35 1.0
55 60 3 55 30 1.0
55 61 4 55 29 1.0
55 62 3 55 30 1.0
55 63 0 55 24 1.0
55 64 3 55 30 1.0
55 65 3 55 30 1.0
55 66 0 55 18 1.0
55 67 31 55 22 1.0
55 68 3 55 18 1.0
55 69 31 55 22 1.0
55 70 31 55 22 1.0
55 71 4 55 18 1.0
55 72 68 55 35 1.0
55 73 11 55 5 1.0
55 74 1 55 18 1.0
55 75 0 55 0 1.0
55 76 0 55 0 1.0
55 77 0 55 0 1.0
55 78 11 55 5 1.0
55 79 11 55 5 1.0
56 0 0 56 0 1.0
56 1 0 56 1 1.0
56 2 0 56 2 1.0
56 3 0 56 3 1.0
56 4 0 56 4 1.0
56 5 0 56 5 1.0
56 6 5 56 36 1.0
56 7 5 56 36 1.0
56 8 5 56 36 1.0
56 9 3 56 34 1.0
56 10 3 56 34 1.0
56 11 6 56 37 1.0
56 12 27 56 30 1.0
56 13 35 56 28 1.0
56 14 35 56 28 1.0
56 15 42 56 26 1.0
56 16 2 56 24 1.0
56 17 48 56 26 1.0
56 18 0 56 18 1.0
56 19 0 56 19 1.0
56 20 0 56 20 1.0
56 21 0 56 21 1.0
56 22 0 56 22 1.0
56 23 0 56 23 1.0
56 24 0 56 24 1.0
56 25 0 56 25 1.0
56 26 0 56 26 1.0
56 27 0 56 27 1.0
56 28 0 56 28 1.0
56 29 0 56 29 1.0
56 30 0 56 30 1.0
56 31 0 56 31 1.0
56 32 0 56 32 1.0
56 33 0 56 33 1.0
56 34 0 56 34 1.0
56 35 0 56 35 1.0
56 36 0 56 36 1.0
56 37 0 56 37 1.0
56 38 91 56 1 1.0
56 39 116 56 4 1.0
56 40 106 56 3 1.0
56 41 112 56 4 1.0
56 42 119 56 5 1.0
56 43 96 56 1 1.0
56 44 106 56 3 1.0
56 45 2 56 20 1.0
56 46 5 56 23 1.0
56 47 5 56 23 1.0
56 48 1 56 19 1.0
56 49 5 56 23 1.0
56 50 4 56 22 1.0
56 51 0 56 18 1.0
56 52 17 56 4 1.0
56 53 4 56 30 1.0
56 54 4 56 30 1.0
56 55 4 56 30 1.0
56 57 4 56 30 1.0
56 58 4 56 30 1.0
56 59 6 56 26 1.0
56 60 4 56 29 1.0
56 61 5 56 28 1.0
56 62 9 56 33 1.0
56 63 12 56 36 1.0
56 64 12 56 36 1.0
56 65 3 56 30 1.0
56 66 3 56 18 1.0
56 67 3 56 18 1.0
56 68 68 56 35 1.0
56 69 79 56 37 1.0
56 70 66 56 35 1.0
56 71 4 56 18 1.0
56 72 66 56 35 1.0
56 73 0 56 0 1.0
56 74 5 56 22 1.0
56 75 8 56 2 1.0
56 76 2 56 19 1.0
56 77 10 56 4 1.0
56 78 7 56 1 1.0
56 79 8 56 2 1.0
57 0 0 57 0 1.0
57 1 0 57 1 1.0
57 2 0 57 2 1.0
57 3 0 57 3 1.0
57 4 0 57 4 1.0
57 5 0 57 5 1.0
57 6 3 57 34 1.0
57 7 3 57 34 1.0
57 8 3 57 34 1.0
57 9 3 57 34 1.0
57 10 6 57 37 1.0
57 11 3 57 34 1.0
57 12 24 57 30 1.0
57 13 35 57 28 1.0
57 14 35 57 28 1.0
57 15 1 57 24 1.0
57 16 15 57 27 1.0
57 17 15 57 27 1.0
57 18 0 57 18 1.0
57 19 0 57 19 1.0
57 20 0 57 20 1.0
57 21 0 57 21 1.0
57 22 0 57 22 1.0
57 23 0 57 23 1.0
57 24 0 57 24 1.0
57 25 0 57 25 1.0
57 26 0 57 26 1.0
57 27 0 57 27 1.0
57 28 0 57 28 1.0
57 29 0 57 29 1.0
57 30 0 57 30 1.0
57 31 0 57 31 1.0
57 32 0 57 32 1.0
57 33 0 57 33 1.0
57 34 0 57 34 1.0
57 35 0 57 35 1.0
57 36 0 57 36 1.0
57 37 0 57 37 1.0
57 38 121 57 5 1.0
57 39 107 57 3 1.0
57 40 119 57 5 1.0
57 41 119 57 5 1.0
57 42 92 57 1 1.0
57 43 98 57 2 1.0
57 44 119 57 5 1.0
57 45 2 57 20 1.0
57 46 3 57 21 1.0
57 47 2 57 20 1.0
57 48 1 57 19 1.0
57 49 0 57 18 1.0
57 50 3 57 21 1.0
57 51 0 57 18 1.0
57 52 16 57 3 1.0
57 53 7 57 26 1.0
57 54 3 57 27 1.0
57 55 4 57 30 1.0
57 56 4 57 30 1.0
57 58 2 57 0 1.0
57 59 4 57 29 1.0
57 60 4 57 29 1.0
57 61 0 57 24 1.0
57 62 13 57 37 1.0
57 63 12 57 36 1.0
57 64 6 57 26 1.0
57 65 12 57 36 1.0
57 66 3 57 18 1.0
57 67 68 57 35 1.0
57 68 3 57 18 1.0
57 69 79 57 37 1.0
57 70 29 57 22 1.0
57 71 31 57 22 1.0
57 72 0 57 18 1.0
57 73 11 57 5 1.0
57 74 10 57 4 1.0
57 75 5 57 22 1.0
57 76 5 57 22 1.0
57 77 11 57 5 1.0
57 78 7 57 1 1.0
57 79 7 57 1 1.0
58 0 0 58 0 1.0
58 1 0 58 1 1.0
58 2 0 58 2 1.0
58 3 0 58 3 1.0
58 4 0 58 4 1.0
58 5 0 58 5 1.0
58 6 4 58 35 1.0
58 7 5 58 36 1.0
58 8 2 58 33 1.0
58 9 4 58 35 1.0
58 10 4 58 35 1.0
58 11 4 58 35 1.0
58 12 28 58 29 1.0
58 13 35 58 28 1.0
58 14 36 58 28 1.0
58 15 30 58 29 1.0
58 16 14 58 27 1.0
58 17 0 58 24 1.0
58 18 0 58 18 1.0
58 19 0 58 19 1.0
58 20 0 58 20 1.0
58 21 0 58 21 1.0
58 22 0 58 22 1.0
58 23 0 58 23 1.0
58 24 0 58 24 1.0
58 25 0 58 25 1.0
58 26 0 58 26 1.0
58 27 0 58 27 1.0
58 28 0 58 28 1.0
58 29 0 58 29 1.0
58 30 0 58 30 1.0
58 31 0 58 31 1.0
58 32 0 58 32 1.0
58 33 0 58 33 1.0
58 34 0 58 34 1.0
58 35 0 58 35 1.0
58 36 0 58 36 1.0
58 37 0 58 37 1.0
58 38 106 58 3 1.0
58 39 106 58 3 1.0
58 40 101 58 2 1.0
58 41 99 58 2 1.0
58 42 119 58 5 1.0
58 43 105 58 3 1.0
58 44 113 58 4 1.0
58 45 3 58 21 1.0
58 46 4 58 22 1.0
58 47 3 58 21 1.0
58 48 3 58 21 1.0
58 49 4 58 22 1.0
58 50 5 58 23 1.0
58 51 4 58 22 1.0
58 52 16 58 3 1.0
58 53 14 58 1 1.0
58 54 7 58 26 1.0
58 55 4 58 30 1.0
58 56 4 58 30 1.0
58 57 7 58 26 1.0
58 59 5 58 28 1.0
58 60 0 58 24 1.0
58 61 11 58 35 1.0
58 62 7 58 31 1.0
58 63 0 58 24 1.0
58 64 13 58 37 1.0
58 65 0 58 24 1.0
58 66 31 58 22 1.0
58 67 67 58 35 1.0
58 68 82 58 37 1.0
58 69 67 58 35 1.0
58 70 3 58 18 1.0
58 71 25 58 21 1.0
58 72 74 58 36 1.0
58 73 1 58 18 1.0
58 74 1 58 18 1.0
58 75 2 58 19 1.0
58 76 10 58 4 1.0
58 77 7 58 1 1.0
58 78 0 58 0 1.0
58 79 9 58 3 1.0
59 0 5 59 28 1.0
59 1 5 59 28 1.0
59 2 5 59 28 1.0
59 4 4 59 29 1.0
59 8 0 59 8 1.0
59 9 0 59 9 1.0
59 10 0 59 10 1.0
59 11 0 59 11 1.0
59 12 0 59 12 1.0
59 13 0 59 13 1.0
59 14 0 59 14 1.0
59 15 0 59 15 1.0
59 16 0 59 16 1.0
59 17 0 59 17 1.0
59 19 139 59 37 1.0
59 22 139 59 37 1.0
59 23 107 59 33 1.0
59 25 0 59 25 1.0
59 26 0 59 26 1.0
59 27 0 59 27 1.0
59 31 0 59 31 1.0
59 33 0 59 33 1.0
59 34 0 59 34 1.0
59 35 0 59 35 1.0
59 37 0 59 37 1.0
59 38 2 59 13 1.0
59 40 3 59 14 1.0
59 41 3 59 14 1.0
59 42 2 59 13 1.0
59 43 1 59 12 1.0
59 46 97 59 7 1.0
59 50 87 59 6 1.0
59 51 119 59 11 1.0
59 53 0 59 24 1.0
59 54 0 59 24 1.0
59 55 5 59 28 1.0
59 56 4 59 29 1.0
59 57 0 59 24 1.0
59 58 5 59 28 1.0
59 60 22 59 8 1.0
59 61 8 59 31 1.0
59 62 8 59 31 1.0
59 63 21 59 7 1.0
59 64 21 59 7 1.0
59 65 21 59 7 1.0
59 66 6 59 6 1.0
59 67 8 59 8 1.0
59 68 5 59 17 1.0
59 69 0 59 16 1.0
59 70 2 59 13 1.0
59 73 56 59 13 1.0
59 76 56 59 13 1.0
59 77 25 59 29 1.0
59 78 35 59 28 1.0
59 79 28 59 29 1.0
60 0 5 60 28 1.0
60 1 5 60 28 1.0
60 2 5 60 28 1.0
60 3 5 60 28 1.0
60 7 0 60 7 1.0
60 8 0 60 8 1.0
60 9 0 60 9 1.0
60 10 0 60 10 1.0
60 14 0 60 14 1.0
60 15 0 60 15 1.0
60 18 107 60 33 1.0
60 23 128 60 36 1.0
60 25 0 60 25 1.0
60 26 0 60 26 1.0
60 27 0 60 27 1.0
60 29 0 60 29 1.0
60 32 0 60 32 1.0
60 33 0 60 33 1.0
60 34 0 60 34 1.0
60 35 0 60 35 1.0
60 37 0 60 37 1.0
60 38 2 60 13 1.0
60 39 2 60 13 1.0
60 40 3 60 14 1.0
60 41 3 60 14 1.0
60 43 2 60 13 1.0
60 45 119 60 11 1.0
60 46 119 60 11 1.0
60 47 97 60 7 1.0
60 48 119 60 11 1.0
60 49 119 60 11 1.0
60 50 104 60 8 1.0
60 51 119 60 11 1.0
60 53 0 60 24 1.0
60 54 5 60 28 1.0
60 55 5 60 28 1.0
60 56 12 60 36 1.0
60 57 0 60 24 1.0
60 58 5 60 28 1.0
60 59 8 60 31 1.0
60 61 8 60 31 1.0
60 62 25 60 11 1.0
60 63 8 60 31 1.0
60 64 8 60 31 1.0
60 65 8 60 31 1.0
60 66 2 60 13 1.0
60 67 7 60 7 1.0
60 68 10 60 10 1.0
60 69 1 60 12 1.0
60 70 2 60 13 1.0
60 76 57 60 13 1.0
60 77 77 60 17 1.0
60 78 82 60 17 1.0
60 79 50 60 12 1.0
61 1 3 61 30 1.0
61 2 3 61 30 1.0
61 4 5 61 28 1.0
61 10 0 61 10 1.0
61 11 0 61 11 1.0
61 12 0 61 12 1.0
61 13 0 61 13 1.0
61 14 0 61 14 1.0
61 15 0 61 15 1.0
61 16 0 61 16 1.0
61 17 0 61 17 1.0
61 18 135 61 37 1.0
61 20 114 61 34 1.0
61 21 128 61 36 1.0
61 22 132 61 36 1.0
61 23 114 61 34 1.0
61 24 0 61 24 1.0
61 25 0 61 25 1.0
61 26 0 61 26 1.0
61 27 0 61 27 1.0
61 28 0 61 28 1.0
61 29 0 61 29 1.0
61 30 0 61 30 1.0
61 32 0 61 32 1.0
61 36 0 61 36 1.0
61 37 0 61 37 1.0
61 38 2 61 13 1.0
61 39 2 61 13 1.0
61 40 4 61 15 1.0
61 41 3 61 14 1.0
61 42 1 61 12 1.0
61 45 91 61 7 1.0
61 46 97 61 7 1.0
61 48 95 61 7 1.0
61 49 91 61 7 1.0
61 50 104 61 8 1.0
61 51 85 61 6 1.0
61 52 10 61 34 1.0
61 53 9 61 33 1.0
61 54 11 61 35 1.0
61 55 11 61 35 1.0
61 56 7 61 31 1.0
61 57 9 61 33 1.0
61 58 10 61 34 1.0
61 59 8 61 31 1.0
61 60 8 61 31 1.0
61 62 8 61 31 1.0
61 63 8 61 31 1.0
61 64 8 61 31 1.0
61 65 8 61 31 1.0
61 66 7 61 7 1.0
61 67 0 61 16 1.0
61 68 3 61 14 1.0
61 69 9 61 9 1.0
61 70 7 61 7 1.0
61 71 1 61 12 1.0
61 72 7 61 7 1.0
61 75 56 61 13 1.0
61 76 56 61 13 1.0
61 77 61 61 13 1.0
61 78 61 61 13 1.0
61 79 82 61 17 1.0
62 1 0 62 24 1.0
62 2 0 62 24 1.0
62 6 0 62 6 1.0
62 7 0 62 7 1.0
62 8 0 62 8 1.0
62 9 0 62 9 1.0
62 11 0 62 11 1.0
62 12 0 62 12 1.0
62 13 0 62 13 1.0
62 14 0 62 14 1.0
62 15 0 62 15 1.0
62 16 0 62 16 1.0
62 17 0 62 17 1.0
62 18 135 62 37 1.0
62 19 91 62 31 1.0
62 20 114 62 34 1.0
62 21 135 62 37 1.0
62 22 114 62 34 1.0
62 23 91 62 31 1.0
62 25 0 62 25 1.0
62 26 0 62 26 1.0
62 27 0 62 27 1.0
62 28 0 62 28 1.0
62 29 0 62 29 1.0
62 30 0 62 30 1.0
62 32 0 62 32 1.0
62 33 0 62 33 1.0
62 34 0 62 34 1.0
62 35 0 62 35 1.0
62 36 0 62 36 1.0
62 37 0 62 37 1.0
62 38 0 62 16 1.0
62 39 1 62 12 1.0
62 40 4 62 15 1.0
62 41 3 62 14 1.0
62 42 5 62 17 1.0
62 43 1 62 12 1.0
62 44 1 62 12 1.0
62 45 123 62 11 1.0
62 46 95 62 7 1.0
62 47 97 62 7 1.0
62 48 95 62 7 1.0
62 49 97 62 7 1.0
62 50 115 62 10 1.0
62 51 112 62 10 1.0
62 52 7 62 31 1.0
62 53 13 62 37 1.0
62 54 0 62 24 1.0
62 55 0 62 24 1.0
62 56 13 62 37 1.0
62 57 13 62 37 1.0
62 58 0 62 24 1.0
62 59 8 62 31 1.0
62 60 8 62 31 1.0
62 61 8 62 31 1.0
62 63 8 62 31 1.0
62 64 8 62 31 1.0
62 65 8 62 31 1.0
62 66 10 62 10 1.0
62 67 11 62 11 1.0
62 68 8 62 8 1.0
62 69 11 62 11 1.0
62 70 11 62 11 1.0
62 72 10 62 10 1.0
62 73 43 62 16 1.0
62 74 56 62 13 1.0
62 75 42 62 16 1.0
62 76 42 62 16 1.0
62 77 1 62 24 1.0
62 78 3 62 24 1.0
62 79 49 62 12 1.0
63 0 2 63 27 1.0
63 1 5 63 28 1.0
63 2 2 63 27 1.0
63 3 4 63 29 1.0
63 4 6 63 26 1.0
63 5 4 63 29 1.0
63 6 0 63 6 1.0
63 7 0 63 7 1.0
63 8 0 63 8 1.0
63 9 0 63 9 1.0
63 10 0 63 10 1.0
63 11 0 63 11 1.0
63 12 0 63 12 1.0
63 14 0 63 14 1.0
63 15 0 63 15 1.0
63 16 0 63 16 1.0
63 17 0 63 17 1.0
63 18 108 63 33 1.0
63 19 133 63 37 1.0
63 20 128 63 36 1.0
63 21 136 63 37 1.0
63 22 122 63 35 1.0
63 23 98 63 32 1.0
63 24 0 63 24 1.0
63 25 0 63 25 1.0
63 26 0 63 26 1.0
63 27 0 63 27 1.0
63 28 0 63 28 1.0
63 29 0 63 29 1.0
63 30 0 63 30 1.0
63 31 0 63 31 1.0
63 32 0 63 32 1.0
63 33 0 63 33 1.0
63 34 0 63 34 1.0
63 35 0 63 35 1.0
63 36 0 63 36 1.0
63 37 0 63 37 1.0
63 38 3 63 14 1.0
63 39 3 63 14 1.0
63 40 5 63 17 1.0
63 41 5 63 17 1.0
63 42 3 63 14 1.0
63 43 3 63 14 1.0
63 44 0 63 16 1.0
63 45 102 63 8 1.0
63 46 113 63 10 1.0
63 47 119 63 11 1.0
63 48 89 63 6 1.0
63 49 117 63 10 1.0
63 50 119 63 11 1.0
63 51 119 63 11 1.0
63 52 13 63 37 1.0
63 53 6 63 26 1.0
63 54 6 63 26 1.0
63 55 3 63 30 1.0
63 56 6 63 26 1.0
63 57 6 63 26 1.0
63 58 13 63 37 1.0
63 59 8 63 31 1.0
63 60 22 63 8 1.0
63 61 8 63 31 1.0
63 62 8 63 31 1.0
63 64 21 63 7 1.0
63 65 25 63 11 1.0
63 67 10 63 10 1.0
63 68 7 63 7 1.0
63 69 10 63 10 1.0
63 70 10 63 10 1.0
63 71 2 63 13 1.0
63 72 5 63 17 1.0
63 73 60 63 13 1.0
63 74 59 63 13 1.0
63 75 57 63 13 1.0
63 76 39 63 26 1.0
63 77 58 63 13 1.0
63 78 56 63 13 1.0
63 79 54 63 12 1.0
64 0 2 64 27 1.0
64 1 4 64 29 1.0
64 2 2 64 27 1.0
64 3 4 64 29 1.0
64 4 3 64 30 1.0
64 5 0 64 24 1.0
64 6 0 64 6 1.0
64 7 0 64 7 1.0
64 8 0 64 8 1.0
64 9 0 64 9 1.0
64 10 0 64 10 1.0
64 11 0 64 11 1.0
64 12 0 64 12 1.0
64 13 0 64 13 1.0
64 14 0 64 14 1.0
64 15 0 64 15 1.0
64 16 0 64 16 1.0
64 17 0 64 17 1.0
64 18 105 64 33 1.0
64 19 136 64 37 1.0
64 20 108 64 33 1.0
64 21 119 64 35 1.0
64 22 119 64 35 1.0
64 23 112 64 34 1.0
64 24 0 64 24 1.0
64 25 0 64 25 1.0
64 26 0 64 26 1.0
64 27 0 64 27 1.0
64 28 0 64 28 1.0
64 29 0 64 29 1.0
64 30 0 64 30 1.0
64 31 0 64 31 1.0
64 32 0 64 32 1.0
64 33 0 64 33 1.0
64 34 0 64 34 1.0
64 35 0 64 35 1.0
64 36 0 64 36 1.0
64 37 0 64 37 1.0
64 38 4 64 15 1.0
64 39 4 64 15 1.0
64 40 0 64 16 1.0
64 41 5 64 17 1.0
64 42 4 64 15 1.0
64 43 4 64 15 1.0
64 44 0 64 16 1.0
64 45 105 64 9 1.0
64 46 97 64 7 1.0
64 47 112 64 10 1.0
64 48 84 64 6 1.0
64 49 112 64 10 1.0
64 50 91 64 7 1.0
64 51 104 64 8 1.0
64 52 13 64 37 1.0
64 53 4 64 29 1.0
64 54 7 64 31 1.0
64 55 3 64 30 1.0
64 56 3 64 30 1.0
64 57 5 64 28 1.0
64 58 13 64 37 1.0
64 59 8 64 31 1.0
64 60 21 64 7 1.0
64 61 8 64 31 1.0
64 62 23 64 9 1.0
64 63 25 64 11 1.0
64 65 25 64 11 1.0
64 66 6 64 6 1.0
64 67 7 64 7 1.0
64 68 2 64 13 1.0
64 69 7 64 7 1.0
64 70 7 64 7 1.0
64 71 5 64 17 1.0
64 72 5 64 17 1.0
64 73 30 64 28 1.0
64 74 78 64 17 1.0
64 75 81 64 17 1.0
64 76 55 64 12 1.0
64 77 54 64 12 1.0
64 78 30 64 28 1.0
64 79 42 64 16 1.0
65 0 2 65 27 1.0
65 1 2 65 27 1.0
65 2 2 65 27 1.0
65 3 4 65 29 1.0
65 4 4 65 29 1.0
65 5 6 65 26 1.0
65 6 0 65 6 1.0
65 7 0 65 7 1.0
65 8 0 65 8 1.0
65 9 0 65 9 1.0
65 10 0 65 10 1.0
65 11 0 65 11 1.0
65 12 0 65 12 1.0
65 13 0 65 13 1.0
65 14 0 65 14 1.0
65 15 0 65 15 1.0
65 16 0 65 16 1.0
65 17 0 65 17 1.0
65 18 136 65 37 1.0
65 19 118 65 34 1.0
65 20 100 65 32 1.0
65 21 111 65 33 1.0
65 22 91 65 31 1.0
65 23 119 65 35 1.0
65 24 0 65 24 1.0
65 25 0 65 25 1.0
65 26 0 65 26 1.0
65 27 0 65 27 1.0
65 28 0 65 28 1.0
65 29 0 65 29 1.0
65 30 0 65 30 1.0
65 31 0 65 31 1.0
65 32 0 65 32 1.0
65 33 0 65 33 1.0
65 34 0 65 34 1.0
65 35 0 65 35 1.0
65 36 0 65 36 1.0
65 37 0 65 37 1.0
65 38 3 65 14 1.0
65 39 4 65 15 1.0
65 40 3 65 14 1.0
65 41 5 65 17 1.0
65 42 0 65 16 1.0
65 43 5 65 17 1.0
65 44 1 65 12 1.0
65 45 119 65 11 1.0
65 46 117 65 10 1.0
65 47 98 65 8 1.0
65 48 118 65 10 1.0
65 49 89 65 6 1.0
65 50 125 65 11 1.0
65 51 105 65 9 1.0
65 52 5 65 28 1.0
65 53 6 65 26 1.0
65 54 6 65 26 1.0
65 55 3 65 30 1.0
65 56 3 65 30 1.0
65 57 5 65 28 1.0
65 58 10 65 34 1.0
65 59 8 65 31 1.0
65 60 22 65 8 1.0
65 61 8 65 31 1.0
65 62 8 65 31 1.0
65 63 25 65 11 1.0
65 64 24 65 10 1.0
65 66 6 65 6 1.0
65 67 7 65 7 1.0
65 68 3 65 14 1.0
65 69 10 65 10 1.0
65 70 8 65 8 1.0
65 71 0 65 16 1.0
65 72 10 65 10 1.0
65 73 50 65 12 1.0
65 74 62 65 13 1.0
65 75 24 65 29 1.0
65 76 33 65 28 1.0
65 77 42 65 16 1.0
65 78 56 65 13 1.0
65 79 56 65 13 1.0
66 0 15 66 40 1.0
66 1 8 66 39 1.0
66 2 35 66 43 1.0
66 3 15 66 40 1.0
66 4 15 66 40 1.0
66 5 36 66 43 1.0
66 6 0 66 6 1.0
66 7 0 66 7 1.0
66 8 0 66 8 1.0
66 9 0 66 9 1.0
66 10 0 66 10 1.0
66 11 0 66 11 1.0
66 12 0 66 12 1.0
66 13 0 66 13 1.0
66 14 0 66 14 1.0
66 15 0 66 15 1.0
66 16 0 66 16 1.0
66 17 0 66 17 1.0
66 18 4 66 49 1.0
66 19 4 66 49 1.0
66 20 4 66 49 1.0
66 21 4 66 49 1.0
66 22 4 66 49 1.0
66 23 4 66 49 1.0
66 24 15 66 13 1.0
66 25 8 66 12 1.0
66 26 8 66 12 1.0
66 27 8 66 12 1.0
66 28 15 66 13 1.0
66 29 28 66 15 1.0
66 30 15 66 13 1.0
66 31 5 66 11 1.0
66 32 2 66 8 1.0
66 33 5 66 11 1.0
66 34 4 66 10 1.0
66 35 5 66 11 1.0
66 36 4 66 10 1.0
66 37 1 66 7 1.0
66 38 0 66 38 1.0
66 39 0 66 39 1.0
66 40 0 66 40 1.0
66 41 0 66 41 1.0
66 42 0 66 42 1.0
66 43 0 66 43 1.0
66 44 0 66 44 1.0
66 45 0 66 45 1.0
66 46 0 66 46 1.0
66 47 0 66 47 1.0
66 48 0 66 48 1.0
66 49 0 66 49 1.0
66 50 0 66 50 1.0
66 52 24 66 49 1.0
66 53 24 66 49 1.0
66 54 0 66 45 1.0
66 55 18 66 48 1.0
66 56 24 66 49 1.0
66 57 24 66 49 1.0
66 58 24 66 49 1.0
66 59 2 66 13 1.0
66 60 8 66 8 1.0
66 61 6 66 6 1.0
66 62 2 66 13 1.0
66 63 3 66 14 1.0
66 65 6 66 6 1.0
66 67 7 66 44 1.0
66 68 7 66 44 1.0
66 69 16 66 13 1.0
66 70 16 66 13 1.0
66 72 6 66 43 1.0
66 73 10 66 48 1.0
66 74 10 66 48 1.0
66 75 0 66 38 1.0
66 76 11 66 49 1.0
66 77 13 66 51 1.0
67 0 37 67 43 1.0
67 1 0 67 38 1.0
67 2 1 67 38 1.0
67 3 14 67 40 1.0
67 4 15 67 40 1.0
67 5 2 67 38 1.0
67 6 0 67 6 1.0
67 7 0 67 7 1.0
67 8 0 67 8 1.0
67 9 0 67 9 1.0
67 10 0 67 10 1.0
67 11 0 67 11 1.0
67 12 0 67 12 1.0
67 13 0 67 13 1.0
67 14 0 67 14 1.0
67 15 0 67 15 1.0
67 16 0 67 16 1.0
67 17 0 67 17 1.0
67 18 6 67 51 1.0
67 19 2 67 47 1.0
67 20 6 67 51 1.0
67 21 3 67 48 1.0
67 22 6 67 51 1.0
67 23 5 67 50 1.0
67 24 8 67 12 1.0
67 25 16 67 13 1.0
67 26 14 67 13 1.0
67 27 2 67 16 1.0
67 28 17 67 13 1.0
67 29 15 67 13 1.0
67 30 17 67 13 1.0
67 31 3 67 9 1.0
67 32 0 67 6 1.0
67 33 0 67 6 1.0
67 34 3 67 9 1.0
67 35 1 67 7 1.0
67 36 1 67 7 1.0
67 37 4 67 10 1.0
67 38 0 67 38 1.0
67 39 0 67 39 1.0
67 40 0 67 40 1.0
67 41 0 67 41 1.0
67 42 0 67 42 1.0
67 43 0 67 43 1.0
67 44 0 67 44 1.0
67 45 0 67 45 1.0
67 46 0 67 46 1.0
67 47 0 67 47 1.0
67 48 0 67 48 1.0
67 49 0 67 49 1.0
67 50 0 67 50 1.0
67 51 0 67 51 1.0
67 52 28 67 49 1.0
67 53 24 67 49 1.0
67 54 18 67 48 1.0
67 55 18 67 48 1.0
67 56 81 67 11 1.0
67 57 81 67 11 1.0
67 58 23 67 48 1.0
67 59 10 67 10 1.0
67 60 9 67 9 1.0
67 61 8 67 8 1.0
67 62 1 67 12 1.0
67 63 7 67 7 1.0
67 64 2 67 13 1.0
67 65 3 67 14 1.0
67 66 3 67 40 1.0
67 68 17 67 14 1.0
67 69 16 67 13 1.0
67 70 0 67 16 1.0
67 71 6 67 43 1.0
67 72 6 67 43 1.0
67 73 5 67 43 1.0
67 74 5 67 43 1.0
67 75 10 67 48 1.0
67 76 10 67 48 1.0
67 77 5 67 43 1.0
67 78 5 67 43 1.0
67 79 5 67 43 1.0
68 0 21 68 41 1.0
68 1 1 68 38 1.0
68 2 0 68 38 1.0
68 3 2 68 38 1.0
68 4 36 68 43 1.0
68 5 15 68 40 1.0
68 6 0 68 6 1.0
68 7 0 68 7 1.0
68 8 0 68 8 1.0
68 9 0 68 9 1.0
68 10 0 68 10 1.0
68 11 0 68 11 1.0
68 12 0 68 12 1.0
68 13 0 68 13 1.0
68 14 0 68 14 1.0
68 15 0 68 15 1.0
68 16 0 68 16 1.0
68 17 0 68 17 1.0
68 18 6 68 51 1.0
68 19 2 68 47 1.0
68 20 6 68 51 1.0
68 21 3 68 48 1.0
68 22 2 68 47 1.0
68 23 6 68 51 1.0
68 24 24 68 14 1.0
68 25 17 68 13 1.0
68 26 8 68 12 1.0
68 27 35 68 17 1.0
68 28 20 68 13 1.0
68 29 9 68 12 1.0
68 30 29 68 15 1.0
68 31 1 68 7 1.0
68 32 3 68 9 1.0
68 33 0 68 6 1.0
68 34 3 68 9 1.0
68 35 1 68 7 1.0
68 36 1 68 7 1.0
68 37 4 68 10 1.0
68 38 0 68 38 1.0
68 39 0 68 39 1.0
68 40 0 68 40 1.0
68 41 0 68 41 1.0
68 42 0 68 42 1.0
68 43 0 68 43 1.0
68 44 0 68 44 1.0
68 45 0 68 45 1.0
68 46 0 68 46 1.0
68 47 0 68 47 1.0
68 48 0 68 48 1.0
68 49 0 68 49 1.0
68 50 0 68 50 1.0
68 51 0 68 51 1.0
68 52 32 68 50 1.0
68 53 58 68 8 1.0
68 54 18 68 48 1.0
68 55 18 68 48 1.0
68 56 18 68 48 1.0
68 57 81 68 11 1.0
68 58 23 68 48 1.0
68 59 3 68 14 1.0
68 60 2 68 13 1.0
68 61 8 68 8 1.0
68 62 0 68 16 1.0
68 63 11 68 11 1.0
68 64 2 68 13 1.0
68 65 4 68 15 1.0
68 66 3 68 40 1.0
68 67 17 68 14 1.0
68 69 16 68 13 1.0
68 70 16 68 13 1.0
68 71 6 68 43 1.0
68 72 0 68 16 1.0
68 73 11 68 49 1.0
68 74 5 68 43 1.0
68 75 10 68 48 1.0
68 76 1 68 39 1.0
68 77 5 68 43 1.0
68 78 5 68 43 1.0
68 79 5 68 43 1.0
69 0 15 69 40 1.0
69 1 1 69 38 1.0
69 2 0 69 38 1.0
69 3 35 69 43 1.0
69 4 0 69 38 1.0
69 5 15 69 40 1.0
69 6 0 69 6 1.0
69 7 0 69 7 1.0
69 8 0 69 8 1.0
69 9 0 69 9 1.0
69 10 0 69 10 1.0
69 11 0 69 11 1.0
69 12 0 69 12 1.0
69 14 0 69 14 1.0
69 15 0 69 15 1.0
69 16 0 69 16 1.0
69 17 0 69 17 1.0
69 18 2 69 47 1.0
69 19 5 69 50 1.0
69 20 5 69 50 1.0
69 21 5 69 50 1.0
69 22 5 69 50 1.0
69 23 1 69 46 1.0
69 24 1 69 16 1.0
69 25 7 69 12 1.0
69 26 20 69 13 1.0
69 27 1 69 16 1.0
69 28 36 69 17 1.0
69 29 1 69 16 1.0
69 30 29 69 15 1.0
69 31 5 69 11 1.0
69 32 4 69 10 1.0
69 33 3 69 9 1.0
69 34 2 69 8 1.0
69 35 4 69 10 1.0
69 36 1 69 7 1.0
69 37 3 69 9 1.0
69 38 0 69 38 1.0
69 39 0 69 39 1.0
69 40 0 69 40 1.0
69 41 0 69 41 1.0
69 42 0 69 42 1.0
69 43 0 69 43 1.0
69 44 0 69 44 1.0
69 45 0 69 45 1.0
69 46 0 69 46 1.0
69 47 0 69 47 1.0
69 48 0 69 48 1.0
69 49 0 69 49 1.0
69 50 0 69 50 1.0
69 51 0 69 51 1.0
69 52 79 69 11 1.0
69 53 27 69 49 1.0
69 54 81 69 11 1.0
69 55 81 69 11 1.0
69 56 27 69 49 1.0
69 57 28 69 49 1.0
69 58 3 69 45 1.0
69 59 0 69 16 1.0
69 60 7 69 7 1.0
69 61 5 69 17 1.0
69 62 7 69 7 1.0
69 63 6 69 6 1.0
69 64 1 69 12 1.0
69 65 11 69 11 1.0
69 66 16 69 13 1.0
69 67 16 69 13 1.0
69 68 16 69 13 1.0
69 70 16 69 13 1.0
69 71 6 69 43 1.0
69 72 16 69 13 1.0
69 73 10 69 48 1.0
69 74 0 69 38 1.0
69 75 4 69 42 1.0
69 76 11 69 49 1.0
69 77 9 69 47 1.0
69 78 2 69 40 1.0
69 79 2 69 40 1.0
70 0 6 70 38 1.0
70 1 39 70 43 1.0
70 2 7 70 39 1.0
70 3 29 70 42 1.0
70 4 11 70 39 1.0
70 5 4 70 38 1.0
70 6 0 70 6 1.0
70 7 0 70 7 1.0
70 9 0 70 9 1.0
70 10 0 70 10 1.0
70 11 0 70 11 1.0
70 12 0 70 12 1.0
70 14 0 70 14 1.0
70 15 0 70 15 1.0
70 19 5 70 50 1.0
70 20 6 70 51 1.0
70 22 3 70 48 1.0
70 23 5 70 50 1.0
70 24 11 70 12 1.0
70 25 2 70 16 1.0
70 26 36 70 17 1.0
70 27 20 70 13 1.0
70 29 28 70 15 1.0
70 30 30 70 15 1.0
70 31 3 70 9 1.0
70 32 5 70 11 1.0
70 33 5 70 11 1.0
70 34 1 70 7 1.0
70 36 2 70 8 1.0
70 37 2 70 8 1.0
70 40 0 70 40 1.0
70 41 0 70 41 1.0
70 42 0 70 42 1.0
70 44 0 70 44 1.0
70 45 0 70 45 1.0
70 47 0 70 47 1.0
70 49 0 70 49 1.0
70 50 0 70 50 1.0
70 51 0 70 51 1.0
70 53 79 70 11 1.0
70 54 81 70 11 1.0
70 55 21 70 48 1.0
70 56 0 70 45 1.0
70 57 7 70 46 1.0
70 58 28 70 49 1.0
70 60 2 70 13 1.0
70 61 2 70 13 1.0
70 62 8 70 8 1.0
70 63 1 70 12 1.0
70 64 4 70 15 1.0
70 65 3 70 14 1.0
70 66 1 70 38 1.0
70 67 0 70 16 1.0
70 68 0 70 16 1.0
70 69 16 70 13 1.0
70 71 15 70 12 1.0
70 72 6 70 43 1.0
70 73 0 70 38 1.0
70 74 1 70 39 1.0
70 76 11 70 49 1.0
70 77 1 70 39 1.0
70 78 10 70 48 1.0
70 79 0 70 38 1.0
71 0 83 71 47 0.671875
71 0 93 71 48 0.328125
71 1 83 71 47 1.0
71 2 48 71 44 1.0
71 3 59 71 45 0.5
71 3 108 71 49 0.5
71 4 119 71 50 1.0
71 5 94 71 48 1.0
71 6 0 71 6 1.0
71 7 0 71 7 1.0
71 9 0 71 9 1.0
71 10 0 71 10 1.0
71 12 0 71 12 1.0
71 14 0 71 14 1.0
71 15 0 71 15 1.0
71 16 0 71 16 1.0
71 19 0 71 45 1.0
71 20 0 71 45 1.0
71 21 4 71 49 1.0
71 22 4 71 49 1.0
71 23 0 71 45 1.0
71 24 55 71 6 1.0
71 25 59 71 7 1.0
71 26 7 71 12 1.0
71 27 15 71 13 1.0
71 29 29 71 15 1.0
71 30 23 71 14 0.609375
71 30 60 71 7 0.390625
71 31 3 71 9 1.0
71 32 1 71 7 1.0
71 33 5 71 11 1.0
71 40 0 71 40 1.0
71 41 0 71 41 1.0
71 42 0 71 42 1.0
71 43 0 71 43 1.0
71 44 0 71 44 1.0
71 45 0 71 45 1.0
71 47 0 71 47 1.0
71 48 0 71 48 1.0
71 51 0 71 51 1.0
71 53 7 71 46 1.0
71 54 31 71 50 1.0
71 55 18 71 48 1.0
71 56 6 71 46 1.0
71 57 25 71 49 1.0
71 58 24 71 49 1.0
71 61 2 71 13 1.0
71 63 8 71 8 1.0
71 64 0 71 16 1.0
71 65 3 71 14 1.0
71 66 1 71 38 1.0
71 67 16 71 13 1.0
71 68 16 71 13 1.0
71 69 16 71 13 1.0
71 70 11 71 48 1.0
71 72 13 71 50 1.0
71 73 3 71 41 1.0
71 74 13 71 51 1.0
71 77 12 71 50 1.0
71 78 5 71 43 1.0
71 79 11 71 49 1.0
72 0 13 72 39 1.0
72 1 36 72 43 1.0
72 2 35 72 43 1.0
72 3 8 72 39 1.0
72 4 13 72 39 1.0
72 5 2 72 38 0.3125
72 5 28 72 42 0.6875
72 6 0 72 6 1.0
72 7 0 72 7 1.0
72 8 0 72 8 1.0
72 9 0 72 9 1.0
72 10 0 72 10 1.0
72 11 0 72 11 1.0
72 12 0 72 12 1.0
72 13 0 72 13 1.0
72 14 0 72 14 1.0
72 15 0 72 15 1.0
72 17 0 72 17 1.0
72 19 5 72 50 1.0
72 20 6 72 51 1.0
72 23 6 72 51 1.0
72 24 0 72 16 1.0
72 25 2 72 16 1.0
72 26 4 72 16 1.0
72 27 2 72 16 1.0
72 29 28 72 15 1.0
72 30 17 72 13 1.0
72 31 1 72 7 1.0
72 32 2 72 8 1.0
72 36 0 72 6 1.0
72 37 1 72 7 1.0
72 39 0 72 39 1.0
72 40 0 72 40 1.0
72 41 0 72 41 1.0
72 42 0 72 42 1.0
72 43 0 72 43 1.0
72 44 0 72 44 1.0
72 45 0 72 45 1.0
72 46 0 72 46 1.0
72 48 0 72 48 1.0
72 50 0 72 50 1.0
72 51 0 72 51 1.0
72 53 0 72 45 1.0
72 54 58 72 8 1.0
72 55 28 72 49 1.0
72 56 46 72 6 1.0
72 57 51 72 7 1.0
72 58 12 72 47 1.0
72 62 0 72 16 1.0
72 63 1 72 12 1.0
72 64 1 72 12 1.0
72 65 10 72 10 1.0
72 66 1 72 38 1.0
72 67 0 72 16 1.0
72 68 0 72 16 1.0
72 69 0 72 16 1.0
72 70 0 72 16 1.0
72 71 15 72 12 1.0
72 73 1 72 39 1.0
72 74 9 72 47 1.0
72 77 9 72 47 1.0
72 78 10 72 48 1.0
72 79 10 72 48 1.0
73 0 0 73 0 1.0
73 1 0 73 1 1.0
73 2 0 73 2 1.0
73 3 0 73 3 1.0
73 4 0 73 4 1.0
73 5 0 73 5 1.0
73 6 31 73 40 1.0
73 7 16 73 39 1.0
73 8 67 73 43 1.0
73 9 67 73 43 1.0
73 10 135 73 51 1.0
73 14 2 73 40 1.0
73 15 4 73 42 1.0
73 19 0 73 19 1.0
73 20 0 73 20 1.0
73 21 0 73 21 1.0
73 22 0 73 22 1.0
73 23 0 73 23 1.0
73 24 3 73 3 1.0
73 25 3 73 3 1.0
73 26 5 73 5 1.0
73 27 0 73 0 1.0
73 29 5 73 5 1.0
73 30 4 73 4 1.0
73 31 72 73 2 1.0
73 32 32 73 20 1.0
73 33 16 73 18 1.0
73 34 16 73 18 1.0
73 35 16 73 18 1.0
73 39 0 73 39 1.0
73 40 0 73 40 1.0
73 41 0 73 41 1.0
73 42 0 73 42 1.0
73 44 0 73 44 1.0
73 45 0 73 45 1.0
73 46 0 73 46 1.0
73 47 0 73 47 1.0
73 50 0 73 50 1.0
73 51 0 73 51 1.0
73 52 1 73 18 1.0
73 53 3 73 20 1.0
73 54 2 73 19 1.0
73 55 1 73 18 1.0
73 56 5 73 22 1.0
73 57 4 73 21 1.0
73 58 0 73 0 1.0
73 60 74 73 43 1.0
73 61 74 73 43 1.0
73 62 74 73 43 1.0
73 63 68 73 42 0.96875
73 63 72 73 43 0.03125
73 64 67 73 42 1.0
73 65 76 73 43 1.0
73 66 11 73 49 1.0
73 67 8 73 46 1.0
73 68 5 73 43 1.0
73 69 0 73 38 1.0
73 70 8 73 46 1.0
73 71 3 73 41 0.84375
73 71 5 73 43 0.15625
73 72 10 73 48 1.0
73 74 19 73 45 0.890625
73 74 22 73 48 0.109375
73 77 1 73 18 1.0
73 78 1 73 18 1.0
73 79 1 73 18 1.0
74 0 0 74 0 1.0
74 1 0 74 1 1.0
74 2 0 74 2 1.0
74 3 0 74 3 1.0
74 4 0 74 4 1.0
74 5 0 74 5 1.0
74 6 66 74 43 1.0
74 7 31 74 40 1.0
74 9 15 74 39 1.0
74 10 121 74 49 1.0
74 11 67 74 43 1.0
74 12 4 74 42 1.0
74 14 2 74 40 1.0
74 15 2 74 40 1.0
74 19 0 74 19 1.0
74 20 0 74 20 1.0
74 23 0 74 23 1.0
74 24 0 74 0 1.0
74 25 0 74 0 1.0
74 26 3 74 3 1.0
74 27 4 74 4 1.0
74 28 0 74 0 1.0
74 29 3 74 3 1.0
74 30 5 74 5 1.0
74 31 105 74 4 1.0
74 32 49 74 23 1.0
74 35 16 74 18 1.0
74 40 0 74 40 1.0
74 41 0 74 41 1.0
74 42 0 74 42 1.0
74 44 0 74 44 1.0
74 45 0 74 45 1.0
74 46 0 74 46 1.0
74 47 0 74 47 1.0
74 50 0 74 50 1.0
74 51 0 74 51 1.0
74 53 3 74 20 1.0
74 54 4 74 21 1.0
74 55 5 74 22 1.0
74 56 1 74 18 1.0
74 57 10 74 4 1.0
74 58 4 74 21 1.0
74 61 74 74 43 1.0
74 62 74 74 43 1.0
74 63 67 74 42 1.0
74 64 5 74 0 1.0
74 65 73 74 43 1.0
74 67 5 74 43 1.0
74 68 1 74 39 1.0
74 69 0 74 38 1.0
74 70 1 74 39 1.0
74 71 3 74 41 1.0
74 72 11 74 49 1.0
74 73 4 74 21 0.390625
74 73 6 74 23 0.609375
74 75 1 74 18 1.0
74 77 1 74 18 1.0
74 78 1 74 18 1.0
74 79 1 74 18 1.0
75 0 0 75 0 1.0
75 1 0 75 1 1.0
75 2 0 75 2 1.0
75 3 0 75 3 1.0
75 4 0 75 4 1.0
75 7 67 75 43 1.0
75 8 67 75 43 1.0
75 9 67 75 43 1.0
75 10 67 75 43 1.0
75 11 67 75 43 1.0
75 14 0 75 38 1.0
75 15 0 75 38 1.0
75 16 0 75 38 1.0
75 18 0 75 18 1.0
75 19 0 75 19 1.0
75 20 0 75 20 1.0
75 21 0 75 21 1.0
75 23 0 75 23 1.0
75 25 5 75 5 1.0
75 26 2 75 2 1.0
75 27 4 75 4 1.0
75 29 5 75 5 1.0
75 32 16 75 18 1.0
75 33 44 75 22 1.0
75 34 48 75 22 1.0
75 37 44 75 22 1.0
75 38 0 75 38 1.0
75 39 0 75 39 1.0
75 40 0 75 40 1.0
75 41 0 75 41 1.0
75 42 0 75 42 1.0
75 45 0 75 45 1.0
75 47 0 75 47 1.0
75 48 0 75 48 1.0
75 49 0 75 49 1.0
75 50 0 75 50 1.0
75 51 0 75 51 1.0
75 53 2 75 19 1.0
75 54 10 75 4 1.0
75 55 0 75 0 1.0
75 56 9 75 3 1.0
75 57 0 75 0 1.0
75 58 11 75 5 1.0
75 60 74 75 43 1.0
75 61 74 75 43 1.0
75 62 74 75 43 1.0
75 63 39 75 5 1.0
75 64 40 75 5 1.0
75 65 39 75 5 1.0
75 66 8 75 46 1.0
75 67 1 75 39 1.0
75 68 9 75 47 1.0
75 69 6 75 44 1.0
75 73 5 75 22 1.0
75 76 1 75 18 1.0
75 77 5 75 22 1.0
75 78 5 75 22 1.0
75 79 5 75 22 1.0
76 1 0 76 1 1.0
76 2 0 76 2 1.0
76 5 0 76 5 1.0
76 6 67 76 43 1.0
76 7 67 76 43 1.0
76 9 67 76 43 1.0
76 10 67 76 43 1.0
76 11 67 76 43 1.0
76 12 1 76 39 1.0
76 13 5 76 43 1.0
76 14 5 76 43 1.0
76 15 4 76 42 1.0
76 16 1 76 39 1.0
76 19 0 76 19 1.0
76 21 0 76 21 1.0
76 22 0 76 22 1.0
76 25 3 76 3 1.0
76 26 1 76 1 1.0
76 27 3 76 3 1.0
76 29 4 76 4 1.0
76 33 16 76 18 1.0
76 34 16 76 18 1.0
76 37 20 76 18 1.0
76 40 0 76 40 1.0
76 41 0 76 41 1.0
76 42 0 76 42 1.0
76 43 0 76 43 1.0
76 45 0 76 45 1.0
76 46 0 76 46 1.0
76 47 0 76 47 1.0
76 50 0 76 50 1.0
76 51 0 76 51 1.0
76 52 1 76 18 1.0
76 53 6 76 23 1.0
76 54 0 76 0 1.0
76 55 0 76 0 1.0
76 56 7 76 1 1.0
76 57 11 76 5 1.0
76 58 10 76 4 1.0
76 61 74 76 43 1.0
76 62 74 76 43 1.0
76 63 73 76 43 1.0
76 64 6 76 0 1.0
76 65 32 76 4 1.0
76 66 11 76 49 1.0
76 67 1 76 39 1.0
76 68 11 76 49 1.0
76 69 11 76 49 1.0
76 72 0 76 38 1.0
76 77 1 76 18 1.0
76 78 1 76 18 1.0
76 79 1 76 18 1.0
77 0 0 77 0 1.0
77 1 0 77 1 1.0
77 2 0 77 2 1.0
77 3 0 77 3 1.0
77 4 0 77 4 1.0
77 5 0 77 5 1.0
77 6 125 77 49 1.0
77 7 104 77 46 1.0
77 8 130 77 50 1.0
77 9 118 77 48 1.0
77 10 67 77 43 1.0
77 11 137 77 51 1.0
77 12 1 77 39 1.0
77 13 5 77 43 1.0
77 14 5 77 43 1.0
77 15 1 77 39 1.0
77 16 1 77 39 1.0
77 17 0 77 38 1.0
77 18 0 77 18 1.0
77 19 0 77 19 1.0
77 20 0 77 20 1.0
77 21 0 77 21 1.0
77 22 0 77 22 1.0
77 23 0 77 23 1.0
77 24 2 77 2 1.0
77 25 3 77 3 1.0
77 26 2 77 2 1.0
77 27 0 77 0 1.0
77 28 5 77 5 1.0
77 29 4 77 4 1.0
77 30 0 77 0 1.0
77 31 42 77 22 1.0
77 32 41 77 21 1.0
77 33 21 77 19 1.0
77 34 41 77 21 1.0
77 35 24 77 19 1.0
77 36 20 77 18 1.0
77 37 20 77 18 1.0
77 38 0 77 38 1.0
77 39 0 77 39 1.0
77 40 0 77 40 1.0
77 41 0 77 41 1.0
77 42 0 77 42 1.0
77 43 0 77 43 1.0
77 44 0 77 44 1.0
77 45 0 77 45 1.0
77 46 0 77 46 1.0
77 47 0 77 47 1.0
77 48 0 77 48 1.0
77 49 0 77 49 1.0
77 50 0 77 50 1.0
77 51 0 77 51 1.0
77 52 10 77 4 1.0
77 53 5 77 22 1.0
77 54 8 77 2 1.0
77 55 11 77 5 1.0
77 56 1 77 18 1.0
77 57 1 77 18 1.0
77 58 6 77 23 1.0
77 59 25 77 3 1.0
77 60 66 77 42 1.0
77 61 38 77 5 1.0
77 62 80 77 44 1.0
77 63 43 77 38 1.0
77 64 33 77 4 1.0
77 65 77 77 43 1.0
77 66 2 77 40 1.0
77 67 3 77 41 1.0
77 68 2 77 40 1.0
77 69 2 77 40 1.0
77 70 5 77 43 1.0
77 71 0 77 38 1.0
77 72 5 77 43 1.0
77 73 22 77 48 1.0
77 74 22 77 48 1.0
77 75 1 77 18 1.0
77 76 1 77 18 1.0
77 78 25 77 51 1.0
77 79 1 77 18 1.0
78 0 0 78 0 1.0
78 1 0 78 1 1.0
78 2 0 78 2 1.0
78 3 0 78 3 1.0
78 4 0 78 4 1.0
78 5 0 78 5 1.0
78 6 123 78 49 1.0
78 7 121 78 49 1.0
78 8 123 78 49 1.0
78 9 110 78 47 1.0
78 10 116 78 48 1.0
78 11 118 78 48 1.0
78 12 2 78 40 1.0
78 13 5 78 43 1.0
78 14 2 78 40 1.0
78 15 1 78 39 1.0
78 16 2 78 40 1.0
78 17 0 78 38 1.0
78 18 0 78 18 1.0
78 19 0 78 19 1.0
78 20 0 78 20 1.0
78 21 0 78 21 1.0
78 22 0 78 22 1.0
78 23 0 78 23 1.0
78 24 2 78 2 1.0
78 25 5 78 5 1.0
78 26 2 78 2 1.0
78 27 0 78 0 1.0
78 28 1 78 1 1.0
78 29 5 78 5 1.0
78 30 2 78 2 1.0
78 31 27 78 19 1.0
78 32 24 78 19 1.0
78 33 28 78 20 1.0
78 34 21 78 19 1.0
78 35 20 78 18 1.0
78 36 20 78 18 1.0
78 37 24 78 19 1.0
78 38 0 78 38 1.0
78 39 0 78 39 1.0
78 40 0 78 40 1.0
78 41 0 78 41 1.0
78 42 0 78 42 1.0
78 43 0 78 43 1.0
78 44 0 78 44 1.0
78 45 0 78 45 1.0
78 46 0 78 46 1.0
78 47 0 78 47 1.0
78 48 0 78 48 1.0
78 49 0 78 49 1.0
78 50 0 78 50 1.0
78 51 0 78 51 1.0
78 52 9 78 3 1.0
78 53 5 78 22 1.0
78 54 1 78 18 1.0
78 55 11 78 5 1.0
78 56 11 78 5 1.0
78 57 1 78 18 1.0
78 58 5 78 22 1.0
78 59 25 78 3 1.0
78 60 78 78 44 1.0
78 61 53 78 39 1.0
78 62 31 78 4 1.0
78 63 67 78 42 1.0
78 64 74 78 43 1.0
78 65 74 78 43 1.0
78 67 2 78 40 1.0
78 68 7 78 45 1.0
78 69 13 78 51 1.0
78 70 0 78 38 1.0
78 71 11 78 49 1.0
78 72 1 78 39 1.0
78 73 22 78 48 1.0
78 74 22 78 48 1.0
78 75 1 78 18 1.0
78 76 1 78 18 1.0
78 77 25 78 51 1.0
78 79 23 78 49 1.0
79 0 0 79 0 1.0
79 1 0 79 1 1.0
79 2 0 79 2 1.0
79 3 0 79 3 1.0
79 4 0 79 4 1.0
79 5 0 79 5 1.0
79 6 123 79 49 1.0
79 7 110 79 47 1.0
79 8 119 79 49 1.0
79 9 105 79 47 1.0
79 10 118 79 48 1.0
79 11 95 79 45 1.0
79 12 2 79 40 1.0
79 14 2 79 40 1.0
79 15 0 79 38 1.0
79 16 2 79 40 1.0
79 17 2 79 40 1.0
79 18 0 79 18 1.0
79 19 0 79 19 1.0
79 20 0 79 20 1.0
79 21 0 79 21 1.0
79 22 0 79 22 1.0
79 23 0 79 23 1.0
79 24 3 79 3 1.0
79 25 0 79 0 1.0
79 26 1 79 1 1.0
79 27 0 79 0 1.0
79 28 5 79 5 1.0
79 29 0 79 0 1.0
79 30 4 79 4 1.0
79 31 34 79 20 1.0
79 32 27 79 19 1.0
79 33 45 79 22 1.0
79 34 42 79 22 1.0
79 35 28 79 20 1.0
79 36 21 79 19 1.0
79 37 21 79 19 1.0
79 38 0 79 38 1.0
79 39 0 79 39 1.0
79 40 0 79 40 1.0
79 41 0 79 41 1.0
79 42 0 79 42 1.0
79 43 0 79 43 1.0
79 44 0 79 44 1.0
79 45 0 79 45 1.0
79 46 0 79 46 1.0
79 47 0 79 47 1.0
79 48 0 79 48 1.0
79 49 0 79 49 1.0
79 50 0 79 50 1.0
79 51 0 79 51 1.0
79 52 0 79 0 1.0
79 53 5 79 22 1.0
79 54 1 79 18 1.0
79 55 11 79 5 1.0
79 56 4 79 21 1.0
79 57 1 79 18 1.0
79 58 5 79 22 1.0
79 59 68 79 42 1.0
79 60 24 79 3 1.0
79 61 68 79 42 1.0
79 62 7 79 1 1.0
79 63 43 79 38 1.0
79 64 74 79 43 1.0
79 65 74 79 43 1.0
79 67 2 79 40 1.0
79 68 0 79 38 1.0
79 69 2 79 40 1.0
79 70 0 79 38 1.0
79 71 11 79 49 1.0
79 72 5 79 43 1.0
79 73 22 79 48 1.0
79 74 22 79 48 1.0
79 75 1 79 18 1.0
79 76 1 79 18 1.0
79 77 25 79 51 1.0
79 78 3 79 20 1.0
