0 1 5 0 30 1.0
0 2 25 0 22 1.0
0 3 2 0 55 1.0
0 4 25 0 22 1.0
0 5 2 0 55 1.0
0 6 89 0 52 1.0
0 7 111 0 26 1.0
0 9 77 0 53 0.34375
0 9 87 0 52 0.65625
0 10 19 0 25 1.0
0 14 87 0 73 1.0
0 15 53 0 74 1.0
0 18 0 0 18 1.0
0 19 0 0 19 1.0
0 20 0 0 20 1.0
0 22 0 0 22 1.0
0 23 0 0 23 1.0
0 24 0 0 24 1.0
0 25 0 0 25 1.0
0 26 0 0 26 1.0
0 27 0 0 27 1.0
0 29 0 0 29 1.0
0 30 0 0 30 1.0
0 31 9 0 26 1.0
0 32 11 0 56 1.0
0 38 6 0 73 1.0
0 40 5 0 78 1.0
0 41 6 0 73 1.0
0 42 2 0 74 1.0
0 44 4 0 77 1.0
0 45 9 0 20 1.0
0 50 5 0 78 1.0
0 51 5 0 78 1.0
0 53 0 0 53 1.0
0 54 0 0 54 1.0
0 55 0 0 55 1.0
0 56 0 0 56 1.0
0 57 0 0 57 1.0
0 63 6 0 26 1.0
0 64 2 0 27 1.0
0 65 1 0 25 1.0
0 66 133 0 23 1.0
0 67 92 0 73 1.0
0 68 28 0 74 1.0
0 69 33 0 74 1.0
0 70 94 0 73 1.0
0 71 137 0 23 1.0
0 72 92 0 73 1.0
0 73 0 0 73 1.0
0 74 0 0 74 1.0
0 75 0 0 75 1.0
0 77 0 0 77 1.0
0 78 0 0 78 1.0
0 79 0 0 79 1.0
1 0 8 1 53 0.28125
1 0 15 1 73 0.71875
1 2 25 1 22 1.0
1 3 20 1 58 1.0
1 4 7 1 76 1.0
1 5 9 1 74 1.0
1 6 71 1 29 1.0
1 7 55 1 30 1.0
1 8 77 1 53 1.0
1 9 12 1 24 1.0
1 10 52 1 30 1.0
1 11 0 1 24 1.0
1 12 54 1 74 1.0
1 13 49 1 74 1.0
1 14 54 1 74 1.0
1 15 28 1 30 1.0
1 16 75 1 77 1.0
1 17 54 1 74 1.0
1 18 0 1 18 1.0
1 19 0 1 19 1.0
1 20 0 1 20 1.0
1 21 0 1 21 1.0
1 22 0 1 22 1.0
1 23 0 1 23 1.0
1 24 0 1 24 1.0
1 25 0 1 25 1.0
1 26 0 1 26 1.0
1 27 0 1 27 1.0
1 28 0 1 28 1.0
1 29 0 1 29 1.0
1 30 0 1 30 1.0
1 31 13 1 58 1.0
1 32 12 1 57 1.0
1 34 4 1 30 1.0
1 35 4 1 30 1.0
1 37 4 1 30 1.0
1 38 2 1 74 1.0
1 39 2 1 74 1.0
1 41 0 1 75 1.0
1 42 5 1 78 1.0
1 43 2 1 74 1.0
1 44 5 1 78 1.0
1 45 10 1 21 1.0
1 47 4 1 77 1.0
1 48 2 1 74 1.0
1 49 2 1 74 1.0
1 50 1 1 76 1.0
1 51 4 1 77 1.0
1 52 0 1 52 1.0
1 53 0 1 53 1.0
1 54 0 1 54 1.0
1 55 0 1 55 1.0
1 56 0 1 56 1.0
1 57 0 1 57 1.0
1 58 0 1 58 1.0
1 59 3 1 30 1.0
1 60 0 1 24 1.0
1 61 3 1 30 1.0
1 62 0 1 24 1.0
1 63 0 1 24 1.0
1 64 3 1 30 1.0
1 65 0 1 24 1.0
1 66 37 1 74 1.0
1 67 29 1 74 1.0
1 68 28 1 74 1.0
1 69 33 1 74 1.0
1 70 56 1 77 1.0
1 71 69 1 77 1.0
1 72 73 1 78 1.0
1 73 0 1 73 1.0
1 74 0 1 74 1.0
1 75 0 1 75 1.0
1 76 0 1 76 1.0
1 77 0 1 77 1.0
1 78 0 1 78 1.0
1 79 0 1 79 1.0
2 0 24 2 21 1.0
2 1 22 2 19 1.0
2 3 8 2 53 0.6875
2 3 22 2 19 0.3125
2 4 22 2 19 1.0
2 5 22 2 19 1.0
2 6 4 2 24 1.0
2 7 27 2 25 1.0
2 8 77 2 53 1.0
2 9 26 2 25 1.0
2 10 42 2 27 1.0
2 11 51 2 30 1.0
2 12 90 2 73 1.0
2 13 18 2 75 1.0
2 14 90 2 73 1.0
2 15 4 2 24 1.0
2 16 90 2 73 1.0
2 17 90 2 73 1.0
2 18 0 2 18 1.0
2 19 0 2 19 1.0
2 20 0 2 20 1.0
2 21 0 2 21 1.0
2 22 0 2 22 1.0
2 23 0 2 23 1.0
2 24 0 2 24 1.0
2 25 0 2 25 1.0
2 26 0 2 26 1.0
2 27 0 2 27 1.0
2 28 0 2 28 1.0
2 29 0 2 29 1.0
2 30 0 2 30 1.0
2 31 5 2 29 1.0
2 32 4 2 30 1.0
2 33 4 2 30 1.0
2 34 4 2 30 1.0
2 35 4 2 30 1.0
2 36 4 2 30 1.0
2 37 4 2 30 1.0
2 39 6 2 73 1.0
2 40 6 2 73 1.0
2 41 3 2 79 1.0
2 42 5 2 78 1.0
2 44 5 2 78 1.0
2 45 1 2 76 1.0
2 46 6 2 73 1.0
2 47 8 2 19 1.0
2 48 8 2 19 1.0
2 49 8 2 19 1.0
2 50 12 2 23 1.0
2 51 2 2 74 1.0
2 52 0 2 52 1.0
2 53 0 2 53 1.0
2 54 0 2 54 1.0
2 55 0 2 55 1.0
2 56 0 2 56 1.0
2 57 0 2 57 1.0
2 58 0 2 58 1.0
2 59 3 2 30 1.0
2 60 3 2 30 1.0
2 61 3 2 30 1.0
2 62 3 2 30 1.0
2 63 0 2 24 1.0
2 64 5 2 28 1.0
2 65 3 2 30 1.0
2 66 108 2 19 1.0
2 67 117 2 20 1.0
2 68 108 2 19 1.0
2 70 106 2 19 1.0
2 71 49 2 79 1.0
2 72 107 2 19 1.0
2 73 0 2 73 1.0
2 74 0 2 74 1.0
2 76 0 2 76 1.0
2 77 0 2 77 1.0
2 78 0 2 78 1.0
2 79 0 2 79 1.0
3 0 25 3 22 1.0
3 1 15 3 73 1.0
3 2 8 3 53 1.0
3 4 19 3 57 1.0
3 5 20 3 58 1.0
3 6 28 3 55 1.0
3 7 141 3 58 1.0
3 9 13 3 24 1.0
3 10 62 3 30 1.0
3 11 50 3 30 1.0
3 14 12 3 25 1.0
3 15 84 3 73 1.0
3 16 54 3 74 1.0
3 19 0 3 19 1.0
3 20 0 3 20 1.0
3 23 0 3 23 1.0
3 24 0 3 24 1.0
3 25 0 3 25 1.0
3 26 0 3 26 1.0
3 27 0 3 27 1.0
3 29 0 3 29 1.0
3 30 0 3 30 1.0
3 31 9 3 26 1.0
3 32 0 3 24 1.0
3 35 4 3 30 1.0
3 39 2 3 74 1.0
3 40 4 3 77 1.0
3 41 3 3 79 1.0
3 42 2 3 74 1.0
3 44 4 3 77 1.0
3 45 12 3 23 1.0
3 47 6 3 73 1.0
3 48 6 3 73 1.0
3 50 9 3 20 1.0
3 51 6 3 73 1.0
3 53 0 3 53 1.0
3 54 0 3 54 1.0
3 56 0 3 56 1.0
3 57 0 3 57 1.0
3 58 0 3 58 1.0
3 60 4 3 29 1.0
3 62 3 3 30 1.0
3 63 3 3 30 1.0
3 64 5 3 28 1.0
3 65 0 3 24 1.0
3 67 33 3 74 1.0
3 68 91 3 73 1.0
3 69 29 3 74 1.0
3 70 88 3 73 1.0
3 71 107 3 19 1.0
3 72 94 3 73 1.0
3 73 0 3 73 1.0
3 74 0 3 74 1.0
3 77 0 3 77 1.0
3 78 0 3 78 1.0
3 79 0 3 79 1.0
4 0 2 4 55 1.0
4 1 25 4 22 1.0
4 2 24 4 21 1.0
4 3 18 4 56 1.0
4 5 8 4 53 1.0
4 6 84 4 52 1.0
4 7 32 4 55 1.0
4 9 143 4 58 1.0
4 10 5 4 24 1.0
4 14 10 4 25 1.0
4 15 50 4 74 1.0
4 16 74 4 77 1.0
4 19 0 4 19 1.0
4 20 0 4 20 1.0
4 23 0 4 23 1.0
4 24 0 4 24 1.0
4 25 0 4 25 1.0
4 26 0 4 26 1.0
4 27 0 4 27 1.0
4 29 0 4 29 1.0
4 30 0 4 30 1.0
4 31 5 4 29 1.0
4 32 6 4 53 1.0
4 40 0 4 75 1.0
4 41 5 4 78 1.0
4 42 6 4 73 1.0
4 44 4 4 77 1.0
4 45 8 4 19 1.0
4 46 6 4 73 1.0
4 50 9 4 20 1.0
4 51 6 4 73 1.0
4 53 0 4 53 1.0
4 54 0 4 54 1.0
4 55 0 4 55 1.0
4 56 0 4 56 1.0
4 57 0 4 57 1.0
4 58 0 4 58 1.0
4 61 1 4 25 1.0
4 63 2 4 27 1.0
4 64 2 4 27 1.0
4 65 6 4 26 1.0
4 66 133 4 23 1.0
4 67 37 4 74 1.0
4 68 133 4 23 1.0
4 69 94 4 73 1.0
4 70 88 4 73 1.0
4 71 80 4 78 1.0
4 72 96 4 73 1.0
4 73 0 4 73 1.0
4 74 0 4 74 1.0
4 75 0 4 75 1.0
4 77 0 4 77 1.0
4 78 0 4 78 1.0
4 79 0 4 79 1.0
5 0 21 5 18 1.0
5 1 21 5 18 1.0
5 2 21 5 18 1.0
5 3 20 5 58 1.0
5 4 18 5 56 1.0
5 6 34 5 55 0.34375
5 6 96 5 28 0.65625
5 7 56 5 30 1.0
5 8 24 5 25 1.0
5 9 50 5 30 0.875
5 9 124 5 54 0.125
5 10 10 5 24 1.0
5 14 49 5 74 1.0
5 15 1 5 24 1.0
5 16 54 5 74 1.0
5 19 0 5 19 1.0
5 20 0 5 20 1.0
5 23 0 5 23 1.0
5 24 0 5 24 1.0
5 25 0 5 25 1.0
5 26 0 5 26 1.0
5 27 0 5 27 1.0
5 29 0 5 29 1.0
5 30 0 5 30 1.0
5 31 9 5 26 1.0
5 32 0 5 24 1.0
5 39 6 5 73 1.0
5 40 6 5 73 1.0
5 41 5 5 78 1.0
5 42 5 5 78 1.0
5 43 2 5 74 1.0
5 44 2 5 74 1.0
5 45 3 5 79 1.0
5 49 2 5 74 1.0
5 51 5 5 78 1.0
5 53 0 5 53 1.0
5 54 0 5 54 1.0
5 56 0 5 56 1.0
5 57 0 5 57 1.0
5 58 0 5 58 1.0
5 60 0 5 24 1.0
5 62 0 5 24 1.0
5 63 6 5 26 1.0
5 64 4 5 29 1.0
5 65 3 5 30 1.0
5 67 72 5 78 1.0
5 68 73 5 78 1.0
5 69 28 5 74 1.0
5 70 87 5 73 1.0
5 71 56 5 77 1.0
5 72 28 5 74 1.0
5 73 0 5 73 1.0
5 74 0 5 74 1.0
5 76 0 5 76 1.0
5 77 0 5 77 1.0
5 78 0 5 78 1.0
5 79 0 5 79 1.0
6 0 51 6 31 1.0
6 1 91 6 34 1.0
6 2 120 6 36 1.0
6 3 112 6 35 1.0
6 4 34 6 63 0.390625
6 4 113 6 35 0.609375
6 5 59 6 31 0.015625
6 5 103 6 34 0.546875
6 5 120 6 36 0.4375
6 7 4 6 62 0.5
6 7 24 6 70 0.5
6 9 4 6 62 1.0
6 10 19 6 17 1.0
6 12 0 6 12 1.0
6 14 0 6 14 1.0
6 15 0 6 15 1.0
6 19 60 6 67 1.0
6 20 54 6 66 1.0
6 21 88 6 71 1.0
6 23 54 6 66 1.0
6 24 8 6 32 1.0
6 25 4 6 63 1.0
6 26 1 6 60 1.0
6 27 8 6 32 1.0
6 28 7 6 31 1.0
6 29 7 6 31 1.0
6 30 4 6 63 1.0
6 31 0 6 31 1.0
6 32 0 6 32 1.0
6 33 0 6 33 1.0
6 35 0 6 35 1.0
6 36 0 6 36 1.0
6 37 0 6 37 1.0
6 38 5 6 17 1.0
6 40 11 6 71 1.0
6 41 6 6 66 1.0
6 42 12 6 72 1.0
6 44 8 6 68 1.0
6 45 2 6 68 1.0
6 50 5 6 71 1.0
6 51 4 6 70 1.0
6 52 0 6 31 1.0
6 53 2 6 33 1.0
6 54 6 6 37 1.0
6 56 1 6 32 1.0
6 57 2 6 33 1.0
6 58 0 6 31 1.0
6 59 0 6 59 1.0
6 63 0 6 63 1.0
6 64 0 6 64 1.0
6 65 0 6 65 1.0
6 66 0 6 66 1.0
6 67 0 6 67 1.0
6 68 0 6 68 1.0
6 69 0 6 69 1.0
6 70 0 6 70 1.0
6 71 0 6 71 1.0
6 72 0 6 72 1.0
6 73 12 6 12 1.0
6 74 38 6 17 1.0
6 77 3 6 16 1.0
6 78 114 6 71 1.0
6 79 103 6 70 1.0
7 0 10 7 60 0.21875
7 0 63 7 32 0.78125
7 1 133 7 37 1.0
7 2 8 7 60 0.296875
7 2 55 7 31 0.703125
7 3 76 7 32 1.0
7 4 119 7 36 1.0
7 5 21 7 62 0.59375
7 5 68 7 32 0.40625
7 6 1 7 59 0.421875
7 6 17 7 14 0.578125
7 8 8 7 31 1.0
7 9 15 7 12 1.0
7 10 3 7 61 1.0
7 14 0 7 14 1.0
7 15 0 7 15 1.0
7 16 0 7 16 1.0
7 17 0 7 17 1.0
7 19 89 7 71 1.0
7 20 56 7 67 1.0
7 23 12 7 32 0.46875
7 23 15 7 33 0.53125
7 24 8 7 32 1.0
7 25 7 7 31 1.0
7 26 2 7 61 1.0
7 27 7 7 31 1.0
7 29 12 7 36 1.0
7 30 6 7 65 1.0
7 31 0 7 31 1.0
7 32 0 7 32 1.0
7 33 0 7 33 1.0
7 34 0 7 34 1.0
7 40 11 7 71 1.0
7 41 4 7 15 1.0
7 42 4 7 15 1.0
7 43 2 7 13 1.0
7 44 8 7 68 1.0
7 45 2 7 68 1.0
7 47 6 7 72 1.0
7 50 0 7 66 1.0
7 51 6 7 72 1.0
7 53 6 7 37 1.0
7 54 2 7 33 1.0
7 55 0 7 31 1.0
7 56 2 7 33 1.0
7 57 6 7 37 1.0
7 58 0 7 31 1.0
7 62 0 7 62 1.0
7 63 0 7 63 1.0
7 64 0 7 64 1.0
7 65 0 7 65 1.0
7 67 0 7 67 1.0
7 68 0 7 68 1.0
7 69 0 7 69 1.0
7 70 0 7 70 1.0
7 71 0 7 71 1.0
7 72 0 7 72 1.0
7 73 22 7 14 1.0
7 74 25 7 14 1.0
7 76 10 7 12 1.0
7 77 24 7 14 1.0
7 78 19 7 13 1.0
7 79 41 7 17 1.0
8 0 10 8 60 1.0
8 1 7 8 60 1.0
8 2 10 8 60 1.0
8 5 7 8 60 1.0
8 9 25 8 71 1.0
8 10 16 8 13 1.0
8 11 1 8 59 1.0
8 13 0 8 13 1.0
8 14 0 8 14 1.0
8 15 0 8 15 1.0
8 21 8 8 32 1.0
8 23 8 8 32 1.0
8 24 5 8 64 1.0
8 25 0 8 59 1.0
8 26 7 8 31 1.0
8 27 0 8 59 1.0
8 29 0 8 59 1.0
8 31 0 8 31 1.0
8 33 0 8 33 1.0
8 34 0 8 34 1.0
8 36 0 8 36 1.0
8 37 0 8 37 1.0
8 38 5 8 17 1.0
8 40 1 8 12 1.0
8 41 0 8 16 1.0
8 43 5 8 17 1.0
8 44 5 8 17 1.0
8 46 5 8 71 1.0
8 48 5 8 71 1.0
8 49 4 8 70 1.0
8 50 4 8 70 1.0
8 51 1 8 67 1.0
8 53 2 8 33 1.0
8 54 2 8 33 1.0
8 55 1 8 32 1.0
8 56 3 8 34 1.0
8 57 3 8 34 1.0
8 58 4 8 35 1.0
8 60 0 8 60 1.0
8 61 0 8 61 1.0
8 62 0 8 62 1.0
8 63 0 8 63 1.0
8 64 0 8 64 1.0
8 65 0 8 65 1.0
8 66 0 8 66 1.0
8 67 0 8 67 1.0
8 68 0 8 68 1.0
8 69 0 8 69 1.0
8 70 0 8 70 1.0
8 72 0 8 72 1.0
8 73 10 8 12 1.0
8 74 10 8 12 1.0
8 75 10 8 12 1.0
8 77 18 8 13 1.0
8 78 27 8 14 1.0
8 79 35 8 17 1.0
9 0 123 9 36 1.0
9 1 0 9 59 0.65625
9 1 56 9 31 0.34375
9 2 35 9 64 0.578125
9 2 109 9 35 0.421875
9 3 64 9 32 1.0
9 4 78 9 33 1.0
9 5 37 9 64 1.0
9 6 1 9 59 1.0
9 7 2 9 60 1.0
9 8 9 9 32 1.0
9 10 1 9 59 0.125
9 10 7 9 65 0.875
9 12 0 9 12 1.0
9 14 0 9 14 1.0
9 15 0 9 15 1.0
9 17 0 9 17 1.0
9 19 60 9 67 1.0
9 20 79 9 70 1.0
9 21 2 9 31 1.0
9 23 72 9 69 1.0
9 24 5 9 64 1.0
9 25 4 9 63 1.0
9 26 3 9 62 1.0
9 27 7 9 31 1.0
9 28 7 9 31 1.0
9 29 2 9 61 1.0
9 30 6 9 65 1.0
9 31 0 9 31 1.0
9 32 0 9 32 1.0
9 33 0 9 33 1.0
9 34 0 9 34 1.0
9 35 0 9 35 1.0
9 36 0 9 36 1.0
9 37 0 9 37 1.0
9 38 2 9 13 1.0
9 40 11 9 71 1.0
9 41 4 9 15 1.0
9 42 12 9 72 1.0
9 43 2 9 13 1.0
9 44 7 9 67 1.0
9 45 2 9 68 1.0
9 47 6 9 72 1.0
9 49 6 9 72 1.0
9 50 0 9 66 1.0
9 51 0 9 66 1.0
9 52 0 9 31 1.0
9 53 2 9 33 1.0
9 54 6 9 37 1.0
9 55 0 9 31 1.0
9 56 3 9 34 1.0
9 57 3 9 34 1.0
9 58 4 9 35 1.0
9 59 0 9 59 1.0
9 60 0 9 60 1.0
9 61 0 9 61 1.0
9 62 0 9 62 1.0
9 63 0 9 63 1.0
9 64 0 9 64 1.0
9 65 0 9 65 1.0
9 66 0 9 66 1.0
9 67 0 9 67 1.0
9 68 0 9 68 1.0
9 69 0 9 69 1.0
9 70 0 9 70 1.0
9 71 0 9 71 1.0
9 72 0 9 72 1.0
9 73 9 9 12 1.0
9 74 33 9 15 1.0
9 75 10 9 12 1.0
9 76 10 9 12 1.0
9 77 18 9 13 1.0
9 78 34 9 15 1.0
9 79 5 9 16 1.0
10 0 133 10 37 1.0
10 1 1 10 59 1.0
10 2 64 10 32 1.0
10 3 29 10 63 1.0
10 4 53 10 31 1.0
10 5 64 10 32 1.0
10 6 9 10 32 1.0
10 7 2 10 60 1.0
10 8 9 10 32 1.0
10 9 18 10 15 1.0
10 11 25 10 71 1.0
10 12 0 10 12 1.0
10 13 0 10 13 1.0
10 14 0 10 14 1.0
10 15 0 10 15 1.0
10 18 2 10 31 1.0
10 19 91 10 72 1.0
10 20 93 10 72 1.0
10 21 2 10 31 1.0
10 22 2 10 31 1.0
10 23 44 10 37 1.0
10 24 9 10 33 1.0
10 25 0 10 59 1.0
10 26 3 10 62 1.0
10 27 8 10 32 1.0
10 29 0 10 59 1.0
10 30 5 10 64 1.0
10 31 0 10 31 1.0
10 32 0 10 32 1.0
10 36 0 10 36 1.0
10 38 11 10 71 1.0
10 39 5 10 17 1.0
10 41 9 10 69 1.0
10 42 9 10 69 1.0
10 43 11 10 71 1.0
10 44 12 10 72 1.0
10 45 4 10 70 1.0
10 46 5 10 71 1.0
10 48 5 10 71 1.0
10 49 5 10 71 1.0
10 51 5 10 71 1.0
10 52 0 10 31 1.0
10 53 2 10 33 1.0
10 54 1 10 32 1.0
10 55 1 10 32 1.0
10 56 1 10 32 1.0
10 57 1 10 32 1.0
10 58 1 10 32 1.0
10 59 0 10 59 1.0
10 61 0 10 61 1.0
10 63 0 10 63 1.0
10 64 0 10 64 1.0
10 65 0 10 65 1.0
10 66 0 10 66 1.0
10 67 0 10 67 1.0
10 68 0 10 68 1.0
10 69 0 10 69 1.0
10 70 0 10 70 1.0
10 71 0 10 71 1.0
10 72 0 10 72 1.0
10 73 36 10 17 1.0
10 74 120 10 71 1.0
10 75 10 10 12 1.0
10 77 39 10 17 1.0
10 78 41 10 17 1.0
10 79 122 10 71 1.0
11 1 7 11 60 1.0
11 2 17 11 61 1.0
11 3 14 11 61 1.0
11 7 21 11 67 1.0
11 8 9 11 32 1.0
11 10 9 11 32 1.0
11 12 0 11 12 1.0
11 13 0 11 13 1.0
11 14 0 11 14 1.0
11 15 0 11 15 1.0
11 16 0 11 16 1.0
11 18 9 11 32 1.0
11 19 7 11 32 1.0
11 22 13 11 32 1.0
11 23 9 11 32 1.0
11 25 8 11 32 1.0
11 26 2 11 61 1.0
11 27 8 11 32 1.0
11 28 8 11 32 1.0
11 29 8 11 32 1.0
11 31 0 11 31 1.0
11 32 0 11 32 1.0
11 33 0 11 33 1.0
11 35 0 11 35 1.0
11 36 0 11 36 1.0
11 37 0 11 37 1.0
11 39 5 11 17 1.0
11 40 10 11 70 1.0
11 41 1 11 12 1.0
11 43 5 11 17 1.0
11 47 6 11 72 1.0
11 48 4 11 70 1.0
11 49 4 11 70 1.0
11 50 4 11 70 1.0
11 51 6 11 72 1.0
11 52 1 11 32 1.0
11 53 1 11 32 1.0
11 54 3 11 34 1.0
11 55 3 11 34 1.0
11 56 6 11 37 1.0
11 57 3 11 34 1.0
11 58 3 11 34 1.0
11 59 0 11 59 1.0
11 60 0 11 60 1.0
11 62 0 11 62 1.0
11 63 0 11 63 1.0
11 64 0 11 64 1.0
11 65 0 11 65 1.0
11 66 0 11 66 1.0
11 67 0 11 67 1.0
11 68 0 11 68 1.0
11 69 0 11 69 1.0
11 75 10 11 12 1.0
11 76 10 11 12 1.0
11 77 39 11 17 1.0
11 78 13 11 12 1.0
11 79 36 11 17 1.0
12 1 96 12 44 1.0
12 2 45 12 65 1.0
12 7 0 12 7 1.0
12 8 0 12 8 1.0
12 9 0 12 9 1.0
12 10 0 12 10 1.0
12 11 0 12 11 1.0
12 13 10 12 41 1.0
12 14 14 12 6 1.0
12 15 14 12 6 1.0
12 16 10 12 41 1.0
12 17 10 12 41 1.0
12 18 44 12 41 1.0
12 20 133 12 71 1.0
12 21 44 12 41 1.0
12 22 48 12 41 1.0
12 24 5 12 64 1.0
12 25 0 12 59 1.0
12 26 6 12 65 1.0
12 27 1 12 60 1.0
12 28 0 12 59 1.0
12 29 0 12 59 1.0
12 32 11 12 10 1.0
12 33 8 12 7 1.0
12 35 8 12 7 1.0
12 36 0 12 59 1.0
12 39 0 12 39 1.0
12 40 0 12 40 1.0
12 41 0 12 41 1.0
12 42 0 12 42 1.0
12 43 0 12 43 1.0
12 45 3 12 41 1.0
12 46 3 12 41 1.0
12 47 3 12 41 1.0
12 48 3 12 41 1.0
12 49 3 12 41 1.0
12 50 6 12 44 1.0
12 51 0 12 38 1.0
12 52 105 12 7 1.0
12 53 127 12 10 1.0
12 54 106 12 7 1.0
12 55 126 12 10 1.0
12 56 99 12 6 1.0
12 57 98 12 6 1.0
12 58 126 12 10 1.0
12 60 0 12 60 1.0
12 61 0 12 61 1.0
12 62 0 12 62 1.0
12 63 0 12 63 1.0
12 64 0 12 64 1.0
12 65 0 12 65 1.0
12 66 0 12 66 1.0
12 67 0 12 67 1.0
12 68 0 12 68 1.0
12 69 0 12 69 1.0
12 70 0 12 70 1.0
12 72 0 12 72 1.0
12 73 3 12 41 1.0
12 74 3 12 41 1.0
12 75 0 12 38 1.0
12 77 5 12 43 1.0
12 78 1 12 39 1.0
12 79 3 12 41 1.0
13 1 21 13 62 1.0
13 2 3 13 59 1.0
13 8 0 13 8 1.0
13 10 0 13 10 1.0
13 11 0 13 11 1.0
13 12 4 13 63 1.0
13 14 24 13 70 1.0
13 15 24 13 70 1.0
13 16 18 13 10 1.0
13 21 89 13 44 1.0
13 22 60 13 42 1.0
13 26 0 13 59 1.0
13 27 0 13 59 1.0
13 29 0 13 59 1.0
13 32 8 13 7 1.0
13 33 8 13 7 1.0
13 36 0 13 59 1.0
13 37 8 13 7 1.0
13 38 0 13 38 1.0
13 39 0 13 39 1.0
13 40 0 13 40 1.0
13 41 0 13 41 1.0
13 42 0 13 42 1.0
13 47 6 13 44 1.0
13 48 6 13 44 1.0
13 49 5 13 43 1.0
13 50 5 13 43 1.0
13 51 5 13 43 1.0
13 53 113 13 8 1.0
13 54 105 13 7 1.0
13 55 129 13 10 1.0
13 56 130 13 10 1.0
13 57 130 13 10 1.0
13 58 105 13 7 1.0
13 63 0 13 63 1.0
13 64 0 13 64 1.0
13 65 0 13 65 1.0
13 66 0 13 66 1.0
13 67 0 13 67 1.0
13 72 0 13 72 1.0
13 75 5 13 43 1.0
13 77 3 13 41 1.0
13 78 6 13 44 1.0
14 0 67 14 40 1.0
14 1 7 14 60 1.0
14 2 96 14 44 1.0
14 3 34 14 63 1.0
14 4 35 14 64 1.0
14 5 53 14 38 1.0
14 6 0 14 6 1.0
14 7 0 14 7 1.0
14 8 0 14 8 1.0
14 9 0 14 9 1.0
14 10 0 14 10 1.0
14 11 0 14 11 1.0
14 12 16 14 8 1.0
14 13 11 14 42 1.0
14 15 20 14 66 1.0
14 16 16 14 8 1.0
14 17 19 14 11 1.0
14 18 117 14 68 1.0
14 19 105 14 67 1.0
14 20 98 14 66 1.0
14 21 114 14 68 1.0
14 22 117 14 68 1.0
14 23 114 14 68 1.0
14 24 2 14 61 1.0
14 25 0 14 59 1.0
14 26 5 14 64 1.0
14 27 6 14 65 1.0
14 28 6 14 65 1.0
14 29 3 14 62 1.0
14 30 4 14 63 1.0
14 31 10 14 9 1.0
14 32 12 14 11 1.0
14 33 12 14 11 1.0
14 34 10 14 9 1.0
14 35 12 14 11 1.0
14 36 5 14 64 1.0
14 37 7 14 6 1.0
14 38 0 14 38 1.0
14 39 0 14 39 1.0
14 40 0 14 40 1.0
14 41 0 14 41 1.0
14 42 0 14 42 1.0
14 43 0 14 43 1.0
14 44 0 14 44 1.0
14 45 7 14 66 1.0
14 46 11 14 70 1.0
14 47 4 14 42 1.0
14 48 4 14 42 1.0
14 49 6 14 44 1.0
14 50 7 14 66 1.0
14 51 9 14 68 1.0
14 52 107 14 7 1.0
14 53 113 14 8 1.0
14 54 106 14 7 1.0
14 55 134 14 11 1.0
14 56 105 14 7 1.0
14 57 134 14 11 1.0
14 58 127 14 10 1.0
14 59 0 14 59 1.0
14 60 0 14 60 1.0
14 61 0 14 61 1.0
14 62 0 14 62 1.0
14 63 0 14 63 1.0
14 64 0 14 64 1.0
14 65 0 14 65 1.0
14 66 0 14 66 1.0
14 67 0 14 67 1.0
14 68 0 14 68 1.0
14 69 0 14 69 1.0
14 70 0 14 70 1.0
14 71 0 14 71 1.0
14 72 0 14 72 1.0
14 73 2 14 40 1.0
14 74 2 14 40 1.0
14 75 1 14 39 1.0
14 76 0 14 38 1.0
14 77 2 14 40 1.0
14 78 6 14 44 1.0
14 79 2 14 40 1.0
15 0 89 15 43 1.0
15 1 7 15 60 1.0
15 2 24 15 62 1.0
15 3 10 15 60 1.0
15 4 17 15 61 1.0
15 5 62 15 39 1.0
15 6 0 15 6 1.0
15 7 0 15 7 1.0
15 8 0 15 8 1.0
15 9 0 15 9 1.0
15 10 0 15 10 1.0
15 11 0 15 11 1.0
15 12 16 15 8 1.0
15 13 11 15 42 1.0
15 14 22 15 68 1.0
15 16 16 15 8 1.0
15 17 19 15 11 1.0
15 18 104 15 66 1.0
15 19 49 15 41 1.0
15 20 60 15 42 1.0
15 21 104 15 66 1.0
15 22 104 15 66 1.0
15 23 86 15 44 1.0
15 24 2 15 61 1.0
15 25 1 15 60 1.0
15 26 1 15 60 1.0
15 27 6 15 65 1.0
15 28 1 15 60 1.0
15 29 3 15 62 1.0
15 30 5 15 64 1.0
15 31 8 15 7 1.0
15 32 8 15 7 1.0
15 33 12 15 11 1.0
15 34 10 15 9 1.0
15 35 10 15 9 1.0
15 36 7 15 6 1.0
15 37 10 15 9 1.0
15 38 0 15 38 1.0
15 39 0 15 39 1.0
15 40 0 15 40 1.0
15 41 0 15 41 1.0
15 42 0 15 42 1.0
15 43 0 15 43 1.0
15 44 0 15 44 1.0
15 45 7 15 66 1.0
15 46 7 15 66 1.0
15 47 6 15 44 1.0
15 48 4 15 42 1.0
15 49 11 15 70 1.0
15 50 12 15 71 1.0
15 51 8 15 67 1.0
15 52 127 15 10 1.0
15 53 134 15 11 1.0
15 54 105 15 7 1.0
15 55 134 15 11 1.0
15 56 119 15 9 1.0
15 57 106 15 7 1.0
15 58 119 15 9 1.0
15 59 0 15 59 1.0
15 60 0 15 60 1.0
15 61 0 15 61 1.0
15 62 0 15 62 1.0
15 63 0 15 63 1.0
15 64 0 15 64 1.0
15 65 0 15 65 1.0
15 66 0 15 66 1.0
15 67 0 15 67 1.0
15 68 0 15 68 1.0
15 69 0 15 69 1.0
15 70 0 15 70 1.0
15 71 0 15 71 1.0
15 72 0 15 72 1.0
15 73 1 15 39 1.0
15 74 2 15 40 1.0
15 75 5 15 43 1.0
15 76 0 15 38 1.0
15 77 5 15 43 1.0
15 78 6 15 44 1.0
15 79 1 15 39 1.0
16 0 89 16 43 1.0
16 1 14 16 61 1.0
16 2 55 16 38 1.0
16 3 88 16 43 1.0
16 4 79 16 42 1.0
16 6 0 16 6 1.0
16 8 0 16 8 1.0
16 9 0 16 9 1.0
16 10 0 16 10 1.0
16 12 4 16 63 1.0
16 14 26 16 72 1.0
16 15 26 16 72 1.0
16 19 133 16 71 1.0
16 21 89 16 44 1.0
16 22 89 16 44 1.0
16 25 0 16 59 1.0
16 26 6 16 65 1.0
16 27 2 16 61 1.0
16 28 2 16 61 1.0
16 29 0 16 59 1.0
16 31 8 16 7 1.0
16 32 12 16 11 1.0
16 33 8 16 7 1.0
16 34 12 16 11 1.0
16 35 12 16 11 1.0
16 36 12 16 11 1.0
16 37 12 16 11 1.0
16 39 0 16 39 1.0
16 40 0 16 40 1.0
16 41 0 16 41 1.0
16 44 0 16 44 1.0
16 47 13 16 72 1.0
16 49 13 16 72 1.0
16 50 5 16 43 1.0
16 51 0 16 38 1.0
16 53 106 16 7 1.0
16 54 119 16 9 1.0
16 55 119 16 9 1.0
16 56 99 16 6 1.0
16 57 107 16 7 1.0
16 58 105 16 7 1.0
16 60 0 16 60 1.0
16 62 0 16 62 1.0
16 63 0 16 63 1.0
16 64 0 16 64 1.0
16 65 0 16 65 1.0
16 66 0 16 66 1.0
16 67 0 16 67 1.0
16 68 0 16 68 1.0
16 69 0 16 69 1.0
16 70 0 16 70 1.0
16 77 0 16 38 1.0
16 78 6 16 44 1.0
16 79 1 16 39 1.0
17 1 96 17 44 1.0
17 2 97 17 44 1.0
17 3 38 17 64 1.0
17 4 93 17 44 1.0
17 7 0 17 7 1.0
17 8 0 17 8 1.0
17 9 0 17 9 1.0
17 12 4 17 63 1.0
17 14 24 17 70 1.0
17 15 14 17 6 1.0
17 25 0 17 59 1.0
17 26 6 17 65 1.0
17 27 3 17 62 1.0
17 28 1 17 60 1.0
17 29 0 17 59 1.0
17 32 12 17 11 1.0
17 33 8 17 7 1.0
17 34 12 17 11 1.0
17 36 12 17 11 1.0
17 37 12 17 11 1.0
17 38 0 17 38 1.0
17 39 0 17 39 1.0
17 40 0 17 40 1.0
17 41 0 17 41 1.0
17 43 0 17 43 1.0
17 46 4 17 42 1.0
17 47 4 17 42 1.0
17 49 4 17 42 1.0
17 50 6 17 44 1.0
17 51 13 17 72 1.0
17 52 134 17 11 1.0
17 53 105 17 7 1.0
17 54 105 17 7 1.0
17 55 105 17 7 1.0
17 56 120 17 9 1.0
17 57 105 17 7 1.0
17 58 126 17 10 1.0
17 61 0 17 61 1.0
17 62 0 17 62 1.0
17 63 0 17 63 1.0
17 64 0 17 64 1.0
17 65 0 17 65 1.0
17 66 0 17 66 1.0
17 67 0 17 67 1.0
17 68 0 17 68 1.0
17 69 0 17 69 1.0
17 71 0 17 71 1.0
17 75 4 17 42 1.0
17 77 1 17 39 1.0
17 78 0 17 38 1.0
17 79 0 17 38 1.0
18 0 0 18 0 1.0
18 2 0 18 2 1.0
18 3 0 18 3 1.0
18 5 0 18 5 1.0
18 6 68 18 47 1.0
18 7 14 18 52 1.0
18 8 7 18 53 1.0
18 9 14 18 52 1.0
18 10 15 18 52 1.0
18 11 7 18 53 1.0
18 12 48 18 73 1.0
18 13 39 18 78 1.0
18 14 27 18 79 1.0
18 15 48 18 73 1.0
18 17 48 18 73 1.0
18 20 20 18 45 1.0
18 21 5 18 74 1.0
18 22 2 18 75 1.0
18 25 12 18 5 1.0
18 26 1 18 0 1.0
18 27 11 18 4 1.0
18 29 10 18 3 1.0
18 32 1 18 53 1.0
18 35 2 18 52 1.0
18 38 0 18 75 1.0
18 39 0 18 75 1.0
18 40 2 18 74 1.0
18 41 1 18 76 1.0
18 46 0 18 46 1.0
18 49 0 18 49 1.0
18 50 0 18 50 1.0
18 51 0 18 51 1.0
18 53 0 18 53 1.0
18 54 0 18 54 1.0
18 55 0 18 55 1.0
18 56 0 18 56 1.0
18 57 0 18 57 1.0
18 58 0 18 58 1.0
18 59 108 18 1 1.0
18 62 108 18 1 1.0
18 63 119 18 3 1.0
18 64 134 18 5 1.0
18 65 136 18 5 1.0
18 66 2 18 47 1.0
18 67 4 18 49 1.0
18 68 6 18 51 1.0
18 69 1 18 46 1.0
18 76 0 18 76 1.0
18 77 0 18 77 1.0
18 78 0 18 78 1.0
18 79 0 18 79 1.0
19 0 0 19 0 1.0
19 1 0 19 1 1.0
19 2 0 19 2 1.0
19 3 0 19 3 1.0
19 4 0 19 4 1.0
19 5 0 19 5 1.0
19 6 8 19 53 1.0
19 7 80 19 49 1.0
19 9 45 19 58 1.0
19 10 76 19 48 1.0
19 12 42 19 73 1.0
19 14 45 19 73 1.0
19 15 43 19 73 1.0
19 17 42 19 73 1.0
19 20 2 19 75 0.25
19 20 16 19 2 0.75
19 23 3 19 76 1.0
19 24 2 19 53 1.0
19 25 5 19 56 1.0
19 26 6 19 57 1.0
19 27 11 19 4 1.0
19 29 3 19 52 1.0
19 30 6 19 57 1.0
19 31 1 19 53 1.0
19 32 1 19 53 1.0
19 34 1 19 53 1.0
19 36 1 19 53 1.0
19 39 6 19 73 1.0
19 40 6 19 73 1.0
19 41 5 19 78 1.0
19 42 2 19 74 1.0
19 44 2 19 74 0.171875
19 44 6 19 73 0.828125
19 45 0 19 45 1.0
19 46 0 19 46 1.0
19 50 0 19 50 1.0
19 51 0 19 51 1.0
19 52 0 19 52 1.0
19 53 0 19 53 1.0
19 54 0 19 54 1.0
19 55 0 19 55 1.0
19 56 0 19 56 1.0
19 57 0 19 57 1.0
19 58 0 19 58 1.0
19 62 133 19 5 1.0
19 63 20 19 0 1.0
19 64 133 19 5 1.0
19 65 108 19 1 1.0
19 66 3 19 48 1.0
19 67 0 19 45 1.0
19 68 5 19 50 1.0
19 69 2 19 47 1.0
19 70 1 19 46 1.0
19 71 0 19 45 1.0
19 72 1 19 46 1.0
19 73 0 19 73 1.0
19 74 0 19 74 1.0
19 77 0 19 77 1.0
19 78 0 19 78 1.0
19 79 0 19 79 1.0
20 0 0 20 0 1.0
20 1 0 20 1 1.0
20 2 0 20 2 1.0
20 3 0 20 3 1.0
20 4 0 20 4 1.0
20 5 0 20 5 1.0
20 6 63 20 47 1.0
20 7 25 20 54 1.0
20 8 89 20 50 1.0
20 9 89 20 50 1.0
20 10 21 20 54 1.0
20 14 128 20 50 1.0
20 15 129 20 50 1.0
20 16 48 20 73 1.0
20 19 5 20 74 0.875
20 19 16 20 2 0.125
20 23 24 20 49 1.0
20 24 6 20 57 1.0
20 25 5 20 56 1.0
20 26 0 20 55 1.0
20 27 9 20 2 1.0
20 29 2 20 53 1.0
20 30 2 20 53 1.0
20 31 1 20 53 1.0
20 32 5 20 57 1.0
20 33 1 20 53 1.0
20 34 1 20 53 1.0
20 36 1 20 53 1.0
20 37 1 20 53 1.0
20 38 0 20 75 1.0
20 40 12 20 50 1.0
20 41 13 20 51 1.0
20 42 13 20 51 1.0
20 44 13 20 51 1.0
20 45 0 20 45 1.0
20 46 0 20 46 1.0
20 47 0 20 47 1.0
20 50 0 20 50 1.0
20 51 0 20 51 1.0
20 53 0 20 53 1.0
20 54 0 20 54 1.0
20 55 0 20 55 1.0
20 56 0 20 56 1.0
20 57 0 20 57 1.0
20 58 0 20 58 1.0
20 59 122 20 3 1.0
20 61 122 20 3 1.0
20 62 133 20 5 1.0
20 63 125 20 3 1.0
20 64 105 20 1 1.0
20 65 136 20 5 1.0
20 66 3 20 48 1.0
20 67 4 20 49 1.0
20 68 4 20 49 1.0
20 69 1 20 46 1.0
20 70 6 20 51 1.0
20 71 0 20 45 1.0
20 72 3 20 48 1.0
20 73 0 20 73 1.0
20 74 0 20 74 1.0
20 76 0 20 76 1.0
20 77 0 20 77 1.0
20 78 0 20 78 1.0
20 79 0 20 79 1.0
21 1 0 21 1 1.0
21 2 0 21 2 1.0
21 3 0 21 3 1.0
21 5 0 21 5 1.0
21 7 57 21 46 1.0
21 8 89 21 50 1.0
21 9 60 21 46 1.0
21 10 56 21 46 1.0
21 11 7 21 53 1.0
21 12 48 21 73 1.0
21 14 46 21 73 1.0
21 15 10 21 76 1.0
21 16 48 21 73 1.0
21 17 48 21 73 1.0
21 18 10 21 73 1.0
21 19 16 21 2 1.0
21 23 3 21 76 1.0
21 25 12 21 5 1.0
21 26 12 21 5 1.0
21 27 1 21 0 1.0
21 28 1 21 0 1.0
21 29 10 21 3 1.0
21 32 1 21 53 1.0
21 33 6 21 58 1.0
21 34 2 21 52 1.0
21 35 2 21 52 1.0
21 36 2 21 52 1.0
21 37 2 21 52 1.0
21 38 0 21 75 1.0
21 39 0 21 75 1.0
21 40 7 21 45 1.0
21 41 1 21 76 1.0
21 42 6 21 73 1.0
21 43 1 21 76 1.0
21 47 0 21 47 1.0
21 48 0 21 48 1.0
21 49 0 21 49 1.0
21 50 0 21 50 1.0
21 51 0 21 51 1.0
21 52 0 21 52 1.0
21 53 0 21 53 1.0
21 54 0 21 54 1.0
21 55 0 21 55 1.0
21 56 0 21 56 1.0
21 57 0 21 57 1.0
21 58 0 21 58 1.0
21 59 122 21 3 1.0
21 60 123 21 3 1.0
21 61 133 21 5 1.0
21 62 133 21 5 1.0
21 63 122 21 3 1.0
21 64 120 21 3 1.0
21 65 122 21 3 1.0
21 66 1 21 46 1.0
21 67 4 21 49 1.0
21 68 3 21 48 1.0
21 69 4 21 49 1.0
21 70 1 21 46 1.0
21 72 4 21 49 1.0
21 74 0 21 74 1.0
21 75 0 21 75 1.0
21 76 0 21 76 1.0
21 77 0 21 77 1.0
21 78 0 21 78 1.0
21 79 0 21 79 1.0
22 0 0 22 0 1.0
22 6 61 22 46 1.0
22 8 8 22 53 1.0
22 9 74 22 48 1.0
22 10 70 22 48 1.0
22 11 7 22 53 1.0
22 13 11 22 76 1.0
22 14 38 22 78 0.59375
22 14 48 22 73 0.40625
22 15 46 22 73 1.0
22 20 4 22 53 1.0
22 21 3 22 76 1.0
22 23 3 22 76 1.0
22 25 12 22 5 1.0
22 26 1 22 0 1.0
22 27 10 22 3 1.0
22 28 11 22 4 1.0
22 32 1 22 53 1.0
22 34 2 22 52 1.0
22 36 2 22 52 1.0
22 39 1 22 76 1.0
22 40 6 22 73 1.0
22 41 6 22 73 1.0
22 45 0 22 45 1.0
22 46 0 22 46 1.0
22 47 0 22 47 1.0
22 49 0 22 49 1.0
22 50 0 22 50 1.0
22 51 0 22 51 1.0
22 52 0 22 52 1.0
22 53 0 22 53 1.0
22 54 0 22 54 1.0
22 55 0 22 55 1.0
22 56 0 22 56 1.0
22 57 0 22 57 1.0
22 58 0 22 58 1.0
22 59 122 22 3 1.0
22 60 123 22 3 1.0
22 61 122 22 3 1.0
22 62 123 22 3 1.0
22 63 0 22 55 1.0
22 64 29 22 53 0.875
22 64 125 22 3 0.125
22 65 105 22 1 1.0
22 66 3 22 48 1.0
22 67 1 22 46 1.0
22 68 1 22 46 1.0
22 69 0 22 45 1.0
22 70 3 22 48 1.0
22 74 0 22 74 1.0
22 77 0 22 77 1.0
22 78 0 22 78 1.0
22 79 0 22 79 1.0
23 0 0 23 0 1.0
23 1 0 23 1 1.0
23 2 0 23 2 1.0
23 3 0 23 3 1.0
23 4 0 23 4 1.0
23 5 0 23 5 1.0
23 6 32 23 56 1.0
23 7 77 23 49 1.0
23 8 55 23 45 1.0
23 9 55 23 45 1.0
23 10 90 23 50 1.0
23 11 53 23 45 1.0
23 14 54 23 45 1.0
23 15 56 23 45 1.0
23 16 48 23 73 1.0
23 19 3 23 76 0.75
23 19 16 23 2 0.25
23 20 2 23 75 1.0
23 21 3 23 76 1.0
23 24 5 23 56 0.6875
23 24 9 23 2 0.3125
23 25 12 23 5 1.0
23 26 0 23 55 1.0
23 27 3 23 52 1.0
23 29 0 23 55 1.0
23 30 4 23 54 1.0
23 31 1 23 53 1.0
23 32 5 23 57 1.0
23 37 4 23 56 1.0
23 39 7 23 45 1.0
23 40 1 23 76 1.0
23 41 4 23 77 1.0
23 42 7 23 45 1.0
23 43 7 23 45 1.0
23 44 13 23 51 1.0
23 45 0 23 45 1.0
23 47 0 23 47 1.0
23 48 0 23 48 1.0
23 49 0 23 49 1.0
23 50 0 23 50 1.0
23 51 0 23 51 1.0
23 53 0 23 53 1.0
23 54 0 23 54 1.0
23 55 0 23 55 1.0
23 56 0 23 56 1.0
23 57 0 23 57 1.0
23 58 0 23 58 1.0
23 61 126 23 4 1.0
23 62 126 23 4 1.0
23 63 21 23 53 0.6875
23 63 136 23 5 0.3125
23 64 123 23 3 1.0
23 65 122 23 3 1.0
23 66 0 23 45 1.0
23 67 0 23 45 1.0
23 68 4 23 49 1.0
23 69 1 23 46 1.0
23 70 2 23 47 1.0
23 71 5 23 50 1.0
23 72 3 23 48 1.0
23 73 0 23 73 1.0
23 74 0 23 74 1.0
23 77 0 23 77 1.0
23 78 0 23 78 1.0
23 79 0 23 79 1.0
24 0 0 24 0 1.0
24 1 0 24 1 1.0
24 2 0 24 2 1.0
24 3 0 24 3 1.0
24 4 0 24 4 1.0
24 5 0 24 5 1.0
24 6 5 24 64 1.0
24 7 8 24 32 1.0
24 9 7 24 31 1.0
24 10 8 24 32 1.0
24 14 3 24 62 1.0
24 15 3 24 62 1.0
24 19 2 24 53 1.0
24 20 5 24 56 1.0
24 23 2 24 53 0.109375
24 23 4 24 54 0.03125
24 23 7 24 58 0.03125
24 23 9 24 2 0.28125
24 23 12 24 5 0.546875
24 25 4 24 54 1.0
24 26 21 24 32 1.0
24 27 21 24 32 1.0
24 29 10 24 3 1.0
24 30 20 24 31 1.0
24 31 0 24 31 1.0
24 32 0 24 32 1.0
24 39 21 24 3 1.0
24 41 67 24 63 1.0
24 42 17 24 2 1.0
24 44 70 24 63 0.953125
24 44 79 24 65 0.046875
24 45 83 24 3 1.0
24 47 82 24 3 1.0
24 50 95 24 4 1.0
24 51 21 24 53 1.0
24 53 0 24 53 1.0
24 54 0 24 54 1.0
24 55 0 24 55 1.0
24 56 0 24 56 1.0
24 57 0 24 57 1.0
24 58 0 24 58 1.0
24 63 0 24 63 1.0
24 64 0 24 64 1.0
24 65 0 24 65 1.0
24 66 85 24 31 1.0
24 67 21 24 60 1.0
24 68 85 24 31 1.0
24 69 85 24 31 1.0
24 70 58 24 63 1.0
24 71 39 24 62 1.0
24 72 59 24 63 1.0
24 73 1 24 1 1.0
24 74 0 24 0 1.0
24 75 5 24 5 1.0
24 77 0 24 0 1.0
24 78 2 24 2 1.0
24 79 5 24 5 1.0
25 0 0 25 0 1.0
25 1 0 25 1 1.0
25 2 0 25 2 1.0
25 3 0 25 3 1.0
25 4 0 25 4 1.0
25 5 0 25 5 1.0
25 6 3 25 62 1.0
25 7 7 25 31 1.0
25 8 0 25 59 1.0
25 9 4 25 63 1.0
25 10 7 25 31 1.0
25 11 0 25 59 1.0
25 12 4 25 63 1.0
25 14 0 25 59 1.0
25 15 2 25 61 1.0
25 16 1 25 60 1.0
25 17 1 25 60 1.0
25 18 11 25 4 1.0
25 19 9 25 2 1.0
25 20 9 25 2 1.0
25 21 11 25 4 1.0
25 22 11 25 4 1.0
25 23 6 25 57 1.0
25 24 7 25 58 1.0
25 26 10 25 3 1.0
25 27 4 25 54 1.0
25 28 10 25 3 1.0
25 29 3 25 52 1.0
25 30 8 25 1 1.0
25 31 0 25 31 1.0
25 32 0 25 32 1.0
25 33 0 25 33 1.0
25 34 0 25 34 1.0
25 35 0 25 35 1.0
25 36 0 25 36 1.0
25 37 0 25 37 1.0
25 38 21 25 3 1.0
25 39 14 25 2 1.0
25 40 14 25 2 1.0
25 41 60 25 62 1.0
25 42 70 25 63 1.0
25 43 18 25 2 1.0
25 44 18 25 2 0.828125
25 44 61 25 62 0.171875
25 45 10 25 0 0.625
25 45 81 25 3 0.3125
25 45 119 25 5 0.0625
25 46 21 25 53 1.0
25 47 20 25 53 1.0
25 48 59 25 1 1.0
25 49 20 25 53 1.0
25 50 24 25 53 1.0
25 51 94 25 4 1.0
25 52 0 25 52 1.0
25 53 0 25 53 1.0
25 54 0 25 54 1.0
25 55 0 25 55 1.0
25 56 0 25 56 1.0
25 57 0 25 57 1.0
25 58 0 25 58 1.0
25 59 0 25 59 1.0
25 60 0 25 60 1.0
25 61 0 25 61 1.0
25 62 0 25 62 1.0
25 63 0 25 63 1.0
25 64 0 25 64 1.0
25 65 0 25 65 1.0
25 67 49 25 63 1.0
25 68 49 25 63 1.0
25 69 94 25 32 1.0
25 70 124 25 37 1.0
25 71 76 25 65 1.0
25 72 116 25 36 1.0
25 73 0 25 0 1.0
25 74 4 25 4 1.0
25 75 2 25 2 1.0
25 76 4 25 4 1.0
25 77 2 25 2 1.0
25 78 1 25 1 1.0
25 79 5 25 5 1.0
26 0 0 26 0 1.0
26 1 0 26 1 1.0
26 2 0 26 2 1.0
26 3 0 26 3 1.0
26 4 0 26 4 1.0
26 5 0 26 5 1.0
26 6 1 26 60 1.0
26 7 1 26 60 1.0
26 8 13 26 37 1.0
26 9 1 26 60 1.0
26 10 7 26 31 1.0
26 11 7 26 31 1.0
26 12 4 26 63 1.0
26 13 0 26 59 1.0
26 14 6 26 65 1.0
26 15 2 26 61 1.0
26 16 5 26 64 1.0
26 17 4 26 63 1.0
26 18 8 26 1 1.0
26 19 0 26 55 1.0
26 20 6 26 57 1.0
26 21 3 26 52 1.0
26 22 0 26 55 1.0
26 23 11 26 4 1.0
26 24 12 26 5 1.0
26 25 6 26 57 1.0
26 27 6 26 57 1.0
26 28 6 26 57 1.0
26 29 10 26 3 1.0
26 30 10 26 3 1.0
26 31 0 26 31 1.0
26 32 0 26 32 1.0
26 33 0 26 33 1.0
26 34 0 26 34 1.0
26 35 0 26 35 1.0
26 36 0 26 36 1.0
26 37 0 26 37 1.0
26 38 11 26 1 1.0
26 39 8 26 1 1.0
26 40 11 26 1 1.0
26 41 11 26 1 1.0
26 42 23 26 3 1.0
26 43 31 26 4 1.0
26 44 27 26 3 1.0
26 45 57 26 1 1.0
26 46 103 26 4 1.0
26 47 96 26 4 1.0
26 48 93 26 3 1.0
26 49 89 26 3 1.0
26 50 92 26 3 1.0
26 51 104 26 4 1.0
26 52 0 26 52 1.0
26 53 0 26 53 1.0
26 54 0 26 54 1.0
26 55 0 26 55 1.0
26 56 0 26 56 1.0
26 57 0 26 57 1.0
26 58 0 26 58 1.0
26 59 0 26 59 1.0
26 60 0 26 60 1.0
26 61 0 26 61 1.0
26 62 0 26 62 1.0
26 63 0 26 63 1.0
26 64 0 26 64 1.0
26 65 0 26 65 1.0
26 66 85 26 31 1.0
26 67 94 26 32 1.0
26 68 87 26 31 1.0
26 69 89 26 31 1.0
26 70 84 26 31 1.0
26 71 103 26 34 1.0
26 72 89 26 31 1.0
26 73 2 26 2 1.0
26 74 5 26 5 1.0
26 75 1 26 1 1.0
26 76 2 26 2 1.0
26 77 0 26 0 1.0
26 78 5 26 5 1.0
26 79 3 26 3 1.0
27 0 0 27 0 1.0
27 1 0 27 1 1.0
27 2 0 27 2 1.0
27 3 0 27 3 1.0
27 4 0 27 4 1.0
27 5 0 27 5 1.0
27 6 8 27 32 1.0
27 7 0 27 59 1.0
27 8 0 27 59 1.0
27 9 0 27 59 1.0
27 10 8 27 32 1.0
27 11 0 27 59 1.0
27 12 4 27 63 1.0
27 14 1 27 60 1.0
27 15 6 27 65 1.0
27 16 2 27 61 1.0
27 17 2 27 61 1.0
27 18 10 27 3 1.0
27 19 12 27 5 1.0
27 20 7 27 58 1.0
27 21 11 27 4 1.0
27 22 10 27 3 1.0
27 23 11 27 4 1.0
27 24 18 27 64 1.0
27 25 11 27 4 1.0
27 26 0 27 55 1.0
27 28 11 27 4 1.0
27 29 3 27 52 1.0
27 30 1 27 0 1.0
27 31 0 27 31 1.0
27 32 0 27 32 1.0
27 33 0 27 33 1.0
27 34 0 27 34 1.0
27 35 0 27 35 1.0
27 36 0 27 36 1.0
27 37 0 27 37 1.0
27 38 37 27 5 1.0
27 39 6 27 0 1.0
27 40 30 27 4 1.0
27 41 11 27 1 1.0
27 42 40 27 5 1.0
27 43 40 27 5 1.0
27 44 2 27 0 1.0
27 45 48 27 57 1.0
27 46 76 27 2 1.0
27 47 76 27 2 1.0
27 48 76 27 2 1.0
27 49 76 27 2 1.0
27 50 76 27 2 1.0
27 51 11 27 0 1.0
27 52 0 27 52 1.0
27 53 0 27 53 1.0
27 54 0 27 54 1.0
27 55 0 27 55 1.0
27 56 0 27 56 1.0
27 57 0 27 57 1.0
27 58 0 27 58 1.0
27 59 0 27 59 1.0
27 60 0 27 60 1.0
27 61 0 27 61 1.0
27 62 0 27 62 1.0
27 63 0 27 63 1.0
27 64 0 27 64 1.0
27 65 0 27 65 1.0
27 66 85 27 31 1.0
27 67 89 27 31 1.0
27 68 113 27 35 1.0
27 69 89 27 31 1.0
27 70 49 27 63 1.0
27 71 108 27 35 1.0
27 72 87 27 31 1.0
27 73 5 27 5 1.0
27 74 0 27 0 1.0
27 75 5 27 5 1.0
27 76 1 27 1 1.0
27 77 2 27 2 1.0
27 78 2 27 2 1.0
27 79 0 27 0 1.0
28 0 0 28 0 1.0
28 1 0 28 1 1.0
28 2 0 28 2 1.0
28 4 0 28 4 1.0
28 6 8 28 32 1.0
28 9 7 28 31 1.0
28 10 7 28 31 1.0
28 11 0 28 59 1.0
28 12 4 28 63 1.0
28 13 0 28 59 1.0
28 14 1 28 60 1.0
28 15 6 28 65 1.0
28 16 2 28 61 1.0
28 18 10 28 3 1.0
28 21 10 28 3 1.0
28 25 9 28 2 1.0
28 26 24 28 35 1.0
28 27 24 28 35 1.0
28 29 10 28 3 1.0
28 31 0 28 31 1.0
28 32 0 28 32 1.0
28 33 0 28 33 1.0
28 34 0 28 34 1.0
28 36 0 28 36 1.0
28 37 0 28 37 1.0
28 39 23 28 3 1.0
28 40 32 28 4 1.0
28 41 43 28 59 1.0
28 42 27 28 3 1.0
28 45 30 28 52 1.0
28 47 21 28 53 1.0
28 48 20 28 53 1.0
28 50 77 28 2 1.0
28 51 109 28 5 1.0
28 52 0 28 52 1.0
28 53 0 28 53 1.0
28 54 0 28 54 1.0
28 55 0 28 55 1.0
28 56 0 28 56 1.0
28 57 0 28 57 1.0
28 58 0 28 58 1.0
28 59 0 28 59 1.0
28 60 0 28 60 1.0
28 61 0 28 61 1.0
28 62 0 28 62 1.0
28 63 0 28 63 1.0
28 64 0 28 64 1.0
28 65 0 28 65 1.0
28 66 85 28 31 1.0
28 67 86 28 31 1.0
28 68 107 28 34 1.0
28 69 21 28 60 1.0
28 71 105 28 34 1.0
28 73 3 28 3 1.0
28 74 3 28 3 1.0
28 75 3 28 3 1.0
28 77 0 28 0 1.0
28 78 2 28 2 1.0
28 79 1 28 1 1.0
29 0 0 29 0 1.0
29 1 0 29 1 1.0
29 2 0 29 2 1.0
29 3 0 29 3 1.0
29 4 0 29 4 1.0
29 5 0 29 5 1.0
29 6 7 29 31 1.0
29 7 10 29 34 1.0
29 8 1 29 60 1.0
29 9 3 29 62 1.0
29 10 12 29 36 1.0
29 11 1 29 60 1.0
29 12 4 29 63 1.0
29 14 5 29 64 1.0
29 15 6 29 65 1.0
29 16 1 29 60 1.0
29 18 1 29 0 1.0
29 19 8 29 1 1.0
29 20 7 29 58 1.0
29 22 1 29 0 1.0
29 23 5 29 56 1.0
29 24 18 29 64 1.0
29 25 23 29 34 1.0
29 26 23 29 34 1.0
29 27 23 29 34 1.0
29 28 1 29 0 1.0
29 30 25 29 36 1.0
29 31 0 29 31 1.0
29 32 0 29 32 1.0
29 33 0 29 33 1.0
29 34 0 29 34 1.0
29 35 0 29 35 1.0
29 36 0 29 36 1.0
29 37 0 29 37 1.0
29 38 6 29 0 1.0
29 39 23 29 3 1.0
29 40 32 29 4 1.0
29 41 32 29 4 1.0
29 42 1 29 0 1.0
29 43 2 29 0 1.0
29 44 71 29 63 1.0
29 45 61 29 1 1.0
29 47 20 29 53 1.0
29 49 20 29 53 1.0
29 50 59 29 1 1.0
29 51 17 29 0 1.0
29 52 0 29 52 1.0
29 53 0 29 53 1.0
29 54 0 29 54 1.0
29 55 0 29 55 1.0
29 56 0 29 56 1.0
29 57 0 29 57 1.0
29 58 0 29 58 1.0
29 59 0 29 59 1.0
29 61 0 29 61 1.0
29 62 0 29 62 1.0
29 63 0 29 63 1.0
29 64 0 29 64 1.0
29 65 0 29 65 1.0
29 66 85 29 31 1.0
29 67 113 29 35 1.0
29 68 125 29 37 1.0
29 69 107 29 34 1.0
29 70 102 29 34 1.0
29 71 10 29 59 1.0
29 72 104 29 34 1.0
29 73 2 29 2 1.0
29 74 4 29 4 1.0
29 76 1 29 1 1.0
29 77 2 29 2 1.0
29 78 1 29 1 1.0
29 79 4 29 4 1.0
30 0 0 30 0 1.0
30 1 0 30 1 1.0
30 2 0 30 2 1.0
30 3 0 30 3 1.0
30 4 0 30 4 1.0
30 5 0 30 5 1.0
30 6 4 30 63 1.0
30 7 4 30 63 1.0
30 8 4 30 63 1.0
30 9 8 30 32 1.0
30 10 5 30 64 1.0
30 14 5 30 64 1.0
30 15 6 30 65 1.0
30 16 4 30 63 1.0
30 19 2 30 53 1.0
30 20 6 30 57 1.0
30 21 11 30 4 1.0
30 23 6 30 57 1.0
30 24 23 30 34 1.0
30 25 26 30 37 1.0
30 26 20 30 31 1.0
30 27 11 30 4 1.0
30 29 5 30 56 1.0
30 31 0 30 31 1.0
30 32 0 30 32 1.0
30 36 0 30 36 1.0
30 40 14 30 2 1.0
30 41 72 30 64 1.0
30 42 4 30 0 0.1875
30 42 11 30 1 0.15625
30 42 25 30 3 0.65625
30 44 38 30 5 0.9375
30 44 71 30 63 0.0625
30 45 27 30 52 1.0
30 48 20 30 53 1.0
30 49 104 30 4 1.0
30 50 96 30 4 1.0
30 51 95 30 4 1.0
30 53 0 30 53 1.0
30 54 0 30 54 1.0
30 57 0 30 57 1.0
30 60 0 30 60 1.0
30 62 0 30 62 1.0
30 63 0 30 63 1.0
30 64 0 30 64 1.0
30 65 0 30 65 1.0
30 66 94 30 32 1.0
30 67 57 30 63 1.0
30 68 54 30 63 1.0
30 69 88 30 31 1.0
30 70 90 30 32 1.0
30 71 27 30 61 1.0
30 72 87 30 31 1.0
30 73 2 30 2 1.0
30 74 2 30 2 1.0
30 77 1 30 1 1.0
30 78 2 30 2 1.0
30 79 0 30 0 1.0
31 0 5 31 29 0.71875
31 0 9 31 26 0.28125
31 1 0 31 24 1.0
31 2 9 31 26 1.0
31 3 6 31 53 1.0
31 4 9 31 26 1.0
31 5 9 31 26 1.0
31 6 0 31 6 1.0
31 7 0 31 7 1.0
31 8 0 31 8 1.0
31 9 0 31 9 1.0
31 10 0 31 10 1.0
31 14 1 31 60 1.0
31 15 10 31 9 1.0
31 16 10 31 9 1.0
31 19 5 31 57 1.0
31 20 1 31 53 1.0
31 23 1 31 53 1.0
31 24 0 31 24 1.0
31 25 0 31 25 1.0
31 26 0 31 26 1.0
31 27 0 31 27 1.0
31 28 0 31 28 1.0
31 29 0 31 29 1.0
31 30 0 31 30 1.0
31 32 5 31 29 0.09375
31 32 8 31 28 0.90625
31 37 22 31 7 1.0
31 38 60 31 7 1.0
31 40 57 31 7 1.0
31 41 14 31 61 1.0
31 42 38 31 65 1.0
31 44 84 31 9 1.0
31 45 18 31 54 1.0
31 48 55 31 7 1.0
31 49 55 31 7 1.0
31 50 49 31 7 1.0
31 51 52 31 7 1.0
31 53 0 31 53 1.0
31 54 0 31 54 1.0
31 55 0 31 55 1.0
31 56 0 31 56 1.0
31 57 0 31 57 1.0
31 58 0 31 58 1.0
31 63 0 31 63 1.0
31 64 0 31 64 1.0
31 65 0 31 65 1.0
31 67 0 31 6 1.0
31 68 2 31 8 1.0
31 69 3 31 9 1.0
31 70 1 31 7 1.0
31 71 4 31 10 1.0
31 72 2 31 8 1.0
31 73 49 31 53 1.0
31 74 98 31 56 1.0
31 76 75 31 26 1.0
31 77 67 31 28 1.0
31 78 7 31 25 1.0
31 79 76 31 26 1.0
32 0 0 32 24 1.0
32 1 2 32 55 1.0
32 2 12 32 57 1.0
32 3 1 32 25 1.0
32 4 10 32 54 1.0
32 5 0 32 24 1.0
32 6 0 32 6 1.0
32 7 0 32 7 1.0
32 8 0 32 8 1.0
32 9 0 32 9 1.0
32 10 0 32 10 1.0
32 11 0 32 11 1.0
32 12 4 32 63 1.0
32 13 7 32 6 1.0
32 14 5 32 64 1.0
32 15 12 32 11 1.0
32 16 11 32 10 1.0
32 17 11 32 10 1.0
32 18 1 32 53 1.0
32 19 1 32 53 1.0
32 20 1 32 53 1.0
32 21 1 32 53 1.0
32 22 2 32 52 1.0
32 23 1 32 53 1.0
32 24 0 32 24 1.0
32 25 0 32 25 1.0
32 26 0 32 26 1.0
32 27 0 32 27 1.0
32 28 0 32 28 1.0
32 29 0 32 29 1.0
32 30 0 32 30 1.0
32 31 0 32 24 0.0625
32 31 19 32 64 0.9375
32 33 21 32 6 1.0
32 34 25 32 10 1.0
32 35 25 32 10 1.0
32 36 0 32 24 1.0
32 37 21 32 6 1.0
32 38 99 32 10 1.0
32 39 99 32 10 1.0
32 40 42 32 6 1.0
32 41 50 32 6 1.0
32 42 51 32 6 1.0
32 43 96 32 10 1.0
32 44 20 32 62 1.0
32 45 43 32 6 1.0
32 46 9 32 53 1.0
32 47 7 32 53 1.0
32 48 10 32 53 1.0
32 49 74 32 10 1.0
32 50 72 32 10 1.0
32 51 75 32 10 1.0
32 52 0 32 52 1.0
32 53 0 32 53 1.0
32 54 0 32 54 1.0
32 55 0 32 55 1.0
32 56 0 32 56 1.0
32 57 0 32 57 1.0
32 58 0 32 58 1.0
32 59 0 32 59 1.0
32 60 0 32 60 1.0
32 61 0 32 61 1.0
32 62 0 32 62 1.0
32 63 0 32 63 1.0
32 64 0 32 64 1.0
32 65 0 32 65 1.0
32 66 0 32 6 1.0
32 67 2 32 8 1.0
32 68 2 32 8 1.0
32 69 2 32 8 1.0
32 70 1 32 7 1.0
32 71 2 32 8 1.0
32 72 5 32 11 1.0
32 73 42 32 53 1.0
32 74 12 32 55 1.0
32 75 76 32 26 1.0
32 76 5 32 24 1.0
32 77 8 32 25 1.0
32 78 53 32 53 1.0
32 79 11 32 25 1.0
33 1 0 33 24 1.0
33 2 0 33 24 1.0
33 3 4 33 30 1.0
33 5 0 33 24 1.0
33 7 0 33 7 1.0
33 8 0 33 8 1.0
33 9 0 33 9 1.0
33 10 0 33 10 1.0
33 11 0 33 11 1.0
33 12 9 33 8 1.0
33 13 10 33 9 1.0
33 14 6 33 65 1.0
33 15 9 33 8 1.0
33 16 9 33 8 1.0
33 17 9 33 8 1.0
33 18 0 33 55 1.0
33 19 2 33 52 1.0
33 20 1 33 53 1.0
33 21 2 33 52 1.0
33 22 2 33 52 1.0
33 23 2 33 52 1.0
33 25 0 33 25 1.0
33 26 0 33 26 1.0
33 27 0 33 27 1.0
33 28 0 33 28 1.0
33 29 0 33 29 1.0
33 31 6 33 53 1.0
33 32 0 33 24 1.0
33 34 4 33 30 1.0
33 35 4 33 30 1.0
33 36 0 33 24 1.0
33 37 4 33 30 1.0
33 38 53 33 6 1.0
33 39 25 33 63 1.0
33 40 26 33 63 1.0
33 41 31 33 64 1.0
33 42 53 33 6 1.0
33 43 105 33 10 1.0
33 44 53 33 6 1.0
33 45 17 33 52 1.0
33 46 54 33 7 1.0
33 47 54 33 7 1.0
33 48 7 33 53 1.0
33 49 47 33 6 1.0
33 50 23 33 54 1.0
33 51 83 33 11 1.0
33 52 0 33 52 1.0
33 53 0 33 53 1.0
33 54 0 33 54 1.0
33 55 0 33 55 1.0
33 56 0 33 56 1.0
33 57 0 33 57 1.0
33 58 0 33 58 1.0
33 59 0 33 59 1.0
33 60 0 33 60 1.0
33 61 0 33 61 1.0
33 62 0 33 62 1.0
33 63 0 33 63 1.0
33 64 0 33 64 1.0
33 65 0 33 65 1.0
33 66 0 33 6 1.0
33 67 2 33 8 1.0
33 68 2 33 8 1.0
33 69 2 33 8 1.0
33 70 5 33 11 1.0
33 72 5 33 11 1.0
33 73 69 33 28 1.0
33 74 44 33 53 0.484375
33 74 89 33 54 0.515625
33 75 76 33 26 1.0
33 76 33 33 30 1.0
33 77 22 33 55 1.0
33 78 1 33 24 1.0
33 79 11 33 25 1.0
34 0 4 34 30 1.0
34 1 0 34 24 1.0
34 2 4 34 30 1.0
34 7 0 34 7 1.0
34 8 0 34 8 1.0
34 9 0 34 9 1.0
34 11 0 34 11 1.0
34 12 4 34 63 1.0
34 14 8 34 7 1.0
34 15 12 34 11 1.0
34 16 9 34 8 1.0
34 17 12 34 11 1.0
34 18 2 34 52 1.0
34 19 2 34 52 1.0
34 20 1 34 53 1.0
34 21 2 34 52 1.0
34 22 2 34 52 1.0
34 23 2 34 52 1.0
34 25 0 34 25 1.0
34 26 0 34 26 1.0
34 27 0 34 27 1.0
34 28 0 34 28 1.0
34 29 0 34 29 1.0
34 32 0 34 24 1.0
34 33 4 34 30 1.0
34 35 4 34 30 1.0
34 36 0 34 24 1.0
34 37 4 34 30 1.0
34 38 53 34 6 1.0
34 39 53 34 6 1.0
34 40 33 34 64 1.0
34 41 31 34 64 1.0
34 42 53 34 6 1.0
34 43 25 34 63 1.0
34 45 5 34 55 1.0
34 46 47 34 6 1.0
34 47 7 34 53 1.0
34 48 47 34 6 1.0
34 49 7 34 53 1.0
34 50 35 34 57 1.0
34 51 17 34 52 1.0
34 52 0 34 52 1.0
34 53 0 34 53 1.0
34 54 0 34 54 1.0
34 55 0 34 55 1.0
34 56 0 34 56 1.0
34 57 0 34 57 1.0
34 58 0 34 58 1.0
34 59 0 34 59 1.0
34 60 0 34 60 1.0
34 61 0 34 61 1.0
34 62 0 34 62 1.0
34 63 0 34 63 1.0
34 64 0 34 64 1.0
34 65 0 34 65 1.0
34 66 1 34 7 1.0
34 67 5 34 11 1.0
34 68 2 34 8 1.0
34 69 5 34 11 1.0
34 70 0 34 6 1.0
34 71 0 34 6 1.0
34 72 5 34 11 1.0
34 73 69 34 28 1.0
34 74 111 34 57 1.0
34 75 75 34 26 1.0
34 76 75 34 26 1.0
34 77 37 34 29 1.0
34 78 7 34 25 1.0
34 79 44 34 53 1.0
35 1 1 35 25 1.0
35 3 1 35 25 1.0
35 4 4 35 30 1.0
35 5 1 35 25 1.0
35 6 0 35 6 1.0
35 9 0 35 9 1.0
35 10 0 35 10 1.0
35 11 0 35 11 1.0
35 12 4 35 63 1.0
35 14 1 35 60 1.0
35 15 12 35 11 1.0
35 20 1 35 53 1.0
35 22 2 35 52 1.0
35 23 2 35 52 1.0
35 24 0 35 24 1.0
35 25 0 35 25 1.0
35 26 0 35 26 1.0
35 27 0 35 27 1.0
35 28 0 35 28 1.0
35 29 0 35 29 1.0
35 32 0 35 24 1.0
35 33 4 35 30 1.0
35 34 4 35 30 1.0
35 36 14 35 59 1.0
35 38 53 35 6 1.0
35 39 25 35 63 1.0
35 40 1 35 59 1.0
35 41 37 35 65 1.0
35 43 53 35 6 1.0
35 45 17 35 52 1.0
35 46 54 35 7 1.0
35 47 7 35 53 1.0
35 48 8 35 53 1.0
35 49 7 35 53 1.0
35 50 11 35 53 1.0
35 51 60 35 8 1.0
35 52 0 35 52 1.0
35 53 0 35 53 1.0
35 54 0 35 54 1.0
35 55 0 35 55 1.0
35 56 0 35 56 1.0
35 57 0 35 57 1.0
35 58 0 35 58 1.0
35 60 0 35 60 1.0
35 61 0 35 61 1.0
35 62 0 35 62 1.0
35 63 0 35 63 1.0
35 64 0 35 64 1.0
35 65 0 35 65 1.0
35 66 2 35 8 1.0
35 67 4 35 10 1.0
35 68 4 35 10 1.0
35 69 0 35 6 1.0
35 70 0 35 6 1.0
35 75 4 35 24 1.0
35 76 5 35 24 1.0
35 77 75 35 26 1.0
35 78 32 35 30 1.0
35 79 45 35 53 1.0
36 1 1 36 25 1.0
36 2 4 36 30 1.0
36 3 0 36 24 1.0
36 5 1 36 25 1.0
36 7 0 36 7 1.0
36 8 0 36 8 1.0
36 9 0 36 9 1.0
36 12 4 36 63 1.0
36 13 12 36 11 1.0
36 14 10 36 9 1.0
36 15 10 36 9 1.0
36 16 9 36 8 1.0
36 17 9 36 8 1.0
36 18 2 36 52 1.0
36 19 2 36 52 1.0
36 20 1 36 53 1.0
36 21 2 36 52 1.0
36 22 2 36 52 1.0
36 23 2 36 52 1.0
36 24 0 36 24 1.0
36 25 0 36 25 1.0
36 26 0 36 26 1.0
36 27 0 36 27 1.0
36 28 0 36 28 1.0
36 29 0 36 29 1.0
36 30 0 36 30 1.0
36 32 0 36 24 1.0
36 33 4 36 30 1.0
36 34 4 36 30 1.0
36 35 8 36 28 1.0
36 37 4 36 30 1.0
36 38 53 36 6 1.0
36 39 25 36 63 1.0
36 40 26 36 63 1.0
36 41 31 36 64 1.0
36 42 53 36 6 1.0
36 43 52 36 6 1.0
36 45 17 36 52 1.0
36 46 54 36 7 1.0
36 47 7 36 53 1.0
36 48 7 36 53 1.0
36 49 7 36 53 1.0
36 50 41 36 58 1.0
36 51 15 36 52 1.0
36 52 0 36 52 1.0
36 53 0 36 53 1.0
36 54 0 36 54 1.0
36 55 0 36 55 1.0
36 56 0 36 56 1.0
36 57 0 36 57 1.0
36 58 0 36 58 1.0
36 59 0 36 59 1.0
36 60 0 36 60 1.0
36 61 0 36 61 1.0
36 62 0 36 62 1.0
36 63 0 36 63 1.0
36 64 0 36 64 1.0
36 65 0 36 65 1.0
36 66 0 36 6 1.0
36 67 2 36 8 1.0
36 68 2 36 8 1.0
36 69 1 36 7 1.0
36 70 0 36 6 1.0
36 72 5 36 11 1.0
36 73 66 36 28 1.0
36 74 31 36 30 1.0
36 75 76 36 26 1.0
36 76 5 36 24 1.0
36 77 0 36 24 1.0
36 78 35 36 30 1.0
36 79 8 36 25 1.0
37 1 4 37 30 1.0
37 2 1 37 25 1.0
37 4 1 37 25 1.0
37 6 0 37 6 1.0
37 8 0 37 8 1.0
37 9 0 37 9 1.0
37 10 0 37 10 1.0
37 11 0 37 11 1.0
37 12 4 37 63 1.0
37 14 11 37 10 1.0
37 15 10 37 9 1.0
37 16 9 37 8 1.0
37 17 9 37 8 1.0
37 18 2 37 52 1.0
37 19 2 37 52 1.0
37 20 1 37 53 1.0
37 21 2 37 52 1.0
37 22 2 37 52 1.0
37 23 2 37 52 1.0
37 25 0 37 25 1.0
37 26 0 37 26 1.0
37 27 0 37 27 1.0
37 28 0 37 28 1.0
37 29 0 37 29 1.0
37 30 0 37 30 1.0
37 31 6 37 53 1.0
37 32 0 37 24 1.0
37 33 22 37 7 1.0
37 34 0 37 24 1.0
37 35 8 37 28 1.0
37 36 0 37 24 1.0
37 38 25 37 63 1.0
37 39 105 37 10 1.0
37 40 26 37 63 1.0
37 41 31 37 64 1.0
37 43 53 37 6 1.0
37 44 53 37 6 1.0
37 45 17 37 52 1.0
37 46 54 37 7 1.0
37 47 68 37 9 1.0
37 48 7 37 53 1.0
37 49 8 37 53 1.0
37 50 11 37 53 1.0
37 51 17 37 52 1.0
37 52 0 37 52 1.0
37 53 0 37 53 1.0
37 54 0 37 54 1.0
37 55 0 37 55 1.0
37 56 0 37 56 1.0
37 57 0 37 57 1.0
37 58 0 37 58 1.0
37 59 0 37 59 1.0
37 60 0 37 60 1.0
37 61 0 37 61 1.0
37 62 0 37 62 1.0
37 63 0 37 63 1.0
37 64 0 37 64 1.0
37 65 0 37 65 1.0
37 66 5 37 11 1.0
37 67 3 37 9 1.0
37 68 2 37 8 1.0
37 69 3 37 9 1.0
37 70 0 37 6 1.0
37 72 5 37 11 1.0
37 74 66 37 28 1.0
37 75 30 37 30 1.0
37 76 32 37 30 1.0
37 77 31 37 30 1.0
37 78 3 37 24 1.0
37 79 11 37 25 1.0
38 1 6 38 73 1.0
38 2 6 38 73 1.0
38 5 2 38 74 1.0
38 7 7 38 67 1.0
38 8 12 38 72 1.0
38 9 11 38 71 1.0
38 11 5 38 17 1.0
38 12 0 38 12 1.0
38 13 0 38 13 1.0
38 14 0 38 14 1.0
38 15 0 38 15 1.0
38 16 0 38 16 1.0
38 17 0 38 17 1.0
38 18 1 38 76 1.0
38 19 7 38 45 1.0
38 20 7 38 45 1.0
38 22 1 38 76 1.0
38 25 17 38 74 1.0
38 26 30 38 78 1.0
38 27 37 38 73 1.0
38 28 16 38 74 1.0
38 29 13 38 74 1.0
38 32 107 38 70 1.0
38 33 82 38 66 1.0
38 34 108 38 71 1.0
38 36 109 38 71 1.0
38 37 109 38 71 1.0
38 39 8 38 45 1.0
38 40 25 38 71 1.0
38 41 8 38 45 1.0
38 43 11 38 48 1.0
38 44 6 38 73 1.0
38 46 0 38 46 1.0
38 47 0 38 47 1.0
38 49 0 38 49 1.0
38 50 0 38 50 1.0
38 51 0 38 51 1.0
38 52 83 38 73 1.0
38 53 69 38 78 1.0
38 54 48 38 77 1.0
38 55 57 38 77 1.0
38 56 78 38 73 1.0
38 57 48 38 77 1.0
38 58 69 38 78 1.0
38 59 2 38 13 1.0
38 61 2 38 13 1.0
38 62 2 38 13 1.0
38 63 0 38 16 1.0
38 64 0 38 16 1.0
38 65 0 38 16 1.0
38 66 0 38 66 1.0
38 67 0 38 67 1.0
38 68 0 38 68 1.0
38 69 0 38 69 1.0
38 70 0 38 70 1.0
38 76 0 38 76 1.0
38 77 0 38 77 1.0
38 78 0 38 78 1.0
38 79 0 38 79 1.0
39 0 4 39 77 1.0
39 1 6 39 73 1.0
39 2 6 39 73 1.0
39 4 2 39 74 1.0
39 8 11 39 71 1.0
39 9 11 39 71 1.0
39 10 11 39 71 1.0
39 11 5 39 17 1.0
39 12 0 39 12 1.0
39 13 0 39 13 1.0
39 14 0 39 14 1.0
39 15 0 39 15 1.0
39 16 0 39 16 1.0
39 17 0 39 17 1.0
39 20 7 39 45 1.0
39 21 1 39 76 1.0
39 22 1 39 76 1.0
39 23 1 39 76 1.0
39 25 37 39 73 1.0
39 26 24 39 77 1.0
39 27 41 39 73 1.0
39 29 9 39 76 1.0
39 30 9 39 76 1.0
39 33 82 39 66 1.0
39 34 84 39 67 1.0
39 35 85 39 67 1.0
39 36 85 39 67 1.0
39 37 85 39 67 1.0
39 38 8 39 45 1.0
39 40 25 39 71 1.0
39 41 8 39 45 1.0
39 42 19 39 17 1.0
39 43 8 39 45 1.0
39 44 6 39 73 1.0
39 46 0 39 46 1.0
39 47 0 39 47 1.0
39 48 0 39 48 1.0
39 49 0 39 49 1.0
39 50 0 39 50 1.0
39 51 0 39 51 1.0
39 53 110 39 49 1.0
39 54 80 39 73 1.0
39 55 69 39 78 1.0
39 56 34 39 74 1.0
39 57 48 39 77 1.0
39 58 57 39 77 1.0
39 60 2 39 13 1.0
39 61 2 39 13 1.0
39 62 2 39 13 1.0
39 63 1 39 12 1.0
39 64 1 39 12 1.0
39 65 1 39 12 1.0
39 66 0 39 66 1.0
39 67 0 39 67 1.0
39 68 0 39 68 1.0
39 69 0 39 69 1.0
39 70 0 39 70 1.0
39 71 0 39 71 1.0
39 72 0 39 72 1.0
39 73 0 39 73 1.0
39 74 0 39 74 1.0
39 75 0 39 75 1.0
39 77 0 39 77 1.0
39 78 0 39 78 1.0
39 79 0 39 79 1.0
40 0 4 40 77 1.0
40 1 3 40 79 1.0
40 2 6 40 73 1.0
40 3 1 40 76 1.0
40 4 0 40 75 1.0
40 5 0 40 75 1.0
40 6 11 40 71 1.0
40 7 7 40 67 1.0
40 8 5 40 17 1.0
40 9 2 40 13 1.0
40 10 6 40 66 1.0
40 11 2 40 13 1.0
40 12 0 40 12 1.0
40 13 0 40 13 1.0
40 14 0 40 14 1.0
40 15 0 40 15 1.0
40 16 0 40 16 1.0
40 17 0 40 17 1.0
40 18 0 40 75 1.0
40 19 8 40 46 1.0
40 20 1 40 76 1.0
40 21 0 40 75 1.0
40 22 0 40 75 1.0
40 23 11 40 49 1.0
40 24 17 40 74 1.0
40 25 9 40 76 1.0
40 26 3 40 75 1.0
40 27 15 40 74 1.0
40 28 36 40 73 1.0
40 29 13 40 74 1.0
40 30 5 40 75 1.0
40 31 94 40 68 1.0
40 32 85 40 67 1.0
40 33 21 40 12 1.0
40 34 106 40 70 1.0
40 35 86 40 67 1.0
40 36 79 40 66 1.0
40 37 100 40 69 1.0
40 38 8 40 45 1.0
40 39 11 40 48 1.0
40 41 1 40 76 1.0
40 42 6 40 73 1.0
40 43 11 40 48 1.0
40 44 3 40 79 0.5
40 44 8 40 45 0.5
40 45 0 40 45 1.0
40 46 0 40 46 1.0
40 47 0 40 47 1.0
40 48 0 40 48 1.0
40 49 0 40 49 1.0
40 50 0 40 50 1.0
40 51 0 40 51 1.0
40 52 85 40 45 1.0
40 53 104 40 48 1.0
40 54 60 40 78 1.0
40 55 83 40 73 1.0
40 56 107 40 48 1.0
40 57 35 40 74 1.0
40 58 83 40 73 1.0
40 59 4 40 15 1.0
40 60 4 40 15 1.0
40 61 4 40 15 1.0
40 62 4 40 15 1.0
40 63 1 40 12 1.0
40 64 2 40 13 1.0
40 65 3 40 14 1.0
40 66 0 40 66 1.0
40 67 0 40 67 1.0
40 68 0 40 68 1.0
40 69 0 40 69 1.0
40 70 0 40 70 1.0
40 71 0 40 71 1.0
40 72 0 40 72 1.0
40 73 0 40 73 1.0
40 74 0 40 74 1.0
40 75 0 40 75 1.0
40 76 0 40 76 1.0
40 77 0 40 77 1.0
40 78 0 40 78 1.0
40 79 0 40 79 1.0
41 0 2 41 74 1.0
41 1 1 41 76 1.0
41 2 3 41 79 1.0
41 3 2 41 74 1.0
41 4 4 41 77 1.0
41 5 4 41 77 1.0
41 6 9 41 69 1.0
41 7 7 41 67 1.0
41 8 1 41 12 1.0
41 9 4 41 15 1.0
41 10 3 41 14 1.0
41 11 10 41 70 1.0
41 12 0 41 12 1.0
41 13 0 41 13 1.0
41 14 0 41 14 1.0
41 15 0 41 15 1.0
41 16 0 41 16 1.0
41 17 0 41 17 1.0
41 18 2 41 74 1.0
41 19 13 41 51 1.0
41 20 5 41 78 1.0
41 21 0 41 75 1.0
41 22 2 41 74 1.0
41 23 2 41 74 1.0
41 24 58 41 13 1.0
41 25 24 41 77 1.0
41 26 9 41 76 1.0
41 27 13 41 74 1.0
41 28 41 41 73 1.0
41 29 36 41 73 1.0
41 30 43 41 16 1.0
41 31 80 41 66 1.0
41 32 77 41 17 1.0
41 33 115 41 72 1.0
41 34 83 41 66 1.0
41 35 110 41 71 1.0
41 36 107 41 70 1.0
41 37 103 41 70 1.0
41 38 8 41 45 1.0
41 39 8 41 45 1.0
41 40 20 41 66 1.0
41 42 20 41 66 0.421875
41 42 26 41 72 0.578125
41 43 11 41 48 1.0
41 44 12 41 49 1.0
41 45 0 41 45 1.0
41 46 0 41 46 1.0
41 47 0 41 47 1.0
41 48 0 41 48 1.0
41 49 0 41 49 1.0
41 50 0 41 50 1.0
41 51 0 41 51 1.0
41 52 60 41 78 1.0
41 53 50 41 77 1.0
41 54 55 41 77 1.0
41 55 59 41 77 1.0
41 56 52 41 77 1.0
41 57 24 41 74 1.0
41 58 59 41 77 1.0
41 59 2 41 13 1.0
41 60 3 41 14 1.0
41 61 3 41 14 1.0
41 62 4 41 15 1.0
41 63 3 41 14 1.0
41 64 5 41 17 1.0
41 65 1 41 12 1.0
41 66 0 41 66 1.0
41 67 0 41 67 1.0
41 68 0 41 68 1.0
41 69 0 41 69 1.0
41 70 0 41 70 1.0
41 71 0 41 71 1.0
41 72 0 41 72 1.0
41 73 0 41 73 1.0
41 74 0 41 74 1.0
41 75 0 41 75 1.0
41 76 0 41 76 1.0
41 77 0 41 77 1.0
41 78 0 41 78 1.0
41 79 0 41 79 1.0
42 0 2 42 74 1.0
42 1 2 42 74 0.296875
42 1 6 42 73 0.703125
42 2 4 42 77 1.0
42 3 4 42 77 1.0
42 4 2 42 74 1.0
42 5 3 42 79 1.0
42 6 10 42 70 1.0
42 7 7 42 67 1.0
42 8 2 42 13 1.0
42 9 12 42 72 1.0
42 10 8 42 68 1.0
42 14 0 42 14 1.0
42 15 0 42 15 1.0
42 19 13 42 51 1.0
42 20 6 42 73 1.0
42 21 4 42 77 1.0
42 23 6 42 73 1.0
42 24 65 42 14 1.0
42 25 68 42 14 1.0
42 26 3 42 75 1.0
42 27 57 42 13 1.0
42 29 53 42 12 1.0
42 30 67 42 14 1.0
42 31 98 42 69 1.0
42 32 8 42 16 1.0
42 33 111 42 71 1.0
42 35 85 42 67 1.0
42 36 36 42 13 1.0
42 37 82 42 66 1.0
42 38 16 42 13 1.0
42 39 16 42 13 1.0
42 40 4 42 77 1.0
42 41 8 42 45 0.875
42 41 11 42 48 0.125
42 44 4 42 77 1.0
42 45 0 42 45 1.0
42 50 0 42 50 1.0
42 51 0 42 51 1.0
42 53 98 42 47 1.0
42 54 59 42 77 1.0
42 55 59 42 77 1.0
42 56 95 42 46 1.0
42 57 52 42 77 1.0
42 58 57 42 77 1.0
42 59 2 42 13 1.0
42 63 4 42 15 1.0
42 64 3 42 14 1.0
42 65 0 42 16 1.0
42 66 0 42 66 1.0
42 67 0 42 67 1.0
42 68 0 42 68 1.0
42 69 0 42 69 1.0
42 70 0 42 70 1.0
42 71 0 42 71 1.0
42 72 0 42 72 1.0
42 73 0 42 73 1.0
42 74 0 42 74 1.0
42 76 0 42 76 1.0
42 77 0 42 77 1.0
42 78 0 42 78 1.0
42 79 0 42 79 1.0
43 0 4 43 77 1.0
43 1 6 43 73 1.0
43 3 4 43 77 1.0
43 4 2 43 74 1.0
43 9 11 43 71 1.0
43 10 6 43 66 1.0
43 13 0 43 13 1.0
43 14 0 43 14 1.0
43 15 0 43 15 1.0
43 17 0 43 17 1.0
43 21 0 43 75 1.0
43 22 0 43 75 1.0
43 25 9 43 76 1.0
43 26 24 43 77 1.0
43 27 38 43 73 1.0
43 28 30 43 78 1.0
43 29 9 43 76 1.0
43 31 118 43 72 1.0
43 33 82 43 66 1.0
43 34 84 43 67 1.0
43 35 85 43 67 1.0
43 40 12 43 49 1.0
43 41 5 43 78 1.0
43 46 0 43 46 1.0
43 47 0 43 47 1.0
43 48 0 43 48 1.0
43 50 0 43 50 1.0
43 51 0 43 51 1.0
43 52 35 43 74 1.0
43 53 24 43 74 1.0
43 54 35 43 74 1.0
43 55 81 43 73 1.0
43 56 80 43 73 1.0
43 57 24 43 74 1.0
43 58 57 43 77 1.0
43 59 2 43 13 1.0
43 61 2 43 13 1.0
43 62 2 43 13 1.0
43 63 2 43 13 1.0
43 64 2 43 13 1.0
43 65 5 43 17 1.0
43 66 0 43 66 1.0
43 67 0 43 67 1.0
43 68 0 43 68 1.0
43 69 0 43 69 1.0
43 70 0 43 70 1.0
43 71 0 43 71 1.0
43 73 0 43 73 1.0
43 74 0 43 74 1.0
43 75 0 43 75 1.0
43 76 0 43 76 1.0
43 77 0 43 77 1.0
43 78 0 43 78 1.0
43 79 0 43 79 1.0
44 0 6 44 73 1.0
44 1 4 44 77 1.0
44 2 6 44 73 1.0
44 3 5 44 78 1.0
44 4 2 44 74 0.859375
44 4 6 44 73 0.140625
44 5 2 44 74 1.0
44 6 12 44 72 1.0
44 7 3 44 14 1.0
44 9 12 44 72 1.0
44 10 3 44 14 1.0
44 11 5 44 17 1.0
44 14 0 44 14 1.0
44 15 0 44 15 1.0
44 16 0 44 16 1.0
44 18 2 44 74 1.0
44 19 5 44 78 1.0
44 20 12 44 50 1.0
44 21 2 44 74 1.0
44 22 2 44 74 1.0
44 23 2 44 74 1.0
44 24 26 44 77 1.0
44 25 26 44 77 1.0
44 26 29 44 77 1.0
44 27 32 44 78 1.0
44 29 83 44 17 1.0
44 30 7 44 76 0.125
44 30 27 44 77 0.875
44 31 19 44 12 1.0
44 32 74 44 17 1.0
44 35 85 44 67 1.0
44 36 67 44 17 1.0
44 37 28 44 13 1.0
44 40 19 44 17 1.0
44 41 11 44 48 1.0
44 42 12 44 49 1.0
44 43 2 44 74 1.0
44 45 0 44 45 1.0
44 50 0 44 50 1.0
44 51 0 44 51 1.0
44 52 28 44 74 0.3125
44 52 64 44 78 0.6875
44 53 28 44 74 1.0
44 54 61 44 78 1.0
44 55 59 44 77 1.0
44 56 95 44 46 1.0
44 57 71 44 78 1.0
44 58 69 44 78 1.0
44 59 5 44 17 1.0
44 62 5 44 17 1.0
44 63 2 44 13 1.0
44 64 2 44 13 1.0
44 65 3 44 14 1.0
44 66 0 44 66 1.0
44 67 0 44 67 1.0
44 68 0 44 68 1.0
44 69 0 44 69 1.0
44 70 0 44 70 1.0
44 71 0 44 71 1.0
44 72 0 44 72 1.0
44 73 0 44 73 1.0
44 74 0 44 74 1.0
44 77 0 44 77 1.0
44 78 0 44 78 1.0
44 79 0 44 79 1.0
45 0 9 45 20 1.0
45 1 1 45 76 1.0
45 2 8 45 19 1.0
45 3 8 45 19 1.0
45 4 10 45 21 1.0
45 5 12 45 23 1.0
45 6 4 45 70 1.0
45 7 2 45 68 1.0
45 9 4 45 70 1.0
45 10 2 45 68 1.0
45 12 8 45 67 1.0
45 14 1 45 39 1.0
45 15 12 45 71 1.0
45 16 8 45 67 1.0
45 17 8 45 67 1.0
45 18 0 45 18 1.0
45 19 0 45 19 1.0
45 20 0 45 20 1.0
45 21 0 45 21 1.0
45 23 0 45 23 1.0
45 24 10 45 76 1.0
45 25 103 45 22 1.0
45 26 17 45 74 1.0
45 27 24 45 77 1.0
45 28 30 45 78 1.0
45 29 65 45 19 1.0
45 30 20 45 79 1.0
45 31 46 45 66 0.71875
45 31 49 45 67 0.28125
45 32 39 45 23 1.0
45 33 46 45 66 1.0
45 34 46 45 66 1.0
45 35 49 45 67 1.0
45 36 49 45 67 1.0
45 40 0 45 40 1.0
45 41 0 45 41 1.0
45 42 0 45 42 1.0
45 43 0 45 43 1.0
45 44 0 45 44 1.0
45 46 21 45 67 1.0
45 47 21 45 67 1.0
45 49 21 45 67 1.0
45 50 21 45 67 1.0
45 51 13 45 38 1.0
45 52 1 45 19 1.0
45 53 3 45 21 1.0
45 54 4 45 22 1.0
45 55 4 45 22 1.0
45 56 3 45 21 1.0
45 57 3 45 21 1.0
45 58 2 45 20 1.0
45 61 26 45 42 1.0
45 62 111 45 71 1.0
45 63 62 45 67 1.0
45 64 56 45 67 1.0
45 65 63 45 67 1.0
45 66 0 45 66 1.0
45 67 0 45 67 1.0
45 68 0 45 68 1.0
45 69 0 45 69 1.0
45 70 0 45 70 1.0
45 71 0 45 71 1.0
45 72 0 45 72 1.0
45 73 0 45 73 1.0
45 74 0 45 74 1.0
45 75 0 45 75 1.0
45 76 0 45 76 1.0
45 77 0 45 77 1.0
45 78 0 45 78 1.0
45 79 0 45 79 1.0
46 1 2 46 74 1.0
46 2 6 46 73 1.0
46 7 1 46 67 1.0
46 8 5 46 71 1.0
46 9 5 46 71 1.0
46 12 5 46 43 1.0
46 13 4 46 42 1.0
46 14 9 46 68 1.0
46 15 13 46 72 1.0
46 16 13 46 72 1.0
46 17 6 46 44 1.0
46 18 0 46 18 1.0
46 21 0 46 21 1.0
46 23 0 46 23 1.0
46 24 11 46 76 1.0
46 25 9 46 76 1.0
46 26 30 46 78 1.0
46 27 41 46 73 1.0
46 28 16 46 74 1.0
46 29 9 46 76 1.0
46 31 8 46 19 1.0
46 32 67 46 70 1.0
46 33 46 46 66 1.0
46 34 46 46 66 1.0
46 35 73 46 71 1.0
46 36 73 46 71 1.0
46 37 49 46 67 1.0
46 38 0 46 38 1.0
46 39 0 46 39 1.0
46 40 0 46 40 1.0
46 41 0 46 41 1.0
46 43 0 46 43 1.0
46 45 12 46 23 1.0
46 47 19 46 44 1.0
46 48 19 46 44 1.0
46 49 19 46 44 1.0
46 50 12 46 23 1.0
46 51 19 46 44 1.0
46 52 2 46 20 1.0
46 53 0 46 18 1.0
46 54 5 46 23 1.0
46 55 2 46 20 1.0
46 56 0 46 18 1.0
46 57 0 46 18 1.0
46 58 2 46 20 1.0
46 59 26 46 42 1.0
46 60 26 46 42 1.0
46 61 26 46 42 1.0
46 62 108 46 71 1.0
46 63 52 46 66 1.0
46 64 112 46 71 1.0
46 65 108 46 71 1.0
46 66 0 46 66 1.0
46 67 0 46 67 1.0
46 68 0 46 68 1.0
46 69 0 46 69 1.0
46 70 0 46 70 1.0
46 72 0 46 72 1.0
46 73 0 46 73 1.0
46 75 0 46 75 1.0
46 76 0 46 76 1.0
46 77 0 46 77 1.0
46 78 0 46 78 1.0
46 79 0 46 79 1.0
47 0 4 47 77 1.0
47 1 6 47 73 1.0
47 2 2 47 74 1.0
47 4 2 47 74 1.0
47 6 5 47 71 1.0
47 7 1 47 67 1.0
47 8 5 47 71 1.0
47 9 5 47 71 1.0
47 11 4 47 70 1.0
47 12 13 47 72 1.0
47 14 6 47 44 1.0
47 15 7 47 66 1.0
47 16 13 47 72 1.0
47 17 6 47 44 1.0
47 18 0 47 18 1.0
47 19 0 47 19 1.0
47 20 0 47 20 1.0
47 21 0 47 21 1.0
47 22 0 47 22 1.0
47 23 0 47 23 1.0
47 25 9 47 76 1.0
47 26 37 47 73 1.0
47 27 38 47 73 1.0
47 28 30 47 78 1.0
47 29 3 47 75 1.0
47 31 73 47 71 1.0
47 32 71 47 70 1.0
47 33 75 47 71 1.0
47 34 46 47 66 1.0
47 35 49 47 67 1.0
47 36 73 47 71 1.0
47 37 46 47 66 1.0
47 38 0 47 38 1.0
47 39 0 47 39 1.0
47 40 0 47 40 1.0
47 41 0 47 41 1.0
47 42 0 47 42 1.0
47 43 0 47 43 1.0
47 44 0 47 44 1.0
47 45 12 47 23 1.0
47 46 19 47 44 1.0
47 48 19 47 44 1.0
47 49 19 47 44 1.0
47 50 17 47 42 1.0
47 51 19 47 44 1.0
47 52 0 47 18 1.0
47 53 1 47 19 1.0
47 54 5 47 23 1.0
47 55 5 47 23 1.0
47 56 3 47 21 1.0
47 57 1 47 19 1.0
47 58 5 47 23 1.0
47 59 26 47 42 1.0
47 60 52 47 66 1.0
47 61 26 47 42 1.0
47 62 108 47 71 1.0
47 63 52 47 66 1.0
47 64 108 47 71 1.0
47 65 109 47 71 1.0
47 66 0 47 66 1.0
47 67 0 47 67 1.0
47 68 0 47 68 1.0
47 69 0 47 69 1.0
47 70 0 47 70 1.0
47 72 0 47 72 1.0
47 73 0 47 73 1.0
47 74 0 47 74 1.0
47 75 0 47 75 1.0
47 76 0 47 76 1.0
47 77 0 47 77 1.0
47 78 0 47 78 1.0
47 79 0 47 79 1.0
48 1 2 48 74 1.0
48 2 6 48 73 1.0
48 3 5 48 78 1.0
48 4 2 48 74 1.0
48 5 2 48 74 1.0
48 6 5 48 71 1.0
48 7 1 48 67 1.0
48 9 5 48 71 1.0
48 11 4 48 70 1.0
48 13 4 48 42 1.0
48 14 6 48 44 1.0
48 15 1 48 39 1.0
48 16 13 48 72 1.0
48 18 0 48 18 1.0
48 19 0 48 19 1.0
48 21 0 48 21 1.0
48 23 0 48 23 1.0
48 25 9 48 76 1.0
48 26 33 48 78 1.0
48 27 57 48 19 1.0
48 28 16 48 74 1.0
48 29 9 48 76 1.0
48 30 9 48 76 1.0
48 32 79 48 72 1.0
48 34 46 48 66 1.0
48 36 49 48 67 1.0
48 38 0 48 38 1.0
48 40 0 48 40 1.0
48 41 0 48 41 1.0
48 42 0 48 42 1.0
48 46 1 48 76 1.0
48 50 18 48 43 1.0
48 51 18 48 43 1.0
48 53 5 48 23 1.0
48 54 1 48 19 1.0
48 55 0 48 18 1.0
48 56 1 48 19 1.0
48 57 5 48 23 1.0
48 58 2 48 20 1.0
48 59 26 48 42 1.0
48 60 26 48 42 1.0
48 61 26 48 42 1.0
48 62 26 48 42 1.0
48 63 97 48 70 1.0
48 64 97 48 70 1.0
48 65 38 48 44 1.0
48 66 0 48 66 1.0
48 67 0 48 67 1.0
48 68 0 48 68 1.0
48 69 0 48 69 1.0
48 70 0 48 70 1.0
48 71 0 48 71 1.0
48 75 0 48 75 1.0
48 77 0 48 77 1.0
48 78 0 48 78 1.0
48 79 0 48 79 1.0
49 1 11 49 22 1.0
49 2 6 49 73 1.0
49 3 4 49 77 1.0
49 4 2 49 74 1.0
49 5 2 49 74 1.0
49 7 1 49 67 1.0
49 9 5 49 71 1.0
49 11 5 49 71 1.0
49 12 13 49 72 1.0
49 14 12 49 71 1.0
49 15 12 49 71 1.0
49 18 0 49 18 1.0
49 19 0 49 19 1.0
49 20 0 49 20 1.0
49 21 0 49 21 1.0
49 25 10 49 76 1.0
49 26 30 49 78 1.0
49 27 41 49 73 1.0
49 28 16 49 74 1.0
49 29 9 49 76 1.0
49 31 67 49 70 1.0
49 32 71 49 70 1.0
49 33 55 49 68 1.0
49 34 39 49 23 1.0
49 36 39 49 23 1.0
49 38 0 49 38 1.0
49 40 0 49 40 1.0
49 41 0 49 41 1.0
49 43 0 49 43 1.0
49 47 19 49 44 1.0
49 50 2 49 74 1.0
49 51 2 49 74 1.0
49 52 5 49 23 1.0
49 53 0 49 18 1.0
49 54 0 49 18 1.0
49 55 0 49 18 1.0
49 56 3 49 21 1.0
49 57 2 49 20 1.0
49 58 5 49 23 1.0
49 60 52 49 66 1.0
49 61 26 49 42 1.0
49 62 41 49 44 1.0
49 63 35 49 43 1.0
49 64 97 49 70 1.0
49 65 97 49 70 1.0
49 66 0 49 66 1.0
49 67 0 49 67 1.0
49 68 0 49 68 1.0
49 69 0 49 69 1.0
49 75 0 49 75 1.0
49 76 0 49 76 1.0
49 77 0 49 77 1.0
49 78 0 49 78 1.0
49 79 0 49 79 1.0
50 0 5 50 78 1.0
50 1 7 50 18 1.0
50 2 6 50 73 1.0
50 3 2 50 74 1.0
50 4 2 50 74 1.0
50 6 5 50 71 1.0
50 7 4 50 70 1.0
50 8 0 50 66 1.0
50 9 5 50 71 1.0
50 11 5 50 71 1.0
50 12 11 50 70 1.0
50 13 4 50 42 1.0
50 14 8 50 67 1.0
50 15 7 50 66 1.0
50 16 5 50 43 1.0
50 17 13 50 72 1.0
50 18 0 50 18 1.0
50 19 0 50 19 1.0
50 20 0 50 20 1.0
50 21 0 50 21 1.0
50 22 0 50 22 1.0
50 23 0 50 23 1.0
50 24 11 50 76 1.0
50 25 56 50 19 1.0
50 26 118 50 23 1.0
50 27 41 50 73 1.0
50 28 36 50 73 0.296875
50 28 38 50 73 0.703125
50 29 37 50 73 1.0
50 30 27 50 77 1.0
50 31 77 50 71 1.0
50 32 83 50 72 1.0
50 33 75 50 71 1.0
50 34 69 50 70 1.0
50 35 72 50 71 1.0
50 36 46 50 66 1.0
50 37 72 50 71 1.0
50 38 0 50 38 1.0
50 39 0 50 39 1.0
50 40 0 50 40 1.0
50 41 0 50 41 1.0
50 42 0 50 42 1.0
50 43 0 50 43 1.0
50 44 0 50 44 1.0
50 45 13 50 38 1.0
50 46 19 50 44 1.0
50 47 19 50 44 1.0
50 48 13 50 38 1.0
50 49 18 50 43 1.0
50 51 5 50 78 1.0
50 52 1 50 19 1.0
50 53 0 50 18 1.0
50 54 4 50 22 1.0
50 55 0 50 18 1.0
50 56 4 50 22 1.0
50 57 0 50 18 1.0
50 58 1 50 19 1.0
50 59 107 50 71 1.0
50 60 61 50 67 1.0
50 61 103 50 71 1.0
50 62 107 50 71 1.0
50 63 112 50 71 1.0
50 64 102 50 71 1.0
50 65 102 50 71 1.0
50 66 0 50 66 1.0
50 67 0 50 67 1.0
50 68 0 50 68 1.0
50 69 0 50 69 1.0
50 70 0 50 70 1.0
50 71 0 50 71 1.0
50 72 0 50 72 1.0
50 73 0 50 73 1.0
50 74 0 50 74 1.0
50 75 0 50 75 1.0
50 76 0 50 76 1.0
50 77 0 50 77 1.0
50 78 0 50 78 1.0
50 79 0 50 79 1.0
51 0 4 51 77 1.0
51 1 6 51 73 1.0
51 2 6 51 73 1.0
51 3 5 51 78 1.0
51 4 7 51 18 1.0
51 5 2 51 74 1.0
51 6 5 51 71 1.0
51 7 2 51 68 1.0
51 8 2 51 68 1.0
51 9 5 51 71 1.0
51 11 0 51 66 1.0
51 12 6 51 44 1.0
51 13 4 51 42 1.0
51 14 7 51 66 1.0
51 15 12 51 71 1.0
51 16 11 51 70 1.0
51 17 11 51 70 1.0
51 18 0 51 18 1.0
51 19 0 51 19 1.0
51 20 0 51 20 1.0
51 21 0 51 21 1.0
51 22 0 51 22 1.0
51 23 0 51 23 1.0
51 24 70 51 20 0.421875
51 24 89 51 21 0.578125
51 25 3 51 75 1.0
51 26 3 51 75 1.0
51 27 40 51 73 1.0
51 28 12 51 74 1.0
51 29 17 51 74 1.0
51 30 9 51 76 1.0
51 31 45 51 66 1.0
51 32 59 51 68 1.0
51 33 2 51 18 1.0
51 34 16 51 20 1.0
51 35 68 51 70 1.0
51 36 37 51 23 1.0
51 37 71 51 70 1.0
51 38 0 51 38 1.0
51 39 0 51 39 1.0
51 40 0 51 40 1.0
51 41 0 51 41 1.0
51 42 0 51 42 1.0
51 43 0 51 43 1.0
51 44 0 51 44 1.0
51 45 18 51 43 1.0
51 46 19 51 44 1.0
51 47 19 51 44 1.0
51 48 13 51 38 1.0
51 49 18 51 43 1.0
51 50 17 51 42 1.0
51 52 4 51 22 1.0
51 53 1 51 19 1.0
51 54 0 51 18 1.0
51 55 1 51 19 1.0
51 56 0 51 18 1.0
51 57 0 51 18 1.0
51 58 2 51 20 1.0
51 59 60 51 67 1.0
51 60 60 51 67 1.0
51 61 99 51 70 1.0
51 62 60 51 67 1.0
51 63 52 51 66 1.0
51 64 26 51 42 1.0
51 65 41 51 44 1.0
51 66 0 51 66 1.0
51 67 0 51 67 1.0
51 68 0 51 68 1.0
51 69 0 51 69 1.0
51 70 0 51 70 1.0
51 71 0 51 71 1.0
51 72 0 51 72 1.0
51 73 0 51 73 1.0
51 74 0 51 74 1.0
51 75 0 51 75 1.0
51 76 0 51 76 1.0
51 77 0 51 77 1.0
51 78 0 51 78 1.0
51 79 0 51 79 1.0
52 1 0 52 1 1.0
52 2 0 52 2 1.0
52 3 0 52 3 1.0
52 6 1 52 32 1.0
52 8 4 52 35 1.0
52 9 0 52 31 1.0
52 10 1 52 32 1.0
52 11 4 52 35 1.0
52 12 59 52 31 1.0
52 13 4 52 24 1.0
52 14 69 52 32 1.0
52 15 60 52 31 1.0
52 16 4 52 24 1.0
52 17 4 52 24 1.0
52 20 0 52 20 1.0
52 22 0 52 22 1.0
52 24 0 52 24 1.0
52 25 0 52 25 1.0
52 26 0 52 26 1.0
52 27 0 52 27 1.0
52 28 0 52 28 1.0
52 33 0 52 33 1.0
52 36 0 52 36 1.0
52 37 0 52 37 1.0
52 38 121 52 5 1.0
52 39 121 52 5 1.0
52 40 27 52 19 1.0
52 41 111 52 3 1.0
52 43 121 52 5 1.0
52 46 3 52 21 1.0
52 47 1 52 19 1.0
52 48 1 52 19 1.0
52 49 3 52 21 1.0
52 50 3 52 21 1.0
52 51 4 52 22 1.0
52 53 17 52 4 1.0
52 54 17 52 4 1.0
52 55 4 52 30 1.0
52 56 4 52 30 1.0
52 57 17 52 4 1.0
52 58 4 52 30 1.0
52 59 11 52 35 1.0
52 61 11 52 35 1.0
52 62 11 52 35 1.0
52 63 11 52 35 1.0
52 64 4 52 29 1.0
52 65 4 52 29 1.0
52 66 43 52 31 1.0
52 67 46 52 31 1.0
52 68 65 52 34 1.0
52 69 19 52 20 1.0
52 71 26 52 21 1.0
52 73 2 52 19 1.0
52 77 4 52 21 1.0
52 78 10 52 4 1.0
52 79 10 52 4 1.0
53 0 0 53 0 1.0
53 1 0 53 1 1.0
53 2 0 53 2 1.0
53 3 0 53 3 1.0
53 4 0 53 4 1.0
53 5 0 53 5 1.0
53 6 4 53 35 1.0
53 7 3 53 34 1.0
53 8 1 53 32 1.0
53 9 1 53 32 1.0
53 10 1 53 32 1.0
53 11 1 53 32 1.0
53 12 59 53 31 1.0
53 13 4 53 24 1.0
53 14 49 53 31 1.0
53 15 49 53 31 1.0
53 16 72 53 32 1.0
53 17 64 53 32 1.0
53 18 0 53 18 1.0
53 19 0 53 19 1.0
53 20 0 53 20 1.0
53 21 0 53 21 1.0
53 22 0 53 22 1.0
53 23 0 53 23 1.0
53 24 0 53 24 1.0
53 25 0 53 25 1.0
53 26 0 53 26 1.0
53 27 0 53 27 1.0
53 28 0 53 28 1.0
53 29 0 53 29 1.0
53 30 0 53 30 1.0
53 31 0 53 31 1.0
53 32 0 53 32 1.0
53 33 0 53 33 1.0
53 34 0 53 34 1.0
53 35 0 53 35 1.0
53 36 0 53 36 1.0
53 37 0 53 37 1.0
53 38 43 53 20 1.0
53 39 36 53 20 1.0
53 40 121 53 5 1.0
53 41 95 53 1 1.0
53 42 2 53 0 1.0
53 43 29 53 19 1.0
53 44 107 53 3 1.0
53 45 1 53 19 1.0
53 46 4 53 22 1.0
53 47 3 53 21 1.0
53 48 3 53 21 1.0
53 49 0 53 18 1.0
53 50 5 53 23 1.0
53 51 4 53 22 1.0
53 52 4 53 30 1.0
53 54 1 53 25 1.0
53 55 20 53 32 1.0
53 56 4 53 30 1.0
53 57 20 53 32 1.0
53 58 4 53 30 1.0
53 59 11 53 35 1.0
53 60 0 53 24 1.0
53 61 8 53 32 1.0
53 62 3 53 30 1.0
53 63 8 53 32 1.0
53 64 8 53 32 1.0
53 65 8 53 32 1.0
53 66 10 53 19 1.0
53 67 17 53 20 1.0
53 68 15 53 20 1.0
53 69 53 53 32 1.0
53 70 40 53 23 1.0
53 71 61 53 34 1.0
53 72 12 53 19 1.0
53 73 5 53 22 1.0
53 74 1 53 18 1.0
53 75 9 53 3 1.0
53 76 10 53 4 1.0
53 77 9 53 3 1.0
53 78 11 53 5 1.0
53 79 7 53 1 1.0
54 0 0 54 0 1.0
54 1 0 54 1 1.0
54 2 0 54 2 1.0
54 3 0 54 3 1.0
54 4 0 54 4 1.0
54 5 0 54 5 1.0
54 6 5 54 36 1.0
54 7 2 54 33 1.0
54 8 0 54 31 1.0
54 9 4 54 35 1.0
54 10 3 54 34 1.0
54 11 0 54 31 1.0
54 12 57 54 31 1.0
54 13 59 54 31 1.0
54 14 4 54 24 1.0
54 15 60 54 31 1.0
54 16 69 54 32 1.0
54 17 60 54 31 1.0
54 18 0 54 18 1.0
54 19 0 54 19 1.0
54 20 0 54 20 1.0
54 21 0 54 21 1.0
54 22 0 54 22 1.0
54 23 0 54 23 1.0
54 24 0 54 24 1.0
54 25 0 54 25 1.0
54 26 0 54 26 1.0
54 27 0 54 27 1.0
54 28 0 54 28 1.0
54 29 0 54 29 1.0
54 30 0 54 30 1.0
54 31 0 54 31 1.0
54 32 0 54 32 1.0
54 33 0 54 33 1.0
54 34 0 54 34 1.0
54 35 0 54 35 1.0
54 36 0 54 36 1.0
54 37 0 54 37 1.0
54 38 107 54 3 1.0
54 39 95 54 1 1.0
54 40 124 54 5 1.0
54 41 95 54 1 1.0
54 42 124 54 5 1.0
54 43 95 54 1 1.0
54 44 95 54 1 1.0
54 45 0 54 18 1.0
54 46 1 54 19 1.0
54 47 3 54 21 1.0
54 48 3 54 21 1.0
54 49 4 54 22 1.0
54 50 3 54 21 1.0
54 51 4 54 22 1.0
54 52 4 54 30 1.0
54 53 7 54 26 1.0
54 55 4 54 30 1.0
54 57 7 54 26 1.0
54 58 4 54 30 1.0
54 59 0 54 24 1.0
54 60 0 54 24 1.0
54 61 7 54 31 1.0
54 62 13 54 37 1.0
54 63 0 54 24 1.0
54 64 13 54 37 1.0
54 65 13 54 37 1.0
54 66 40 54 23 1.0
54 67 52 54 32 1.0
54 68 43 54 31 1.0
54 69 45 54 31 1.0
54 70 60 54 34 1.0
54 71 61 54 34 1.0
54 72 11 54 19 1.0
54 73 7 54 1 1.0
54 74 1 54 18 1.0
54 75 9 54 3 1.0
54 76 10 54 4 1.0
54 77 7 54 1 1.0
54 78 11 54 5 1.0
54 79 7 54 1 1.0
55 1 0 55 1 1.0
55 2 0 55 2 1.0
55 3 0 55 3 1.0
55 4 0 55 4 1.0
55 6 1 55 32 1.0
55 7 6 55 37 1.0
55 8 6 55 37 1.0
55 9 3 55 34 1.0
55 10 5 55 36 1.0
55 11 2 55 33 1.0
55 12 25 55 30 1.0
55 13 57 55 31 1.0
55 14 4 55 24 1.0
55 15 57 55 31 1.0
55 16 25 55 30 1.0
55 17 69 55 32 1.0
55 18 0 55 18 1.0
55 19 0 55 19 1.0
55 20 0 55 20 1.0
55 21 0 55 21 1.0
55 22 0 55 22 1.0
55 23 0 55 23 1.0
55 24 0 55 24 1.0
55 25 0 55 25 1.0
55 26 0 55 26 1.0
55 27 0 55 27 1.0
55 28 0 55 28 1.0
55 29 0 55 29 1.0
55 32 0 55 32 1.0
55 33 0 55 33 1.0
55 34 0 55 34 1.0
55 35 0 55 35 1.0
55 36 0 55 36 1.0
55 37 0 55 37 1.0
55 38 107 55 3 1.0
55 39 93 55 1 1.0
55 40 6 55 0 1.0
55 41 5 55 0 1.0
55 42 6 55 0 1.0
55 43 95 55 1 1.0
55 44 125 55 5 1.0
55 45 3 55 21 1.0
55 46 1 55 19 1.0
55 47 4 55 22 1.0
55 48 2 55 20 1.0
55 49 5 55 23 1.0
55 50 3 55 21 1.0
55 51 4 55 22 1.0
55 52 4 55 30 1.0
55 53 19 55 31 1.0
55 54 2 55 0 1.0
55 56 4 55 30 1.0
55 57 4 55 30 1.0
55 58 4 55 30 1.0
55 59 11 55 35 1.0
55 60 3 55 30 1.0
55 61 7 55 31 1.0
55 62 3 55 30 1.0
55 63 0 55 24 1.0
55 64 7 55 31 1.0
55 65 6 55 26 1.0
55 66 46 55 31 1.0
55 67 43 55 31 1.0
55 68 43 55 31 1.0
55 69 46 55 31 1.0
55 70 19 55 20 1.0
55 71 67 55 35 1.0
55 72 11 55 19 1.0
55 73 2 55 19 1.0
55 74 11 55 5 1.0
55 75 8 55 2 1.0
55 76 7 55 1 1.0
55 77 7 55 1 1.0
55 78 11 55 5 1.0
55 79 0 55 0 1.0
56 0 0 56 0 1.0
56 1 0 56 1 1.0
56 2 0 56 2 1.0
56 3 0 56 3 1.0
56 4 0 56 4 1.0
56 5 0 56 5 1.0
56 6 4 56 35 1.0
56 7 6 56 37 1.0
56 8 3 56 34 1.0
56 9 6 56 37 1.0
56 10 3 56 34 1.0
56 11 3 56 34 1.0
56 12 53 56 31 1.0
56 13 4 56 24 1.0
56 14 4 56 24 1.0
56 15 25 56 30 1.0
56 16 48 56 26 1.0
56 17 15 56 27 1.0
56 18 0 56 18 1.0
56 19 0 56 19 1.0
56 20 0 56 20 1.0
56 21 0 56 21 1.0
56 22 0 56 22 1.0
56 23 0 56 23 1.0
56 24 0 56 24 1.0
56 25 0 56 25 1.0
56 26 0 56 26 1.0
56 27 0 56 27 1.0
56 28 0 56 28 1.0
56 29 0 56 29 1.0
56 30 0 56 30 1.0
56 31 0 56 31 1.0
56 32 0 56 32 1.0
56 33 0 56 33 1.0
56 34 0 56 34 1.0
56 35 0 56 35 1.0
56 36 0 56 36 1.0
56 37 0 56 37 1.0
56 38 92 56 1 1.0
56 39 125 56 5 1.0
56 40 124 56 5 1.0
56 41 5 56 0 1.0
56 42 2 56 0 1.0
56 43 125 56 5 1.0
56 44 6 56 0 1.0
56 45 1 56 19 1.0
56 46 4 56 22 1.0
56 47 5 56 23 1.0
56 48 3 56 21 1.0
56 49 3 56 21 1.0
56 50 5 56 23 1.0
56 51 3 56 21 1.0
56 52 4 56 30 1.0
56 53 10 56 20 1.0
56 54 2 56 0 1.0
56 55 4 56 30 1.0
56 57 2 56 0 1.0
56 58 4 56 30 1.0
56 59 12 56 36 1.0
56 60 13 56 37 1.0
56 61 4 56 29 1.0
56 62 1 56 25 1.0
56 63 3 56 30 1.0
56 64 13 56 37 1.0
56 65 13 56 37 1.0
56 66 43 56 31 1.0
56 67 43 56 31 1.0
56 68 43 56 31 1.0
56 69 10 56 19 1.0
56 70 45 56 31 1.0
56 71 75 56 36 1.0
56 72 65 56 34 1.0
56 73 2 56 19 1.0
56 74 11 56 5 1.0
56 75 0 56 0 1.0
56 76 1 56 18 1.0
56 77 0 56 0 1.0
56 78 11 56 5 1.0
56 79 0 56 0 1.0
57 0 0 57 0 1.0
57 1 0 57 1 1.0
57 2 0 57 2 1.0
57 3 0 57 3 1.0
57 4 0 57 4 1.0
57 5 0 57 5 1.0
57 6 4 57 35 1.0
57 7 5 57 36 1.0
57 8 5 57 36 1.0
57 9 6 57 37 1.0
57 10 0 57 31 1.0
57 11 0 57 31 1.0
57 12 25 57 30 1.0
57 13 4 57 24 1.0
57 14 4 57 24 1.0
57 15 59 57 31 1.0
57 16 48 57 26 1.0
57 17 47 57 26 1.0
57 18 0 57 18 1.0
57 19 0 57 19 1.0
57 20 0 57 20 1.0
57 21 0 57 21 1.0
57 22 0 57 22 1.0
57 23 0 57 23 1.0
57 24 0 57 24 1.0
57 25 0 57 25 1.0
57 26 0 57 26 1.0
57 27 0 57 27 1.0
57 28 0 57 28 1.0
57 29 0 57 29 1.0
57 30 0 57 30 1.0
57 31 0 57 31 1.0
57 32 0 57 32 1.0
57 33 0 57 33 1.0
57 34 0 57 34 1.0
57 35 0 57 35 1.0
57 36 0 57 36 1.0
57 37 0 57 37 1.0
57 38 118 57 4 1.0
57 39 107 57 3 1.0
57 40 124 57 5 1.0
57 41 103 57 2 1.0
57 42 95 57 1 1.0
57 43 5 57 0 1.0
57 44 93 57 1 1.0
57 45 1 57 19 1.0
57 46 4 57 22 1.0
57 47 2 57 20 1.0
57 48 3 57 21 1.0
57 49 3 57 21 1.0
57 50 3 57 21 1.0
57 51 4 57 22 1.0
57 52 4 57 30 1.0
57 53 20 57 32 1.0
57 54 6 57 28 1.0
57 55 4 57 30 1.0
57 56 13 57 23 1.0
57 58 4 57 30 1.0
57 59 4 57 29 1.0
57 60 11 57 35 1.0
57 61 11 57 35 1.0
57 62 13 57 37 1.0
57 63 0 57 24 1.0
57 64 6 57 26 1.0
57 65 6 57 26 1.0
57 66 52 57 32 1.0
57 67 45 57 31 1.0
57 68 52 57 32 1.0
57 69 19 57 20 1.0
57 70 18 57 20 1.0
57 71 72 57 36 1.0
57 72 10 57 19 1.0
57 73 9 57 3 1.0
57 74 8 57 2 1.0
57 75 3 57 20 1.0
57 76 4 57 21 1.0
57 77 9 57 3 1.0
57 78 11 57 5 1.0
57 79 8 57 2 1.0
58 0 0 58 0 1.0
58 1 0 58 1 1.0
58 2 0 58 2 1.0
58 5 0 58 5 1.0
58 6 1 58 32 1.0
58 7 4 58 35 1.0
58 8 6 58 37 1.0
58 9 0 58 31 1.0
58 10 1 58 32 1.0
58 11 5 58 36 1.0
58 12 4 58 24 1.0
58 13 4 58 24 1.0
58 14 69 58 32 1.0
58 15 4 58 24 0.140625
58 15 29 58 29 0.859375
58 16 73 58 32 1.0
58 17 57 58 31 1.0
58 18 0 58 18 1.0
58 19 0 58 19 1.0
58 20 0 58 20 1.0
58 21 0 58 21 1.0
58 22 0 58 22 1.0
58 23 0 58 23 1.0
58 24 0 58 24 1.0
58 25 0 58 25 1.0
58 26 0 58 26 1.0
58 27 0 58 27 1.0
58 28 0 58 28 1.0
58 29 0 58 29 1.0
58 30 0 58 30 1.0
58 31 0 58 31 1.0
58 32 0 58 32 1.0
58 33 0 58 33 1.0
58 34 0 58 34 1.0
58 35 0 58 35 1.0
58 36 0 58 36 1.0
58 37 0 58 37 1.0
58 38 107 58 3 1.0
58 39 121 58 5 1.0
58 40 93 58 1 1.0
58 41 96 58 1 1.0
58 42 116 58 4 1.0
58 43 121 58 5 1.0
58 44 107 58 3 1.0
58 45 0 58 18 1.0
58 46 5 58 23 1.0
58 47 4 58 22 1.0
58 48 0 58 18 1.0
58 49 4 58 22 1.0
58 50 2 58 20 1.0
58 51 1 58 19 1.0
58 52 17 58 4 1.0
58 53 17 58 4 1.0
58 54 17 58 4 1.0
58 55 4 58 30 1.0
58 56 4 58 30 1.0
58 57 17 58 4 1.0
58 59 11 58 35 1.0
58 60 0 58 24 1.0
58 61 3 58 30 1.0
58 62 7 58 31 1.0
58 63 0 58 24 1.0
58 64 11 58 35 1.0
58 65 13 58 37 1.0
58 66 35 58 23 1.0
58 67 40 58 23 1.0
58 68 22 58 21 1.0
58 69 68 58 35 1.0
58 70 52 58 32 1.0
58 71 67 58 35 1.0
58 72 35 58 23 1.0
58 73 9 58 3 1.0
58 74 0 58 0 1.0
58 75 5 58 22 1.0
58 76 9 58 3 1.0
58 77 0 58 0 1.0
58 78 3 58 20 1.0
58 79 8 58 2 1.0
59 1 0 59 24 1.0
59 2 3 59 30 1.0
59 3 0 59 24 1.0
59 9 0 59 9 1.0
59 10 0 59 10 1.0
59 12 0 59 12 1.0
59 14 0 59 14 1.0
59 15 0 59 15 1.0
59 16 0 59 16 1.0
59 18 89 59 26 1.0
59 20 134 59 37 1.0
59 21 99 59 32 1.0
59 23 92 59 31 1.0
59 25 0 59 25 1.0
59 26 0 59 26 1.0
59 27 0 59 27 1.0
59 28 0 59 28 1.0
59 37 0 59 37 1.0
59 38 0 59 16 1.0
59 39 2 59 13 1.0
59 40 3 59 14 1.0
59 41 0 59 16 1.0
59 44 5 59 17 1.0
59 45 89 59 6 1.0
59 46 89 59 6 1.0
59 47 96 59 7 1.0
59 48 96 59 7 1.0
59 49 96 59 7 1.0
59 50 74 59 17 1.0
59 51 91 59 7 1.0
59 52 11 59 35 1.0
59 53 11 59 35 1.0
59 54 11 59 35 1.0
59 55 11 59 35 1.0
59 56 9 59 33 1.0
59 57 10 59 34 1.0
59 58 11 59 35 1.0
59 62 8 59 31 1.0
59 63 8 59 31 1.0
59 64 8 59 31 1.0
59 65 8 59 31 1.0
59 66 6 59 6 1.0
59 67 2 59 13 1.0
59 68 9 59 9 1.0
59 69 11 59 11 1.0
59 72 6 59 6 1.0
59 75 39 59 26 1.0
59 76 18 59 30 1.0
59 77 74 59 15 1.0
59 78 17 59 27 1.0
59 79 39 59 26 1.0
60 0 0 60 24 1.0
60 1 1 60 25 1.0
60 2 3 60 30 1.0
60 5 0 60 24 1.0
60 9 0 60 9 1.0
60 10 0 60 10 1.0
60 11 0 60 11 1.0
60 12 0 60 12 1.0
60 13 0 60 13 1.0
60 14 0 60 14 1.0
60 15 0 60 15 1.0
60 18 99 60 32 1.0
60 19 113 60 34 1.0
60 23 92 60 31 1.0
60 25 0 60 25 1.0
60 26 0 60 26 1.0
60 27 0 60 27 1.0
60 28 0 60 28 1.0
60 29 0 60 29 1.0
60 30 0 60 30 1.0
60 31 0 60 31 1.0
60 34 0 60 34 1.0
60 36 0 60 36 1.0
60 37 0 60 37 1.0
60 39 5 60 17 1.0
60 40 3 60 14 1.0
60 41 3 60 14 1.0
60 44 5 60 17 1.0
60 46 96 60 7 1.0
60 47 96 60 7 1.0
60 50 105 60 9 1.0
60 51 106 60 9 1.0
60 53 11 60 35 1.0
60 54 11 60 35 1.0
60 55 11 60 35 1.0
60 56 3 60 30 1.0
60 57 9 60 33 1.0
60 58 11 60 35 1.0
60 59 23 60 9 1.0
60 61 23 60 9 1.0
60 62 23 60 9 1.0
60 63 23 60 9 1.0
60 64 23 60 9 1.0
60 65 23 60 9 1.0
60 66 7 60 7 1.0
60 67 10 60 10 1.0
60 68 0 60 16 1.0
60 69 8 60 8 1.0
60 72 5 60 17 1.0
60 75 3 60 24 1.0
60 77 59 60 13 1.0
60 78 18 60 30 1.0
60 79 7 60 25 1.0
61 2 0 61 24 1.0
61 7 0 61 7 1.0
61 8 0 61 8 1.0
61 9 0 61 9 1.0
61 10 0 61 10 1.0
61 11 0 61 11 1.0
61 12 0 61 12 1.0
61 13 0 61 13 1.0
61 14 0 61 14 1.0
61 15 0 61 15 1.0
61 16 0 61 16 1.0
61 18 79 61 26 1.0
61 21 99 61 32 1.0
61 22 99 61 32 1.0
61 23 99 61 32 1.0
61 25 0 61 25 1.0
61 26 0 61 26 1.0
61 27 0 61 27 1.0
61 29 0 61 29 1.0
61 32 0 61 32 1.0
61 33 0 61 33 1.0
61 34 0 61 34 1.0
61 35 0 61 35 1.0
61 36 0 61 36 1.0
61 37 0 61 37 1.0
61 38 5 61 17 1.0
61 39 5 61 17 1.0
61 40 3 61 14 1.0
61 41 3 61 14 1.0
61 42 5 61 17 1.0
61 43 5 61 17 1.0
61 46 89 61 6 1.0
61 47 89 61 6 1.0
61 48 89 61 6 1.0
61 49 89 61 6 1.0
61 50 117 61 10 1.0
61 51 91 61 7 1.0
61 52 5 61 28 1.0
61 53 5 61 28 1.0
61 54 0 61 24 1.0
61 55 5 61 28 1.0
61 56 7 61 31 1.0
61 57 3 61 30 1.0
61 58 5 61 28 1.0
61 59 8 61 31 1.0
61 60 8 61 31 1.0
61 62 8 61 31 1.0
61 63 8 61 31 1.0
61 64 8 61 31 1.0
61 65 8 61 31 1.0
61 66 7 61 7 1.0
61 67 9 61 9 1.0
61 68 9 61 9 1.0
61 69 7 61 7 1.0
61 72 6 61 6 1.0
61 74 35 61 28 1.0
61 75 3 61 24 1.0
61 76 3 61 24 1.0
61 77 46 61 16 1.0
61 78 17 61 27 1.0
61 79 39 61 26 1.0
62 1 0 62 24 1.0
62 2 3 62 30 1.0
62 4 3 62 30 1.0
62 6 0 62 6 1.0
62 7 0 62 7 1.0
62 8 0 62 8 1.0
62 9 0 62 9 1.0
62 10 0 62 10 1.0
62 11 0 62 11 1.0
62 12 0 62 12 1.0
62 13 0 62 13 1.0
62 14 0 62 14 1.0
62 15 0 62 15 1.0
62 16 0 62 16 1.0
62 17 0 62 17 1.0
62 18 99 62 32 1.0
62 19 99 62 32 1.0
62 20 28 62 27 1.0
62 21 99 62 32 1.0
62 22 99 62 32 1.0
62 23 92 62 31 1.0
62 25 0 62 25 1.0
62 26 0 62 26 1.0
62 27 0 62 27 1.0
62 28 0 62 28 1.0
62 29 0 62 29 1.0
62 32 0 62 32 1.0
62 33 0 62 33 1.0
62 34 0 62 34 1.0
62 35 0 62 35 1.0
62 36 0 62 36 1.0
62 37 0 62 37 1.0
62 38 0 62 16 1.0
62 39 5 62 17 1.0
62 40 3 62 14 1.0
62 41 0 62 16 1.0
62 42 5 62 17 1.0
62 43 2 62 13 1.0
62 44 5 62 17 1.0
62 45 96 62 7 1.0
62 46 96 62 7 1.0
62 47 96 62 7 1.0
62 48 96 62 7 1.0
62 49 96 62 7 1.0
62 50 74 62 17 1.0
62 51 91 62 7 1.0
62 52 7 62 31 1.0
62 53 3 62 30 1.0
62 54 7 62 31 1.0
62 55 0 62 24 1.0
62 56 8 62 32 1.0
62 57 6 62 26 1.0
62 58 3 62 30 1.0
62 59 8 62 31 1.0
62 60 8 62 31 1.0
62 61 8 62 31 1.0
62 63 8 62 31 1.0
62 64 8 62 31 1.0
62 65 8 62 31 1.0
62 66 10 62 10 1.0
62 67 3 62 14 1.0
62 68 6 62 6 1.0
62 69 9 62 9 1.0
62 70 6 62 6 1.0
62 72 11 62 11 1.0
62 73 27 62 29 1.0
62 74 33 62 28 1.0
62 75 5 62 24 1.0
62 76 18 62 30 1.0
62 77 53 62 12 1.0
62 78 18 62 30 1.0
62 79 23 62 30 1.0
63 0 5 63 28 1.0
63 1 1 63 25 1.0
63 2 3 63 30 1.0
63 3 1 63 25 1.0
63 4 6 63 26 1.0
63 5 3 63 30 1.0
63 6 0 63 6 1.0
63 7 0 63 7 1.0
63 8 0 63 8 1.0
63 9 0 63 9 1.0
63 10 0 63 10 1.0
63 11 0 63 11 1.0
63 12 0 63 12 1.0
63 14 0 63 14 1.0
63 15 0 63 15 1.0
63 16 0 63 16 1.0
63 17 0 63 17 1.0
63 18 50 63 30 1.0
63 19 88 63 26 1.0
63 20 2 63 24 1.0
63 21 40 63 30 1.0
63 22 49 63 30 1.0
63 23 11 63 24 1.0
63 24 0 63 24 1.0
63 25 0 63 25 1.0
63 26 0 63 26 1.0
63 27 0 63 27 1.0
63 28 0 63 28 1.0
63 29 0 63 29 1.0
63 30 0 63 30 1.0
63 31 0 63 31 1.0
63 32 0 63 32 1.0
63 33 0 63 33 1.0
63 34 0 63 34 1.0
63 35 0 63 35 1.0
63 36 0 63 36 1.0
63 37 0 63 37 1.0
63 38 3 63 14 1.0
63 39 3 63 14 1.0
63 40 1 63 12 1.0
63 41 1 63 12 1.0
63 42 3 63 14 1.0
63 43 3 63 14 1.0
63 44 5 63 17 1.0
63 45 25 63 12 1.0
63 46 19 63 12 1.0
63 47 19 63 12 1.0
63 48 19 63 12 1.0
63 49 14 63 12 1.0
63 50 25 63 12 1.0
63 51 20 63 12 1.0
63 52 5 63 28 1.0
63 53 6 63 26 1.0
63 54 6 63 26 1.0
63 55 3 63 30 1.0
63 56 6 63 26 1.0
63 57 6 63 26 1.0
63 58 11 63 35 1.0
63 59 8 63 31 1.0
63 60 8 63 31 1.0
63 61 8 63 31 1.0
63 62 8 63 31 1.0
63 64 24 63 10 1.0
63 65 8 63 31 1.0
63 66 1 63 12 1.0
63 67 3 63 14 1.0
63 68 2 63 13 1.0
63 69 3 63 14 1.0
63 70 8 63 8 1.0
63 71 10 63 10 1.0
63 72 6 63 6 1.0
63 73 20 63 30 1.0
63 74 23 63 30 1.0
63 75 0 63 24 1.0
63 76 55 63 12 1.0
63 77 5 63 24 1.0
63 78 35 63 28 1.0
63 79 21 63 30 1.0
64 0 0 64 24 1.0
64 1 1 64 25 1.0
64 2 0 64 24 1.0
64 3 0 64 24 1.0
64 4 2 64 27 1.0
64 5 6 64 26 1.0
64 6 0 64 6 1.0
64 7 0 64 7 1.0
64 8 0 64 8 1.0
64 9 0 64 9 1.0
64 10 0 64 10 1.0
64 11 0 64 11 1.0
64 12 0 64 12 1.0
64 13 0 64 13 1.0
64 14 0 64 14 1.0
64 15 0 64 15 1.0
64 16 0 64 16 1.0
64 17 0 64 17 1.0
64 18 12 64 24 1.0
64 19 8 64 24 1.0
64 20 92 64 31 1.0
64 21 8 64 24 1.0
64 22 49 64 30 1.0
64 23 9 64 24 1.0
64 24 0 64 24 1.0
64 25 0 64 25 1.0
64 26 0 64 26 1.0
64 27 0 64 27 1.0
64 28 0 64 28 1.0
64 29 0 64 29 1.0
64 30 0 64 30 1.0
64 31 0 64 31 1.0
64 32 0 64 32 1.0
64 33 0 64 33 1.0
64 34 0 64 34 1.0
64 35 0 64 35 1.0
64 36 0 64 36 1.0
64 37 0 64 37 1.0
64 38 4 64 15 1.0
64 39 1 64 12 1.0
64 40 5 64 17 1.0
64 41 5 64 17 1.0
64 42 3 64 14 1.0
64 43 1 64 12 1.0
64 44 2 64 13 1.0
64 45 89 64 6 1.0
64 46 123 64 11 1.0
64 47 125 64 11 1.0
64 48 118 64 10 1.0
64 49 97 64 7 1.0
64 50 88 64 6 1.0
64 51 84 64 6 1.0
64 52 11 64 35 1.0
64 53 0 64 24 1.0
64 54 0 64 24 1.0
64 55 0 64 24 1.0
64 56 0 64 24 1.0
64 57 0 64 24 1.0
64 58 0 64 24 1.0
64 59 8 64 31 1.0
64 60 20 64 6 1.0
64 61 0 64 24 1.0
64 62 0 64 24 1.0
64 63 24 64 10 1.0
64 65 24 64 10 1.0
64 67 11 64 11 1.0
64 68 2 64 13 1.0
64 69 11 64 11 1.0
64 70 10 64 10 1.0
64 71 0 64 16 1.0
64 72 7 64 7 1.0
64 73 24 64 29 1.0
64 74 4 64 24 1.0
64 75 83 64 17 1.0
64 76 24 64 29 1.0
64 77 4 64 24 1.0
64 78 83 64 17 1.0
64 79 40 64 26 1.0
65 0 6 65 26 1.0
65 1 1 65 25 1.0
65 2 3 65 30 1.0
65 3 3 65 30 1.0
65 4 0 65 24 1.0
65 5 3 65 30 1.0
65 6 0 65 6 1.0
65 7 0 65 7 1.0
65 8 0 65 8 1.0
65 9 0 65 9 1.0
65 10 0 65 10 1.0
65 11 0 65 11 1.0
65 12 0 65 12 1.0
65 13 0 65 13 1.0
65 14 0 65 14 1.0
65 15 0 65 15 1.0
65 16 0 65 16 1.0
65 17 0 65 17 1.0
65 18 8 65 24 1.0
65 19 15 65 25 0.8125
65 19 106 65 33 0.1875
65 20 99 65 32 1.0
65 21 40 65 30 1.0
65 22 49 65 30 1.0
65 23 99 65 32 1.0
65 24 0 65 24 1.0
65 25 0 65 25 1.0
65 26 0 65 26 1.0
65 27 0 65 27 1.0
65 28 0 65 28 1.0
65 29 0 65 29 1.0
65 30 0 65 30 1.0
65 31 0 65 31 1.0
65 32 0 65 32 1.0
65 33 0 65 33 1.0
65 34 0 65 34 1.0
65 35 0 65 35 1.0
65 36 0 65 36 1.0
65 37 0 65 37 1.0
65 38 2 65 13 1.0
65 39 1 65 12 1.0
65 40 2 65 13 1.0
65 41 3 65 14 1.0
65 42 2 65 13 1.0
65 43 1 65 12 1.0
65 44 1 65 12 1.0
65 45 125 65 11 1.0
65 46 125 65 11 1.0
65 47 111 65 9 1.0
65 48 111 65 9 1.0
65 49 90 65 6 1.0
65 50 88 65 6 1.0
65 51 96 65 7 1.0
65 52 5 65 28 1.0
65 53 8 65 32 1.0
65 54 6 65 26 1.0
65 55 3 65 30 1.0
65 56 3 65 30 1.0
65 57 6 65 26 1.0
65 58 2 65 27 1.0
65 59 8 65 31 1.0
65 60 8 65 31 1.0
65 61 8 65 31 1.0
65 62 8 65 31 1.0
65 63 8 65 31 1.0
65 64 24 65 10 1.0
65 66 3 65 14 1.0
65 67 2 65 13 1.0
65 68 2 65 13 1.0
65 69 11 65 11 1.0
65 70 3 65 14 1.0
65 71 1 65 12 1.0
65 72 3 65 14 1.0
65 73 12 65 27 1.0
65 74 8 65 25 1.0
65 75 6 65 25 1.0
65 76 31 65 28 1.0
65 77 53 65 12 1.0
65 78 83 65 17 1.0
65 79 1 65 24 1.0
66 0 19 66 40 1.0
66 1 20 66 40 1.0
66 2 20 66 40 1.0
66 4 37 66 43 1.0
66 5 41 66 43 1.0
66 6 0 66 6 1.0
66 7 0 66 7 1.0
66 8 0 66 8 1.0
66 9 0 66 9 1.0
66 10 0 66 10 1.0
66 11 0 66 11 1.0
66 12 0 66 12 1.0
66 13 0 66 13 1.0
66 14 0 66 14 1.0
66 15 0 66 15 1.0
66 16 0 66 16 1.0
66 17 0 66 17 1.0
66 18 4 66 49 1.0
66 19 0 66 45 1.0
66 20 0 66 45 1.0
66 21 1 66 46 1.0
66 22 3 66 48 1.0
66 23 4 66 49 1.0
66 25 100 66 10 1.0
66 26 100 66 10 1.0
66 27 100 66 10 1.0
66 28 100 66 10 1.0
66 29 100 66 10 1.0
66 30 100 66 10 1.0
66 31 3 66 9 1.0
66 32 4 66 10 1.0
66 33 4 66 10 1.0
66 34 4 66 10 1.0
66 35 4 66 10 1.0
66 36 4 66 10 1.0
66 37 4 66 10 1.0
66 38 0 66 38 1.0
66 39 0 66 39 1.0
66 40 0 66 40 1.0
66 41 0 66 41 1.0
66 42 0 66 42 1.0
66 43 0 66 43 1.0
66 44 0 66 44 1.0
66 45 0 66 45 1.0
66 46 0 66 46 1.0
66 47 0 66 47 1.0
66 48 0 66 48 1.0
66 49 0 66 49 1.0
66 50 0 66 50 1.0
66 51 0 66 51 1.0
66 52 70 66 10 1.0
66 54 73 66 10 1.0
66 55 76 66 10 1.0
66 56 35 66 50 1.0
66 57 74 66 10 1.0
66 58 74 66 10 1.0
66 59 10 66 10 1.0
66 60 10 66 10 1.0
66 61 10 66 10 1.0
66 62 10 66 10 1.0
66 65 7 66 7 1.0
66 67 8 66 45 1.0
66 68 24 66 10 1.0
66 70 20 66 6 1.0
66 71 20 66 6 1.0
66 72 24 66 10 1.0
66 73 6 66 44 1.0
66 74 6 66 44 1.0
66 75 0 66 38 1.0
66 76 10 66 48 1.0
66 77 3 66 41 1.0
67 0 53 67 45 1.0
67 1 13 67 39 1.0
67 2 13 67 39 1.0
67 3 9 67 39 1.0
67 4 90 67 48 1.0
67 5 2 67 38 1.0
67 6 0 67 6 1.0
67 7 0 67 7 1.0
67 8 0 67 8 1.0
67 9 0 67 9 1.0
67 10 0 67 10 1.0
67 11 0 67 11 1.0
67 12 0 67 12 1.0
67 13 0 67 13 1.0
67 14 0 67 14 1.0
67 15 0 67 15 1.0
67 16 0 67 16 1.0
67 17 0 67 17 1.0
67 18 6 67 51 1.0
67 19 0 67 45 1.0
67 20 1 67 46 1.0
67 21 1 67 46 1.0
67 22 6 67 51 1.0
67 23 5 67 50 1.0
67 24 103 67 10 1.0
67 25 48 67 6 1.0
67 26 59 67 7 1.0
67 27 63 67 7 1.0
67 28 66 67 7 1.0
67 29 66 67 7 1.0
67 30 58 67 7 1.0
67 31 2 67 8 1.0
67 32 1 67 7 1.0
67 33 2 67 8 1.0
67 34 2 67 8 1.0
67 35 0 67 6 1.0
67 36 2 67 8 1.0
67 37 2 67 8 1.0
67 38 0 67 38 1.0
67 39 0 67 39 1.0
67 40 0 67 40 1.0
67 41 0 67 41 1.0
67 42 0 67 42 1.0
67 43 0 67 43 1.0
67 44 0 67 44 1.0
67 45 0 67 45 1.0
67 46 0 67 46 1.0
67 47 0 67 47 1.0
67 48 0 67 48 1.0
67 49 0 67 49 1.0
67 50 0 67 50 1.0
67 51 0 67 51 1.0
67 52 71 67 10 1.0
67 53 55 67 7 1.0
67 54 53 67 7 1.0
67 55 53 67 7 1.0
67 56 54 67 7 1.0
67 57 53 67 7 1.0
67 58 46 67 6 1.0
67 59 8 67 8 1.0
67 60 9 67 9 1.0
67 61 1 67 12 1.0
67 62 3 67 14 1.0
67 63 2 67 13 1.0
67 64 7 67 7 1.0
67 65 3 67 14 1.0
67 66 21 67 7 1.0
67 68 16 67 13 1.0
67 69 16 67 13 1.0
67 70 19 67 17 1.0
67 71 0 67 16 1.0
67 72 19 67 17 1.0
67 73 11 67 49 1.0
67 74 11 67 49 1.0
67 75 7 67 45 1.0
67 76 7 67 45 1.0
67 77 3 67 41 1.0
67 78 6 67 44 1.0
67 79 7 67 45 1.0
68 0 54 68 45 1.0
68 1 13 68 39 1.0
68 2 41 68 43 1.0
68 3 131 68 51 1.0
68 4 37 68 43 1.0
68 5 37 68 43 1.0
68 6 0 68 6 1.0
68 7 0 68 7 1.0
68 8 0 68 8 1.0
68 9 0 68 9 1.0
68 10 0 68 10 1.0
68 11 0 68 11 1.0
68 12 0 68 12 1.0
68 13 0 68 13 1.0
68 14 0 68 14 1.0
68 15 0 68 15 1.0
68 16 0 68 16 1.0
68 17 0 68 17 1.0
68 18 1 68 46 1.0
68 19 0 68 45 1.0
68 20 2 68 47 1.0
68 21 1 68 46 1.0
68 22 5 68 50 1.0
68 23 6 68 51 1.0
68 24 33 68 15 1.0
68 25 7 68 12 1.0
68 26 120 68 11 1.0
68 27 35 68 17 1.0
68 28 7 68 12 1.0
68 29 21 68 14 1.0
68 30 21 68 14 1.0
68 31 5 68 11 1.0
68 32 3 68 9 1.0
68 33 2 68 8 1.0
68 34 1 68 7 1.0
68 35 3 68 9 1.0
68 36 4 68 10 1.0
68 37 2 68 8 1.0
68 38 0 68 38 1.0
68 39 0 68 39 1.0
68 40 0 68 40 1.0
68 41 0 68 41 1.0
68 42 0 68 42 1.0
68 43 0 68 43 1.0
68 44 0 68 44 1.0
68 45 0 68 45 1.0
68 46 0 68 46 1.0
68 47 0 68 47 1.0
68 48 0 68 48 1.0
68 49 0 68 49 1.0
68 50 0 68 50 1.0
68 51 0 68 51 1.0
68 52 8 68 46 1.0
68 53 78 68 11 1.0
68 54 50 68 7 1.0
68 55 78 68 11 1.0
68 56 29 68 49 1.0
68 57 78 68 11 1.0
68 58 55 68 7 1.0
68 59 11 68 11 1.0
68 60 1 68 12 1.0
68 61 3 68 14 1.0
68 62 1 68 12 1.0
68 63 7 68 7 1.0
68 64 3 68 14 1.0
68 65 3 68 14 1.0
68 66 16 68 13 1.0
68 67 17 68 14 1.0
68 69 16 68 13 1.0
68 70 19 68 17 1.0
68 71 20 68 6 1.0
68 72 19 68 17 1.0
68 73 11 68 49 1.0
68 74 10 68 48 1.0
68 75 8 68 46 1.0
68 76 7 68 45 1.0
68 77 3 68 41 1.0
68 78 6 68 44 1.0
68 79 5 68 43 1.0
69 0 39 69 43 1.0
69 1 6 69 38 1.0
69 2 41 69 43 1.0
69 3 2 69 38 1.0
69 4 2 69 38 1.0
69 5 41 69 43 1.0
69 6 0 69 6 1.0
69 7 0 69 7 1.0
69 8 0 69 8 1.0
69 9 0 69 9 1.0
69 10 0 69 10 1.0
69 11 0 69 11 1.0
69 12 0 69 12 1.0
69 14 0 69 14 1.0
69 15 0 69 15 1.0
69 16 0 69 16 1.0
69 17 0 69 17 1.0
69 18 1 69 46 1.0
69 19 5 69 50 1.0
69 20 2 69 47 1.0
69 21 1 69 46 1.0
69 22 5 69 50 1.0
69 23 2 69 47 1.0
69 24 26 69 14 1.0
69 25 65 69 7 1.0
69 26 105 69 10 1.0
69 27 14 69 13 1.0
69 28 16 69 13 1.0
69 29 7 69 12 1.0
69 30 120 69 11 1.0
69 31 3 69 9 1.0
69 32 4 69 10 1.0
69 33 2 69 8 1.0
69 34 2 69 8 1.0
69 35 0 69 6 1.0
69 36 4 69 10 1.0
69 37 3 69 9 1.0
69 38 0 69 38 1.0
69 39 0 69 39 1.0
69 40 0 69 40 1.0
69 41 0 69 41 1.0
69 42 0 69 42 1.0
69 43 0 69 43 1.0
69 44 0 69 44 1.0
69 45 0 69 45 1.0
69 46 0 69 46 1.0
69 47 0 69 47 1.0
69 48 0 69 48 1.0
69 49 0 69 49 1.0
69 50 0 69 50 1.0
69 51 0 69 51 1.0
69 52 60 69 8 1.0
69 53 8 69 46 1.0
69 54 70 69 10 1.0
69 55 50 69 7 1.0
69 56 1 69 45 1.0
69 57 1 69 45 1.0
69 58 43 69 6 1.0
69 59 8 69 8 1.0
69 60 10 69 10 1.0
69 61 9 69 9 1.0
69 62 1 69 12 1.0
69 63 11 69 11 1.0
69 64 11 69 11 1.0
69 65 11 69 11 1.0
69 66 16 69 13 1.0
69 67 16 69 13 1.0
69 68 16 69 13 1.0
69 70 16 69 13 1.0
69 71 20 69 6 1.0
69 72 16 69 13 1.0
69 73 10 69 48 1.0
69 74 10 69 48 1.0
69 75 7 69 45 1.0
69 76 7 69 45 1.0
69 77 4 69 42 1.0
69 78 13 69 51 1.0
69 79 2 69 40 1.0
70 0 106 70 49 1.0
70 1 13 70 39 1.0
70 2 20 70 40 1.0
70 3 19 70 40 1.0
70 4 81 70 47 1.0
70 5 32 70 42 1.0
70 6 0 70 6 1.0
70 7 0 70 7 1.0
70 8 0 70 8 1.0
70 9 0 70 9 1.0
70 10 0 70 10 1.0
70 13 0 70 13 1.0
70 14 0 70 14 1.0
70 15 0 70 15 1.0
70 16 0 70 16 1.0
70 18 4 70 49 1.0
70 19 2 70 47 1.0
70 20 5 70 50 1.0
70 21 4 70 49 1.0
70 22 4 70 49 1.0
70 23 0 70 45 1.0
70 24 61 70 7 1.0
70 25 57 70 7 1.0
70 26 59 70 7 1.0
70 27 86 70 9 1.0
70 29 120 70 11 1.0
70 30 67 70 7 1.0
70 31 0 70 6 0.4375
70 31 3 70 9 0.5625
70 32 2 70 8 1.0
70 33 3 70 9 1.0
70 34 3 70 9 1.0
70 39 0 70 39 1.0
70 40 0 70 40 1.0
70 41 0 70 41 1.0
70 42 0 70 42 1.0
70 43 0 70 43 1.0
70 44 0 70 44 1.0
70 45 0 70 45 1.0
70 46 0 70 46 1.0
70 47 0 70 47 1.0
70 48 0 70 48 1.0
70 50 0 70 50 1.0
70 51 0 70 51 1.0
70 52 49 70 7 1.0
70 53 49 70 7 1.0
70 54 50 70 7 1.0
70 55 68 70 9 1.0
70 56 50 70 7 1.0
70 57 53 70 7 1.0
70 58 68 70 9 1.0
70 59 9 70 9 1.0
70 60 9 70 9 1.0
70 62 9 70 9 1.0
70 63 0 70 16 1.0
70 64 2 70 13 1.0
70 65 0 70 16 1.0
70 66 21 70 7 1.0
70 67 19 70 17 1.0
70 68 19 70 17 1.0
70 69 19 70 17 1.0
70 71 6 70 43 1.0
70 72 19 70 17 1.0
70 73 0 70 38 1.0
70 74 0 70 38 1.0
70 77 0 70 38 1.0
70 78 8 70 46 1.0
70 79 5 70 43 1.0
71 0 21 71 41 1.0
71 1 28 71 42 1.0
71 2 40 71 43 1.0
71 3 111 71 49 1.0
71 4 70 71 46 1.0
71 5 93 71 48 1.0
71 6 0 71 6 1.0
71 7 0 71 7 1.0
71 9 0 71 9 1.0
71 10 0 71 10 1.0
71 12 0 71 12 1.0
71 14 0 71 14 1.0
71 15 0 71 15 1.0
71 16 0 71 16 1.0
71 18 1 71 46 1.0
71 19 6 71 51 1.0
71 20 0 71 45 1.0
71 23 0 71 45 1.0
71 24 2 71 16 1.0
71 25 30 71 15 1.0
71 26 85 71 9 1.0
71 27 97 71 9 1.0
71 28 88 71 9 1.0
71 29 68 71 7 1.0
71 30 113 71 11 1.0
71 31 1 71 7 0.671875
71 31 4 71 10 0.328125
71 32 4 71 10 1.0
71 38 0 71 38 1.0
71 39 0 71 39 1.0
71 40 0 71 40 1.0
71 41 0 71 41 1.0
71 42 0 71 42 1.0
71 44 0 71 44 1.0
71 45 0 71 45 1.0
71 50 0 71 50 1.0
71 51 0 71 51 1.0
71 53 2 71 45 1.0
71 54 63 71 9 1.0
71 55 55 71 7 1.0
71 56 23 71 48 1.0
71 57 66 71 9 1.0
71 58 53 71 7 1.0
71 63 8 71 8 1.0
71 64 2 71 13 1.0
71 65 5 71 17 1.0
71 66 20 71 6 1.0
71 67 8 71 45 1.0
71 68 16 71 13 1.0
71 69 16 71 13 1.0
71 70 21 71 7 1.0
71 72 20 71 6 1.0
71 73 7 71 45 1.0
71 74 7 71 45 1.0
71 75 5 71 43 1.0
71 76 5 71 43 1.0
71 77 4 71 42 1.0
71 78 11 71 49 1.0
71 79 11 71 49 1.0
72 0 19 72 40 1.0
72 1 25 72 41 1.0
72 2 20 72 40 1.0
72 3 4 72 38 1.0
72 4 129 72 51 1.0
72 5 68 72 46 1.0
72 6 0 72 6 1.0
72 7 0 72 7 1.0
72 9 0 72 9 1.0
72 10 0 72 10 1.0
72 11 0 72 11 1.0
72 14 0 72 14 1.0
72 15 0 72 15 1.0
72 19 2 72 47 1.0
72 20 4 72 49 1.0
72 23 1 72 46 1.0
72 24 47 72 6 1.0
72 25 35 72 17 1.0
72 26 7 72 12 1.0
72 27 64 72 7 1.0
72 28 120 72 11 1.0
72 29 120 72 11 1.0
72 30 7 72 12 1.0
72 31 5 72 11 1.0
72 32 4 72 10 1.0
72 34 2 72 8 1.0
72 36 2 72 8 1.0
72 37 2 72 8 1.0
72 39 0 72 39 1.0
72 40 0 72 40 1.0
72 41 0 72 41 1.0
72 42 0 72 42 1.0
72 43 0 72 43 1.0
72 44 0 72 44 1.0
72 45 0 72 45 1.0
72 46 0 72 46 1.0
72 50 0 72 50 1.0
72 51 0 72 51 1.0
72 52 78 72 11 1.0
72 53 14 72 47 1.0
72 54 71 72 10 1.0
72 55 64 72 9 1.0
72 56 1 72 45 1.0
72 57 43 72 6 1.0
72 58 43 72 6 1.0
72 59 0 72 16 1.0
72 60 5 72 17 1.0
72 61 7 72 7 1.0
72 62 6 72 6 1.0
72 63 11 72 11 1.0
72 64 10 72 10 1.0
72 65 1 72 12 1.0
72 66 19 72 17 1.0
72 67 19 72 17 1.0
72 68 16 72 13 1.0
72 69 16 72 13 1.0
72 70 19 72 17 1.0
72 71 19 72 17 1.0
72 73 10 72 48 1.0
72 74 11 72 49 1.0
72 77 3 72 41 1.0
72 78 6 72 44 1.0
72 79 11 72 49 1.0
73 0 0 73 0 1.0
73 1 0 73 1 1.0
73 2 0 73 2 1.0
73 3 0 73 3 1.0
73 4 0 73 4 1.0
73 5 0 73 5 1.0
73 6 78 73 44 0.328125
73 6 91 73 45 0.671875
73 7 137 73 51 1.0
73 8 131 73 50 1.0
73 9 100 73 46 1.0
73 10 54 73 42 1.0
73 12 6 73 44 1.0
73 14 1 73 39 1.0
73 15 2 73 40 1.0
73 17 6 73 44 1.0
73 19 0 73 19 1.0
73 20 0 73 20 1.0
73 21 0 73 21 1.0
73 23 0 73 23 1.0
73 24 3 73 3 1.0
73 25 3 73 3 1.0
73 26 5 73 5 1.0
73 27 0 73 0 1.0
73 29 4 73 4 1.0
73 30 5 73 5 1.0
73 31 16 73 18 1.0
73 32 97 73 3 1.0
73 33 53 73 23 1.0
73 34 53 73 23 1.0
73 39 0 73 39 1.0
73 40 0 73 40 1.0
73 41 0 73 41 1.0
73 42 0 73 42 1.0
73 43 0 73 43 1.0
73 44 0 73 44 1.0
73 45 0 73 45 1.0
73 47 0 73 47 1.0
73 49 0 73 49 1.0
73 50 0 73 50 1.0
73 51 0 73 51 1.0
73 53 7 73 1 1.0
73 54 1 73 18 1.0
73 55 8 73 2 1.0
73 56 0 73 0 1.0
73 57 5 73 22 1.0
73 58 0 73 0 1.0
73 61 68 73 42 1.0
73 62 80 73 44 1.0
73 63 12 73 1 1.0
73 64 17 73 2 1.0
73 65 40 73 5 1.0
73 67 7 73 45 1.0
73 68 0 73 38 1.0
73 69 6 73 44 1.0
73 70 10 73 48 1.0
73 71 2 73 40 1.0
73 72 4 73 42 1.0
73 74 19 73 45 0.78125
73 74 20 73 46 0.21875
73 75 18 73 44 1.0
73 77 5 73 22 1.0
73 78 1 73 18 1.0
73 79 5 73 22 1.0
74 0 0 74 0 1.0
74 1 0 74 1 1.0
74 2 0 74 2 1.0
74 3 0 74 3 1.0
74 4 0 74 4 1.0
74 5 0 74 5 1.0
74 6 137 74 51 1.0
74 7 96 74 45 1.0
74 9 99 74 46 1.0
74 10 83 74 44 1.0
74 11 131 74 50 1.0
74 13 4 74 42 1.0
74 14 2 74 40 1.0
74 15 1 74 39 1.0
74 19 0 74 19 1.0
74 20 0 74 20 1.0
74 23 0 74 23 1.0
74 24 1 74 1 1.0
74 25 2 74 2 1.0
74 26 3 74 3 1.0
74 27 5 74 5 1.0
74 29 2 74 2 1.0
74 30 2 74 2 1.0
74 31 62 74 1 1.0
74 32 93 74 3 1.0
74 33 53 74 23 1.0
74 34 11 74 0 0.296875
74 34 82 74 2 0.453125
74 34 122 74 5 0.25
74 40 0 74 40 1.0
74 41 0 74 41 1.0
74 42 0 74 42 1.0
74 44 0 74 44 1.0
74 45 0 74 45 1.0
74 46 0 74 46 1.0
74 47 0 74 47 1.0
74 48 0 74 48 1.0
74 50 0 74 50 1.0
74 51 0 74 51 1.0
74 53 9 74 3 1.0
74 54 8 74 2 1.0
74 55 10 74 4 1.0
74 56 7 74 1 1.0
74 57 1 74 18 1.0
74 58 0 74 0 1.0
74 61 27 74 3 1.0
74 62 68 74 42 1.0
74 63 34 74 4 1.0
74 64 29 74 4 1.0
74 65 35 74 5 1.0
74 66 11 74 49 1.0
74 67 7 74 45 1.0
74 68 0 74 38 1.0
74 69 5 74 43 1.0
74 70 9 74 47 1.0
74 71 3 74 41 1.0
74 72 0 74 38 1.0
74 73 2 74 19 0.03125
74 73 24 74 50 0.96875
74 76 11 74 5 1.0
74 77 1 74 18 1.0
74 78 0 74 0 1.0
74 79 1 74 18 1.0
75 0 0 75 0 1.0
75 1 0 75 1 1.0
75 2 0 75 2 1.0
75 9 123 75 49 1.0
75 10 119 75 49 1.0
75 11 131 75 50 1.0
75 12 1 75 39 1.0
75 14 5 75 43 1.0
75 15 6 75 44 1.0
75 16 0 75 38 1.0
75 17 6 75 44 1.0
75 19 0 75 19 1.0
75 23 0 75 23 1.0
75 25 3 75 3 1.0
75 26 1 75 1 1.0
75 27 4 75 4 1.0
75 28 4 75 4 1.0
75 29 3 75 3 1.0
75 30 3 75 3 1.0
75 31 15 75 18 1.0
75 32 15 75 18 1.0
75 33 53 75 23 1.0
75 34 53 75 23 1.0
75 36 53 75 23 1.0
75 37 85 75 3 1.0
75 40 0 75 40 1.0
75 41 0 75 41 1.0
75 42 0 75 42 1.0
75 43 0 75 43 1.0
75 46 0 75 46 1.0
75 47 0 75 47 1.0
75 48 0 75 48 1.0
75 50 0 75 50 1.0
75 51 0 75 51 1.0
75 52 1 75 18 1.0
75 53 5 75 22 1.0
75 54 5 75 22 1.0
75 55 5 75 22 1.0
75 56 9 75 3 1.0
75 57 9 75 3 1.0
75 58 5 75 22 1.0
75 60 68 75 42 1.0
75 61 68 75 42 1.0
75 62 68 75 42 1.0
75 63 14 75 2 1.0
75 64 3 75 0 1.0
75 65 1 75 0 1.0
75 66 0 75 38 1.0
75 67 0 75 38 1.0
75 68 6 75 44 1.0
75 69 1 75 39 1.0
75 70 0 75 38 1.0
75 71 7 75 45 1.0
75 76 7 75 1 1.0
75 77 1 75 18 1.0
75 78 1 75 18 1.0
75 79 1 75 18 1.0
76 1 0 76 1 1.0
76 4 0 76 4 1.0
76 8 131 76 50 1.0
76 9 123 76 49 1.0
76 10 119 76 49 1.0
76 14 3 76 41 1.0
76 15 6 76 44 1.0
76 17 6 76 44 1.0
76 25 3 76 3 1.0
76 26 0 76 0 1.0
76 27 3 76 3 1.0
76 28 5 76 5 1.0
76 29 3 76 3 1.0
76 33 53 76 23 1.0
76 34 53 76 23 1.0
76 35 93 76 3 1.0
76 36 53 76 23 1.0
76 38 0 76 38 1.0
76 39 0 76 39 1.0
76 40 0 76 40 1.0
76 41 0 76 41 1.0
76 44 0 76 44 1.0
76 46 0 76 46 1.0
76 47 0 76 47 1.0
76 50 0 76 50 1.0
76 51 0 76 51 1.0
76 53 4 76 21 1.0
76 54 8 76 2 1.0
76 55 8 76 2 1.0
76 56 9 76 3 1.0
76 57 0 76 0 1.0
76 58 11 76 5 1.0
76 60 68 76 42 1.0
76 61 68 76 42 1.0
76 62 68 76 42 1.0
76 63 10 76 1 1.0
76 64 63 76 41 1.0
76 65 29 76 4 1.0
76 66 3 76 41 1.0
76 67 5 76 43 1.0
76 68 4 76 42 1.0
76 69 5 76 43 1.0
76 72 3 76 41 1.0
76 77 5 76 22 1.0
76 78 15 76 41 1.0
76 79 5 76 22 1.0
77 0 0 77 0 1.0
77 1 0 77 1 1.0
77 2 0 77 2 1.0
77 3 0 77 3 1.0
77 4 0 77 4 1.0
77 5 0 77 5 1.0
77 6 54 77 42 1.0
77 7 134 77 51 1.0
77 8 78 77 44 1.0
77 9 124 77 49 1.0
77 10 105 77 47 1.0
77 11 92 77 45 1.0
77 12 2 77 40 1.0
77 13 4 77 42 1.0
77 14 5 77 43 1.0
77 15 1 77 39 1.0
77 16 0 77 38 1.0
77 17 0 77 38 1.0
77 18 0 77 18 1.0
77 19 0 77 19 1.0
77 20 0 77 20 1.0
77 21 0 77 21 1.0
77 22 0 77 22 1.0
77 23 0 77 23 1.0
77 24 4 77 4 1.0
77 25 1 77 1 1.0
77 26 0 77 0 1.0
77 27 4 77 4 1.0
77 28 1 77 1 1.0
77 29 0 77 0 1.0
77 30 1 77 1 1.0
77 31 12 77 0 1.0
77 32 8 77 0 1.0
77 33 89 77 3 1.0
77 34 5 77 0 1.0
77 35 121 77 5 1.0
77 36 10 77 0 1.0
77 37 98 77 4 0.671875
77 37 99 77 4 0.328125
77 38 0 77 38 1.0
77 39 0 77 39 1.0
77 40 0 77 40 1.0
77 41 0 77 41 1.0
77 42 0 77 42 1.0
77 43 0 77 43 1.0
77 44 0 77 44 1.0
77 45 0 77 45 1.0
77 46 0 77 46 1.0
77 47 0 77 47 1.0
77 48 0 77 48 1.0
77 49 0 77 49 1.0
77 50 0 77 50 1.0
77 51 0 77 51 1.0
77 52 10 77 4 1.0
77 53 8 77 2 1.0
77 54 0 77 0 1.0
77 55 9 77 3 1.0
77 56 11 77 5 1.0
77 57 11 77 5 1.0
77 58 5 77 22 1.0
77 59 27 77 3 1.0
77 60 36 77 5 1.0
77 61 6 77 0 1.0
77 62 2 77 0 1.0
77 63 4 77 0 1.0
77 64 3 77 0 1.0
77 65 26 77 3 1.0
77 66 6 77 44 1.0
77 67 7 77 45 1.0
77 68 6 77 44 1.0
77 69 13 77 51 1.0
77 70 10 77 48 1.0
77 71 0 77 38 1.0
77 72 10 77 48 1.0
77 73 2 77 19 1.0
77 74 23 77 49 1.0
77 75 5 77 22 1.0
77 76 22 77 48 1.0
77 78 25 77 51 1.0
77 79 6 77 23 1.0
78 0 0 78 0 1.0
78 1 0 78 1 1.0
78 2 0 78 2 1.0
78 3 0 78 3 1.0
78 4 0 78 4 1.0
78 5 0 78 5 1.0
78 6 40 78 41 1.0
78 7 134 78 51 1.0
78 8 50 78 41 1.0
78 9 124 78 49 1.0
78 10 80 78 44 1.0
78 11 47 78 41 1.0
78 12 1 78 39 1.0
78 13 4 78 42 1.0
78 14 3 78 41 1.0
78 15 3 78 41 1.0
78 16 0 78 38 1.0
78 17 0 78 38 1.0
78 18 0 78 18 1.0
78 19 0 78 19 1.0
78 20 0 78 20 1.0
78 21 0 78 21 1.0
78 22 0 78 22 1.0
78 23 0 78 23 1.0
78 24 3 78 3 1.0
78 25 1 78 1 1.0
78 26 0 78 0 1.0
78 27 5 78 5 1.0
78 28 1 78 1 1.0
78 29 4 78 4 1.0
78 30 1 78 1 1.0
78 31 2 78 0 1.0
78 32 112 78 5 1.0
78 33 56 78 1 1.0
78 34 89 78 3 1.0
78 35 95 78 3 1.0
78 36 10 78 0 1.0
78 37 96 78 3 1.0
78 38 0 78 38 1.0
78 39 0 78 39 1.0
78 40 0 78 40 1.0
78 41 0 78 41 1.0
78 42 0 78 42 1.0
78 43 0 78 43 1.0
78 44 0 78 44 1.0
78 45 0 78 45 1.0
78 46 0 78 46 1.0
78 47 0 78 47 1.0
78 48 0 78 48 1.0
78 49 0 78 49 1.0
78 50 0 78 50 1.0
78 51 0 78 51 1.0
78 52 2 78 19 1.0
78 53 0 78 0 1.0
78 54 9 78 3 1.0
78 55 9 78 3 1.0
78 56 9 78 3 1.0
78 57 9 78 3 1.0
78 58 5 78 22 1.0
78 59 36 78 5 1.0
78 60 38 78 5 1.0
78 61 64 78 41 1.0
78 62 25 78 3 1.0
78 63 62 78 41 1.0
78 64 25 78 3 1.0
78 65 5 78 0 1.0
78 67 3 78 41 1.0
78 68 3 78 41 1.0
78 69 13 78 51 1.0
78 70 0 78 38 1.0
78 71 9 78 47 1.0
78 72 10 78 48 1.0
78 73 9 78 3 1.0
78 74 0 78 0 1.0
78 75 5 78 22 1.0
78 76 22 78 48 1.0
78 77 15 78 41 1.0
78 79 3 78 20 1.0
79 0 0 79 0 1.0
79 1 0 79 1 1.0
79 2 0 79 2 1.0
79 3 0 79 3 1.0
79 4 0 79 4 1.0
79 5 0 79 5 1.0
79 6 103 79 46 1.0
79 7 54 79 42 1.0
79 8 84 79 44 1.0
79 9 103 79 46 1.0
79 10 91 79 45 1.0
79 11 83 79 44 1.0
79 12 2 79 40 1.0
79 14 6 79 44 1.0
79 15 0 79 38 1.0
79 16 2 79 40 1.0
79 17 0 79 38 1.0
79 18 0 79 18 1.0
79 19 0 79 19 1.0
79 20 0 79 20 1.0
79 21 0 79 21 1.0
79 22 0 79 22 1.0
79 23 0 79 23 1.0
79 24 4 79 4 1.0
79 25 1 79 1 1.0
79 26 4 79 4 1.0
79 27 3 79 3 1.0
79 28 2 79 2 1.0
79 29 4 79 4 1.0
79 30 0 79 0 1.0
79 31 29 79 20 1.0
79 32 76 79 2 1.0
79 33 22 79 19 1.0
79 34 0 79 0 1.0
79 35 107 79 4 1.0
79 36 1 79 0 1.0
79 37 107 79 4 1.0
79 38 0 79 38 1.0
79 39 0 79 39 1.0
79 40 0 79 40 1.0
79 41 0 79 41 1.0
79 42 0 79 42 1.0
79 43 0 79 43 1.0
79 44 0 79 44 1.0
79 45 0 79 45 1.0
79 46 0 79 46 1.0
79 47 0 79 47 1.0
79 48 0 79 48 1.0
79 49 0 79 49 1.0
79 50 0 79 50 1.0
79 51 0 79 51 1.0
79 52 10 79 4 1.0
79 53 7 79 1 1.0
79 54 7 79 1 1.0
79 55 11 79 5 1.0
79 56 6 79 23 1.0
79 57 9 79 3 1.0
79 58 11 79 5 1.0
79 59 34 79 4 1.0
79 60 15 79 2 1.0
79 61 83 79 44 1.0
79 62 34 79 4 1.0
79 63 25 79 3 1.0
79 64 27 79 3 1.0
79 65 68 79 42 1.0
79 67 7 79 45 1.0
79 68 6 79 44 1.0
79 69 2 79 40 1.0
79 70 1 79 39 1.0
79 71 0 79 38 1.0
79 72 6 79 44 1.0
79 73 2 79 19 1.0
79 74 10 79 4 1.0
79 75 6 79 23 1.0
79 76 22 79 48 1.0
79 77 15 79 41 1.0
79 78 11 79 5 1.0
