0 1 22 0 19 1.0
0 2 21 0 18 1.0
0 3 20 0 58 1.0
0 4 20 0 58 1.0
0 5 19 0 57 1.0
0 6 1 0 24 1.0
0 7 37 0 27 1.0
0 9 66 0 29 1.0
0 10 30 0 55 1.0
0 14 37 0 29 1.0
0 15 43 0 76 1.0
0 17 56 0 28 1.0
0 19 0 0 19 1.0
0 20 0 0 20 1.0
0 23 0 0 23 1.0
0 24 0 0 24 1.0
0 25 0 0 25 1.0
0 26 0 0 26 1.0
0 27 0 0 27 1.0
0 29 0 0 29 1.0
0 30 0 0 30 1.0
0 31 2 0 55 0.15625
0 31 12 0 57 0.84375
0 32 5 0 29 1.0
0 38 1 0 76 1.0
0 39 6 0 73 1.0
0 40 1 0 76 1.0
0 41 2 0 74 1.0
0 42 2 0 74 0.53125
0 42 4 0 77 0.46875
0 43 1 0 76 1.0
0 44 2 0 74 1.0
0 45 5 0 78 1.0
0 50 7 0 18 1.0
0 51 7 0 18 1.0
0 53 0 0 53 1.0
0 54 0 0 54 1.0
0 56 0 0 56 1.0
0 57 0 0 57 1.0
0 58 0 0 58 1.0
0 59 5 0 28 1.0
0 63 4 0 29 1.0
0 64 2 0 27 1.0
0 65 4 0 29 1.0
0 66 99 0 18 1.0
0 67 130 0 22 1.0
0 68 103 0 18 1.0
0 69 115 0 20 1.0
0 70 114 0 20 1.0
0 71 29 0 74 0.09375
0 71 69 0 77 0.875
0 71 107 0 19 0.03125
0 72 130 0 22 1.0
0 73 0 0 73 1.0
0 74 0 0 74 1.0
0 75 0 0 75 1.0
0 77 0 0 77 1.0
0 78 0 0 78 1.0
0 79 0 0 79 1.0
1 0 22 1 19 0.90625
1 0 25 1 22 0.09375
1 2 24 1 21 1.0
1 3 2 1 55 1.0
1 4 25 1 22 1.0
1 5 21 1 18 1.0
1 6 121 1 54 1.0
1 7 80 1 53 1.0
1 8 144 1 58 1.0
1 9 135 1 57 1.0
1 10 81 1 53 1.0
1 11 88 1 52 1.0
1 12 42 1 76 1.0
1 13 56 1 28 1.0
1 14 47 1 76 1.0
1 15 56 1 28 1.0
1 16 77 1 78 1.0
1 17 56 1 28 1.0
1 18 0 1 18 1.0
1 19 0 1 19 1.0
1 20 0 1 20 1.0
1 21 0 1 21 1.0
1 22 0 1 22 1.0
1 23 0 1 23 1.0
1 24 0 1 24 1.0
1 25 0 1 25 1.0
1 26 0 1 26 1.0
1 27 0 1 27 1.0
1 28 0 1 28 1.0
1 29 0 1 29 1.0
1 30 0 1 30 1.0
1 31 6 1 53 1.0
1 32 8 1 28 1.0
1 33 7 1 52 1.0
1 34 7 1 52 1.0
1 35 5 1 29 1.0
1 36 7 1 52 1.0
1 37 7 1 52 1.0
1 38 1 1 76 1.0
1 39 1 1 76 1.0
1 40 1 1 76 1.0
1 41 2 1 74 1.0
1 42 2 1 74 1.0
1 43 1 1 76 1.0
1 44 2 1 74 1.0
1 45 7 1 18 1.0
1 46 12 1 23 1.0
1 47 9 1 20 1.0
1 48 9 1 20 1.0
1 49 9 1 20 1.0
1 50 7 1 18 1.0
1 51 1 1 76 1.0
1 52 0 1 52 1.0
1 53 0 1 53 1.0
1 54 0 1 54 1.0
1 55 0 1 55 1.0
1 56 0 1 56 1.0
1 57 0 1 57 1.0
1 58 0 1 58 1.0
1 59 5 1 28 1.0
1 60 3 1 30 1.0
1 62 3 1 30 1.0
1 63 4 1 29 1.0
1 64 6 1 26 1.0
1 65 6 1 26 1.0
1 66 116 1 20 1.0
1 67 115 1 20 1.0
1 68 116 1 20 1.0
1 69 116 1 20 1.0
1 70 116 1 20 1.0
1 71 110 1 19 1.0
1 72 130 1 22 1.0
1 73 0 1 73 1.0
1 74 0 1 74 1.0
1 75 0 1 75 1.0
1 76 0 1 76 1.0
1 77 0 1 77 1.0
1 78 0 1 78 1.0
1 79 0 1 79 1.0
2 0 24 2 21 1.0
2 1 10 2 52 1.0
2 3 10 2 52 0.390625
2 3 23 2 20 0.609375
2 4 24 2 21 1.0
2 5 10 2 52 1.0
2 6 125 2 54 1.0
2 7 34 2 55 1.0
2 8 88 2 52 1.0
2 9 146 2 58 1.0
2 10 145 2 58 1.0
2 11 88 2 52 1.0
2 12 42 2 76 1.0
2 13 47 2 76 1.0
2 14 42 2 76 1.0
2 15 42 2 76 1.0
2 16 77 2 78 1.0
2 17 82 2 78 1.0
2 18 0 2 18 1.0
2 19 0 2 19 1.0
2 20 0 2 20 1.0
2 21 0 2 21 1.0
2 22 0 2 22 1.0
2 23 0 2 23 1.0
2 24 0 2 24 1.0
2 25 0 2 25 1.0
2 26 0 2 26 1.0
2 27 0 2 27 1.0
2 28 0 2 28 1.0
2 29 0 2 29 1.0
2 30 0 2 30 1.0
2 31 6 2 53 1.0
2 32 12 2 57 1.0
2 33 7 2 52 1.0
2 34 7 2 52 1.0
2 35 7 2 52 1.0
2 36 7 2 52 1.0
2 37 7 2 52 1.0
2 38 1 2 76 1.0
2 39 1 2 76 1.0
2 40 5 2 78 1.0
2 41 5 2 78 1.0
2 42 6 2 73 1.0
2 43 1 2 76 1.0
2 44 6 2 73 1.0
2 45 9 2 20 1.0
2 46 6 2 73 1.0
2 47 9 2 20 1.0
2 48 9 2 20 1.0
2 49 9 2 20 1.0
2 50 10 2 21 1.0
2 51 10 2 21 1.0
2 52 0 2 52 1.0
2 53 0 2 53 1.0
2 54 0 2 54 1.0
2 55 0 2 55 1.0
2 56 0 2 56 1.0
2 57 0 2 57 1.0
2 58 0 2 58 1.0
2 59 5 2 28 1.0
2 60 3 2 30 1.0
2 61 4 2 29 1.0
2 62 3 2 30 1.0
2 63 2 2 27 1.0
2 64 6 2 26 1.0
2 65 2 2 27 1.0
2 66 116 2 20 1.0
2 67 129 2 22 1.0
2 68 116 2 20 1.0
2 69 115 2 20 1.0
2 70 136 2 23 1.0
2 71 124 2 21 1.0
2 72 137 2 23 1.0
2 73 0 2 73 1.0
2 74 0 2 74 1.0
2 75 0 2 75 1.0
2 76 0 2 76 1.0
2 77 0 2 77 1.0
2 78 0 2 78 1.0
2 79 0 2 79 1.0
3 0 17 3 54 1.0
3 1 24 3 21 1.0
3 2 22 3 19 0.5625
3 2 25 3 22 0.4375
3 4 8 3 53 1.0
3 5 20 3 58 1.0
3 6 44 3 27 1.0
3 7 37 3 27 1.0
3 8 32 3 55 1.0
3 9 74 3 29 1.0
3 10 127 3 56 1.0
3 14 14 3 75 1.0
3 15 62 3 28 1.0
3 17 82 3 78 1.0
3 19 0 3 19 1.0
3 20 0 3 20 1.0
3 22 0 3 22 1.0
3 23 0 3 23 1.0
3 24 0 3 24 1.0
3 25 0 3 25 1.0
3 26 0 3 26 1.0
3 27 0 3 27 1.0
3 29 0 3 29 1.0
3 30 0 3 30 1.0
3 31 12 3 57 1.0
3 32 6 3 53 1.0
3 39 1 3 76 1.0
3 40 1 3 76 1.0
3 41 2 3 74 1.0
3 42 2 3 74 1.0
3 44 6 3 73 1.0
3 45 5 3 78 1.0
3 48 9 3 20 1.0
3 50 7 3 18 1.0
3 51 10 3 21 1.0
3 53 0 3 53 1.0
3 54 0 3 54 1.0
3 55 0 3 55 1.0
3 56 0 3 56 1.0
3 57 0 3 57 1.0
3 58 0 3 58 1.0
3 61 4 3 29 1.0
3 63 2 3 27 1.0
3 64 2 3 27 1.0
3 65 2 3 27 1.0
3 67 137 3 23 1.0
3 68 104 3 18 1.0
3 69 115 3 20 1.0
3 70 130 3 22 1.0
3 71 23 3 76 1.0
3 72 116 3 20 1.0
3 73 0 3 73 1.0
3 74 0 3 74 1.0
3 77 0 3 77 1.0
3 78 0 3 78 1.0
3 79 0 3 79 1.0
4 0 19 4 57 1.0
4 1 25 4 22 1.0
4 2 24 4 21 1.0
4 3 8 4 53 1.0
4 5 19 4 57 0.453125
4 5 22 4 19 0.546875
4 6 118 4 26 1.0
4 7 37 4 27 1.0
4 8 88 4 52 1.0
4 9 106 4 26 1.0
4 10 135 4 57 1.0
4 14 43 4 76 1.0
4 15 56 4 28 1.0
4 19 0 4 19 1.0
4 20 0 4 20 1.0
4 21 0 4 21 1.0
4 23 0 4 23 1.0
4 24 0 4 24 1.0
4 25 0 4 25 1.0
4 26 0 4 26 1.0
4 27 0 4 27 1.0
4 29 0 4 29 1.0
4 30 0 4 30 1.0
4 31 5 4 29 1.0
4 32 10 4 54 1.0
4 34 7 4 52 1.0
4 40 0 4 75 1.0
4 41 6 4 73 1.0
4 42 6 4 73 1.0
4 43 6 4 73 1.0
4 44 6 4 73 1.0
4 45 12 4 23 1.0
4 50 7 4 18 1.0
4 51 7 4 18 1.0
4 52 0 4 52 1.0
4 53 0 4 53 1.0
4 54 0 4 54 1.0
4 55 0 4 55 1.0
4 56 0 4 56 1.0
4 57 0 4 57 1.0
4 58 0 4 58 1.0
4 62 5 4 28 1.0
4 63 4 4 29 1.0
4 64 4 4 29 1.0
4 65 5 4 28 1.0
4 67 101 4 18 1.0
4 68 115 4 20 1.0
4 69 116 4 20 1.0
4 70 100 4 18 1.0
4 71 25 4 76 1.0
4 72 129 4 22 1.0
4 73 0 4 73 1.0
4 74 0 4 74 1.0
4 75 0 4 75 1.0
4 77 0 4 77 1.0
4 78 0 4 78 1.0
4 79 0 4 79 1.0
5 0 2 5 55 1.0
5 1 21 5 18 1.0
5 2 24 5 21 1.0
5 3 17 5 54 1.0
5 4 8 5 53 0.28125
5 4 10 5 52 0.71875
5 6 35 5 27 0.296875
5 6 61 5 30 0.359375
5 6 80 5 53 0.171875
5 6 96 5 28 0.171875
5 7 37 5 27 1.0
5 8 88 5 52 1.0
5 9 48 5 27 1.0
5 10 122 5 54 1.0
5 14 42 5 76 1.0
5 15 48 5 76 1.0
5 19 0 5 19 1.0
5 20 0 5 20 1.0
5 22 0 5 22 1.0
5 23 0 5 23 1.0
5 24 0 5 24 1.0
5 25 0 5 25 1.0
5 26 0 5 26 1.0
5 27 0 5 27 1.0
5 28 0 5 28 1.0
5 29 0 5 29 1.0
5 30 0 5 30 1.0
5 31 5 5 29 1.0
5 32 12 5 57 1.0
5 33 7 5 52 1.0
5 34 7 5 52 1.0
5 40 5 5 78 1.0
5 41 2 5 74 1.0
5 42 2 5 74 1.0
5 43 1 5 76 1.0
5 44 2 5 74 0.546875
5 44 4 5 77 0.453125
5 45 3 5 79 1.0
5 46 7 5 18 1.0
5 47 9 5 20 1.0
5 48 9 5 20 1.0
5 50 7 5 18 1.0
5 53 0 5 53 1.0
5 54 0 5 54 1.0
5 55 0 5 55 1.0
5 56 0 5 56 1.0
5 57 0 5 57 1.0
5 58 0 5 58 1.0
5 63 4 5 29 1.0
5 64 5 5 28 1.0
5 65 2 5 27 1.0
5 67 99 5 18 1.0
5 68 114 5 20 1.0
5 69 103 5 18 1.0
5 70 108 5 19 1.0
5 71 61 5 77 1.0
5 72 116 5 20 1.0
5 73 0 5 73 1.0
5 74 0 5 74 1.0
5 76 0 5 76 1.0
5 77 0 5 77 1.0
5 78 0 5 78 1.0
5 79 0 5 79 1.0
6 0 80 6 33 1.0
6 1 24 6 62 1.0
6 2 32 6 63 1.0
6 3 94 6 34 1.0
6 4 47 6 65 0.296875
6 4 70 6 32 0.703125
6 5 25 6 62 0.453125
6 5 70 6 32 0.546875
6 7 15 6 12 0.359375
6 7 18 6 15 0.640625
6 9 19 6 17 1.0
6 10 15 6 12 1.0
6 14 0 6 14 1.0
6 15 0 6 15 1.0
6 17 0 6 17 1.0
6 19 3 6 31 1.0
6 20 69 6 68 0.9375
6 20 77 6 70 0.0625
6 23 97 6 72 1.0
6 24 5 6 64 1.0
6 25 5 6 64 1.0
6 26 3 6 62 1.0
6 27 2 6 61 1.0
6 28 0 6 59 1.0
6 29 12 6 36 1.0
6 30 4 6 63 1.0
6 31 0 6 31 1.0
6 32 0 6 32 1.0
6 33 0 6 33 1.0
6 36 0 6 36 1.0
6 38 0 6 16 1.0
6 39 0 6 16 1.0
6 40 0 6 16 1.0
6 41 4 6 15 1.0
6 42 10 6 70 1.0
6 44 10 6 70 1.0
6 45 4 6 70 1.0
6 47 4 6 70 1.0
6 48 6 6 72 1.0
6 53 5 6 36 1.0
6 54 5 6 36 1.0
6 55 6 6 37 1.0
6 56 6 6 37 1.0
6 57 5 6 36 1.0
6 58 3 6 34 1.0
6 60 0 6 60 1.0
6 63 0 6 63 1.0
6 64 0 6 64 1.0
6 65 0 6 65 1.0
6 67 0 6 67 1.0
6 68 0 6 68 1.0
6 69 0 6 69 1.0
6 70 0 6 70 1.0
6 71 0 6 71 1.0
6 72 0 6 72 1.0
6 73 94 6 69 1.0
6 74 99 6 70 1.0
6 76 1 6 16 1.0
6 77 14 6 13 1.0
6 78 15 6 13 1.0
6 79 16 6 13 1.0
7 0 117 7 35 1.0
7 1 2 7 59 1.0
7 2 17 7 61 1.0
7 3 121 7 36 1.0
7 4 142 7 37 1.0
7 5 145 7 37 1.0
7 6 6 7 64 0.625
7 6 15 7 12 0.375
7 9 1 7 59 1.0
7 10 19 7 17 1.0
7 11 1 7 59 1.0
7 13 0 7 13 1.0
7 14 0 7 14 1.0
7 15 0 7 15 1.0
7 19 76 7 69 1.0
7 20 62 7 67 1.0
7 21 95 7 72 1.0
7 22 95 7 72 1.0
7 23 5 7 31 1.0
7 24 8 7 32 1.0
7 25 5 7 64 1.0
7 26 11 7 35 1.0
7 27 0 7 59 1.0
7 28 0 7 59 1.0
7 29 13 7 37 1.0
7 30 8 7 32 1.0
7 31 0 7 31 1.0
7 32 0 7 32 1.0
7 33 0 7 33 1.0
7 36 0 7 36 1.0
7 40 0 7 16 1.0
7 41 4 7 15 1.0
7 42 10 7 70 1.0
7 44 10 7 70 1.0
7 45 6 7 72 1.0
7 50 0 7 66 1.0
7 51 4 7 70 1.0
7 53 2 7 33 1.0
7 54 3 7 34 1.0
7 55 6 7 37 1.0
7 56 4 7 35 1.0
7 57 2 7 33 1.0
7 58 6 7 37 1.0
7 60 0 7 60 1.0
7 61 0 7 61 1.0
7 62 0 7 62 1.0
7 63 0 7 63 1.0
7 64 0 7 64 1.0
7 65 0 7 65 1.0
7 67 0 7 67 1.0
7 68 0 7 68 1.0
7 69 0 7 69 1.0
7 70 0 7 70 1.0
7 71 0 7 71 1.0
7 72 0 7 72 1.0
7 73 81 7 68 1.0
7 74 32 7 15 1.0
7 77 14 7 13 1.0
7 78 2 7 16 1.0
7 79 15 7 13 1.0
8 0 4 8 59 1.0
8 1 4 8 59 1.0
8 2 11 8 60 1.0
8 5 40 8 64 1.0
8 7 19 8 17 1.0
8 9 16 8 13 1.0
8 10 19 8 17 1.0
8 11 1 8 59 1.0
8 12 0 8 12 1.0
8 13 0 8 13 1.0
8 14 0 8 14 1.0
8 15 0 8 15 1.0
8 16 0 8 16 1.0
8 18 74 8 69 1.0
8 19 74 8 69 1.0
8 22 16 8 33 1.0
8 23 74 8 69 1.0
8 25 9 8 33 1.0
8 26 1 8 60 1.0
8 27 9 8 33 1.0
8 28 2 8 61 1.0
8 30 13 8 37 1.0
8 31 0 8 31 1.0
8 34 0 8 34 1.0
8 35 0 8 35 1.0
8 37 0 8 37 1.0
8 39 2 8 13 1.0
8 40 2 8 13 1.0
8 41 0 8 16 1.0
8 44 2 8 13 1.0
8 46 4 8 70 1.0
8 47 4 8 70 1.0
8 50 6 8 72 1.0
8 51 1 8 67 1.0
8 53 4 8 35 1.0
8 54 1 8 32 1.0
8 55 1 8 32 1.0
8 56 4 8 35 1.0
8 57 4 8 35 1.0
8 58 5 8 36 1.0
8 59 0 8 59 1.0
8 60 0 8 60 1.0
8 61 0 8 61 1.0
8 62 0 8 62 1.0
8 63 0 8 63 1.0
8 64 0 8 64 1.0
8 65 0 8 65 1.0
8 66 0 8 66 1.0
8 67 0 8 67 1.0
8 68 0 8 68 1.0
8 69 0 8 69 1.0
8 70 0 8 70 1.0
8 72 0 8 72 1.0
8 73 5 8 16 1.0
8 74 1 8 16 1.0
8 77 35 8 17 1.0
8 78 36 8 17 1.0
8 79 4 8 16 1.0
9 0 132 9 36 1.0
9 1 41 9 64 1.0
9 2 37 9 64 1.0
9 3 132 9 36 1.0
9 4 126 9 36 1.0
9 5 76 9 32 1.0
9 6 4 9 62 1.0
9 7 1 9 59 1.0
9 10 3 9 61 0.25
9 10 5 9 63 0.75
9 11 1 9 59 1.0
9 12 0 9 12 1.0
9 14 0 9 14 1.0
9 15 0 9 15 1.0
9 16 0 9 16 1.0
9 17 0 9 17 1.0
9 19 32 9 35 1.0
9 20 97 9 72 1.0
9 21 95 9 72 1.0
9 23 2 9 31 1.0
9 24 0 9 59 0.828125
9 24 8 9 32 0.171875
9 25 5 9 64 1.0
9 26 0 9 59 1.0
9 27 2 9 61 1.0
9 28 0 9 59 1.0
9 29 12 9 36 1.0
9 30 8 9 32 1.0
9 31 0 9 31 1.0
9 32 0 9 32 1.0
9 33 0 9 33 1.0
9 35 0 9 35 1.0
9 38 2 9 13 1.0
9 40 0 9 16 1.0
9 41 4 9 15 1.0
9 42 10 9 70 1.0
9 43 2 9 13 1.0
9 44 10 9 70 1.0
9 45 2 9 68 1.0
9 46 4 9 70 1.0
9 48 6 9 72 1.0
9 49 6 9 72 1.0
9 50 5 9 71 1.0
9 51 2 9 68 1.0
9 53 2 9 33 1.0
9 54 2 9 33 1.0
9 55 6 9 37 1.0
9 56 2 9 33 1.0
9 57 2 9 33 1.0
9 58 3 9 34 1.0
9 60 0 9 60 1.0
9 62 0 9 62 1.0
9 63 0 9 63 1.0
9 64 0 9 64 1.0
9 65 0 9 65 1.0
9 66 0 9 66 1.0
9 67 0 9 67 1.0
9 68 0 9 68 1.0
9 69 0 9 69 1.0
9 70 0 9 70 1.0
9 71 0 9 71 1.0
9 72 0 9 72 1.0
9 73 127 9 72 1.0
9 74 23 9 14 1.0
9 75 14 9 13 1.0
9 77 16 9 13 1.0
9 78 13 9 12 1.0
9 79 16 9 13 1.0
10 0 42 10 65 1.0
10 1 5 10 59 1.0
10 2 40 10 64 1.0
10 3 47 10 65 1.0
10 4 0 10 59 1.0
10 5 35 10 64 1.0
10 6 0 10 16 1.0
10 7 15 10 12 1.0
10 8 1 10 59 1.0
10 9 1 10 59 0.1875
10 9 5 10 63 0.8125
10 11 1 10 59 1.0
10 12 0 10 12 1.0
10 13 0 10 13 1.0
10 14 0 10 14 1.0
10 15 0 10 15 1.0
10 16 0 10 16 1.0
10 17 0 10 17 1.0
10 18 81 10 70 1.0
10 19 20 10 33 1.0
10 20 66 10 68 1.0
10 21 95 10 72 1.0
10 23 51 10 66 1.0
10 24 4 10 63 1.0
10 25 4 10 63 1.0
10 26 0 10 59 1.0
10 27 3 10 62 1.0
10 28 0 10 59 1.0
10 29 2 10 61 1.0
10 30 5 10 64 1.0
10 31 0 10 31 1.0
10 32 0 10 32 1.0
10 33 0 10 33 1.0
10 34 0 10 34 1.0
10 35 0 10 35 1.0
10 37 0 10 37 1.0
10 39 2 10 13 1.0
10 40 9 10 69 1.0
10 41 7 10 67 1.0
10 42 8 10 68 1.0
10 43 2 10 13 1.0
10 44 4 10 15 1.0
10 45 2 10 68 1.0
10 47 4 10 70 1.0
10 48 6 10 72 1.0
10 49 6 10 72 1.0
10 50 3 10 69 1.0
10 51 3 10 69 1.0
10 52 5 10 36 1.0
10 53 2 10 33 1.0
10 54 5 10 36 1.0
10 55 3 10 34 1.0
10 56 2 10 33 1.0
10 57 5 10 36 1.0
10 60 0 10 60 1.0
10 61 0 10 61 1.0
10 63 0 10 63 1.0
10 64 0 10 64 1.0
10 65 0 10 65 1.0
10 66 0 10 66 1.0
10 67 0 10 67 1.0
10 68 0 10 68 1.0
10 70 0 10 70 1.0
10 71 0 10 71 1.0
10 72 0 10 72 1.0
10 73 41 10 17 1.0
10 74 3 10 16 1.0
10 75 5 10 16 1.0
10 76 1 10 16 1.0
10 77 4 10 16 1.0
10 78 15 10 13 1.0
10 79 19 10 13 1.0
11 1 18 11 61 1.0
11 2 18 11 61 1.0
11 3 11 11 60 1.0
11 8 0 11 16 1.0
11 10 1 11 59 1.0
11 12 0 11 12 1.0
11 13 0 11 13 1.0
11 14 0 11 14 1.0
11 15 0 11 15 1.0
11 16 0 11 16 1.0
11 17 0 11 17 1.0
11 18 23 11 34 1.0
11 21 27 11 34 1.0
11 22 23 11 34 1.0
11 25 0 11 59 1.0
11 26 0 11 59 1.0
11 27 0 11 59 1.0
11 28 0 11 59 1.0
11 29 1 11 60 1.0
11 32 0 11 32 1.0
11 33 0 11 33 1.0
11 35 0 11 35 1.0
11 37 0 11 37 1.0
11 39 2 11 13 1.0
11 40 5 11 17 1.0
11 41 12 11 72 1.0
11 43 2 11 13 1.0
11 45 4 11 70 1.0
11 46 4 11 70 1.0
11 47 4 11 70 1.0
11 48 6 11 72 1.0
11 49 4 11 70 1.0
11 50 4 11 70 1.0
11 51 6 11 72 1.0
11 52 3 11 34 1.0
11 53 5 11 36 1.0
11 54 3 11 34 1.0
11 55 5 11 36 1.0
11 56 0 11 31 1.0
11 57 0 11 31 1.0
11 58 3 11 34 1.0
11 60 0 11 60 1.0
11 61 0 11 61 1.0
11 62 0 11 62 1.0
11 63 0 11 63 1.0
11 64 0 11 64 1.0
11 65 0 11 65 1.0
11 66 0 11 66 1.0
11 67 0 11 67 1.0
11 68 0 11 68 1.0
11 69 0 11 69 1.0
11 73 4 11 16 1.0
11 75 5 11 16 1.0
11 76 1 11 16 1.0
11 77 19 11 13 1.0
11 78 15 11 13 1.0
11 79 15 11 13 1.0
12 1 56 12 39 1.0
12 2 84 12 43 1.0
12 3 63 12 40 1.0
12 5 49 12 38 1.0
12 6 0 12 6 1.0
12 9 0 12 9 1.0
12 10 0 12 10 1.0
12 11 0 12 11 1.0
12 13 16 12 8 1.0
12 14 16 12 8 1.0
12 15 16 12 8 1.0
12 16 7 12 38 1.0
12 17 16 12 8 1.0
12 18 123 12 69 1.0
12 20 122 12 69 1.0
12 21 102 12 66 1.0
12 23 145 12 72 1.0
12 24 0 12 59 1.0
12 25 1 12 60 1.0
12 26 3 12 62 1.0
12 27 2 12 61 1.0
12 28 1 12 60 1.0
12 29 2 12 61 1.0
12 30 0 12 59 1.0
12 36 12 12 11 1.0
12 37 9 12 8 1.0
12 38 0 12 38 1.0
12 39 0 12 39 1.0
12 40 0 12 40 1.0
12 41 0 12 41 1.0
12 42 0 12 42 1.0
12 43 0 12 43 1.0
12 45 11 12 70 1.0
12 46 11 12 70 1.0
12 47 11 12 70 1.0
12 48 11 12 70 1.0
12 49 11 12 70 1.0
12 50 12 12 71 1.0
12 51 6 12 44 1.0
12 52 136 12 11 1.0
12 53 114 12 8 1.0
12 54 116 12 8 1.0
12 55 136 12 11 1.0
12 56 113 12 8 1.0
12 57 117 12 8 1.0
12 58 136 12 11 1.0
12 59 0 12 59 1.0
12 60 0 12 60 1.0
12 61 0 12 61 1.0
12 62 0 12 62 1.0
12 63 0 12 63 1.0
12 64 0 12 64 1.0
12 65 0 12 65 1.0
12 66 0 12 66 1.0
12 67 0 12 67 1.0
12 68 0 12 68 1.0
12 69 0 12 69 1.0
12 72 0 12 72 1.0
12 73 6 12 44 1.0
12 75 0 12 38 1.0
12 76 1 12 39 1.0
12 77 1 12 39 1.0
12 78 1 12 39 1.0
12 79 1 12 39 1.0
13 1 53 13 38 1.0
13 2 53 13 38 1.0
13 10 0 13 10 1.0
13 11 0 13 11 1.0
13 12 25 13 71 1.0
13 14 16 13 8 1.0
13 15 16 13 8 1.0
13 17 16 13 8 1.0
13 20 109 13 67 1.0
13 21 102 13 66 1.0
13 22 102 13 66 1.0
13 25 0 13 59 1.0
13 26 0 13 59 1.0
13 27 0 13 59 1.0
13 29 1 13 60 1.0
13 33 9 13 8 1.0
13 35 9 13 8 1.0
13 40 0 13 40 1.0
13 41 0 13 41 1.0
13 42 0 13 42 1.0
13 47 10 13 69 1.0
13 48 5 13 43 1.0
13 50 5 13 43 1.0
13 51 5 13 43 1.0
13 53 136 13 11 1.0
13 54 118 13 8 1.0
13 55 138 13 11 1.0
13 56 136 13 11 1.0
13 57 118 13 8 1.0
13 58 136 13 11 1.0
13 61 0 13 61 1.0
13 64 0 13 64 1.0
13 65 0 13 65 1.0
13 66 0 13 66 1.0
13 67 0 13 67 1.0
13 68 0 13 68 1.0
13 77 0 13 38 1.0
13 78 5 13 43 1.0
14 0 56 14 39 1.0
14 1 19 14 61 1.0
14 2 49 14 38 1.0
14 3 84 14 43 1.0
14 4 56 14 39 1.0
14 5 19 14 61 1.0
14 6 0 14 6 1.0
14 7 0 14 7 1.0
14 8 0 14 8 1.0
14 9 0 14 9 1.0
14 10 0 14 10 1.0
14 11 0 14 11 1.0
14 12 14 14 6 1.0
14 13 24 14 70 1.0
14 15 22 14 68 1.0
14 16 26 14 72 1.0
14 17 16 14 8 1.0
14 18 130 14 70 1.0
14 19 121 14 69 1.0
14 20 120 14 69 1.0
14 21 129 14 70 1.0
14 22 143 14 72 1.0
14 23 109 14 67 1.0
14 24 4 14 63 1.0
14 25 1 14 60 1.0
14 26 5 14 64 1.0
14 27 2 14 61 1.0
14 28 0 14 59 1.0
14 29 3 14 62 1.0
14 30 5 14 64 1.0
14 31 1 14 60 1.0
14 32 5 14 64 1.0
14 33 2 14 61 1.0
14 34 11 14 10 1.0
14 35 10 14 9 1.0
14 36 8 14 7 1.0
14 37 12 14 11 1.0
14 38 0 14 38 1.0
14 39 0 14 39 1.0
14 40 0 14 40 1.0
14 41 0 14 41 1.0
14 42 0 14 42 1.0
14 43 0 14 43 1.0
14 44 0 14 44 1.0
14 45 9 14 68 1.0
14 46 9 14 68 1.0
14 47 9 14 68 1.0
14 48 9 14 68 1.0
14 49 9 14 68 1.0
14 50 7 14 66 1.0
14 51 9 14 68 1.0
14 52 113 14 8 1.0
14 53 138 14 11 1.0
14 54 136 14 11 1.0
14 55 138 14 11 1.0
14 56 136 14 11 1.0
14 57 136 14 11 1.0
14 58 113 14 8 1.0
14 59 0 14 59 1.0
14 60 0 14 60 1.0
14 61 0 14 61 1.0
14 62 0 14 62 1.0
14 63 0 14 63 1.0
14 64 0 14 64 1.0
14 65 0 14 65 1.0
14 66 0 14 66 1.0
14 67 0 14 67 1.0
14 68 0 14 68 1.0
14 69 0 14 69 1.0
14 70 0 14 70 1.0
14 71 0 14 71 1.0
14 72 0 14 72 1.0
14 73 2 14 40 1.0
14 74 2 14 40 1.0
14 75 1 14 39 1.0
14 76 3 14 41 1.0
14 77 2 14 40 1.0
14 78 3 14 41 1.0
14 79 2 14 40 1.0
15 0 63 15 40 1.0
15 1 85 15 43 1.0
15 2 84 15 43 1.0
15 3 84 15 43 1.0
15 4 57 15 39 1.0
15 5 50 15 38 1.0
15 6 0 15 6 1.0
15 7 0 15 7 1.0
15 8 0 15 8 1.0
15 9 0 15 9 1.0
15 10 0 15 10 1.0
15 11 0 15 11 1.0
15 12 14 15 6 1.0
15 13 24 15 70 1.0
15 14 21 15 67 1.0
15 16 20 15 66 1.0
15 17 16 15 8 1.0
15 18 109 15 67 1.0
15 19 121 15 69 1.0
15 20 115 15 68 1.0
15 21 129 15 70 1.0
15 22 136 15 71 1.0
15 23 98 15 66 1.0
15 24 3 15 62 1.0
15 25 2 15 61 1.0
15 26 2 15 61 1.0
15 27 3 15 62 1.0
15 28 1 15 60 1.0
15 29 6 15 65 1.0
15 30 5 15 64 1.0
15 31 0 15 59 1.0
15 32 12 15 11 1.0
15 33 7 15 6 1.0
15 34 1 15 60 1.0
15 35 9 15 8 1.0
15 36 11 15 10 1.0
15 37 12 15 11 1.0
15 38 0 15 38 1.0
15 39 0 15 39 1.0
15 40 0 15 40 1.0
15 41 0 15 41 1.0
15 42 0 15 42 1.0
15 43 0 15 43 1.0
15 44 0 15 44 1.0
15 45 1 15 39 1.0
15 46 11 15 70 1.0
15 47 7 15 66 1.0
15 48 5 15 43 1.0
15 49 12 15 71 1.0
15 50 11 15 70 1.0
15 51 9 15 68 1.0
15 52 133 15 11 1.0
15 53 133 15 11 1.0
15 54 138 15 11 1.0
15 55 138 15 11 1.0
15 56 133 15 11 1.0
15 57 114 15 8 1.0
15 58 111 15 7 1.0
15 59 0 15 59 1.0
15 60 0 15 60 1.0
15 61 0 15 61 1.0
15 62 0 15 62 1.0
15 63 0 15 63 1.0
15 64 0 15 64 1.0
15 65 0 15 65 1.0
15 67 0 15 67 1.0
15 68 0 15 68 1.0
15 69 0 15 69 1.0
15 70 0 15 70 1.0
15 71 0 15 71 1.0
15 72 0 15 72 1.0
15 73 6 15 44 1.0
15 74 5 15 43 1.0
15 75 1 15 39 1.0
15 76 0 15 38 1.0
15 77 0 15 38 1.0
15 78 1 15 39 1.0
15 79 5 15 43 1.0
16 1 85 16 43 1.0
16 2 84 16 43 1.0
16 4 63 16 40 1.0
16 9 0 16 9 1.0
16 10 0 16 10 1.0
16 13 16 16 8 1.0
16 14 24 16 70 1.0
16 15 16 16 8 1.0
16 25 0 16 59 1.0
16 26 5 16 64 1.0
16 27 1 16 60 1.0
16 30 0 16 59 1.0
16 33 12 16 11 1.0
16 36 12 16 11 1.0
16 37 12 16 11 1.0
16 38 0 16 38 1.0
16 39 0 16 39 1.0
16 40 0 16 40 1.0
16 41 0 16 41 1.0
16 43 0 16 43 1.0
16 44 0 16 44 1.0
16 46 13 16 72 1.0
16 47 13 16 72 1.0
16 49 1 16 39 1.0
16 50 13 16 72 1.0
16 51 4 16 42 1.0
16 52 137 16 11 1.0
16 53 136 16 11 1.0
16 54 118 16 8 1.0
16 55 118 16 8 1.0
16 56 115 16 8 1.0
16 57 136 16 11 1.0
16 58 139 16 11 1.0
16 61 0 16 61 1.0
16 62 0 16 62 1.0
16 63 0 16 63 1.0
16 64 0 16 64 1.0
16 65 0 16 65 1.0
16 66 0 16 66 1.0
16 67 0 16 67 1.0
16 68 0 16 68 1.0
16 69 0 16 69 1.0
16 74 1 16 39 1.0
16 75 5 16 43 1.0
16 77 5 16 43 1.0
16 78 6 16 44 1.0
16 79 1 16 39 1.0
17 1 63 17 40 1.0
17 2 49 17 38 1.0
17 3 63 17 40 1.0
17 5 64 17 40 1.0
17 8 0 17 8 1.0
17 9 0 17 9 1.0
17 10 0 17 10 1.0
17 11 0 17 11 1.0
17 12 25 17 71 1.0
17 14 24 17 70 1.0
17 15 24 17 70 1.0
17 19 123 17 69 1.0
17 21 102 17 66 1.0
17 22 130 17 70 1.0
17 25 0 17 59 1.0
17 26 6 17 65 1.0
17 27 1 17 60 1.0
17 33 9 17 8 1.0
17 34 12 17 11 1.0
17 36 12 17 11 1.0
17 37 10 17 9 1.0
17 38 0 17 38 1.0
17 39 0 17 39 1.0
17 40 0 17 40 1.0
17 41 0 17 41 1.0
17 43 0 17 43 1.0
17 44 0 17 44 1.0
17 45 13 17 72 1.0
17 46 13 17 72 1.0
17 47 13 17 72 1.0
17 49 11 17 70 1.0
17 50 13 17 72 1.0
17 51 11 17 70 1.0
17 52 136 17 11 1.0
17 53 125 17 9 1.0
17 54 114 17 8 1.0
17 55 114 17 8 1.0
17 56 107 17 7 1.0
17 57 125 17 9 1.0
17 58 138 17 11 1.0
17 60 0 17 60 1.0
17 61 0 17 61 1.0
17 62 0 17 62 1.0
17 63 0 17 63 1.0
17 64 0 17 64 1.0
17 65 0 17 65 1.0
17 66 0 17 66 1.0
17 67 0 17 67 1.0
17 68 0 17 68 1.0
17 69 0 17 69 1.0
17 74 0 17 38 1.0
17 75 0 17 38 1.0
17 77 0 17 38 1.0
17 78 0 17 38 1.0
17 79 0 17 38 1.0
18 0 0 18 0 1.0
18 1 0 18 1 1.0
18 3 0 18 3 1.0
18 6 80 18 49 1.0
18 8 17 18 52 1.0
18 10 77 18 49 1.0
18 11 46 18 58 1.0
18 13 12 18 76 1.0
18 14 14 18 74 1.0
18 15 0 18 75 1.0
18 17 40 18 78 1.0
18 19 2 18 75 1.0
18 21 2 18 75 1.0
18 23 2 18 75 1.0
18 24 3 18 52 1.0
18 25 11 18 4 1.0
18 26 1 18 0 1.0
18 27 11 18 4 1.0
18 28 1 18 0 1.0
18 32 6 18 58 1.0
18 34 2 18 52 1.0
18 36 2 18 52 1.0
18 40 2 18 74 1.0
18 41 6 18 73 1.0
18 42 1 18 76 1.0
18 44 1 18 76 1.0
18 45 0 18 45 1.0
18 46 0 18 46 1.0
18 47 0 18 47 1.0
18 48 0 18 48 1.0
18 50 0 18 50 1.0
18 51 0 18 51 1.0
18 52 0 18 52 1.0
18 53 0 18 53 1.0
18 54 0 18 54 1.0
18 55 0 18 55 1.0
18 56 0 18 56 1.0
18 57 0 18 57 1.0
18 58 0 18 58 1.0
18 61 131 18 4 1.0
18 62 19 18 0 1.0
18 63 116 18 2 1.0
18 64 117 18 2 1.0
18 65 132 18 4 1.0
18 66 4 18 49 1.0
18 67 6 18 51 1.0
18 68 6 18 51 1.0
18 69 0 18 45 1.0
18 77 0 18 77 1.0
18 78 0 18 78 1.0
18 79 0 18 79 1.0
19 0 0 19 0 1.0
19 1 0 19 1 1.0
19 2 0 19 2 1.0
19 3 0 19 3 1.0
19 4 0 19 4 1.0
19 5 0 19 5 1.0
19 6 86 19 50 1.0
19 7 84 19 50 1.0
19 8 74 19 48 1.0
19 9 96 19 51 1.0
19 10 75 19 48 1.0
19 12 8 19 76 1.0
19 14 14 19 74 1.0
19 15 7 19 76 1.0
19 16 7 19 76 1.0
19 17 40 19 78 1.0
19 20 8 19 77 0.515625
19 20 18 19 4 0.484375
19 23 22 19 47 1.0
19 24 9 19 2 1.0
19 25 11 19 4 1.0
19 26 4 19 54 1.0
19 27 1 19 0 1.0
19 29 8 19 1 1.0
19 30 1 19 0 1.0
19 31 5 19 57 1.0
19 32 5 19 57 1.0
19 34 2 19 52 1.0
19 36 2 19 52 1.0
19 38 1 19 76 1.0
19 40 1 19 76 1.0
19 41 12 19 50 1.0
19 42 7 19 45 1.0
19 43 1 19 76 1.0
19 44 5 19 78 1.0
19 45 0 19 45 1.0
19 46 0 19 46 1.0
19 50 0 19 50 1.0
19 51 0 19 51 1.0
19 52 0 19 52 1.0
19 53 0 19 53 1.0
19 54 0 19 54 1.0
19 55 0 19 55 1.0
19 56 0 19 56 1.0
19 57 0 19 57 1.0
19 58 0 19 58 1.0
19 62 19 19 0 1.0
19 63 16 19 0 1.0
19 64 118 19 2 1.0
19 65 124 19 3 1.0
19 66 6 19 51 1.0
19 67 6 19 51 1.0
19 68 1 19 46 1.0
19 69 2 19 47 1.0
19 70 6 19 51 1.0
19 71 0 19 45 1.0
19 72 1 19 46 1.0
19 73 0 19 73 1.0
19 74 0 19 74 1.0
19 75 0 19 75 1.0
19 77 0 19 77 1.0
19 78 0 19 78 1.0
19 79 0 19 79 1.0
20 0 0 20 0 1.0
20 1 0 20 1 1.0
20 2 0 20 2 1.0
20 3 0 20 3 1.0
20 4 0 20 4 1.0
20 5 0 20 5 1.0
20 6 53 20 45 1.0
20 7 22 20 54 1.0
20 9 36 20 57 1.0
20 10 40 20 57 1.0
20 13 12 20 76 1.0
20 14 8 20 76 1.0
20 15 7 20 76 1.0
20 19 9 20 78 0.65625
20 19 18 20 4 0.34375
20 21 2 20 75 1.0
20 23 8 20 77 1.0
20 24 1 20 0 1.0
20 25 12 20 5 1.0
20 26 0 20 55 1.0
20 27 3 20 52 1.0
20 28 1 20 0 1.0
20 29 8 20 1 1.0
20 30 5 20 56 0.109375
20 30 11 20 4 0.890625
20 31 1 20 53 1.0
20 32 4 20 56 1.0
20 33 2 20 52 1.0
20 34 2 20 52 1.0
20 40 1 20 76 1.0
20 41 3 20 79 1.0
20 42 10 20 48 1.0
20 44 3 20 79 1.0
20 45 0 20 45 1.0
20 46 0 20 46 1.0
20 50 0 20 50 1.0
20 51 0 20 51 1.0
20 53 0 20 53 1.0
20 54 0 20 54 1.0
20 55 0 20 55 1.0
20 56 0 20 56 1.0
20 57 0 20 57 1.0
20 58 0 20 58 1.0
20 61 18 20 0 1.0
20 62 19 20 0 1.0
20 63 128 20 4 1.0
20 64 20 20 0 1.0
20 65 110 20 1 1.0
20 66 4 20 49 1.0
20 67 6 20 51 1.0
20 68 1 20 46 1.0
20 69 5 20 50 1.0
20 70 6 20 51 1.0
20 71 0 20 45 1.0
20 72 4 20 49 1.0
20 73 0 20 73 1.0
20 74 0 20 74 1.0
20 75 0 20 75 1.0
20 77 0 20 77 1.0
20 78 0 20 78 1.0
20 79 0 20 79 1.0
21 0 0 21 0 1.0
21 1 0 21 1 1.0
21 6 74 21 48 1.0
21 7 74 21 48 1.0
21 8 95 21 51 1.0
21 9 91 21 51 1.0
21 10 74 21 48 1.0
21 11 18 21 52 1.0
21 12 8 21 76 1.0
21 13 12 21 76 1.0
21 14 42 21 73 1.0
21 15 8 21 76 1.0
21 16 7 21 76 1.0
21 17 12 21 76 1.0
21 18 2 21 75 1.0
21 20 2 21 75 1.0
21 23 2 21 75 1.0
21 25 11 21 4 1.0
21 26 9 21 2 1.0
21 27 10 21 3 1.0
21 28 1 21 0 1.0
21 29 10 21 3 1.0
21 32 2 21 52 1.0
21 33 2 21 52 1.0
21 34 2 21 52 1.0
21 35 3 21 54 1.0
21 37 2 21 52 1.0
21 39 1 21 76 1.0
21 40 0 21 75 1.0
21 41 0 21 75 1.0
21 42 1 21 76 1.0
21 43 1 21 76 1.0
21 45 0 21 45 1.0
21 46 0 21 46 1.0
21 47 0 21 47 1.0
21 48 0 21 48 1.0
21 49 0 21 49 1.0
21 50 0 21 50 1.0
21 51 0 21 51 1.0
21 53 0 21 53 1.0
21 54 0 21 54 1.0
21 55 0 21 55 1.0
21 56 0 21 56 1.0
21 57 0 21 57 1.0
21 58 0 21 58 1.0
21 59 19 21 0 1.0
21 60 124 21 3 1.0
21 61 124 21 3 1.0
21 62 124 21 3 1.0
21 63 121 21 3 1.0
21 64 128 21 4 1.0
21 65 130 21 4 1.0
21 66 6 21 51 1.0
21 67 2 21 47 1.0
21 68 6 21 51 1.0
21 69 0 21 45 1.0
21 72 4 21 49 1.0
21 73 0 21 73 1.0
21 74 0 21 74 1.0
21 77 0 21 77 1.0
21 78 0 21 78 1.0
21 79 0 21 79 1.0
22 1 0 22 1 1.0
22 2 0 22 2 1.0
22 3 0 22 3 1.0
22 5 0 22 5 1.0
22 9 74 22 48 1.0
22 10 74 22 48 1.0
22 11 18 22 52 1.0
22 13 12 22 76 1.0
22 14 47 22 73 1.0
22 15 0 22 75 1.0
22 16 35 22 78 1.0
22 17 12 22 76 1.0
22 19 2 22 75 1.0
22 20 2 22 75 1.0
22 21 2 22 75 1.0
22 23 2 22 75 1.0
22 25 3 22 52 1.0
22 26 10 22 3 1.0
22 27 1 22 0 1.0
22 28 1 22 0 1.0
22 29 1 22 0 1.0
22 30 1 22 0 1.0
22 31 2 22 52 1.0
22 32 2 22 52 1.0
22 33 2 22 52 1.0
22 35 6 22 58 1.0
22 37 2 22 52 1.0
22 40 6 22 73 1.0
22 41 6 22 73 1.0
22 44 1 22 76 1.0
22 45 0 22 45 1.0
22 46 0 22 46 1.0
22 47 0 22 47 1.0
22 50 0 22 50 1.0
22 51 0 22 51 1.0
22 53 0 22 53 1.0
22 54 0 22 54 1.0
22 55 0 22 55 1.0
22 56 0 22 56 1.0
22 57 0 22 57 1.0
22 58 0 22 58 1.0
22 60 19 22 0 1.0
22 62 19 22 0 1.0
22 63 16 22 0 1.0
22 64 20 22 0 1.0
22 65 16 22 0 1.0
22 66 6 22 51 1.0
22 67 1 22 46 1.0
22 68 6 22 51 1.0
22 69 1 22 46 1.0
22 70 3 22 48 1.0
22 71 3 22 48 1.0
22 72 4 22 49 1.0
22 77 0 22 77 1.0
22 78 0 22 78 1.0
22 79 0 22 79 1.0
23 0 0 23 0 1.0
23 1 0 23 1 1.0
23 2 0 23 2 1.0
23 3 0 23 3 1.0
23 4 0 23 4 1.0
23 5 0 23 5 1.0
23 6 90 23 50 1.0
23 7 94 23 51 1.0
23 9 90 23 50 1.0
23 10 59 23 46 1.0
23 11 18 23 52 1.0
23 12 8 23 76 1.0
23 13 12 23 76 1.0
23 14 7 23 76 1.0
23 15 5 23 75 1.0
23 19 24 23 49 1.0
23 20 24 23 49 1.0
23 24 5 23 56 0.234375
23 24 6 23 57 0.46875
23 24 7 23 58 0.015625
23 24 12 23 5 0.28125
23 25 10 23 3 1.0
23 26 8 23 1 1.0
23 27 1 23 0 1.0
23 29 8 23 1 1.0
23 30 11 23 4 1.0
23 31 5 23 57 1.0
23 32 5 23 57 1.0
23 33 2 23 52 1.0
23 36 2 23 52 1.0
23 40 1 23 76 1.0
23 41 2 23 74 1.0
23 42 2 23 74 1.0
23 43 1 23 76 1.0
23 44 2 23 74 1.0
23 45 0 23 45 1.0
23 47 0 23 47 1.0
23 50 0 23 50 1.0
23 51 0 23 51 1.0
23 53 0 23 53 1.0
23 54 0 23 54 1.0
23 55 0 23 55 1.0
23 56 0 23 56 1.0
23 57 0 23 57 1.0
23 58 0 23 58 1.0
23 62 19 23 0 1.0
23 63 128 23 4 1.0
23 64 111 23 1 1.0
23 65 117 23 2 1.0
23 66 4 23 49 1.0
23 67 0 23 45 1.0
23 68 5 23 50 1.0
23 69 1 23 46 1.0
23 70 5 23 50 1.0
23 71 0 23 45 1.0
23 72 5 23 50 1.0
23 73 0 23 73 1.0
23 74 0 23 74 1.0
23 77 0 23 77 1.0
23 78 0 23 78 1.0
23 79 0 23 79 1.0
24 0 0 24 0 1.0
24 1 0 24 1 1.0
24 2 0 24 2 1.0
24 3 0 24 3 1.0
24 4 0 24 4 1.0
24 5 0 24 5 1.0
24 6 4 24 63 1.0
24 7 5 24 64 1.0
24 9 1 24 60 0.3125
24 9 4 24 63 0.6875
24 10 4 24 63 1.0
24 14 3 24 62 1.0
24 15 4 24 63 1.0
24 19 12 24 5 1.0
24 20 12 24 5 1.0
24 23 7 24 58 0.203125
24 23 8 24 1 0.65625
24 23 12 24 5 0.140625
24 25 3 24 52 0.890625
24 25 21 24 32 0.109375
24 26 24 24 35 1.0
24 27 22 24 33 1.0
24 28 24 24 35 1.0
24 29 22 24 33 1.0
24 30 26 24 37 1.0
24 31 0 24 31 1.0
24 32 0 24 32 1.0
24 40 42 24 59 1.0
24 41 82 24 65 1.0
24 42 33 24 4 1.0
24 44 25 24 3 1.0
24 45 46 24 57 1.0
24 50 26 24 52 1.0
24 51 26 24 52 1.0
24 53 0 24 53 1.0
24 54 0 24 54 1.0
24 55 0 24 55 1.0
24 56 0 24 56 1.0
24 57 0 24 57 1.0
24 58 0 24 58 1.0
24 63 0 24 63 1.0
24 64 0 24 64 1.0
24 65 0 24 65 1.0
24 66 110 24 35 1.0
24 67 96 24 33 1.0
24 68 107 24 34 1.0
24 69 113 24 35 1.0
24 70 120 24 37 1.0
24 71 30 24 61 1.0
24 72 92 24 32 1.0
24 73 3 24 3 1.0
24 74 3 24 3 1.0
24 77 5 24 5 1.0
24 78 0 24 0 1.0
24 79 0 24 0 1.0
25 0 0 25 0 1.0
25 1 0 25 1 1.0
25 2 0 25 2 1.0
25 3 0 25 3 1.0
25 4 0 25 4 1.0
25 5 0 25 5 1.0
25 6 6 25 65 1.0
25 7 5 25 64 1.0
25 8 0 25 59 1.0
25 9 0 25 59 1.0
25 10 4 25 63 1.0
25 11 0 25 59 1.0
25 12 0 25 59 1.0
25 13 1 25 60 1.0
25 14 2 25 61 1.0
25 15 3 25 62 1.0
25 16 1 25 60 1.0
25 17 0 25 59 1.0
25 18 11 25 4 1.0
25 19 9 25 2 1.0
25 20 10 25 3 1.0
25 21 1 25 0 1.0
25 22 11 25 4 1.0
25 23 12 25 5 1.0
25 24 7 25 58 0.8125
25 24 24 25 35 0.1875
25 26 5 25 56 1.0
25 27 4 25 54 1.0
25 28 20 25 31 1.0
25 29 24 25 35 1.0
25 30 3 25 52 1.0
25 31 0 25 31 1.0
25 32 0 25 32 1.0
25 33 0 25 33 1.0
25 34 0 25 34 1.0
25 35 0 25 35 1.0
25 36 0 25 36 1.0
25 37 0 25 37 1.0
25 38 44 25 59 1.0
25 39 48 25 60 1.0
25 40 47 25 59 1.0
25 41 32 25 4 1.0
25 42 82 25 65 1.0
25 43 44 25 59 1.0
25 44 33 25 4 1.0
25 45 60 25 1 1.0
25 46 27 25 52 1.0
25 47 27 25 52 1.0
25 48 35 25 54 1.0
25 49 25 25 52 1.0
25 50 26 25 52 1.0
25 51 27 25 52 1.0
25 52 0 25 52 1.0
25 53 0 25 53 1.0
25 54 0 25 54 1.0
25 55 0 25 55 1.0
25 56 0 25 56 1.0
25 57 0 25 57 1.0
25 58 0 25 58 1.0
25 59 0 25 59 1.0
25 60 0 25 60 1.0
25 61 0 25 61 1.0
25 62 0 25 62 1.0
25 63 0 25 63 1.0
25 64 0 25 64 1.0
25 65 0 25 65 1.0
25 66 113 25 35 1.0
25 67 125 25 37 1.0
25 68 111 25 35 1.0
25 69 122 25 37 1.0
25 70 112 25 35 1.0
25 71 46 25 62 1.0
25 72 95 25 32 1.0
25 73 0 25 0 1.0
25 74 0 25 0 1.0
25 75 3 25 3 1.0
25 76 4 25 4 1.0
25 77 3 25 3 1.0
25 78 3 25 3 1.0
25 79 3 25 3 1.0
26 0 0 26 0 1.0
26 1 0 26 1 1.0
26 2 0 26 2 1.0
26 3 0 26 3 1.0
26 4 0 26 4 1.0
26 5 0 26 5 1.0
26 6 2 26 61 1.0
26 7 2 26 61 1.0
26 8 3 26 62 1.0
26 9 1 26 60 1.0
26 10 0 26 59 1.0
26 11 7 26 31 1.0
26 12 4 26 63 1.0
26 13 1 26 60 1.0
26 14 5 26 64 1.0
26 15 0 26 59 1.0
26 16 4 26 63 1.0
26 17 6 26 65 1.0
26 18 5 26 56 1.0
26 19 4 26 54 1.0
26 20 2 26 53 1.0
26 21 9 26 2 1.0
26 22 5 26 56 1.0
26 23 1 26 0 1.0
26 24 24 26 35 1.0
26 25 6 26 57 1.0
26 27 0 26 55 1.0
26 28 20 26 31 1.0
26 29 3 26 52 1.0
26 30 24 26 35 1.0
26 31 0 26 31 1.0
26 32 0 26 32 1.0
26 33 0 26 33 1.0
26 34 0 26 34 1.0
26 35 0 26 35 1.0
26 36 0 26 36 1.0
26 37 0 26 37 1.0
26 38 68 26 63 1.0
26 39 21 26 3 1.0
26 40 48 26 60 1.0
26 41 47 26 59 1.0
26 42 36 26 5 1.0
26 43 6 26 0 1.0
26 44 21 26 3 1.0
26 45 35 26 54 1.0
26 46 43 26 57 1.0
26 47 29 26 52 1.0
26 48 20 26 53 1.0
26 49 2 26 55 1.0
26 50 0 26 55 1.0
26 51 43 26 57 1.0
26 52 0 26 52 1.0
26 53 0 26 53 1.0
26 54 0 26 54 1.0
26 55 0 26 55 1.0
26 56 0 26 56 1.0
26 57 0 26 57 1.0
26 58 0 26 58 1.0
26 59 0 26 59 1.0
26 60 0 26 60 1.0
26 61 0 26 61 1.0
26 62 0 26 62 1.0
26 63 0 26 63 1.0
26 64 0 26 64 1.0
26 65 0 26 65 1.0
26 66 113 26 35 1.0
26 67 113 26 35 1.0
26 68 113 26 35 1.0
26 69 109 26 35 1.0
26 70 108 26 35 1.0
26 71 125 26 37 1.0
26 72 116 26 36 1.0
26 73 3 26 3 1.0
26 74 3 26 3 1.0
26 75 1 26 1 1.0
26 76 1 26 1 1.0
26 77 0 26 0 1.0
26 78 4 26 4 1.0
26 79 1 26 1 1.0
27 0 0 27 0 1.0
27 1 0 27 1 1.0
27 2 0 27 2 1.0
27 3 0 27 3 1.0
27 5 0 27 5 1.0
27 6 0 27 59 1.0
27 7 1 27 60 1.0
27 8 0 27 59 1.0
27 9 0 27 59 1.0
27 10 0 27 59 1.0
27 11 0 27 59 1.0
27 12 6 27 65 1.0
27 13 1 27 60 1.0
27 14 1 27 60 1.0
27 15 3 27 62 1.0
27 16 0 27 59 1.0
27 17 1 27 60 1.0
27 18 12 27 5 1.0
27 19 1 27 0 1.0
27 20 11 27 4 1.0
27 21 1 27 0 1.0
27 22 12 27 5 1.0
27 23 3 27 52 1.0
27 24 24 27 35 1.0
27 25 5 27 56 1.0
27 26 5 27 56 1.0
27 28 20 27 31 1.0
27 29 3 27 52 1.0
27 30 24 27 35 1.0
27 31 0 27 31 1.0
27 32 0 27 32 1.0
27 33 0 27 33 1.0
27 34 0 27 34 1.0
27 35 0 27 35 1.0
27 36 0 27 36 1.0
27 37 0 27 37 1.0
27 38 50 27 60 1.0
27 39 50 27 60 1.0
27 40 21 27 3 1.0
27 41 1 27 0 1.0
27 42 72 27 64 1.0
27 43 56 27 61 1.0
27 44 44 27 59 1.0
27 45 49 27 58 1.0
27 46 54 27 58 1.0
27 47 21 27 53 1.0
27 48 23 27 53 1.0
27 49 19 27 53 1.0
27 50 33 27 54 1.0
27 51 25 27 52 1.0
27 52 0 27 52 1.0
27 53 0 27 53 1.0
27 54 0 27 54 1.0
27 55 0 27 55 1.0
27 56 0 27 56 1.0
27 57 0 27 57 1.0
27 58 0 27 58 1.0
27 59 0 27 59 1.0
27 60 0 27 60 1.0
27 61 0 27 61 1.0
27 62 0 27 62 1.0
27 63 0 27 63 1.0
27 64 0 27 64 1.0
27 65 0 27 65 1.0
27 66 89 27 31 1.0
27 67 109 27 35 1.0
27 68 111 27 35 1.0
27 69 109 27 35 1.0
27 70 89 27 31 1.0
27 71 113 27 35 1.0
27 72 86 27 31 1.0
27 73 5 27 5 1.0
27 74 4 27 4 1.0
27 75 5 27 5 1.0
27 76 5 27 5 1.0
27 77 5 27 5 1.0
27 78 5 27 5 1.0
27 79 5 27 5 1.0
28 0 0 28 0 1.0
28 1 0 28 1 1.0
28 2 0 28 2 1.0
28 4 0 28 4 1.0
28 8 0 28 59 1.0
28 9 0 28 59 1.0
28 10 0 28 59 1.0
28 12 2 28 61 1.0
28 14 4 28 63 1.0
28 15 3 28 62 1.0
28 17 0 28 59 1.0
28 18 11 28 4 1.0
28 19 10 28 3 1.0
28 20 12 28 5 1.0
28 21 10 28 3 1.0
28 22 1 28 0 1.0
28 23 10 28 3 1.0
28 24 24 28 35 1.0
28 25 22 28 33 1.0
28 26 20 28 31 1.0
28 27 20 28 31 1.0
28 29 3 28 52 1.0
28 31 0 28 31 1.0
28 32 0 28 32 1.0
28 33 0 28 33 1.0
28 34 0 28 34 1.0
28 35 0 28 35 1.0
28 36 0 28 36 1.0
28 37 0 28 37 1.0
28 38 42 28 59 1.0
28 39 42 28 59 1.0
28 40 39 28 5 1.0
28 41 56 28 61 1.0
28 43 42 28 59 1.0
28 45 27 28 52 1.0
28 46 27 28 52 1.0
28 47 27 28 52 1.0
28 48 29 28 52 1.0
28 49 25 28 52 1.0
28 50 29 28 52 1.0
28 51 52 28 58 1.0
28 52 0 28 52 1.0
28 53 0 28 53 1.0
28 54 0 28 54 1.0
28 55 0 28 55 1.0
28 56 0 28 56 1.0
28 57 0 28 57 1.0
28 58 0 28 58 1.0
28 60 0 28 60 1.0
28 61 0 28 61 1.0
28 62 0 28 62 1.0
28 63 0 28 63 1.0
28 64 0 28 64 1.0
28 65 0 28 65 1.0
28 66 113 28 35 1.0
28 67 95 28 32 1.0
28 68 92 28 32 1.0
28 69 104 28 34 1.0
28 71 113 28 35 1.0
28 72 113 28 35 1.0
28 75 3 28 3 1.0
28 77 1 28 1 1.0
28 78 2 28 2 1.0
28 79 2 28 2 1.0
29 0 0 29 0 1.0
29 1 0 29 1 1.0
29 2 0 29 2 1.0
29 3 0 29 3 1.0
29 4 0 29 4 1.0
29 5 0 29 5 1.0
29 6 10 29 34 1.0
29 7 3 29 62 1.0
29 8 0 29 59 1.0
29 9 3 29 62 1.0
29 10 3 29 62 1.0
29 13 4 29 63 1.0
29 14 5 29 64 1.0
29 15 4 29 63 1.0
29 16 1 29 60 1.0
29 19 0 29 55 1.0
29 20 9 29 2 1.0
29 22 1 29 0 1.0
29 23 1 29 0 1.0
29 24 22 29 33 1.0
29 25 22 29 33 1.0
29 26 22 29 33 1.0
29 27 22 29 33 1.0
29 28 24 29 35 1.0
29 30 23 29 34 1.0
29 31 0 29 31 1.0
29 32 0 29 32 1.0
29 34 0 29 34 1.0
29 36 0 29 36 1.0
29 37 0 29 37 1.0
29 39 29 29 4 1.0
29 40 54 29 61 1.0
29 41 49 29 60 1.0
29 42 50 29 60 1.0
29 43 80 29 65 1.0
29 44 29 29 4 1.0
29 45 33 29 54 1.0
29 46 27 29 52 1.0
29 49 25 29 52 1.0
29 50 25 29 52 1.0
29 51 51 29 58 1.0
29 52 0 29 52 1.0
29 53 0 29 53 1.0
29 54 0 29 54 1.0
29 55 0 29 55 1.0
29 56 0 29 56 1.0
29 57 0 29 57 1.0
29 58 0 29 58 1.0
29 59 0 29 59 1.0
29 60 0 29 60 1.0
29 62 0 29 62 1.0
29 63 0 29 63 1.0
29 64 0 29 64 1.0
29 65 0 29 65 1.0
29 66 125 29 37 1.0
29 67 122 29 37 1.0
29 68 108 29 35 1.0
29 69 107 29 34 1.0
29 70 104 29 34 1.0
29 71 93 29 32 1.0
29 72 89 29 31 1.0
29 73 4 29 4 1.0
29 74 4 29 4 1.0
29 75 3 29 3 1.0
29 76 4 29 4 1.0
29 77 3 29 3 1.0
29 78 3 29 3 1.0
29 79 3 29 3 1.0
30 0 0 30 0 1.0
30 1 0 30 1 1.0
30 2 0 30 2 1.0
30 3 0 30 3 1.0
30 4 0 30 4 1.0
30 5 0 30 5 1.0
30 6 6 30 65 1.0
30 7 8 30 32 1.0
30 8 0 30 59 1.0
30 9 6 30 65 1.0
30 10 6 30 65 1.0
30 14 4 30 63 1.0
30 15 5 30 64 1.0
30 17 0 30 59 1.0
30 18 1 30 0 1.0
30 19 10 30 3 1.0
30 20 10 30 3 1.0
30 21 1 30 0 1.0
30 23 1 30 0 1.0
30 24 3 30 52 1.0
30 25 23 30 34 1.0
30 26 24 30 35 1.0
30 27 24 30 35 1.0
30 29 6 30 57 1.0
30 31 0 30 31 1.0
30 32 0 30 32 1.0
30 36 0 30 36 1.0
30 38 42 30 59 1.0
30 39 42 30 59 1.0
30 40 47 30 59 1.0
30 41 10 30 1 0.28125
30 41 38 30 5 0.71875
30 42 33 30 4 1.0
30 43 42 30 59 1.0
30 44 5 30 0 1.0
30 45 94 30 4 1.0
30 50 27 30 52 1.0
30 51 28 30 52 1.0
30 52 0 30 52 1.0
30 53 0 30 53 1.0
30 54 0 30 54 1.0
30 56 0 30 56 1.0
30 57 0 30 57 1.0
30 58 0 30 58 1.0
30 63 0 30 63 1.0
30 64 0 30 64 1.0
30 65 0 30 65 1.0
30 67 115 30 36 1.0
30 68 89 30 31 1.0
30 69 110 30 35 1.0
30 70 105 30 34 1.0
30 71 15 30 60 0.203125
30 71 76 30 65 0.796875
30 72 105 30 34 1.0
30 73 5 30 5 1.0
30 74 5 30 5 1.0
30 75 3 30 3 1.0
30 77 4 30 4 1.0
30 78 5 30 5 1.0
30 79 5 30 5 1.0
31 0 5 31 29 1.0
31 1 6 31 53 1.0
31 2 9 31 26 1.0
31 3 9 31 26 1.0
31 4 5 31 29 1.0
31 5 9 31 26 1.0
31 6 0 31 6 1.0
31 7 0 31 7 1.0
31 8 0 31 8 1.0
31 9 0 31 9 1.0
31 10 0 31 10 1.0
31 14 2 31 61 1.0
31 15 9 31 8 1.0
31 17 12 31 11 1.0
31 19 1 31 53 1.0
31 20 4 31 56 1.0
31 21 2 31 52 1.0
31 22 2 31 52 1.0
31 23 3 31 54 1.0
31 24 0 31 24 1.0
31 25 0 31 25 1.0
31 26 0 31 26 1.0
31 27 0 31 27 1.0
31 28 0 31 28 1.0
31 29 0 31 29 1.0
31 30 0 31 30 1.0
31 32 9 31 26 0.203125
31 32 20 31 65 0.796875
31 34 16 31 61 1.0
31 36 15 31 60 1.0
31 40 14 31 61 1.0
31 41 107 31 11 1.0
31 42 114 31 11 1.0
31 44 48 31 6 1.0
31 45 69 31 9 1.0
31 48 80 31 11 1.0
31 50 78 31 11 1.0
31 51 80 31 11 1.0
31 52 0 31 52 1.0
31 53 0 31 53 1.0
31 54 0 31 54 1.0
31 55 0 31 55 1.0
31 56 0 31 56 1.0
31 57 0 31 57 1.0
31 58 0 31 58 1.0
31 59 0 31 59 1.0
31 63 0 31 63 1.0
31 64 0 31 64 1.0
31 65 0 31 65 1.0
31 66 1 31 7 1.0
31 67 1 31 7 1.0
31 68 1 31 7 1.0
31 69 2 31 8 1.0
31 70 3 31 9 1.0
31 71 3 31 9 1.0
31 72 3 31 9 1.0
31 73 105 31 57 1.0
31 74 108 31 57 1.0
31 77 31 31 30 1.0
31 78 29 31 27 1.0
31 79 69 31 28 1.0
32 0 9 32 26 1.0
32 1 6 32 53 1.0
32 2 5 32 29 1.0
32 3 6 32 53 1.0
32 4 5 32 29 1.0
32 5 6 32 53 1.0
32 6 0 32 6 1.0
32 7 0 32 7 1.0
32 8 0 32 8 1.0
32 9 0 32 9 1.0
32 10 0 32 10 1.0
32 11 0 32 11 1.0
32 12 8 32 7 1.0
32 14 4 32 63 1.0
32 15 12 32 11 1.0
32 16 8 32 7 1.0
32 17 9 32 8 1.0
32 18 6 32 58 1.0
32 19 1 32 53 1.0
32 20 4 32 56 1.0
32 21 2 32 52 1.0
32 22 3 32 54 1.0
32 23 1 32 53 1.0
32 24 0 32 24 1.0
32 25 0 32 25 1.0
32 26 0 32 26 1.0
32 27 0 32 27 1.0
32 28 0 32 28 1.0
32 29 0 32 29 1.0
32 30 0 32 30 1.0
32 31 1 32 25 0.734375
32 31 8 32 28 0.265625
32 33 4 32 30 1.0
32 34 4 32 30 1.0
32 35 15 32 60 1.0
32 36 14 32 59 1.0
32 37 4 32 30 1.0
32 38 38 32 65 1.0
32 39 2 32 59 1.0
32 40 12 32 61 1.0
32 41 28 32 63 1.0
32 42 55 32 7 1.0
32 43 2 32 59 1.0
32 44 55 32 7 1.0
32 45 76 32 10 1.0
32 46 53 32 7 1.0
32 47 53 32 7 1.0
32 48 14 32 52 1.0
32 49 55 32 7 1.0
32 50 14 32 52 1.0
32 51 61 32 8 1.0
32 52 0 32 52 1.0
32 53 0 32 53 1.0
32 54 0 32 54 1.0
32 55 0 32 55 1.0
32 56 0 32 56 1.0
32 57 0 32 57 1.0
32 58 0 32 58 1.0
32 59 0 32 59 1.0
32 60 0 32 60 1.0
32 61 0 32 61 1.0
32 62 0 32 62 1.0
32 63 0 32 63 1.0
32 64 0 32 64 1.0
32 65 0 32 65 1.0
32 66 2 32 8 1.0
32 67 3 32 9 1.0
32 68 1 32 7 1.0
32 69 3 32 9 1.0
32 70 3 32 9 1.0
32 71 3 32 9 1.0
32 72 3 32 9 1.0
32 73 13 32 55 1.0
32 74 55 32 52 1.0
32 75 76 32 26 1.0
32 76 40 32 29 1.0
32 77 25 32 27 1.0
32 78 76 32 26 1.0
32 79 67 32 28 1.0
33 1 7 33 52 1.0
33 7 0 33 7 1.0
33 8 0 33 8 1.0
33 9 0 33 9 1.0
33 11 0 33 11 1.0
33 12 8 33 7 1.0
33 13 2 33 61 1.0
33 14 8 33 7 1.0
33 15 12 33 11 1.0
33 16 11 33 10 1.0
33 17 9 33 8 1.0
33 18 2 33 52 1.0
33 19 2 33 52 1.0
33 20 2 33 52 1.0
33 21 2 33 52 1.0
33 22 6 33 58 1.0
33 23 2 33 52 1.0
33 24 0 33 24 1.0
33 25 0 33 25 1.0
33 26 0 33 26 1.0
33 27 0 33 27 1.0
33 28 0 33 28 1.0
33 29 0 33 29 1.0
33 30 0 33 30 1.0
33 32 15 33 60 1.0
33 34 4 33 30 1.0
33 35 4 33 30 1.0
33 36 0 33 24 1.0
33 37 4 33 30 1.0
33 38 8 33 60 1.0
33 39 2 33 59 1.0
33 40 2 33 59 1.0
33 41 11 33 60 1.0
33 42 24 33 63 1.0
33 43 38 33 65 1.0
33 44 25 33 63 1.0
33 45 81 33 11 1.0
33 46 14 33 52 1.0
33 47 13 33 52 1.0
33 48 40 33 58 1.0
33 49 16 33 52 1.0
33 50 45 33 6 1.0
33 51 44 33 6 1.0
33 52 0 33 52 1.0
33 53 0 33 53 1.0
33 54 0 33 54 1.0
33 55 0 33 55 1.0
33 56 0 33 56 1.0
33 57 0 33 57 1.0
33 58 0 33 58 1.0
33 59 0 33 59 1.0
33 60 0 33 60 1.0
33 61 0 33 61 1.0
33 62 0 33 62 1.0
33 63 0 33 63 1.0
33 64 0 33 64 1.0
33 65 0 33 65 1.0
33 66 3 33 9 1.0
33 67 2 33 8 1.0
33 68 2 33 8 1.0
33 69 5 33 11 1.0
33 70 0 33 6 1.0
33 72 0 33 6 1.0
33 73 28 33 27 1.0
33 74 28 33 27 1.0
33 75 40 33 29 1.0
33 76 40 33 29 1.0
33 77 34 33 30 1.0
33 78 24 33 27 1.0
33 79 40 33 29 1.0
34 0 7 34 52 1.0
34 1 4 34 30 1.0
34 2 4 34 30 1.0
34 6 0 34 6 1.0
34 7 0 34 7 1.0
34 8 0 34 8 1.0
34 9 0 34 9 1.0
34 11 0 34 11 1.0
34 12 11 34 10 1.0
34 13 2 34 61 1.0
34 14 12 34 11 1.0
34 15 9 34 8 1.0
34 16 11 34 10 1.0
34 17 9 34 8 1.0
34 18 2 34 52 1.0
34 19 2 34 52 1.0
34 20 0 34 55 1.0
34 21 3 34 54 1.0
34 22 6 34 58 1.0
34 23 2 34 52 1.0
34 24 0 34 24 1.0
34 25 0 34 25 1.0
34 26 0 34 26 1.0
34 27 0 34 27 1.0
34 28 0 34 28 1.0
34 29 0 34 29 1.0
34 32 4 34 30 1.0
34 33 4 34 30 1.0
34 35 4 34 30 1.0
34 36 4 34 30 1.0
34 37 4 34 30 1.0
34 38 2 34 59 1.0
34 39 8 34 60 1.0
34 40 32 34 64 1.0
34 41 12 34 61 1.0
34 42 24 34 63 1.0
34 43 38 34 65 1.0
34 45 14 34 52 1.0
34 46 14 34 52 1.0
34 47 14 34 52 1.0
34 48 14 34 52 1.0
34 49 0 34 55 1.0
34 50 73 34 10 1.0
34 51 75 34 10 1.0
34 52 0 34 52 1.0
34 53 0 34 53 1.0
34 54 0 34 54 1.0
34 55 0 34 55 1.0
34 56 0 34 56 1.0
34 57 0 34 57 1.0
34 58 0 34 58 1.0
34 59 0 34 59 1.0
34 60 0 34 60 1.0
34 61 0 34 61 1.0
34 62 0 34 62 1.0
34 63 0 34 63 1.0
34 64 0 34 64 1.0
34 65 0 34 65 1.0
34 66 4 34 10 1.0
34 67 5 34 11 1.0
34 68 5 34 11 1.0
34 69 5 34 11 1.0
34 70 5 34 11 1.0
34 72 4 34 10 1.0
34 73 70 34 28 1.0
34 74 28 34 27 1.0
34 75 40 34 29 1.0
34 76 39 34 29 1.0
34 77 67 34 28 1.0
34 78 40 34 29 1.0
34 79 31 34 30 1.0
35 1 0 35 24 1.0
35 2 0 35 24 1.0
35 4 7 35 52 1.0
35 5 7 35 52 1.0
35 7 0 35 7 1.0
35 8 0 35 8 1.0
35 9 0 35 9 1.0
35 10 0 35 10 1.0
35 11 0 35 11 1.0
35 13 10 35 9 1.0
35 14 10 35 9 1.0
35 15 8 35 7 1.0
35 16 8 35 7 1.0
35 18 2 35 52 1.0
35 21 0 35 55 1.0
35 22 2 35 52 1.0
35 25 0 35 25 1.0
35 26 0 35 26 1.0
35 27 0 35 27 1.0
35 28 0 35 28 1.0
35 29 0 35 29 1.0
35 31 16 35 61 1.0
35 33 4 35 30 1.0
35 34 4 35 30 1.0
35 36 4 35 30 1.0
35 38 107 35 11 1.0
35 40 107 35 11 1.0
35 41 12 35 61 1.0
35 42 107 35 11 1.0
35 46 81 35 11 1.0
35 47 81 35 11 1.0
35 48 83 35 11 1.0
35 49 83 35 11 1.0
35 50 79 35 11 1.0
35 51 45 35 6 1.0
35 52 0 35 52 1.0
35 53 0 35 53 1.0
35 54 0 35 54 1.0
35 55 0 35 55 1.0
35 56 0 35 56 1.0
35 57 0 35 57 1.0
35 58 0 35 58 1.0
35 62 0 35 62 1.0
35 63 0 35 63 1.0
35 64 0 35 64 1.0
35 65 0 35 65 1.0
35 66 3 35 9 1.0
35 67 5 35 11 1.0
35 68 2 35 8 1.0
35 69 3 35 9 1.0
35 72 5 35 11 1.0
35 74 70 35 28 1.0
35 75 40 35 29 1.0
35 76 76 35 26 1.0
35 77 40 35 29 1.0
35 78 39 35 29 1.0
35 79 67 35 28 1.0
36 0 7 36 52 1.0
36 3 2 36 55 1.0
36 6 0 36 6 1.0
36 7 0 36 7 1.0
36 8 0 36 8 1.0
36 9 0 36 9 1.0
36 10 0 36 10 1.0
36 11 0 36 11 1.0
36 12 0 36 59 1.0
36 13 2 36 61 1.0
36 14 11 36 10 1.0
36 15 1 36 60 1.0
36 16 1 36 60 1.0
36 17 9 36 8 1.0
36 18 2 36 52 1.0
36 19 2 36 52 1.0
36 20 6 36 58 1.0
36 21 0 36 55 1.0
36 22 2 36 52 1.0
36 23 2 36 52 1.0
36 25 0 36 25 1.0
36 26 0 36 26 1.0
36 27 0 36 27 1.0
36 28 0 36 28 1.0
36 29 0 36 29 1.0
36 30 0 36 30 1.0
36 32 15 36 60 1.0
36 33 5 36 29 1.0
36 34 4 36 30 1.0
36 35 4 36 30 1.0
36 37 4 36 30 1.0
36 38 2 36 59 1.0
36 39 2 36 59 1.0
36 40 17 36 61 1.0
36 41 26 36 63 1.0
36 42 24 36 63 1.0
36 43 2 36 59 1.0
36 44 25 36 63 1.0
36 45 14 36 52 1.0
36 46 83 36 11 1.0
36 47 26 36 56 1.0
36 48 16 36 52 1.0
36 49 12 36 52 1.0
36 50 42 36 6 1.0
36 51 65 36 9 1.0
36 52 0 36 52 1.0
36 53 0 36 53 1.0
36 54 0 36 54 1.0
36 55 0 36 55 1.0
36 56 0 36 56 1.0
36 57 0 36 57 1.0
36 58 0 36 58 1.0
36 59 0 36 59 1.0
36 60 0 36 60 1.0
36 61 0 36 61 1.0
36 62 0 36 62 1.0
36 63 0 36 63 1.0
36 64 0 36 64 1.0
36 65 0 36 65 1.0
36 66 5 36 11 1.0
36 67 0 36 6 1.0
36 68 2 36 8 1.0
36 69 0 36 6 1.0
36 70 3 36 9 1.0
36 72 5 36 11 1.0
36 73 70 36 28 1.0
36 74 69 36 28 1.0
36 75 40 36 29 1.0
36 76 40 36 29 1.0
36 77 67 36 28 1.0
36 78 38 36 29 1.0
36 79 73 36 26 1.0
37 1 7 37 52 1.0
37 2 4 37 30 1.0
37 3 2 37 55 1.0
37 7 0 37 7 1.0
37 8 0 37 8 1.0
37 9 0 37 9 1.0
37 10 0 37 10 1.0
37 11 0 37 11 1.0
37 12 0 37 59 1.0
37 13 2 37 61 1.0
37 14 11 37 10 1.0
37 15 11 37 10 1.0
37 16 1 37 60 1.0
37 17 9 37 8 1.0
37 18 2 37 52 1.0
37 19 2 37 52 1.0
37 21 0 37 55 1.0
37 22 2 37 52 1.0
37 23 2 37 52 1.0
37 24 0 37 24 1.0
37 25 0 37 25 1.0
37 26 0 37 26 1.0
37 27 0 37 27 1.0
37 28 0 37 28 1.0
37 29 0 37 29 1.0
37 31 14 37 59 1.0
37 32 4 37 30 1.0
37 33 4 37 30 1.0
37 34 4 37 30 1.0
37 35 4 37 30 1.0
37 36 4 37 30 1.0
37 38 8 37 60 1.0
37 39 26 37 63 1.0
37 40 7 37 60 1.0
37 41 26 37 63 1.0
37 42 24 37 63 1.0
37 43 2 37 59 1.0
37 44 25 37 63 1.0
37 45 13 37 52 1.0
37 46 81 37 11 1.0
37 47 13 37 52 1.0
37 48 22 37 54 1.0
37 49 12 37 52 1.0
37 50 45 37 6 1.0
37 51 47 37 6 1.0
37 52 0 37 52 1.0
37 53 0 37 53 1.0
37 54 0 37 54 1.0
37 55 0 37 55 1.0
37 56 0 37 56 1.0
37 57 0 37 57 1.0
37 58 0 37 58 1.0
37 59 0 37 59 1.0
37 60 0 37 60 1.0
37 61 0 37 61 1.0
37 62 0 37 62 1.0
37 63 0 37 63 1.0
37 64 0 37 64 1.0
37 65 0 37 65 1.0
37 66 0 37 6 1.0
37 67 4 37 10 1.0
37 68 2 37 8 1.0
37 69 2 37 8 1.0
37 70 5 37 11 1.0
37 72 5 37 11 1.0
37 73 70 37 28 1.0
37 74 28 37 27 1.0
37 75 76 37 26 1.0
37 76 76 37 26 1.0
37 77 67 37 28 1.0
37 78 38 37 29 1.0
37 79 37 37 29 1.0
38 3 0 38 75 1.0
38 5 0 38 75 1.0
38 7 0 38 16 1.0
38 8 0 38 16 1.0
38 9 0 38 16 1.0
38 10 0 38 16 1.0
38 11 0 38 16 1.0
38 12 0 38 12 1.0
38 13 0 38 13 1.0
38 14 0 38 14 1.0
38 15 0 38 15 1.0
38 17 0 38 17 1.0
38 18 1 38 76 1.0
38 19 1 38 76 1.0
38 21 0 38 75 1.0
38 22 0 38 75 1.0
38 23 1 38 76 1.0
38 24 42 38 16 1.0
38 25 47 38 16 1.0
38 26 0 38 75 1.0
38 27 56 38 13 1.0
38 30 43 38 16 1.0
38 32 11 38 16 1.0
38 33 10 38 16 1.0
38 34 12 38 16 1.0
38 35 12 38 16 1.0
38 36 8 38 16 1.0
38 40 25 38 71 1.0
38 41 25 38 71 1.0
38 43 7 38 16 1.0
38 45 0 38 45 1.0
38 46 0 38 46 1.0
38 47 0 38 47 1.0
38 48 0 38 48 1.0
38 49 0 38 49 1.0
38 50 0 38 50 1.0
38 51 0 38 51 1.0
38 53 109 38 49 1.0
38 54 103 38 48 1.0
38 55 108 38 49 1.0
38 56 96 38 47 1.0
38 57 96 38 47 1.0
38 58 106 38 48 1.0
38 60 0 38 16 1.0
38 61 0 38 16 1.0
38 62 0 38 16 1.0
38 63 4 38 15 1.0
38 64 1 38 12 1.0
38 65 1 38 12 1.0
38 66 0 38 66 1.0
38 67 0 38 67 1.0
38 68 0 38 68 1.0
38 69 0 38 69 1.0
38 70 0 38 70 1.0
38 72 0 38 72 1.0
38 73 0 38 73 1.0
38 76 0 38 76 1.0
38 77 0 38 77 1.0
38 78 0 38 78 1.0
38 79 0 38 79 1.0
39 1 1 39 76 1.0
39 2 1 39 76 1.0
39 9 2 39 13 1.0
39 10 11 39 71 1.0
39 11 0 39 16 1.0
39 12 0 39 12 1.0
39 13 0 39 13 1.0
39 14 0 39 14 1.0
39 15 0 39 15 1.0
39 16 0 39 16 1.0
39 17 0 39 17 1.0
39 19 1 39 76 1.0
39 20 1 39 76 1.0
39 21 1 39 76 1.0
39 22 1 39 76 1.0
39 23 1 39 76 1.0
39 24 49 39 12 1.0
39 25 42 39 16 1.0
39 26 11 39 76 1.0
39 27 6 39 76 1.0
39 28 42 39 16 1.0
39 29 6 39 76 1.0
39 30 49 39 12 1.0
39 31 107 39 70 1.0
39 32 104 39 70 1.0
39 33 104 39 70 1.0
39 34 107 39 70 1.0
39 36 104 39 70 1.0
39 38 8 39 45 1.0
39 40 8 39 45 1.0
39 41 8 39 45 1.0
39 42 8 39 45 1.0
39 43 12 39 49 1.0
39 44 11 39 48 1.0
39 46 0 39 46 1.0
39 47 0 39 47 1.0
39 48 0 39 48 1.0
39 50 0 39 50 1.0
39 51 0 39 51 1.0
39 53 100 39 47 1.0
39 54 90 39 46 1.0
39 55 96 39 47 1.0
39 56 94 39 46 1.0
39 57 94 39 46 1.0
39 58 106 39 48 1.0
39 59 0 39 16 1.0
39 60 0 39 16 1.0
39 61 1 39 12 1.0
39 62 2 39 13 1.0
39 63 3 39 14 1.0
39 64 1 39 12 1.0
39 65 1 39 12 1.0
39 66 0 39 66 1.0
39 67 0 39 67 1.0
39 68 0 39 68 1.0
39 69 0 39 69 1.0
39 70 0 39 70 1.0
39 72 0 39 72 1.0
39 73 0 39 73 1.0
39 75 0 39 75 1.0
39 77 0 39 77 1.0
39 78 0 39 78 1.0
39 79 0 39 79 1.0
40 1 0 40 75 1.0
40 2 4 40 77 1.0
40 3 1 40 76 1.0
40 4 1 40 76 1.0
40 5 3 40 79 1.0
40 6 2 40 13 1.0
40 7 5 40 17 1.0
40 8 3 40 14 1.0
40 9 2 40 13 1.0
40 10 5 40 17 1.0
40 11 12 40 72 1.0
40 12 0 40 12 1.0
40 13 0 40 13 1.0
40 14 0 40 14 1.0
40 15 0 40 15 1.0
40 16 0 40 16 1.0
40 17 0 40 17 1.0
40 18 6 40 73 1.0
40 19 0 40 75 1.0
40 20 1 40 76 1.0
40 21 1 40 76 1.0
40 22 7 40 45 1.0
40 23 8 40 46 1.0
40 24 43 40 16 1.0
40 25 0 40 75 1.0
40 26 4 40 75 1.0
40 27 79 40 17 1.0
40 28 1 40 75 1.0
40 29 64 40 14 1.0
40 30 49 40 12 1.0
40 31 83 40 66 1.0
40 32 78 40 66 1.0
40 33 96 40 69 1.0
40 34 87 40 67 1.0
40 35 109 40 71 1.0
40 36 105 40 70 1.0
40 37 96 40 69 1.0
40 38 11 40 48 1.0
40 39 8 40 45 1.0
40 41 22 40 68 1.0
40 42 20 40 66 1.0
40 43 25 40 71 1.0
40 44 12 40 49 1.0
40 45 0 40 45 1.0
40 46 0 40 46 1.0
40 47 0 40 47 1.0
40 48 0 40 48 1.0
40 49 0 40 49 1.0
40 50 0 40 50 1.0
40 51 0 40 51 1.0
40 52 114 40 50 1.0
40 53 84 40 45 1.0
40 54 108 40 49 1.0
40 55 108 40 49 1.0
40 56 108 40 49 1.0
40 57 103 40 48 1.0
40 58 88 40 45 1.0
40 59 3 40 14 1.0
40 60 4 40 15 1.0
40 61 4 40 15 1.0
40 62 5 40 17 1.0
40 63 1 40 12 1.0
40 64 0 40 16 1.0
40 65 3 40 14 1.0
40 66 0 40 66 1.0
40 67 0 40 67 1.0
40 68 0 40 68 1.0
40 69 0 40 69 1.0
40 70 0 40 70 1.0
40 71 0 40 71 1.0
40 72 0 40 72 1.0
40 73 0 40 73 1.0
40 74 0 40 74 1.0
40 75 0 40 75 1.0
40 76 0 40 76 1.0
40 77 0 40 77 1.0
40 78 0 40 78 1.0
40 79 0 40 79 1.0
41 0 6 41 73 1.0
41 1 4 41 77 1.0
41 2 5 41 78 1.0
41 3 2 41 74 1.0
41 4 2 41 74 1.0
41 5 2 41 74 1.0
41 6 10 41 70 1.0
41 7 12 41 72 1.0
41 8 5 41 17 1.0
41 9 10 41 70 1.0
41 10 2 41 13 1.0
41 11 12 41 72 1.0
41 12 0 41 12 1.0
41 13 0 41 13 1.0
41 14 0 41 14 1.0
41 15 0 41 15 1.0
41 16 0 41 16 1.0
41 17 0 41 17 1.0
41 18 1 41 76 1.0
41 19 0 41 75 1.0
41 20 2 41 74 1.0
41 21 0 41 75 1.0
41 22 6 41 73 1.0
41 23 1 41 76 0.453125
41 23 2 41 74 0.546875
41 24 27 41 77 1.0
41 25 54 41 12 1.0
41 26 1 41 75 1.0
41 27 78 41 17 1.0
41 28 43 41 16 1.0
41 29 63 41 14 1.0
41 30 55 41 12 1.0
41 31 0 41 16 1.0
41 32 36 41 13 1.0
41 33 116 41 72 1.0
41 34 91 41 68 1.0
41 35 90 41 68 1.0
41 36 89 41 67 1.0
41 37 90 41 68 1.0
41 38 11 41 48 1.0
41 39 8 41 45 1.0
41 40 20 41 66 1.0
41 42 8 41 45 0.71875
41 42 20 41 66 0.28125
41 43 26 41 72 1.0
41 44 9 41 46 1.0
41 45 0 41 45 1.0
41 46 0 41 46 1.0
41 47 0 41 47 1.0
41 48 0 41 48 1.0
41 49 0 41 49 1.0
41 50 0 41 50 1.0
41 51 0 41 51 1.0
41 52 100 41 47 1.0
41 53 88 41 45 1.0
41 54 105 41 48 1.0
41 55 103 41 48 1.0
41 56 104 41 48 1.0
41 57 97 41 47 1.0
41 58 106 41 48 1.0
41 59 3 41 14 1.0
41 60 4 41 15 1.0
41 61 3 41 14 1.0
41 62 4 41 15 1.0
41 63 1 41 12 1.0
41 64 5 41 17 1.0
41 65 2 41 13 1.0
41 66 0 41 66 1.0
41 67 0 41 67 1.0
41 68 0 41 68 1.0
41 69 0 41 69 1.0
41 70 0 41 70 1.0
41 71 0 41 71 1.0
41 72 0 41 72 1.0
41 73 0 41 73 1.0
41 74 0 41 74 1.0
41 75 0 41 75 1.0
41 76 0 41 76 1.0
41 77 0 41 77 1.0
41 78 0 41 78 1.0
41 79 0 41 79 1.0
42 0 2 42 74 1.0
42 1 6 42 73 1.0
42 2 6 42 73 1.0
42 3 1 42 76 0.40625
42 3 2 42 74 0.59375
42 4 2 42 74 1.0
42 5 2 42 74 0.34375
42 5 4 42 77 0.65625
42 6 10 42 70 1.0
42 7 10 42 70 1.0
42 8 1 42 12 1.0
42 9 10 42 70 1.0
42 10 7 42 67 1.0
42 14 0 42 14 1.0
42 15 0 42 15 1.0
42 19 1 42 76 1.0
42 20 6 42 73 1.0
42 23 7 42 45 1.0
42 24 30 42 78 0.671875
42 24 82 42 17 0.328125
42 25 18 42 79 0.859375
42 25 82 42 17 0.140625
42 26 53 42 12 1.0
42 27 46 42 16 1.0
42 29 71 42 15 1.0
42 30 30 42 78 1.0
42 31 36 42 13 1.0
42 32 106 42 70 1.0
42 36 98 42 69 1.0
42 39 8 42 45 1.0
42 40 12 42 49 1.0
42 41 8 42 45 0.546875
42 41 21 42 67 0.453125
42 43 12 42 49 1.0
42 44 11 42 48 1.0
42 45 0 42 45 1.0
42 46 0 42 46 1.0
42 47 0 42 47 1.0
42 50 0 42 50 1.0
42 51 0 42 51 1.0
42 53 113 42 49 1.0
42 54 112 42 49 1.0
42 55 106 42 48 1.0
42 56 106 42 48 1.0
42 57 103 42 48 1.0
42 58 106 42 48 1.0
42 59 1 42 12 1.0
42 62 0 42 16 1.0
42 63 2 42 13 1.0
42 64 2 42 13 1.0
42 65 3 42 14 1.0
42 66 0 42 66 1.0
42 67 0 42 67 1.0
42 68 0 42 68 1.0
42 69 0 42 69 1.0
42 70 0 42 70 1.0
42 71 0 42 71 1.0
42 72 0 42 72 1.0
42 73 0 42 73 1.0
42 74 0 42 74 1.0
42 77 0 42 77 1.0
42 78 0 42 78 1.0
42 79 0 42 79 1.0
43 1 1 43 76 1.0
43 2 1 43 76 1.0
43 6 0 43 16 1.0
43 9 0 43 16 1.0
43 11 0 43 16 1.0
43 12 0 43 12 1.0
43 13 0 43 13 1.0
43 14 0 43 14 1.0
43 15 0 43 15 1.0
43 19 1 43 76 1.0
43 20 1 43 76 1.0
43 22 1 43 76 1.0
43 23 1 43 76 1.0
43 24 49 43 12 1.0
43 25 56 43 13 1.0
43 26 6 43 76 1.0
43 27 57 43 13 1.0
43 33 104 43 70 1.0
43 34 119 43 72 1.0
43 35 115 43 72 1.0
43 36 119 43 72 1.0
43 38 26 43 72 1.0
43 40 11 43 48 1.0
43 41 11 43 48 1.0
43 42 11 43 48 1.0
43 45 0 43 45 1.0
43 46 0 43 46 1.0
43 47 0 43 47 1.0
43 49 0 43 49 1.0
43 50 0 43 50 1.0
43 51 0 43 51 1.0
43 52 102 43 48 1.0
43 53 97 43 47 1.0
43 54 108 43 49 1.0
43 55 108 43 49 1.0
43 56 100 43 47 1.0
43 57 97 43 47 1.0
43 58 96 43 47 1.0
43 61 0 43 16 1.0
43 62 0 43 16 1.0
43 63 1 43 12 1.0
43 64 2 43 13 1.0
43 65 1 43 12 1.0
43 66 0 43 66 1.0
43 67 0 43 67 1.0
43 68 0 43 68 1.0
43 69 0 43 69 1.0
43 70 0 43 70 1.0
43 74 0 43 74 1.0
43 77 0 43 77 1.0
43 78 0 43 78 1.0
43 79 0 43 79 1.0
44 0 6 44 73 1.0
44 1 2 44 74 1.0
44 2 6 44 73 1.0
44 3 2 44 74 0.375
44 3 4 44 77 0.625
44 4 2 44 74 0.53125
44 4 4 44 77 0.46875
44 5 1 44 76 0.1875
44 5 2 44 74 0.8125
44 6 8 44 68 1.0
44 7 12 44 72 1.0
44 9 10 44 70 1.0
44 10 3 44 14 1.0
44 11 1 44 12 1.0
44 14 0 44 14 1.0
44 15 0 44 15 1.0
44 18 2 44 74 1.0
44 19 2 44 74 1.0
44 20 13 44 51 1.0
44 23 3 44 79 1.0
44 24 5 44 75 0.015625
44 24 27 44 77 0.984375
44 25 28 44 77 1.0
44 26 62 44 13 1.0
44 27 55 44 12 1.0
44 28 56 44 13 1.0
44 29 51 44 12 1.0
44 30 30 44 78 0.890625
44 30 53 44 12 0.109375
44 31 52 44 15 1.0
44 32 11 44 16 1.0
44 39 9 44 46 1.0
44 40 10 44 47 1.0
44 41 11 44 48 1.0
44 42 20 44 66 1.0
44 45 0 44 45 1.0
44 48 0 44 48 1.0
44 49 0 44 49 1.0
44 50 0 44 50 1.0
44 51 0 44 51 1.0
44 52 102 44 48 1.0
44 53 96 44 47 1.0
44 54 109 44 49 1.0
44 55 106 44 48 1.0
44 56 106 44 48 1.0
44 57 103 44 48 1.0
44 58 106 44 48 1.0
44 62 0 44 16 1.0
44 63 2 44 13 1.0
44 64 2 44 13 1.0
44 65 2 44 13 1.0
44 66 0 44 66 1.0
44 67 0 44 67 1.0
44 68 0 44 68 1.0
44 69 0 44 69 1.0
44 70 0 44 70 1.0
44 71 0 44 71 1.0
44 72 0 44 72 1.0
44 73 0 44 73 1.0
44 74 0 44 74 1.0
44 77 0 44 77 1.0
44 78 0 44 78 1.0
44 79 0 44 79 1.0
45 0 9 45 20 1.0
45 1 12 45 23 1.0
45 2 12 45 23 1.0
45 3 9 45 20 1.0
45 4 9 45 20 1.0
45 5 10 45 21 1.0
45 6 6 45 72 1.0
45 7 6 45 72 1.0
45 8 4 45 70 1.0
45 9 6 45 72 1.0
45 10 2 45 68 1.0
45 11 4 45 70 1.0
45 12 13 45 72 1.0
45 14 0 45 38 1.0
45 15 5 45 43 1.0
45 16 0 45 38 1.0
45 19 0 45 19 1.0
45 20 0 45 20 1.0
45 21 0 45 21 1.0
45 22 0 45 22 1.0
45 23 0 45 23 1.0
45 24 99 45 22 1.0
45 25 50 45 18 1.0
45 26 9 45 76 1.0
45 27 3 45 75 1.0
45 28 30 45 78 1.0
45 29 10 45 76 1.0
45 30 72 45 20 1.0
45 31 79 45 72 1.0
45 32 31 45 22 1.0
45 33 9 45 19 1.0
45 34 9 45 19 1.0
45 36 9 45 19 1.0
45 37 9 45 19 1.0
45 38 0 45 38 1.0
45 40 0 45 40 1.0
45 41 0 45 41 1.0
45 42 0 45 42 1.0
45 43 0 45 43 1.0
45 44 0 45 44 1.0
45 46 1 45 76 1.0
45 48 1 45 76 1.0
45 49 1 45 76 1.0
45 50 14 45 39 1.0
45 51 0 45 75 1.0
45 52 2 45 20 1.0
45 53 2 45 20 1.0
45 54 2 45 20 1.0
45 55 3 45 21 1.0
45 56 2 45 20 1.0
45 57 1 45 19 1.0
45 58 0 45 18 1.0
45 60 0 45 38 1.0
45 61 0 45 38 1.0
45 62 24 45 42 1.0
45 63 34 45 43 1.0
45 64 2 45 38 1.0
45 65 24 45 42 1.0
45 66 0 45 66 1.0
45 67 0 45 67 1.0
45 68 0 45 68 1.0
45 69 0 45 69 1.0
45 70 0 45 70 1.0
45 71 0 45 71 1.0
45 72 0 45 72 1.0
45 73 0 45 73 1.0
45 74 0 45 74 1.0
45 77 0 45 77 1.0
45 78 0 45 78 1.0
45 79 0 45 79 1.0
46 0 11 46 22 1.0
46 4 7 46 18 1.0
46 7 5 46 71 1.0
46 8 4 46 70 1.0
46 9 0 46 66 1.0
46 12 13 46 72 1.0
46 13 13 46 72 1.0
46 14 7 46 66 1.0
46 15 7 46 66 1.0
46 16 0 46 38 1.0
46 17 13 46 72 1.0
46 18 0 46 18 1.0
46 19 0 46 19 1.0
46 20 0 46 20 1.0
46 21 0 46 21 1.0
46 22 0 46 22 1.0
46 25 0 46 75 1.0
46 26 12 46 74 1.0
46 27 1 46 75 1.0
46 28 36 46 73 1.0
46 29 0 46 75 1.0
46 31 30 46 22 1.0
46 32 44 46 66 1.0
46 33 2 46 18 1.0
46 34 2 46 18 1.0
46 35 30 46 22 1.0
46 36 2 46 18 1.0
46 37 9 46 19 1.0
46 38 0 46 38 1.0
46 39 0 46 39 1.0
46 40 0 46 40 1.0
46 41 0 46 41 1.0
46 42 0 46 42 1.0
46 43 0 46 43 1.0
46 45 1 46 76 1.0
46 47 1 46 76 1.0
46 48 1 46 76 1.0
46 49 1 46 76 1.0
46 50 6 46 73 1.0
46 51 19 46 44 1.0
46 52 2 46 20 1.0
46 53 4 46 22 1.0
46 54 0 46 18 1.0
46 55 0 46 18 1.0
46 56 1 46 19 1.0
46 57 4 46 22 1.0
46 58 3 46 21 1.0
46 59 0 46 38 1.0
46 60 0 46 38 1.0
46 61 0 46 38 1.0
46 62 24 46 42 1.0
46 63 5 46 38 1.0
46 64 5 46 38 1.0
46 65 37 46 44 1.0
46 66 0 46 66 1.0
46 67 0 46 67 1.0
46 68 0 46 68 1.0
46 69 0 46 69 1.0
46 70 0 46 70 1.0
46 72 0 46 72 1.0
46 74 0 46 74 1.0
46 75 0 46 75 1.0
46 76 0 46 76 1.0
46 77 0 46 77 1.0
46 78 0 46 78 1.0
46 79 0 46 79 1.0
47 1 0 47 75 1.0
47 2 7 47 18 1.0
47 4 7 47 18 1.0
47 8 4 47 70 1.0
47 9 0 47 66 1.0
47 10 3 47 69 1.0
47 11 4 47 70 1.0
47 12 13 47 72 1.0
47 13 12 47 71 1.0
47 14 4 47 42 1.0
47 15 7 47 66 1.0
47 16 0 47 38 1.0
47 17 13 47 72 1.0
47 18 0 47 18 1.0
47 19 0 47 19 1.0
47 20 0 47 20 1.0
47 21 0 47 21 1.0
47 22 0 47 22 1.0
47 23 0 47 23 1.0
47 24 0 47 75 1.0
47 25 0 47 75 1.0
47 26 19 47 79 1.0
47 27 1 47 75 1.0
47 28 12 47 74 1.0
47 29 0 47 75 1.0
47 32 44 47 66 1.0
47 33 30 47 22 1.0
47 34 30 47 22 1.0
47 35 16 47 20 1.0
47 36 2 47 18 1.0
47 37 23 47 21 1.0
47 38 0 47 38 1.0
47 39 0 47 39 1.0
47 40 0 47 40 1.0
47 41 0 47 41 1.0
47 42 0 47 42 1.0
47 43 0 47 43 1.0
47 45 1 47 76 1.0
47 46 19 47 44 1.0
47 48 1 47 76 1.0
47 49 1 47 76 1.0
47 50 19 47 44 1.0
47 51 19 47 44 1.0
47 52 5 47 23 1.0
47 53 3 47 21 1.0
47 54 4 47 22 1.0
47 55 0 47 18 1.0
47 56 3 47 21 1.0
47 57 3 47 21 1.0
47 58 0 47 18 1.0
47 59 32 47 43 1.0
47 60 0 47 38 1.0
47 61 0 47 38 1.0
47 62 30 47 43 1.0
47 63 11 47 39 1.0
47 64 36 47 44 1.0
47 65 24 47 42 1.0
47 66 0 47 66 1.0
47 67 0 47 67 1.0
47 68 0 47 68 1.0
47 69 0 47 69 1.0
47 70 0 47 70 1.0
47 71 0 47 71 1.0
47 72 0 47 72 1.0
47 73 0 47 73 1.0
47 74 0 47 74 1.0
47 75 0 47 75 1.0
47 76 0 47 76 1.0
47 77 0 47 77 1.0
47 78 0 47 78 1.0
47 79 0 47 79 1.0
48 0 11 48 22 1.0
48 1 12 48 23 1.0
48 2 7 48 18 1.0
48 4 7 48 18 1.0
48 8 4 48 70 1.0
48 10 4 48 70 1.0
48 12 12 48 71 1.0
48 13 13 48 72 1.0
48 14 6 48 44 1.0
48 15 11 48 70 1.0
48 17 12 48 71 1.0
48 18 0 48 18 1.0
48 20 0 48 20 1.0
48 22 0 48 22 1.0
48 25 5 48 75 1.0
48 26 2 48 75 1.0
48 27 3 48 75 1.0
48 30 5 48 75 1.0
48 31 30 48 22 1.0
48 32 8 48 19 1.0
48 35 30 48 22 1.0
48 39 0 48 39 1.0
48 40 0 48 40 1.0
48 41 0 48 41 1.0
48 42 0 48 42 1.0
48 43 0 48 43 1.0
48 45 1 48 76 1.0
48 46 0 48 75 1.0
48 47 1 48 76 1.0
48 50 13 48 38 1.0
48 51 19 48 44 1.0
48 52 4 48 22 1.0
48 53 4 48 22 1.0
48 54 5 48 23 1.0
48 55 5 48 23 1.0
48 56 0 48 18 1.0
48 57 4 48 22 1.0
48 58 3 48 21 1.0
48 60 0 48 38 1.0
48 62 0 48 38 1.0
48 63 37 48 44 1.0
48 64 2 48 38 1.0
48 65 5 48 38 1.0
48 66 0 48 66 1.0
48 67 0 48 67 1.0
48 68 0 48 68 1.0
48 69 0 48 69 1.0
48 72 0 48 72 1.0
48 73 0 48 73 1.0
48 76 0 48 76 1.0
48 77 0 48 77 1.0
48 78 0 48 78 1.0
48 79 0 48 79 1.0
49 0 11 49 22 1.0
49 1 7 49 18 1.0
49 2 7 49 18 1.0
49 3 10 49 21 1.0
49 4 7 49 18 1.0
49 6 4 49 70 1.0
49 7 4 49 70 1.0
49 9 4 49 70 1.0
49 10 4 49 70 1.0
49 11 4 49 70 1.0
49 12 12 49 71 1.0
49 14 13 49 72 1.0
49 15 13 49 72 1.0
49 17 12 49 71 1.0
49 21 0 49 21 1.0
49 22 0 49 22 1.0
49 24 5 49 75 1.0
49 25 5 49 75 1.0
49 26 14 49 74 1.0
49 27 3 49 75 1.0
49 29 5 49 75 1.0
49 32 1 49 18 1.0
49 34 1 49 18 1.0
49 37 1 49 18 1.0
49 38 0 49 38 1.0
49 39 0 49 39 1.0
49 40 0 49 40 1.0
49 41 0 49 41 1.0
49 42 0 49 42 1.0
49 43 0 49 43 1.0
49 46 1 49 76 1.0
49 47 1 49 76 1.0
49 48 1 49 76 1.0
49 50 0 49 75 1.0
49 51 19 49 44 1.0
49 52 0 49 18 1.0
49 53 4 49 22 1.0
49 54 5 49 23 1.0
49 55 2 49 20 1.0
49 56 3 49 21 1.0
49 57 4 49 22 1.0
49 58 1 49 19 1.0
49 59 0 49 38 1.0
49 61 0 49 38 1.0
49 62 25 49 42 1.0
49 63 11 49 39 1.0
49 64 11 49 39 1.0
49 65 5 49 38 1.0
49 66 0 49 66 1.0
49 67 0 49 67 1.0
49 68 0 49 68 1.0
49 69 0 49 69 1.0
49 77 0 49 77 1.0
49 78 0 49 78 1.0
49 79 0 49 79 1.0
50 0 11 50 22 1.0
50 1 5 50 78 1.0
50 2 7 50 18 1.0
50 3 0 50 75 1.0
50 4 7 50 18 1.0
50 5 7 50 18 1.0
50 6 4 50 70 1.0
50 7 3 50 69 1.0
50 8 3 50 69 1.0
50 9 2 50 68 1.0
50 11 6 50 72 1.0
50 12 12 50 71 1.0
50 13 13 50 72 1.0
50 14 7 50 66 1.0
50 15 6 50 44 1.0
50 16 5 50 43 1.0
50 17 11 50 70 1.0
50 18 0 50 18 1.0
50 19 0 50 19 1.0
50 20 0 50 20 1.0
50 21 0 50 21 1.0
50 22 0 50 22 1.0
50 23 0 50 23 1.0
50 24 5 50 75 1.0
50 25 1 50 75 1.0
50 26 10 50 76 1.0
50 27 9 50 76 1.0
50 28 3 50 75 1.0
50 29 9 50 76 1.0
50 30 0 50 75 1.0
50 31 71 50 70 1.0
50 32 71 50 70 1.0
50 33 23 50 21 1.0
50 34 71 50 70 1.0
50 35 67 50 70 1.0
50 36 23 50 21 1.0
50 37 23 50 21 1.0
50 38 0 50 38 1.0
50 39 0 50 39 1.0
50 40 0 50 40 1.0
50 41 0 50 41 1.0
50 42 0 50 42 1.0
50 43 0 50 43 1.0
50 44 0 50 44 1.0
50 45 14 50 39 1.0
50 46 19 50 44 1.0
50 47 19 50 44 1.0
50 48 0 50 75 1.0
50 49 14 50 39 1.0
50 51 19 50 44 1.0
50 52 3 50 21 1.0
50 53 4 50 22 1.0
50 54 4 50 22 1.0
50 55 1 50 19 1.0
50 56 4 50 22 1.0
50 57 4 50 22 1.0
50 58 1 50 19 1.0
50 59 25 50 42 1.0
50 60 31 50 43 1.0
50 61 31 50 43 1.0
50 62 11 50 39 1.0
50 63 25 50 42 1.0
50 64 35 50 43 1.0
50 65 36 50 44 1.0
50 66 0 50 66 1.0
50 67 0 50 67 1.0
50 68 0 50 68 1.0
50 69 0 50 69 1.0
50 70 0 50 70 1.0
50 71 0 50 71 1.0
50 72 0 50 72 1.0
50 73 0 50 73 1.0
50 74 0 50 74 1.0
50 75 0 50 75 1.0
50 76 0 50 76 1.0
50 77 0 50 77 1.0
50 78 0 50 78 1.0
50 79 0 50 79 1.0
51 0 11 51 22 1.0
51 1 5 51 78 1.0
51 2 7 51 18 1.0
51 3 0 51 75 1.0
51 4 7 51 18 1.0
51 5 7 51 18 1.0
51 6 0 51 66 1.0
51 7 3 51 69 1.0
51 8 2 51 68 1.0
51 9 1 51 67 1.0
51 11 5 51 71 1.0
51 12 6 51 44 1.0
51 13 13 51 72 1.0
51 14 7 51 66 1.0
51 15 8 51 67 1.0
51 16 7 51 66 1.0
51 17 5 51 43 1.0
51 18 0 51 18 1.0
51 19 0 51 19 1.0
51 20 0 51 20 1.0
51 21 0 51 21 1.0
51 22 0 51 22 1.0
51 23 0 51 23 1.0
51 24 0 51 75 1.0
51 25 0 51 75 1.0
51 26 3 51 75 1.0
51 27 8 51 76 1.0
51 28 33 51 78 1.0
51 29 11 51 76 1.0
51 30 4 51 75 1.0
51 31 30 51 22 1.0
51 32 23 51 21 1.0
51 33 50 51 67 1.0
51 34 65 51 69 1.0
51 35 43 51 66 1.0
51 36 83 51 72 1.0
51 37 66 51 70 1.0
51 38 0 51 38 1.0
51 39 0 51 39 1.0
51 40 0 51 40 1.0
51 41 0 51 41 1.0
51 42 0 51 42 1.0
51 43 0 51 43 1.0
51 44 0 51 44 1.0
51 45 14 51 39 1.0
51 46 19 51 44 1.0
51 47 19 51 44 1.0
51 48 0 51 75 1.0
51 49 14 51 39 1.0
51 50 6 51 73 1.0
51 52 0 51 18 1.0
51 53 4 51 22 1.0
51 54 0 51 18 1.0
51 55 0 51 18 1.0
51 56 0 51 18 1.0
51 57 0 51 18 1.0
51 58 3 51 21 1.0
51 59 30 51 43 1.0
51 60 5 51 38 1.0
51 61 26 51 42 1.0
51 62 2 51 38 1.0
51 63 36 51 44 1.0
51 64 0 51 38 1.0
51 65 35 51 43 1.0
51 67 0 51 67 1.0
51 68 0 51 68 1.0
51 69 0 51 69 1.0
51 70 0 51 70 1.0
51 71 0 51 71 1.0
51 72 0 51 72 1.0
51 73 0 51 73 1.0
51 74 0 51 74 1.0
51 75 0 51 75 1.0
51 76 0 51 76 1.0
51 77 0 51 77 1.0
51 78 0 51 78 1.0
51 79 0 51 79 1.0
52 1 0 52 1 1.0
52 2 0 52 2 1.0
52 3 0 52 3 1.0
52 8 5 52 36 1.0
52 9 3 52 34 1.0
52 10 5 52 36 1.0
52 11 3 52 34 1.0
52 12 14 52 27 1.0
52 14 113 52 35 1.0
52 15 113 52 35 1.0
52 18 0 52 18 1.0
52 21 0 52 21 1.0
52 22 0 52 22 1.0
52 23 0 52 23 1.0
52 25 0 52 25 1.0
52 26 0 52 26 1.0
52 27 0 52 27 1.0
52 28 0 52 28 1.0
52 31 0 52 31 1.0
52 32 0 52 32 1.0
52 35 0 52 35 1.0
52 39 113 52 4 1.0
52 40 123 52 5 1.0
52 41 0 52 0 1.0
52 43 113 52 4 1.0
52 44 113 52 4 1.0
52 45 2 52 20 1.0
52 46 2 52 20 1.0
52 47 2 52 20 1.0
52 48 4 52 22 1.0
52 50 5 52 23 1.0
52 51 4 52 22 1.0
52 53 4 52 30 1.0
52 54 2 52 0 1.0
52 55 4 52 30 1.0
52 56 4 52 30 1.0
52 57 4 52 30 1.0
52 58 4 52 30 1.0
52 59 11 52 35 1.0
52 61 11 52 35 1.0
52 62 12 52 36 1.0
52 63 13 52 37 1.0
52 64 13 52 37 1.0
52 65 13 52 37 1.0
52 66 71 52 35 1.0
52 67 83 52 37 1.0
52 68 17 52 20 1.0
52 69 74 52 36 1.0
52 71 71 52 35 1.0
52 72 71 52 35 1.0
52 74 1 52 18 1.0
52 75 5 52 22 1.0
52 77 6 52 23 1.0
52 78 7 52 1 1.0
52 79 7 52 1 1.0
53 0 0 53 0 1.0
53 1 0 53 1 1.0
53 2 0 53 2 1.0
53 3 0 53 3 1.0
53 4 0 53 4 1.0
53 5 0 53 5 1.0
53 6 1 53 32 1.0
53 7 0 53 31 1.0
53 8 5 53 36 1.0
53 9 0 53 31 1.0
53 10 2 53 33 1.0
53 11 4 53 35 1.0
53 12 16 53 27 1.0
53 13 113 53 35 1.0
53 14 113 53 35 1.0
53 15 37 53 28 1.0
53 16 37 53 28 1.0
53 17 14 53 27 1.0
53 18 0 53 18 1.0
53 19 0 53 19 1.0
53 20 0 53 20 1.0
53 21 0 53 21 1.0
53 22 0 53 22 1.0
53 23 0 53 23 1.0
53 24 0 53 24 1.0
53 25 0 53 25 1.0
53 26 0 53 26 1.0
53 27 0 53 27 1.0
53 28 0 53 28 1.0
53 29 0 53 29 1.0
53 30 0 53 30 1.0
53 31 0 53 31 1.0
53 32 0 53 32 1.0
53 33 0 53 33 1.0
53 34 0 53 34 1.0
53 35 0 53 35 1.0
53 36 0 53 36 1.0
53 37 0 53 37 1.0
53 38 112 53 4 1.0
53 39 111 53 3 1.0
53 40 1 53 0 1.0
53 41 120 53 5 1.0
53 42 91 53 1 1.0
53 43 112 53 4 1.0
53 44 98 53 2 1.0
53 45 1 53 19 1.0
53 46 0 53 18 1.0
53 47 5 53 23 1.0
53 48 3 53 21 1.0
53 49 5 53 23 1.0
53 50 3 53 21 1.0
53 51 4 53 22 1.0
53 52 2 53 0 1.0
53 54 7 53 26 1.0
53 55 4 53 30 1.0
53 56 7 53 26 1.0
53 57 7 53 26 1.0
53 58 2 53 0 1.0
53 59 0 53 24 1.0
53 60 7 53 31 1.0
53 61 4 53 29 1.0
53 62 9 53 33 1.0
53 63 12 53 36 1.0
53 64 12 53 36 1.0
53 65 12 53 36 1.0
53 67 4 53 18 1.0
53 68 31 53 22 1.0
53 69 16 53 20 1.0
53 70 58 53 33 1.0
53 71 25 53 21 1.0
53 72 25 53 21 1.0
53 73 7 53 1 1.0
53 74 2 53 19 1.0
53 75 0 53 0 1.0
53 76 0 53 0 1.0
53 77 5 53 22 1.0
53 78 8 53 2 1.0
53 79 10 53 4 1.0
54 0 0 54 0 1.0
54 1 0 54 1 1.0
54 2 0 54 2 1.0
54 3 0 54 3 1.0
54 4 0 54 4 1.0
54 5 0 54 5 1.0
54 6 2 54 33 1.0
54 7 5 54 36 1.0
54 8 1 54 32 1.0
54 9 3 54 34 1.0
54 10 4 54 35 1.0
54 11 6 54 37 1.0
54 12 42 54 26 1.0
54 13 111 54 35 1.0
54 14 113 54 35 1.0
54 15 113 54 35 1.0
54 16 16 54 27 1.0
54 17 113 54 35 1.0
54 18 0 54 18 1.0
54 19 0 54 19 1.0
54 20 0 54 20 1.0
54 21 0 54 21 1.0
54 22 0 54 22 1.0
54 23 0 54 23 1.0
54 24 0 54 24 1.0
54 25 0 54 25 1.0
54 26 0 54 26 1.0
54 27 0 54 27 1.0
54 28 0 54 28 1.0
54 29 0 54 29 1.0
54 30 0 54 30 1.0
54 31 0 54 31 1.0
54 32 0 54 32 1.0
54 33 0 54 33 1.0
54 34 0 54 34 1.0
54 35 0 54 35 1.0
54 36 0 54 36 1.0
54 37 0 54 37 1.0
54 38 99 54 2 1.0
54 39 99 54 2 1.0
54 40 1 54 0 1.0
54 41 1 54 0 1.0
54 42 106 54 3 1.0
54 43 119 54 5 1.0
54 44 113 54 4 1.0
54 45 1 54 19 1.0
54 46 1 54 19 1.0
54 47 0 54 18 1.0
54 48 0 54 18 1.0
54 49 1 54 19 1.0
54 50 4 54 22 1.0
54 51 0 54 18 1.0
54 52 2 54 0 1.0
54 53 14 54 1 1.0
54 55 4 54 30 1.0
54 56 7 54 26 1.0
54 57 7 54 26 1.0
54 58 2 54 0 1.0
54 59 5 54 28 1.0
54 60 0 54 24 1.0
54 61 0 54 24 1.0
54 62 3 54 30 1.0
54 63 12 54 36 1.0
54 64 7 54 31 1.0
54 65 12 54 36 1.0
54 66 18 54 20 1.0
54 67 4 54 18 1.0
54 68 71 54 35 1.0
54 69 32 54 22 1.0
54 70 53 54 32 1.0
54 71 18 54 20 1.0
54 72 77 54 36 1.0
54 73 4 54 21 1.0
54 74 7 54 1 1.0
54 75 2 54 19 1.0
54 76 10 54 4 1.0
54 77 7 54 1 1.0
54 78 5 54 22 1.0
54 79 5 54 22 1.0
55 0 0 55 0 1.0
55 1 0 55 1 1.0
55 2 0 55 2 1.0
55 4 0 55 4 1.0
55 5 0 55 5 1.0
55 7 4 55 35 1.0
55 8 6 55 37 1.0
55 9 0 55 31 1.0
55 10 2 55 33 1.0
55 11 4 55 35 1.0
55 12 15 55 27 1.0
55 13 112 55 35 1.0
55 14 113 55 35 1.0
55 15 113 55 35 1.0
55 16 28 55 29 1.0
55 17 21 55 30 1.0
55 18 0 55 18 1.0
55 19 0 55 19 1.0
55 20 0 55 20 1.0
55 21 0 55 21 1.0
55 22 0 55 22 1.0
55 23 0 55 23 1.0
55 24 0 55 24 1.0
55 25 0 55 25 1.0
55 26 0 55 26 1.0
55 27 0 55 27 1.0
55 28 0 55 28 1.0
55 29 0 55 29 1.0
55 31 0 55 31 1.0
55 32 0 55 32 1.0
55 33 0 55 33 1.0
55 34 0 55 34 1.0
55 35 0 55 35 1.0
55 36 0 55 36 1.0
55 37 0 55 37 1.0
55 38 105 55 3 1.0
55 39 105 55 3 1.0
55 40 119 55 5 1.0
55 41 106 55 3 1.0
55 42 106 55 3 1.0
55 43 120 55 5 1.0
55 44 106 55 3 1.0
55 45 3 55 21 1.0
55 46 3 55 21 1.0
55 47 0 55 18 1.0
55 48 0 55 18 1.0
55 49 1 55 19 1.0
55 50 4 55 22 1.0
55 51 0 55 18 1.0
55 52 4 55 30 1.0
55 53 4 55 30 1.0
55 54 4 55 30 1.0
55 56 4 55 30 1.0
55 57 4 55 30 1.0
55 58 4 55 30 1.0
55 59 11 55 35 1.0
55 60 3 55 30 1.0
55 61 11 55 35 1.0
55 62 7 55 31 1.0
55 63 3 55 30 1.0
55 64 3 55 30 1.0
55 65 3 55 30 1.0
55 66 32 55 22 1.0
55 67 71 55 35 1.0
55 68 71 55 35 1.0
55 69 31 55 22 1.0
55 70 59 55 33 1.0
55 72 77 55 36 1.0
55 73 1 55 18 1.0
55 74 1 55 18 1.0
55 75 1 55 18 1.0
55 76 9 55 3 1.0
55 77 9 55 3 1.0
55 78 9 55 3 1.0
55 79 9 55 3 1.0
56 0 0 56 0 1.0
56 1 0 56 1 1.0
56 2 0 56 2 1.0
56 3 0 56 3 1.0
56 4 0 56 4 1.0
56 5 0 56 5 1.0
56 6 6 56 37 1.0
56 7 0 56 31 1.0
56 8 5 56 36 1.0
56 9 0 56 31 1.0
56 10 2 56 33 1.0
56 11 6 56 37 1.0
56 12 113 56 35 1.0
56 13 113 56 35 1.0
56 14 113 56 35 1.0
56 15 113 56 35 1.0
56 16 44 56 26 1.0
56 17 29 56 29 1.0
56 18 0 56 18 1.0
56 19 0 56 19 1.0
56 20 0 56 20 1.0
56 21 0 56 21 1.0
56 22 0 56 22 1.0
56 23 0 56 23 1.0
56 24 0 56 24 1.0
56 25 0 56 25 1.0
56 26 0 56 26 1.0
56 27 0 56 27 1.0
56 28 0 56 28 1.0
56 29 0 56 29 1.0
56 31 0 56 31 1.0
56 32 0 56 32 1.0
56 33 0 56 33 1.0
56 34 0 56 34 1.0
56 35 0 56 35 1.0
56 36 0 56 36 1.0
56 37 0 56 37 1.0
56 38 91 56 1 1.0
56 39 105 56 3 1.0
56 40 1 56 0 1.0
56 41 119 56 5 1.0
56 42 106 56 3 1.0
56 43 121 56 5 1.0
56 44 112 56 4 1.0
56 45 5 56 23 1.0
56 46 0 56 18 1.0
56 47 3 56 21 1.0
56 48 3 56 21 1.0
56 49 3 56 21 1.0
56 50 1 56 19 1.0
56 51 4 56 22 1.0
56 52 4 56 30 1.0
56 53 4 56 30 1.0
56 54 4 56 30 1.0
56 55 4 56 30 1.0
56 57 4 56 30 1.0
56 58 4 56 30 1.0
56 59 3 56 30 1.0
56 60 4 56 29 1.0
56 61 5 56 28 1.0
56 62 9 56 33 1.0
56 63 6 56 26 1.0
56 64 3 56 30 1.0
56 65 3 56 30 1.0
56 67 71 56 35 1.0
56 68 32 56 22 1.0
56 69 11 56 19 1.0
56 70 78 56 37 1.0
56 71 71 56 35 1.0
56 72 78 56 37 1.0
56 73 11 56 5 1.0
56 74 9 56 3 1.0
56 75 3 56 20 1.0
56 76 11 56 5 1.0
56 77 0 56 0 1.0
56 78 8 56 2 1.0
56 79 7 56 1 1.0
57 0 0 57 0 1.0
57 1 0 57 1 1.0
57 2 0 57 2 1.0
57 3 0 57 3 1.0
57 4 0 57 4 1.0
57 5 0 57 5 1.0
57 6 5 57 36 1.0
57 7 2 57 33 1.0
57 8 5 57 36 1.0
57 9 1 57 32 1.0
57 10 3 57 34 1.0
57 11 4 57 35 1.0
57 12 44 57 26 1.0
57 13 113 57 35 1.0
57 14 113 57 35 1.0
57 15 28 57 29 1.0
57 16 113 57 35 1.0
57 17 35 57 28 1.0
57 18 0 57 18 1.0
57 19 0 57 19 1.0
57 20 0 57 20 1.0
57 21 0 57 21 1.0
57 22 0 57 22 1.0
57 23 0 57 23 1.0
57 24 0 57 24 1.0
57 25 0 57 25 1.0
57 26 0 57 26 1.0
57 27 0 57 27 1.0
57 28 0 57 28 1.0
57 29 0 57 29 1.0
57 30 0 57 30 1.0
57 31 0 57 31 1.0
57 32 0 57 32 1.0
57 33 0 57 33 1.0
57 34 0 57 34 1.0
57 35 0 57 35 1.0
57 36 0 57 36 1.0
57 37 0 57 37 1.0
57 38 105 57 3 1.0
57 39 118 57 4 1.0
57 40 106 57 3 1.0
57 41 106 57 3 1.0
57 42 91 57 1 1.0
57 43 1 57 0 1.0
57 44 105 57 3 1.0
57 45 2 57 20 1.0
57 46 0 57 18 1.0
57 47 3 57 21 1.0
57 48 0 57 18 1.0
57 49 5 57 23 1.0
57 50 3 57 21 1.0
57 51 4 57 22 1.0
57 52 2 57 0 1.0
57 53 7 57 26 1.0
57 54 7 57 26 1.0
57 55 4 57 30 1.0
57 56 7 57 26 1.0
57 58 2 57 0 1.0
57 59 0 57 24 1.0
57 60 4 57 29 1.0
57 61 7 57 31 1.0
57 62 9 57 33 1.0
57 63 12 57 36 1.0
57 64 12 57 36 1.0
57 65 12 57 36 1.0
57 66 71 57 35 1.0
57 67 71 57 35 1.0
57 68 71 57 35 1.0
57 69 10 57 19 1.0
57 70 16 57 20 1.0
57 71 17 57 20 1.0
57 72 10 57 19 1.0
57 73 8 57 2 1.0
57 74 7 57 1 1.0
57 75 2 57 19 1.0
57 76 3 57 20 1.0
57 77 11 57 5 1.0
57 78 7 57 1 1.0
57 79 7 57 1 1.0
58 0 0 58 0 1.0
58 1 0 58 1 1.0
58 2 0 58 2 1.0
58 3 0 58 3 1.0
58 4 0 58 4 1.0
58 5 0 58 5 1.0
58 6 6 58 37 1.0
58 7 4 58 35 1.0
58 8 4 58 35 1.0
58 9 6 58 37 1.0
58 10 3 58 34 1.0
58 11 0 58 31 1.0
58 12 36 58 28 1.0
58 13 113 58 35 1.0
58 14 0 58 24 1.0
58 15 0 58 24 1.0
58 16 113 58 35 1.0
58 17 36 58 28 1.0
58 18 0 58 18 1.0
58 19 0 58 19 1.0
58 20 0 58 20 1.0
58 21 0 58 21 1.0
58 22 0 58 22 1.0
58 23 0 58 23 1.0
58 24 0 58 24 1.0
58 25 0 58 25 1.0
58 26 0 58 26 1.0
58 27 0 58 27 1.0
58 28 0 58 28 1.0
58 29 0 58 29 1.0
58 30 0 58 30 1.0
58 31 0 58 31 1.0
58 32 0 58 32 1.0
58 33 0 58 33 1.0
58 34 0 58 34 1.0
58 35 0 58 35 1.0
58 36 0 58 36 1.0
58 37 0 58 37 1.0
58 38 106 58 3 1.0
58 39 120 58 5 1.0
58 40 115 58 4 1.0
58 41 120 58 5 1.0
58 42 113 58 4 1.0
58 43 106 58 3 1.0
58 44 120 58 5 1.0
58 45 3 58 21 1.0
58 46 3 58 21 1.0
58 47 0 58 18 1.0
58 48 2 58 20 1.0
58 49 2 58 20 1.0
58 50 4 58 22 1.0
58 51 5 58 23 1.0
58 52 2 58 0 1.0
58 53 17 58 4 1.0
58 54 17 58 4 1.0
58 55 4 58 30 1.0
58 56 17 58 4 1.0
58 57 17 58 4 1.0
58 59 5 58 28 1.0
58 60 11 58 35 1.0
58 61 11 58 35 1.0
58 62 7 58 31 1.0
58 63 12 58 36 1.0
58 64 13 58 37 1.0
58 65 11 58 35 1.0
58 66 32 58 22 1.0
58 67 38 58 23 1.0
58 68 39 58 23 1.0
58 69 10 58 19 1.0
58 70 4 58 18 1.0
58 72 32 58 22 1.0
58 73 5 58 22 1.0
58 74 5 58 22 1.0
58 75 11 58 5 1.0
58 76 1 58 18 1.0
58 77 3 58 20 1.0
58 78 7 58 1 1.0
58 79 8 58 2 1.0
59 1 3 59 30 1.0
59 2 0 59 24 1.0
59 7 0 59 7 1.0
59 9 0 59 9 1.0
59 13 0 59 13 1.0
59 14 0 59 14 1.0
59 15 0 59 15 1.0
59 16 0 59 16 1.0
59 18 114 59 34 1.0
59 19 118 59 34 1.0
59 21 121 59 35 1.0
59 23 121 59 35 1.0
59 25 0 59 25 1.0
59 26 0 59 26 1.0
59 27 0 59 27 1.0
59 28 0 59 28 1.0
59 29 0 59 29 1.0
59 32 0 59 32 1.0
59 33 0 59 33 1.0
59 34 0 59 34 1.0
59 35 0 59 35 1.0
59 37 0 59 37 1.0
59 38 2 59 13 1.0
59 39 2 59 13 1.0
59 40 3 59 14 1.0
59 41 0 59 16 1.0
59 43 2 59 13 1.0
59 44 2 59 13 1.0
59 45 98 59 8 1.0
59 46 95 59 7 1.0
59 47 95 59 7 1.0
59 48 98 59 8 1.0
59 50 101 59 8 1.0
59 51 87 59 6 1.0
59 52 12 59 36 1.0
59 53 0 59 24 1.0
59 54 3 59 30 1.0
59 55 3 59 30 1.0
59 56 11 59 35 1.0
59 57 0 59 24 1.0
59 58 12 59 36 1.0
59 60 8 59 31 1.0
59 61 8 59 31 1.0
59 62 25 59 11 1.0
59 63 8 59 31 1.0
59 64 8 59 31 1.0
59 65 8 59 31 1.0
59 66 10 59 10 1.0
59 67 11 59 11 1.0
59 68 9 59 9 1.0
59 69 1 59 12 1.0
59 71 2 59 13 1.0
59 75 47 59 16 1.0
59 77 33 59 28 1.0
59 78 54 59 12 1.0
59 79 62 59 13 1.0
60 1 4 60 29 1.0
60 2 4 60 29 1.0
60 4 4 60 29 1.0
60 6 0 60 6 1.0
60 7 0 60 7 1.0
60 8 0 60 8 1.0
60 9 0 60 9 1.0
60 10 0 60 10 1.0
60 11 0 60 11 1.0
60 12 0 60 12 1.0
60 14 0 60 14 1.0
60 15 0 60 15 1.0
60 17 0 60 17 1.0
60 20 128 60 36 1.0
60 21 128 60 36 1.0
60 22 107 60 33 1.0
60 25 0 60 25 1.0
60 26 0 60 26 1.0
60 27 0 60 27 1.0
60 28 0 60 28 1.0
60 33 0 60 33 1.0
60 36 0 60 36 1.0
60 37 0 60 37 1.0
60 38 2 60 13 1.0
60 39 2 60 13 1.0
60 40 4 60 15 1.0
60 41 1 60 12 1.0
60 42 0 60 16 1.0
60 44 2 60 13 1.0
60 45 91 60 7 1.0
60 46 95 60 7 1.0
60 47 95 60 7 1.0
60 48 97 60 7 1.0
60 50 115 60 10 1.0
60 51 98 60 8 1.0
60 53 10 60 34 1.0
60 54 11 60 35 1.0
60 55 11 60 35 1.0
60 56 8 60 32 1.0
60 57 10 60 34 1.0
60 58 4 60 29 1.0
60 59 8 60 31 1.0
60 61 8 60 31 1.0
60 62 8 60 31 1.0
60 63 8 60 31 1.0
60 64 8 60 31 1.0
60 65 8 60 31 1.0
60 66 6 60 6 1.0
60 67 6 60 6 1.0
60 68 6 60 6 1.0
60 69 7 60 7 1.0
60 74 58 60 13 1.0
60 75 56 60 13 1.0
60 77 27 60 29 1.0
60 78 33 60 28 1.0
60 79 59 60 13 1.0
61 1 4 61 29 1.0
61 2 4 61 29 1.0
61 3 4 61 29 1.0
61 7 0 61 7 1.0
61 8 0 61 8 1.0
61 9 0 61 9 1.0
61 10 0 61 10 1.0
61 11 0 61 11 1.0
61 14 0 61 14 1.0
61 15 0 61 15 1.0
61 16 0 61 16 1.0
61 17 0 61 17 1.0
61 18 121 61 35 1.0
61 19 132 61 36 1.0
61 21 121 61 35 1.0
61 22 121 61 35 1.0
61 25 0 61 25 1.0
61 26 0 61 26 1.0
61 27 0 61 27 1.0
61 33 0 61 33 1.0
61 35 0 61 35 1.0
61 36 0 61 36 1.0
61 37 0 61 37 1.0
61 38 2 61 13 1.0
61 39 2 61 13 1.0
61 40 3 61 14 1.0
61 41 5 61 17 1.0
61 43 2 61 13 1.0
61 45 91 61 7 1.0
61 46 88 61 6 1.0
61 47 88 61 6 1.0
61 48 111 61 9 1.0
61 50 85 61 6 1.0
61 51 125 61 11 1.0
61 53 4 61 29 1.0
61 54 10 61 34 1.0
61 55 5 61 28 1.0
61 56 8 61 32 1.0
61 57 4 61 29 1.0
61 58 5 61 28 1.0
61 62 8 61 31 1.0
61 63 8 61 31 1.0
61 64 8 61 31 1.0
61 65 8 61 31 1.0
61 66 2 61 13 1.0
61 67 11 61 11 1.0
61 68 0 61 16 1.0
61 69 7 61 7 1.0
61 72 6 61 6 1.0
61 73 58 61 13 1.0
61 74 58 61 13 1.0
61 75 56 61 13 1.0
61 77 54 61 12 1.0
61 78 59 61 13 1.0
61 79 30 61 28 1.0
62 2 3 62 30 1.0
62 3 5 62 28 1.0
62 4 2 62 27 1.0
62 6 0 62 6 1.0
62 7 0 62 7 1.0
62 8 0 62 8 1.0
62 9 0 62 9 1.0
62 10 0 62 10 1.0
62 11 0 62 11 1.0
62 12 0 62 12 1.0
62 13 0 62 13 1.0
62 14 0 62 14 1.0
62 15 0 62 15 1.0
62 16 0 62 16 1.0
62 17 0 62 17 1.0
62 18 121 62 35 1.0
62 19 97 62 31 1.0
62 20 97 62 31 1.0
62 21 93 62 31 1.0
62 22 93 62 31 1.0
62 23 107 62 33 1.0
62 25 0 62 25 1.0
62 26 0 62 26 1.0
62 27 0 62 27 1.0
62 28 0 62 28 1.0
62 29 0 62 29 1.0
62 30 0 62 30 1.0
62 31 0 62 31 1.0
62 32 0 62 32 1.0
62 33 0 62 33 1.0
62 34 0 62 34 1.0
62 35 0 62 35 1.0
62 36 0 62 36 1.0
62 37 0 62 37 1.0
62 38 2 62 13 1.0
62 39 2 62 13 1.0
62 40 3 62 14 1.0
62 41 0 62 16 1.0
62 42 0 62 16 1.0
62 43 2 62 13 1.0
62 44 1 62 12 1.0
62 45 91 62 7 1.0
62 46 95 62 7 1.0
62 47 95 62 7 1.0
62 48 97 62 7 1.0
62 49 97 62 7 1.0
62 50 115 62 10 1.0
62 51 85 62 6 1.0
62 52 7 62 31 1.0
62 53 5 62 28 1.0
62 54 7 62 31 1.0
62 55 7 62 31 1.0
62 56 5 62 28 1.0
62 57 5 62 28 1.0
62 58 7 62 31 1.0
62 59 12 62 35 1.0
62 60 12 62 35 1.0
62 61 12 62 35 1.0
62 63 8 62 31 1.0
62 64 8 62 31 1.0
62 65 8 62 31 1.0
62 66 7 62 7 1.0
62 67 8 62 8 1.0
62 68 8 62 8 1.0
62 69 9 62 9 1.0
62 70 11 62 11 1.0
62 72 5 62 17 1.0
62 73 47 62 16 1.0
62 74 43 62 16 1.0
62 75 47 62 16 1.0
62 76 43 62 16 1.0
62 77 2 62 24 1.0
62 78 1 62 24 1.0
62 79 42 62 16 1.0
63 0 4 63 29 1.0
63 1 5 63 28 1.0
63 2 4 63 29 1.0
63 3 6 63 26 1.0
63 4 0 63 24 1.0
63 5 4 63 29 1.0
63 6 0 63 6 1.0
63 7 0 63 7 1.0
63 8 0 63 8 1.0
63 9 0 63 9 1.0
63 10 0 63 10 1.0
63 11 0 63 11 1.0
63 12 0 63 12 1.0
63 14 0 63 14 1.0
63 15 0 63 15 1.0
63 16 0 63 16 1.0
63 17 0 63 17 1.0
63 18 122 63 35 1.0
63 19 93 63 31 1.0
63 20 135 63 37 1.0
63 21 91 63 31 1.0
63 22 139 63 37 1.0
63 23 119 63 35 1.0
63 24 0 63 24 1.0
63 25 0 63 25 1.0
63 26 0 63 26 1.0
63 27 0 63 27 1.0
63 28 0 63 28 1.0
63 29 0 63 29 1.0
63 30 0 63 30 1.0
63 31 0 63 31 1.0
63 32 0 63 32 1.0
63 33 0 63 33 1.0
63 34 0 63 34 1.0
63 35 0 63 35 1.0
63 36 0 63 36 1.0
63 37 0 63 37 1.0
63 38 3 63 14 1.0
63 39 3 63 14 1.0
63 40 5 63 17 1.0
63 41 0 63 16 1.0
63 42 3 63 14 1.0
63 43 3 63 14 1.0
63 44 1 63 12 1.0
63 45 124 63 11 1.0
63 46 118 63 10 1.0
63 47 84 63 6 1.0
63 48 125 63 11 1.0
63 49 110 63 9 1.0
63 50 117 63 10 1.0
63 51 84 63 6 1.0
63 52 10 63 34 1.0
63 53 0 63 24 1.0
63 54 1 63 25 1.0
63 55 3 63 30 1.0
63 56 6 63 26 1.0
63 57 6 63 26 1.0
63 58 6 63 26 1.0
63 59 25 63 11 1.0
63 60 8 63 31 1.0
63 61 8 63 31 1.0
63 62 8 63 31 1.0
63 64 21 63 7 1.0
63 65 24 63 10 1.0
63 66 7 63 7 1.0
63 67 8 63 8 1.0
63 68 3 63 14 1.0
63 69 9 63 9 1.0
63 70 7 63 7 1.0
63 71 2 63 13 1.0
63 72 7 63 7 1.0
63 73 58 63 13 1.0
63 74 83 63 17 1.0
63 75 27 63 29 1.0
63 76 81 63 17 1.0
63 77 16 63 27 1.0
63 78 58 63 13 1.0
63 79 58 63 13 1.0
64 0 0 64 24 1.0
64 1 6 64 26 1.0
64 2 6 64 26 1.0
64 3 5 64 28 1.0
64 4 4 64 29 1.0
64 5 6 64 26 1.0
64 6 0 64 6 1.0
64 7 0 64 7 1.0
64 8 0 64 8 1.0
64 9 0 64 9 1.0
64 10 0 64 10 1.0
64 11 0 64 11 1.0
64 12 0 64 12 1.0
64 13 0 64 13 1.0
64 14 0 64 14 1.0
64 15 0 64 15 1.0
64 16 0 64 16 1.0
64 17 0 64 17 1.0
64 18 111 64 33 1.0
64 19 135 64 37 1.0
64 20 126 64 36 1.0
64 21 119 64 35 1.0
64 22 129 64 36 1.0
64 23 112 64 34 1.0
64 24 0 64 24 1.0
64 25 0 64 25 1.0
64 26 0 64 26 1.0
64 27 0 64 27 1.0
64 28 0 64 28 1.0
64 29 0 64 29 1.0
64 30 0 64 30 1.0
64 31 0 64 31 1.0
64 32 0 64 32 1.0
64 33 0 64 33 1.0
64 34 0 64 34 1.0
64 35 0 64 35 1.0
64 36 0 64 36 1.0
64 37 0 64 37 1.0
64 38 4 64 15 1.0
64 39 3 64 14 1.0
64 40 1 64 12 1.0
64 41 3 64 14 1.0
64 42 3 64 14 1.0
64 43 3 64 14 1.0
64 44 0 64 16 1.0
64 45 122 64 11 1.0
64 46 103 64 8 1.0
64 47 104 64 8 1.0
64 48 98 64 8 1.0
64 49 117 64 10 1.0
64 50 112 64 10 1.0
64 51 84 64 6 1.0
64 52 5 64 28 1.0
64 53 3 64 30 1.0
64 54 1 64 25 1.0
64 56 6 64 26 1.0
64 57 6 64 26 1.0
64 58 1 64 25 1.0
64 59 25 64 11 1.0
64 60 8 64 31 1.0
64 61 8 64 31 1.0
64 62 8 64 31 1.0
64 63 24 64 10 1.0
64 65 25 64 11 1.0
64 67 10 64 10 1.0
64 68 3 64 14 1.0
64 69 9 64 9 1.0
64 70 3 64 14 1.0
64 71 3 64 14 1.0
64 72 4 64 15 1.0
64 73 35 64 28 1.0
64 74 50 64 12 1.0
64 75 57 64 13 1.0
64 76 27 64 29 1.0
64 77 61 64 13 1.0
64 78 57 64 13 1.0
64 79 57 64 13 1.0
65 0 4 65 29 1.0
65 1 4 65 29 1.0
65 2 2 65 27 1.0
65 3 2 65 27 1.0
65 4 5 65 28 1.0
65 5 6 65 26 1.0
65 6 0 65 6 1.0
65 7 0 65 7 1.0
65 8 0 65 8 1.0
65 9 0 65 9 1.0
65 10 0 65 10 1.0
65 11 0 65 11 1.0
65 12 0 65 12 1.0
65 13 0 65 13 1.0
65 14 0 65 14 1.0
65 15 0 65 15 1.0
65 16 0 65 16 1.0
65 17 0 65 17 1.0
65 18 118 65 34 1.0
65 19 139 65 37 1.0
65 20 111 65 33 1.0
65 21 93 65 31 1.0
65 22 118 65 34 1.0
65 23 93 65 31 1.0
65 24 0 65 24 1.0
65 25 0 65 25 1.0
65 26 0 65 26 1.0
65 27 0 65 27 1.0
65 28 0 65 28 1.0
65 29 0 65 29 1.0
65 30 0 65 30 1.0
65 31 0 65 31 1.0
65 32 0 65 32 1.0
65 33 0 65 33 1.0
65 34 0 65 34 1.0
65 35 0 65 35 1.0
65 36 0 65 36 1.0
65 37 0 65 37 1.0
65 38 1 65 12 1.0
65 39 1 65 12 1.0
65 40 0 65 16 1.0
65 41 1 65 12 1.0
65 42 3 65 14 1.0
65 43 3 65 14 1.0
65 44 3 65 14 1.0
65 45 119 65 11 1.0
65 46 123 65 11 1.0
65 47 104 65 8 1.0
65 48 103 65 8 1.0
65 49 96 65 7 1.0
65 50 103 65 8 1.0
65 51 123 65 11 1.0
65 52 8 65 32 1.0
65 53 5 65 28 1.0
65 54 1 65 25 1.0
65 55 3 65 30 1.0
65 56 5 65 28 1.0
65 57 6 65 26 1.0
65 58 1 65 25 1.0
65 59 25 65 11 1.0
65 60 8 65 31 1.0
65 61 8 65 31 1.0
65 62 8 65 31 1.0
65 63 25 65 11 1.0
65 64 8 65 31 1.0
65 66 7 65 7 1.0
65 67 8 65 8 1.0
65 68 3 65 14 1.0
65 69 9 65 9 1.0
65 70 8 65 8 1.0
65 71 0 65 16 1.0
65 72 10 65 10 1.0
65 73 57 65 13 1.0
65 74 77 65 17 1.0
65 75 55 65 12 1.0
65 76 27 65 29 1.0
65 77 61 65 13 1.0
65 78 61 65 13 1.0
65 79 81 65 17 1.0
66 0 0 66 38 1.0
66 1 36 66 43 1.0
66 2 7 66 39 1.0
66 3 14 66 40 1.0
66 4 14 66 40 1.0
66 5 14 66 40 1.0
66 6 0 66 6 1.0
66 7 0 66 7 1.0
66 8 0 66 8 1.0
66 10 0 66 10 1.0
66 11 0 66 11 1.0
66 12 0 66 12 1.0
66 13 0 66 13 1.0
66 14 0 66 14 1.0
66 15 0 66 15 1.0
66 16 0 66 16 1.0
66 17 0 66 17 1.0
66 18 4 66 49 1.0
66 19 4 66 49 1.0
66 20 4 66 49 1.0
66 21 3 66 48 1.0
66 22 2 66 47 1.0
66 23 4 66 49 1.0
66 24 21 66 14 1.0
66 25 14 66 13 1.0
66 27 14 66 13 1.0
66 28 14 66 13 1.0
66 29 22 66 14 1.0
66 30 21 66 14 1.0
66 32 2 66 8 1.0
66 33 2 66 8 1.0
66 34 5 66 11 1.0
66 35 1 66 7 1.0
66 36 2 66 8 1.0
66 37 3 66 9 1.0
66 38 0 66 38 1.0
66 39 0 66 39 1.0
66 40 0 66 40 1.0
66 41 0 66 41 1.0
66 42 0 66 42 1.0
66 43 0 66 43 1.0
66 44 0 66 44 1.0
66 45 0 66 45 1.0
66 46 0 66 46 1.0
66 47 0 66 47 1.0
66 48 0 66 48 1.0
66 49 0 66 49 1.0
66 50 0 66 50 1.0
66 51 0 66 51 1.0
66 52 24 66 49 1.0
66 53 25 66 49 1.0
66 54 19 66 48 1.0
66 55 24 66 49 1.0
66 56 24 66 49 1.0
66 57 24 66 49 1.0
66 58 24 66 49 1.0
66 59 2 66 13 1.0
66 60 2 66 13 1.0
66 61 6 66 6 1.0
66 62 2 66 13 1.0
66 63 2 66 13 1.0
66 65 9 66 9 1.0
66 67 7 66 44 1.0
66 69 16 66 13 1.0
66 70 0 66 16 1.0
66 71 0 66 16 1.0
66 72 0 66 16 1.0
66 73 11 66 49 1.0
66 74 11 66 49 1.0
66 75 11 66 49 1.0
66 76 1 66 39 1.0
66 77 5 66 43 1.0
67 0 43 67 44 1.0
67 1 29 67 42 1.0
67 2 36 67 43 1.0
67 3 13 67 39 1.0
67 4 6 67 38 1.0
67 5 13 67 39 1.0
67 6 0 67 6 1.0
67 7 0 67 7 1.0
67 8 0 67 8 1.0
67 9 0 67 9 1.0
67 10 0 67 10 1.0
67 11 0 67 11 1.0
67 12 0 67 12 1.0
67 13 0 67 13 1.0
67 14 0 67 14 1.0
67 15 0 67 15 1.0
67 16 0 67 16 1.0
67 17 0 67 17 1.0
67 18 6 67 51 1.0
67 19 6 67 51 1.0
67 20 2 67 47 1.0
67 21 2 67 47 1.0
67 22 6 67 51 1.0
67 23 6 67 51 1.0
67 24 27 67 14 1.0
67 25 1 67 16 1.0
67 26 15 67 13 1.0
67 27 16 67 13 1.0
67 28 37 67 17 1.0
67 29 2 67 16 1.0
67 30 23 67 14 1.0
67 31 0 67 6 1.0
67 32 3 67 9 1.0
67 33 3 67 9 1.0
67 34 2 67 8 1.0
67 35 5 67 11 1.0
67 36 0 67 6 1.0
67 37 4 67 10 1.0
67 38 0 67 38 1.0
67 39 0 67 39 1.0
67 40 0 67 40 1.0
67 41 0 67 41 1.0
67 42 0 67 42 1.0
67 43 0 67 43 1.0
67 44 0 67 44 1.0
67 45 0 67 45 1.0
67 46 0 67 46 1.0
67 47 0 67 47 1.0
67 48 0 67 48 1.0
67 49 0 67 49 1.0
67 50 0 67 50 1.0
67 51 0 67 51 1.0
67 52 17 67 47 1.0
67 53 19 67 48 1.0
67 54 24 67 49 1.0
67 55 24 67 49 1.0
67 56 24 67 49 1.0
67 57 24 67 49 1.0
67 58 69 67 9 1.0
67 59 3 67 14 1.0
67 60 1 67 12 1.0
67 61 1 67 12 1.0
67 62 1 67 12 1.0
67 63 5 67 17 1.0
67 64 3 67 14 1.0
67 65 10 67 10 1.0
67 66 18 67 15 1.0
67 68 16 67 13 1.0
67 69 16 67 13 1.0
67 70 0 67 16 1.0
67 71 0 67 16 1.0
67 72 0 67 16 1.0
67 73 5 67 43 1.0
67 74 10 67 48 1.0
67 75 5 67 43 1.0
67 76 7 67 45 1.0
67 77 2 67 40 1.0
67 78 0 67 38 1.0
67 79 0 67 38 1.0
68 0 15 68 40 1.0
68 1 1 68 38 1.0
68 2 0 68 38 1.0
68 3 23 68 41 1.0
68 4 6 68 38 1.0
68 5 7 68 39 1.0
68 6 0 68 6 1.0
68 7 0 68 7 1.0
68 8 0 68 8 1.0
68 9 0 68 9 1.0
68 10 0 68 10 1.0
68 11 0 68 11 1.0
68 12 0 68 12 1.0
68 13 0 68 13 1.0
68 14 0 68 14 1.0
68 15 0 68 15 1.0
68 16 0 68 16 1.0
68 17 0 68 17 1.0
68 18 2 68 47 1.0
68 19 5 68 50 1.0
68 20 6 68 51 1.0
68 21 2 68 47 1.0
68 22 2 68 47 1.0
68 23 6 68 51 1.0
68 24 2 68 16 1.0
68 25 18 68 13 1.0
68 26 14 68 13 1.0
68 27 8 68 12 1.0
68 28 18 68 13 1.0
68 29 16 68 13 1.0
68 30 30 68 15 1.0
68 31 4 68 10 1.0
68 32 4 68 10 1.0
68 33 3 68 9 1.0
68 34 2 68 8 1.0
68 35 5 68 11 1.0
68 36 0 68 6 1.0
68 37 4 68 10 1.0
68 38 0 68 38 1.0
68 39 0 68 39 1.0
68 40 0 68 40 1.0
68 41 0 68 41 1.0
68 42 0 68 42 1.0
68 43 0 68 43 1.0
68 44 0 68 44 1.0
68 45 0 68 45 1.0
68 46 0 68 46 1.0
68 47 0 68 47 1.0
68 48 0 68 48 1.0
68 49 0 68 49 1.0
68 50 0 68 50 1.0
68 51 0 68 51 1.0
68 52 29 68 49 1.0
68 53 61 68 8 1.0
68 54 24 68 49 1.0
68 55 24 68 49 1.0
68 56 55 68 7 1.0
68 57 24 68 49 1.0
68 58 82 68 11 1.0
68 59 8 68 8 1.0
68 60 11 68 11 1.0
68 61 0 68 16 1.0
68 62 0 68 16 1.0
68 63 4 68 15 1.0
68 64 7 68 7 1.0
68 65 2 68 13 1.0
68 67 16 68 13 1.0
68 69 4 68 41 1.0
68 70 0 68 16 1.0
68 71 0 68 16 1.0
68 72 0 68 16 1.0
68 73 3 68 41 1.0
68 74 0 68 38 1.0
68 75 11 68 49 1.0
68 76 11 68 49 1.0
68 77 3 68 41 1.0
68 78 0 68 38 1.0
68 79 3 68 41 1.0
69 0 6 69 38 1.0
69 1 1 69 38 1.0
69 2 7 69 39 1.0
69 3 14 69 40 1.0
69 4 6 69 38 1.0
69 5 6 69 38 1.0
69 6 0 69 6 1.0
69 7 0 69 7 1.0
69 8 0 69 8 1.0
69 9 0 69 9 1.0
69 10 0 69 10 1.0
69 11 0 69 11 1.0
69 12 0 69 12 1.0
69 13 0 69 13 1.0
69 14 0 69 14 1.0
69 15 0 69 15 1.0
69 16 0 69 16 1.0
69 17 0 69 17 1.0
69 18 2 69 47 1.0
69 19 2 69 47 1.0
69 20 5 69 50 1.0
69 21 2 69 47 1.0
69 22 1 69 46 1.0
69 23 5 69 50 1.0
69 24 29 69 15 1.0
69 25 35 69 17 1.0
69 26 0 69 16 1.0
69 27 8 69 12 1.0
69 28 23 69 14 1.0
69 29 23 69 14 1.0
69 30 29 69 15 1.0
69 31 5 69 11 1.0
69 32 3 69 9 1.0
69 33 1 69 7 1.0
69 34 2 69 8 1.0
69 35 5 69 11 1.0
69 36 0 69 6 1.0
69 37 5 69 11 1.0
69 38 0 69 38 1.0
69 39 0 69 39 1.0
69 40 0 69 40 1.0
69 41 0 69 41 1.0
69 42 0 69 42 1.0
69 43 0 69 43 1.0
69 44 0 69 44 1.0
69 45 0 69 45 1.0
69 46 0 69 46 1.0
69 47 0 69 47 1.0
69 48 0 69 48 1.0
69 49 0 69 49 1.0
69 50 0 69 50 1.0
69 51 0 69 51 1.0
69 52 2 69 45 1.0
69 53 29 69 49 1.0
69 54 19 69 48 1.0
69 55 25 69 49 1.0
69 56 61 69 8 1.0
69 57 55 69 7 1.0
69 58 52 69 7 1.0
69 59 9 69 9 1.0
69 60 9 69 9 1.0
69 61 11 69 11 1.0
69 62 8 69 8 1.0
69 63 5 69 17 1.0
69 64 9 69 9 1.0
69 65 3 69 14 1.0
69 66 18 69 15 1.0
69 67 16 69 13 1.0
69 68 17 69 14 1.0
69 70 0 69 16 1.0
69 71 0 69 16 1.0
69 72 0 69 16 1.0
69 73 11 69 49 1.0
69 74 10 69 48 1.0
69 75 0 69 38 1.0
69 76 7 69 45 1.0
69 77 2 69 40 1.0
69 78 2 69 40 1.0
69 79 2 69 40 1.0
70 0 7 70 39 1.0
70 1 0 70 38 1.0
70 2 11 70 39 1.0
70 3 13 70 39 1.0
70 4 38 70 43 1.0
70 5 41 70 43 1.0
70 6 0 70 6 1.0
70 7 0 70 7 1.0
70 9 0 70 9 1.0
70 10 0 70 10 1.0
70 12 0 70 12 1.0
70 14 0 70 14 1.0
70 15 0 70 15 1.0
70 16 0 70 16 1.0
70 19 6 70 51 1.0
70 20 5 70 50 1.0
70 23 5 70 50 1.0
70 24 31 70 15 1.0
70 25 6 70 16 1.0
70 26 41 70 17 1.0
70 27 19 70 13 1.0
70 29 29 70 15 1.0
70 30 17 70 13 1.0
70 31 3 70 9 1.0
70 32 3 70 9 1.0
70 33 2 70 8 1.0
70 34 1 70 7 1.0
70 37 1 70 7 1.0
70 39 0 70 39 1.0
70 40 0 70 40 1.0
70 41 0 70 41 1.0
70 42 0 70 42 1.0
70 43 0 70 43 1.0
70 44 0 70 44 1.0
70 45 0 70 45 1.0
70 48 0 70 48 1.0
70 49 0 70 49 1.0
70 50 0 70 50 1.0
70 51 0 70 51 1.0
70 53 53 70 7 1.0
70 54 25 70 49 1.0
70 55 58 70 8 1.0
70 56 16 70 47 1.0
70 57 80 70 11 1.0
70 58 25 70 49 1.0
70 61 2 70 13 1.0
70 62 6 70 6 1.0
70 63 0 70 16 1.0
70 64 3 70 14 1.0
70 65 1 70 12 1.0
70 66 1 70 38 1.0
70 67 1 70 38 1.0
70 68 1 70 38 1.0
70 69 19 70 17 1.0
70 71 15 70 12 1.0
70 72 0 70 16 1.0
70 73 10 70 48 1.0
70 74 10 70 48 1.0
70 77 9 70 47 1.0
70 78 5 70 43 1.0
70 79 5 70 43 1.0
71 0 101 71 49 1.0
71 1 33 71 42 1.0
71 2 26 71 41 1.0
71 3 92 71 48 1.0
71 4 117 71 50 1.0
71 5 90 71 48 0.28125
71 5 128 71 51 0.71875
71 6 0 71 6 1.0
71 7 0 71 7 1.0
71 9 0 71 9 1.0
71 10 0 71 10 1.0
71 11 0 71 11 1.0
71 14 0 71 14 1.0
71 15 0 71 15 1.0
71 16 0 71 16 1.0
71 19 0 71 45 1.0
71 20 0 71 45 1.0
71 23 0 71 45 1.0
71 24 53 71 6 1.0
71 25 53 71 6 1.0
71 26 7 71 12 1.0
71 27 35 71 17 1.0
71 29 11 71 12 1.0
71 30 90 71 9 1.0
71 31 0 71 6 0.296875
71 31 5 71 11 0.703125
71 32 3 71 9 1.0
71 35 2 71 8 1.0
71 39 0 71 39 1.0
71 40 0 71 40 1.0
71 41 0 71 41 1.0
71 42 0 71 42 1.0
71 44 0 71 44 1.0
71 45 0 71 45 1.0
71 50 0 71 50 1.0
71 51 0 71 51 1.0
71 52 18 71 48 1.0
71 53 17 71 47 1.0
71 54 19 71 48 1.0
71 55 22 71 48 1.0
71 56 22 71 48 1.0
71 57 6 71 46 1.0
71 58 18 71 48 1.0
71 60 2 71 13 1.0
71 63 3 71 14 1.0
71 64 11 71 11 1.0
71 65 5 71 17 1.0
71 66 1 71 38 1.0
71 67 1 71 38 1.0
71 68 1 71 38 1.0
71 69 19 71 17 1.0
71 70 18 71 15 1.0
71 72 16 71 13 1.0
71 73 7 71 45 1.0
71 74 3 71 41 1.0
71 75 0 71 38 1.0
71 77 5 71 43 1.0
71 78 12 71 50 1.0
71 79 10 71 48 1.0
72 0 36 72 43 1.0
72 1 8 72 39 1.0
72 2 29 72 42 1.0
72 3 21 72 41 1.0
72 4 8 72 39 1.0
72 5 0 72 38 1.0
72 6 0 72 6 1.0
72 7 0 72 7 1.0
72 8 0 72 8 1.0
72 9 0 72 9 1.0
72 10 0 72 10 1.0
72 14 0 72 14 1.0
72 15 0 72 15 1.0
72 19 5 72 50 1.0
72 20 1 72 46 1.0
72 21 4 72 49 1.0
72 23 1 72 46 1.0
72 24 30 72 15 1.0
72 25 37 72 17 1.0
72 26 36 72 17 1.0
72 27 35 72 17 1.0
72 28 14 72 13 1.0
72 29 15 72 13 1.0
72 30 9 72 12 1.0
72 31 3 72 9 1.0
72 32 1 72 7 1.0
72 33 5 72 11 1.0
72 34 1 72 7 1.0
72 39 0 72 39 1.0
72 40 0 72 40 1.0
72 41 0 72 41 1.0
72 42 0 72 42 1.0
72 44 0 72 44 1.0
72 45 0 72 45 1.0
72 50 0 72 50 1.0
72 51 0 72 51 1.0
72 52 34 72 50 1.0
72 53 0 72 45 1.0
72 54 22 72 48 1.0
72 55 25 72 49 1.0
72 56 55 72 7 1.0
72 57 21 72 48 1.0
72 58 18 72 48 1.0
72 59 2 72 13 1.0
72 62 10 72 10 1.0
72 63 11 72 11 1.0
72 64 3 72 14 1.0
72 65 8 72 8 1.0
72 66 0 72 16 1.0
72 67 0 72 16 1.0
72 68 0 72 16 1.0
72 69 0 72 16 1.0
72 70 19 72 17 1.0
72 71 19 72 17 1.0
72 73 8 72 46 1.0
72 74 5 72 43 1.0
72 77 5 72 43 1.0
72 78 5 72 43 1.0
72 79 5 72 43 1.0
73 0 0 73 0 1.0
73 1 0 73 1 1.0
73 2 0 73 2 1.0
73 3 0 73 3 1.0
73 4 0 73 4 1.0
73 5 0 73 5 1.0
73 6 4 73 38 1.0
73 7 52 73 42 1.0
73 8 0 73 38 1.0
73 9 26 73 40 1.0
73 10 102 73 46 1.0
73 11 0 73 38 1.0
73 14 3 73 41 1.0
73 15 4 73 42 1.0
73 17 6 73 44 1.0
73 19 0 73 19 1.0
73 20 0 73 20 1.0
73 21 0 73 21 1.0
73 23 0 73 23 1.0
73 24 3 73 3 1.0
73 25 3 73 3 1.0
73 26 3 73 3 1.0
73 27 5 73 5 1.0
73 29 2 73 2 1.0
73 30 5 73 5 1.0
73 31 23 73 19 0.046875
73 31 69 73 1 0.953125
73 32 119 73 5 1.0
73 33 44 73 22 1.0
73 34 44 73 22 1.0
73 38 0 73 38 1.0
73 40 0 73 40 1.0
73 41 0 73 41 1.0
73 42 0 73 42 1.0
73 44 0 73 44 1.0
73 45 0 73 45 1.0
73 47 0 73 47 1.0
73 48 0 73 48 1.0
73 50 0 73 50 1.0
73 51 0 73 51 1.0
73 53 2 73 19 1.0
73 54 8 73 2 1.0
73 55 1 73 18 1.0
73 56 11 73 5 1.0
73 57 1 73 18 1.0
73 58 10 73 4 1.0
73 60 42 73 38 1.0
73 62 42 73 38 1.0
73 63 76 73 43 1.0
73 64 76 73 43 1.0
73 65 73 73 43 1.0
73 66 11 73 49 1.0
73 67 10 73 48 1.0
73 68 1 73 39 1.0
73 69 1 73 39 1.0
73 70 0 73 38 1.0
73 71 3 73 41 1.0
73 72 1 73 39 1.0
73 74 2 73 19 0.78125
73 74 23 73 49 0.21875
73 75 1 73 18 1.0
73 77 1 73 18 1.0
73 78 1 73 18 1.0
73 79 1 73 18 1.0
74 0 0 74 0 1.0
74 1 0 74 1 1.0
74 2 0 74 2 1.0
74 3 0 74 3 1.0
74 4 0 74 4 1.0
74 5 0 74 5 1.0
74 6 68 74 43 1.0
74 7 99 74 46 1.0
74 8 112 74 48 1.0
74 9 3 74 38 1.0
74 10 102 74 46 1.0
74 11 0 74 38 1.0
74 14 4 74 42 1.0
74 15 2 74 40 1.0
74 19 0 74 19 1.0
74 20 0 74 20 1.0
74 23 0 74 23 1.0
74 24 5 74 5 1.0
74 25 3 74 3 1.0
74 26 3 74 3 1.0
74 27 4 74 4 1.0
74 29 2 74 2 1.0
74 30 4 74 4 1.0
74 31 95 74 3 1.0
74 32 50 74 23 1.0
74 37 23 74 19 1.0
74 39 0 74 39 1.0
74 40 0 74 40 1.0
74 41 0 74 41 1.0
74 42 0 74 42 1.0
74 43 0 74 43 1.0
74 44 0 74 44 1.0
74 45 0 74 45 1.0
74 46 0 74 46 1.0
74 47 0 74 47 1.0
74 48 0 74 48 1.0
74 49 0 74 49 1.0
74 50 0 74 50 1.0
74 51 0 74 51 1.0
74 52 5 74 22 1.0
74 53 8 74 2 1.0
74 54 1 74 18 1.0
74 55 5 74 22 1.0
74 56 4 74 21 1.0
74 57 2 74 19 1.0
74 58 5 74 22 1.0
74 60 42 74 38 1.0
74 61 42 74 38 1.0
74 62 42 74 38 1.0
74 63 46 74 38 1.0
74 64 67 74 42 1.0
74 65 79 74 44 1.0
74 66 0 74 38 1.0
74 67 10 74 48 1.0
74 68 11 74 49 1.0
74 69 10 74 48 1.0
74 70 5 74 43 1.0
74 71 3 74 41 1.0
74 72 10 74 48 1.0
74 73 2 74 19 0.5
74 73 21 74 47 0.5
74 77 1 74 18 1.0
74 78 1 74 18 1.0
74 79 1 74 18 1.0
75 2 0 75 2 1.0
75 5 0 75 5 1.0
75 6 0 75 38 1.0
75 8 0 75 38 1.0
75 9 0 75 38 1.0
75 10 0 75 38 1.0
75 11 0 75 38 1.0
75 12 4 75 42 1.0
75 13 4 75 42 1.0
75 14 5 75 43 1.0
75 15 1 75 39 1.0
75 16 0 75 38 1.0
75 17 5 75 43 1.0
75 22 0 75 22 1.0
75 25 0 75 0 1.0
75 26 5 75 5 1.0
75 27 3 75 3 1.0
75 28 0 75 0 1.0
75 29 0 75 0 1.0
75 30 0 75 0 1.0
75 33 30 75 20 1.0
75 36 23 75 19 1.0
75 37 23 75 19 1.0
75 38 0 75 38 1.0
75 39 0 75 39 1.0
75 40 0 75 40 1.0
75 41 0 75 41 1.0
75 43 0 75 43 1.0
75 46 0 75 46 1.0
75 47 0 75 47 1.0
75 50 0 75 50 1.0
75 51 0 75 51 1.0
75 53 9 75 3 1.0
75 54 2 75 19 1.0
75 55 10 75 4 1.0
75 56 3 75 20 1.0
75 57 10 75 4 1.0
75 58 1 75 18 1.0
75 59 42 75 38 1.0
75 61 42 75 38 1.0
75 62 42 75 38 1.0
75 63 23 75 3 1.0
75 64 79 75 44 1.0
75 65 79 75 44 1.0
75 66 10 75 48 1.0
75 67 11 75 49 1.0
75 68 11 75 49 1.0
75 69 10 75 48 1.0
75 70 7 75 45 1.0
75 77 1 75 18 1.0
75 78 1 75 18 1.0
75 79 1 75 18 1.0
76 1 0 76 1 1.0
76 2 0 76 2 1.0
76 9 0 76 38 1.0
76 11 0 76 38 1.0
76 14 1 76 39 1.0
76 15 1 76 39 1.0
76 20 0 76 20 1.0
76 21 0 76 21 1.0
76 22 0 76 22 1.0
76 25 4 76 4 1.0
76 26 2 76 2 1.0
76 27 3 76 3 1.0
76 30 0 76 0 1.0
76 32 23 76 19 1.0
76 33 44 76 22 1.0
76 34 44 76 22 1.0
76 35 16 76 18 1.0
76 37 44 76 22 1.0
76 40 0 76 40 1.0
76 41 0 76 41 1.0
76 46 0 76 46 1.0
76 50 0 76 50 1.0
76 51 0 76 51 1.0
76 53 9 76 3 1.0
76 54 0 76 0 1.0
76 55 11 76 5 1.0
76 56 5 76 22 1.0
76 57 10 76 4 1.0
76 58 2 76 19 1.0
76 61 42 76 38 1.0
76 62 42 76 38 1.0
76 63 76 76 43 1.0
76 64 50 76 39 1.0
76 65 47 76 38 1.0
76 66 0 76 38 1.0
76 67 0 76 38 1.0
76 68 1 76 39 1.0
76 69 0 76 38 1.0
76 72 0 76 38 1.0
76 74 22 76 48 1.0
76 77 1 76 18 1.0
76 78 1 76 18 1.0
76 79 1 76 18 1.0
77 0 0 77 0 1.0
77 1 0 77 1 1.0
77 2 0 77 2 1.0
77 3 0 77 3 1.0
77 4 0 77 4 1.0
77 5 0 77 5 1.0
77 6 112 77 48 1.0
77 7 118 77 48 1.0
77 8 137 77 51 1.0
77 9 125 77 49 1.0
77 10 0 77 38 1.0
77 11 119 77 49 1.0
77 12 1 77 39 1.0
77 13 6 77 44 1.0
77 14 1 77 39 1.0
77 15 2 77 40 1.0
77 16 1 77 39 1.0
77 17 1 77 39 1.0
77 18 0 77 18 1.0
77 19 0 77 19 1.0
77 20 0 77 20 1.0
77 21 0 77 21 1.0
77 22 0 77 22 1.0
77 23 0 77 23 1.0
77 24 5 77 5 1.0
77 25 4 77 4 1.0
77 26 0 77 0 1.0
77 27 4 77 4 1.0
77 28 2 77 2 1.0
77 29 4 77 4 1.0
77 30 4 77 4 1.0
77 31 28 77 20 1.0
77 32 28 77 20 1.0
77 33 20 77 18 1.0
77 34 34 77 20 1.0
77 35 31 77 20 1.0
77 36 48 77 22 1.0
77 37 48 77 22 1.0
77 38 0 77 38 1.0
77 39 0 77 39 1.0
77 40 0 77 40 1.0
77 41 0 77 41 1.0
77 42 0 77 42 1.0
77 43 0 77 43 1.0
77 44 0 77 44 1.0
77 45 0 77 45 1.0
77 46 0 77 46 1.0
77 47 0 77 47 1.0
77 48 0 77 48 1.0
77 49 0 77 49 1.0
77 50 0 77 50 1.0
77 51 0 77 51 1.0
77 52 0 77 0 1.0
77 53 0 77 0 1.0
77 54 5 77 22 1.0
77 55 0 77 0 1.0
77 56 11 77 5 1.0
77 57 5 77 22 1.0
77 58 5 77 22 1.0
77 59 42 77 38 1.0
77 60 67 77 42 1.0
77 61 79 77 44 1.0
77 62 83 77 44 1.0
77 63 26 77 3 1.0
77 64 26 77 3 1.0
77 65 72 77 43 1.0
77 66 13 77 51 1.0
77 67 13 77 51 1.0
77 68 2 77 40 1.0
77 69 2 77 40 1.0
77 70 0 77 38 1.0
77 71 1 77 39 1.0
77 72 0 77 38 1.0
77 73 1 77 18 1.0
77 74 1 77 18 1.0
77 75 1 77 18 1.0
77 76 1 77 18 1.0
77 78 25 77 51 1.0
77 79 19 77 45 1.0
78 0 0 78 0 1.0
78 1 0 78 1 1.0
78 2 0 78 2 1.0
78 3 0 78 3 1.0
78 4 0 78 4 1.0
78 5 0 78 5 1.0
78 6 116 78 48 1.0
78 7 105 78 47 1.0
78 8 125 78 49 1.0
78 9 123 78 49 1.0
78 10 116 78 48 1.0
78 11 133 78 51 1.0
78 12 1 78 39 1.0
78 14 2 78 40 1.0
78 15 0 78 38 1.0
78 16 1 78 39 1.0
78 17 2 78 40 1.0
78 18 0 78 18 1.0
78 19 0 78 19 1.0
78 20 0 78 20 1.0
78 21 0 78 21 1.0
78 22 0 78 22 1.0
78 23 0 78 23 1.0
78 24 3 78 3 1.0
78 25 5 78 5 1.0
78 26 0 78 0 1.0
78 27 2 78 2 1.0
78 28 2 78 2 1.0
78 29 3 78 3 1.0
78 30 4 78 4 1.0
78 31 37 78 21 1.0
78 32 55 78 23 1.0
78 33 42 78 22 1.0
78 34 31 78 20 1.0
78 35 45 78 22 1.0
78 36 20 78 18 1.0
78 37 28 78 20 1.0
78 38 0 78 38 1.0
78 39 0 78 39 1.0
78 40 0 78 40 1.0
78 41 0 78 41 1.0
78 42 0 78 42 1.0
78 43 0 78 43 1.0
78 44 0 78 44 1.0
78 45 0 78 45 1.0
78 46 0 78 46 1.0
78 47 0 78 47 1.0
78 48 0 78 48 1.0
78 49 0 78 49 1.0
78 50 0 78 50 1.0
78 51 0 78 51 1.0
78 52 9 78 3 1.0
78 53 5 78 22 1.0
78 54 5 78 22 1.0
78 55 0 78 0 1.0
78 56 5 78 22 1.0
78 57 10 78 4 1.0
78 58 1 78 18 1.0
78 59 60 78 41 1.0
78 60 66 78 42 1.0
78 61 3 78 0 1.0
78 62 0 78 0 1.0
78 63 26 78 3 1.0
78 64 26 78 3 1.0
78 65 42 78 38 1.0
78 67 0 78 38 1.0
78 68 0 78 38 1.0
78 69 13 78 51 1.0
78 70 1 78 39 1.0
78 71 1 78 39 1.0
78 72 1 78 39 1.0
78 73 1 78 18 1.0
78 74 1 78 18 1.0
78 75 1 78 18 1.0
78 76 1 78 18 1.0
78 77 25 78 51 1.0
78 79 19 78 45 1.0
79 0 0 79 0 1.0
79 1 0 79 1 1.0
79 2 0 79 2 1.0
79 3 0 79 3 1.0
79 4 0 79 4 1.0
79 5 0 79 5 1.0
79 6 117 79 48 1.0
79 7 119 79 49 1.0
79 8 132 79 50 1.0
79 9 105 79 47 1.0
79 10 0 79 38 1.0
79 11 119 79 49 1.0
79 12 1 79 39 1.0
79 14 1 79 39 1.0
79 15 1 79 39 1.0
79 16 1 79 39 1.0
79 17 1 79 39 1.0
79 18 0 79 18 1.0
79 19 0 79 19 1.0
79 20 0 79 20 1.0
79 21 0 79 21 1.0
79 22 0 79 22 1.0
79 23 0 79 23 1.0
79 24 3 79 3 1.0
79 25 4 79 4 1.0
79 26 2 79 2 1.0
79 27 5 79 5 1.0
79 28 5 79 5 1.0
79 29 5 79 5 1.0
79 30 5 79 5 1.0
79 31 14 79 18 1.0
79 32 45 79 22 1.0
79 33 55 79 23 1.0
79 34 41 79 21 1.0
79 35 41 79 21 1.0
79 36 55 79 23 1.0
79 37 41 79 21 1.0
79 38 0 79 38 1.0
79 39 0 79 39 1.0
79 40 0 79 40 1.0
79 41 0 79 41 1.0
79 42 0 79 42 1.0
79 43 0 79 43 1.0
79 44 0 79 44 1.0
79 45 0 79 45 1.0
79 46 0 79 46 1.0
79 47 0 79 47 1.0
79 48 0 79 48 1.0
79 49 0 79 49 1.0
79 50 0 79 50 1.0
79 51 0 79 51 1.0
79 52 1 79 18 1.0
79 53 5 79 22 1.0
79 56 0 79 0 1.0
79 57 5 79 22 1.0
79 58 1 79 18 1.0
79 59 53 79 39 1.0
79 60 83 79 44 1.0
79 61 3 79 0 1.0
79 62 42 79 38 1.0
79 63 78 79 44 1.0
79 64 42 79 38 1.0
79 65 42 79 38 1.0
79 67 2 79 40 1.0
79 68 0 79 38 1.0
79 69 7 79 45 1.0
79 70 5 79 43 1.0
79 71 1 79 39 1.0
79 72 1 79 39 1.0
79 73 1 79 18 1.0
79 74 1 79 18 1.0
79 75 1 79 18 1.0
79 76 1 79 18 1.0
79 77 25 79 51 1.0
79 78 24 79 50 1.0
