0 1 22 0 19 0.78125
0 1 25 0 22 0.21875
0 2 10 0 52 1.0
0 3 20 0 58 1.0
0 4 12 0 79 1.0
0 5 18 0 56 1.0
0 6 21 0 25 1.0
0 7 56 0 30 1.0
0 8 105 0 26 1.0
0 9 136 0 57 1.0
0 10 108 0 26 1.0
0 14 18 0 75 1.0
0 15 53 0 74 1.0
0 16 50 0 74 1.0
0 17 75 0 77 1.0
0 19 0 0 19 1.0
0 20 0 0 20 1.0
0 23 0 0 23 1.0
0 24 0 0 24 1.0
0 25 0 0 25 1.0
0 26 0 0 26 1.0
0 27 0 0 27 1.0
0 29 0 0 29 1.0
0 30 0 0 30 1.0
0 31 9 0 26 1.0
0 32 12 0 57 1.0
0 33 0 0 24 1.0
0 34 9 0 26 1.0
0 35 0 0 24 1.0
0 37 0 0 24 1.0
0 40 6 0 73 1.0
0 41 3 0 79 1.0
0 42 3 0 79 1.0
0 44 6 0 73 1.0
0 45 9 0 20 1.0
0 46 6 0 73 1.0
0 47 6 0 73 1.0
0 49 6 0 73 1.0
0 50 6 0 73 1.0
0 51 6 0 73 1.0
0 53 0 0 53 1.0
0 54 0 0 54 1.0
0 55 0 0 55 1.0
0 56 0 0 56 1.0
0 57 0 0 57 1.0
0 58 0 0 58 1.0
0 60 0 0 24 1.0
0 63 2 0 27 1.0
0 64 2 0 27 1.0
0 65 2 0 27 1.0
0 67 48 0 79 0.421875
0 67 94 0 73 0.578125
0 68 95 0 73 1.0
0 69 37 0 74 1.0
0 70 32 0 74 1.0
0 71 71 0 78 1.0
0 72 95 0 73 1.0
0 73 0 0 73 1.0
0 74 0 0 74 1.0
0 76 0 0 76 1.0
0 77 0 0 77 1.0
0 78 0 0 78 1.0
0 79 0 0 79 1.0
1 0 23 1 20 1.0
1 2 21 1 18 1.0
1 3 10 1 52 1.0
1 4 26 1 23 1.0
1 5 24 1 21 1.0
1 6 5 1 24 1.0
1 7 56 1 30 1.0
1 8 8 1 24 1.0
1 9 42 1 27 1.0
1 10 42 1 27 1.0
1 11 27 1 25 1.0
1 12 57 1 28 1.0
1 13 76 1 77 1.0
1 14 73 1 77 1.0
1 15 49 1 74 1.0
1 16 71 1 77 1.0
1 17 70 1 77 1.0
1 18 0 1 18 1.0
1 19 0 1 19 1.0
1 20 0 1 20 1.0
1 21 0 1 21 1.0
1 22 0 1 22 1.0
1 23 0 1 23 1.0
1 24 0 1 24 1.0
1 25 0 1 25 1.0
1 26 0 1 26 1.0
1 27 0 1 27 1.0
1 28 0 1 28 1.0
1 29 0 1 29 1.0
1 30 0 1 30 1.0
1 31 12 1 57 1.0
1 32 3 1 27 1.0
1 33 0 1 24 1.0
1 34 0 1 24 1.0
1 35 7 1 52 1.0
1 36 0 1 24 1.0
1 37 0 1 24 1.0
1 38 2 1 74 1.0
1 39 6 1 73 1.0
1 40 5 1 78 1.0
1 41 0 1 75 1.0
1 42 2 1 74 1.0
1 43 2 1 74 1.0
1 44 5 1 78 1.0
1 45 2 1 74 0.453125
1 45 6 1 73 0.546875
1 46 2 1 74 1.0
1 47 2 1 74 1.0
1 48 2 1 74 1.0
1 50 2 1 74 1.0
1 51 2 1 74 1.0
1 52 0 1 52 1.0
1 53 0 1 53 1.0
1 54 0 1 54 1.0
1 55 0 1 55 1.0
1 56 0 1 56 1.0
1 57 0 1 57 1.0
1 58 0 1 58 1.0
1 59 0 1 24 1.0
1 60 5 1 28 1.0
1 61 0 1 24 1.0
1 62 0 1 24 1.0
1 63 2 1 27 1.0
1 64 0 1 24 1.0
1 65 2 1 27 1.0
1 66 58 1 77 1.0
1 67 29 1 74 1.0
1 68 28 1 74 1.0
1 69 105 1 19 1.0
1 70 57 1 77 1.0
1 71 37 1 74 1.0
1 72 57 1 77 1.0
1 73 0 1 73 1.0
1 74 0 1 74 1.0
1 75 0 1 75 1.0
1 76 0 1 76 1.0
1 77 0 1 77 1.0
1 78 0 1 78 1.0
1 79 0 1 79 1.0
2 0 24 2 21 1.0
2 1 21 2 18 1.0
2 3 21 2 18 0.15625
2 3 26 2 23 0.84375
2 4 10 2 52 1.0
2 5 24 2 21 1.0
2 6 20 2 25 1.0
2 7 1 2 24 1.0
2 8 112 2 26 1.0
2 9 14 2 25 0.609375
2 9 42 2 27 0.390625
2 10 23 2 25 1.0
2 11 130 2 56 1.0
2 12 76 2 77 1.0
2 13 76 2 77 1.0
2 14 12 2 25 1.0
2 15 28 2 30 1.0
2 16 67 2 79 1.0
2 17 70 2 77 1.0
2 18 0 2 18 1.0
2 19 0 2 19 1.0
2 20 0 2 20 1.0
2 21 0 2 21 1.0
2 22 0 2 22 1.0
2 23 0 2 23 1.0
2 24 0 2 24 1.0
2 25 0 2 25 1.0
2 26 0 2 26 1.0
2 27 0 2 27 1.0
2 28 0 2 28 1.0
2 29 0 2 29 1.0
2 30 0 2 30 1.0
2 31 6 2 53 1.0
2 32 12 2 57 1.0
2 33 4 2 30 1.0
2 34 0 2 24 1.0
2 35 1 2 25 1.0
2 36 4 2 30 1.0
2 37 4 2 30 1.0
2 38 4 2 77 1.0
2 39 2 2 74 1.0
2 40 4 2 77 1.0
2 41 2 2 74 1.0
2 42 6 2 73 1.0
2 43 4 2 77 1.0
2 44 6 2 73 1.0
2 45 2 2 74 1.0
2 46 4 2 77 1.0
2 47 4 2 77 1.0
2 48 4 2 77 1.0
2 49 4 2 77 1.0
2 50 4 2 77 1.0
2 51 4 2 77 1.0
2 52 0 2 52 1.0
2 53 0 2 53 1.0
2 54 0 2 54 1.0
2 55 0 2 55 1.0
2 56 0 2 56 1.0
2 57 0 2 57 1.0
2 58 0 2 58 1.0
2 59 3 2 30 1.0
2 60 3 2 30 1.0
2 61 3 2 30 1.0
2 62 3 2 30 1.0
2 63 2 2 27 1.0
2 64 2 2 27 1.0
2 65 3 2 30 1.0
2 66 105 2 19 1.0
2 67 30 2 74 0.59375
2 67 59 2 77 0.40625
2 68 67 2 77 1.0
2 69 66 2 77 1.0
2 70 66 2 77 1.0
2 71 124 2 21 1.0
2 72 56 2 77 1.0
2 73 0 2 73 1.0
2 74 0 2 74 1.0
2 75 0 2 75 1.0
2 76 0 2 76 1.0
2 77 0 2 77 1.0
2 78 0 2 78 1.0
2 79 0 2 79 1.0
3 0 26 3 23 1.0
3 1 16 3 26 1.0
3 2 13 3 77 0.1875
3 2 16 3 26 0.8125
3 4 17 3 54 1.0
3 5 18 3 56 1.0
3 6 87 3 52 1.0
3 7 7 3 24 1.0
3 8 63 3 29 1.0
3 9 121 3 54 1.0
3 10 20 3 25 1.0
3 14 3 3 24 1.0
3 15 1 3 24 1.0
3 18 0 3 18 1.0
3 19 0 3 19 1.0
3 20 0 3 20 1.0
3 23 0 3 23 1.0
3 24 0 3 24 1.0
3 25 0 3 25 1.0
3 26 0 3 26 1.0
3 27 0 3 27 1.0
3 29 0 3 29 1.0
3 30 0 3 30 1.0
3 31 5 3 29 1.0
3 32 12 3 57 1.0
3 33 5 3 29 1.0
3 34 1 3 25 1.0
3 39 2 3 74 1.0
3 40 2 3 74 1.0
3 41 0 3 75 1.0
3 42 5 3 78 1.0
3 43 2 3 74 1.0
3 44 6 3 73 1.0
3 45 8 3 19 1.0
3 49 12 3 23 1.0
3 50 12 3 23 1.0
3 51 12 3 23 1.0
3 52 0 3 52 1.0
3 53 0 3 53 1.0
3 54 0 3 54 1.0
3 56 0 3 56 1.0
3 57 0 3 57 1.0
3 58 0 3 58 1.0
3 62 0 3 24 1.0
3 63 2 3 27 1.0
3 64 3 3 30 1.0
3 65 6 3 26 1.0
3 67 85 3 73 1.0
3 68 85 3 73 1.0
3 69 105 3 19 1.0
3 70 2 3 75 0.71875
3 70 94 3 73 0.28125
3 71 54 3 79 1.0
3 72 60 3 77 1.0
3 73 0 3 73 1.0
3 74 0 3 74 1.0
3 75 0 3 75 1.0
3 77 0 3 77 1.0
3 78 0 3 78 1.0
3 79 0 3 79 1.0
4 0 2 4 55 1.0
4 1 18 4 56 1.0
4 2 24 4 21 1.0
4 3 22 4 19 1.0
4 5 26 4 23 1.0
4 6 81 4 53 1.0
4 7 95 4 28 1.0
4 9 90 4 52 1.0
4 10 26 4 25 1.0
4 14 1 4 24 1.0
4 15 1 4 24 1.0
4 16 91 4 26 1.0
4 17 76 4 77 1.0
4 18 0 4 18 1.0
4 19 0 4 19 1.0
4 20 0 4 20 1.0
4 21 0 4 21 1.0
4 22 0 4 22 1.0
4 23 0 4 23 1.0
4 24 0 4 24 1.0
4 25 0 4 25 1.0
4 26 0 4 26 1.0
4 27 0 4 27 1.0
4 28 0 4 28 1.0
4 29 0 4 29 1.0
4 30 0 4 30 1.0
4 31 5 4 29 0.828125
4 31 6 4 53 0.171875
4 32 6 4 53 1.0
4 33 5 4 29 1.0
4 40 0 4 75 1.0
4 41 5 4 78 1.0
4 42 5 4 78 1.0
4 44 2 4 74 0.625
4 44 4 4 77 0.375
4 45 8 4 19 1.0
4 46 6 4 73 1.0
4 50 0 4 75 1.0
4 51 10 4 21 1.0
4 52 0 4 52 1.0
4 53 0 4 53 1.0
4 54 0 4 54 1.0
4 55 0 4 55 1.0
4 56 0 4 56 1.0
4 57 0 4 57 1.0
4 58 0 4 58 1.0
4 63 6 4 26 1.0
4 64 5 4 28 1.0
4 65 5 4 28 1.0
4 67 64 4 77 1.0
4 68 29 4 74 1.0
4 69 29 4 74 1.0
4 70 40 4 74 1.0
4 71 1 4 75 1.0
4 72 95 4 73 1.0
4 73 0 4 73 1.0
4 74 0 4 74 1.0
4 77 0 4 77 1.0
4 78 0 4 78 1.0
4 79 0 4 79 1.0
5 0 24 5 21 1.0
5 1 21 5 18 1.0
5 2 10 5 52 1.0
5 3 18 5 56 1.0
5 4 22 5 19 1.0
5 6 16 5 25 0.25
5 6 53 5 30 0.234375
5 6 95 5 28 0.28125
5 6 98 5 28 0.234375
5 7 32 5 55 1.0
5 9 37 5 27 1.0
5 10 108 5 26 1.0
5 14 28 5 30 1.0
5 15 54 5 74 1.0
5 19 0 5 19 1.0
5 20 0 5 20 1.0
5 22 0 5 22 1.0
5 23 0 5 23 1.0
5 24 0 5 24 1.0
5 25 0 5 25 1.0
5 26 0 5 26 1.0
5 27 0 5 27 1.0
5 29 0 5 29 1.0
5 30 0 5 30 1.0
5 31 5 5 29 1.0
5 32 6 5 53 1.0
5 33 0 5 24 1.0
5 34 9 5 26 1.0
5 37 0 5 24 1.0
5 38 6 5 73 1.0
5 40 6 5 73 1.0
5 41 6 5 73 1.0
5 42 4 5 77 1.0
5 44 5 5 78 1.0
5 45 9 5 20 1.0
5 46 2 5 74 1.0
5 50 7 5 18 1.0
5 51 6 5 73 1.0
5 53 0 5 53 1.0
5 54 0 5 54 1.0
5 55 0 5 55 1.0
5 56 0 5 56 1.0
5 57 0 5 57 1.0
5 63 5 5 28 1.0
5 64 4 5 29 1.0
5 65 5 5 28 1.0
5 66 105 5 19 1.0
5 67 95 5 73 1.0
5 68 95 5 73 1.0
5 69 39 5 74 1.0
5 70 94 5 73 1.0
5 71 41 5 74 1.0
5 72 85 5 73 1.0
5 73 0 5 73 1.0
5 74 0 5 74 1.0
5 77 0 5 77 1.0
5 78 0 5 78 1.0
5 79 0 5 79 1.0
6 0 6 6 59 0.046875
6 0 123 6 36 0.953125
6 1 10 6 60 1.0
6 2 74 6 32 1.0
6 3 22 6 62 0.53125
6 3 115 6 35 0.46875
6 4 22 6 62 0.046875
6 4 49 6 31 0.6875
6 4 61 6 31 0.265625
6 5 3 6 59 0.0625
6 5 43 6 65 0.046875
6 5 58 6 31 0.15625
6 5 69 6 32 0.203125
6 5 125 6 36 0.53125
6 7 5 6 63 0.390625
6 7 17 6 14 0.609375
6 8 8 6 31 1.0
6 9 20 6 66 1.0
6 10 15 6 12 1.0
6 11 8 6 31 1.0
6 14 0 6 14 1.0
6 15 0 6 15 1.0
6 17 0 6 17 1.0
6 19 17 6 33 1.0
6 20 89 6 71 1.0
6 23 32 6 35 1.0
6 24 4 6 63 0.921875
6 24 5 6 64 0.078125
6 25 4 6 63 1.0
6 26 1 6 60 1.0
6 27 7 6 31 1.0
6 29 6 6 65 1.0
6 30 8 6 32 1.0
6 31 0 6 31 1.0
6 32 0 6 32 1.0
6 33 0 6 33 1.0
6 35 0 6 35 1.0
6 39 7 6 67 1.0
6 40 11 6 71 1.0
6 41 7 6 67 1.0
6 42 10 6 70 1.0
6 44 3 6 14 1.0
6 45 1 6 67 1.0
6 46 5 6 71 1.0
6 49 5 6 71 1.0
6 51 2 6 68 1.0
6 53 2 6 33 1.0
6 54 0 6 31 1.0
6 55 1 6 32 1.0
6 56 5 6 36 1.0
6 57 0 6 31 1.0
6 58 6 6 37 1.0
6 63 0 6 63 1.0
6 64 0 6 64 1.0
6 65 0 6 65 1.0
6 67 0 6 67 1.0
6 68 0 6 68 1.0
6 69 0 6 69 1.0
6 70 0 6 70 1.0
6 71 0 6 71 1.0
6 72 0 6 72 1.0
6 73 33 6 15 1.0
6 74 66 6 67 1.0
6 77 129 6 72 1.0
6 78 117 6 71 1.0
6 79 121 6 71 1.0
7 0 14 7 61 0.453125
7 0 120 7 36 0.546875
7 1 56 7 31 1.0
7 2 120 7 36 1.0
7 3 20 7 61 0.421875
7 3 81 7 33 0.578125
7 4 2 7 59 1.0
7 5 16 7 61 1.0
7 6 17 7 14 0.078125
7 6 18 7 15 0.921875
7 8 8 7 31 1.0
7 9 4 7 62 1.0
7 10 1 7 59 1.0
7 12 0 7 12 1.0
7 13 0 7 13 1.0
7 14 0 7 14 1.0
7 15 0 7 15 1.0
7 18 2 7 31 1.0
7 19 44 7 37 1.0
7 20 49 7 66 1.0
7 23 41 7 36 1.0
7 24 6 7 65 1.0
7 25 6 7 65 1.0
7 26 2 7 61 1.0
7 27 11 7 35 1.0
7 29 10 7 34 1.0
7 30 8 7 32 1.0
7 31 0 7 31 1.0
7 32 0 7 32 1.0
7 34 0 7 34 1.0
7 36 0 7 36 1.0
7 37 0 7 37 1.0
7 38 6 7 66 1.0
7 39 6 7 66 1.0
7 40 5 7 17 1.0
7 41 9 7 69 1.0
7 42 6 7 66 1.0
7 43 11 7 71 1.0
7 44 7 7 67 1.0
7 45 1 7 67 1.0
7 46 5 7 71 1.0
7 47 5 7 71 1.0
7 48 5 7 71 1.0
7 50 0 7 66 1.0
7 51 6 7 72 1.0
7 53 5 7 36 1.0
7 54 2 7 33 1.0
7 55 0 7 31 1.0
7 56 3 7 34 1.0
7 57 5 7 36 1.0
7 58 0 7 31 1.0
7 59 0 7 59 1.0
7 60 0 7 60 1.0
7 61 0 7 61 1.0
7 62 0 7 62 1.0
7 63 0 7 63 1.0
7 64 0 7 64 1.0
7 65 0 7 65 1.0
7 66 0 7 66 1.0
7 67 0 7 67 1.0
7 68 0 7 68 1.0
7 69 0 7 69 1.0
7 70 0 7 70 1.0
7 71 0 7 71 1.0
7 72 0 7 72 1.0
7 73 54 7 66 1.0
7 74 37 7 17 0.875
7 74 104 7 70 0.125
7 75 2 7 16 1.0
7 77 34 7 15 1.0
7 78 4 7 16 0.234375
7 78 34 7 15 0.765625
7 79 13 7 12 1.0
8 0 13 8 60 1.0
8 1 106 8 35 0.78125
8 1 128 8 36 0.21875
8 2 13 8 60 1.0
8 3 13 8 60 1.0
8 5 7 8 60 1.0
8 7 16 8 13 1.0
8 9 16 8 13 1.0
8 10 16 8 13 1.0
8 11 16 8 13 1.0
8 12 0 8 12 1.0
8 13 0 8 13 1.0
8 14 0 8 14 1.0
8 15 0 8 15 1.0
8 16 0 8 16 1.0
8 18 1 8 31 1.0
8 21 1 8 31 1.0
8 22 1 8 31 1.0
8 24 4 8 63 1.0
8 25 4 8 63 1.0
8 26 1 8 60 1.0
8 27 0 8 59 1.0
8 28 0 8 59 1.0
8 32 0 8 32 1.0
8 33 0 8 33 1.0
8 37 0 8 37 1.0
8 40 0 8 16 1.0
8 41 5 8 17 1.0
8 42 2 8 13 1.0
8 45 5 8 71 1.0
8 46 6 8 72 1.0
8 47 5 8 71 1.0
8 48 5 8 71 1.0
8 50 6 8 72 1.0
8 51 6 8 72 1.0
8 53 6 8 37 1.0
8 54 0 8 31 1.0
8 55 0 8 31 1.0
8 56 6 8 37 1.0
8 57 2 8 33 1.0
8 58 4 8 35 1.0
8 60 0 8 60 1.0
8 61 0 8 61 1.0
8 62 0 8 62 1.0
8 63 0 8 63 1.0
8 64 0 8 64 1.0
8 65 0 8 65 1.0
8 66 0 8 66 1.0
8 67 0 8 67 1.0
8 68 0 8 68 1.0
8 69 0 8 69 1.0
8 70 0 8 70 1.0
8 72 0 8 72 1.0
8 73 20 8 13 1.0
8 74 41 8 17 1.0
8 75 14 8 13 1.0
8 76 19 8 13 1.0
8 77 19 8 13 1.0
8 78 15 8 13 1.0
8 79 13 8 12 1.0
9 0 71 9 32 1.0
9 1 27 9 62 0.3125
9 1 53 9 31 0.6875
9 2 62 9 31 1.0
9 3 27 9 62 0.296875
9 3 46 9 65 0.703125
9 4 48 9 65 1.0
9 5 115 9 35 1.0
9 6 17 9 14 1.0
9 7 19 9 17 1.0
9 8 19 9 17 1.0
9 10 3 9 61 0.421875
9 10 5 9 63 0.578125
9 12 0 9 12 1.0
9 14 0 9 14 1.0
9 15 0 9 15 1.0
9 16 0 9 16 1.0
9 17 0 9 17 1.0
9 19 25 9 34 1.0
9 20 7 9 32 1.0
9 21 88 9 71 1.0
9 22 87 9 71 1.0
9 23 89 9 71 1.0
9 24 4 9 63 1.0
9 25 3 9 62 1.0
9 26 2 9 61 1.0
9 27 3 9 62 1.0
9 29 6 9 65 1.0
9 30 4 9 63 1.0
9 31 0 9 31 1.0
9 32 0 9 32 1.0
9 33 0 9 33 1.0
9 34 0 9 34 1.0
9 35 0 9 35 1.0
9 36 0 9 36 1.0
9 37 0 9 37 1.0
9 38 11 9 71 1.0
9 39 11 9 71 1.0
9 40 11 9 71 1.0
9 41 7 9 67 1.0
9 42 6 9 66 1.0
9 44 10 9 70 1.0
9 45 2 9 68 1.0
9 46 5 9 71 1.0
9 48 5 9 71 1.0
9 49 5 9 71 1.0
9 50 0 9 66 1.0
9 51 6 9 72 1.0
9 53 0 9 31 1.0
9 54 3 9 34 1.0
9 55 0 9 31 1.0
9 56 4 9 35 1.0
9 57 6 9 37 1.0
9 58 6 9 37 1.0
9 60 0 9 60 1.0
9 61 0 9 61 1.0
9 62 0 9 62 1.0
9 63 0 9 63 1.0
9 64 0 9 64 1.0
9 65 0 9 65 1.0
9 66 0 9 66 1.0
9 67 0 9 67 1.0
9 68 0 9 68 1.0
9 69 0 9 69 1.0
9 70 0 9 70 1.0
9 71 0 9 71 1.0
9 72 0 9 72 1.0
9 73 94 9 69 1.0
9 74 90 9 69 1.0
9 75 16 9 13 1.0
9 77 27 9 14 1.0
9 78 113 9 71 1.0
9 79 51 9 66 1.0
10 0 27 10 62 0.171875
10 0 70 10 32 0.828125
10 1 71 10 32 1.0
10 2 74 10 32 1.0
10 3 1 10 59 1.0
10 4 133 10 37 1.0
10 5 91 10 34 1.0
10 6 19 10 17 1.0
10 7 16 10 13 1.0
10 8 25 10 71 1.0
10 9 7 10 65 0.71875
10 9 16 10 13 0.28125
10 11 25 10 71 1.0
10 12 0 10 12 1.0
10 13 0 10 13 1.0
10 14 0 10 14 1.0
10 15 0 10 15 1.0
10 16 0 10 16 1.0
10 19 95 10 72 1.0
10 20 41 10 36 1.0
10 21 9 10 32 1.0
10 23 93 10 72 1.0
10 24 6 10 65 1.0
10 25 8 10 32 1.0
10 26 8 10 32 1.0
10 27 8 10 32 1.0
10 28 8 10 32 1.0
10 29 1 10 60 1.0
10 30 5 10 64 1.0
10 31 0 10 31 1.0
10 32 0 10 32 1.0
10 35 0 10 35 1.0
10 37 0 10 37 1.0
10 38 11 10 71 1.0
10 39 11 10 71 1.0
10 40 11 10 71 1.0
10 41 4 10 15 1.0
10 42 12 10 72 1.0
10 44 12 10 72 1.0
10 45 2 10 68 1.0
10 50 4 10 70 1.0
10 51 5 10 71 1.0
10 52 1 10 32 1.0
10 53 0 10 31 1.0
10 54 0 10 31 1.0
10 55 1 10 32 1.0
10 56 5 10 36 1.0
10 57 2 10 33 1.0
10 58 0 10 31 1.0
10 59 0 10 59 1.0
10 60 0 10 60 1.0
10 61 0 10 61 1.0
10 62 0 10 62 1.0
10 63 0 10 63 1.0
10 64 0 10 64 1.0
10 65 0 10 65 1.0
10 66 0 10 66 1.0
10 67 0 10 67 1.0
10 68 0 10 68 1.0
10 69 0 10 69 1.0
10 70 0 10 70 1.0
10 71 0 10 71 1.0
10 72 0 10 72 1.0
10 73 34 10 15 1.0
10 74 48 10 66 1.0
10 75 37 10 17 1.0
10 77 27 10 14 1.0
10 78 124 10 71 1.0
10 79 37 10 17 1.0
11 1 123 11 36 1.0
11 2 13 11 60 1.0
11 4 15 11 61 1.0
11 7 19 11 17 1.0
11 8 1 11 59 1.0
11 10 8 11 31 1.0
11 12 0 11 12 1.0
11 13 0 11 13 1.0
11 14 0 11 14 1.0
11 15 0 11 15 1.0
11 17 0 11 17 1.0
11 18 1 11 31 1.0
11 19 36 11 36 1.0
11 21 1 11 31 1.0
11 22 89 11 71 1.0
11 23 36 11 36 1.0
11 25 4 11 63 1.0
11 26 8 11 32 1.0
11 27 7 11 31 1.0
11 28 1 11 60 1.0
11 29 0 11 59 1.0
11 33 0 11 33 1.0
11 34 0 11 34 1.0
11 35 0 11 35 1.0
11 37 0 11 37 1.0
11 38 0 11 16 1.0
11 39 0 11 16 1.0
11 40 0 11 16 1.0
11 41 1 11 12 1.0
11 42 11 11 71 1.0
11 43 0 11 16 1.0
11 44 1 11 12 1.0
11 45 5 11 71 1.0
11 47 5 11 71 1.0
11 48 5 11 71 1.0
11 49 5 11 71 1.0
11 50 6 11 72 1.0
11 51 4 11 70 1.0
11 52 5 11 36 1.0
11 53 1 11 32 1.0
11 54 1 11 32 1.0
11 55 1 11 32 1.0
11 56 4 11 35 1.0
11 57 1 11 32 1.0
11 58 5 11 36 1.0
11 59 0 11 59 1.0
11 60 0 11 60 1.0
11 61 0 11 61 1.0
11 62 0 11 62 1.0
11 63 0 11 63 1.0
11 64 0 11 64 1.0
11 65 0 11 65 1.0
11 66 0 11 66 1.0
11 67 0 11 67 1.0
11 68 0 11 68 1.0
11 69 0 11 69 1.0
11 70 0 11 70 1.0
11 72 0 11 72 1.0
11 73 2 11 16 1.0
11 75 2 11 16 1.0
11 76 104 11 70 1.0
11 77 13 11 12 1.0
11 78 39 11 17 1.0
11 79 16 11 13 1.0
12 1 20 12 61 1.0
12 2 95 12 44 1.0
12 4 95 12 44 1.0
12 8 0 12 8 1.0
12 9 0 12 9 1.0
12 10 0 12 10 1.0
12 11 0 12 11 1.0
12 13 16 12 8 1.0
12 14 14 12 6 1.0
12 15 14 12 6 1.0
12 16 13 12 44 1.0
12 17 12 12 43 1.0
12 20 138 12 71 1.0
12 22 133 12 71 1.0
12 23 145 12 72 1.0
12 24 4 12 63 1.0
12 25 4 12 63 1.0
12 26 5 12 64 1.0
12 27 1 12 60 1.0
12 28 2 12 61 1.0
12 32 11 12 10 1.0
12 33 8 12 7 1.0
12 34 7 12 6 1.0
12 35 8 12 7 1.0
12 36 8 12 7 1.0
12 38 0 12 38 1.0
12 39 0 12 39 1.0
12 40 0 12 40 1.0
12 41 0 12 41 1.0
12 42 0 12 42 1.0
12 43 0 12 43 1.0
12 45 12 12 71 1.0
12 47 6 12 44 1.0
12 48 6 12 44 1.0
12 49 6 12 44 1.0
12 50 12 12 71 1.0
12 51 3 12 41 1.0
12 52 105 12 7 1.0
12 53 126 12 10 1.0
12 54 98 12 6 1.0
12 55 127 12 10 1.0
12 56 103 12 6 1.0
12 57 138 12 11 1.0
12 58 98 12 6 1.0
12 59 0 12 59 1.0
12 60 0 12 60 1.0
12 62 0 12 62 1.0
12 63 0 12 63 1.0
12 64 0 12 64 1.0
12 65 0 12 65 1.0
12 66 0 12 66 1.0
12 67 0 12 67 1.0
12 68 0 12 68 1.0
12 69 0 12 69 1.0
12 70 0 12 70 1.0
12 72 0 12 72 1.0
12 73 4 12 42 1.0
12 74 6 12 44 1.0
12 75 2 12 40 1.0
12 76 6 12 44 1.0
12 77 1 12 39 1.0
12 78 5 12 43 1.0
12 79 2 12 40 1.0
13 1 6 13 59 1.0
13 2 51 13 38 1.0
13 8 0 13 8 1.0
13 10 0 13 10 1.0
13 11 0 13 11 1.0
13 12 17 13 9 1.0
13 14 11 13 42 1.0
13 15 17 13 9 1.0
13 17 12 13 43 1.0
13 18 133 13 71 1.0
13 19 28 13 40 1.0
13 21 133 13 71 1.0
13 26 1 13 60 1.0
13 27 1 13 60 1.0
13 28 1 13 60 1.0
13 34 10 13 9 1.0
13 36 10 13 9 1.0
13 38 0 13 38 1.0
13 39 0 13 39 1.0
13 40 0 13 40 1.0
13 41 0 13 41 1.0
13 43 0 13 43 1.0
13 47 10 13 69 1.0
13 48 6 13 44 1.0
13 49 10 13 69 1.0
13 50 12 13 71 1.0
13 51 10 13 69 1.0
13 52 105 13 7 1.0
13 53 133 13 11 1.0
13 54 105 13 7 1.0
13 55 127 13 10 1.0
13 56 105 13 7 1.0
13 57 105 13 7 1.0
13 58 105 13 7 1.0
13 63 0 13 63 1.0
13 64 0 13 64 1.0
13 65 0 13 65 1.0
13 66 0 13 66 1.0
13 67 0 13 67 1.0
13 68 0 13 68 1.0
13 72 0 13 72 1.0
13 73 4 13 42 1.0
13 77 6 13 44 1.0
13 78 4 13 42 1.0
14 0 66 14 40 1.0
14 1 66 14 40 1.0
14 2 22 14 62 1.0
14 3 66 14 40 1.0
14 4 66 14 40 1.0
14 5 35 14 64 1.0
14 6 0 14 6 1.0
14 7 0 14 7 1.0
14 8 0 14 8 1.0
14 9 0 14 9 1.0
14 10 0 14 10 1.0
14 11 0 14 11 1.0
14 12 14 14 6 1.0
14 13 16 14 8 1.0
14 15 20 14 66 1.0
14 16 10 14 41 1.0
14 17 14 14 6 1.0
14 18 61 14 42 1.0
14 19 138 14 71 1.0
14 20 44 14 41 1.0
14 21 58 14 42 1.0
14 22 62 14 42 1.0
14 23 110 14 67 1.0
14 24 2 14 61 1.0
14 25 3 14 62 1.0
14 26 6 14 65 1.0
14 27 3 14 62 1.0
14 28 4 14 63 1.0
14 29 1 14 60 1.0
14 30 6 14 65 1.0
14 31 7 14 6 1.0
14 32 0 14 59 1.0
14 33 9 14 8 1.0
14 34 8 14 7 1.0
14 35 2 14 61 1.0
14 36 0 14 59 1.0
14 37 0 14 59 1.0
14 38 0 14 38 1.0
14 39 0 14 39 1.0
14 40 0 14 40 1.0
14 41 0 14 41 1.0
14 42 0 14 42 1.0
14 43 0 14 43 1.0
14 44 0 14 44 1.0
14 45 9 14 68 1.0
14 46 9 14 68 1.0
14 47 1 14 39 1.0
14 48 9 14 68 1.0
14 49 13 14 72 1.0
14 50 7 14 66 1.0
14 51 3 14 41 1.0
14 52 126 14 10 1.0
14 53 77 14 64 1.0
14 54 103 14 6 1.0
14 55 104 14 6 1.0
14 56 104 14 6 1.0
14 57 104 14 6 1.0
14 58 56 14 63 1.0
14 59 0 14 59 1.0
14 60 0 14 60 1.0
14 61 0 14 61 1.0
14 62 0 14 62 1.0
14 63 0 14 63 1.0
14 64 0 14 64 1.0
14 65 0 14 65 1.0
14 66 0 14 66 1.0
14 67 0 14 67 1.0
14 68 0 14 68 1.0
14 69 0 14 69 1.0
14 70 0 14 70 1.0
14 71 0 14 71 1.0
14 72 0 14 72 1.0
14 73 5 14 43 1.0
14 74 2 14 40 1.0
14 75 6 14 44 1.0
14 76 0 14 38 1.0
14 77 2 14 40 1.0
14 78 4 14 42 1.0
14 79 2 14 40 1.0
15 0 63 15 40 1.0
15 1 34 15 63 1.0
15 2 86 15 43 1.0
15 3 48 15 65 1.0
15 4 10 15 60 1.0
15 5 90 15 43 1.0
15 6 0 15 6 1.0
15 7 0 15 7 1.0
15 8 0 15 8 1.0
15 9 0 15 9 1.0
15 10 0 15 10 1.0
15 11 0 15 11 1.0
15 12 14 15 6 1.0
15 13 16 15 8 1.0
15 14 21 15 67 1.0
15 16 26 15 72 1.0
15 17 13 15 44 1.0
15 18 88 15 44 1.0
15 19 95 15 44 1.0
15 20 28 15 40 1.0
15 21 86 15 44 1.0
15 22 85 15 44 1.0
15 23 117 15 68 1.0
15 24 0 15 59 1.0
15 25 5 15 64 1.0
15 26 0 15 59 1.0
15 27 5 15 64 1.0
15 28 6 15 65 1.0
15 29 5 15 64 1.0
15 30 5 15 64 1.0
15 31 12 15 11 1.0
15 32 9 15 8 1.0
15 33 10 15 9 1.0
15 34 12 15 11 1.0
15 35 2 15 61 1.0
15 36 2 15 61 1.0
15 37 10 15 9 1.0
15 38 0 15 38 1.0
15 39 0 15 39 1.0
15 40 0 15 40 1.0
15 41 0 15 41 1.0
15 42 0 15 42 1.0
15 43 0 15 43 1.0
15 44 0 15 44 1.0
15 45 13 15 72 1.0
15 46 4 15 42 1.0
15 47 13 15 72 1.0
15 48 1 15 39 1.0
15 49 6 15 44 1.0
15 50 12 15 71 1.0
15 51 8 15 67 1.0
15 52 119 15 9 1.0
15 53 57 15 63 1.0
15 54 99 15 6 1.0
15 55 105 15 7 1.0
15 56 126 15 10 1.0
15 57 57 15 63 1.0
15 58 119 15 9 1.0
15 59 0 15 59 1.0
15 60 0 15 60 1.0
15 61 0 15 61 1.0
15 62 0 15 62 1.0
15 63 0 15 63 1.0
15 64 0 15 64 1.0
15 65 0 15 65 1.0
15 66 0 15 66 1.0
15 67 0 15 67 1.0
15 68 0 15 68 1.0
15 69 0 15 69 1.0
15 70 0 15 70 1.0
15 71 0 15 71 1.0
15 72 0 15 72 1.0
15 73 1 15 39 1.0
15 74 2 15 40 1.0
15 75 1 15 39 1.0
15 76 0 15 38 1.0
15 77 5 15 43 1.0
15 78 3 15 41 1.0
15 79 5 15 43 1.0
16 1 82 16 42 1.0
16 2 60 16 39 1.0
16 5 59 16 39 1.0
16 6 0 16 6 1.0
16 8 0 16 8 1.0
16 9 0 16 9 1.0
16 10 0 16 10 1.0
16 11 0 16 11 1.0
16 12 13 16 44 1.0
16 14 11 16 42 1.0
16 15 26 16 72 1.0
16 19 133 16 71 1.0
16 20 138 16 71 1.0
16 24 4 16 63 1.0
16 25 4 16 63 1.0
16 26 3 16 62 1.0
16 27 2 16 61 1.0
16 28 1 16 60 1.0
16 29 0 16 59 1.0
16 30 4 16 63 1.0
16 31 8 16 7 1.0
16 33 8 16 7 1.0
16 34 9 16 8 1.0
16 35 8 16 7 1.0
16 36 8 16 7 1.0
16 37 7 16 6 1.0
16 38 0 16 38 1.0
16 40 0 16 40 1.0
16 41 0 16 41 1.0
16 43 0 16 43 1.0
16 44 0 16 44 1.0
16 45 12 16 71 1.0
16 46 13 16 72 1.0
16 47 6 16 44 1.0
16 48 11 16 70 1.0
16 50 11 16 70 1.0
16 51 1 16 39 1.0
16 52 105 16 7 1.0
16 53 98 16 6 1.0
16 54 98 16 6 1.0
16 55 98 16 6 1.0
16 56 109 16 7 1.0
16 57 59 16 63 1.0
16 58 127 16 10 1.0
16 59 0 16 59 1.0
16 60 0 16 60 1.0
16 61 0 16 61 1.0
16 62 0 16 62 1.0
16 63 0 16 63 1.0
16 64 0 16 64 1.0
16 65 0 16 65 1.0
16 66 0 16 66 1.0
16 67 0 16 67 1.0
16 68 0 16 68 1.0
16 69 0 16 69 1.0
16 71 0 16 71 1.0
16 75 0 16 38 1.0
16 77 5 16 43 1.0
16 78 6 16 44 1.0
16 79 5 16 43 1.0
17 0 93 17 44 1.0
17 1 95 17 44 1.0
17 2 95 17 44 1.0
17 6 0 17 6 1.0
17 7 0 17 7 1.0
17 8 0 17 8 1.0
17 9 0 17 9 1.0
17 10 0 17 10 1.0
17 11 0 17 11 1.0
17 12 25 17 71 1.0
17 13 16 17 8 1.0
17 14 24 17 70 1.0
17 15 24 17 70 1.0
17 18 133 17 71 1.0
17 20 133 17 71 1.0
17 22 133 17 71 1.0
17 23 29 17 40 1.0
17 25 4 17 63 1.0
17 26 4 17 63 1.0
17 27 1 17 60 1.0
17 28 0 17 59 1.0
17 30 4 17 63 1.0
17 32 11 17 10 1.0
17 34 9 17 8 1.0
17 35 9 17 8 1.0
17 36 12 17 11 1.0
17 38 0 17 38 1.0
17 39 0 17 39 1.0
17 40 0 17 40 1.0
17 41 0 17 41 1.0
17 42 0 17 42 1.0
17 43 0 17 43 1.0
17 45 12 17 71 1.0
17 46 12 17 71 1.0
17 47 6 17 44 1.0
17 48 12 17 71 1.0
17 49 12 17 71 1.0
17 50 11 17 70 1.0
17 51 13 17 72 1.0
17 52 127 17 10 1.0
17 53 98 17 6 1.0
17 54 99 17 6 1.0
17 55 99 17 6 1.0
17 56 131 17 10 1.0
17 57 57 17 63 1.0
17 58 105 17 7 1.0
17 60 0 17 60 1.0
17 62 0 17 62 1.0
17 63 0 17 63 1.0
17 64 0 17 64 1.0
17 65 0 17 65 1.0
17 66 0 17 66 1.0
17 67 0 17 67 1.0
17 68 0 17 68 1.0
17 69 0 17 69 1.0
17 72 0 17 72 1.0
17 73 4 17 42 1.0
17 75 0 17 38 1.0
17 77 1 17 39 1.0
17 78 1 17 39 1.0
17 79 1 17 39 1.0
18 1 0 18 1 1.0
18 2 0 18 2 1.0
18 3 0 18 3 1.0
18 6 63 18 47 1.0
18 9 68 18 47 1.0
18 10 64 18 47 1.0
18 11 14 18 52 1.0
18 12 18 18 74 1.0
18 13 45 18 73 1.0
18 14 18 18 74 1.0
18 15 57 18 45 1.0
18 19 4 18 53 1.0
18 21 5 18 74 1.0
18 22 1 18 0 1.0
18 23 25 18 50 1.0
18 24 12 18 5 1.0
18 25 1 18 0 1.0
18 26 12 18 5 1.0
18 27 11 18 4 1.0
18 28 11 18 4 1.0
18 31 2 18 52 1.0
18 32 2 18 52 1.0
18 33 2 18 52 1.0
18 34 2 18 52 1.0
18 36 2 18 52 1.0
18 37 2 18 52 1.0
18 38 1 18 76 1.0
18 39 2 18 74 1.0
18 40 0 18 75 1.0
18 41 2 18 74 1.0
18 44 2 18 74 1.0
18 45 0 18 45 1.0
18 46 0 18 46 1.0
18 48 0 18 48 1.0
18 49 0 18 49 1.0
18 50 0 18 50 1.0
18 51 0 18 51 1.0
18 52 0 18 52 1.0
18 53 0 18 53 1.0
18 54 0 18 54 1.0
18 55 0 18 55 1.0
18 56 0 18 56 1.0
18 57 0 18 57 1.0
18 58 0 18 58 1.0
18 59 130 18 4 1.0
18 60 20 18 0 1.0
18 61 132 18 4 1.0
18 62 132 18 4 1.0
18 63 15 18 0 1.0
18 64 123 18 3 1.0
18 65 133 18 5 1.0
18 66 3 18 48 1.0
18 67 6 18 51 1.0
18 68 6 18 51 1.0
18 69 0 18 45 1.0
18 73 0 18 73 1.0
18 75 0 18 75 1.0
18 76 0 18 76 1.0
18 77 0 18 77 1.0
18 78 0 18 78 1.0
18 79 0 18 79 1.0
19 0 0 19 0 1.0
19 1 0 19 1 1.0
19 2 0 19 2 1.0
19 3 0 19 3 1.0
19 4 0 19 4 1.0
19 5 0 19 5 1.0
19 6 87 19 50 1.0
19 7 27 19 54 1.0
19 8 55 19 45 1.0
19 9 93 19 51 1.0
19 10 2 19 55 1.0
19 12 34 19 77 0.59375
19 12 56 19 45 0.40625
19 13 18 19 74 1.0
19 14 4 19 75 1.0
19 15 49 19 45 1.0
19 20 8 19 77 0.125
19 20 17 19 3 0.328125
19 20 19 19 5 0.546875
19 23 8 19 77 1.0
19 24 2 19 53 1.0
19 25 8 19 1 1.0
19 26 11 19 4 1.0
19 27 2 19 53 1.0
19 28 2 19 53 1.0
19 29 6 19 57 1.0
19 30 1 19 0 1.0
19 31 1 19 53 1.0
19 32 4 19 56 1.0
19 33 1 19 53 1.0
19 34 1 19 53 1.0
19 36 6 19 58 1.0
19 38 7 19 45 1.0
19 40 1 19 76 1.0
19 41 13 19 51 1.0
19 42 4 19 77 1.0
19 44 2 19 74 1.0
19 45 0 19 45 1.0
19 46 0 19 46 1.0
19 48 0 19 48 1.0
19 49 0 19 49 1.0
19 50 0 19 50 1.0
19 51 0 19 51 1.0
19 53 0 19 53 1.0
19 54 0 19 54 1.0
19 55 0 19 55 1.0
19 56 0 19 56 1.0
19 57 0 19 57 1.0
19 58 0 19 58 1.0
19 61 122 19 3 1.0
19 62 15 19 0 0.3125
19 62 31 19 53 0.65625
19 62 130 19 4 0.03125
19 63 33 19 53 1.0
19 64 133 19 5 1.0
19 65 113 19 2 1.0
19 66 2 19 47 1.0
19 67 0 19 45 1.0
19 68 5 19 50 1.0
19 69 6 19 51 1.0
19 70 0 19 45 1.0
19 71 0 19 45 1.0
19 72 5 19 50 1.0
19 73 0 19 73 1.0
19 74 0 19 74 1.0
19 77 0 19 77 1.0
19 78 0 19 78 1.0
19 79 0 19 79 1.0
20 0 0 20 0 1.0
20 1 0 20 1 1.0
20 2 0 20 2 1.0
20 3 0 20 3 1.0
20 4 0 20 4 1.0
20 5 0 20 5 1.0
20 6 12 20 53 0.78125
20 6 16 20 52 0.21875
20 7 7 20 53 1.0
20 9 55 20 45 1.0
20 10 79 20 49 1.0
20 12 18 20 74 1.0
20 14 53 20 45 1.0
20 15 32 20 77 1.0
20 17 36 20 78 1.0
20 19 3 20 76 0.09375
20 19 15 20 1 0.890625
20 19 19 20 5 0.015625
20 21 2 20 75 1.0
20 23 7 20 79 1.0
20 24 2 20 53 1.0
20 25 8 20 1 0.140625
20 25 9 20 2 0.859375
20 26 6 20 57 1.0
20 27 3 20 52 1.0
20 29 0 20 55 1.0
20 30 1 20 0 0.09375
20 30 9 20 2 0.375
20 30 10 20 3 0.53125
20 31 1 20 53 1.0
20 32 4 20 56 1.0
20 33 1 20 53 1.0
20 34 1 20 53 1.0
20 35 1 20 53 1.0
20 40 10 20 48 1.0
20 41 2 20 74 1.0
20 42 7 20 45 1.0
20 44 2 20 74 1.0
20 45 0 20 45 1.0
20 47 0 20 47 1.0
20 50 0 20 50 1.0
20 51 0 20 51 1.0
20 52 0 20 52 1.0
20 53 0 20 53 1.0
20 54 0 20 54 1.0
20 55 0 20 55 1.0
20 56 0 20 56 1.0
20 57 0 20 57 1.0
20 58 0 20 58 1.0
20 60 104 20 58 1.0
20 62 136 20 5 1.0
20 63 134 20 5 1.0
20 64 31 20 53 1.0
20 65 15 20 0 1.0
20 67 6 20 51 1.0
20 68 5 20 50 1.0
20 69 5 20 50 1.0
20 70 0 20 45 1.0
20 71 0 20 45 0.046875
20 71 5 20 50 0.953125
20 72 5 20 50 1.0
20 73 0 20 73 1.0
20 74 0 20 74 1.0
20 77 0 20 77 1.0
20 78 0 20 78 1.0
20 79 0 20 79 1.0
21 1 0 21 1 1.0
21 2 0 21 2 1.0
21 3 0 21 3 1.0
21 5 0 21 5 1.0
21 6 14 21 52 1.0
21 10 14 21 52 1.0
21 11 14 21 52 1.0
21 12 45 21 73 1.0
21 14 11 21 76 1.0
21 15 34 21 77 1.0
21 16 45 21 73 1.0
21 18 2 21 75 1.0
21 19 2 21 75 1.0
21 20 4 21 53 1.0
21 22 10 21 73 1.0
21 23 25 21 50 1.0
21 24 1 21 0 1.0
21 25 10 21 3 1.0
21 26 10 21 3 1.0
21 27 1 21 0 1.0
21 28 11 21 4 1.0
21 29 11 21 4 1.0
21 32 6 21 58 1.0
21 33 2 21 52 1.0
21 34 2 21 52 1.0
21 35 2 21 52 1.0
21 36 2 21 52 1.0
21 37 2 21 52 1.0
21 40 10 21 48 1.0
21 41 1 21 76 1.0
21 42 2 21 74 1.0
21 43 1 21 76 1.0
21 45 0 21 45 1.0
21 46 0 21 46 1.0
21 47 0 21 47 1.0
21 48 0 21 48 1.0
21 49 0 21 49 1.0
21 50 0 21 50 1.0
21 51 0 21 51 1.0
21 52 0 21 52 1.0
21 53 0 21 53 1.0
21 54 0 21 54 1.0
21 55 0 21 55 1.0
21 56 0 21 56 1.0
21 57 0 21 57 1.0
21 58 0 21 58 1.0
21 59 130 21 4 1.0
21 60 132 21 4 1.0
21 61 132 21 4 1.0
21 62 130 21 4 1.0
21 63 126 21 4 1.0
21 64 133 21 5 1.0
21 65 123 21 3 1.0
21 66 3 21 48 1.0
21 67 6 21 51 1.0
21 68 6 21 51 1.0
21 69 0 21 45 1.0
21 71 2 21 47 1.0
21 72 3 21 48 1.0
21 73 0 21 73 1.0
21 74 0 21 74 1.0
21 75 0 21 75 1.0
21 76 0 21 76 1.0
21 77 0 21 77 1.0
21 78 0 21 78 1.0
21 79 0 21 79 1.0
22 1 0 22 1 1.0
22 2 0 22 2 1.0
22 4 0 22 4 1.0
22 6 77 22 49 1.0
22 7 78 22 49 1.0
22 8 89 22 50 1.0
22 9 14 22 52 1.0
22 10 78 22 49 1.0
22 11 7 22 53 1.0
22 12 45 22 73 1.0
22 14 48 22 73 1.0
22 15 32 22 77 1.0
22 17 45 22 73 1.0
22 21 2 22 75 1.0
22 23 17 22 3 1.0
22 24 12 22 5 1.0
22 25 1 22 0 1.0
22 26 10 22 3 1.0
22 27 1 22 0 1.0
22 28 10 22 3 1.0
22 30 1 22 0 1.0
22 33 2 22 52 1.0
22 34 2 22 52 1.0
22 35 2 22 52 1.0
22 38 0 22 75 1.0
22 40 2 22 74 1.0
22 41 0 22 75 1.0
22 43 0 22 75 1.0
22 44 0 22 75 1.0
22 45 0 22 45 1.0
22 46 0 22 46 1.0
22 47 0 22 47 1.0
22 48 0 22 48 1.0
22 50 0 22 50 1.0
22 51 0 22 51 1.0
22 53 0 22 53 1.0
22 54 0 22 54 1.0
22 55 0 22 55 1.0
22 56 0 22 56 1.0
22 57 0 22 57 1.0
22 58 0 22 58 1.0
22 61 136 22 5 1.0
22 62 123 22 3 1.0
22 63 133 22 5 1.0
22 64 130 22 4 1.0
22 65 134 22 5 1.0
22 66 0 22 45 1.0
22 67 6 22 51 1.0
22 68 5 22 50 1.0
22 69 0 22 45 1.0
22 70 4 22 49 1.0
22 71 5 22 50 1.0
22 72 4 22 49 1.0
22 73 0 22 73 1.0
22 74 0 22 74 1.0
22 76 0 22 76 1.0
22 77 0 22 77 1.0
22 78 0 22 78 1.0
22 79 0 22 79 1.0
23 0 0 23 0 1.0
23 1 0 23 1 1.0
23 2 0 23 2 1.0
23 3 0 23 3 1.0
23 4 0 23 4 1.0
23 5 0 23 5 1.0
23 6 94 23 51 1.0
23 7 89 23 50 1.0
23 9 91 23 51 1.0
23 10 60 23 46 1.0
23 12 18 23 74 1.0
23 14 130 23 50 1.0
23 15 32 23 77 1.0
23 16 1 23 75 1.0
23 19 18 23 4 1.0
23 20 18 23 4 1.0
23 22 18 23 4 1.0
23 24 1 23 0 0.484375
23 24 2 23 53 0.421875
23 24 12 23 5 0.09375
23 25 8 23 1 1.0
23 26 8 23 1 1.0
23 27 11 23 4 1.0
23 29 8 23 1 1.0
23 30 8 23 1 1.0
23 31 1 23 53 1.0
23 32 1 23 53 1.0
23 33 2 23 52 1.0
23 35 1 23 53 1.0
23 37 1 23 53 1.0
23 39 0 23 75 1.0
23 40 8 23 46 1.0
23 41 4 23 77 1.0
23 42 12 23 50 1.0
23 43 0 23 75 1.0
23 44 2 23 74 1.0
23 45 0 23 45 1.0
23 47 0 23 47 1.0
23 50 0 23 50 1.0
23 51 0 23 51 1.0
23 53 0 23 53 1.0
23 54 0 23 54 1.0
23 55 0 23 55 1.0
23 56 0 23 56 1.0
23 57 0 23 57 1.0
23 58 0 23 58 1.0
23 59 133 23 5 1.0
23 60 136 23 5 1.0
23 62 136 23 5 1.0
23 63 122 23 3 1.0
23 64 130 23 4 1.0
23 65 115 23 2 1.0
23 67 6 23 51 1.0
23 68 5 23 50 1.0
23 69 2 23 47 1.0
23 70 6 23 51 1.0
23 71 6 23 51 1.0
23 72 5 23 50 1.0
23 73 0 23 73 1.0
23 74 0 23 74 1.0
23 76 0 23 76 1.0
23 77 0 23 77 1.0
23 78 0 23 78 1.0
23 79 0 23 79 1.0
24 0 0 24 0 1.0
24 1 0 24 1 1.0
24 2 0 24 2 1.0
24 3 0 24 3 1.0
24 4 0 24 4 1.0
24 5 0 24 5 1.0
24 6 5 24 64 1.0
24 7 4 24 63 1.0
24 8 7 24 31 1.0
24 9 8 24 32 1.0
24 10 6 24 65 1.0
24 14 3 24 62 1.0
24 15 3 24 62 1.0
24 16 4 24 63 1.0
24 19 1 24 0 1.0
24 20 2 24 53 1.0
24 21 1 24 0 1.0
24 22 1 24 0 1.0
24 23 2 24 53 0.015625
24 23 8 24 1 0.53125
24 23 12 24 5 0.453125
24 25 6 24 57 0.921875
24 25 21 24 32 0.078125
24 26 20 24 31 1.0
24 27 9 24 2 1.0
24 29 20 24 31 1.0
24 30 20 24 31 0.9375
24 30 22 24 33 0.0625
24 31 0 24 31 1.0
24 32 0 24 32 1.0
24 34 0 24 34 1.0
24 40 35 24 5 1.0
24 41 67 24 63 1.0
24 42 70 24 63 1.0
24 43 0 24 0 1.0
24 44 11 24 1 1.0
24 45 78 24 2 1.0
24 50 88 24 3 1.0
24 51 116 24 5 1.0
24 53 0 24 53 1.0
24 54 0 24 54 1.0
24 55 0 24 55 1.0
24 56 0 24 56 1.0
24 57 0 24 57 1.0
24 58 0 24 58 1.0
24 63 0 24 63 1.0
24 64 0 24 64 1.0
24 65 0 24 65 1.0
24 66 89 24 31 1.0
24 67 87 24 31 1.0
24 68 50 24 63 1.0
24 69 89 24 31 1.0
24 70 103 24 34 1.0
24 71 1 24 59 1.0
24 72 3 24 59 1.0
24 73 2 24 2 1.0
24 74 4 24 4 1.0
24 76 3 24 3 1.0
24 77 3 24 3 1.0
24 78 2 24 2 1.0
24 79 5 24 5 1.0
25 0 0 25 0 1.0
25 1 0 25 1 1.0
25 2 0 25 2 1.0
25 3 0 25 3 1.0
25 4 0 25 4 1.0
25 5 0 25 5 1.0
25 6 4 25 63 1.0
25 7 3 25 62 1.0
25 8 0 25 59 1.0
25 9 4 25 63 1.0
25 10 4 25 63 1.0
25 11 7 25 31 1.0
25 12 1 25 60 1.0
25 14 3 25 62 1.0
25 15 5 25 64 1.0
25 16 1 25 60 1.0
25 17 0 25 59 1.0
25 18 1 25 0 1.0
25 19 4 25 54 1.0
25 20 6 25 57 0.65625
25 20 8 25 1 0.34375
25 21 11 25 4 1.0
25 22 1 25 0 1.0
25 23 2 25 53 1.0
25 24 0 25 55 0.578125
25 24 20 25 31 0.421875
25 26 6 25 57 1.0
25 27 0 25 55 1.0
25 28 10 25 3 1.0
25 29 11 25 4 1.0
25 30 3 25 52 1.0
25 31 0 25 31 1.0
25 32 0 25 32 1.0
25 33 0 25 33 1.0
25 34 0 25 34 1.0
25 35 0 25 35 1.0
25 36 0 25 36 1.0
25 37 0 25 37 1.0
25 38 0 25 0 1.0
25 39 0 25 0 1.0
25 40 26 25 3 1.0
25 41 45 25 59 1.0
25 42 38 25 5 1.0
25 43 22 25 3 1.0
25 44 18 25 2 1.0
25 45 93 25 3 1.0
25 46 24 25 53 1.0
25 47 20 25 53 1.0
25 48 106 25 4 1.0
25 49 24 25 53 1.0
25 50 16 25 0 1.0
25 51 88 25 3 1.0
25 52 0 25 52 1.0
25 53 0 25 53 1.0
25 54 0 25 54 1.0
25 55 0 25 55 1.0
25 56 0 25 56 1.0
25 57 0 25 57 1.0
25 58 0 25 58 1.0
25 59 0 25 59 1.0
25 60 0 25 60 1.0
25 61 0 25 61 1.0
25 62 0 25 62 1.0
25 63 0 25 63 1.0
25 64 0 25 64 1.0
25 65 0 25 65 1.0
25 67 30 25 61 1.0
25 68 111 25 35 1.0
25 69 113 25 35 1.0
25 70 106 25 34 1.0
25 71 8 25 59 1.0
25 72 86 25 31 1.0
25 73 0 25 0 1.0
25 74 3 25 3 1.0
25 75 4 25 4 1.0
25 76 3 25 3 1.0
25 77 0 25 0 1.0
25 78 2 25 2 1.0
25 79 0 25 0 1.0
26 0 0 26 0 1.0
26 1 0 26 1 1.0
26 2 0 26 2 1.0
26 3 0 26 3 1.0
26 4 0 26 4 1.0
26 5 0 26 5 1.0
26 6 2 26 61 1.0
26 7 1 26 60 1.0
26 8 1 26 60 1.0
26 9 3 26 62 1.0
26 10 7 26 31 1.0
26 11 11 26 35 1.0
26 12 4 26 63 1.0
26 13 1 26 60 1.0
26 14 0 26 59 1.0
26 15 1 26 60 1.0
26 16 4 26 63 1.0
26 17 4 26 63 1.0
26 18 9 26 2 1.0
26 19 1 26 0 1.0
26 20 10 26 3 1.0
26 21 3 26 52 1.0
26 22 8 26 1 1.0
26 23 3 26 52 1.0
26 24 20 26 31 1.0
26 25 20 26 31 1.0
26 27 20 26 31 1.0
26 28 20 26 31 1.0
26 29 20 26 31 1.0
26 30 20 26 31 1.0
26 31 0 26 31 1.0
26 32 0 26 32 1.0
26 33 0 26 33 1.0
26 34 0 26 34 1.0
26 35 0 26 35 1.0
26 36 0 26 36 1.0
26 37 0 26 37 1.0
26 38 2 26 0 1.0
26 39 10 26 1 1.0
26 40 8 26 1 1.0
26 41 11 26 1 1.0
26 42 9 26 1 1.0
26 43 12 26 1 1.0
26 44 18 26 2 1.0
26 45 7 26 0 0.609375
26 45 117 26 5 0.390625
26 46 59 26 1 1.0
26 47 80 26 2 1.0
26 48 16 26 0 1.0
26 49 91 26 3 1.0
26 50 83 26 3 1.0
26 51 24 26 53 1.0
26 52 0 26 52 1.0
26 53 0 26 53 1.0
26 54 0 26 54 1.0
26 55 0 26 55 1.0
26 56 0 26 56 1.0
26 57 0 26 57 1.0
26 58 0 26 58 1.0
26 59 0 26 59 1.0
26 60 0 26 60 1.0
26 61 0 26 61 1.0
26 62 0 26 62 1.0
26 63 0 26 63 1.0
26 64 0 26 64 1.0
26 65 0 26 65 1.0
26 67 89 26 31 1.0
26 68 89 26 31 1.0
26 69 3 26 59 1.0
26 70 125 26 37 1.0
26 71 120 26 37 1.0
26 72 108 26 35 1.0
26 73 3 26 3 1.0
26 74 5 26 5 1.0
26 75 1 26 1 1.0
26 76 4 26 4 1.0
26 77 0 26 0 1.0
26 78 1 26 1 1.0
26 79 1 26 1 1.0
27 0 0 27 0 1.0
27 1 0 27 1 1.0
27 2 0 27 2 1.0
27 3 0 27 3 1.0
27 4 0 27 4 1.0
27 5 0 27 5 1.0
27 6 7 27 31 1.0
27 7 7 27 31 1.0
27 8 0 27 59 1.0
27 9 7 27 31 1.0
27 10 7 27 31 1.0
27 11 7 27 31 1.0
27 12 6 27 65 1.0
27 13 1 27 60 1.0
27 14 0 27 59 1.0
27 15 5 27 64 1.0
27 16 3 27 62 1.0
27 17 2 27 61 1.0
27 18 3 27 52 1.0
27 19 8 27 1 1.0
27 20 3 27 52 1.0
27 21 12 27 5 1.0
27 22 12 27 5 1.0
27 23 10 27 3 1.0
27 24 2 27 53 1.0
27 25 10 27 3 1.0
27 26 0 27 55 1.0
27 28 20 27 31 1.0
27 29 11 27 4 1.0
27 30 20 27 31 1.0
27 31 0 27 31 1.0
27 32 0 27 32 1.0
27 33 0 27 33 1.0
27 34 0 27 34 1.0
27 35 0 27 35 1.0
27 36 0 27 36 1.0
27 37 0 27 37 1.0
27 38 41 27 5 1.0
27 39 18 27 2 1.0
27 40 32 27 4 1.0
27 41 45 27 59 1.0
27 42 34 27 4 1.0
27 43 23 27 3 1.0
27 44 9 27 1 1.0
27 45 50 27 58 1.0
27 46 57 27 1 1.0
27 47 96 27 4 1.0
27 48 12 27 0 1.0
27 49 12 27 0 1.0
27 50 10 27 0 1.0
27 51 81 27 3 1.0
27 52 0 27 52 1.0
27 53 0 27 53 1.0
27 54 0 27 54 1.0
27 55 0 27 55 1.0
27 56 0 27 56 1.0
27 57 0 27 57 1.0
27 58 0 27 58 1.0
27 59 0 27 59 1.0
27 60 0 27 60 1.0
27 61 0 27 61 1.0
27 62 0 27 62 1.0
27 63 0 27 63 1.0
27 64 0 27 64 1.0
27 65 0 27 65 1.0
27 66 67 27 64 1.0
27 67 108 27 35 1.0
27 68 113 27 35 1.0
27 69 88 27 31 1.0
27 70 89 27 31 1.0
27 71 45 27 62 1.0
27 72 87 27 31 1.0
27 73 2 27 2 1.0
27 74 3 27 3 1.0
27 75 1 27 1 1.0
27 76 2 27 2 1.0
27 77 2 27 2 1.0
27 78 2 27 2 1.0
27 79 4 27 4 1.0
28 1 0 28 1 1.0
28 2 0 28 2 1.0
28 3 0 28 3 1.0
28 6 1 28 60 1.0
28 7 3 28 62 1.0
28 8 1 28 60 1.0
28 9 1 28 60 1.0
28 10 7 28 31 1.0
28 11 7 28 31 1.0
28 12 0 28 59 1.0
28 13 1 28 60 1.0
28 14 6 28 65 1.0
28 15 6 28 65 1.0
28 17 1 28 60 1.0
28 20 2 28 53 1.0
28 21 11 28 4 1.0
28 22 11 28 4 1.0
28 25 1 28 0 1.0
28 26 20 28 31 1.0
28 27 20 28 31 1.0
28 32 0 28 32 1.0
28 33 0 28 33 1.0
28 34 0 28 34 1.0
28 35 0 28 35 1.0
28 36 0 28 36 1.0
28 37 0 28 37 1.0
28 39 30 28 4 1.0
28 40 48 28 60 1.0
28 41 20 28 2 1.0
28 43 30 28 4 1.0
28 45 105 28 4 1.0
28 46 24 28 53 1.0
28 47 20 28 53 1.0
28 49 20 28 53 1.0
28 50 96 28 4 1.0
28 51 93 28 3 1.0
28 52 0 28 52 1.0
28 53 0 28 53 1.0
28 54 0 28 54 1.0
28 55 0 28 55 1.0
28 56 0 28 56 1.0
28 57 0 28 57 1.0
28 58 0 28 58 1.0
28 61 0 28 61 1.0
28 62 0 28 62 1.0
28 63 0 28 63 1.0
28 64 0 28 64 1.0
28 65 0 28 65 1.0
28 66 12 28 60 1.0
28 67 30 28 61 1.0
28 68 19 28 60 1.0
28 69 20 28 60 1.0
28 74 4 28 4 1.0
28 76 4 28 4 1.0
28 77 1 28 1 1.0
28 78 1 28 1 1.0
28 79 1 28 1 1.0
29 0 0 29 0 1.0
29 1 0 29 1 1.0
29 2 0 29 2 1.0
29 3 0 29 3 1.0
29 4 0 29 4 1.0
29 5 0 29 5 1.0
29 6 7 29 31 1.0
29 7 12 29 36 1.0
29 8 0 29 59 1.0
29 9 6 29 65 1.0
29 10 9 29 33 1.0
29 11 7 29 31 1.0
29 12 0 29 59 1.0
29 13 4 29 63 1.0
29 14 6 29 65 1.0
29 15 5 29 64 1.0
29 16 0 29 59 1.0
29 17 0 29 59 1.0
29 19 4 29 54 1.0
29 20 9 29 2 1.0
29 21 1 29 0 1.0
29 23 11 29 4 1.0
29 24 24 29 35 1.0
29 25 10 29 3 1.0
29 26 22 29 33 1.0
29 27 22 29 33 1.0
29 28 20 29 31 1.0
29 30 11 29 4 1.0
29 31 0 29 31 1.0
29 32 0 29 32 1.0
29 34 0 29 34 1.0
29 35 0 29 35 1.0
29 36 0 29 36 1.0
29 37 0 29 37 1.0
29 39 30 29 4 1.0
29 40 42 29 59 1.0
29 41 42 29 59 1.0
29 42 22 29 3 1.0
29 43 34 29 4 1.0
29 44 61 29 62 1.0
29 45 59 29 1 1.0
29 46 24 29 53 1.0
29 47 20 29 53 1.0
29 48 24 29 53 1.0
29 49 24 29 53 1.0
29 50 8 29 0 1.0
29 51 74 29 2 1.0
29 52 0 29 52 1.0
29 53 0 29 53 1.0
29 54 0 29 54 1.0
29 55 0 29 55 1.0
29 56 0 29 56 1.0
29 57 0 29 57 1.0
29 58 0 29 58 1.0
29 60 0 29 60 1.0
29 61 0 29 61 1.0
29 62 0 29 62 1.0
29 63 0 29 63 1.0
29 64 0 29 64 1.0
29 65 0 29 65 1.0
29 66 89 29 31 1.0
29 67 84 29 31 1.0
29 68 90 29 32 1.0
29 69 113 29 35 1.0
29 70 3 29 59 1.0
29 71 70 29 64 1.0
29 72 113 29 35 1.0
29 73 3 29 3 1.0
29 74 2 29 2 1.0
29 75 3 29 3 1.0
29 77 2 29 2 1.0
29 78 0 29 0 1.0
29 79 5 29 5 1.0
30 0 0 30 0 1.0
30 1 0 30 1 1.0
30 2 0 30 2 1.0
30 3 0 30 3 1.0
30 4 0 30 4 1.0
30 5 0 30 5 1.0
30 6 8 30 32 1.0
30 7 4 30 63 0.1875
30 7 6 30 65 0.8125
30 9 4 30 63 1.0
30 10 8 30 32 1.0
30 14 4 30 63 1.0
30 15 4 30 63 1.0
30 19 2 30 53 1.0
30 20 8 30 1 1.0
30 21 12 30 5 1.0
30 23 8 30 1 1.0
30 24 3 30 52 1.0
30 25 0 30 55 1.0
30 26 20 30 31 1.0
30 27 12 30 5 1.0
30 29 24 30 35 1.0
30 31 0 30 31 1.0
30 32 0 30 32 1.0
30 34 0 30 34 1.0
30 35 0 30 35 1.0
30 38 28 30 4 1.0
30 39 66 30 63 1.0
30 40 71 30 63 1.0
30 41 67 30 63 1.0
30 42 4 30 0 1.0
30 43 29 30 4 1.0
30 44 32 30 4 0.65625
30 44 68 30 63 0.296875
30 44 69 30 63 0.046875
30 45 92 30 3 1.0
30 49 24 30 53 1.0
30 50 104 30 4 1.0
30 51 108 30 5 1.0
30 53 0 30 53 1.0
30 54 0 30 54 1.0
30 56 0 30 56 1.0
30 57 0 30 57 1.0
30 58 0 30 58 1.0
30 63 0 30 63 1.0
30 64 0 30 64 1.0
30 65 0 30 65 1.0
30 66 84 30 31 1.0
30 67 90 30 32 1.0
30 68 53 30 63 1.0
30 69 89 30 31 1.0
30 70 48 30 63 1.0
30 71 0 30 59 1.0
30 72 55 30 63 1.0
30 73 1 30 1 0.65625
30 73 3 30 3 0.34375
30 74 5 30 5 1.0
30 77 5 30 5 1.0
30 78 2 30 2 1.0
30 79 2 30 2 1.0
31 0 7 31 52 0.40625
31 0 9 31 26 0.59375
31 1 12 31 57 1.0
31 2 6 31 53 1.0
31 3 9 31 26 1.0
31 4 12 31 57 1.0
31 5 9 31 26 1.0
31 6 0 31 6 1.0
31 7 0 31 7 1.0
31 9 0 31 9 1.0
31 10 0 31 10 1.0
31 14 7 31 6 1.0
31 15 12 31 11 1.0
31 17 12 31 11 1.0
31 19 1 31 53 1.0
31 20 5 31 57 1.0
31 23 1 31 53 1.0
31 24 0 31 24 1.0
31 25 0 31 25 1.0
31 26 0 31 26 1.0
31 27 0 31 27 1.0
31 29 0 31 29 1.0
31 30 0 31 30 1.0
31 32 14 31 59 0.296875
31 32 18 31 63 0.703125
31 39 41 31 65 1.0
31 40 118 31 11 1.0
31 41 31 31 64 1.0
31 42 102 31 10 1.0
31 44 29 31 63 1.0
31 45 27 31 56 1.0
31 48 80 31 11 1.0
31 50 80 31 11 1.0
31 51 81 31 11 1.0
31 52 0 31 52 1.0
31 53 0 31 53 1.0
31 54 0 31 54 1.0
31 55 0 31 55 1.0
31 56 0 31 56 1.0
31 57 0 31 57 1.0
31 58 0 31 58 1.0
31 61 0 31 61 1.0
31 62 0 31 62 1.0
31 63 0 31 63 1.0
31 64 0 31 64 1.0
31 65 0 31 65 1.0
31 66 5 31 11 1.0
31 67 2 31 8 1.0
31 68 2 31 8 1.0
31 69 4 31 10 1.0
31 70 1 31 7 1.0
31 71 4 31 10 1.0
31 72 2 31 8 1.0
31 73 93 31 56 1.0
31 74 96 31 56 1.0
31 75 72 31 26 1.0
31 76 72 31 26 1.0
31 77 122 31 58 1.0
31 78 30 31 30 1.0
31 79 45 31 53 1.0
32 0 6 32 53 1.0
32 1 4 32 30 1.0
32 2 2 32 55 1.0
32 3 6 32 53 1.0
32 4 6 32 53 1.0
32 5 6 32 53 1.0
32 6 0 32 6 1.0
32 7 0 32 7 1.0
32 8 0 32 8 1.0
32 9 0 32 9 1.0
32 10 0 32 10 1.0
32 11 0 32 11 1.0
32 12 7 32 6 1.0
32 13 10 32 9 1.0
32 14 5 32 64 1.0
32 15 0 32 59 1.0
32 16 10 32 9 1.0
32 17 10 32 9 1.0
32 18 2 32 52 1.0
32 19 1 32 53 1.0
32 20 5 32 57 1.0
32 21 6 32 58 1.0
32 22 2 32 52 1.0
32 23 5 32 57 1.0
32 24 0 32 24 1.0
32 25 0 32 25 1.0
32 26 0 32 26 1.0
32 27 0 32 27 1.0
32 28 0 32 28 1.0
32 29 0 32 29 1.0
32 30 0 32 30 1.0
32 31 3 32 27 0.265625
32 31 25 32 10 0.734375
32 33 24 32 9 1.0
32 34 24 32 9 1.0
32 35 21 32 6 1.0
32 36 24 32 9 1.0
32 37 24 32 9 1.0
32 38 70 32 8 1.0
32 39 53 32 6 1.0
32 40 91 32 9 1.0
32 41 56 32 7 1.0
32 42 1 32 59 1.0
32 43 91 32 9 1.0
32 44 61 32 7 1.0
32 45 21 32 54 1.0
32 46 11 32 53 1.0
32 47 7 32 53 1.0
32 48 11 32 53 1.0
32 49 67 32 9 1.0
32 50 67 32 9 1.0
32 51 54 32 7 1.0
32 52 0 32 52 1.0
32 53 0 32 53 1.0
32 54 0 32 54 1.0
32 55 0 32 55 1.0
32 56 0 32 56 1.0
32 57 0 32 57 1.0
32 58 0 32 58 1.0
32 59 0 32 59 1.0
32 60 0 32 60 1.0
32 61 0 32 61 1.0
32 62 0 32 62 1.0
32 63 0 32 63 1.0
32 64 0 32 64 1.0
32 65 0 32 65 1.0
32 66 3 32 9 1.0
32 67 4 32 10 1.0
32 68 1 32 7 1.0
32 69 2 32 8 1.0
32 70 4 32 10 1.0
32 71 4 32 10 1.0
32 72 2 32 8 1.0
32 73 20 32 55 1.0
32 74 85 32 54 1.0
32 75 75 32 26 1.0
32 76 0 32 24 1.0
32 77 4 32 24 1.0
32 78 31 32 30 1.0
32 79 31 32 30 1.0
33 1 1 33 25 1.0
33 2 1 33 25 1.0
33 6 0 33 6 1.0
33 7 0 33 7 1.0
33 8 0 33 8 1.0
33 9 0 33 9 1.0
33 11 0 33 11 1.0
33 12 11 33 10 1.0
33 14 12 33 11 1.0
33 15 12 33 11 1.0
33 16 12 33 11 1.0
33 17 9 33 8 1.0
33 18 6 33 58 1.0
33 19 1 33 53 1.0
33 20 1 33 53 1.0
33 21 3 33 54 1.0
33 22 0 33 55 1.0
33 23 2 33 52 1.0
33 24 0 33 24 1.0
33 25 0 33 25 1.0
33 26 0 33 26 1.0
33 27 0 33 27 1.0
33 28 0 33 28 1.0
33 29 0 33 29 1.0
33 32 25 33 10 1.0
33 34 4 33 30 1.0
33 35 4 33 30 1.0
33 36 4 33 30 1.0
33 37 4 33 30 1.0
33 38 70 33 8 1.0
33 39 70 33 8 1.0
33 40 11 33 60 1.0
33 41 7 33 60 1.0
33 42 70 33 8 1.0
33 43 70 33 8 1.0
33 45 13 33 52 1.0
33 46 68 33 9 1.0
33 47 43 33 6 1.0
33 48 7 33 53 1.0
33 49 68 33 9 1.0
33 50 41 33 58 1.0
33 51 74 33 10 1.0
33 52 0 33 52 1.0
33 53 0 33 53 1.0
33 54 0 33 54 1.0
33 55 0 33 55 1.0
33 56 0 33 56 1.0
33 57 0 33 57 1.0
33 58 0 33 58 1.0
33 59 0 33 59 1.0
33 60 0 33 60 1.0
33 61 0 33 61 1.0
33 62 0 33 62 1.0
33 63 0 33 63 1.0
33 64 0 33 64 1.0
33 65 0 33 65 1.0
33 66 3 33 9 1.0
33 67 3 33 9 1.0
33 68 3 33 9 1.0
33 69 1 33 7 1.0
33 70 5 33 11 1.0
33 71 1 33 7 1.0
33 72 2 33 8 1.0
33 73 4 33 24 1.0
33 74 70 33 28 1.0
33 75 72 33 26 1.0
33 76 74 33 26 1.0
33 77 30 33 30 1.0
33 78 52 33 53 1.0
33 79 112 33 57 1.0
34 0 4 34 30 1.0
34 1 9 34 26 1.0
34 2 0 34 24 1.0
34 3 0 34 24 1.0
34 4 4 34 30 1.0
34 5 0 34 24 1.0
34 7 0 34 7 1.0
34 8 0 34 8 1.0
34 9 0 34 9 1.0
34 10 0 34 10 1.0
34 11 0 34 11 1.0
34 12 7 34 6 1.0
34 14 8 34 7 1.0
34 15 12 34 11 1.0
34 16 12 34 11 1.0
34 17 9 34 8 1.0
34 18 2 34 52 1.0
34 19 2 34 52 1.0
34 20 1 34 53 1.0
34 21 2 34 52 1.0
34 22 2 34 52 1.0
34 23 1 34 53 1.0
34 25 0 34 25 1.0
34 26 0 34 26 1.0
34 27 0 34 27 1.0
34 28 0 34 28 1.0
34 29 0 34 29 1.0
34 31 9 34 26 1.0
34 32 25 34 10 1.0
34 33 4 34 30 1.0
34 35 0 34 24 1.0
34 36 4 34 30 1.0
34 37 4 34 30 1.0
34 38 70 34 8 1.0
34 39 49 34 6 1.0
34 40 26 34 63 1.0
34 41 19 34 62 1.0
34 42 70 34 8 1.0
34 43 70 34 8 1.0
34 44 43 34 6 1.0
34 45 13 34 52 1.0
34 46 43 34 6 1.0
34 47 75 34 10 1.0
34 48 47 34 6 1.0
34 49 47 34 6 1.0
34 50 41 34 58 1.0
34 51 82 34 11 1.0
34 52 0 34 52 1.0
34 53 0 34 53 1.0
34 54 0 34 54 1.0
34 55 0 34 55 1.0
34 56 0 34 56 1.0
34 57 0 34 57 1.0
34 58 0 34 58 1.0
34 59 0 34 59 1.0
34 60 0 34 60 1.0
34 61 0 34 61 1.0
34 62 0 34 62 1.0
34 63 0 34 63 1.0
34 64 0 34 64 1.0
34 65 0 34 65 1.0
34 66 4 34 10 1.0
34 67 2 34 8 1.0
34 68 2 34 8 1.0
34 69 2 34 8 1.0
34 70 0 34 6 1.0
34 72 0 34 6 1.0
34 73 44 34 53 1.0
34 74 70 34 28 1.0
34 75 35 34 30 1.0
34 76 74 34 26 1.0
34 77 0 34 24 1.0
34 78 52 34 53 1.0
34 79 112 34 57 1.0
35 1 9 35 26 1.0
35 2 1 35 25 1.0
35 5 0 35 24 1.0
35 7 0 35 7 1.0
35 8 0 35 8 1.0
35 10 0 35 10 1.0
35 11 0 35 11 1.0
35 14 12 35 11 1.0
35 15 12 35 11 1.0
35 16 12 35 11 1.0
35 17 9 35 8 1.0
35 18 2 35 52 1.0
35 20 1 35 53 1.0
35 21 2 35 52 1.0
35 25 0 35 25 1.0
35 26 0 35 26 1.0
35 27 0 35 27 1.0
35 28 0 35 28 1.0
35 29 0 35 29 1.0
35 33 0 35 24 1.0
35 34 4 35 30 1.0
35 36 26 35 11 1.0
35 37 4 35 30 1.0
35 39 70 35 8 1.0
35 40 111 35 11 1.0
35 41 107 35 11 1.0
35 42 70 35 8 1.0
35 45 13 35 52 1.0
35 46 11 35 53 1.0
35 47 7 35 53 1.0
35 48 11 35 53 1.0
35 49 11 35 53 1.0
35 50 11 35 53 1.0
35 51 75 35 10 1.0
35 52 0 35 52 1.0
35 53 0 35 53 1.0
35 54 0 35 54 1.0
35 55 0 35 55 1.0
35 56 0 35 56 1.0
35 57 0 35 57 1.0
35 58 0 35 58 1.0
35 59 0 35 59 1.0
35 60 0 35 60 1.0
35 61 0 35 61 1.0
35 62 0 35 62 1.0
35 63 0 35 63 1.0
35 64 0 35 64 1.0
35 65 0 35 65 1.0
35 66 5 35 11 1.0
35 67 2 35 8 1.0
35 68 2 35 8 1.0
35 69 5 35 11 1.0
35 70 3 35 9 1.0
35 73 70 35 28 1.0
35 76 72 35 26 1.0
35 77 30 35 30 1.0
35 78 52 35 53 1.0
35 79 44 35 53 1.0
36 1 1 36 25 1.0
36 2 13 36 58 1.0
36 3 1 36 25 1.0
36 5 4 36 30 1.0
36 6 0 36 6 1.0
36 7 0 36 7 1.0
36 8 0 36 8 1.0
36 9 0 36 9 1.0
36 10 0 36 10 1.0
36 11 0 36 11 1.0
36 12 2 36 61 1.0
36 13 1 36 60 1.0
36 14 7 36 6 1.0
36 15 7 36 6 1.0
36 16 12 36 11 1.0
36 17 9 36 8 1.0
36 18 2 36 52 1.0
36 19 2 36 52 1.0
36 20 1 36 53 1.0
36 21 2 36 52 1.0
36 22 2 36 52 1.0
36 23 1 36 53 1.0
36 24 0 36 24 1.0
36 25 0 36 25 1.0
36 26 0 36 26 1.0
36 27 0 36 27 1.0
36 28 0 36 28 1.0
36 29 0 36 29 1.0
36 30 0 36 30 1.0
36 32 25 36 10 1.0
36 33 0 36 24 1.0
36 34 15 36 60 1.0
36 35 0 36 24 1.0
36 37 0 36 24 1.0
36 38 70 36 8 1.0
36 39 70 36 8 1.0
36 40 7 36 60 1.0
36 41 19 36 62 1.0
36 42 70 36 8 1.0
36 43 70 36 8 1.0
36 45 13 36 52 1.0
36 46 11 36 53 1.0
36 47 11 36 53 1.0
36 48 47 36 6 1.0
36 49 11 36 53 1.0
36 50 63 36 9 1.0
36 51 13 36 52 1.0
36 52 0 36 52 1.0
36 53 0 36 53 1.0
36 54 0 36 54 1.0
36 55 0 36 55 1.0
36 56 0 36 56 1.0
36 57 0 36 57 1.0
36 58 0 36 58 1.0
36 59 0 36 59 1.0
36 60 0 36 60 1.0
36 61 0 36 61 1.0
36 62 0 36 62 1.0
36 63 0 36 63 1.0
36 64 0 36 64 1.0
36 65 0 36 65 1.0
36 66 5 36 11 1.0
36 67 1 36 7 1.0
36 68 1 36 7 1.0
36 69 1 36 7 1.0
36 70 5 36 11 1.0
36 71 3 36 9 1.0
36 72 5 36 11 1.0
36 73 70 36 28 1.0
36 74 70 36 28 1.0
36 75 30 36 30 1.0
36 76 30 36 30 1.0
36 77 30 36 30 1.0
36 78 8 36 25 1.0
36 79 9 36 25 1.0
37 0 1 37 25 1.0
37 1 0 37 24 1.0
37 3 1 37 25 1.0
37 7 0 37 7 1.0
37 8 0 37 8 1.0
37 9 0 37 9 1.0
37 11 0 37 11 1.0
37 12 7 37 6 1.0
37 13 7 37 6 1.0
37 14 12 37 11 1.0
37 15 12 37 11 1.0
37 16 12 37 11 1.0
37 17 9 37 8 1.0
37 18 6 37 58 1.0
37 19 2 37 52 1.0
37 20 1 37 53 1.0
37 21 6 37 58 1.0
37 22 6 37 58 1.0
37 23 2 37 52 1.0
37 24 0 37 24 1.0
37 25 0 37 25 1.0
37 26 0 37 26 1.0
37 27 0 37 27 1.0
37 28 0 37 28 1.0
37 29 0 37 29 1.0
37 30 0 37 30 1.0
37 32 25 37 10 1.0
37 33 4 37 30 1.0
37 34 15 37 60 1.0
37 35 14 37 59 1.0
37 36 4 37 30 1.0
37 38 70 37 8 1.0
37 39 70 37 8 1.0
37 40 5 37 59 1.0
37 41 87 37 9 1.0
37 42 118 37 11 1.0
37 43 70 37 8 1.0
37 45 13 37 52 1.0
37 46 47 37 6 1.0
37 47 11 37 53 1.0
37 48 47 37 6 1.0
37 49 11 37 53 1.0
37 50 63 37 9 1.0
37 51 13 37 52 1.0
37 52 0 37 52 1.0
37 53 0 37 53 1.0
37 54 0 37 54 1.0
37 55 0 37 55 1.0
37 56 0 37 56 1.0
37 57 0 37 57 1.0
37 58 0 37 58 1.0
37 59 0 37 59 1.0
37 60 0 37 60 1.0
37 61 0 37 61 1.0
37 62 0 37 62 1.0
37 63 0 37 63 1.0
37 64 0 37 64 1.0
37 65 0 37 65 1.0
37 66 1 37 7 1.0
37 67 2 37 8 1.0
37 68 2 37 8 1.0
37 69 2 37 8 1.0
37 70 0 37 6 1.0
37 72 4 37 10 1.0
37 73 70 37 28 1.0
37 74 70 37 28 1.0
37 75 72 37 26 1.0
37 76 72 37 26 1.0
37 77 34 37 30 1.0
37 78 8 37 25 1.0
37 79 74 37 26 1.0
38 0 2 38 74 1.0
38 1 2 38 74 1.0
38 2 2 38 74 1.0
38 7 11 38 71 1.0
38 8 5 38 17 1.0
38 9 11 38 71 1.0
38 10 11 38 71 1.0
38 12 0 38 12 1.0
38 13 0 38 13 1.0
38 14 0 38 14 1.0
38 15 0 38 15 1.0
38 16 0 38 16 1.0
38 18 1 38 76 1.0
38 20 12 38 50 1.0
38 22 6 38 73 1.0
38 25 2 38 75 1.0
38 26 35 38 78 1.0
38 27 26 38 77 1.0
38 29 4 38 75 1.0
38 31 79 38 66 1.0
38 33 85 38 67 1.0
38 34 88 38 67 1.0
38 35 85 38 67 1.0
38 36 88 38 67 1.0
38 39 11 38 48 1.0
38 40 8 38 45 1.0
38 41 8 38 45 1.0
38 42 25 38 71 1.0
38 43 11 38 48 1.0
38 46 0 38 46 1.0
38 47 0 38 47 1.0
38 50 0 38 50 1.0
38 51 0 38 51 1.0
38 52 119 38 50 1.0
38 53 85 38 45 1.0
38 54 83 38 73 1.0
38 55 36 38 79 1.0
38 56 81 38 73 1.0
38 57 35 38 74 1.0
38 58 83 38 73 1.0
38 61 5 38 17 1.0
38 62 5 38 17 1.0
38 63 3 38 14 1.0
38 64 4 38 15 1.0
38 65 3 38 14 1.0
38 66 0 38 66 1.0
38 67 0 38 67 1.0
38 68 0 38 68 1.0
38 69 0 38 69 1.0
38 71 0 38 71 1.0
38 72 0 38 72 1.0
38 76 0 38 76 1.0
38 77 0 38 77 1.0
38 78 0 38 78 1.0
38 79 0 38 79 1.0
39 1 2 39 74 1.0
39 2 2 39 74 1.0
39 7 11 39 71 1.0
39 8 5 39 17 1.0
39 9 11 39 71 1.0
39 10 7 39 67 1.0
39 11 5 39 17 1.0
39 12 0 39 12 1.0
39 13 0 39 13 1.0
39 14 0 39 14 1.0
39 15 0 39 15 1.0
39 19 1 39 76 1.0
39 20 12 39 50 1.0
39 21 1 39 76 1.0
39 22 1 39 76 1.0
39 25 81 39 17 1.0
39 26 0 39 75 1.0
39 27 13 39 74 1.0
39 30 8 39 76 1.0
39 33 85 39 67 1.0
39 34 88 39 67 1.0
39 35 85 39 67 1.0
39 36 0 39 16 1.0
39 37 67 39 17 1.0
39 38 7 39 16 1.0
39 40 11 39 48 1.0
39 41 11 39 48 1.0
39 42 14 39 51 1.0
39 43 7 39 16 1.0
39 45 0 39 45 1.0
39 46 0 39 46 1.0
39 47 0 39 47 1.0
39 50 0 39 50 1.0
39 51 0 39 51 1.0
39 52 83 39 73 1.0
39 53 103 39 48 1.0
39 54 56 39 77 1.0
39 55 36 39 79 1.0
39 56 81 39 73 1.0
39 57 36 39 79 1.0
39 58 47 39 79 1.0
39 61 5 39 17 1.0
39 62 0 39 16 1.0
39 63 3 39 14 1.0
39 64 4 39 15 1.0
39 65 3 39 14 1.0
39 66 0 39 66 1.0
39 67 0 39 67 1.0
39 68 0 39 68 1.0
39 69 0 39 69 1.0
39 70 0 39 70 1.0
39 71 0 39 71 1.0
39 72 0 39 72 1.0
39 73 0 39 73 1.0
39 75 0 39 75 1.0
39 77 0 39 77 1.0
39 78 0 39 78 1.0
39 79 0 39 79 1.0
40 0 3 40 79 1.0
40 1 0 40 75 1.0
40 2 0 40 75 1.0
40 3 3 40 79 1.0
40 4 0 40 75 1.0
40 5 2 40 74 1.0
40 6 2 40 13 1.0
40 7 2 40 13 1.0
40 8 3 40 14 1.0
40 9 0 40 16 1.0
40 10 7 40 67 1.0
40 11 6 40 66 1.0
40 12 0 40 12 1.0
40 13 0 40 13 1.0
40 14 0 40 14 1.0
40 15 0 40 15 1.0
40 16 0 40 16 1.0
40 17 0 40 17 1.0
40 18 2 40 74 1.0
40 19 3 40 79 1.0
40 20 0 40 75 1.0
40 21 2 40 74 1.0
40 22 10 40 48 1.0
40 23 3 40 79 1.0
40 24 3 40 75 1.0
40 25 11 40 76 1.0
40 26 4 40 75 1.0
40 27 13 40 74 1.0
40 28 20 40 79 1.0
40 29 37 40 73 1.0
40 30 4 40 75 1.0
40 31 103 40 70 1.0
40 32 114 40 72 1.0
40 33 113 40 71 1.0
40 34 36 40 13 1.0
40 35 101 40 69 1.0
40 36 89 40 67 1.0
40 37 83 40 66 1.0
40 38 11 40 48 1.0
40 39 26 40 72 1.0
40 41 15 40 12 1.0
40 42 25 40 71 1.0
40 43 3 40 79 1.0
40 44 15 40 12 1.0
40 45 0 40 45 1.0
40 46 0 40 46 1.0
40 47 0 40 47 1.0
40 48 0 40 48 1.0
40 49 0 40 49 1.0
40 50 0 40 50 1.0
40 51 0 40 51 1.0
40 52 4 40 75 1.0
40 53 104 40 48 1.0
40 54 82 40 73 1.0
40 55 48 40 77 1.0
40 56 5 40 75 1.0
40 57 3 40 75 1.0
40 58 9 40 75 1.0
40 59 4 40 15 1.0
40 60 3 40 14 1.0
40 61 4 40 15 1.0
40 62 5 40 17 1.0
40 63 0 40 16 1.0
40 64 4 40 15 1.0
40 65 3 40 14 1.0
40 66 0 40 66 1.0
40 67 0 40 67 1.0
40 68 0 40 68 1.0
40 69 0 40 69 1.0
40 70 0 40 70 1.0
40 71 0 40 71 1.0
40 72 0 40 72 1.0
40 73 0 40 73 1.0
40 74 0 40 74 1.0
40 75 0 40 75 1.0
40 76 0 40 76 1.0
40 77 0 40 77 1.0
40 78 0 40 78 1.0
40 79 0 40 79 1.0
41 0 3 41 79 1.0
41 1 0 41 75 1.0
41 2 5 41 78 0.546875
41 2 6 41 73 0.453125
41 3 3 41 79 1.0
41 4 4 41 77 1.0
41 5 3 41 79 1.0
41 6 0 41 16 0.40625
41 6 3 41 14 0.59375
41 7 10 41 70 1.0
41 8 0 41 16 1.0
41 9 7 41 67 1.0
41 10 7 41 67 1.0
41 11 2 41 13 1.0
41 12 0 41 12 1.0
41 13 0 41 13 1.0
41 14 0 41 14 1.0
41 15 0 41 15 1.0
41 16 0 41 16 1.0
41 17 0 41 17 1.0
41 18 6 41 73 1.0
41 19 7 41 45 1.0
41 20 2 41 74 1.0
41 21 6 41 73 1.0
41 22 1 41 76 1.0
41 23 2 41 74 1.0
41 24 1 41 75 1.0
41 25 29 41 77 1.0
41 26 24 41 77 1.0
41 27 25 41 77 1.0
41 28 27 41 77 1.0
41 29 25 41 77 1.0
41 30 28 41 77 1.0
41 31 61 41 15 1.0
41 32 93 41 68 1.0
41 33 115 41 72 1.0
41 34 86 41 67 1.0
41 35 108 41 71 1.0
41 36 36 41 13 1.0
41 37 116 41 72 1.0
41 38 24 41 70 1.0
41 39 26 41 72 1.0
41 40 20 41 66 1.0
41 42 8 41 45 0.453125
41 42 10 41 47 0.546875
41 43 8 41 45 1.0
41 44 18 41 15 1.0
41 45 0 41 45 1.0
41 46 0 41 46 1.0
41 47 0 41 47 1.0
41 48 0 41 48 1.0
41 49 0 41 49 1.0
41 50 0 41 50 1.0
41 51 0 41 51 1.0
41 52 45 41 79 1.0
41 53 18 41 76 1.0
41 54 28 41 74 1.0
41 55 119 41 50 1.0
41 56 119 41 50 1.0
41 57 29 41 74 1.0
41 58 31 41 74 1.0
41 59 4 41 15 1.0
41 60 4 41 15 1.0
41 61 4 41 15 1.0
41 62 5 41 17 1.0
41 63 0 41 16 1.0
41 64 0 41 16 1.0
41 65 3 41 14 1.0
41 66 0 41 66 1.0
41 67 0 41 67 1.0
41 68 0 41 68 1.0
41 69 0 41 69 1.0
41 70 0 41 70 1.0
41 71 0 41 71 1.0
41 72 0 41 72 1.0
41 73 0 41 73 1.0
41 74 0 41 74 1.0
41 75 0 41 75 1.0
41 76 0 41 76 1.0
41 77 0 41 77 1.0
41 78 0 41 78 1.0
41 79 0 41 79 1.0
42 0 2 42 74 0.390625
42 0 4 42 77 0.609375
42 1 2 42 74 1.0
42 2 4 42 77 1.0
42 3 5 42 78 1.0
42 4 3 42 79 1.0
42 5 3 42 79 0.484375
42 5 4 42 77 0.515625
42 6 7 42 67 1.0
42 7 10 42 70 1.0
42 9 0 42 16 1.0
42 10 12 42 72 1.0
42 11 2 42 13 1.0
42 12 0 42 12 1.0
42 14 0 42 14 1.0
42 15 0 42 15 1.0
42 17 0 42 17 1.0
42 19 7 42 45 1.0
42 20 4 42 77 1.0
42 23 4 42 77 1.0
42 24 0 42 75 0.53125
42 24 32 42 78 0.359375
42 24 47 42 16 0.109375
42 25 15 42 74 0.53125
42 25 42 42 16 0.46875
42 26 67 42 14 1.0
42 27 46 42 16 1.0
42 29 31 42 78 1.0
42 30 29 42 77 0.921875
42 30 47 42 16 0.078125
42 31 84 42 67 0.40625
42 31 85 42 67 0.59375
42 32 88 42 67 1.0
42 33 85 42 67 1.0
42 34 29 42 13 0.25
42 34 36 42 13 0.75
42 35 7 42 16 1.0
42 38 6 42 73 1.0
42 40 7 42 16 1.0
42 41 2 42 74 0.328125
42 41 24 42 70 0.671875
42 43 6 42 73 1.0
42 44 11 42 48 1.0
42 45 0 42 45 1.0
42 47 0 42 47 1.0
42 48 0 42 48 1.0
42 49 0 42 49 1.0
42 50 0 42 50 1.0
42 51 0 42 51 1.0
42 52 119 42 50 1.0
42 53 115 42 50 1.0
42 54 65 42 78 1.0
42 55 48 42 77 1.0
42 56 24 42 74 1.0
42 57 24 42 74 1.0
42 58 67 42 78 1.0
42 59 2 42 13 1.0
42 62 2 42 13 1.0
42 63 0 42 16 1.0
42 64 4 42 15 1.0
42 65 3 42 14 1.0
42 66 0 42 66 1.0
42 67 0 42 67 1.0
42 68 0 42 68 1.0
42 69 0 42 69 1.0
42 70 0 42 70 1.0
42 71 0 42 71 1.0
42 72 0 42 72 1.0
42 73 0 42 73 1.0
42 74 0 42 74 1.0
42 77 0 42 77 1.0
42 78 0 42 78 1.0
42 79 0 42 79 1.0
43 0 2 43 74 1.0
43 1 2 43 74 1.0
43 3 6 43 73 1.0
43 5 2 43 74 1.0
43 6 5 43 17 1.0
43 8 5 43 17 1.0
43 9 5 43 17 1.0
43 10 5 43 17 1.0
43 11 5 43 17 1.0
43 12 0 43 12 1.0
43 13 0 43 13 1.0
43 14 0 43 14 1.0
43 15 0 43 15 1.0
43 16 0 43 16 1.0
43 25 11 43 76 1.0
43 26 78 43 17 1.0
43 27 81 43 17 1.0
43 28 81 43 17 1.0
43 31 49 43 14 1.0
43 32 106 43 70 1.0
43 33 85 43 67 1.0
43 34 67 43 17 0.109375
43 34 76 43 17 0.890625
43 36 88 43 67 1.0
43 37 78 43 66 1.0
43 38 1 43 76 1.0
43 39 1 43 76 1.0
43 40 8 43 45 1.0
43 41 8 43 45 1.0
43 42 25 43 71 1.0
43 44 19 43 17 1.0
43 46 0 43 46 1.0
43 47 0 43 47 1.0
43 48 0 43 48 1.0
43 49 0 43 49 1.0
43 50 0 43 50 1.0
43 51 0 43 51 1.0
43 52 24 43 74 1.0
43 53 104 43 48 1.0
43 54 31 43 74 1.0
43 55 14 43 76 1.0
43 56 35 43 74 1.0
43 57 46 43 79 1.0
43 58 47 43 79 1.0
43 60 2 43 13 1.0
43 62 5 43 17 1.0
43 63 3 43 14 1.0
43 64 4 43 15 1.0
43 65 3 43 14 1.0
43 66 0 43 66 1.0
43 67 0 43 67 1.0
43 68 0 43 68 1.0
43 69 0 43 69 1.0
43 71 0 43 71 1.0
43 73 0 43 73 1.0
43 74 0 43 74 1.0
43 77 0 43 77 1.0
43 78 0 43 78 1.0
43 79 0 43 79 1.0
44 0 6 44 73 1.0
44 1 2 44 74 1.0
44 2 1 44 76 0.875
44 2 4 44 77 0.125
44 3 3 44 79 0.46875
44 3 4 44 77 0.53125
44 4 2 44 74 1.0
44 5 6 44 73 1.0
44 6 3 44 14 1.0
44 7 3 44 14 1.0
44 8 3 44 14 1.0
44 9 10 44 70 1.0
44 10 10 44 70 1.0
44 14 0 44 14 1.0
44 15 0 44 15 1.0
44 16 0 44 16 1.0
44 19 3 44 79 1.0
44 20 3 44 79 1.0
44 23 5 44 78 1.0
44 24 29 44 77 0.578125
44 24 65 44 14 0.421875
44 25 27 44 77 1.0
44 26 64 44 14 1.0
44 27 65 44 14 1.0
44 29 28 44 77 1.0
44 30 29 44 77 0.46875
44 30 63 44 14 0.53125
44 31 71 44 17 1.0
44 32 32 44 13 1.0
44 35 14 44 12 0.5625
44 35 31 44 13 0.4375
44 38 2 44 74 1.0
44 40 16 44 13 1.0
44 41 12 44 49 1.0
44 42 9 44 46 1.0
44 43 2 44 74 1.0
44 45 0 44 45 1.0
44 46 0 44 46 1.0
44 50 0 44 50 1.0
44 51 0 44 51 1.0
44 53 25 44 74 1.0
44 54 36 44 79 1.0
44 55 29 44 74 1.0
44 56 36 44 79 1.0
44 57 34 44 74 1.0
44 58 29 44 74 1.0
44 59 3 44 14 1.0
44 62 3 44 14 1.0
44 63 5 44 17 1.0
44 64 2 44 13 1.0
44 65 4 44 15 1.0
44 67 0 44 67 1.0
44 68 0 44 68 1.0
44 69 0 44 69 1.0
44 70 0 44 70 1.0
44 71 0 44 71 1.0
44 72 0 44 72 1.0
44 73 0 44 73 1.0
44 74 0 44 74 1.0
44 75 0 44 75 1.0
44 77 0 44 77 1.0
44 78 0 44 78 1.0
44 79 0 44 79 1.0
45 0 2 45 74 1.0
45 1 3 45 79 1.0
45 2 5 45 78 1.0
45 3 9 45 20 1.0
45 4 2 45 74 1.0
45 5 8 45 19 1.0
45 6 6 45 72 1.0
45 7 1 45 67 1.0
45 8 5 45 71 1.0
45 9 2 45 68 1.0
45 10 1 45 67 1.0
45 12 12 45 71 1.0
45 14 8 45 67 1.0
45 15 7 45 66 1.0
45 16 12 45 71 1.0
45 17 5 45 43 1.0
45 19 0 45 19 1.0
45 20 0 45 20 1.0
45 21 0 45 21 1.0
45 22 0 45 22 1.0
45 23 0 45 23 1.0
45 24 55 45 19 0.09375
45 24 104 45 22 0.90625
45 25 67 45 19 1.0
45 26 30 45 78 1.0
45 27 24 45 77 1.0
45 28 21 45 79 1.0
45 29 39 45 73 1.0
45 30 22 45 79 0.46875
45 30 100 45 22 0.53125
45 31 49 45 67 1.0
45 32 44 45 66 1.0
45 33 49 45 67 1.0
45 34 52 45 67 1.0
45 35 49 45 67 1.0
45 37 76 45 71 1.0
45 38 0 45 38 1.0
45 39 0 45 39 1.0
45 40 0 45 40 1.0
45 41 0 45 41 1.0
45 42 0 45 42 1.0
45 44 0 45 44 1.0
45 46 6 45 73 1.0
45 47 6 45 73 1.0
45 48 6 45 73 1.0
45 49 6 45 73 1.0
45 50 6 45 73 0.53125
45 50 21 45 67 0.46875
45 51 6 45 73 1.0
45 52 1 45 19 1.0
45 53 2 45 20 1.0
45 54 1 45 19 1.0
45 55 2 45 20 1.0
45 56 2 45 20 1.0
45 57 2 45 20 1.0
45 58 3 45 21 1.0
45 62 111 45 71 1.0
45 63 60 45 67 1.0
45 64 103 45 71 1.0
45 65 64 45 67 1.0
45 66 0 45 66 1.0
45 67 0 45 67 1.0
45 68 0 45 68 1.0
45 69 0 45 69 1.0
45 70 0 45 70 1.0
45 71 0 45 71 1.0
45 72 0 45 72 1.0
45 73 0 45 73 1.0
45 74 0 45 74 1.0
45 77 0 45 77 1.0
45 78 0 45 78 1.0
45 79 0 45 79 1.0
46 1 8 46 19 1.0
46 2 2 46 74 1.0
46 5 2 46 74 1.0
46 6 5 46 71 1.0
46 8 4 46 70 1.0
46 9 5 46 71 1.0
46 10 1 46 67 1.0
46 11 5 46 71 1.0
46 12 6 46 44 1.0
46 14 8 46 67 1.0
46 15 13 46 72 1.0
46 16 4 46 42 1.0
46 17 5 46 43 1.0
46 18 0 46 18 1.0
46 20 0 46 20 1.0
46 21 0 46 21 1.0
46 22 0 46 22 1.0
46 23 0 46 23 1.0
46 24 5 46 75 1.0
46 25 6 46 76 1.0
46 26 36 46 73 1.0
46 27 14 46 74 1.0
46 28 12 46 74 1.0
46 29 4 46 75 1.0
46 31 8 46 19 1.0
46 32 52 46 67 1.0
46 33 8 46 19 1.0
46 34 8 46 19 1.0
46 35 49 46 67 1.0
46 36 8 46 19 1.0
46 37 8 46 19 1.0
46 38 0 46 38 1.0
46 39 0 46 39 1.0
46 40 0 46 40 1.0
46 41 0 46 41 1.0
46 42 0 46 42 1.0
46 43 0 46 43 1.0
46 45 2 46 74 1.0
46 47 19 46 44 1.0
46 48 19 46 44 1.0
46 49 19 46 44 1.0
46 50 2 46 74 1.0
46 51 2 46 74 1.0
46 52 1 46 19 1.0
46 53 4 46 22 1.0
46 54 0 46 18 1.0
46 55 0 46 18 1.0
46 56 5 46 23 1.0
46 57 4 46 22 1.0
46 58 2 46 20 1.0
46 59 27 46 42 1.0
46 60 35 46 43 1.0
46 61 24 46 42 1.0
46 62 111 46 71 1.0
46 63 109 46 71 1.0
46 64 109 46 71 1.0
46 65 111 46 71 1.0
46 66 0 46 66 1.0
46 67 0 46 67 1.0
46 68 0 46 68 1.0
46 69 0 46 69 1.0
46 70 0 46 70 1.0
46 72 0 46 72 1.0
46 73 0 46 73 1.0
46 75 0 46 75 1.0
46 76 0 46 76 1.0
46 77 0 46 77 1.0
46 78 0 46 78 1.0
46 79 0 46 79 1.0
47 0 2 47 74 1.0
47 1 12 47 23 1.0
47 2 1 47 76 1.0
47 5 2 47 74 1.0
47 7 5 47 71 1.0
47 8 4 47 70 1.0
47 9 5 47 71 1.0
47 10 1 47 67 1.0
47 11 5 47 71 1.0
47 12 6 47 44 1.0
47 14 8 47 67 1.0
47 15 6 47 44 1.0
47 16 4 47 42 1.0
47 17 5 47 43 1.0
47 18 0 47 18 1.0
47 19 0 47 19 1.0
47 20 0 47 20 1.0
47 21 0 47 21 1.0
47 22 0 47 22 1.0
47 23 0 47 23 1.0
47 24 5 47 75 1.0
47 25 6 47 76 1.0
47 26 13 47 74 1.0
47 27 18 47 79 1.0
47 28 18 47 79 1.0
47 29 9 47 76 1.0
47 30 90 47 21 1.0
47 32 46 47 66 1.0
47 33 73 47 71 1.0
47 34 15 47 20 1.0
47 35 72 47 71 1.0
47 36 76 47 71 1.0
47 37 76 47 71 1.0
47 38 0 47 38 1.0
47 39 0 47 39 1.0
47 40 0 47 40 1.0
47 41 0 47 41 1.0
47 42 0 47 42 1.0
47 43 0 47 43 1.0
47 44 0 47 44 1.0
47 45 25 47 71 1.0
47 46 2 47 74 1.0
47 48 19 47 44 1.0
47 49 19 47 44 1.0
47 50 19 47 44 1.0
47 51 19 47 44 1.0
47 52 4 47 22 1.0
47 53 4 47 22 1.0
47 54 1 47 19 1.0
47 55 0 47 18 1.0
47 56 2 47 20 1.0
47 57 1 47 19 1.0
47 58 0 47 18 1.0
47 59 27 47 42 1.0
47 60 35 47 43 1.0
47 61 39 47 44 1.0
47 62 48 47 66 1.0
47 63 61 47 67 1.0
47 64 109 47 71 1.0
47 65 108 47 71 1.0
47 66 0 47 66 1.0
47 67 0 47 67 1.0
47 68 0 47 68 1.0
47 69 0 47 69 1.0
47 70 0 47 70 1.0
47 72 0 47 72 1.0
47 73 0 47 73 1.0
47 74 0 47 74 1.0
47 75 0 47 75 1.0
47 76 0 47 76 1.0
47 77 0 47 77 1.0
47 78 0 47 78 1.0
47 79 0 47 79 1.0
48 0 2 48 74 1.0
48 1 2 48 74 1.0
48 2 2 48 74 1.0
48 4 6 48 73 1.0
48 6 5 48 71 1.0
48 7 5 48 71 1.0
48 8 4 48 70 1.0
48 9 5 48 71 1.0
48 10 5 48 71 1.0
48 11 5 48 71 1.0
48 12 6 48 44 1.0
48 14 12 48 71 1.0
48 15 7 48 66 1.0
48 16 4 48 42 1.0
48 19 0 48 19 1.0
48 20 0 48 20 1.0
48 21 0 48 21 1.0
48 23 0 48 23 1.0
48 24 5 48 75 1.0
48 25 6 48 76 1.0
48 26 41 48 73 1.0
48 27 40 48 73 1.0
48 28 12 48 74 1.0
48 29 3 48 75 1.0
48 33 49 48 67 1.0
48 34 52 48 67 1.0
48 35 49 48 67 1.0
48 36 52 48 67 1.0
48 37 42 48 66 1.0
48 40 0 48 40 1.0
48 41 0 48 41 1.0
48 42 0 48 42 1.0
48 49 19 48 44 1.0
48 50 2 48 74 1.0
48 51 2 48 74 1.0
48 53 3 48 21 1.0
48 54 2 48 20 1.0
48 55 2 48 20 1.0
48 56 3 48 21 1.0
48 57 3 48 21 1.0
48 58 1 48 19 1.0
48 59 35 48 43 1.0
48 61 24 48 42 1.0
48 62 35 48 43 1.0
48 63 43 48 66 1.0
48 64 112 48 71 1.0
48 65 108 48 71 1.0
48 66 0 48 66 1.0
48 67 0 48 67 1.0
48 68 0 48 68 1.0
48 69 0 48 69 1.0
48 70 0 48 70 1.0
48 71 0 48 71 1.0
48 72 0 48 72 1.0
48 73 0 48 73 1.0
48 75 0 48 75 1.0
48 76 0 48 76 1.0
48 77 0 48 77 1.0
48 78 0 48 78 1.0
48 79 0 48 79 1.0
49 1 2 49 74 1.0
49 2 2 49 74 1.0
49 9 5 49 71 1.0
49 12 12 49 71 1.0
49 13 4 49 42 1.0
49 14 5 49 43 1.0
49 15 7 49 66 1.0
49 19 0 49 19 1.0
49 20 0 49 20 1.0
49 24 12 49 74 1.0
49 25 5 49 75 1.0
49 26 95 49 22 0.28125
49 26 106 49 22 0.71875
49 27 40 49 73 1.0
49 28 41 49 73 1.0
49 29 91 49 21 1.0
49 30 5 49 75 1.0
49 31 43 49 66 1.0
49 32 70 49 70 1.0
49 33 49 49 67 1.0
49 34 52 49 67 1.0
49 36 52 49 67 1.0
49 37 42 49 66 1.0
49 38 0 49 38 1.0
49 39 0 49 39 1.0
49 40 0 49 40 1.0
49 41 0 49 41 1.0
49 43 0 49 43 1.0
49 44 0 49 44 1.0
49 45 2 49 74 1.0
49 47 1 49 76 1.0
49 48 1 49 76 1.0
49 50 0 49 75 1.0
49 51 0 49 75 1.0
49 52 4 49 22 1.0
49 53 0 49 18 1.0
49 54 5 49 23 1.0
49 55 5 49 23 1.0
49 56 2 49 20 1.0
49 57 2 49 20 1.0
49 58 0 49 18 1.0
49 60 27 49 42 1.0
49 61 24 49 42 1.0
49 62 61 49 67 1.0
49 63 109 49 71 1.0
49 64 109 49 71 1.0
49 65 111 49 71 1.0
49 66 0 49 66 1.0
49 67 0 49 67 1.0
49 68 0 49 68 1.0
49 69 0 49 69 1.0
49 71 0 49 71 1.0
49 77 0 49 77 1.0
49 78 0 49 78 1.0
49 79 0 49 79 1.0
50 0 12 50 23 1.0
50 1 12 50 23 1.0
50 2 9 50 20 1.0
50 3 2 50 74 1.0
50 4 12 50 23 1.0
50 5 12 50 23 1.0
50 6 5 50 71 1.0
50 7 3 50 69 1.0
50 8 0 50 66 1.0
50 9 6 50 72 1.0
50 10 5 50 71 1.0
50 11 0 50 66 1.0
50 12 7 50 66 1.0
50 13 12 50 71 1.0
50 14 8 50 67 1.0
50 15 12 50 71 1.0
50 16 1 50 39 1.0
50 17 1 50 39 1.0
50 18 0 50 18 1.0
50 19 0 50 19 1.0
50 20 0 50 20 1.0
50 21 0 50 21 1.0
50 22 0 50 22 1.0
50 23 0 50 23 1.0
50 24 25 50 77 0.03125
50 24 79 50 20 0.96875
50 25 6 50 76 1.0
50 26 92 50 21 1.0
50 27 22 50 79 1.0
50 28 12 50 74 1.0
50 29 41 50 73 1.0
50 30 5 50 75 1.0
50 31 40 50 23 1.0
50 32 52 50 67 1.0
50 33 39 50 23 1.0
50 34 40 50 23 1.0
50 35 38 50 23 1.0
50 36 49 50 67 1.0
50 37 36 50 23 1.0
50 38 0 50 38 1.0
50 39 0 50 39 1.0
50 40 0 50 40 1.0
50 41 0 50 41 1.0
50 42 0 50 42 1.0
50 43 0 50 43 1.0
50 44 0 50 44 1.0
50 45 2 50 74 1.0
50 46 12 50 23 1.0
50 47 19 50 44 1.0
50 48 12 50 23 1.0
50 49 0 50 75 1.0
50 51 19 50 44 1.0
50 52 4 50 22 1.0
50 53 0 50 18 1.0
50 54 4 50 22 1.0
50 55 0 50 18 1.0
50 56 0 50 18 1.0
50 57 4 50 22 1.0
50 58 5 50 23 1.0
50 59 43 50 66 1.0
50 60 103 50 71 1.0
50 61 61 50 67 1.0
50 62 102 50 71 1.0
50 63 64 50 67 1.0
50 64 64 50 67 1.0
50 65 48 50 66 1.0
50 66 0 50 66 1.0
50 67 0 50 67 1.0
50 68 0 50 68 1.0
50 69 0 50 69 1.0
50 70 0 50 70 1.0
50 71 0 50 71 1.0
50 72 0 50 72 1.0
50 73 0 50 73 1.0
50 74 0 50 74 1.0
50 75 0 50 75 1.0
50 76 0 50 76 1.0
50 77 0 50 77 1.0
50 78 0 50 78 1.0
50 79 0 50 79 1.0
51 0 6 51 73 1.0
51 1 10 51 21 1.0
51 2 1 51 76 1.0
51 3 2 51 74 1.0
51 4 12 51 23 1.0
51 5 2 51 74 1.0
51 6 5 51 71 1.0
51 7 2 51 68 1.0
51 8 3 51 69 1.0
51 9 1 51 67 1.0
51 10 1 51 67 1.0
51 11 2 51 68 1.0
51 12 13 51 72 1.0
51 13 4 51 42 1.0
51 14 4 51 42 1.0
51 15 9 51 68 1.0
51 16 11 51 70 1.0
51 17 0 51 38 1.0
51 18 0 51 18 1.0
51 19 0 51 19 1.0
51 20 0 51 20 1.0
51 21 0 51 21 1.0
51 22 0 51 22 1.0
51 23 0 51 23 1.0
51 24 104 51 22 1.0
51 25 5 51 75 1.0
51 26 26 51 77 1.0
51 27 70 51 20 1.0
51 28 13 51 74 1.0
51 29 14 51 74 1.0
51 30 20 51 79 1.0
51 31 48 51 67 1.0
51 32 70 51 70 1.0
51 33 79 51 72 1.0
51 34 70 51 70 1.0
51 35 61 51 69 1.0
51 36 15 51 20 1.0
51 37 48 51 67 1.0
51 38 0 51 38 1.0
51 39 0 51 39 1.0
51 40 0 51 40 1.0
51 41 0 51 41 1.0
51 42 0 51 42 1.0
51 43 0 51 43 1.0
51 44 0 51 44 1.0
51 45 2 51 74 1.0
51 46 2 51 74 1.0
51 47 19 51 44 1.0
51 48 1 51 76 1.0
51 49 1 51 76 1.0
51 50 6 51 73 1.0
51 52 3 51 21 1.0
51 53 0 51 18 1.0
51 54 3 51 21 1.0
51 55 1 51 19 1.0
51 56 2 51 20 1.0
51 57 3 51 21 1.0
51 58 1 51 19 1.0
51 59 112 51 71 1.0
51 60 109 51 71 1.0
51 61 6 51 39 1.0
51 62 87 51 69 1.0
51 63 6 51 39 1.0
51 64 11 51 39 1.0
51 65 24 51 42 1.0
51 66 0 51 66 1.0
51 67 0 51 67 1.0
51 68 0 51 68 1.0
51 69 0 51 69 1.0
51 70 0 51 70 1.0
51 71 0 51 71 1.0
51 72 0 51 72 1.0
51 73 0 51 73 1.0
51 74 0 51 74 1.0
51 75 0 51 75 1.0
51 76 0 51 76 1.0
51 77 0 51 77 1.0
51 78 0 51 78 1.0
51 79 0 51 79 1.0
52 1 0 52 1 1.0
52 2 0 52 2 1.0
52 5 0 52 5 1.0
52 7 0 52 31 1.0
52 9 0 52 31 1.0
52 10 0 52 31 1.0
52 11 4 52 35 1.0
52 12 59 52 31 1.0
52 13 25 52 30 1.0
52 14 35 52 28 1.0
52 15 60 52 31 1.0
52 16 57 52 31 1.0
52 23 0 52 23 1.0
52 24 0 52 24 1.0
52 25 0 52 25 1.0
52 26 0 52 26 1.0
52 27 0 52 27 1.0
52 28 0 52 28 1.0
52 29 0 52 29 1.0
52 33 0 52 33 1.0
52 34 0 52 34 1.0
52 36 0 52 36 1.0
52 37 0 52 37 1.0
52 38 111 52 3 1.0
52 40 89 52 23 1.0
52 41 93 52 1 1.0
52 42 109 52 3 1.0
52 44 116 52 4 1.0
52 45 1 52 19 1.0
52 46 0 52 18 1.0
52 47 1 52 19 1.0
52 49 1 52 19 1.0
52 50 5 52 23 1.0
52 51 5 52 23 1.0
52 53 4 52 30 1.0
52 54 4 52 30 1.0
52 55 4 52 30 1.0
52 56 4 52 30 1.0
52 57 4 52 30 1.0
52 58 4 52 30 1.0
52 60 5 52 28 1.0
52 61 0 52 24 1.0
52 62 11 52 35 1.0
52 63 8 52 32 1.0
52 64 5 52 28 1.0
52 65 3 52 30 1.0
52 66 42 52 31 1.0
52 67 71 52 35 1.0
52 68 33 52 22 1.0
52 69 48 52 32 1.0
52 70 7 52 19 1.0
52 71 47 52 31 1.0
52 72 47 52 31 1.0
52 73 10 52 4 1.0
52 75 9 52 3 1.0
52 76 9 52 3 1.0
52 77 1 52 18 1.0
52 78 3 52 20 1.0
52 79 3 52 20 1.0
53 0 0 53 0 1.0
53 1 0 53 1 1.0
53 2 0 53 2 1.0
53 3 0 53 3 1.0
53 4 0 53 4 1.0
53 5 0 53 5 1.0
53 6 5 53 36 1.0
53 7 2 53 33 1.0
53 8 3 53 34 1.0
53 9 2 53 33 1.0
53 10 4 53 35 1.0
53 11 5 53 36 1.0
53 12 2 53 24 1.0
53 13 0 53 24 1.0
53 14 2 53 24 1.0
53 15 3 53 24 1.0
53 16 60 53 31 1.0
53 17 72 53 32 1.0
53 18 0 53 18 1.0
53 19 0 53 19 1.0
53 20 0 53 20 1.0
53 21 0 53 21 1.0
53 22 0 53 22 1.0
53 23 0 53 23 1.0
53 24 0 53 24 1.0
53 25 0 53 25 1.0
53 26 0 53 26 1.0
53 27 0 53 27 1.0
53 28 0 53 28 1.0
53 29 0 53 29 1.0
53 30 0 53 30 1.0
53 31 0 53 31 1.0
53 32 0 53 32 1.0
53 33 0 53 33 1.0
53 34 0 53 34 1.0
53 35 0 53 35 1.0
53 36 0 53 36 1.0
53 37 0 53 37 1.0
53 38 115 53 4 1.0
53 39 118 53 4 1.0
53 40 115 53 4 1.0
53 41 47 53 20 1.0
53 42 78 53 23 1.0
53 43 93 53 1 1.0
53 44 117 53 4 1.0
53 45 4 53 22 1.0
53 46 0 53 18 1.0
53 47 4 53 22 1.0
53 48 4 53 22 1.0
53 49 0 53 18 1.0
53 50 4 53 22 1.0
53 51 3 53 21 1.0
53 52 0 53 24 1.0
53 54 17 53 4 1.0
53 55 17 53 4 1.0
53 56 17 53 4 1.0
53 57 17 53 4 1.0
53 58 17 53 4 1.0
53 59 12 53 36 1.0
53 60 11 53 35 1.0
53 61 11 53 35 1.0
53 62 13 53 37 1.0
53 63 0 53 24 1.0
53 64 6 53 26 1.0
53 65 0 53 24 1.0
53 66 47 53 31 1.0
53 67 72 53 36 1.0
53 68 39 53 23 1.0
53 69 7 53 19 1.0
53 70 47 53 31 1.0
53 71 63 53 34 1.0
53 72 20 53 20 1.0
53 73 10 53 4 1.0
53 74 4 53 21 1.0
53 75 4 53 21 1.0
53 76 1 53 18 1.0
53 77 3 53 20 1.0
53 78 6 53 23 1.0
53 79 6 53 23 1.0
54 0 0 54 0 1.0
54 1 0 54 1 1.0
54 2 0 54 2 1.0
54 3 0 54 3 1.0
54 4 0 54 4 1.0
54 5 0 54 5 1.0
54 6 6 54 37 1.0
54 7 5 54 36 1.0
54 8 2 54 33 1.0
54 9 5 54 36 1.0
54 10 2 54 33 1.0
54 11 4 54 35 1.0
54 12 113 54 35 1.0
54 13 123 54 36 1.0
54 14 25 54 30 1.0
54 15 61 54 31 1.0
54 16 113 54 35 1.0
54 17 59 54 31 1.0
54 18 0 54 18 1.0
54 19 0 54 19 1.0
54 20 0 54 20 1.0
54 21 0 54 21 1.0
54 22 0 54 22 1.0
54 23 0 54 23 1.0
54 24 0 54 24 1.0
54 25 0 54 25 1.0
54 26 0 54 26 1.0
54 27 0 54 27 1.0
54 28 0 54 28 1.0
54 29 0 54 29 1.0
54 30 0 54 30 1.0
54 31 0 54 31 1.0
54 32 0 54 32 1.0
54 33 0 54 33 1.0
54 34 0 54 34 1.0
54 35 0 54 35 1.0
54 36 0 54 36 1.0
54 37 0 54 37 1.0
54 38 28 54 19 0.765625
54 38 95 54 1 0.234375
54 39 111 54 3 1.0
54 40 111 54 3 1.0
54 41 111 54 3 1.0
54 42 6 54 0 1.0
54 43 114 54 4 1.0
54 44 116 54 4 1.0
54 45 5 54 23 1.0
54 46 1 54 19 1.0
54 47 5 54 23 1.0
54 48 0 54 18 1.0
54 49 3 54 21 1.0
54 50 4 54 22 1.0
54 51 4 54 22 1.0
54 52 4 54 30 1.0
54 53 16 54 3 1.0
54 55 4 54 30 1.0
54 56 7 54 26 1.0
54 57 7 54 26 1.0
54 58 18 54 5 1.0
54 59 0 54 24 1.0
54 60 0 54 24 1.0
54 61 7 54 31 1.0
54 62 13 54 37 1.0
54 63 0 54 24 1.0
54 64 12 54 36 1.0
54 65 12 54 36 1.0
54 66 45 54 31 1.0
54 67 47 54 31 1.0
54 68 47 54 31 1.0
54 69 51 54 32 1.0
54 70 43 54 31 1.0
54 71 66 54 35 1.0
54 72 17 54 20 1.0
54 73 4 54 21 1.0
54 74 8 54 2 1.0
54 75 0 54 0 1.0
54 76 4 54 21 1.0
54 77 8 54 2 1.0
54 78 9 54 3 1.0
54 79 0 54 0 1.0
55 0 0 55 0 1.0
55 1 0 55 1 1.0
55 2 0 55 2 1.0
55 3 0 55 3 1.0
55 4 0 55 4 1.0
55 5 0 55 5 1.0
55 6 0 55 31 1.0
55 7 0 55 31 1.0
55 8 5 55 36 1.0
55 9 0 55 31 1.0
55 10 4 55 35 1.0
55 11 4 55 35 1.0
55 12 113 55 35 1.0
55 13 110 55 35 1.0
55 14 25 55 30 1.0
55 15 61 55 31 1.0
55 16 113 55 35 1.0
55 17 72 55 32 1.0
55 18 0 55 18 1.0
55 19 0 55 19 1.0
55 20 0 55 20 1.0
55 21 0 55 21 1.0
55 22 0 55 22 1.0
55 23 0 55 23 1.0
55 24 0 55 24 1.0
55 25 0 55 25 1.0
55 26 0 55 26 1.0
55 27 0 55 27 1.0
55 28 0 55 28 1.0
55 29 0 55 29 1.0
55 30 0 55 30 1.0
55 31 0 55 31 1.0
55 32 0 55 32 1.0
55 33 0 55 33 1.0
55 34 0 55 34 1.0
55 35 0 55 35 1.0
55 36 0 55 36 1.0
55 37 0 55 37 1.0
55 38 93 55 1 1.0
55 39 111 55 3 1.0
55 40 111 55 3 1.0
55 41 95 55 1 1.0
55 42 93 55 1 1.0
55 43 114 55 4 1.0
55 44 109 55 3 1.0
55 45 2 55 20 1.0
55 46 1 55 19 1.0
55 47 2 55 20 1.0
55 48 1 55 19 1.0
55 49 0 55 18 1.0
55 50 4 55 22 1.0
55 51 4 55 22 1.0
55 52 4 55 30 1.0
55 53 9 55 19 1.0
55 54 4 55 30 1.0
55 56 4 55 30 1.0
55 57 4 55 30 1.0
55 58 18 55 5 1.0
55 59 7 55 31 1.0
55 60 0 55 24 1.0
55 61 11 55 35 1.0
55 62 6 55 26 1.0
55 63 0 55 24 1.0
55 64 3 55 30 1.0
55 65 3 55 30 1.0
55 66 63 55 34 1.0
55 67 47 55 31 1.0
55 68 47 55 31 1.0
55 69 7 55 19 1.0
55 70 40 55 23 1.0
55 71 47 55 31 1.0
55 72 18 55 20 1.0
55 73 8 55 2 1.0
55 74 9 55 3 1.0
55 75 3 55 20 1.0
55 76 5 55 22 1.0
55 77 8 55 2 1.0
55 78 11 55 5 1.0
55 79 0 55 0 1.0
56 0 0 56 0 1.0
56 1 0 56 1 1.0
56 2 0 56 2 1.0
56 3 0 56 3 1.0
56 4 0 56 4 1.0
56 5 0 56 5 1.0
56 6 2 56 33 1.0
56 7 2 56 33 1.0
56 8 1 56 32 1.0
56 9 3 56 34 1.0
56 10 0 56 31 1.0
56 11 1 56 32 1.0
56 12 3 56 24 1.0
56 13 25 56 30 1.0
56 14 25 56 30 1.0
56 15 56 56 31 1.0
56 16 45 56 26 1.0
56 17 47 56 26 1.0
56 18 0 56 18 1.0
56 19 0 56 19 1.0
56 20 0 56 20 1.0
56 21 0 56 21 1.0
56 22 0 56 22 1.0
56 23 0 56 23 1.0
56 24 0 56 24 1.0
56 25 0 56 25 1.0
56 26 0 56 26 1.0
56 27 0 56 27 1.0
56 28 0 56 28 1.0
56 29 0 56 29 1.0
56 30 0 56 30 1.0
56 31 0 56 31 1.0
56 32 0 56 32 1.0
56 33 0 56 33 1.0
56 34 0 56 34 1.0
56 35 0 56 35 1.0
56 36 0 56 36 1.0
56 37 0 56 37 1.0
56 38 106 56 3 1.0
56 39 3 56 0 1.0
56 40 102 56 2 1.0
56 41 95 56 1 1.0
56 42 3 56 0 1.0
56 43 4 56 0 1.0
56 44 2 56 0 1.0
56 45 2 56 20 1.0
56 46 0 56 18 1.0
56 47 5 56 23 1.0
56 48 4 56 22 1.0
56 49 0 56 18 1.0
56 50 5 56 23 1.0
56 51 3 56 21 1.0
56 52 0 56 24 1.0
56 53 14 56 1 1.0
56 54 14 56 1 1.0
56 55 4 56 30 1.0
56 57 14 56 1 1.0
56 58 3 56 27 1.0
56 59 12 56 36 1.0
56 60 12 56 36 1.0
56 61 5 56 28 1.0
56 62 8 56 32 1.0
56 63 6 56 26 1.0
56 64 6 56 26 1.0
56 65 6 56 26 1.0
56 66 47 56 31 1.0
56 67 47 56 31 1.0
56 68 47 56 31 1.0
56 69 69 56 35 1.0
56 70 16 56 20 1.0
56 71 54 56 33 1.0
56 72 25 56 21 1.0
56 73 9 56 3 1.0
56 74 8 56 2 1.0
56 75 8 56 2 1.0
56 76 6 56 23 1.0
56 77 7 56 1 1.0
56 78 7 56 1 1.0
56 79 0 56 0 1.0
57 0 0 57 0 1.0
57 1 0 57 1 1.0
57 2 0 57 2 1.0
57 3 0 57 3 1.0
57 4 0 57 4 1.0
57 5 0 57 5 1.0
57 6 2 57 33 1.0
57 7 5 57 36 1.0
57 8 3 57 34 1.0
57 9 4 57 35 1.0
57 11 5 57 36 1.0
57 12 60 57 31 1.0
57 13 25 57 30 1.0
57 14 25 57 30 1.0
57 15 61 57 31 1.0
57 16 48 57 26 1.0
57 17 57 57 31 1.0
57 18 0 57 18 1.0
57 19 0 57 19 1.0
57 20 0 57 20 1.0
57 21 0 57 21 1.0
57 22 0 57 22 1.0
57 23 0 57 23 1.0
57 24 0 57 24 1.0
57 25 0 57 25 1.0
57 26 0 57 26 1.0
57 27 0 57 27 1.0
57 28 0 57 28 1.0
57 29 0 57 29 1.0
57 30 0 57 30 1.0
57 31 0 57 31 1.0
57 32 0 57 32 1.0
57 33 0 57 33 1.0
57 34 0 57 34 1.0
57 35 0 57 35 1.0
57 36 0 57 36 1.0
57 37 0 57 37 1.0
57 38 95 57 1 1.0
57 39 102 57 2 1.0
57 40 113 57 4 1.0
57 41 115 57 4 1.0
57 42 39 57 20 1.0
57 43 95 57 1 1.0
57 44 112 57 4 1.0
57 45 5 57 23 1.0
57 46 0 57 18 1.0
57 47 5 57 23 1.0
57 48 4 57 22 1.0
57 49 1 57 19 1.0
57 50 4 57 22 1.0
57 51 3 57 21 1.0
57 52 17 57 4 1.0
57 53 17 57 4 1.0
57 54 17 57 4 1.0
57 55 17 57 4 1.0
57 56 17 57 4 1.0
57 58 17 57 4 1.0
57 59 3 57 30 1.0
57 60 11 57 35 1.0
57 61 11 57 35 1.0
57 62 13 57 37 1.0
57 63 6 57 26 1.0
57 64 12 57 36 1.0
57 65 6 57 26 1.0
57 67 47 57 31 1.0
57 68 47 57 31 1.0
57 69 40 57 23 1.0
57 70 66 57 35 1.0
57 71 82 57 37 1.0
57 72 36 57 23 1.0
57 73 10 57 4 1.0
57 74 3 57 20 1.0
57 75 8 57 2 1.0
57 76 6 57 23 1.0
57 77 7 57 1 1.0
57 78 10 57 4 1.0
57 79 10 57 4 1.0
58 0 0 58 0 1.0
58 1 0 58 1 1.0
58 2 0 58 2 1.0
58 3 0 58 3 1.0
58 4 0 58 4 1.0
58 5 0 58 5 1.0
58 6 0 58 31 1.0
58 7 6 58 37 1.0
58 8 6 58 37 1.0
58 9 4 58 35 1.0
58 10 0 58 31 1.0
58 11 0 58 31 1.0
58 12 60 58 31 1.0
58 13 25 58 30 1.0
58 14 72 58 32 1.0
58 15 60 58 31 1.0
58 16 61 58 31 1.0
58 17 72 58 32 1.0
58 18 0 58 18 1.0
58 19 0 58 19 1.0
58 20 0 58 20 1.0
58 21 0 58 21 1.0
58 22 0 58 22 1.0
58 23 0 58 23 1.0
58 24 0 58 24 1.0
58 25 0 58 25 1.0
58 26 0 58 26 1.0
58 27 0 58 27 1.0
58 28 0 58 28 1.0
58 29 0 58 29 1.0
58 30 0 58 30 1.0
58 31 0 58 31 1.0
58 32 0 58 32 1.0
58 33 0 58 33 1.0
58 34 0 58 34 1.0
58 35 0 58 35 1.0
58 36 0 58 36 1.0
58 37 0 58 37 1.0
58 38 118 58 4 1.0
58 39 125 58 5 1.0
58 40 105 58 3 1.0
58 41 125 58 5 1.0
58 42 109 58 3 1.0
58 43 6 58 0 1.0
58 44 102 58 2 1.0
58 45 0 58 18 1.0
58 46 3 58 21 1.0
58 47 2 58 20 1.0
58 48 3 58 21 1.0
58 49 5 58 23 1.0
58 50 0 58 18 1.0
58 51 0 58 18 1.0
58 52 4 58 30 1.0
58 53 16 58 3 1.0
58 54 7 58 26 1.0
58 55 4 58 30 1.0
58 56 7 58 26 1.0
58 57 7 58 26 1.0
58 59 5 58 28 1.0
58 60 0 58 24 1.0
58 61 0 58 24 1.0
58 62 7 58 31 1.0
58 63 5 58 28 1.0
58 64 12 58 36 1.0
58 65 5 58 28 1.0
58 66 47 58 31 1.0
58 67 48 58 32 1.0
58 68 2 58 18 1.0
58 69 17 58 20 1.0
58 70 42 58 31 1.0
58 71 47 58 31 1.0
58 72 42 58 31 1.0
58 73 10 58 4 1.0
58 74 11 58 5 1.0
58 75 5 58 22 1.0
58 76 10 58 4 1.0
58 77 7 58 1 1.0
58 78 11 58 5 1.0
58 79 10 58 4 1.0
59 0 0 59 24 1.0
59 1 3 59 30 1.0
59 2 0 59 24 1.0
59 3 0 59 24 1.0
59 4 0 59 24 1.0
59 5 0 59 24 1.0
59 7 0 59 7 1.0
59 9 0 59 9 1.0
59 10 0 59 10 1.0
59 11 0 59 11 1.0
59 12 0 59 12 1.0
59 13 0 59 13 1.0
59 14 0 59 14 1.0
59 15 0 59 15 1.0
59 18 10 59 24 1.0
59 19 76 59 28 1.0
59 22 92 59 31 1.0
59 25 0 59 25 1.0
59 26 0 59 26 1.0
59 27 0 59 27 1.0
59 28 0 59 28 1.0
59 30 0 59 30 1.0
59 33 0 59 33 1.0
59 34 0 59 34 1.0
59 36 0 59 36 1.0
59 37 0 59 37 1.0
59 40 3 59 14 1.0
59 41 2 59 13 1.0
59 44 3 59 14 1.0
59 45 85 59 6 1.0
59 46 89 59 6 1.0
59 47 110 59 9 1.0
59 50 51 59 14 1.0
59 51 48 59 14 1.0
59 52 11 59 35 1.0
59 53 0 59 24 1.0
59 54 0 59 24 1.0
59 55 0 59 24 1.0
59 56 6 59 26 1.0
59 57 4 59 29 1.0
59 58 11 59 35 1.0
59 60 5 59 28 1.0
59 61 17 59 14 1.0
59 62 23 59 9 1.0
59 63 8 59 31 1.0
59 64 8 59 31 1.0
59 65 8 59 31 1.0
59 66 3 59 14 1.0
59 67 9 59 9 1.0
59 68 3 59 14 1.0
59 69 3 59 14 1.0
59 70 3 59 14 1.0
59 74 80 59 17 1.0
59 75 79 59 17 1.0
59 77 18 59 30 1.0
59 78 74 59 15 1.0
59 79 36 59 26 1.0
60 0 0 60 24 1.0
60 1 3 60 30 1.0
60 2 3 60 30 1.0
60 3 0 60 24 1.0
60 4 0 60 24 1.0
60 8 0 60 8 1.0
60 9 0 60 9 1.0
60 10 0 60 10 1.0
60 11 0 60 11 1.0
60 14 0 60 14 1.0
60 15 0 60 15 1.0
60 16 0 60 16 1.0
60 17 0 60 17 1.0
60 18 92 60 31 1.0
60 19 120 60 35 1.0
60 21 92 60 31 1.0
60 25 0 60 25 1.0
60 26 0 60 26 1.0
60 27 0 60 27 1.0
60 29 0 60 29 1.0
60 30 0 60 30 1.0
60 32 0 60 32 1.0
60 33 0 60 33 1.0
60 35 0 60 35 1.0
60 36 0 60 36 1.0
60 39 0 60 16 1.0
60 40 4 60 15 1.0
60 41 4 60 15 1.0
60 42 2 60 13 1.0
60 44 1 60 12 1.0
60 45 85 60 6 1.0
60 46 89 60 6 1.0
60 47 85 60 6 1.0
60 48 85 60 6 1.0
60 49 85 60 6 1.0
60 50 105 60 9 1.0
60 51 20 60 12 1.0
60 53 10 60 34 1.0
60 54 13 60 37 1.0
60 55 13 60 37 1.0
60 56 11 60 35 1.0
60 57 0 60 24 1.0
60 58 5 60 28 1.0
60 61 8 60 31 1.0
60 62 23 60 9 1.0
60 63 8 60 31 1.0
60 64 8 60 31 1.0
60 65 8 60 31 1.0
60 66 7 60 7 1.0
60 67 10 60 10 1.0
60 68 0 60 16 1.0
60 69 9 60 9 1.0
60 72 6 60 6 1.0
60 73 51 60 12 1.0
60 75 51 60 12 1.0
60 77 19 60 30 1.0
60 78 39 60 26 1.0
60 79 36 60 26 1.0
61 0 0 61 24 1.0
61 1 1 61 25 1.0
61 2 1 61 25 1.0
61 6 0 61 6 1.0
61 7 0 61 7 1.0
61 8 0 61 8 1.0
61 9 0 61 9 1.0
61 10 0 61 10 1.0
61 14 0 61 14 1.0
61 15 0 61 15 1.0
61 16 0 61 16 1.0
61 17 0 61 17 1.0
61 18 92 61 31 1.0
61 19 113 61 34 1.0
61 20 49 61 30 1.0
61 21 92 61 31 1.0
61 22 79 61 26 1.0
61 23 120 61 35 1.0
61 25 0 61 25 1.0
61 26 0 61 26 1.0
61 27 0 61 27 1.0
61 28 0 61 28 1.0
61 30 0 61 30 1.0
61 32 0 61 32 1.0
61 34 0 61 34 1.0
61 35 0 61 35 1.0
61 37 0 61 37 1.0
61 38 2 61 13 1.0
61 39 1 61 12 1.0
61 40 4 61 15 1.0
61 41 4 61 15 1.0
61 43 2 61 13 1.0
61 45 124 61 11 1.0
61 46 89 61 6 1.0
61 47 85 61 6 1.0
61 48 89 61 6 1.0
61 49 89 61 6 1.0
61 50 96 61 7 1.0
61 51 45 61 14 1.0
61 52 9 61 33 1.0
61 53 12 61 36 1.0
61 54 12 61 36 1.0
61 55 12 61 36 1.0
61 56 11 61 35 1.0
61 57 7 61 31 1.0
61 58 9 61 33 1.0
61 59 8 61 31 1.0
61 60 5 61 28 1.0
61 62 23 61 9 1.0
61 63 8 61 31 1.0
61 64 8 61 31 1.0
61 65 8 61 31 1.0
61 66 9 61 9 1.0
61 67 10 61 10 1.0
61 68 5 61 17 1.0
61 69 6 61 6 1.0
61 70 2 61 13 1.0
61 71 9 61 9 1.0
61 74 21 61 30 1.0
61 75 51 61 12 1.0
61 77 22 61 30 1.0
61 78 39 61 26 1.0
61 79 19 61 30 1.0
62 1 1 62 25 1.0
62 2 0 62 24 1.0
62 6 0 62 6 1.0
62 7 0 62 7 1.0
62 8 0 62 8 1.0
62 9 0 62 9 1.0
62 10 0 62 10 1.0
62 11 0 62 11 1.0
62 12 0 62 12 1.0
62 13 0 62 13 1.0
62 14 0 62 14 1.0
62 15 0 62 15 1.0
62 16 0 62 16 1.0
62 17 0 62 17 1.0
62 18 92 62 31 1.0
62 19 92 62 31 1.0
62 20 92 62 31 1.0
62 21 22 62 25 0.4375
62 21 50 62 30 0.5625
62 22 92 62 31 1.0
62 23 92 62 31 1.0
62 24 0 62 24 1.0
62 25 0 62 25 1.0
62 26 0 62 26 1.0
62 27 0 62 27 1.0
62 28 0 62 28 1.0
62 29 0 62 29 1.0
62 31 0 62 31 1.0
62 32 0 62 32 1.0
62 33 0 62 33 1.0
62 34 0 62 34 1.0
62 35 0 62 35 1.0
62 36 0 62 36 1.0
62 37 0 62 37 1.0
62 38 0 62 16 1.0
62 39 0 62 16 1.0
62 40 4 62 15 1.0
62 41 4 62 15 1.0
62 42 0 62 16 1.0
62 43 0 62 16 1.0
62 44 1 62 12 1.0
62 45 103 62 8 1.0
62 46 89 62 6 1.0
62 47 85 62 6 1.0
62 48 89 62 6 1.0
62 49 89 62 6 1.0
62 50 96 62 7 1.0
62 51 94 62 7 1.0
62 52 3 62 30 1.0
62 53 9 62 33 1.0
62 54 0 62 24 1.0
62 55 7 62 31 1.0
62 56 9 62 33 1.0
62 57 0 62 24 1.0
62 58 7 62 31 1.0
62 59 21 62 7 1.0
62 60 5 62 28 1.0
62 61 21 62 7 1.0
62 63 21 62 7 1.0
62 64 21 62 7 1.0
62 65 21 62 7 1.0
62 66 9 62 9 1.0
62 67 5 62 17 1.0
62 68 8 62 8 1.0
62 69 9 62 9 1.0
62 70 7 62 7 1.0
62 71 9 62 9 1.0
62 72 7 62 7 1.0
62 73 34 62 28 1.0
62 74 83 62 17 1.0
62 75 36 62 26 1.0
62 76 22 62 30 1.0
62 77 13 62 27 1.0
62 78 1 62 24 1.0
62 79 1 62 24 1.0
63 0 4 63 29 1.0
63 1 3 63 30 1.0
63 2 3 63 30 1.0
63 3 2 63 27 1.0
63 4 2 63 27 1.0
63 5 4 63 29 1.0
63 6 0 63 6 1.0
63 7 0 63 7 1.0
63 8 0 63 8 1.0
63 9 0 63 9 1.0
63 10 0 63 10 1.0
63 11 0 63 11 1.0
63 12 0 63 12 1.0
63 14 0 63 14 1.0
63 15 0 63 15 1.0
63 16 0 63 16 1.0
63 17 0 63 17 1.0
63 18 1 63 24 1.0
63 19 18 63 25 1.0
63 20 1 63 24 1.0
63 21 1 63 24 1.0
63 22 1 63 24 1.0
63 23 16 63 25 1.0
63 24 0 63 24 1.0
63 25 0 63 25 1.0
63 26 0 63 26 1.0
63 27 0 63 27 1.0
63 28 0 63 28 1.0
63 29 0 63 29 1.0
63 30 0 63 30 1.0
63 31 0 63 31 1.0
63 32 0 63 32 1.0
63 33 0 63 33 1.0
63 34 0 63 34 1.0
63 35 0 63 35 1.0
63 36 0 63 36 1.0
63 37 0 63 37 1.0
63 38 4 63 15 1.0
63 39 4 63 15 1.0
63 40 5 63 17 1.0
63 41 2 63 13 1.0
63 42 3 63 14 1.0
63 43 4 63 15 1.0
63 44 2 63 13 1.0
63 45 117 63 10 1.0
63 46 85 63 6 1.0
63 47 94 63 7 1.0
63 48 85 63 6 1.0
63 49 94 63 7 1.0
63 50 85 63 6 1.0
63 51 85 63 6 1.0
63 52 5 63 28 1.0
63 53 0 63 24 1.0
63 54 0 63 24 1.0
63 55 3 63 30 1.0
63 56 1 63 25 1.0
63 57 0 63 24 1.0
63 58 7 63 31 1.0
63 59 20 63 6 1.0
63 60 5 63 28 1.0
63 61 24 63 10 1.0
63 62 23 63 9 1.0
63 64 25 63 11 1.0
63 65 21 63 7 1.0
63 66 6 63 6 1.0
63 67 3 63 14 1.0
63 68 3 63 14 1.0
63 69 7 63 7 1.0
63 70 3 63 14 1.0
63 71 7 63 7 1.0
63 72 8 63 8 1.0
63 73 39 63 26 1.0
63 74 22 63 30 1.0
63 75 33 63 28 1.0
63 76 76 63 15 1.0
63 77 13 63 27 1.0
63 78 37 63 26 1.0
63 79 79 63 17 1.0
64 0 2 64 27 1.0
64 1 6 64 26 1.0
64 2 5 64 28 1.0
64 3 4 64 29 1.0
64 4 4 64 29 1.0
64 5 4 64 29 1.0
64 6 0 64 6 1.0
64 7 0 64 7 1.0
64 8 0 64 8 1.0
64 9 0 64 9 1.0
64 10 0 64 10 1.0
64 11 0 64 11 1.0
64 12 0 64 12 1.0
64 13 0 64 13 1.0
64 14 0 64 14 1.0
64 15 0 64 15 1.0
64 16 0 64 16 1.0
64 17 0 64 17 1.0
64 18 14 64 25 1.0
64 19 47 64 30 1.0
64 20 113 64 34 1.0
64 21 12 64 24 1.0
64 22 23 64 25 1.0
64 23 75 64 28 1.0
64 24 0 64 24 1.0
64 25 0 64 25 1.0
64 26 0 64 26 1.0
64 27 0 64 27 1.0
64 28 0 64 28 1.0
64 29 0 64 29 1.0
64 30 0 64 30 1.0
64 31 0 64 31 1.0
64 32 0 64 32 1.0
64 33 0 64 33 1.0
64 34 0 64 34 1.0
64 35 0 64 35 1.0
64 36 0 64 36 1.0
64 37 0 64 37 1.0
64 38 4 64 15 1.0
64 39 4 64 15 1.0
64 40 4 64 15 1.0
64 41 1 64 12 1.0
64 42 4 64 15 1.0
64 43 4 64 15 1.0
64 44 5 64 17 1.0
64 45 85 64 6 1.0
64 46 111 64 9 1.0
64 47 125 64 11 1.0
64 48 95 64 7 1.0
64 49 104 64 8 1.0
64 50 12 64 16 1.0
64 51 96 64 7 1.0
64 52 1 64 25 1.0
64 53 4 64 29 1.0
64 54 6 64 26 1.0
64 55 3 64 30 1.0
64 56 6 64 26 1.0
64 57 6 64 26 1.0
64 58 5 64 28 1.0
64 59 8 64 31 1.0
64 60 8 64 31 1.0
64 61 8 64 31 1.0
64 62 20 64 6 1.0
64 63 24 64 10 1.0
64 65 24 64 10 1.0
64 67 6 64 6 1.0
64 68 2 64 13 1.0
64 69 4 64 15 1.0
64 70 4 64 15 1.0
64 71 10 64 10 1.0
64 72 8 64 8 1.0
64 73 29 64 29 1.0
64 74 73 64 15 1.0
64 75 55 64 12 1.0
64 76 41 64 26 1.0
64 77 32 64 28 1.0
64 78 46 64 16 1.0
64 79 58 64 13 1.0
65 0 4 65 29 1.0
65 1 6 65 26 1.0
65 2 0 65 24 1.0
65 3 2 65 27 1.0
65 4 4 65 29 1.0
65 5 2 65 27 1.0
65 6 0 65 6 1.0
65 7 0 65 7 1.0
65 8 0 65 8 1.0
65 9 0 65 9 1.0
65 10 0 65 10 1.0
65 11 0 65 11 1.0
65 12 0 65 12 1.0
65 13 0 65 13 1.0
65 14 0 65 14 1.0
65 15 0 65 15 1.0
65 16 0 65 16 1.0
65 17 0 65 17 1.0
65 18 51 65 30 1.0
65 19 67 65 28 1.0
65 20 79 65 26 1.0
65 21 10 65 24 1.0
65 22 86 65 26 1.0
65 23 79 65 26 1.0
65 24 0 65 24 1.0
65 25 0 65 25 1.0
65 26 0 65 26 1.0
65 27 0 65 27 1.0
65 28 0 65 28 1.0
65 29 0 65 29 1.0
65 30 0 65 30 1.0
65 31 0 65 31 1.0
65 32 0 65 32 1.0
65 33 0 65 33 1.0
65 34 0 65 34 1.0
65 35 0 65 35 1.0
65 36 0 65 36 1.0
65 37 0 65 37 1.0
65 38 3 65 14 1.0
65 39 4 65 15 1.0
65 40 3 65 14 1.0
65 41 2 65 13 1.0
65 42 5 65 17 1.0
65 43 3 65 14 1.0
65 44 5 65 17 1.0
65 45 105 65 9 1.0
65 46 84 65 6 1.0
65 47 90 65 6 1.0
65 48 116 65 10 1.0
65 49 116 65 10 1.0
65 50 124 65 11 1.0
65 51 62 65 15 1.0
65 52 5 65 28 1.0
65 53 6 65 26 1.0
65 54 6 65 26 1.0
65 55 3 65 30 1.0
65 56 6 65 26 1.0
65 57 11 65 35 1.0
65 58 4 65 29 1.0
65 59 22 65 8 1.0
65 60 8 65 31 1.0
65 61 8 65 31 1.0
65 62 23 65 9 1.0
65 63 8 65 31 1.0
65 64 8 65 31 1.0
65 66 9 65 9 1.0
65 67 6 65 6 1.0
65 68 3 65 14 1.0
65 69 11 65 11 1.0
65 70 3 65 14 1.0
65 71 10 65 10 1.0
65 72 9 65 9 1.0
65 73 37 65 26 1.0
65 74 37 65 26 1.0
65 75 0 65 24 1.0
65 76 76 65 15 1.0
65 77 55 65 12 1.0
65 78 46 65 16 1.0
65 79 39 65 26 1.0
66 0 25 66 41 1.0
66 1 44 66 44 1.0
66 2 39 66 43 1.0
66 3 24 66 41 1.0
66 4 25 66 41 1.0
66 5 24 66 41 1.0
66 6 0 66 6 1.0
66 8 0 66 8 1.0
66 9 0 66 9 1.0
66 10 0 66 10 1.0
66 11 0 66 11 1.0
66 12 0 66 12 1.0
66 13 0 66 13 1.0
66 14 0 66 14 1.0
66 15 0 66 15 1.0
66 16 0 66 16 1.0
66 17 0 66 17 1.0
66 18 3 66 48 1.0
66 19 1 66 46 1.0
66 20 5 66 50 1.0
66 21 4 66 49 1.0
66 22 3 66 48 1.0
66 23 5 66 50 1.0
66 24 8 66 12 1.0
66 25 32 66 15 1.0
66 26 8 66 12 1.0
66 27 51 66 6 1.0
66 28 43 66 6 1.0
66 29 8 66 12 1.0
66 30 74 66 8 1.0
66 31 1 66 7 1.0
66 32 4 66 10 1.0
66 33 1 66 7 1.0
66 34 0 66 6 1.0
66 35 2 66 8 1.0
66 36 0 66 6 1.0
66 37 0 66 6 1.0
66 38 0 66 38 1.0
66 39 0 66 39 1.0
66 40 0 66 40 1.0
66 41 0 66 41 1.0
66 42 0 66 42 1.0
66 43 0 66 43 1.0
66 45 0 66 45 1.0
66 46 0 66 46 1.0
66 47 0 66 47 1.0
66 48 0 66 48 1.0
66 49 0 66 49 1.0
66 50 0 66 50 1.0
66 51 0 66 51 1.0
66 52 35 66 50 1.0
66 53 7 66 46 1.0
66 54 45 66 6 1.0
66 55 47 66 6 1.0
66 56 48 66 6 1.0
66 57 48 66 6 1.0
66 58 48 66 6 1.0
66 59 6 66 6 1.0
66 60 6 66 6 1.0
66 61 6 66 6 1.0
66 62 6 66 6 1.0
66 64 7 66 7 1.0
66 65 7 66 7 1.0
66 67 8 66 45 1.0
66 68 15 66 12 1.0
66 69 15 66 12 1.0
66 70 7 66 44 1.0
66 71 20 66 6 1.0
66 72 15 66 12 1.0
66 73 7 66 45 1.0
66 74 6 66 44 1.0
66 75 2 66 40 1.0
66 76 5 66 43 1.0
66 77 6 66 44 1.0
67 0 38 67 43 1.0
67 1 23 67 41 1.0
67 2 90 67 48 1.0
67 3 81 67 47 1.0
67 4 18 67 40 1.0
67 5 24 67 41 1.0
67 6 0 67 6 1.0
67 7 0 67 7 1.0
67 8 0 67 8 1.0
67 9 0 67 9 1.0
67 10 0 67 10 1.0
67 11 0 67 11 1.0
67 12 0 67 12 1.0
67 13 0 67 13 1.0
67 14 0 67 14 1.0
67 15 0 67 15 1.0
67 16 0 67 16 1.0
67 17 0 67 17 1.0
67 18 5 67 50 1.0
67 19 2 67 47 1.0
67 20 5 67 50 1.0
67 21 5 67 50 1.0
67 22 5 67 50 1.0
67 23 1 67 46 1.0
67 24 57 67 7 1.0
67 25 106 67 10 1.0
67 26 99 67 10 1.0
67 27 107 67 10 1.0
67 28 108 67 10 1.0
67 29 104 67 10 1.0
67 30 67 67 7 1.0
67 31 5 67 11 1.0
67 32 3 67 9 1.0
67 33 0 67 6 1.0
67 34 3 67 9 1.0
67 35 0 67 6 1.0
67 36 1 67 7 1.0
67 37 2 67 8 1.0
67 38 0 67 38 1.0
67 39 0 67 39 1.0
67 40 0 67 40 1.0
67 41 0 67 41 1.0
67 42 0 67 42 1.0
67 43 0 67 43 1.0
67 44 0 67 44 1.0
67 45 0 67 45 1.0
67 46 0 67 46 1.0
67 47 0 67 47 1.0
67 48 0 67 48 1.0
67 49 0 67 49 1.0
67 50 0 67 50 1.0
67 51 0 67 51 1.0
67 52 32 67 50 1.0
67 53 51 67 7 1.0
67 54 53 67 7 1.0
67 55 53 67 7 1.0
67 56 53 67 7 1.0
67 57 53 67 7 1.0
67 58 32 67 50 1.0
67 59 3 67 14 1.0
67 60 3 67 14 1.0
67 61 3 67 14 1.0
67 62 9 67 9 1.0
67 63 3 67 14 1.0
67 64 7 67 7 1.0
67 65 10 67 10 1.0
67 66 23 67 9 1.0
67 68 16 67 13 1.0
67 69 16 67 13 1.0
67 70 0 67 16 1.0
67 71 19 67 17 1.0
67 72 0 67 16 1.0
67 73 6 67 44 1.0
67 74 8 67 46 1.0
67 75 2 67 40 1.0
67 76 4 67 42 1.0
67 77 1 67 39 1.0
67 78 1 67 39 1.0
67 79 2 67 40 1.0
68 0 52 68 45 1.0
68 1 2 68 38 1.0
68 2 9 68 39 1.0
68 3 3 68 38 1.0
68 4 14 68 40 1.0
68 5 14 68 40 1.0
68 6 0 68 6 1.0
68 7 0 68 7 1.0
68 8 0 68 8 1.0
68 9 0 68 9 1.0
68 10 0 68 10 1.0
68 11 0 68 11 1.0
68 12 0 68 12 1.0
68 13 0 68 13 1.0
68 14 0 68 14 1.0
68 15 0 68 15 1.0
68 16 0 68 16 1.0
68 17 0 68 17 1.0
68 18 5 68 50 1.0
68 19 5 68 50 1.0
68 20 2 68 47 1.0
68 21 5 68 50 1.0
68 22 5 68 50 1.0
68 23 1 68 46 1.0
68 24 74 68 8 1.0
68 25 106 68 10 1.0
68 26 49 68 6 1.0
68 27 87 68 9 1.0
68 28 9 68 12 1.0
68 29 23 68 14 1.0
68 30 50 68 6 1.0
68 31 5 68 11 1.0
68 32 3 68 9 1.0
68 33 5 68 11 1.0
68 34 3 68 9 1.0
68 35 0 68 6 1.0
68 36 1 68 7 1.0
68 37 2 68 8 1.0
68 38 0 68 38 1.0
68 39 0 68 39 1.0
68 40 0 68 40 1.0
68 41 0 68 41 1.0
68 42 0 68 42 1.0
68 43 0 68 43 1.0
68 44 0 68 44 1.0
68 45 0 68 45 1.0
68 46 0 68 46 1.0
68 47 0 68 47 1.0
68 48 0 68 48 1.0
68 49 0 68 49 1.0
68 50 0 68 50 1.0
68 51 0 68 51 1.0
68 52 82 68 11 1.0
68 53 25 68 49 1.0
68 54 35 68 50 1.0
68 55 35 68 50 1.0
68 56 43 68 6 1.0
68 57 49 68 7 1.0
68 58 48 68 6 1.0
68 59 1 68 12 1.0
68 60 7 68 7 1.0
68 61 3 68 14 1.0
68 62 0 68 16 1.0
68 63 11 68 11 1.0
68 64 2 68 13 1.0
68 65 2 68 13 1.0
68 66 23 68 9 1.0
68 67 16 68 13 1.0
68 69 4 68 41 1.0
68 70 0 68 16 1.0
68 71 24 68 10 1.0
68 72 0 68 16 1.0
68 73 6 68 44 1.0
68 74 8 68 46 1.0
68 75 0 68 38 1.0
68 76 7 68 45 1.0
68 77 2 68 40 1.0
68 78 4 68 42 1.0
68 79 2 68 40 1.0
69 0 37 69 43 1.0
69 1 9 69 39 1.0
69 2 9 69 39 1.0
69 3 14 69 40 1.0
69 4 13 69 39 1.0
69 5 46 69 44 1.0
69 6 0 69 6 1.0
69 7 0 69 7 1.0
69 8 0 69 8 1.0
69 9 0 69 9 1.0
69 10 0 69 10 1.0
69 11 0 69 11 1.0
69 12 0 69 12 1.0
69 13 0 69 13 1.0
69 14 0 69 14 1.0
69 15 0 69 15 1.0
69 16 0 69 16 1.0
69 17 0 69 17 1.0
69 18 5 69 50 1.0
69 19 5 69 50 1.0
69 20 6 69 51 1.0
69 21 0 69 45 1.0
69 22 5 69 50 1.0
69 23 3 69 48 1.0
69 24 32 69 15 1.0
69 25 18 69 13 1.0
69 26 15 69 13 1.0
69 27 35 69 17 1.0
69 28 35 69 17 1.0
69 29 15 69 13 1.0
69 30 77 69 8 1.0
69 31 3 69 9 1.0
69 32 4 69 10 1.0
69 33 5 69 11 1.0
69 34 3 69 9 1.0
69 35 0 69 6 1.0
69 36 1 69 7 1.0
69 37 2 69 8 1.0
69 38 0 69 38 1.0
69 39 0 69 39 1.0
69 40 0 69 40 1.0
69 41 0 69 41 1.0
69 42 0 69 42 1.0
69 43 0 69 43 1.0
69 44 0 69 44 1.0
69 45 0 69 45 1.0
69 46 0 69 46 1.0
69 47 0 69 47 1.0
69 48 0 69 48 1.0
69 49 0 69 49 1.0
69 50 0 69 50 1.0
69 51 0 69 51 1.0
69 52 1 69 45 1.0
69 53 13 69 47 1.0
69 54 42 69 6 1.0
69 55 42 69 6 1.0
69 56 78 69 11 1.0
69 57 60 69 8 1.0
69 58 61 69 8 1.0
69 59 0 69 16 1.0
69 60 5 69 17 1.0
69 61 9 69 9 1.0
69 62 8 69 8 1.0
69 63 9 69 9 1.0
69 64 11 69 11 1.0
69 65 10 69 10 1.0
69 66 23 69 9 1.0
69 67 16 69 13 1.0
69 68 16 69 13 1.0
69 70 0 69 16 1.0
69 71 23 69 9 1.0
69 72 0 69 16 1.0
69 73 7 69 45 1.0
69 74 4 69 42 1.0
69 75 7 69 45 1.0
69 76 11 69 49 1.0
69 77 3 69 41 1.0
69 78 13 69 51 1.0
69 79 13 69 51 1.0
70 0 46 70 44 1.0
70 1 17 70 40 1.0
70 2 17 70 40 1.0
70 3 65 70 46 1.0
70 4 45 70 44 1.0
70 5 91 70 48 1.0
70 6 0 70 6 1.0
70 7 0 70 7 1.0
70 9 0 70 9 1.0
70 10 0 70 10 1.0
70 11 0 70 11 1.0
70 12 0 70 12 1.0
70 14 0 70 14 1.0
70 15 0 70 15 1.0
70 18 4 70 49 1.0
70 19 6 70 51 1.0
70 20 6 70 51 1.0
70 23 6 70 51 1.0
70 24 116 70 11 1.0
70 25 41 70 17 1.0
70 26 16 70 13 1.0
70 27 105 70 10 1.0
70 28 41 70 17 1.0
70 29 14 70 13 1.0
70 30 35 70 17 1.0
70 31 2 70 8 1.0
70 32 4 70 10 1.0
70 33 4 70 10 1.0
70 34 2 70 8 1.0
70 36 2 70 8 1.0
70 37 0 70 6 1.0
70 39 0 70 39 1.0
70 40 0 70 40 1.0
70 41 0 70 41 1.0
70 42 0 70 42 1.0
70 43 0 70 43 1.0
70 44 0 70 44 1.0
70 45 0 70 45 1.0
70 46 0 70 46 1.0
70 47 0 70 47 1.0
70 50 0 70 50 1.0
70 51 0 70 51 1.0
70 53 31 70 50 1.0
70 54 35 70 50 1.0
70 55 63 70 9 1.0
70 56 82 70 11 1.0
70 57 56 70 8 1.0
70 58 18 70 48 1.0
70 60 2 70 13 1.0
70 61 5 70 17 1.0
70 62 2 70 13 1.0
70 63 7 70 7 1.0
70 64 7 70 7 1.0
70 65 6 70 6 1.0
70 66 7 70 44 1.0
70 67 0 70 16 1.0
70 68 0 70 16 1.0
70 69 16 70 13 1.0
70 71 6 70 43 1.0
70 72 0 70 16 1.0
70 73 6 70 44 1.0
70 74 8 70 46 1.0
70 75 2 70 40 1.0
70 77 8 70 46 1.0
70 78 8 70 46 1.0
70 79 10 70 48 1.0
71 0 85 71 47 1.0
71 1 51 71 45 1.0
71 2 116 71 50 1.0
71 3 99 71 48 1.0
71 4 8 71 39 0.890625
71 4 41 71 43 0.109375
71 5 99 71 48 1.0
71 6 0 71 6 1.0
71 7 0 71 7 1.0
71 9 0 71 9 1.0
71 10 0 71 10 1.0
71 14 0 71 14 1.0
71 15 0 71 15 1.0
71 16 0 71 16 1.0
71 18 0 71 45 1.0
71 19 6 71 51 1.0
71 20 0 71 45 1.0
71 23 0 71 45 1.0
71 24 113 71 11 1.0
71 25 27 71 14 1.0
71 26 49 71 6 1.0
71 27 63 71 7 1.0
71 28 85 71 9 1.0
71 29 50 71 6 1.0
71 30 22 71 14 1.0
71 31 1 71 7 0.71875
71 31 4 71 10 0.28125
71 32 4 71 10 1.0
71 33 0 71 6 1.0
71 34 0 71 6 1.0
71 35 0 71 6 1.0
71 36 0 71 6 1.0
71 37 0 71 6 1.0
71 40 0 71 40 1.0
71 41 0 71 41 1.0
71 42 0 71 42 1.0
71 44 0 71 44 1.0
71 45 0 71 45 1.0
71 47 0 71 47 1.0
71 50 0 71 50 1.0
71 51 0 71 51 1.0
71 53 4 71 45 0.453125
71 53 68 71 9 0.546875
71 54 47 71 6 1.0
71 55 0 71 45 1.0
71 56 73 71 10 1.0
71 57 66 71 9 1.0
71 58 0 71 45 1.0
71 63 10 71 10 1.0
71 64 11 71 11 1.0
71 65 1 71 12 1.0
71 66 5 71 42 1.0
71 67 21 71 7 1.0
71 68 5 71 42 1.0
71 69 5 71 42 1.0
71 70 24 71 10 1.0
71 72 5 71 42 1.0
71 73 6 71 44 0.828125
71 73 7 71 45 0.171875
71 74 4 71 42 1.0
71 77 1 71 39 1.0
71 78 8 71 46 1.0
71 79 1 71 39 1.0
72 0 17 72 40 1.0
72 1 14 72 40 1.0
72 2 2 72 38 1.0
72 3 126 72 50 1.0
72 4 39 72 43 1.0
72 5 45 72 44 1.0
72 6 0 72 6 1.0
72 7 0 72 7 1.0
72 9 0 72 9 1.0
72 10 0 72 10 1.0
72 11 0 72 11 1.0
72 12 0 72 12 1.0
72 13 0 72 13 1.0
72 14 0 72 14 1.0
72 15 0 72 15 1.0
72 17 0 72 17 1.0
72 18 4 72 49 1.0
72 19 6 72 51 1.0
72 20 6 72 51 1.0
72 21 4 72 49 1.0
72 22 1 72 46 1.0
72 23 5 72 50 1.0
72 24 116 72 11 1.0
72 25 50 72 6 1.0
72 26 9 72 12 1.0
72 27 87 72 9 1.0
72 28 63 72 7 1.0
72 29 91 72 9 1.0
72 30 116 72 11 1.0
72 31 2 72 8 1.0
72 32 4 72 10 1.0
72 33 4 72 10 1.0
72 35 2 72 8 1.0
72 36 2 72 8 1.0
72 38 0 72 38 1.0
72 40 0 72 40 1.0
72 41 0 72 41 1.0
72 42 0 72 42 1.0
72 44 0 72 44 1.0
72 45 0 72 45 1.0
72 47 0 72 47 1.0
72 48 0 72 48 1.0
72 50 0 72 50 1.0
72 51 0 72 51 1.0
72 52 35 72 50 1.0
72 53 31 72 50 1.0
72 54 60 72 8 1.0
72 55 35 72 50 1.0
72 56 56 72 8 1.0
72 57 82 72 11 1.0
72 58 71 72 10 1.0
72 59 8 72 8 1.0
72 60 2 72 13 1.0
72 61 2 72 13 1.0
72 62 0 72 16 1.0
72 63 1 72 12 1.0
72 64 7 72 7 1.0
72 65 11 72 11 1.0
72 67 0 72 16 1.0
72 68 0 72 16 1.0
72 69 0 72 16 1.0
72 70 0 72 16 1.0
72 71 15 72 12 1.0
72 73 4 72 42 1.0
72 74 8 72 46 1.0
72 76 5 72 43 1.0
72 77 5 72 43 1.0
72 78 5 72 43 1.0
72 79 5 72 43 1.0
73 0 0 73 0 1.0
73 1 0 73 1 1.0
73 2 0 73 2 1.0
73 3 0 73 3 1.0
73 4 0 73 4 1.0
73 5 0 73 5 1.0
73 6 129 73 50 1.0
73 7 80 73 44 1.0
73 8 41 73 41 1.0
73 9 49 73 41 1.0
73 10 72 73 43 1.0
73 11 52 73 42 1.0
73 12 3 73 41 1.0
73 13 3 73 41 1.0
73 14 2 73 40 1.0
73 15 6 73 44 1.0
73 19 0 73 19 1.0
73 20 0 73 20 1.0
73 21 0 73 21 1.0
73 23 0 73 23 1.0
73 24 2 73 2 1.0
73 25 0 73 0 1.0
73 26 1 73 1 1.0
73 27 3 73 3 1.0
73 28 5 73 5 1.0
73 29 3 73 3 1.0
73 30 1 73 1 0.65625
73 30 3 73 3 0.34375
73 31 65 73 1 1.0
73 32 7 73 0 1.0
73 35 22 73 19 1.0
73 39 0 73 39 1.0
73 40 0 73 40 1.0
73 41 0 73 41 1.0
73 42 0 73 42 1.0
73 43 0 73 43 1.0
73 44 0 73 44 1.0
73 45 0 73 45 1.0
73 47 0 73 47 1.0
73 50 0 73 50 1.0
73 51 0 73 51 1.0
73 52 11 73 5 1.0
73 53 10 73 4 1.0
73 54 0 73 0 1.0
73 55 0 73 0 1.0
73 56 0 73 0 1.0
73 57 9 73 3 1.0
73 58 10 73 4 1.0
73 59 65 73 41 1.0
73 62 66 73 42 1.0
73 63 53 73 39 1.0
73 64 63 73 41 1.0
73 65 81 73 44 1.0
73 66 3 73 41 1.0
73 67 11 73 49 1.0
73 68 10 73 48 1.0
73 69 10 73 48 1.0
73 70 0 73 38 1.0
73 71 7 73 45 1.0
73 72 10 73 48 1.0
73 74 3 73 20 0.46875
73 74 15 73 41 0.421875
73 74 24 73 50 0.109375
73 77 11 73 5 1.0
73 78 0 73 0 1.0
73 79 11 73 5 1.0
74 0 0 74 0 1.0
74 1 0 74 1 1.0
74 2 0 74 2 1.0
74 3 0 74 3 1.0
74 4 0 74 4 1.0
74 5 0 74 5 1.0
74 6 99 74 46 1.0
74 7 108 74 47 1.0
74 9 99 74 46 1.0
74 10 54 74 42 1.0
74 14 2 74 40 1.0
74 15 0 74 38 1.0
74 19 0 74 19 1.0
74 20 0 74 20 1.0
74 22 0 74 22 1.0
74 23 0 74 23 1.0
74 24 1 74 1 1.0
74 25 2 74 2 1.0
74 26 0 74 0 1.0
74 27 0 74 0 1.0
74 28 0 74 0 1.0
74 29 2 74 2 1.0
74 30 1 74 1 1.0
74 31 10 74 0 1.0
74 32 64 74 1 1.0
74 35 22 74 19 1.0
74 38 0 74 38 1.0
74 40 0 74 40 1.0
74 41 0 74 41 1.0
74 42 0 74 42 1.0
74 43 0 74 43 1.0
74 44 0 74 44 1.0
74 45 0 74 45 1.0
74 47 0 74 47 1.0
74 48 0 74 48 1.0
74 49 0 74 49 1.0
74 50 0 74 50 1.0
74 51 0 74 51 1.0
74 53 5 74 22 1.0
74 54 11 74 5 1.0
74 55 11 74 5 1.0
74 56 4 74 21 1.0
74 57 11 74 5 1.0
74 58 7 74 1 1.0
74 59 83 74 44 1.0
74 60 5 74 0 1.0
74 61 68 74 42 1.0
74 62 68 74 42 1.0
74 63 9 74 1 1.0
74 64 2 74 0 1.0
74 65 67 74 42 1.0
74 66 7 74 45 1.0
74 67 8 74 46 1.0
74 68 7 74 45 1.0
74 69 4 74 42 1.0
74 70 9 74 47 1.0
74 71 12 74 50 1.0
74 72 5 74 43 1.0
74 73 6 74 23 0.703125
74 73 14 74 40 0.1875
74 73 19 74 45 0.109375
74 76 19 74 45 1.0
74 77 19 74 45 1.0
74 78 16 74 42 1.0
74 79 9 74 3 0.921875
74 79 19 74 45 0.078125
75 0 0 75 0 1.0
75 1 0 75 1 1.0
75 2 0 75 2 1.0
75 6 91 75 45 1.0
75 7 92 75 45 1.0
75 9 103 75 46 1.0
75 11 70 75 43 1.0
75 12 6 75 44 1.0
75 13 4 75 42 1.0
75 14 5 75 43 1.0
75 15 1 75 39 1.0
75 20 0 75 20 1.0
75 22 0 75 22 1.0
75 23 0 75 23 1.0
75 24 5 75 5 1.0
75 25 0 75 0 1.0
75 26 1 75 1 1.0
75 27 4 75 4 1.0
75 29 4 75 4 1.0
75 33 22 75 19 1.0
75 34 22 75 19 1.0
75 35 22 75 19 1.0
75 36 22 75 19 1.0
75 37 22 75 19 1.0
75 39 0 75 39 1.0
75 40 0 75 40 1.0
75 41 0 75 41 1.0
75 42 0 75 42 1.0
75 43 0 75 43 1.0
75 45 0 75 45 1.0
75 46 0 75 46 1.0
75 47 0 75 47 1.0
75 48 0 75 48 1.0
75 50 0 75 50 1.0
75 51 0 75 51 1.0
75 53 11 75 5 1.0
75 54 9 75 3 1.0
75 55 11 75 5 1.0
75 56 6 75 23 1.0
75 57 5 75 22 1.0
75 58 1 75 18 1.0
75 60 34 75 4 1.0
75 61 77 75 43 1.0
75 62 32 75 4 1.0
75 63 1 75 0 1.0
75 64 8 75 1 1.0
75 65 6 75 0 1.0
75 66 7 75 45 1.0
75 67 0 75 38 1.0
75 68 7 75 45 1.0
75 69 6 75 44 1.0
75 70 5 75 43 1.0
75 71 12 75 50 1.0
75 73 19 75 45 1.0
75 74 18 75 44 1.0
75 76 17 75 43 1.0
75 77 1 75 18 1.0
75 78 1 75 18 1.0
75 79 1 75 18 1.0
76 1 0 76 1 1.0
76 2 0 76 2 1.0
76 5 0 76 5 1.0
76 6 91 76 45 1.0
76 8 52 76 42 1.0
76 9 103 76 46 1.0
76 10 92 76 45 1.0
76 11 52 76 42 1.0
76 12 0 76 38 1.0
76 13 4 76 42 1.0
76 14 1 76 39 1.0
76 15 1 76 39 1.0
76 21 0 76 21 1.0
76 22 0 76 22 1.0
76 23 0 76 23 1.0
76 24 3 76 3 1.0
76 25 0 76 0 1.0
76 26 1 76 1 1.0
76 27 0 76 0 1.0
76 32 29 76 20 1.0
76 33 4 76 0 0.265625
76 33 103 76 4 0.4375
76 33 112 76 5 0.296875
76 34 29 76 20 1.0
76 35 29 76 20 1.0
76 37 22 76 19 1.0
76 39 0 76 39 1.0
76 40 0 76 40 1.0
76 41 0 76 41 1.0
76 42 0 76 42 1.0
76 45 0 76 45 1.0
76 46 0 76 46 1.0
76 47 0 76 47 1.0
76 50 0 76 50 1.0
76 51 0 76 51 1.0
76 52 8 76 2 1.0
76 53 0 76 0 1.0
76 54 2 76 19 1.0
76 55 9 76 3 1.0
76 56 5 76 22 1.0
76 57 10 76 4 1.0
76 58 1 76 18 1.0
76 59 32 76 4 1.0
76 60 77 76 43 1.0
76 62 77 76 43 1.0
76 63 0 76 0 1.0
76 64 8 76 1 1.0
76 65 36 76 5 1.0
76 66 7 76 45 1.0
76 67 0 76 38 1.0
76 68 6 76 44 1.0
76 69 11 76 49 1.0
76 70 5 76 43 1.0
76 71 12 76 50 1.0
76 77 6 76 23 1.0
76 78 6 76 23 1.0
76 79 6 76 23 1.0
77 0 0 77 0 1.0
77 1 0 77 1 1.0
77 2 0 77 2 1.0
77 3 0 77 3 1.0
77 4 0 77 4 1.0
77 5 0 77 5 1.0
77 6 55 77 42 1.0
77 7 127 77 50 1.0
77 8 57 77 42 1.0
77 9 70 77 43 1.0
77 10 103 77 46 1.0
77 11 83 77 44 1.0
77 12 2 77 40 1.0
77 13 6 77 44 1.0
77 14 2 77 40 1.0
77 15 0 77 38 1.0
77 16 6 77 44 1.0
77 17 0 77 38 1.0
77 18 0 77 18 1.0
77 19 0 77 19 1.0
77 20 0 77 20 1.0
77 21 0 77 21 1.0
77 22 0 77 22 1.0
77 23 0 77 23 1.0
77 24 3 77 3 1.0
77 25 1 77 1 1.0
77 26 4 77 4 1.0
77 27 3 77 3 1.0
77 28 1 77 1 1.0
77 29 5 77 5 1.0
77 30 2 77 2 1.0
77 31 73 77 2 1.0
77 32 78 77 2 1.0
77 33 106 77 4 1.0
77 34 64 77 1 1.0
77 35 74 77 2 1.0
77 36 7 77 0 1.0
77 37 109 77 4 1.0
77 38 0 77 38 1.0
77 39 0 77 39 1.0
77 40 0 77 40 1.0
77 41 0 77 41 1.0
77 42 0 77 42 1.0
77 43 0 77 43 1.0
77 44 0 77 44 1.0
77 45 0 77 45 1.0
77 46 0 77 46 1.0
77 47 0 77 47 1.0
77 48 0 77 48 1.0
77 49 0 77 49 1.0
77 50 0 77 50 1.0
77 51 0 77 51 1.0
77 52 9 77 3 1.0
77 53 10 77 4 1.0
77 54 10 77 4 1.0
77 55 10 77 4 1.0
77 56 8 77 2 1.0
77 57 8 77 2 1.0
77 58 5 77 22 1.0
77 59 79 77 44 1.0
77 60 79 77 44 1.0
77 61 28 77 4 1.0
77 62 19 77 2 1.0
77 63 80 77 44 1.0
77 64 83 77 44 1.0
77 65 80 77 44 1.0
77 66 7 77 45 1.0
77 67 7 77 45 1.0
77 68 2 77 40 1.0
77 69 2 77 40 1.0
77 70 1 77 39 1.0
77 71 5 77 43 1.0
77 72 1 77 39 1.0
77 73 19 77 45 1.0
77 74 0 77 0 0.890625
77 74 9 77 3 0.109375
77 75 5 77 22 1.0
77 76 2 77 19 1.0
77 78 25 77 51 1.0
77 79 14 77 40 1.0
78 0 0 78 0 1.0
78 1 0 78 1 1.0
78 2 0 78 2 1.0
78 3 0 78 3 1.0
78 4 0 78 4 1.0
78 5 0 78 5 1.0
78 6 19 78 39 1.0
78 7 72 78 43 1.0
78 8 80 78 44 1.0
78 9 70 78 43 1.0
78 10 134 78 51 1.0
78 11 96 78 45 1.0
78 12 2 78 40 1.0
78 13 4 78 42 1.0
78 14 6 78 44 1.0
78 15 5 78 43 1.0
78 16 6 78 44 1.0
78 17 2 78 40 1.0
78 18 0 78 18 1.0
78 19 0 78 19 1.0
78 20 0 78 20 1.0
78 21 0 78 21 1.0
78 22 0 78 22 1.0
78 23 0 78 23 1.0
78 24 3 78 3 1.0
78 25 1 78 1 1.0
78 26 5 78 5 1.0
78 27 3 78 3 1.0
78 28 4 78 4 1.0
78 29 4 78 4 1.0
78 30 1 78 1 1.0
78 31 98 78 4 1.0
78 32 83 78 2 1.0
78 33 50 78 23 1.0
78 34 113 78 5 1.0
78 35 29 78 20 1.0
78 36 50 78 23 1.0
78 37 121 78 5 1.0
78 38 0 78 38 1.0
78 39 0 78 39 1.0
78 40 0 78 40 1.0
78 41 0 78 41 1.0
78 42 0 78 42 1.0
78 43 0 78 43 1.0
78 44 0 78 44 1.0
78 45 0 78 45 1.0
78 46 0 78 46 1.0
78 47 0 78 47 1.0
78 48 0 78 48 1.0
78 49 0 78 49 1.0
78 50 0 78 50 1.0
78 51 0 78 51 1.0
78 52 8 78 2 1.0
78 53 7 78 1 1.0
78 54 8 78 2 1.0
78 55 8 78 2 1.0
78 56 8 78 2 1.0
78 57 8 78 2 1.0
78 58 4 78 21 1.0
78 59 22 78 3 1.0
78 60 33 78 4 1.0
78 61 81 78 44 1.0
78 62 53 78 39 1.0
78 63 41 78 5 1.0
78 64 77 78 43 1.0
78 65 41 78 5 1.0
78 67 7 78 45 1.0
78 68 2 78 40 1.0
78 69 2 78 40 1.0
78 70 10 78 48 1.0
78 71 1 78 39 1.0
78 72 0 78 38 1.0
78 73 19 78 45 1.0
78 74 22 78 48 1.0
78 75 5 78 22 1.0
78 76 23 78 49 1.0
78 77 25 78 51 1.0
78 79 25 78 51 1.0
79 0 0 79 0 1.0
79 1 0 79 1 1.0
79 2 0 79 2 1.0
79 3 0 79 3 1.0
79 4 0 79 4 1.0
79 5 0 79 5 1.0
79 6 112 79 48 0.65625
79 6 126 79 50 0.34375
79 7 52 79 42 1.0
79 8 81 79 44 1.0
79 9 70 79 43 1.0
79 10 110 79 47 1.0
79 11 96 79 45 1.0
79 12 2 79 40 1.0
79 14 4 79 42 1.0
79 15 0 79 38 1.0
79 16 3 79 41 1.0
79 17 2 79 40 1.0
79 18 0 79 18 1.0
79 19 0 79 19 1.0
79 20 0 79 20 1.0
79 21 0 79 21 1.0
79 22 0 79 22 1.0
79 23 0 79 23 1.0
79 24 3 79 3 1.0
79 25 5 79 5 1.0
79 26 4 79 4 1.0
79 27 2 79 2 1.0
79 28 4 79 4 1.0
79 29 4 79 4 1.0
79 30 1 79 1 1.0
79 31 91 79 3 1.0
79 32 7 79 0 1.0
79 33 106 79 4 1.0
79 34 120 79 5 1.0
79 35 120 79 5 1.0
79 36 120 79 5 1.0
79 37 92 79 3 1.0
79 38 0 79 38 1.0
79 39 0 79 39 1.0
79 40 0 79 40 1.0
79 41 0 79 41 1.0
79 42 0 79 42 1.0
79 43 0 79 43 1.0
79 44 0 79 44 1.0
79 45 0 79 45 1.0
79 46 0 79 46 1.0
79 47 0 79 47 1.0
79 48 0 79 48 1.0
79 49 0 79 49 1.0
79 50 0 79 50 1.0
79 51 0 79 51 1.0
79 52 1 79 18 1.0
79 53 10 79 4 1.0
79 54 11 79 5 1.0
79 55 9 79 3 1.0
79 56 11 79 5 1.0
79 57 11 79 5 1.0
79 58 1 79 18 1.0
79 59 81 79 44 1.0
79 60 1 79 0 1.0
79 61 22 79 3 1.0
79 62 81 79 44 1.0
79 63 68 79 42 1.0
79 64 77 79 43 1.0
79 65 77 79 43 1.0
79 67 7 79 45 1.0
79 68 2 79 40 1.0
79 69 4 79 42 1.0
79 70 1 79 39 1.0
79 71 1 79 39 1.0
79 72 0 79 38 1.0
79 73 11 79 5 1.0
79 74 9 79 3 1.0
79 75 5 79 22 1.0
79 76 2 79 19 1.0
79 77 25 79 51 1.0
79 78 25 79 51 1.0
