21_75_100_640_0_0 160 480 0.54195 0.147756 0.812212 10.0791 579.191 3.86743
21_75_100_640_0_0 160 480 320 902761 31632667500 35039.9 2821.13 9.88521e+07 6.78733e+08
21_75_100_640_1_1 160 480 0.54195 0.147756 0.812212 10.0791 579.191 3.86743
21_75_100_640_1_1 160 480 320 902761 31632667500 35039.9 2821.13 9.88521e+07 6.78733e+08
21_75_100_640_2_2 160 480 0.502027 0.147894 0.792154 9.90505 439.978 3.71884
21_75_100_640_2_2 160 480 320 902435 31589653500 35004.9 2820.11 9.87177e+07 5.9212e+08
21_75_100_640_3_3 160 480 0.472993 0.149569 0.797614 9.69705 218.198 3.67769
21_75_100_640_3_3 160 480 320 902789 31733803500 35150.9 2821.22 9.91681e+07 5.90373e+08
21_75_100_640_4_4 160 480 0.488232 0.148332 0.805848 9.8736 329.704 3.79108
21_75_100_640_4_4 160 480 320 902263 31705195500 35139.6 2819.57 9.90787e+07 5.97222e+08
21_75_100_640_5_5 160 480 0.461012 0.146342 0.771683 9.55558 272.713 3.54548
21_75_100_640_5_5 160 480 320 901874 31515543000 34944.5 2818.36 9.84861e+07 5.46019e+08
21_75_100_640_6_6 160 480 0.474282 0.147539 0.786359 9.57135 350.727 3.56227
21_75_100_640_6_6 160 480 320 901890 31656645000 35100.3 2818.41 9.8927e+07 5.78746e+08
21_75_100_640_7_7 160 480 0.461523 0.147145 0.77625 9.62741 281.811 3.56849
21_75_100_640_7_7 160 480 320 901589 31594699500 35043.4 2817.47 9.87334e+07 5.43317e+08
21_75_100_640_8_8 160 480 0.519868 0.146896 0.802624 10.1451 555.837 3.90762
21_75_100_640_8_8 160 480 320 901597 31478530500 34914.2 2817.49 9.83704e+07 6.27337e+08
21_75_100_640_9_9 160 480 0.498406 0.1485 0.809105 9.93375 559.913 3.81413
21_75_100_640_9_9 160 480 320 902233 31655149500 35085.3 2819.48 9.89223e+07 6.02237e+08
