0_9625_100000_200_0 50 150 0.453507 0.0690121 0.501919 5.72112 300.776 1.11544
0_9625_100000_200_0 50 150 100 429275 15054961500 35070.7 4292.75 150549615 5.72042e+08
0_9625_100000_200_1 50 150 0.453507 0.0690121 0.501919 5.72112 300.776 1.11544
0_9625_100000_200_1 50 150 100 429275 15054961500 35070.7 4292.75 150549615 5.72042e+08
0_9625_100000_200_2 50 150 0.340269 0.0685792 0.475684 3.83742 224.213 0.904692
0_9625_100000_200_2 50 150 100 430549 14934753000 34687.7 4305.49 149347530 5.08215e+08
0_9625_100000_200_3 50 150 0.368596 0.068177 0.470038 4.3781 223.181 0.930806
0_9625_100000_200_3 50 150 100 430039 14926344000 34709.3 4300.39 149263440 5.35371e+08
0_9625_100000_200_4 50 150 0.410017 0.0687097 0.492937 5.23685 297.059 1.06534
0_9625_100000_200_4 50 150 100 429890 15003504000 34900.8 4298.9 150035040 6.11357e+08
0_9625_100000_200_5 50 150 0.400535 0.0689227 0.474556 4.2967 319.58 0.934973
0_9625_100000_200_5 50 150 100 430219 14967762000 34791 4302.19 149677620 4.9827e+08
0_9625_100000_200_6 50 150 0.371965 0.0688166 0.487675 4.76599 213.193 1.00998
0_9625_100000_200_6 50 150 100 428996 15003463500 34973.4 4289.96 150034635 6.01986e+08
0_9625_100000_200_7 50 150 0.338571 0.0682767 0.478565 4.00264 304.293 0.91819
0_9625_100000_200_7 50 150 100 428999 14895694500 34722 4289.99 148956945 4.71627e+08
0_9625_100000_200_8 50 150 0.390999 0.0686233 0.477147 5.0525 309.811 1.00253
0_9625_100000_200_8 50 150 100 428758 14968804500 34912 4287.58 149688045 5.52977e+08
0_9625_100000_200_9 50 150 0.337485 0.0684065 0.456135 3.23147 228.97 0.821797
0_9625_100000_200_9 50 150 100 428915 15025923000 35032.4 4289.15 150259230 4.56327e+08
