1_3_10_240_0_0 60 180 0.623968 0.134987 0.589963 9.52388 1099.66 2.18675
1_3_10_240_0_0 60 180 120 4081323 104859664500 25692.6 34011 8.73831e+08 2.12451e+09
1_3_10_240_1_1 60 180 0.623968 0.134987 0.589963 9.52388 1099.66 2.18675
1_3_10_240_1_1 60 180 120 4081323 104859664500 25692.6 34011 8.73831e+08 2.12451e+09
1_3_10_240_2_2 60 180 0.64075 0.135562 0.59175 9.56421 1089.41 2.21408
1_3_10_240_2_2 60 180 120 4080923 104942683500 25715.4 34007.7 8.74522e+08 2.20312e+09
1_3_10_240_3_3 60 180 0.600673 0.134752 0.583156 9.33095 1080.96 2.10933
1_3_10_240_3_3 60 180 120 4080104 104760229500 25675.9 34000.9 8.73002e+08 2.14607e+09
1_3_10_240_4_4 60 180 0.602675 0.134938 0.588025 9.49495 1081.88 2.17874
1_3_10_240_4_4 60 180 120 4079589 104782371000 25684.5 33996.6 873186425 2.09575e+09
1_3_10_240_5_5 60 180 0.617991 0.134916 0.586633 9.4788 1081.46 2.18365
1_3_10_240_5_5 60 180 120 4080525 104645662500 25645.1 34004.4 8.72047e+08 2.10711e+09
1_3_10_240_6_6 60 180 0.605791 0.135255 0.587178 9.36333 1081.03 2.13746
1_3_10_240_6_6 60 180 120 4080717 104920728000 25711.3 34006 874339400 2.12504e+09
1_3_10_240_7_7 60 180 0.641171 0.134783 0.587218 9.45362 2110.82 2.17569
1_3_10_240_7_7 60 180 120 4080701 104849767500 25694.1 34005.8 8.73748e+08 2.19664e+09
1_3_10_240_8_8 60 180 0.600898 0.135192 0.588563 9.42726 1080.91 2.15225
1_3_10_240_8_8 60 180 120 4081242 104909772000 25705.4 34010.3 874248100 2.15602e+09
1_3_10_240_9_9 60 180 0.610101 0.134742 0.588877 9.47119 1080.56 2.16737
1_3_10_240_9_9 60 180 120 4079967 104853858000 25699.7 33999.7 873782150 2.10314e+09
