16_25_100_640_0_0 160 480 0.421713 0.093988 0.56171 9.85216 176.402 3.1149
16_25_100_640_0_0 160 480 320 674663 23526009000 34870.8 2108.32 7.35188e+07 3.31899e+08
16_25_100_640_1_1 160 480 0.421713 0.093988 0.56171 9.85216 176.402 3.1149
16_25_100_640_1_1 160 480 320 674663 23526009000 34870.8 2108.32 7.35188e+07 3.31899e+08
16_25_100_640_2_2 160 480 0.447321 0.0947842 0.585841 10.177 265.211 3.39507
16_25_100_640_2_2 160 480 320 674303 23555836500 34933.6 2107.2 7.3612e+07 3.54792e+08
16_25_100_640_3_3 160 480 0.432695 0.0956119 0.58158 10.0624 189.865 3.28829
16_25_100_640_3_3 160 480 320 674053 23643519000 35076.6 2106.42 7.3886e+07 3.56895e+08
16_25_100_640_4_4 160 480 0.420803 0.0954443 0.566209 9.86926 177.017 3.16915
16_25_100_640_4_4 160 480 320 674176 23645620500 35073.4 2106.8 7.38926e+07 3.30415e+08
16_25_100_640_5_5 160 480 0.421964 0.0945967 0.567377 9.9025 240.023 3.22032
16_25_100_640_5_5 160 480 320 674001 23509368000 34880.3 2106.25 73466775 3.30167e+08
16_25_100_640_6_6 160 480 0.464479 0.0958348 0.595236 10.1689 264.769 3.43164
16_25_100_640_6_6 160 480 320 673668 23503159500 34888.3 2105.21 7.34474e+07 3.60004e+08
16_25_100_640_7_7 160 480 0.418979 0.0952256 0.582339 9.80891 171.164 3.21196
16_25_100_640_7_7 160 480 320 673240 23531446500 34952.5 2103.88 7.35358e+07 3.35819e+08
16_25_100_640_8_8 160 480 0.451272 0.0946519 0.574869 10.1224 229.21 3.31261
16_25_100_640_8_8 160 480 320 673347 23477527500 34866.9 2104.21 7.33673e+07 3.45423e+08
16_25_100_640_9_9 160 480 0.418896 0.0938359 0.562585 9.79829 200.63 3.10092
16_25_100_640_9_9 160 480 320 673719 23512695000 34899.9 2105.37 7.34772e+07 3.33584e+08
