61_0_0_200_0_0 50 150 0.51487 0.169471 1.08862 9.89926 107.186 4.4907
61_0_0_200_0_0 50 150 100 281398 9773380500 34731.5 2813.98 97733805 5.94387e+08
61_0_0_200_1_1 50 150 0.51487 0.169471 1.08862 9.89926 107.186 4.4907
61_0_0_200_1_1 50 150 100 281398 9773380500 34731.5 2813.98 97733805 5.94387e+08
61_0_0_200_2_2 50 150 0.541012 0.174965 1.22567 10.1756 110.025 4.92066
61_0_0_200_2_2 50 150 100 280968 9858510000 35087.7 2809.68 98585100 6.22326e+08
61_0_0_200_3_3 50 150 0.557949 0.174831 1.26096 10.2641 119.296 5.09535
61_0_0_200_3_3 50 150 100 281196 9795528000 34835.2 2811.96 97955280 6.85451e+08
61_0_0_200_4_4 50 150 0.564067 0.178514 1.3049 10.3217 250.101 5.12315
61_0_0_200_4_4 50 150 100 280742 9915333000 35318.3 2807.42 99153330 6.85632e+08
61_0_0_200_5_5 50 150 0.549169 0.175955 1.25976 10.1733 118.16 4.9958
61_0_0_200_5_5 50 150 100 280846 9797136000 34884.4 2808.46 97971360 6.52764e+08
61_0_0_200_6_6 50 150 0.538703 0.174401 1.23122 10.0595 118.082 4.96711
61_0_0_200_6_6 50 150 100 281316 9782379000 34773.6 2813.16 97823790 6.12277e+08
61_0_0_200_7_7 50 150 0.545053 0.175514 1.21796 10.1764 116.264 4.93845
61_0_0_200_7_7 50 150 100 280721 9837715500 35044.5 2807.21 98377155 6.69558e+08
61_0_0_200_8_8 50 150 0.547071 0.176964 1.3078 10.0948 170.043 4.99976
61_0_0_200_8_8 50 150 100 280639 9827919000 35019.8 2806.39 98279190 6.47193e+08
61_0_0_200_9_9 50 150 0.531512 0.174423 1.195 10.0526 180.043 4.75871
61_0_0_200_9_9 50 150 100 280880 9786423000 34842 2808.8 97864230 6.05226e+08
