62_0_0_200_0_0 50 150 0.553332 0.176397 1.27374 10.1709 90.0987 5.02425
62_0_0_200_0_0 50 150 100 285993 9934389000 34736.5 2859.93 99343890 6.56772e+08
62_0_0_200_1_1 50 150 0.553332 0.176397 1.27374 10.1709 90.0987 5.02425
62_0_0_200_1_1 50 150 100 285993 9934389000 34736.5 2859.93 99343890 6.56772e+08
62_0_0_200_2_2 50 150 0.570262 0.181872 1.42183 10.297 88.3625 5.33151
62_0_0_200_2_2 50 150 100 285592 10012027500 35057.1 2855.92 100120275 6.80258e+08
62_0_0_200_3_3 50 150 0.582726 0.181435 1.42979 10.3849 102.392 5.43633
62_0_0_200_3_3 50 150 100 285756 9965817000 34875.3 2857.56 99658170 7.37229e+08
62_0_0_200_4_4 50 150 0.593233 0.185428 1.51465 10.4439 189.915 5.53182
62_0_0_200_4_4 50 150 100 285416 10068894000 35278 2854.16 100688940 7.37216e+08
62_0_0_200_5_5 50 150 0.592694 0.183033 1.46834 10.5523 118.611 5.57192
62_0_0_200_5_5 50 150 100 285464 9956949000 34879.9 2854.64 99569490 6.95013e+08
62_0_0_200_6_6 50 150 0.563181 0.181477 1.33587 10.2299 109.595 5.20084
62_0_0_200_6_6 50 150 100 285856 9936892500 34761.9 2858.56 99368925 6.45799e+08
62_0_0_200_7_7 50 150 0.574101 0.18153 1.36244 10.3947 103.221 5.31491
62_0_0_200_7_7 50 150 100 285245 9991279500 35027 2852.45 99912795 7.08376e+08
62_0_0_200_8_8 50 150 0.592675 0.181481 1.50096 10.421 430.015 5.45046
62_0_0_200_8_8 50 150 100 285266 10010134500 35090.5 2852.66 100101345 7.32734e+08
62_0_0_200_9_9 50 150 0.56675 0.18102 1.33784 10.3479 180.051 5.18126
62_0_0_200_9_9 50 150 100 285523 9960202500 34884.1 2855.23 99602025 6.96211e+08
