0_6125_10000_100_0_0 25 75 0.582893 0.160547 0.691275 10.7019 212.414 2.91436
0_6125_10000_100_0_0 25 75 50 2037761 48956634000 24024.7 40755.2 979132680 1.97629e+09
0_6125_10000_100_1_1 25 75 0.582893 0.160547 0.691275 10.7019 212.414 2.91436
0_6125_10000_100_1_1 25 75 50 2037761 48956634000 24024.7 40755.2 979132680 1.97629e+09
0_6125_10000_100_2_2 25 75 0.594397 0.161235 0.692557 10.807 212.463 2.96238
0_6125_10000_100_2_2 25 75 50 2037852 48929116500 24010.1 40757 978582330 2.01755e+09
0_6125_10000_100_3_3 25 75 0.588866 0.160926 0.6953 10.7696 211.871 2.93726
0_6125_10000_100_3_3 25 75 50 2037281 48912943500 24008.9 40745.6 978258870 1.96967e+09
0_6125_10000_100_4_4 25 75 0.592308 0.161685 0.692459 10.8343 258.527 2.91938
0_6125_10000_100_4_4 25 75 50 2037852 48917149500 24004.3 40757 978342990 1.9611e+09
0_6125_10000_100_5_5 25 75 0.579963 0.160907 0.688488 10.5319 211.87 2.84705
0_6125_10000_100_5_5 25 75 50 2037683 48932464500 24013.8 40753.7 978649290 1.95758e+09
0_6125_10000_100_6_6 25 75 0.583716 0.16162 0.690715 10.6006 212.362 2.84582
0_6125_10000_100_6_6 25 75 50 2037828 48953338500 24022.3 40756.6 979066770 1.96354e+09
0_6125_10000_100_7_7 25 75 0.575406 0.161442 0.687655 10.5436 221.443 2.82908
0_6125_10000_100_7_7 25 75 50 2037900 48955381500 24022.5 40758 979107630 1.95992e+09
0_6125_10000_100_8_8 25 75 0.59375 0.159956 0.691598 10.7553 212.689 2.94298
0_6125_10000_100_8_8 25 75 50 2038173 48928432500 24006 40763.5 978568650 1.99747e+09
0_6125_10000_100_9_9 25 75 0.585933 0.161887 0.696152 10.7849 221.364 2.91708
0_6125_10000_100_9_9 25 75 50 2037990 48929350500 24008.6 40759.8 978587010 1.94505e+09
