1_65_100_320_0_0 80 240 3.98777 0.118103 0.627389 10.2166 8263.49 2.44839
1_65_100_320_0_0 80 240 160 3452997 96197265000 27859.1 21581.2 6.01233e+08 5.4316e+09
1_65_100_320_1_1 80 240 3.98777 0.118103 0.627389 10.2166 8263.49 2.44839
1_65_100_320_1_1 80 240 160 3452997 96197265000 27859.1 21581.2 6.01233e+08 5.4316e+09
1_65_100_320_2_2 80 240 4.00617 0.118074 0.628437 10.1208 8263.22 2.43811
1_65_100_320_2_2 80 240 160 3452997 96194986500 27858.4 21581.2 6.01219e+08 5.53256e+09
1_65_100_320_3_3 80 240 3.96935 0.118386 0.627851 10.1853 8269.82 2.44605
1_65_100_320_3_3 80 240 160 3453000 96196651500 27858.9 21581.2 6.01229e+08 5.48041e+09
1_65_100_320_4_4 80 240 3.98694 0.118202 0.621685 10.0305 8278.83 2.38245
1_65_100_320_4_4 80 240 160 3452997 96197223000 27859.1 21581.2 6.01233e+08 5.54834e+09
1_65_100_320_5_5 80 240 4.08168 0.118003 0.623806 10.007 8269.01 2.3809
1_65_100_320_5_5 80 240 160 3453004 96195675000 27858.5 21581.3 6.01223e+08 5.69331e+09
1_65_100_320_6_6 80 240 4.08661 0.118182 0.622728 10.0744 8263.76 2.37713
1_65_100_320_6_6 80 240 160 3452998 96197229000 27859 21581.2 6.01233e+08 5.63086e+09
1_65_100_320_7_7 80 240 3.96455 0.118304 0.626199 10.0883 8260.74 2.42657
1_65_100_320_7_7 80 240 160 3452998 96197155500 27859 21581.2 6.01232e+08 5.49873e+09
1_65_100_320_8_8 80 240 3.9426 0.118107 0.624023 10.0306 8260.37 2.39897
1_65_100_320_8_8 80 240 160 3452988 96197202000 27859.1 21581.2 6.01233e+08 5.46144e+09
1_65_100_320_9_9 80 240 3.91267 0.118073 0.629059 10.1945 8260.28 2.46912
1_65_100_320_9_9 80 240 160 3452995 96196111500 27858.7 21581.2 6.01226e+08 5.25327e+09
