14_5_10_640_0_0 160 480 0.42207 0.126954 0.735061 9.50774 100.317 3.57533
14_5_10_640_0_0 160 480 320 601862 21012663000 34912.8 1880.82 6.56646e+07 2.75959e+08
14_5_10_640_1_1 160 480 0.42207 0.126954 0.735061 9.50774 100.317 3.57533
14_5_10_640_1_1 160 480 320 601862 21012663000 34912.8 1880.82 6.56646e+07 2.75959e+08
14_5_10_640_2_2 160 480 0.432489 0.127507 0.746185 9.65831 949.999 3.66504
14_5_10_640_2_2 160 480 320 601756 20929602000 34780.9 1880.49 6.5405e+07 2.80225e+08
14_5_10_640_3_3 160 480 0.441727 0.129837 0.765946 9.79722 146.319 3.82497
14_5_10_640_3_3 160 480 320 601835 21132162000 35112.9 1880.73 6.6038e+07 3.00606e+08
14_5_10_640_4_4 160 480 0.447089 0.129485 0.789184 9.73692 313.655 3.83747
14_5_10_640_4_4 160 480 320 601360 21145845000 35163.4 1879.25 6.60808e+07 3.20135e+08
14_5_10_640_5_5 160 480 0.425426 0.12755 0.730236 9.40879 190.013 3.57883
14_5_10_640_5_5 160 480 320 601877 20966994000 34836 1880.87 6.55219e+07 2.87031e+08
14_5_10_640_6_6 160 480 0.455108 0.128611 0.788313 9.84105 400.004 3.86846
14_5_10_640_6_6 160 480 320 601098 21028957500 34984.2 1878.43 6.57155e+07 3.01961e+08
14_5_10_640_7_7 160 480 0.4451 0.127045 0.762739 9.76259 115.79 3.75091
14_5_10_640_7_7 160 480 320 600645 20945584500 34871.8 1877.02 6.5455e+07 3.08186e+08
14_5_10_640_8_8 160 480 0.452726 0.129538 0.792983 9.91065 139.933 3.94902
14_5_10_640_8_8 160 480 320 600245 21053844000 35075.4 1875.77 6.57933e+07 3.24588e+08
14_5_10_640_9_9 160 480 0.41319 0.126578 0.7166 9.24059 149.952 3.45295
14_5_10_640_9_9 160 480 320 601008 20968263000 34888.5 1878.15 6.55258e+07 2.67685e+08
