53_75_100_200_0_49 50 150 0.449081 0.112586 0.557729 9.37356 217.578 2.61938
53_75_100_200_0_49 50 150 100 1740155 61004572500 35057 17401.5 610045725 2.82488e+09
53_75_100_200_50_99 50 150 0.46639 0.112431 0.561644 9.6195 207.972 2.67046
53_75_100_200_50_99 50 150 100 1740513 61213303500 35169.7 17405.1 612133035 3.03933e+09
53_75_100_200_100_149 50 150 0.475513 0.111971 0.555122 9.60137 300.032 2.64631
53_75_100_200_100_149 50 150 100 1740102 61138086000 35134.8 17401 611380860 3.07405e+09
53_75_100_200_150_199 50 150 0.453425 0.112992 0.561908 9.50825 192.767 2.65586
53_75_100_200_150_199 50 150 100 1741521 61335451500 35219.5 17415.2 613354515 3.10758e+09
53_75_100_200_200_249 50 150 0.481388 0.11273 0.563395 9.56388 296.439 2.67867
53_75_100_200_200_249 50 150 100 1742295 61460121000 35275.4 17423 614601210 3.07871e+09
53_75_100_200_250_299 50 150 0.479579 0.112388 0.567678 9.72666 299.684 2.75528
53_75_100_200_250_299 50 150 100 1741047 61307715000 35213.1 17410.5 613077150 3.10498e+09
53_75_100_200_300_349 50 150 0.487614 0.111962 0.566209 9.79201 300.047 2.79267
53_75_100_200_300_349 50 150 100 1742326 61136331000 35088.9 17423.3 611363310 3.30802e+09
53_75_100_200_350_399 50 150 0.493253 0.11226 0.569309 9.80826 212.575 2.81009
53_75_100_200_350_399 50 150 100 1742272 61299846000 35183.9 17422.7 612998460 3.26932e+09
53_75_100_200_400_449 50 150 0.468 0.113062 0.563765 9.58778 193.504 2.67765
53_75_100_200_400_449 50 150 100 1742926 61377310500 35215.1 17429.3 613773105 3.17331e+09
53_75_100_200_450_499 50 150 0.454738 0.111456 0.545308 9.29586 203.029 2.50586
53_75_100_200_450_499 50 150 100 1742469 60944170500 34975.8 17424.7 609441705 2.86431e+09
