13_5_10_100_0_0 25 75 0.526401 0.241414 0.966203 9.47837 80.0459 3.66017
13_5_10_100_0_0 25 75 50 1471680 35357437500 24025.2 29433.6 707148750 1.08963e+09
13_5_10_100_1_1 25 75 0.526401 0.241414 0.966203 9.47837 80.0459 3.66017
13_5_10_100_1_1 25 75 50 1471680 35357437500 24025.2 29433.6 707148750 1.08963e+09
13_5_10_100_2_2 25 75 0.525656 0.241916 0.966842 9.51163 72.121 3.65214
13_5_10_100_2_2 25 75 50 1471677 35357407500 24025.2 29433.5 707148150 1.0834e+09
13_5_10_100_3_3 25 75 0.52743 0.242069 0.970706 9.51952 62.7847 3.6833
13_5_10_100_3_3 25 75 50 1471679 35357019000 24025 29433.6 707140380 1.09457e+09
13_5_10_100_4_4 25 75 0.541686 0.242585 0.995364 9.63869 110.01 3.82016
13_5_10_100_4_4 25 75 50 1471681 35357332500 24025.1 29433.6 707146650 1.13887e+09
13_5_10_100_5_5 25 75 0.520371 0.241462 0.964147 9.37951 65.6477 3.58792
13_5_10_100_5_5 25 75 50 1471677 35357395500 24025.2 29433.5 707147910 1.09256e+09
13_5_10_100_6_6 25 75 0.535806 0.242374 0.993333 9.62789 89.8521 3.78638
13_5_10_100_6_6 25 75 50 1471681 35357320500 24025.1 29433.6 707146410 1.10388e+09
13_5_10_100_7_7 25 75 0.527743 0.241902 0.973219 9.5096 68.7529 3.67608
13_5_10_100_7_7 25 75 50 1471678 35356411500 24024.6 29433.6 707128230 1.08949e+09
13_5_10_100_8_8 25 75 0.520869 0.239851 0.939259 9.39635 74.6135 3.5345
13_5_10_100_8_8 25 75 50 1471678 35357448000 24025.3 29433.6 707148960 1.08404e+09
13_5_10_100_9_9 25 75 0.534234 0.243091 0.985562 9.57081 75.2937 3.74431
13_5_10_100_9_9 25 75 50 1471681 35357043000 24024.9 29433.6 707140860 1.11261e+09
