8_375_1000_1000_0_0 250 750 0.56025 0.127893 1.84012 9.91933 219.927 5.45782
8_375_1000_1000_0_0 250 750 500 619229 21710568000 35060.6 1238.46 43421136 3.55747e+08
8_375_1000_1000_1_1 250 750 0.56025 0.127893 1.84012 9.91933 219.927 5.45782
8_375_1000_1000_1_1 250 750 500 619229 21710568000 35060.6 1238.46 43421136 3.55747e+08
8_375_1000_1000_2_2 250 750 0.553781 0.127788 1.82252 9.92399 177.47 5.39715
8_375_1000_1000_2_2 250 750 500 617751 21322270500 34516 1235.5 42644541 3.24653e+08
8_375_1000_1000_3_3 250 750 0.550684 0.127356 1.81151 9.84836 159.687 5.37711
8_375_1000_1000_3_3 250 750 500 617617 21242320500 34394 1235.23 42484641 3.28408e+08
8_375_1000_1000_4_4 250 750 0.572637 0.12839 1.944 9.9157 474.892 5.61429
8_375_1000_1000_4_4 250 750 500 616735 21853411500 35434 1233.47 43706823 3.74792e+08
8_375_1000_1000_5_5 250 750 0.569401 0.12806 1.89891 10.1386 310.141 5.5658
8_375_1000_1000_5_5 250 750 500 616210 21711421500 35233.8 1232.42 43422843 3.59386e+08
8_375_1000_1000_6_6 250 750 0.561697 0.127714 1.89057 9.92875 334.753 5.45262
8_375_1000_1000_6_6 250 750 500 616272 21347139000 34639.2 1232.54 42694278 3.57657e+08
8_375_1000_1000_7_7 250 750 0.556215 0.127533 1.76982 9.92935 129.344 5.42268
8_375_1000_1000_7_7 250 750 500 617587 21423937500 34689.7 1235.17 42847875 3.5492e+08
8_375_1000_1000_8_8 250 750 0.552504 0.128195 1.84921 9.87758 109.917 5.42056
8_375_1000_1000_8_8 250 750 500 619143 21464107500 34667.4 1238.29 42928215 3.29106e+08
8_375_1000_1000_9_9 250 750 0.558664 0.127542 1.86633 9.98852 109.905 5.51711
8_375_1000_1000_9_9 250 750 500 616005 21320785500 34611.4 1232.01 42641571 3.30946e+08
