0_3_10_100_0_0 25 75 0.591403 0.237049 1.09353 10.0491 131.482 3.99416
0_3_10_100_0_0 25 75 50 782934 27405376500 35003.4 15658.7 548107530 3.55017e+09
0_3_10_100_1_1 25 75 0.591403 0.237049 1.09353 10.0491 131.482 3.99416
0_3_10_100_1_1 25 75 50 782934 27405376500 35003.4 15658.7 548107530 3.55017e+09
0_3_10_100_2_2 25 75 0.583876 0.240067 1.10161 9.87193 140.063 3.94979
0_3_10_100_2_2 25 75 50 782817 27638028000 35305.9 15656.3 552760560 3.65742e+09
0_3_10_100_3_3 25 75 0.586019 0.237818 1.08357 9.96869 102.82 3.92785
0_3_10_100_3_3 25 75 50 782096 27532564500 35203.6 15641.9 550651290 3.67412e+09
0_3_10_100_4_4 25 75 0.588562 0.23782 1.08826 9.99901 150.067 3.95204
0_3_10_100_4_4 25 75 50 783006 27516013500 35141.5 15660.1 550320270 3.60617e+09
0_3_10_100_5_5 25 75 0.592241 0.237393 1.09938 9.99216 160.032 3.99189
0_3_10_100_5_5 25 75 50 782925 27552849000 35192.2 15658.5 551056980 3.76888e+09
0_3_10_100_6_6 25 75 0.567671 0.235617 1.06353 9.89914 91.6017 3.85555
0_3_10_100_6_6 25 75 50 781546 27387336000 35042.5 15630.9 547746720 3.526e+09
0_3_10_100_7_7 25 75 0.586148 0.236428 1.09671 9.96531 100.069 3.98896
0_3_10_100_7_7 25 75 50 783727 27576324000 35186.1 15674.5 551526480 3.71398e+09
0_3_10_100_8_8 25 75 0.594516 0.235552 1.09063 10.154 160.067 3.99981
0_3_10_100_8_8 25 75 50 782481 27441360000 35069.7 15649.6 548827200 3.74252e+09
0_3_10_100_9_9 25 75 0.582344 0.237212 1.07084 9.95399 180.036 3.86002
0_3_10_100_9_9 25 75 50 782159 27419070000 35055.6 15643.2 548381400 3.54169e+09
