7_0_0_1000_0_0 250 750 0.530796 0.105226 1.78455 9.99288 109.371 5.44212
7_0_0_1000_0_0 250 750 500 517726 18182079000 35119.1 1035.45 36364158 2.51159e+08
7_0_0_1000_1_1 250 750 0.530796 0.105226 1.78455 9.99288 109.371 5.44212
7_0_0_1000_1_1 250 750 500 517726 18182079000 35119.1 1035.45 36364158 2.51159e+08
7_0_0_1000_2_2 250 750 0.516379 0.105174 1.76636 9.87585 73.104 5.38199
7_0_0_1000_2_2 250 750 500 516291 17816226000 34508.1 1032.58 35632452 2.25058e+08
7_0_0_1000_3_3 250 750 0.517402 0.104939 1.72197 9.87426 299.939 5.28224
7_0_0_1000_3_3 250 750 500 516179 17776516500 34438.7 1032.36 35553033 2.24348e+08
7_0_0_1000_4_4 250 750 0.544198 0.105886 1.93575 10.0713 498.155 5.69616
7_0_0_1000_4_4 250 750 500 515472 18250108500 35404.7 1030.94 36500217 2.49064e+08
7_0_0_1000_5_5 250 750 0.532659 0.105539 1.82162 10.1088 698.754 5.52192
7_0_0_1000_5_5 250 750 500 515122 18125595000 35187 1030.24 36251190 2.41169e+08
7_0_0_1000_6_6 250 750 0.529583 0.10502 1.74574 9.99758 85.0044 5.42214
7_0_0_1000_6_6 250 750 500 515178 17815989000 34582.2 1030.36 35631978 2.42529e+08
7_0_0_1000_7_7 250 750 0.51467 0.104939 1.61703 9.88659 397.717 5.23184
7_0_0_1000_7_7 250 750 500 516088 17905423500 34694.5 1032.18 35810847 2.37824e+08
7_0_0_1000_8_8 250 750 0.524222 0.105645 1.75857 10.0207 85.2779 5.42605
7_0_0_1000_8_8 250 750 500 517453 17960997000 34710.4 1034.91 35921994 2.27566e+08
7_0_0_1000_9_9 250 750 0.517913 0.104949 1.69426 9.99159 85.9744 5.34865
7_0_0_1000_9_9 250 750 500 514814 17830405500 34634.7 1029.63 35660811 2.26537e+08
