7_125_1000_1000_0_0 250 750 0.552359 0.106831 2.03068 10.1746 83.4592 5.79466
7_125_1000_1000_0_0 250 750 500 526784 18496165500 35111.5 1053.57 36992331 2.58256e+08
7_125_1000_1000_1_1 250 750 0.552359 0.106831 2.03068 10.1746 83.4592 5.79466
7_125_1000_1000_1_1 250 750 500 526784 18496165500 35111.5 1053.57 36992331 2.58256e+08
7_125_1000_1000_2_2 250 750 0.537594 0.106818 1.91577 9.99057 380.066 5.60542
7_125_1000_1000_2_2 250 750 500 525561 18125595000 34488.1 1051.12 36251190 2.34939e+08
7_125_1000_1000_3_3 250 750 0.541409 0.106476 1.95456 9.99499 543.049 5.56069
7_125_1000_1000_3_3 250 750 500 525356 18094381500 34442.1 1050.71 36188763 2.36651e+08
7_125_1000_1000_4_4 250 750 0.548441 0.107225 2.02152 10.0628 85.0595 5.77086
7_125_1000_1000_4_4 250 750 500 524743 18568962000 35386.8 1049.49 37137924 2.59404e+08
7_125_1000_1000_5_5 250 750 0.559785 0.107174 2.10185 10.3552 82.1987 5.94349
7_125_1000_1000_5_5 250 750 500 524254 18431893500 35158.3 1048.51 36863787 2.51078e+08
7_125_1000_1000_6_6 250 750 0.561958 0.106817 2.04633 10.2413 170.02 5.81447
7_125_1000_1000_6_6 250 750 500 524398 18147657000 34606.6 1048.8 36295314 2.54808e+08
7_125_1000_1000_7_7 250 750 0.537255 0.106422 1.78517 10.1534 447.719 5.55391
7_125_1000_1000_7_7 250 750 500 525327 18209686500 34663.5 1050.65 36419373 2.46829e+08
7_125_1000_1000_8_8 250 750 0.538818 0.107174 1.95726 10.1191 85.4077 5.67515
7_125_1000_1000_8_8 250 750 500 526733 18257034000 34660.9 1053.47 36514068 2.30369e+08
7_125_1000_1000_9_9 250 750 0.544117 0.106527 1.9555 10.121 161.655 5.70108
7_125_1000_1000_9_9 250 750 500 524121 18156861000 34642.5 1048.24 36313722 2.37421e+08
