20_5_10_200_0_0 50 150 0.573184 0.23555 1.16494 9.95453 220.083 4.43451
20_5_10_200_0_0 50 150 100 2844579 73514271000 25843.6 28445.8 735142710 1.56913e+09
20_5_10_200_1_1 50 150 0.573184 0.23555 1.16494 9.95453 220.083 4.43451
20_5_10_200_1_1 50 150 100 2844579 73514271000 25843.6 28445.8 735142710 1.56913e+09
20_5_10_200_2_2 50 150 0.577417 0.237271 1.18116 9.99157 250.026 4.49531
20_5_10_200_2_2 50 150 100 2844582 73513825500 25843.5 28445.8 735138255 1.59751e+09
20_5_10_200_3_3 50 150 0.57758 0.235646 1.16374 10.0251 240.106 4.4574
20_5_10_200_3_3 50 150 100 2844583 73514193000 25843.6 28445.8 735141930 1.59665e+09
20_5_10_200_4_4 50 150 0.582818 0.235595 1.17108 10.0655 280.037 4.51911
20_5_10_200_4_4 50 150 100 2844577 73513204500 25843.3 28445.8 735132045 1.63767e+09
20_5_10_200_5_5 50 150 0.581457 0.236142 1.18189 10.0262 250.037 4.52173
20_5_10_200_5_5 50 150 100 2844589 73514347500 25843.6 28445.9 735143475 1.61394e+09
20_5_10_200_6_6 50 150 0.577821 0.236095 1.1731 9.98768 290.029 4.4842
20_5_10_200_6_6 50 150 100 2844582 73514197500 25843.6 28445.8 735141975 1.63484e+09
20_5_10_200_7_7 50 150 0.580754 0.236574 1.18398 10.0451 230.005 4.53449
20_5_10_200_7_7 50 150 100 2844583 73514130000 25843.6 28445.8 735141300 1.59353e+09
20_5_10_200_8_8 50 150 0.58123 0.236335 1.17974 10.0408 290.04 4.51213
20_5_10_200_8_8 50 150 100 2844577 73514152500 25843.6 28445.8 735141525 1.61502e+09
20_5_10_200_9_9 50 150 0.576583 0.235713 1.16206 10.0014 250.046 4.44782
20_5_10_200_9_9 50 150 100 2844583 73514304000 25843.6 28445.8 735143040 1.61722e+09
