20_75_100_200_0_0 50 150 0.631058 0.245372 1.37675 10.4065 250.052 5.12607
20_75_100_200_0_0 50 150 100 2880757 74412649500 25830.9 28807.6 744126495 1.79261e+09
20_75_100_200_1_1 50 150 0.631058 0.245372 1.37675 10.4065 250.052 5.12607
20_75_100_200_1_1 50 150 100 2880757 74412649500 25830.9 28807.6 744126495 1.79261e+09
20_75_100_200_2_2 50 150 0.626247 0.245839 1.35302 10.3445 242.763 5.06977
20_75_100_200_2_2 50 150 100 2880762 74412919500 25831 28807.6 744129195 1.80045e+09
20_75_100_200_3_3 50 150 0.620962 0.245401 1.36221 10.2835 280.002 5.05151
20_75_100_200_3_3 50 150 100 2880761 74412888000 25831 28807.6 744128880 1.73255e+09
20_75_100_200_4_4 50 150 0.627914 0.245148 1.35618 10.3373 293.35 5.05766
20_75_100_200_4_4 50 150 100 2880756 74412634500 25830.9 28807.6 744126345 1.76728e+09
20_75_100_200_5_5 50 150 0.625121 0.244908 1.34097 10.3694 240.053 5.04543
20_75_100_200_5_5 50 150 100 2880764 74412841500 25830.9 28807.6 744128415 1.76359e+09
20_75_100_200_6_6 50 150 0.627649 0.245792 1.36199 10.3357 252.747 5.05817
20_75_100_200_6_6 50 150 100 2880763 74412828000 25830.9 28807.6 744128280 1.75304e+09
20_75_100_200_7_7 50 150 0.641341 0.246193 1.42 10.4743 280.054 5.27515
20_75_100_200_7_7 50 150 100 2880764 74412879000 25831 28807.6 744128790 1.82865e+09
20_75_100_200_8_8 50 150 0.632412 0.245794 1.36952 10.4013 285.384 5.12405
20_75_100_200_8_8 50 150 100 2880759 74412741000 25830.9 28807.6 744127410 1.81871e+09
20_75_100_200_9_9 50 150 0.629489 0.24489 1.37758 10.3662 230.011 5.12653
20_75_100_200_9_9 50 150 100 2880761 74412711000 25830.9 28807.6 744127110 1.79715e+09
