20_0_0_640_0_0 160 480 0.508118 0.164276 0.821141 10.0015 1289.78 3.76101
20_0_0_640_0_0 160 480 320 830284 29083410000 35028.3 2594.64 9.08857e+07 5.78554e+08
20_0_0_640_1_1 160 480 0.508118 0.164276 0.821141 10.0015 1289.78 3.76101
20_0_0_640_1_1 160 480 320 830284 29083410000 35028.3 2594.64 9.08857e+07 5.78554e+08
20_0_0_640_2_2 160 480 0.544254 0.164913 0.853506 10.1494 495.608 3.8991
20_0_0_640_2_2 160 480 320 829788 29011176000 34962.2 2593.09 90659925 6.59876e+08
20_0_0_640_3_3 160 480 0.579878 0.164913 0.869242 10.4494 434.065 4.14223
20_0_0_640_3_3 160 480 320 830057 29144494500 35111.4 2593.93 9.10765e+07 7.53191e+08
20_0_0_640_4_4 160 480 0.511771 0.165878 0.838237 9.97115 228.493 3.80848
20_0_0_640_4_4 160 480 320 829927 29121250500 35088.9 2593.52 9.10039e+07 5.5446e+08
20_0_0_640_5_5 160 480 0.488348 0.163501 0.813274 9.67236 299.001 3.57754
20_0_0_640_5_5 160 480 320 829379 28916386500 34865.1 2591.81 9.03637e+07 5.29568e+08
20_0_0_640_6_6 160 480 0.507245 0.165092 0.840383 9.94953 268.664 3.77103
20_0_0_640_6_6 160 480 320 829082 28962510000 34933.2 2590.88 9.05078e+07 5.5093e+08
20_0_0_640_7_7 160 480 0.543567 0.166708 0.863674 10.1334 553.888 3.95755
20_0_0_640_7_7 160 480 320 828842 29048005500 35046.5 2590.13 9.0775e+07 6.67136e+08
20_0_0_640_8_8 160 480 0.519677 0.164685 0.854923 10.0894 280.107 3.91217
20_0_0_640_8_8 160 480 320 828585 28870482000 34843.1 2589.33 9.02203e+07 5.95662e+08
20_0_0_640_9_9 160 480 0.530293 0.16805 0.881115 10.1479 410.054 4.03849
20_0_0_640_9_9 160 480 320 829668 29076108000 35045.5 2592.71 9.08628e+07 6.10424e+08
