49_75_100_1000_50_99 250 750 13.3717 10.6298 31.4677 58.77 2489.96 39.4479
49_75_100_1000_50_99 250 750 500 2871486 86764431000 30215.9 5742.97 173528862 4.20192e+09
49_75_100_1000_100_149 250 750 13.411 10.5975 31.3289 59.203 4170.04 39.2812
49_75_100_1000_100_149 250 750 500 2859226 87255876000 30517.3 5718.45 174511752 4.3294e+09
49_75_100_1000_150_199 250 750 13.4709 10.6327 31.609 60.9796 2610.01 40.015
49_75_100_1000_150_199 250 750 500 2865862 88709052000 30953.7 5731.72 177418104 4.59334e+09
49_75_100_1000_200_249 250 750 13.3421 10.5745 31.1567 57.8768 2289.92 38.9535
49_75_100_1000_200_249 250 750 500 2873397 86992654500 30275.2 5746.79 173985309 4.254e+09
49_75_100_1000_250_299 250 750 13.3413 10.6007 31.3115 58.5592 2030.01 39.2385
49_75_100_1000_250_299 250 750 500 2804072 86179278000 30733.6 5608.14 172358556 4.37931e+09
49_75_100_1000_300_349 250 750 13.4241 10.5926 31.4869 59.91 2300.06 39.6495
49_75_100_1000_300_349 250 750 500 2856692 86812753500 30389.3 5713.38 173625507 4.30314e+09
49_75_100_1000_350_399 250 750 13.3504 10.6022 31.4134 58.9572 2749.95 39.3689
49_75_100_1000_350_399 250 750 500 2878760 86709676500 30120.5 5757.52 173419353 4.1288e+09
49_75_100_1000_400_449 250 750 13.5397 10.5872 31.494 62.0746 2589.96 40.0779
49_75_100_1000_400_449 250 750 500 2870209 88697592000 30902.8 5740.42 177395184 4.721e+09
49_75_100_1000_450_499 250 750 13.3973 10.6583 31.4687 59.3126 2831.17 39.5427
49_75_100_1000_450_499 250 750 500 2842802 88304374500 31062.4 5685.6 176608749 4.87481e+09
49_75_100_1000_0_49 250 750 13.2551 10.5371 31.2283 58.2877 2199.89 39.0786
49_75_100_1000_0_49 250 750 500 2857036 87951738000 30784.3 5714.07 175903476 4.60866e+09
