7_0_0_1000_0_0 250 750 0.524859 0.10853 1.62852 9.95447 95.2444 5.30276
7_0_0_1000_0_0 250 750 500 517726 18182079000 35119.1 1035.45 36364158 2.5779e+08
7_0_0_1000_1_1 250 750 0.524859 0.10853 1.62852 9.95447 95.2444 5.30276
7_0_0_1000_1_1 250 750 500 517726 18182079000 35119.1 1035.45 36364158 2.5779e+08
7_0_0_1000_2_2 250 750 0.530016 0.108292 1.68324 9.86824 1119.97 5.26953
7_0_0_1000_2_2 250 750 500 516291 17823973500 34523.1 1032.58 35647947 2.34968e+08
7_0_0_1000_3_3 250 750 0.499846 0.108292 1.55759 9.62967 73.2865 4.99941
7_0_0_1000_3_3 250 750 500 516179 17776452000 34438.5 1032.36 35552904 2.32002e+08
7_0_0_1000_4_4 250 750 0.532682 0.108979 1.66629 9.79741 823.16 5.28353
7_0_0_1000_4_4 250 750 500 515472 18250116000 35404.7 1030.94 36500232 2.58228e+08
7_0_0_1000_5_5 250 750 0.55169 0.108591 1.69392 10.1951 1229.91 5.40569
7_0_0_1000_5_5 250 750 500 515122 18125595000 35187 1030.24 36251190 2.42616e+08
7_0_0_1000_6_6 250 750 0.530499 0.108292 1.62338 9.9278 1028.62 5.23333
7_0_0_1000_6_6 250 750 500 515178 17826276000 34602.2 1030.36 35652552 2.51063e+08
7_0_0_1000_7_7 250 750 0.506011 0.108277 1.52401 9.83009 117.747 5.09968
7_0_0_1000_7_7 250 750 500 516088 17905443000 34694.6 1032.18 35810886 2.45512e+08
7_0_0_1000_8_8 250 750 0.507264 0.108563 1.55898 9.84725 92.1921 5.11522
7_0_0_1000_8_8 250 750 500 517453 17954416500 34697.7 1034.91 35908833 2.32197e+08
7_0_0_1000_9_9 250 750 0.502681 0.10829 1.55644 9.81441 91.4021 5.04737
7_0_0_1000_9_9 250 750 500 514814 17838075000 34649.6 1029.63 35676150 2.34771e+08
