12_5_10_200_0_0 50 150 0.685275 0.165476 0.61175 9.43694 329.662 2.25066
12_5_10_200_0_0 50 150 100 1890547 45177853500 23896.7 18905.5 451778535 9.91254e+08
12_5_10_200_1_1 50 150 0.685275 0.165476 0.61175 9.43694 329.662 2.25066
12_5_10_200_1_1 50 150 100 1890547 45177853500 23896.7 18905.5 451778535 9.91254e+08
12_5_10_200_2_2 50 150 0.702555 0.164581 0.60197 9.26021 358.224 2.16925
12_5_10_200_2_2 50 150 100 1890540 45178362000 23897.1 18905.4 451783620 1.02723e+09
12_5_10_200_3_3 50 150 0.664521 0.165941 0.613368 9.57025 344.341 2.29461
12_5_10_200_3_3 50 150 100 1890540 45178065000 23896.9 18905.4 451780650 9.6494e+08
12_5_10_200_4_4 50 150 0.640484 0.164798 0.60163 9.15878 332.449 2.14477
12_5_10_200_4_4 50 150 100 1890547 45177262500 23896.4 18905.5 451772625 9.11637e+08
12_5_10_200_5_5 50 150 0.661065 0.165228 0.602279 9.18347 352.862 2.1484
12_5_10_200_5_5 50 150 100 1890545 45178254000 23896.9 18905.5 451782540 9.48108e+08
12_5_10_200_6_6 50 150 0.678874 0.165048 0.609802 9.61634 339.884 2.30691
12_5_10_200_6_6 50 150 100 1890545 45178347000 23897 18905.5 451783470 9.94073e+08
12_5_10_200_7_7 50 150 0.636953 0.16572 0.6124 9.48855 333.466 2.29581
12_5_10_200_7_7 50 150 100 1890542 45178327500 23897 18905.4 451783275 9.32493e+08
12_5_10_200_8_8 50 150 0.67424 0.165345 0.614104 9.6089 336.179 2.31528
12_5_10_200_8_8 50 150 100 1890539 45178354500 23897.1 18905.4 451783545 9.54659e+08
12_5_10_200_9_9 50 150 0.631776 0.165269 0.606827 9.40038 340.148 2.22567
12_5_10_200_9_9 50 150 100 1890543 45178375500 23897 18905.4 451783755 9.11366e+08
