3_5_10_100_0_0 25 75 0.656892 0.125783 0.614684 10.4002 134.387 2.89101
3_5_10_100_0_0 25 75 50 253956 8817705000 34721.4 5079.12 176354100 8.84399e+08
3_5_10_100_1_1 25 75 0.656892 0.125783 0.614684 10.4002 134.387 2.89101
3_5_10_100_1_1 25 75 50 253956 8817705000 34721.4 5079.12 176354100 8.84399e+08
3_5_10_100_2_2 25 75 0.770473 0.130404 0.714172 13.5656 181.255 3.85667
3_5_10_100_2_2 25 75 50 253947 8911747500 35092.9 5078.94 178234950 9.47553e+08
3_5_10_100_3_3 25 75 0.632663 0.129371 0.652942 10.7338 164.207 3.15219
3_5_10_100_3_3 25 75 50 254281 8864205000 34859.9 5085.62 177284100 8.41154e+08
3_5_10_100_4_4 25 75 0.653968 0.130121 0.659968 10.8334 160.013 3.28737
3_5_10_100_4_4 25 75 50 253973 8927718000 35152.2 5079.46 178554360 9.704e+08
3_5_10_100_5_5 25 75 0.696146 0.130872 0.666066 11.0839 164.813 3.30825
3_5_10_100_5_5 25 75 50 253746 8844066000 34854 5074.92 176881320 9.43543e+08
3_5_10_100_6_6 25 75 0.691509 0.130329 0.649814 10.8238 173.808 3.17135
3_5_10_100_6_6 25 75 50 254090 8857873500 34861.2 5081.8 177157470 9.34277e+08
3_5_10_100_7_7 25 75 0.682562 0.130221 0.690818 11.3619 120.059 3.53305
3_5_10_100_7_7 25 75 50 253420 8880210000 35041.5 5068.4 177604200 1.00358e+09
3_5_10_100_8_8 25 75 0.696572 0.128842 0.67378 10.9382 179.406 3.3348
3_5_10_100_8_8 25 75 50 253101 8907726000 35194.4 5062.02 178154520 9.97229e+08
3_5_10_100_9_9 25 75 0.60356 0.129793 0.655898 10.5429 162.785 3.15454
3_5_10_100_9_9 25 75 50 254267 8832489000 34737.1 5085.34 176649780 8.74692e+08
