1_525_1000_240_0_0 60 180 0.573767 0.147522 0.700026 9.91719 467.732 2.59207
1_525_1000_240_0_0 60 180 120 4119471 112138405500 27221.6 34328.9 9.34487e+08 2.82726e+09
1_525_1000_240_1_1 60 180 0.573767 0.147522 0.700026 9.91719 467.732 2.59207
1_525_1000_240_1_1 60 180 120 4119471 112138405500 27221.6 34328.9 9.34487e+08 2.82726e+09
1_525_1000_240_2_2 60 180 0.568779 0.147251 0.691786 9.76913 457.634 2.50479
1_525_1000_240_2_2 60 180 120 4119482 112138608000 27221.5 34329 934488400 2.81874e+09
1_525_1000_240_3_3 60 180 0.572735 0.148124 0.690621 9.79093 467.459 2.5104
1_525_1000_240_3_3 60 180 120 4119481 112138662000 27221.6 34329 934488850 2.7772e+09
1_525_1000_240_4_4 60 180 0.576996 0.147688 0.693731 9.77121 457.719 2.51204
1_525_1000_240_4_4 60 180 120 4119479 112138797000 27221.6 34329 934489975 2.77351e+09
1_525_1000_240_5_5 60 180 0.559697 0.147164 0.688627 9.72781 405.614 2.49299
1_525_1000_240_5_5 60 180 120 4119483 112138879500 27221.6 34329 9.34491e+08 2.79431e+09
1_525_1000_240_6_6 60 180 0.572187 0.147756 0.694023 9.91416 456.725 2.54564
1_525_1000_240_6_6 60 180 120 4119477 112138584000 27221.6 34329 934488200 2.80711e+09
1_525_1000_240_7_7 60 180 0.572528 0.147262 0.69307 9.89049 476.98 2.54574
1_525_1000_240_7_7 60 180 120 4119480 112138842000 27221.6 34329 934490350 2.82294e+09
1_525_1000_240_8_8 60 180 0.567109 0.148143 0.700663 9.86606 467.84 2.57353
1_525_1000_240_8_8 60 180 120 4119477 112138740000 27221.6 34329 934489500 2.80782e+09
1_525_1000_240_9_9 60 180 0.569319 0.147479 0.694746 9.76743 476.876 2.5323
1_525_1000_240_9_9 60 180 120 4119479 112138671000 27221.6 34329 934488925 2.79044e+09
