1_55_100_240_0_0 60 180 0.622701 0.152119 0.733755 10.3777 500.001 2.88586
1_55_100_240_0_0 60 180 120 4183206 113968311000 27244.3 34860.1 949735925 2.96809e+09
1_55_100_240_1_1 60 180 0.622701 0.152119 0.733755 10.3777 500.001 2.88586
1_55_100_240_1_1 60 180 120 4183206 113968311000 27244.3 34860.1 949735925 2.96809e+09
1_55_100_240_2_2 60 180 0.628668 0.151948 0.730125 10.2975 476.041 2.84281
1_55_100_240_2_2 60 180 120 4183212 113968663500 27244.3 34860.1 9.49739e+08 2.99399e+09
1_55_100_240_3_3 60 180 0.614673 0.15201 0.72529 10.2992 484.869 2.81593
1_55_100_240_3_3 60 180 120 4183215 113968791000 27244.3 34860.1 949739925 2.94355e+09
1_55_100_240_4_4 60 180 0.625421 0.152079 0.731164 10.4462 467.244 2.90176
1_55_100_240_4_4 60 180 120 4183211 113968872000 27244.4 34860.1 949740600 3.00468e+09
1_55_100_240_5_5 60 180 0.63706 0.152096 0.732489 10.4492 433.867 2.92891
1_55_100_240_5_5 60 180 120 4183216 113968917000 27244.3 34860.1 949740975 3.03133e+09
1_55_100_240_6_6 60 180 0.620077 0.151782 0.72983 10.3169 430.002 2.83474
1_55_100_240_6_6 60 180 120 4183208 113968645500 27244.3 34860.1 9.49739e+08 2.9977e+09
1_55_100_240_7_7 60 180 0.611191 0.151677 0.725792 10.2606 483.963 2.79136
1_55_100_240_7_7 60 180 120 4183214 113968372500 27244.2 34860.1 9.49736e+08 2.96459e+09
1_55_100_240_8_8 60 180 0.621719 0.151882 0.73539 10.4065 505.389 2.93414
1_55_100_240_8_8 60 180 120 4183203 113967690000 27244.1 34860 949730750 2.95792e+09
1_55_100_240_9_9 60 180 0.618559 0.152286 0.732371 10.3627 434.215 2.87865
1_55_100_240_9_9 60 180 120 4183206 113968827000 27244.4 34860.1 949740225 2.9668e+09
