1375_0_0_44_0_0 11 33 0.55172 0.209499 1.01852 10.1182 110.007 4.7567
1375_0_0_44_0_0 11 33 22 1357897 47713110000 35137.5 61722.6 2.16878e+09 1.14568e+10
1375_0_0_44_1_1 11 33 0.55172 0.209499 1.01852 10.1182 110.007 4.7567
1375_0_0_44_1_1 11 33 22 1357897 47713110000 35137.5 61722.6 2.16878e+09 1.14568e+10
1375_0_0_44_2_2 11 33 0.549512 0.209516 1.00922 10.088 99.9794 4.71601
1375_0_0_44_2_2 11 33 22 1356829 47491144500 35001.6 61674 2.15869e+09 1.14105e+10
1375_0_0_44_3_3 11 33 0.547736 0.210418 1.01086 10.0673 87.7358 4.69119
1375_0_0_44_3_3 11 33 22 1358282 47627518500 35064.5 61740.1 2.16489e+09 1.1603e+10
1375_0_0_44_4_4 11 33 0.548084 0.209631 1.03105 10.0494 110.006 4.69867
1375_0_0_44_4_4 11 33 22 1357206 47661723000 35117.5 61691.2 2.16644e+09 1.14517e+10
1375_0_0_44_5_5 11 33 0.544239 0.208824 1.00324 10.0236 86.0689 4.64526
1375_0_0_44_5_5 11 33 22 1357079 47373492000 34908.4 61685.4 2.15334e+09 1.12957e+10
1375_0_0_44_6_6 11 33 0.549093 0.209776 1.00601 10.1088 116.368 4.69499
1375_0_0_44_6_6 11 33 22 1356960 47637184500 35105.8 61680 2.16533e+09 1.14974e+10
1375_0_0_44_7_7 11 33 0.550109 0.209564 1.01086 10.1239 110.001 4.71259
1375_0_0_44_7_7 11 33 22 1356786 47596825500 35080.6 61672.1 2.16349e+09 1.16065e+10
1375_0_0_44_8_8 11 33 0.543741 0.208867 0.994535 10.0439 112.07 4.63909
1375_0_0_44_8_8 11 33 22 1357347 47471655000 34973.9 61697.6 2157802500 1.12971e+10
1375_0_0_44_9_9 11 33 0.549327 0.209171 1.01758 10.091 109.989 4.70717
1375_0_0_44_9_9 11 33 22 1357079 47626335000 35094.7 61685.4 2.16483e+09 1.15292e+10
