5_0_0_100_0_0 25 75 0.525042 0.164949 1.05783 10.2061 64.8726 4.58644
5_0_0_100_0_0 25 75 50 92510 3192817500 34513.2 1850.2 63856350 3.57595e+08
5_0_0_100_1_1 25 75 0.525042 0.164949 1.05783 10.2061 64.8726 4.58644
5_0_0_100_1_1 25 75 50 92510 3192817500 34513.2 1850.2 63856350 3.57595e+08
5_0_0_100_2_2 25 75 0.442708 0.156013 0.867446 8.92014 53.4902 3.53916
5_0_0_100_2_2 25 75 50 92011 3139341000 34119.2 1840.22 62786820 3.11361e+08
5_0_0_100_3_3 25 75 0.459365 0.159632 0.916096 9.37227 155.407 3.80438
5_0_0_100_3_3 25 75 50 92029 3192141000 34686.3 1840.58 63842820 3.24595e+08
5_0_0_100_4_4 25 75 0.483221 0.163633 0.915283 9.76674 76.3019 4.02432
5_0_0_100_4_4 25 75 50 92135 3211953000 34861.4 1842.7 64239060 3.76442e+08
5_0_0_100_5_5 25 75 0.436111 0.153227 0.80906 8.91953 225.61 3.36334
5_0_0_100_5_5 25 75 50 92079 3185635500 34596.8 1841.58 63712710 3.24379e+08
5_0_0_100_6_6 25 75 0.431379 0.154311 0.805307 9.16383 63.6798 3.38974
5_0_0_100_6_6 25 75 50 92040 3118294500 33879.8 1840.8 62365890 2.70353e+08
5_0_0_100_7_7 25 75 0.468061 0.157762 0.903603 9.77286 59.8215 4.0586
5_0_0_100_7_7 25 75 50 92057 3142027500 34131.3 1841.14 62840550 3.13691e+08
5_0_0_100_8_8 25 75 0.455149 0.161095 0.8779 9.06757 66.654 3.71823
5_0_0_100_8_8 25 75 50 92171 3218328000 34916.9 1843.42 64366560 3.65848e+08
5_0_0_100_9_9 25 75 0.463213 0.163698 0.92694 9.17435 68.0693 3.81875
5_0_0_100_9_9 25 75 50 92097 3164868000 34364.5 1841.94 63297360 3.3392e+08
