21_0_0_640_0_0 160 480 0.493766 0.142668 0.764788 9.90921 559.515 3.66427
21_0_0_640_0_0 160 480 320 871764 30548038500 35041.6 2724.26 9.54626e+07 5.8973e+08
21_0_0_640_1_1 160 480 0.493766 0.142668 0.764788 9.90921 559.515 3.66427
21_0_0_640_1_1 160 480 320 871764 30548038500 35041.6 2724.26 9.54626e+07 5.8973e+08
21_0_0_640_2_2 160 480 0.449288 0.140211 0.703934 9.41602 555.947 3.21756
21_0_0_640_2_2 160 480 320 871191 30512044500 35023.4 2722.47 9.53501e+07 5.11641e+08
21_0_0_640_3_3 160 480 0.440123 0.14278 0.713843 9.37363 226.944 3.24886
21_0_0_640_3_3 160 480 320 871620 30641301000 35154.4 2723.81 9.57541e+07 5.05367e+08
21_0_0_640_4_4 160 480 0.516935 0.142742 0.74115 9.80423 592.911 3.48535
21_0_0_640_4_4 160 480 320 871259 30590361000 35110.5 2722.68 9.55949e+07 6.45275e+08
21_0_0_640_5_5 160 480 0.436687 0.139419 0.696106 9.32959 290.872 3.17803
21_0_0_640_5_5 160 480 320 870736 30418945500 34934.8 2721.05 9.50592e+07 5.07751e+08
21_0_0_640_6_6 160 480 0.431275 0.14049 0.702786 9.20477 431.957 3.13821
21_0_0_640_6_6 160 480 320 870677 30495661500 35025.2 2720.87 9.52989e+07 4.9002e+08
21_0_0_640_7_7 160 480 0.435119 0.13986 0.695566 9.15309 443.953 3.10704
21_0_0_640_7_7 160 480 320 870340 30528466500 35076.5 2719.81 9.54015e+07 5.0575e+08
21_0_0_640_8_8 160 480 0.436275 0.139203 0.691272 9.32866 329.372 3.1075
21_0_0_640_8_8 160 480 320 870274 30373321500 34900.9 2719.61 9.49166e+07 4.88611e+08
21_0_0_640_9_9 160 480 0.461493 0.141264 0.721068 9.68135 474.648 3.34842
21_0_0_640_9_9 160 480 320 871166 30568498500 35089.2 2722.39 9.55266e+07 5.76256e+08
