16_25_100_640_0_0 160 480 0.411488 0.0955617 0.567753 9.76862 309.907 3.08788
16_25_100_640_0_0 160 480 320 674663 23518881000 34860.2 2108.32 7.34965e+07 3.00711e+08
16_25_100_640_1_1 160 480 0.411488 0.0955617 0.567753 9.76862 309.907 3.08788
16_25_100_640_1_1 160 480 320 674663 23518881000 34860.2 2108.32 7.34965e+07 3.00711e+08
16_25_100_640_2_2 160 480 0.45682 0.0977836 0.621448 10.2176 185.325 3.54721
16_25_100_640_2_2 160 480 320 674303 23555251500 34932.7 2107.2 7.36102e+07 3.39783e+08
16_25_100_640_3_3 160 480 0.425426 0.0976887 0.582421 9.90994 145.175 3.19599
16_25_100_640_3_3 160 480 320 674053 23643505500 35076.6 2106.42 7.3886e+07 3.16007e+08
16_25_100_640_4_4 160 480 0.462988 0.0984726 0.634835 10.11 207.321 3.59196
16_25_100_640_4_4 160 480 320 674176 23651517000 35082.1 2106.8 7.3911e+07 3.64361e+08
16_25_100_640_5_5 160 480 0.445566 0.0979727 0.617585 10.0957 170.854 3.50473
16_25_100_640_5_5 160 480 320 674001 23509359000 34880.3 2106.25 7.34667e+07 3.45875e+08
16_25_100_640_6_6 160 480 0.449789 0.0965894 0.599923 9.98795 341.045 3.35845
16_25_100_640_6_6 160 480 320 673668 23506125000 34892.7 2105.21 7.34566e+07 3.39799e+08
16_25_100_640_7_7 160 480 0.414204 0.0966152 0.569912 9.71314 220.39 3.08046
16_25_100_640_7_7 160 480 320 673240 23531446500 34952.5 2103.88 7.35358e+07 3.15426e+08
16_25_100_640_8_8 160 480 0.471245 0.0971439 0.625207 10.339 307.042 3.65191
16_25_100_640_8_8 160 480 320 673347 23477521500 34866.9 2104.21 7.33673e+07 3.66688e+08
16_25_100_640_9_9 160 480 0.426656 0.0964415 0.585082 9.88323 489.904 3.20893
16_25_100_640_9_9 160 480 320 673719 23521404000 34912.8 2105.37 7.35044e+07 3.08635e+08
