1_1875_10000_100_0_0 25 75 0.647852 0.285664 1.44765 10.0552 220.017 4.62864
1_1875_10000_100_0_0 25 75 50 1397747 48681499500 34828.5 27954.9 973629990 7.41151e+09
1_1875_10000_100_1_1 25 75 0.647852 0.285664 1.44765 10.0552 220.017 4.62864
1_1875_10000_100_1_1 25 75 50 1397747 48681499500 34828.5 27954.9 973629990 7.41151e+09
1_1875_10000_100_2_2 25 75 0.636532 0.282995 1.38631 9.98237 140.029 4.50773
1_1875_10000_100_2_2 25 75 50 1398489 48711886500 34831.8 27969.8 974237730 7.46829e+09
1_1875_10000_100_3_3 25 75 0.64296 0.283965 1.40767 10.0024 226.453 4.55368
1_1875_10000_100_3_3 25 75 50 1398905 48756534000 34853.4 27978.1 975130680 7.42319e+09
1_1875_10000_100_4_4 25 75 0.636625 0.283064 1.37557 9.98984 220.017 4.468
1_1875_10000_100_4_4 25 75 50 1398721 48942445500 34990.9 27974.4 978848910 7.54154e+09
1_1875_10000_100_5_5 25 75 0.630686 0.281868 1.37739 9.92716 242.106 4.43731
1_1875_10000_100_5_5 25 75 50 1399592 48551433000 34689.7 27991.8 971028660 7.15588e+09
1_1875_10000_100_6_6 25 75 0.633023 0.280771 1.3697 9.9695 210.063 4.45622
1_1875_10000_100_6_6 25 75 50 1397923 48801735000 34910.2 27958.5 976034700 7.42182e+09
1_1875_10000_100_7_7 25 75 0.636315 0.280787 1.37947 9.99529 212.173 4.48125
1_1875_10000_100_7_7 25 75 50 1397491 48467626500 34681.9 27949.8 969352530 7.38685e+09
1_1875_10000_100_8_8 25 75 0.637604 0.28291 1.38648 9.9985 109.991 4.49341
1_1875_10000_100_8_8 25 75 50 1399103 48560419500 34708.3 27982.1 971208390 7.40767e+09
1_1875_10000_100_9_9 25 75 0.630713 0.282275 1.37949 9.86334 149.982 4.44113
1_1875_10000_100_9_9 25 75 50 1398452 48729519000 34845.3 27969 974590380 7.3724e+09
