27_5_10_100_0_0 25 75 0.470248 0.117111 0.669714 10.0576 61.8939 3.39538
27_5_10_100_0_0 25 75 50 31715 1112527500 35078.9 634.3 22250550 1.02009e+08
27_5_10_100_1_1 25 75 0.470248 0.117111 0.669714 10.0576 61.8939 3.39538
27_5_10_100_1_1 25 75 50 31715 1112527500 35078.9 634.3 22250550 1.02009e+08
27_5_10_100_2_2 25 75 0.749529 0.116664 0.700665 16.6062 120.375 4.38714
27_5_10_100_2_2 25 75 50 31786 1140033000 35865.9 635.72 22800660 1.4146e+08
27_5_10_100_3_3 25 75 0.340708 0.113787 0.527994 7.8514 48.0455 1.96241
27_5_10_100_3_3 25 75 50 31733 1068219000 33662.7 634.66 21364380 6.5687e+07
27_5_10_100_4_4 25 75 0.419206 0.119944 0.651095 9.43993 69.3252 2.87672
27_5_10_100_4_4 25 75 50 31640 1160809500 36688 632.8 23216190 9.95907e+07
27_5_10_100_5_5 25 75 0.450266 0.122714 0.653296 8.81582 95.2292 2.82051
27_5_10_100_5_5 25 75 50 31635 1159366500 36648.2 632.7 23187330 1.08687e+08
27_5_10_100_6_6 25 75 0.47117 0.113459 0.627222 10.2034 73.8748 3.12594
27_5_10_100_6_6 25 75 50 31637 1096498500 34658.7 632.74 21929970 1.12892e+08
27_5_10_100_7_7 25 75 0.665577 0.126101 0.872681 12.5231 80.3144 4.77684
27_5_10_100_7_7 25 75 50 31593 1122918000 35543.3 631.86 22458360 1.43996e+08
27_5_10_100_8_8 25 75 0.537826 0.121496 0.755351 11.2008 85.9648 4.16719
27_5_10_100_8_8 25 75 50 31801 1110853500 34931.4 636.02 22217070 1.01966e+08
27_5_10_100_9_9 25 75 0.477141 0.116018 0.632563 10.424 58.9259 3.38856
27_5_10_100_9_9 25 75 50 31585 1080370500 34205.2 631.7 21607410 9.10826e+07
