12_0_0_1000_0_0 250 750 0.658245 0.118697 5.17585 10.0749 480.056 7.60932
12_0_0_1000_0_0 250 750 500 3669995 47604060000 12971.2 7339.99 95208120 1.00266e+08
12_0_0_1000_1_1 250 750 0.658245 0.118697 5.17585 10.0749 480.056 7.60932
12_0_0_1000_1_1 250 750 500 3669995 47604060000 12971.2 7339.99 95208120 1.00266e+08
12_0_0_1000_2_2 250 750 0.659589 0.11855 5.19649 10.0875 250.077 7.62691
12_0_0_1000_2_2 250 750 500 3670019 47604214500 12971.1 7340.04 95208429 1.00546e+08
12_0_0_1000_3_3 250 750 0.656 0.118623 5.13603 10.0802 300.027 7.59126
12_0_0_1000_3_3 250 750 500 3670019 47604240000 12971.1 7340.04 95208480 1.00126e+08
12_0_0_1000_4_4 250 750 0.656741 0.118617 5.16614 10.0792 280.007 7.61083
12_0_0_1000_4_4 250 750 500 3670019 47604240000 12971.1 7340.04 95208480 1.00209e+08
12_0_0_1000_5_5 250 750 0.655879 0.118524 5.13957 10.0974 269.997 7.59196
12_0_0_1000_5_5 250 750 500 3670007 47604187500 12971.1 7340.01 95208375 9.99434e+07
12_0_0_1000_6_6 250 750 0.656828 0.118631 5.15153 10.0795 1000.01 7.58977
12_0_0_1000_6_6 250 750 500 3670019 47604240000 12971.1 7340.04 95208480 1.0039e+08
12_0_0_1000_7_7 250 750 0.656675 0.118527 5.16544 10.0795 640.003 7.60703
12_0_0_1000_7_7 250 750 500 3670019 47604238500 12971.1 7340.04 95208477 1.00131e+08
12_0_0_1000_8_8 250 750 0.659733 0.118652 5.13907 10.0578 1130.01 7.59484
12_0_0_1000_8_8 250 750 500 3670007 47604130500 12971.1 7340.01 95208261 1.00316e+08
12_0_0_1000_9_9 250 750 0.656443 0.118594 5.17362 10.0609 300.064 7.59883
12_0_0_1000_9_9 250 750 500 3670007 47604169500 12971.1 7340.01 95208339 1.00157e+08
