68_75_100_200_0_49 50 150 0.500193 0.14388 0.857041 10.0935 210.842 4.04752
68_75_100_200_0_49 50 150 100 2226652 76697274000 34445.1 22266.5 766972740 4.00996e+09
68_75_100_200_50_99 50 150 0.498364 0.144159 0.846943 10.0476 340.04 4.00005
68_75_100_200_50_99 50 150 100 2226768 76779555000 34480.3 22267.7 767795550 4.07368e+09
68_75_100_200_100_149 50 150 0.497252 0.142888 0.833648 10.0655 240.129 3.97255
68_75_100_200_100_149 50 150 100 2226085 76670190000 34441.7 22260.8 766701900 4.20059e+09
68_75_100_200_150_199 50 150 0.50726 0.144336 0.858517 10.1447 218.431 4.06523
68_75_100_200_150_199 50 150 100 2227739 77087793000 34603.6 22277.4 770877930 4.32425e+09
68_75_100_200_200_249 50 150 0.507878 0.144068 0.8561 10.1711 392.518 4.09041
68_75_100_200_200_249 50 150 100 2228194 77172529500 34634.6 22281.9 771725295 4.30267e+09
68_75_100_200_250_299 50 150 0.499309 0.143627 0.84445 10.0552 223.201 3.99078
68_75_100_200_250_299 50 150 100 2182758 75470437500 34575.7 21827.6 754704375 4.06862e+09
68_75_100_200_300_349 50 150 0.506859 0.144495 0.857711 10.1684 210.021 4.08383
68_75_100_200_300_349 50 150 100 2228292 76967839500 34541.2 22282.9 769678395 4.31255e+09
68_75_100_200_350_399 50 150 0.494263 0.143865 0.839841 9.99731 222.66 3.9527
68_75_100_200_350_399 50 150 100 2228549 76984851000 34544.8 22285.5 769848510 4.09128e+09
68_75_100_200_400_449 50 150 0.504496 0.143124 0.844368 10.1198 240.039 4.00694
68_75_100_200_400_449 50 150 100 2229556 76934356500 34506.6 22295.6 769343565 4.20279e+09
68_75_100_200_450_499 50 150 0.497237 0.143398 0.836198 9.99986 234.599 3.93808
68_75_100_200_450_499 50 150 100 2228334 76565095500 34359.8 22283.3 765650955 4.09211e+09
