9_875_1000_640_0_0 160 480 0.461224 0.0721711 0.448917 9.27909 567.969 2.50115
9_875_1000_640_0_0 160 480 320 409407 14192841000 34666.8 1279.4 4.43526e+07 2.03333e+08
9_875_1000_640_1_1 160 480 0.461224 0.0721711 0.448917 9.27909 567.969 2.50115
9_875_1000_640_1_1 160 480 320 409407 14192841000 34666.8 1279.4 4.43526e+07 2.03333e+08
9_875_1000_640_2_2 160 480 0.49566 0.0742532 0.473673 10.1881 617.057 2.88607
9_875_1000_640_2_2 160 480 320 409449 14208852000 34702.4 1279.53 4.44027e+07 2.1906e+08
9_875_1000_640_3_3 160 480 0.396832 0.0740239 0.460975 9.65771 242.274 2.63567
9_875_1000_640_3_3 160 480 320 409940 14339455500 34979.4 1281.06 4.48108e+07 1.86026e+08
9_875_1000_640_4_4 160 480 0.75016 0.0736492 0.48715 10.841 729.947 3.23854
9_875_1000_640_4_4 160 480 320 409799 14375460000 35079.3 1280.62 4.49233e+07 3.07694e+08
9_875_1000_640_5_5 160 480 0.545353 0.073737 0.484719 10.3631 559.349 3.06775
9_875_1000_640_5_5 160 480 320 409454 14230209000 34754.1 1279.54 4.44694e+07 2.15184e+08
9_875_1000_640_6_6 160 480 0.50558 0.0741413 0.471812 10.1893 556.989 2.91607
9_875_1000_640_6_6 160 480 320 409356 14265834000 34849.5 1279.24 4.45807e+07 2.11095e+08
9_875_1000_640_7_7 160 480 0.539458 0.0730891 0.464433 9.95567 559.5 2.75616
9_875_1000_640_7_7 160 480 320 408894 14260842000 34876.6 1277.79 4.45651e+07 2.11208e+08
9_875_1000_640_8_8 160 480 0.425353 0.0736223 0.458415 9.61842 304.196 2.64716
9_875_1000_640_8_8 160 480 320 408699 14342869500 35094 1277.18 4.48215e+07 1.89303e+08
9_875_1000_640_9_9 160 480 0.656199 0.0739702 0.482348 10.1201 839.811 2.92304
9_875_1000_640_9_9 160 480 320 409241 14261503500 34848.7 1278.88 4.45672e+07 3.05057e+08
