7_375_1000_1000_0_0 250 750 0.532655 0.112322 1.79731 9.92151 180.031 5.53737
7_375_1000_1000_0_0 250 750 500 545268 19120443000 35066.1 1090.54 38240886 2.66431e+08
7_375_1000_1000_1_1 250 750 0.532655 0.112322 1.79731 9.92151 180.031 5.53737
7_375_1000_1000_1_1 250 750 500 545268 19120443000 35066.1 1090.54 38240886 2.66431e+08
7_375_1000_1000_2_2 250 750 0.528143 0.112317 1.79138 9.87643 879.945 5.38659
7_375_1000_1000_2_2 250 750 500 543995 18775989000 34515 1087.99 37551978 2.44601e+08
7_375_1000_1000_3_3 250 750 0.529753 0.111986 1.83257 9.82944 147.783 5.42799
7_375_1000_1000_3_3 250 750 500 543877 18702234000 34386.9 1087.75 37404468 2.47098e+08
7_375_1000_1000_4_4 250 750 0.550148 0.112717 1.91274 9.8865 1057.94 5.62034
7_375_1000_1000_4_4 250 750 500 543096 19252423500 35449.4 1086.19 38504847 2.81098e+08
7_375_1000_1000_5_5 250 750 0.539181 0.112558 1.89028 10.0328 178.77 5.57545
7_375_1000_1000_5_5 250 750 500 542621 19112418000 35222.4 1085.24 38224836 2.66355e+08
7_375_1000_1000_6_6 250 750 0.545392 0.112293 1.81991 10.0112 1359.99 5.54336
7_375_1000_1000_6_6 250 750 500 542675 18800524500 34644.2 1085.35 37601049 2.69251e+08
7_375_1000_1000_7_7 250 750 0.516353 0.112177 1.66257 9.76099 97.8533 5.31577
7_375_1000_1000_7_7 250 750 500 543860 18866016000 34689.1 1087.72 37732032 2.59758e+08
7_375_1000_1000_8_8 250 750 0.520967 0.112544 1.75317 9.85987 95.0096 5.35274
7_375_1000_1000_8_8 250 750 500 545221 18898270500 34661.7 1090.44 37796541 2.44082e+08
7_375_1000_1000_9_9 250 750 0.527524 0.11213 1.7885 9.87239 151.705 5.44008
7_375_1000_1000_9_9 250 750 500 542460 18764950500 34592.3 1084.92 37529901 2.49875e+08
