0_33125_100000_100_0_0 25 75 0.642752 0.291673 1.40091 9.91265 149.99 4.50392
0_33125_100000_100_0_0 25 75 50 864036 30486607500 35284 17280.7 609732150 4.76037e+09
0_33125_100000_100_1_1 25 75 0.642752 0.291673 1.40091 9.91265 149.99 4.50392
0_33125_100000_100_1_1 25 75 50 864036 30486607500 35284 17280.7 609732150 4.76037e+09
0_33125_100000_100_2_2 25 75 0.633206 0.290478 1.37504 9.8291 160.052 4.3781
0_33125_100000_100_2_2 25 75 50 862305 30189601500 35010.4 17246.1 603792030 4.63032e+09
0_33125_100000_100_3_3 25 75 0.636601 0.288758 1.36824 9.84768 180.078 4.42266
0_33125_100000_100_3_3 25 75 50 864129 30460357500 35249.8 17282.6 609207150 4.83959e+09
0_33125_100000_100_4_4 25 75 0.635532 0.291444 1.39384 9.81986 100.038 4.44166
0_33125_100000_100_4_4 25 75 50 864170 30031554000 34751.9 17283.4 600631080 4.42102e+09
0_33125_100000_100_5_5 25 75 0.640117 0.290666 1.40071 9.89934 160.052 4.49203
0_33125_100000_100_5_5 25 75 50 865876 30284302500 34975.3 17317.5 605686050 4.66564e+09
0_33125_100000_100_6_6 25 75 0.620998 0.285625 1.33098 9.71608 85.3388 4.30686
0_33125_100000_100_6_6 25 75 50 863496 30013293000 34757.9 17269.9 600265860 4.31259e+09
0_33125_100000_100_7_7 25 75 0.634583 0.290065 1.37472 9.85981 140.045 4.41248
0_33125_100000_100_7_7 25 75 50 864478 30331048500 35086 17289.6 606620970 4.68835e+09
0_33125_100000_100_8_8 25 75 0.629716 0.288972 1.36421 9.81431 150.061 4.33664
0_33125_100000_100_8_8 25 75 50 864298 30311089500 35070.2 17286 606221790 4.67582e+09
0_33125_100000_100_9_9 25 75 0.648786 0.292717 1.44655 9.99538 109.876 4.60001
0_33125_100000_100_9_9 25 75 50 864551 30395965500 35158.1 17291 607919310 4.75599e+09
