60_0_0_200_0_0 50 150 0.510701 0.168103 1.05485 9.88415 120.008 4.46005
60_0_0_200_0_0 50 150 100 282570 9815391000 34736.1 2825.7 98153910 5.85686e+08
60_0_0_200_1_1 50 150 0.510701 0.168103 1.05485 9.88415 120.008 4.46005
60_0_0_200_1_1 50 150 100 282570 9815391000 34736.1 2825.7 98153910 5.85686e+08
60_0_0_200_2_2 50 150 0.535889 0.17471 1.20448 10.0666 92.1992 4.78659
60_0_0_200_2_2 50 150 100 282172 9893668500 35062.5 2821.72 98936685 6.09783e+08
60_0_0_200_3_3 50 150 0.537498 0.174715 1.16917 10.1414 90.9348 4.82126
60_0_0_200_3_3 50 150 100 282342 9831322500 34820.6 2823.42 98313225 5.99346e+08
60_0_0_200_4_4 50 150 0.552167 0.176603 1.24999 10.1773 159.746 4.98214
60_0_0_200_4_4 50 150 100 281959 9958395000 35318.6 2819.59 99583950 7.14978e+08
60_0_0_200_5_5 50 150 0.534954 0.173608 1.16979 9.98087 108.622 4.75571
60_0_0_200_5_5 50 150 100 282057 9852753000 34931.8 2820.57 98527530 6.35092e+08
60_0_0_200_6_6 50 150 0.538023 0.172553 1.22212 10.066 133.922 4.83508
60_0_0_200_6_6 50 150 100 282470 9829621500 34798.8 2824.7 98296215 6.37027e+08
60_0_0_200_7_7 50 150 0.548314 0.173459 1.23284 10.1525 102.63 4.99609
60_0_0_200_7_7 50 150 100 281890 9878218500 35042.8 2818.9 98782185 6.65342e+08
60_0_0_200_8_8 50 150 0.549023 0.174164 1.27251 10.1598 170.025 4.98714
60_0_0_200_8_8 50 150 100 281834 9871221000 35024.9 2818.34 98712210 6.6525e+08
60_0_0_200_9_9 50 150 0.526278 0.172298 1.13183 10.0091 179.984 4.63666
60_0_0_200_9_9 50 150 100 282110 9832999500 34855.2 2821.1 98329995 6.37667e+08
