1_375_10000_240_0_0 60 180 0.709793 0.13912 0.618682 10.3835 495.855 2.36431
1_375_10000_240_0_0 60 180 120 3204855 82129843500 25626.7 26707.1 6.84415e+08 1.95742e+09
1_375_10000_240_1_1 60 180 0.709793 0.13912 0.618682 10.3835 495.855 2.36431
1_375_10000_240_1_1 60 180 120 3204855 82129843500 25626.7 26707.1 6.84415e+08 1.95742e+09
1_375_10000_240_2_2 60 180 0.71257 0.139382 0.614399 10.2098 464.863 2.30652
1_375_10000_240_2_2 60 180 120 3205789 82155133500 25627.1 26714.9 6.84626e+08 1.93724e+09
1_375_10000_240_3_3 60 180 0.712566 0.138963 0.618095 10.3662 442.294 2.3443
1_375_10000_240_3_3 60 180 120 3205317 82063918500 25602.4 26711 6.83866e+08 1.95286e+09
1_375_10000_240_4_4 60 180 0.705279 0.139565 0.619019 10.2526 336.447 2.32224
1_375_10000_240_4_4 60 180 120 3205815 82127370000 25618.2 26715.1 684394750 1.93785e+09
1_375_10000_240_5_5 60 180 0.707524 0.138723 0.613903 10.3228 488.139 2.33339
1_375_10000_240_5_5 60 180 120 3205401 82127895000 25621.7 26711.7 684399125 1.98964e+09
1_375_10000_240_6_6 60 180 0.709533 0.139162 0.610121 10.356 308.394 2.30224
1_375_10000_240_6_6 60 180 120 3205172 82140640500 25627.5 26709.8 6.84505e+08 1.90293e+09
1_375_10000_240_7_7 60 180 0.719482 0.139157 0.621408 10.3933 405.906 2.37674
1_375_10000_240_7_7 60 180 120 3205246 82177588500 25638.5 26710.4 6.84813e+08 2.02149e+09
1_375_10000_240_8_8 60 180 0.712115 0.138709 0.615024 10.3812 488.289 2.34298
1_375_10000_240_8_8 60 180 120 3205133 82084587000 25610.4 26709.4 684038225 1.98618e+09
1_375_10000_240_9_9 60 180 0.722468 0.138722 0.617375 10.4341 487.497 2.3413
1_375_10000_240_9_9 60 180 120 3205226 82147546500 25629.3 26710.2 6.84563e+08 2.01571e+09
