6_75_100_100_0_0 25 75 0.581505 0.105242 0.539124 9.84053 129.027 2.45174
6_75_100_100_0_0 25 75 50 124757 4336173000 34757 2495.14 86723460 4.09179e+08
6_75_100_100_1_1 25 75 0.581505 0.105242 0.539124 9.84053 129.027 2.45174
6_75_100_100_1_1 25 75 50 124757 4336173000 34757 2495.14 86723460 4.09179e+08
6_75_100_100_2_2 25 75 0.591881 0.10323 0.497857 9.08195 139.306 2.05418
6_75_100_100_2_2 25 75 50 124241 4301904000 34625.5 2484.82 86038080 3.85762e+08
6_75_100_100_3_3 25 75 0.750643 0.104226 0.531641 11.1858 190.175 2.67032
6_75_100_100_3_3 25 75 50 124356 4343626500 34929 2487.12 86872530 4.32879e+08
6_75_100_100_4_4 25 75 0.635245 0.106515 0.555258 10.5354 126.022 2.81955
6_75_100_100_4_4 25 75 50 124211 4418674500 35573.9 2484.22 88373490 4.78603e+08
6_75_100_100_5_5 25 75 0.644118 0.103455 0.518083 9.91516 161.923 2.37517
6_75_100_100_5_5 25 75 50 124355 4315332000 34701.7 2487.1 86306640 3.94583e+08
6_75_100_100_6_6 25 75 0.508353 0.103321 0.504956 9.06442 120.255 2.02084
6_75_100_100_6_6 25 75 50 124435 4239886500 34073.1 2488.7 84797730 3.47242e+08
6_75_100_100_7_7 25 75 0.607301 0.104955 0.543188 10.3662 122.482 2.52168
6_75_100_100_7_7 25 75 50 124380 4306656000 34625 2487.6 86133120 4.06579e+08
6_75_100_100_8_8 25 75 0.574634 0.106603 0.530444 9.56706 135.416 2.3122
6_75_100_100_8_8 25 75 50 124499 4444636500 35700.2 2489.98 88892730 4.16106e+08
6_75_100_100_9_9 25 75 0.750268 0.107827 0.542351 9.95232 192.505 2.50921
6_75_100_100_9_9 25 75 50 124289 4403100000 35426.3 2485.78 88062000 4.97121e+08
