0_6875_10000_240_0_0 60 180 0.678896 0.201457 0.893186 10.58 460.064 3.53658
0_6875_10000_240_0_0 60 180 120 2124147 54350259000 25586.9 17701.2 452918825 1.20436e+09
0_6875_10000_240_1_1 60 180 0.678896 0.201457 0.893186 10.58 460.064 3.53658
0_6875_10000_240_1_1 60 180 120 2124147 54350259000 25586.9 17701.2 452918825 1.20436e+09
0_6875_10000_240_2_2 60 180 0.690441 0.20139 0.888062 10.647 507.431 3.53673
0_6875_10000_240_2_2 60 180 120 2122783 54439119000 25645.2 17689.9 453659325 1.26609e+09
0_6875_10000_240_3_3 60 180 0.669411 0.198978 0.866334 10.3892 508.361 3.35144
0_6875_10000_240_3_3 60 180 120 2124893 54240289500 25526.1 17707.4 4.52002e+08 1.17456e+09
0_6875_10000_240_4_4 60 180 0.686424 0.200598 0.870578 10.5897 506.135 3.39803
0_6875_10000_240_4_4 60 180 120 2124264 54577338000 25692.4 17702.2 454811150 1.30734e+09
0_6875_10000_240_5_5 60 180 0.703887 0.199641 0.874307 10.6155 495.911 3.45897
0_6875_10000_240_5_5 60 180 120 2125357 54476514000 25631.7 17711.3 453970950 1.25826e+09
0_6875_10000_240_6_6 60 180 0.698787 0.200083 0.878001 10.6808 307.782 3.49192
0_6875_10000_240_6_6 60 180 120 2123743 54401019000 25615.6 17697.9 453341825 1.27017e+09
0_6875_10000_240_7_7 60 180 0.68477 0.201705 0.907807 10.6572 405.702 3.60194
0_6875_10000_240_7_7 60 180 120 2122660 54519577500 25684.6 17688.8 4.5433e+08 1.22164e+09
0_6875_10000_240_8_8 60 180 0.695511 0.199797 0.885061 10.7109 436.646 3.52402
0_6875_10000_240_8_8 60 180 120 2124421 54281454000 25551.2 17703.5 452345450 1.21372e+09
0_6875_10000_240_9_9 60 180 0.668796 0.202523 0.900003 10.5797 507.16 3.55314
0_6875_10000_240_9_9 60 180 120 2124189 54501076500 25657.4 17701.6 4.54176e+08 1.22068e+09
