24_75_100_200_0_49 50 150 0.389786 0.0760271 0.417362 9.25452 187.425 1.98122
24_75_100_200_0_49 50 150 100 800860 28352172000 35402.2 8008.6 283521720 9.65464e+08
24_75_100_200_50_99 50 150 0.398825 0.0761221 0.41699 9.54604 177.759 2.04607
24_75_100_200_50_99 50 150 100 801026 28390066500 35442.1 8010.26 283900665 1.0278e+09
24_75_100_200_100_149 50 150 0.360167 0.075748 0.403386 8.82989 142.446 1.83044
24_75_100_200_100_149 50 150 100 801523 28340868000 35358.8 8015.23 283408680 9.06044e+08
24_75_100_200_150_199 50 150 0.413508 0.0761485 0.422618 9.74281 216.913 2.12672
24_75_100_200_150_199 50 150 100 801420 28569877500 35649.1 8014.2 285698775 1.08624e+09
24_75_100_200_200_249 50 150 0.408125 0.0758936 0.413736 9.53185 190.06 2.00439
24_75_100_200_200_249 50 150 100 802815 28573429500 35591.5 8028.15 285734295 1.08825e+09
24_75_100_200_250_299 50 150 0.356985 0.0757377 0.401384 8.66485 176.253 1.77477
24_75_100_200_250_299 50 150 100 801710 28374784500 35392.8 8017.1 283747845 9.03826e+08
24_75_100_200_300_349 50 150 0.378239 0.0756582 0.404144 8.88909 207.619 1.82737
24_75_100_200_300_349 50 150 100 801825 28392246000 35409.5 8018.25 283922460 8.69388e+08
24_75_100_200_350_399 50 150 0.38164 0.0753703 0.396301 8.58593 208.256 1.71558
24_75_100_200_350_399 50 150 100 801726 28245675000 35231.1 8017.26 282456750 8.57306e+08
24_75_100_200_400_449 50 150 0.358056 0.0750691 0.39392 8.72829 214.26 1.71218
24_75_100_200_400_449 50 150 100 801703 28207785000 35184.8 8017.03 282077850 8.64821e+08
24_75_100_200_450_499 50 150 0.396042 0.0756601 0.415167 9.43689 170.943 2.03247
24_75_100_200_450_499 50 150 100 802529 28057204500 34961 8025.29 280572045 9.21746e+08
