7_25_100_100_0_0 25 75 0.478372 0.118218 0.64193 9.76622 150.77 2.9381
7_25_100_100_0_0 25 75 50 134182 4609426500 34352 2683.64 92188530 4.42369e+08
7_25_100_100_1_1 25 75 0.478372 0.118218 0.64193 9.76622 150.77 2.9381
7_25_100_100_1_1 25 75 50 134182 4609426500 34352 2683.64 92188530 4.42369e+08
7_25_100_100_2_2 25 75 0.48304 0.115489 0.613742 10.0782 113.945 2.98253
7_25_100_100_2_2 25 75 50 133554 4662313500 34909.6 2671.08 93246270 5.16328e+08
7_25_100_100_3_3 25 75 0.557375 0.120138 0.678905 10.1874 124.905 3.29868
7_25_100_100_3_3 25 75 50 133618 4659559500 34872.2 2672.36 93191190 5.31034e+08
7_25_100_100_4_4 25 75 0.50878 0.119336 0.6618 10.3931 102.188 3.22887
7_25_100_100_4_4 25 75 50 133373 4711891500 35328.7 2667.46 94237830 5.05318e+08
7_25_100_100_5_5 25 75 0.473635 0.114395 0.576478 9.63949 161.368 2.64181
7_25_100_100_5_5 25 75 50 133439 4637317500 34752.3 2668.78 92746350 4.57253e+08
7_25_100_100_6_6 25 75 0.50703 0.115901 0.610645 9.76629 118.64 2.86415
7_25_100_100_6_6 25 75 50 133612 4600713000 34433.4 2672.24 92014260 4.69451e+08
7_25_100_100_7_7 25 75 0.475432 0.117746 0.646578 9.87541 92.5913 3.09693
7_25_100_100_7_7 25 75 50 133614 4636386000 34699.9 2672.28 92727720 4.96462e+08
7_25_100_100_8_8 25 75 0.58873 0.11884 0.629927 10.1302 127.67 2.99835
7_25_100_100_8_8 25 75 50 133520 4752451500 35593.6 2670.4 95049030 5.06644e+08
7_25_100_100_9_9 25 75 0.552782 0.119927 0.637686 10.1071 170.941 3.13033
7_25_100_100_9_9 25 75 50 133425 4679881500 35075 2668.5 93597630 5.34249e+08
