16_75_100_640_0_0 160 480 0.597883 0.150411 0.715518 10.3485 730.638 3.35943
16_75_100_640_0_0 160 480 320 695204 24246018000 34876.1 2172.51 7.57688e+07 6.14738e+08
16_75_100_640_1_1 160 480 0.597883 0.150411 0.715518 10.3485 730.638 3.35943
16_75_100_640_1_1 160 480 320 695204 24246018000 34876.1 2172.51 7.57688e+07 6.14738e+08
16_75_100_640_2_2 160 480 0.593479 0.152152 0.729937 9.97285 635.889 3.294
16_75_100_640_2_2 160 480 320 695237 24258795000 34892.8 2172.62 7.58087e+07 6.25825e+08
16_75_100_640_3_3 160 480 0.581576 0.151311 0.719917 10.0779 700.068 3.24446
16_75_100_640_3_3 160 480 320 695002 24361539000 35052.5 2171.88 7.61298e+07 6.02685e+08
16_75_100_640_4_4 160 480 0.528466 0.152826 0.714 9.85767 594.431 3.13159
16_75_100_640_4_4 160 480 320 694989 24375888000 35073.8 2171.84 76174650 5.06078e+08
16_75_100_640_5_5 160 480 0.522256 0.148823 0.686201 9.56453 696.555 2.95521
16_75_100_640_5_5 160 480 320 694742 24148713000 34759.3 2171.07 7.54647e+07 5.59941e+08
16_75_100_640_6_6 160 480 0.564716 0.151113 0.716975 9.9767 608.759 3.18813
16_75_100_640_6_6 160 480 320 694425 24238705500 34904.7 2170.08 7.5746e+07 4.87462e+08
16_75_100_640_7_7 160 480 0.565805 0.151036 0.711795 9.90609 650.578 3.18488
16_75_100_640_7_7 160 480 320 694100 24226384500 34903.3 2169.06 7.57075e+07 5.9738e+08
16_75_100_640_8_8 160 480 0.508452 0.15104 0.687031 9.52346 619.48 2.90846
16_75_100_640_8_8 160 480 320 694320 24237718500 34908.6 2169.75 7.57429e+07 4.94936e+08
16_75_100_640_9_9 160 480 0.575646 0.149928 0.693966 9.6429 696.385 2.99983
16_75_100_640_9_9 160 480 320 694580 24192463500 34830.3 2170.56 7.56014e+07 6.06093e+08
