66_0_0_200_0_49 50 150 0.524163 0.113659 0.586137 9.87524 220.381 2.79609
66_0_0_200_0_49 50 150 100 2137703 73795491000 34520.9 21377 737954910 4.03611e+09
66_0_0_200_50_99 50 150 0.493393 0.113679 0.573065 9.69582 189.241 2.63787
66_0_0_200_50_99 50 150 100 2137492 73945318500 34594.4 21374.9 739453185 3.7786e+09
66_0_0_200_100_149 50 150 0.499463 0.113412 0.58152 9.84859 199.142 2.73671
66_0_0_200_100_149 50 150 100 2136940 73743364500 34508.9 21369.4 737433645 3.83645e+09
66_0_0_200_150_199 50 150 0.524305 0.114919 0.589606 9.89012 208.443 2.79537
66_0_0_200_150_199 50 150 100 2138713 74260375500 34722 21387.1 742603755 4.10991e+09
66_0_0_200_200_249 50 150 0.52891 0.114479 0.592549 9.9529 247.069 2.82605
66_0_0_200_200_249 50 150 100 2139241 74280897000 34723 21392.4 742808970 4.09945e+09
66_0_0_200_250_299 50 150 0.484734 0.114708 0.582757 9.66868 206.303 2.69154
66_0_0_200_250_299 50 150 100 2095457 72634639500 34662.9 20954.6 726346395 3.75272e+09
66_0_0_200_300_349 50 150 0.528041 0.114509 0.581624 9.8587 218.29 2.74973
66_0_0_200_300_349 50 150 100 2139215 74046259500 34613.8 21392.2 740462595 3.84938e+09
66_0_0_200_350_399 50 150 0.478687 0.115212 0.580121 9.61587 206.836 2.64549
66_0_0_200_350_399 50 150 100 2139987 74135053500 34642.8 21399.9 741350535 3.59416e+09
66_0_0_200_400_449 50 150 0.539757 0.113963 0.585741 9.92801 228.146 2.81283
66_0_0_200_400_449 50 150 100 2140371 74149330500 34643.2 21403.7 741493305 4.03804e+09
66_0_0_200_450_499 50 150 0.53651 0.113398 0.577765 9.88598 298.179 2.72577
66_0_0_200_450_499 50 150 100 2139152 73693923000 34450.1 21391.5 736939230 3.96326e+09
