5_125_1000_100_0_0 25 75 0.507557 0.169439 1.0909 9.91623 165.528 4.43855
5_125_1000_100_0_0 25 75 50 94792 3296596500 34777.2 1895.84 65931930 3.84221e+08
5_125_1000_100_1_1 25 75 0.507557 0.169439 1.0909 9.91623 165.528 4.43855
5_125_1000_100_1_1 25 75 50 94792 3296596500 34777.2 1895.84 65931930 3.84221e+08
5_125_1000_100_2_2 25 75 0.467578 0.160352 0.971054 9.29929 73.1158 3.97292
5_125_1000_100_2_2 25 75 50 94331 3239193000 34338.6 1886.62 64783860 3.45943e+08
5_125_1000_100_3_3 25 75 0.516694 0.167674 1.01095 10.1257 63.9985 4.40978
5_125_1000_100_3_3 25 75 50 94315 3271126500 34683 1886.3 65422530 4.08809e+08
5_125_1000_100_4_4 25 75 0.531794 0.173839 1.17135 10.0988 85.9271 4.70246
5_125_1000_100_4_4 25 75 50 94451 3314142000 35088.5 1889.02 66282840 4.64363e+08
5_125_1000_100_5_5 25 75 0.477601 0.164927 0.984402 9.40997 68.9333 3.99183
5_125_1000_100_5_5 25 75 50 94372 3273495000 34687.1 1887.44 65469900 3.53102e+08
5_125_1000_100_6_6 25 75 0.464212 0.159602 0.902642 9.47375 71.935 3.8388
5_125_1000_100_6_6 25 75 50 94402 3202318500 33922.1 1888.04 64046370 3.22877e+08
5_125_1000_100_7_7 25 75 0.478389 0.170393 0.943557 9.53795 70.5367 3.9597
5_125_1000_100_7_7 25 75 50 94297 3223614000 34185.8 1885.94 64472280 3.67031e+08
5_125_1000_100_8_8 25 75 0.520171 0.172 1.11004 9.89218 73.9443 4.60741
5_125_1000_100_8_8 25 75 50 94487 3304248000 34970.4 1889.74 66084960 4.14091e+08
5_125_1000_100_9_9 25 75 0.500515 0.173709 1.03132 9.83115 101.199 4.35201
5_125_1000_100_9_9 25 75 50 94394 3261354000 34550.4 1887.88 65227080 3.28872e+08
