0 1 24 0 21 1.0
0 2 17 0 55 1.0
0 3 13 0 78 1.0
0 4 19 0 57 0.6875
0 4 20 0 58 0.3125
0 5 18 0 56 1.0
0 6 63 0 28 0.4375
0 6 64 0 28 0.5625
0 7 27 0 24 1.0
0 9 124 0 55 1.0
0 10 48 0 27 1.0
0 12 72 0 76 1.0
0 14 35 0 29 1.0
0 15 38 0 29 1.0
0 19 0 0 19 1.0
0 20 0 0 20 1.0
0 23 0 0 23 1.0
0 24 1 0 54 0.0625
0 24 2 0 52 0.9375
0 25 3 0 53 1.0
0 26 0 0 26 1.0
0 27 0 0 27 1.0
0 29 0 0 29 1.0
0 30 0 0 30 0.28125
0 30 3 0 53 0.71875
0 31 2 0 26 0.578125
0 31 4 0 54 0.421875
0 32 4 0 54 1.0
0 33 7 0 30 1.0
0 37 6 0 29 1.0
0 39 0 0 73 1.0
0 40 4 0 77 1.0
0 41 4 0 77 1.0
0 42 2 0 75 1.0
0 44 4 0 77 0.203125
0 44 6 0 79 0.796875
0 45 6 0 79 1.0
0 48 5 0 78 1.0
0 49 7 0 18 1.0
0 50 7 0 18 1.0
0 51 3 0 76 1.0
0 52 0 0 52 1.0
0 53 0 0 53 1.0
0 54 0 0 54 1.0
0 55 3 0 26 1.0
0 56 9 0 19 1.0
0 57 6 0 29 1.0
0 58 9 0 19 1.0
0 60 0 0 25 1.0
0 63 6 0 30 1.0
0 64 6 0 30 1.0
0 65 1 0 24 1.0
0 67 80 0 78 1.0
0 68 139 0 23 1.0
0 69 46 0 76 1.0
0 70 25 0 74 1.0
0 71 42 0 76 1.0
0 72 29 0 75 1.0
0 73 5 0 22 1.0
0 74 1 0 18 1.0
0 75 4 0 21 1.0
0 76 1 0 18 1.0
0 77 1 0 18 1.0
0 78 1 0 18 1.0
0 79 0 0 79 1.0
1 0 17 1 55 1.0
1 2 1 1 24 1.0
1 3 1 1 24 1.0
1 4 4 1 54 1.0
1 5 15 1 52 1.0
1 6 31 1 26 1.0
1 7 138 1 57 1.0
1 8 93 1 30 1.0
1 9 75 1 28 1.0
1 10 18 1 24 1.0
1 11 114 1 53 1.0
1 12 28 1 28 1.0
1 13 30 1 28 1.0
1 14 67 1 75 1.0
1 15 92 1 79 1.0
1 16 96 1 79 1.0
1 17 54 1 73 1.0
1 18 0 1 18 1.0
1 19 0 1 19 1.0
1 20 0 1 20 1.0
1 21 6 1 77 1.0
1 22 12 1 56 1.0
1 23 0 1 23 1.0
1 24 0 1 24 1.0
1 25 0 1 25 1.0
1 26 4 1 55 1.0
1 27 7 1 58 1.0
1 28 0 1 28 1.0
1 29 6 1 57 1.0
1 30 0 1 30 1.0
1 31 0 1 25 1.0
1 32 6 1 29 1.0
1 33 5 1 28 1.0
1 34 4 1 54 1.0
1 35 10 1 55 1.0
1 36 13 1 58 1.0
1 38 3 1 76 1.0
1 39 5 1 78 1.0
1 40 1 1 74 1.0
1 41 2 1 75 1.0
1 42 4 1 77 1.0
1 43 6 1 79 1.0
1 44 0 1 73 1.0
1 45 3 1 76 1.0
1 46 10 1 21 1.0
1 47 3 1 76 1.0
1 48 9 1 20 1.0
1 49 11 1 22 1.0
1 50 9 1 20 1.0
1 51 6 1 79 1.0
1 52 0 1 52 1.0
1 53 0 1 53 1.0
1 54 11 1 21 1.0
1 55 3 1 26 1.0
1 56 0 1 56 0.3125
1 56 3 1 26 0.6875
1 57 0 1 57 1.0
1 58 0 1 58 1.0
1 59 5 1 29 1.0
1 60 2 1 26 1.0
1 61 2 1 26 1.0
1 62 2 1 26 1.0
1 63 4 1 28 1.0
1 64 1 1 24 1.0
1 65 0 1 25 1.0
1 66 120 1 21 1.0
1 67 63 1 77 1.0
1 68 110 1 19 1.0
1 69 106 1 19 1.0
1 70 110 1 19 1.0
1 71 132 1 22 1.0
1 72 107 1 19 1.0
1 73 0 1 73 1.0
1 74 0 1 74 1.0
1 75 4 1 21 1.0
1 76 5 1 22 1.0
1 77 4 1 21 1.0
1 78 2 1 19 1.0
1 79 5 1 22 1.0
2 0 13 2 78 1.0
2 1 16 2 53 1.0
2 3 15 2 52 0.515625
2 3 19 2 57 0.171875
2 3 21 2 18 0.3125
2 4 0 2 25 1.0
2 5 4 2 54 1.0
2 6 72 2 28 1.0
2 7 116 2 53 1.0
2 8 138 2 57 1.0
2 9 30 2 26 1.0
2 10 7 2 25 1.0
2 11 108 2 52 1.0
2 12 65 2 75 1.0
2 13 15 2 26 1.0
2 14 16 2 26 1.0
2 15 79 2 77 1.0
2 16 4 2 25 1.0
2 17 14 2 26 1.0
2 18 14 2 58 1.0
2 19 6 2 77 1.0
2 20 0 2 20 1.0
2 21 14 2 58 1.0
2 22 4 2 75 1.0
2 23 0 2 23 1.0
2 24 0 2 24 0.3125
2 24 4 2 55 0.6875
2 25 0 2 25 0.5
2 25 1 2 54 0.5
2 26 0 2 26 1.0
2 27 6 2 57 1.0
2 28 5 2 56 1.0
2 29 0 2 29 1.0
2 30 0 2 30 1.0
2 31 3 2 27 1.0
2 32 9 2 53 1.0
2 33 11 2 56 1.0
2 34 5 2 28 1.0
2 35 10 2 55 1.0
2 36 2 2 26 1.0
2 37 11 2 56 1.0
2 38 6 2 79 1.0
2 39 5 2 78 1.0
2 40 4 2 77 1.0
2 41 1 2 74 1.0
2 42 3 2 76 1.0
2 43 2 2 75 1.0
2 44 0 2 73 1.0
2 45 3 2 76 1.0
2 46 3 2 76 1.0
2 47 2 2 75 1.0
2 49 2 2 75 1.0
2 51 5 2 78 1.0
2 52 0 2 52 1.0
2 53 0 2 53 1.0
2 54 5 2 28 1.0
2 55 4 2 27 1.0
2 56 13 2 23 1.0
2 57 11 2 21 1.0
2 58 12 2 22 1.0
2 59 4 2 28 1.0
2 60 5 2 29 1.0
2 61 2 2 26 1.0
2 62 4 2 28 1.0
2 63 5 2 29 1.0
2 64 2 2 26 1.0
2 65 2 2 26 1.0
2 66 28 2 75 1.0
2 67 122 2 21 1.0
2 68 36 2 75 1.0
2 69 9 2 73 1.0
2 70 122 2 21 1.0
2 71 111 2 19 1.0
2 72 125 2 21 1.0
2 73 1 2 18 0.53125
2 73 6 2 23 0.46875
2 74 5 2 22 1.0
2 75 4 2 21 1.0
2 76 6 2 23 1.0
2 77 0 2 77 1.0
2 78 0 2 78 1.0
2 79 0 2 79 1.0
3 0 14 3 79 0.296875
3 0 25 3 22 0.703125
3 1 20 3 58 1.0
3 2 4 3 54 0.546875
3 2 17 3 55 0.453125
3 4 3 3 27 0.390625
3 4 10 3 75 0.609375
3 5 0 3 25 0.171875
3 5 14 3 79 0.828125
3 6 107 3 52 0.625
3 6 108 3 52 0.375
3 7 121 3 55 1.0
3 9 42 3 27 1.0
3 10 26 3 24 1.0
3 12 12 3 24 1.0
3 14 72 3 76 1.0
3 15 29 3 28 1.0
3 17 79 3 77 1.0
3 19 0 3 19 0.90625
3 19 10 3 53 0.09375
3 20 0 3 20 1.0
3 23 0 3 23 1.0
3 24 3 3 53 0.734375
3 24 7 3 58 0.265625
3 25 5 3 56 1.0
3 26 6 3 57 1.0
3 27 0 3 27 1.0
3 29 0 3 29 1.0
3 30 0 3 30 1.0
3 31 2 3 26 0.03125
3 31 12 3 57 0.96875
3 32 2 3 26 1.0
3 34 6 3 29 1.0
3 35 9 3 53 1.0
3 40 5 3 78 1.0
3 41 3 3 76 1.0
3 42 4 3 77 1.0
3 44 2 3 75 1.0
3 45 0 3 73 1.0
3 51 10 3 21 1.0
3 53 0 3 53 1.0
3 54 8 3 18 1.0
3 55 10 3 20 1.0
3 56 8 3 18 1.0
3 57 9 3 19 1.0
3 58 8 3 18 1.0
3 63 2 3 26 1.0
3 64 1 3 24 1.0
3 65 2 3 26 1.0
3 66 98 3 18 1.0
3 67 42 3 76 1.0
3 68 104 3 18 1.0
3 69 135 3 23 1.0
3 70 78 3 78 1.0
3 71 2 3 73 1.0
3 72 19 3 74 1.0
3 73 4 3 21 1.0
3 74 0 3 74 1.0
3 75 4 3 21 1.0
3 77 0 3 77 1.0
3 78 0 3 78 1.0
3 79 2 3 19 1.0
4 0 21 4 18 0.453125
4 0 24 4 21 0.546875
4 1 0 4 25 1.0
4 2 24 4 21 1.0
4 3 1 4 24 0.28125
4 3 16 4 53 0.71875
4 5 10 4 75 0.375
4 5 25 4 22 0.625
4 6 111 4 52 1.0
4 7 142 4 58 1.0
4 9 67 4 28 1.0
4 10 81 4 29 1.0
4 11 92 4 30 1.0
4 12 1 4 25 1.0
4 14 30 4 28 1.0
4 15 82 4 77 1.0
4 16 15 4 26 1.0
4 19 0 4 19 1.0
4 20 0 4 20 1.0
4 23 0 4 23 1.0
4 24 2 4 52 0.21875
4 24 6 4 57 0.78125
4 25 0 4 25 1.0
4 26 0 4 26 1.0
4 27 0 4 27 1.0
4 29 0 4 29 1.0
4 30 4 4 55 1.0
4 31 11 4 56 1.0
4 32 3 4 27 1.0
4 34 3 4 27 1.0
4 35 5 4 28 1.0
4 37 1 4 24 1.0
4 40 1 4 74 1.0
4 41 5 4 78 1.0
4 42 6 4 79 1.0
4 44 3 4 76 1.0
4 45 2 4 75 1.0
4 46 6 4 79 1.0
4 49 1 4 74 1.0
4 50 7 4 18 1.0
4 51 5 4 78 1.0
4 53 12 4 22 1.0
4 54 0 4 54 1.0
4 55 3 4 26 1.0
4 56 3 4 26 1.0
4 57 13 4 23 1.0
4 58 0 4 58 1.0
4 59 3 4 27 1.0
4 62 4 4 28 1.0
4 63 1 4 24 1.0
4 64 3 4 27 1.0
4 65 2 4 26 1.0
4 67 20 4 74 1.0
4 68 85 4 79 1.0
4 69 137 4 23 1.0
4 70 106 4 19 1.0
4 71 67 4 77 0.4375
4 71 94 4 79 0.5625
4 72 1 4 73 1.0
4 73 0 4 73 0.4375
4 73 3 4 20 0.5625
4 74 0 4 74 1.0
4 75 2 4 19 1.0
4 77 0 4 77 1.0
4 78 0 4 78 1.0
4 79 2 4 19 1.0
5 0 20 5 58 1.0
5 1 17 5 55 1.0
5 2 18 5 56 1.0
5 3 19 5 57 0.421875
5 3 22 5 19 0.390625
5 3 24 5 21 0.1875
5 4 15 5 52 1.0
5 6 60 5 54 0.46875
5 6 69 5 28 0.3125
5 6 134 5 57 0.21875
5 7 65 5 28 1.0
5 9 38 5 26 1.0
5 10 96 5 30 1.0
5 14 90 5 78 1.0
5 15 6 5 25 1.0
5 19 8 5 79 1.0
5 20 0 5 20 1.0
5 23 0 5 23 1.0
5 24 4 5 55 0.015625
5 24 5 5 56 0.984375
5 25 0 5 25 0.671875
5 25 3 5 53 0.328125
5 26 0 5 26 1.0
5 27 3 5 53 1.0
5 28 4 5 55 1.0
5 29 0 5 29 1.0
5 30 0 5 30 1.0
5 31 6 5 29 1.0
5 32 9 5 53 1.0
5 33 9 5 53 1.0
5 35 3 5 27 1.0
5 37 0 5 25 1.0
5 40 4 5 77 1.0
5 41 0 5 73 1.0
5 42 5 5 78 1.0
5 43 1 5 74 1.0
5 44 4 5 77 0.625
5 44 5 5 78 0.375
5 45 2 5 75 1.0
5 46 11 5 22 1.0
5 51 9 5 20 1.0
5 53 13 5 23 1.0
5 54 0 5 54 1.0
5 56 10 5 20 1.0
5 57 0 5 57 1.0
5 58 0 5 58 1.0
5 63 2 5 26 1.0
5 64 2 5 26 1.0
5 65 5 5 29 1.0
5 66 135 5 23 1.0
5 67 129 5 22 1.0
5 68 30 5 75 1.0
5 69 124 5 21 1.0
5 70 66 5 77 1.0
5 71 127 5 22 1.0
5 72 106 5 19 1.0
5 73 6 5 23 1.0
5 74 1 5 18 1.0
5 75 0 5 75 1.0
5 77 0 5 77 1.0
5 78 0 5 78 1.0
5 79 0 5 79 1.0
6 0 89 6 33 1.0
6 1 13 6 60 1.0
6 2 86 6 33 1.0
6 3 38 6 64 0.375
6 3 76 6 32 0.625
6 4 19 6 61 0.453125
6 4 46 6 65 0.546875
6 5 23 6 62 0.4375
6 5 32 6 63 0.4375
6 5 115 6 35 0.125
6 7 1 6 59 0.40625
6 7 15 6 12 0.203125
6 7 19 6 17 0.390625
6 9 25 6 71 1.0
6 10 17 6 14 1.0
6 14 0 6 14 1.0
6 15 14 6 72 1.0
6 17 6 6 64 1.0
6 18 82 6 70 1.0
6 19 6 6 31 1.0
6 20 62 6 67 1.0
6 23 50 6 66 0.40625
6 23 55 6 66 0.59375
6 24 0 6 59 0.0625
6 24 11 6 35 0.9375
6 25 2 6 61 1.0
6 26 8 6 32 1.0
6 27 6 6 65 1.0
6 29 1 6 60 1.0
6 30 12 6 36 0.3125
6 30 13 6 37 0.6875
6 31 4 6 62 0.3125
6 31 7 6 65 0.6875
6 32 5 6 63 1.0
6 40 0 6 16 1.0
6 41 0 6 16 0.46875
6 41 3 6 14 0.53125
6 42 8 6 68 1.0
6 44 0 6 16 0.234375
6 44 10 6 70 0.765625
6 45 1 6 67 1.0
6 47 0 6 66 1.0
6 48 3 6 69 1.0
6 49 1 6 67 1.0
6 51 4 6 70 1.0
6 53 1 6 32 1.0
6 54 4 6 35 1.0
6 55 3 6 34 1.0
6 56 2 6 33 1.0
6 57 1 6 32 1.0
6 58 3 6 34 1.0
6 61 1 6 16 1.0
6 62 7 6 36 1.0
6 63 0 6 63 1.0
6 64 0 6 64 1.0
6 65 11 6 14 1.0
6 66 1 6 16 1.0
6 67 0 6 67 1.0
6 68 2 6 12 1.0
6 69 5 6 15 1.0
6 70 0 6 70 1.0
6 71 0 6 71 1.0
6 72 0 6 72 1.0
6 73 96 6 69 1.0
6 74 14 6 13 1.0
6 76 106 6 70 1.0
6 77 31 6 15 1.0
6 78 19 6 13 1.0
6 79 60 6 67 1.0
7 0 30 7 63 1.0
7 1 143 7 37 1.0
7 2 18 7 61 1.0
7 3 11 7 60 1.0
7 4 4 7 59 1.0
7 5 90 7 33 1.0
7 6 17 7 14 0.78125
7 6 25 7 71 0.21875
7 9 0 7 16 1.0
7 10 1 7 59 1.0
7 11 7 7 65 1.0
7 12 0 7 12 1.0
7 14 0 7 14 1.0
7 15 0 7 15 1.0
7 16 4 7 62 1.0
7 17 0 7 17 1.0
7 18 54 7 66 1.0
7 19 93 7 72 1.0
7 20 35 7 36 0.390625
7 20 36 7 36 0.609375
7 22 0 7 31 1.0
7 23 53 7 66 1.0
7 24 4 7 63 0.328125
7 24 11 7 35 0.671875
7 25 11 7 35 1.0
7 26 2 7 61 1.0
7 27 3 7 62 1.0
7 29 12 7 36 1.0
7 30 2 7 61 0.078125
7 30 8 7 32 0.921875
7 31 0 7 31 1.0
7 32 0 7 32 1.0
7 33 0 7 33 1.0
7 35 4 7 62 1.0
7 38 1 7 12 1.0
7 39 7 7 67 1.0
7 40 1 7 12 1.0
7 41 12 7 72 1.0
7 42 10 7 70 1.0
7 44 11 7 71 1.0
7 45 2 7 68 1.0
7 50 1 7 67 1.0
7 51 1 7 67 1.0
7 52 6 7 37 1.0
7 53 3 7 34 1.0
7 54 6 7 37 1.0
7 55 5 7 36 1.0
7 56 1 7 32 1.0
7 57 3 7 34 1.0
7 58 4 7 35 1.0
7 60 9 7 12 1.0
7 62 8 7 37 1.0
7 63 9 7 12 1.0
7 64 0 7 64 1.0
7 65 0 7 65 1.0
7 66 3 7 13 1.0
7 67 0 7 67 1.0
7 68 2 7 12 1.0
7 69 0 7 69 1.0
7 70 0 7 70 1.0
7 71 6 7 17 1.0
7 72 0 7 72 1.0
7 73 78 7 68 1.0
7 74 10 7 12 1.0
7 77 18 7 13 1.0
7 78 98 7 70 1.0
7 79 7 7 12 1.0
8 0 25 8 62 1.0
8 1 10 8 60 1.0
8 2 16 8 61 1.0
8 3 58 8 31 1.0
8 6 15 8 12 1.0
8 9 25 8 71 1.0
8 10 26 8 72 1.0
8 11 23 8 69 1.0
8 12 8 8 66 1.0
8 13 2 8 60 1.0
8 14 0 8 14 1.0
8 15 0 8 15 1.0
8 16 11 8 69 1.0
8 17 9 8 67 1.0
8 20 78 8 70 1.0
8 21 76 8 69 1.0
8 22 41 8 36 1.0
8 23 71 8 69 1.0
8 25 0 8 59 1.0
8 26 1 8 60 1.0
8 27 1 8 60 1.0
8 28 2 8 61 1.0
8 32 0 8 32 1.0
8 33 4 8 62 1.0
8 34 2 8 60 1.0
8 35 4 8 62 1.0
8 36 1 8 59 1.0
8 37 1 8 59 1.0
8 38 6 8 66 1.0
8 39 2 8 13 1.0
8 40 0 8 16 1.0
8 41 8 8 68 1.0
8 42 9 8 69 1.0
8 43 12 8 72 1.0
8 45 1 8 67 1.0
8 46 3 8 69 1.0
8 47 3 8 69 1.0
8 48 3 8 69 1.0
8 50 1 8 67 1.0
8 51 2 8 68 1.0
8 53 1 8 32 1.0
8 54 6 8 37 1.0
8 55 2 8 33 1.0
8 56 5 8 36 1.0
8 57 5 8 36 1.0
8 58 6 8 37 1.0
8 60 12 8 15 1.0
8 61 0 8 61 1.0
8 62 13 8 17 1.0
8 63 0 8 63 1.0
8 64 3 8 32 1.0
8 65 0 8 65 1.0
8 66 0 8 66 1.0
8 67 0 8 67 1.0
8 68 3 8 13 1.0
8 69 6 8 17 1.0
8 70 0 8 70 1.0
8 71 2 8 12 1.0
8 73 42 8 66 1.0
8 77 26 8 14 1.0
8 78 85 8 69 1.0
8 79 25 8 14 1.0
9 0 33 9 63 1.0
9 1 5 9 59 1.0
9 2 136 9 37 1.0
9 3 93 9 34 1.0
9 4 74 9 32 1.0
9 5 115 9 35 1.0
9 6 6 9 64 0.453125
9 6 19 9 17 0.546875
9 7 0 9 16 1.0
9 10 14 9 37 0.3125
9 10 15 9 12 0.6875
9 11 11 9 34 1.0
9 13 10 9 68 1.0
9 14 12 9 70 1.0
9 15 10 9 68 1.0
9 16 6 9 64 1.0
9 17 9 9 67 1.0
9 18 36 9 36 1.0
9 19 50 9 66 1.0
9 20 37 9 36 1.0
9 22 62 9 67 1.0
9 23 51 9 66 0.59375
9 23 92 9 72 0.40625
9 24 0 9 59 1.0
9 25 1 9 60 0.421875
9 25 11 9 35 0.578125
9 26 2 9 61 1.0
9 27 2 9 61 1.0
9 29 6 9 65 1.0
9 30 1 9 60 0.46875
9 30 9 9 33 0.53125
9 31 0 9 31 0.515625
9 31 4 9 62 0.484375
9 32 0 9 32 1.0
9 33 5 9 63 1.0
9 34 5 9 63 1.0
9 35 1 9 59 1.0
9 37 2 9 60 1.0
9 38 9 9 69 1.0
9 40 4 9 15 1.0
9 41 7 9 67 1.0
9 42 9 9 69 1.0
9 43 6 9 66 1.0
9 44 2 9 13 0.46875
9 44 7 9 67 0.53125
9 45 6 9 72 1.0
9 46 4 9 70 1.0
9 47 4 9 70 1.0
9 49 1 9 67 1.0
9 50 4 9 70 1.0
9 51 2 9 68 1.0
9 52 6 9 37 1.0
9 53 0 9 31 1.0
9 54 3 9 34 1.0
9 55 5 9 36 1.0
9 56 1 9 32 1.0
9 57 1 9 32 1.0
9 58 6 9 37 1.0
9 59 0 9 59 1.0
9 60 0 9 60 1.0
9 61 11 9 14 1.0
9 62 11 9 14 1.0
9 63 0 9 63 1.0
9 64 0 9 64 1.0
9 65 0 9 65 1.0
9 67 0 9 67 1.0
9 68 1 9 16 1.0
9 69 1 9 16 1.0
9 70 0 9 70 1.0
9 71 4 9 14 0.9375
9 71 6 9 17 0.0625
9 72 0 9 72 1.0
9 73 33 9 15 1.0
9 74 35 9 17 1.0
9 75 68 9 67 1.0
9 76 1 9 16 1.0
9 77 13 9 12 1.0
9 78 15 9 13 1.0
9 79 13 9 12 1.0
10 0 99 10 34 1.0
10 1 4 10 59 1.0
10 2 44 10 65 1.0
10 3 84 10 33 1.0
10 4 48 10 65 1.0
10 5 127 10 36 1.0
10 6 1 10 59 1.0
10 7 4 10 62 1.0
10 8 13 10 36 1.0
10 9 3 10 61 0.359375
10 9 16 10 13 0.640625
10 11 19 10 17 1.0
10 12 4 10 62 1.0
10 13 0 10 13 1.0
10 14 0 10 14 1.0
10 15 9 10 67 1.0
10 16 1 10 59 1.0
10 17 14 10 72 1.0
10 18 21 10 34 1.0
10 19 38 10 36 1.0
10 20 15 10 33 1.0
10 22 39 10 36 1.0
10 23 93 10 72 1.0
10 24 4 10 63 1.0
10 25 6 10 65 1.0
10 26 6 10 65 1.0
10 27 7 10 31 1.0
10 29 2 10 61 1.0
10 30 2 10 61 1.0
10 31 0 10 31 1.0
10 32 0 10 32 1.0
10 38 9 10 69 1.0
10 39 2 10 13 1.0
10 40 3 10 14 1.0
10 41 2 10 13 1.0
10 42 6 10 66 1.0
10 43 10 10 70 1.0
10 44 4 10 15 1.0
10 45 3 10 69 1.0
10 46 0 10 66 1.0
10 47 3 10 69 1.0
10 48 2 10 68 1.0
10 51 1 10 67 1.0
10 52 3 10 34 1.0
10 53 6 10 37 1.0
10 54 4 10 35 1.0
10 55 3 10 34 1.0
10 56 2 10 33 1.0
10 57 4 10 35 1.0
10 58 6 10 37 1.0
10 59 6 10 35 1.0
10 62 6 10 35 1.0
10 63 0 10 63 1.0
10 64 0 10 64 1.0
10 65 0 10 65 1.0
10 66 0 10 66 1.0
10 67 0 10 67 1.0
10 68 0 10 68 1.0
10 69 0 10 69 1.0
10 70 0 10 70 1.0
10 71 0 10 71 1.0
10 72 0 10 72 1.0
10 73 21 10 14 1.0
10 74 93 10 69 1.0
10 75 7 10 12 1.0
10 76 49 10 66 1.0
10 77 39 10 17 1.0
10 78 82 10 68 1.0
10 79 109 10 70 1.0
11 1 44 11 65 1.0
11 2 30 11 63 1.0
11 3 127 11 36 1.0
11 8 8 11 31 1.0
11 9 25 11 71 1.0
11 10 19 11 17 1.0
11 12 0 11 12 1.0
11 13 0 11 13 1.0
11 14 0 11 14 1.0
11 15 2 11 60 1.0
11 20 43 11 37 1.0
11 21 17 11 33 1.0
11 22 66 11 68 1.0
11 25 5 11 64 1.0
11 26 6 11 65 1.0
11 27 13 11 37 1.0
11 29 13 11 37 1.0
11 31 3 11 61 1.0
11 36 5 11 63 1.0
11 37 2 11 60 1.0
11 39 0 11 16 1.0
11 40 0 11 16 1.0
11 41 0 11 16 1.0
11 45 1 11 67 1.0
11 46 0 11 66 1.0
11 48 2 11 68 1.0
11 49 2 11 68 1.0
11 50 2 11 68 1.0
11 51 3 11 69 1.0
11 52 5 11 36 1.0
11 53 5 11 36 1.0
11 54 2 11 33 1.0
11 55 2 11 33 1.0
11 56 5 11 36 1.0
11 57 5 11 36 1.0
11 58 3 11 34 1.0
11 61 0 11 61 1.0
11 62 13 11 17 1.0
11 63 0 11 63 1.0
11 64 0 11 64 1.0
11 65 0 11 65 1.0
11 66 0 11 66 1.0
11 67 0 11 67 1.0
11 68 0 11 68 1.0
11 69 3 11 13 1.0
11 71 3 11 13 1.0
11 77 78 11 68 1.0
11 78 138 11 72 1.0
11 79 136 11 72 1.0
12 1 9 12 60 1.0
12 2 69 12 40 1.0
12 7 0 12 7 1.0
12 8 14 12 72 1.0
12 9 14 12 72 1.0
12 10 8 12 66 1.0
12 11 3 12 61 1.0
12 13 24 12 70 1.0
12 14 13 12 44 1.0
12 15 1 12 60 1.0
12 16 1 12 60 1.0
12 17 6 12 65 1.0
12 18 118 12 68 1.0
12 20 124 12 69 1.0
12 21 106 12 67 1.0
12 22 109 12 67 1.0
12 25 5 12 64 1.0
12 26 4 12 63 1.0
12 27 4 12 63 1.0
12 29 0 12 59 1.0
12 31 8 12 7 1.0
12 32 9 12 8 1.0
12 33 5 12 64 1.0
12 35 5 12 64 1.0
12 36 1 12 60 1.0
12 39 5 12 70 1.0
12 40 0 12 40 1.0
12 41 5 12 70 1.0
12 42 5 12 70 1.0
12 43 5 12 70 1.0
12 44 3 12 68 1.0
12 45 4 12 42 1.0
12 46 8 12 67 1.0
12 49 8 12 67 1.0
12 50 3 12 41 1.0
12 51 0 12 38 1.0
12 52 53 12 62 1.0
12 53 128 12 10 1.0
12 54 118 12 8 1.0
12 55 107 12 7 1.0
12 56 94 12 65 1.0
12 57 36 12 61 1.0
12 58 95 12 65 1.0
12 59 4 12 9 1.0
12 62 4 12 9 1.0
12 63 0 12 63 1.0
12 64 6 12 11 1.0
12 65 0 12 65 1.0
12 66 3 12 40 1.0
12 67 0 12 67 1.0
12 68 0 12 68 1.0
12 69 0 12 69 1.0
12 71 0 12 71 1.0
12 72 0 12 72 1.0
12 74 5 12 43 1.0
12 75 6 12 44 1.0
12 77 1 12 39 1.0
12 78 1 12 39 1.0
12 79 5 12 43 1.0
13 1 11 13 60 1.0
13 2 41 13 64 1.0
13 7 14 13 72 1.0
13 8 3 13 61 1.0
13 10 6 13 64 1.0
13 11 0 13 11 1.0
13 12 18 13 10 1.0
13 14 12 13 43 1.0
13 15 3 13 62 1.0
13 16 6 13 65 1.0
13 17 22 13 68 1.0
13 18 66 13 42 1.0
13 21 25 13 39 1.0
13 22 94 13 44 1.0
13 26 4 13 63 1.0
13 27 2 13 61 1.0
13 28 6 13 65 1.0
13 29 6 13 65 1.0
13 32 0 13 59 1.0
13 35 0 13 59 1.0
13 36 3 13 62 1.0
13 37 8 13 7 1.0
13 40 5 13 70 1.0
13 41 7 13 72 1.0
13 45 10 13 69 1.0
13 47 7 13 66 1.0
13 50 1 13 39 1.0
13 51 11 13 70 1.0
13 53 100 13 6 1.0
13 54 117 13 8 1.0
13 55 114 13 8 1.0
13 56 53 13 62 1.0
13 57 134 13 11 1.0
13 58 132 13 10 1.0
13 59 3 13 8 1.0
13 61 5 13 10 1.0
13 62 5 13 10 1.0
13 64 0 13 64 1.0
13 65 0 13 65 1.0
13 66 0 13 66 1.0
13 67 0 13 67 1.0
13 68 9 13 7 1.0
13 70 4 13 41 1.0
13 75 2 13 40 1.0
13 78 1 13 39 1.0
14 0 78 14 42 1.0
14 1 61 14 39 1.0
14 2 10 14 60 1.0
14 3 16 14 61 1.0
14 4 58 14 39 1.0
14 5 84 14 43 1.0
14 6 0 14 6 1.0
14 7 0 14 7 1.0
14 8 0 14 8 1.0
14 9 7 14 65 1.0
14 10 2 14 60 1.0
14 11 0 14 11 1.0
14 12 23 14 69 1.0
14 13 22 14 68 1.0
14 15 3 14 62 1.0
14 16 15 14 7 1.0
14 17 20 14 66 1.0
14 18 138 14 71 1.0
14 19 104 14 66 1.0
14 20 3 14 38 1.0
14 21 108 14 67 1.0
14 22 114 14 68 1.0
14 23 0 14 38 1.0
14 24 1 14 60 1.0
14 25 3 14 62 1.0
14 26 6 14 65 1.0
14 27 0 14 59 1.0
14 28 1 14 60 1.0
14 29 1 14 60 1.0
14 30 4 14 63 1.0
14 31 4 14 63 1.0
14 32 9 14 8 1.0
14 33 7 14 6 1.0
14 34 11 14 10 1.0
14 35 0 14 59 1.0
14 36 2 14 61 1.0
14 37 5 14 64 1.0
14 38 3 14 68 1.0
14 39 0 14 39 1.0
14 40 0 14 40 1.0
14 41 1 14 66 1.0
14 42 0 14 42 1.0
14 43 0 14 43 1.0
14 44 7 14 72 1.0
14 45 5 14 43 1.0
14 46 5 14 43 1.0
14 47 11 14 70 1.0
14 48 1 14 39 1.0
14 49 0 14 38 1.0
14 50 11 14 70 1.0
14 51 1 14 39 1.0
14 52 98 14 6 1.0
14 53 47 14 62 1.0
14 54 112 14 8 1.0
14 55 116 14 8 1.0
14 56 33 14 61 1.0
14 57 33 14 61 1.0
14 58 130 14 10 1.0
14 59 0 14 59 1.0
14 60 0 14 60 1.0
14 61 0 14 61 1.0
14 62 0 14 62 1.0
14 63 0 14 63 1.0
14 64 6 14 11 1.0
14 65 0 14 65 1.0
14 66 1 14 38 1.0
14 67 0 14 67 1.0
14 68 0 14 68 1.0
14 69 0 14 69 1.0
14 70 0 14 70 1.0
14 71 12 14 10 1.0
14 72 0 14 72 1.0
14 73 1 14 39 1.0
14 74 0 14 38 1.0
14 75 4 14 42 1.0
14 76 0 14 38 1.0
14 77 2 14 40 1.0
14 78 4 14 42 1.0
14 79 5 14 43 1.0
15 0 48 15 65 1.0
15 1 25 15 62 1.0
15 2 2 15 59 1.0
15 3 27 15 62 1.0
15 4 74 15 41 1.0
15 5 48 15 65 1.0
15 6 0 15 6 1.0
15 7 3 15 61 1.0
15 8 0 15 8 1.0
15 9 0 15 9 1.0
15 10 1 15 59 1.0
15 11 0 15 11 1.0
15 12 20 15 66 1.0
15 13 2 15 61 1.0
15 14 16 15 8 1.0
15 16 8 15 39 1.0
15 17 26 15 72 1.0
15 18 143 15 72 1.0
15 19 128 15 70 1.0
15 20 6 15 38 1.0
15 21 145 15 72 1.0
15 22 38 15 40 1.0
15 23 103 15 66 1.0
15 24 0 15 59 1.0
15 25 5 15 64 1.0
15 26 5 15 64 1.0
15 27 5 15 64 1.0
15 28 0 15 59 1.0
15 29 3 15 62 1.0
15 30 2 15 61 1.0
15 31 10 15 9 1.0
15 32 5 15 64 1.0
15 33 9 15 8 1.0
15 34 7 15 6 1.0
15 35 12 15 11 1.0
15 36 1 15 60 1.0
15 37 11 15 10 1.0
15 38 0 15 38 1.0
15 39 1 15 66 1.0
15 40 0 15 40 1.0
15 41 0 15 41 1.0
15 42 1 15 66 1.0
15 43 0 15 43 1.0
15 44 7 15 72 1.0
15 45 1 15 39 1.0
15 46 2 15 40 1.0
15 47 6 15 44 1.0
15 48 8 15 67 1.0
15 49 10 15 69 1.0
15 50 8 15 67 1.0
15 51 3 15 41 1.0
15 52 100 15 6 1.0
15 53 45 15 62 1.0
15 54 135 15 11 1.0
15 55 101 15 6 1.0
15 56 31 15 61 1.0
15 57 13 15 59 1.0
15 58 137 15 11 1.0
15 59 0 15 59 1.0
15 60 0 15 60 1.0
15 61 0 15 61 1.0
15 62 3 15 8 1.0
15 63 0 15 63 1.0
15 64 3 15 8 1.0
15 65 3 15 8 1.0
15 66 4 15 41 1.0
15 67 0 15 67 1.0
15 68 0 15 68 1.0
15 69 0 15 69 1.0
15 70 0 15 70 1.0
15 71 0 15 71 1.0
15 72 0 15 72 1.0
15 73 2 15 40 1.0
15 74 1 15 39 1.0
15 75 5 15 43 1.0
15 76 0 15 38 1.0
15 77 0 15 38 1.0
15 78 0 15 38 1.0
15 79 5 15 43 1.0
16 0 39 16 64 1.0
16 1 23 16 62 1.0
16 2 32 16 63 1.0
16 3 16 16 61 1.0
16 5 53 16 38 1.0
16 8 7 16 65 1.0
16 9 4 16 62 1.0
16 10 0 16 10 1.0
16 11 12 16 70 1.0
16 12 20 16 66 1.0
16 13 5 16 64 1.0
16 14 23 16 69 1.0
16 15 14 16 6 1.0
16 21 106 16 67 1.0
16 25 1 16 60 1.0
16 26 0 16 59 1.0
16 27 2 16 61 1.0
16 29 4 16 63 1.0
16 30 6 16 65 1.0
16 33 6 16 65 1.0
16 34 2 16 61 1.0
16 37 0 16 59 1.0
16 38 3 16 68 1.0
16 39 7 16 72 1.0
16 40 4 16 69 1.0
16 41 1 16 66 1.0
16 42 0 16 42 1.0
16 43 5 16 70 1.0
16 45 3 16 41 1.0
16 46 0 16 38 1.0
16 47 1 16 39 1.0
16 49 9 16 68 1.0
16 50 0 16 38 1.0
16 51 11 16 70 1.0
16 52 114 16 8 1.0
16 53 88 16 65 1.0
16 54 114 16 8 1.0
16 55 22 16 60 1.0
16 56 23 16 60 1.0
16 57 17 16 60 1.0
16 58 117 16 8 1.0
16 59 5 16 10 1.0
16 60 0 16 60 1.0
16 61 6 16 11 1.0
16 62 6 16 11 1.0
16 63 0 16 63 1.0
16 64 3 16 8 1.0
16 65 0 16 65 1.0
16 66 0 16 66 1.0
16 67 0 16 67 1.0
16 68 0 16 68 1.0
16 69 0 16 69 1.0
16 70 5 16 42 1.0
16 71 0 16 71 1.0
16 72 4 16 41 1.0
16 73 1 16 39 1.0
16 76 1 16 39 1.0
16 77 5 16 43 1.0
16 78 5 16 43 1.0
16 79 1 16 39 1.0
17 1 89 17 43 1.0
17 2 45 17 65 1.0
17 3 56 17 39 1.0
17 8 5 17 63 1.0
17 9 12 17 70 1.0
17 10 0 17 10 1.0
17 14 20 17 66 1.0
17 15 12 17 43 1.0
17 20 119 17 69 1.0
17 21 124 17 69 1.0
17 23 102 17 66 1.0
17 25 5 17 64 1.0
17 26 2 17 61 1.0
17 27 6 17 65 1.0
17 28 3 17 62 1.0
17 32 6 17 65 1.0
17 34 5 17 64 1.0
17 36 12 17 11 1.0
17 37 8 17 7 1.0
17 39 7 17 72 1.0
17 40 1 17 66 1.0
17 41 0 17 41 1.0
17 43 0 17 43 1.0
17 45 13 17 72 1.0
17 46 1 17 39 1.0
17 47 7 17 66 1.0
17 49 5 17 43 1.0
17 50 2 17 40 1.0
17 51 1 17 39 1.0
17 52 38 17 61 1.0
17 53 106 17 7 1.0
17 54 58 17 63 1.0
17 55 114 17 8 1.0
17 56 136 17 11 1.0
17 57 82 17 64 1.0
17 58 96 17 65 1.0
17 59 5 17 10 1.0
17 60 3 17 8 1.0
17 62 0 17 62 1.0
17 63 3 17 8 1.0
17 64 0 17 64 1.0
17 65 0 17 65 1.0
17 66 10 17 8 1.0
17 67 0 17 67 1.0
17 68 0 17 68 1.0
17 69 0 17 69 1.0
17 70 2 17 39 1.0
17 73 1 17 39 1.0
17 77 1 17 39 1.0
17 78 1 17 39 1.0
17 79 0 17 38 1.0
18 0 4 18 75 1.0
18 1 0 18 1 1.0
18 5 0 18 5 1.0
18 6 93 18 51 1.0
18 7 44 18 58 1.0
18 8 4 18 54 1.0
18 10 45 18 58 1.0
18 11 77 18 49 1.0
18 12 132 18 50 1.0
18 13 124 18 50 1.0
18 14 35 18 78 1.0
18 15 16 18 75 1.0
18 16 37 18 78 1.0
18 17 98 18 48 1.0
18 19 26 18 51 1.0
18 21 5 18 76 1.0
18 22 16 18 2 1.0
18 25 1 18 54 1.0
18 26 11 18 4 1.0
18 27 2 18 52 1.0
18 28 3 18 53 1.0
18 33 0 18 54 1.0
18 34 5 18 57 1.0
18 36 6 18 58 1.0
18 39 12 18 50 1.0
18 40 3 18 76 1.0
18 41 0 18 73 1.0
18 45 5 18 77 1.0
18 47 4 18 76 1.0
18 48 0 18 48 1.0
18 49 5 18 77 1.0
18 50 6 18 78 1.0
18 51 0 18 51 1.0
18 52 0 18 52 1.0
18 53 0 18 53 1.0
18 54 0 18 54 1.0
18 55 0 18 55 1.0
18 56 0 18 56 1.0
18 57 0 18 57 1.0
18 58 0 18 58 1.0
18 59 81 18 57 1.0
18 60 103 18 58 1.0
18 61 87 18 57 1.0
18 62 76 18 56 1.0
18 63 124 18 3 1.0
18 64 14 18 54 1.0
18 65 21 18 52 1.0
18 66 5 18 50 1.0
18 67 1 18 46 1.0
18 68 2 18 47 1.0
18 69 5 18 50 1.0
18 70 2 18 47 1.0
18 71 2 18 47 1.0
18 74 12 18 50 1.0
18 75 0 18 75 1.0
18 77 0 18 77 1.0
18 78 0 18 78 1.0
18 79 0 18 79 1.0
19 0 0 19 0 1.0
19 1 0 19 1 1.0
19 2 0 19 2 1.0
19 3 0 19 3 1.0
19 4 0 19 4 1.0
19 5 0 19 5 1.0
19 6 97 19 51 1.0
19 7 83 19 49 1.0
19 9 89 19 50 1.0
19 10 13 19 52 1.0
19 11 87 19 50 1.0
19 13 23 19 76 1.0
19 14 72 19 46 1.0
19 15 43 19 79 1.0
19 20 4 19 75 0.5625
19 20 5 19 76 0.4375
19 23 23 19 48 1.0
19 24 7 19 58 1.0
19 25 9 19 2 1.0
19 26 2 19 52 1.0
19 27 5 19 56 1.0
19 29 5 19 56 1.0
19 30 7 19 58 1.0
19 31 3 19 55 1.0
19 32 4 19 56 1.0
19 33 2 19 53 1.0
19 35 2 19 53 1.0
19 37 6 19 58 1.0
19 39 0 19 73 1.0
19 40 1 19 74 1.0
19 41 11 19 49 1.0
19 42 12 19 50 1.0
19 44 3 19 76 1.0
19 45 0 19 45 1.0
19 49 6 19 78 1.0
19 50 0 19 50 1.0
19 51 5 19 77 1.0
19 53 0 19 53 1.0
19 54 0 19 54 1.0
19 55 2 19 1 1.0
19 56 0 19 56 1.0
19 57 2 19 1 1.0
19 58 2 19 1 1.0
19 59 44 19 53 1.0
19 62 0 19 0 1.0
19 63 45 19 53 1.0
19 64 98 19 58 1.0
19 65 128 19 4 1.0
19 66 2 19 47 1.0
19 67 6 19 51 1.0
19 68 4 19 49 1.0
19 69 2 19 47 1.0
19 70 0 19 45 1.0
19 71 0 19 45 1.0
19 72 1 19 46 1.0
19 73 0 19 73 1.0
19 74 0 19 74 1.0
19 75 0 19 75 1.0
19 77 0 19 77 1.0
19 78 0 19 78 1.0
19 79 0 19 79 1.0
20 0 0 20 0 1.0
20 1 0 20 1 0.421875
20 1 13 20 57 0.578125
20 2 0 20 2 1.0
20 3 0 20 3 1.0
20 4 0 20 4 1.0
20 5 0 20 5 0.515625
20 5 6 20 77 0.484375
20 6 77 20 49 1.0
20 7 29 20 56 1.0
20 8 66 20 47 1.0
20 9 88 20 50 1.0
20 10 64 20 47 1.0
20 14 34 20 77 1.0
20 15 28 20 77 1.0
20 17 31 20 77 1.0
20 18 6 20 77 1.0
20 19 4 20 75 0.4375
20 19 5 20 76 0.5625
20 21 25 20 50 1.0
20 23 25 20 50 1.0
20 24 8 20 1 1.0
20 25 7 20 58 1.0
20 26 1 20 54 1.0
20 27 6 20 57 1.0
20 29 8 20 1 1.0
20 30 1 20 54 0.875
20 30 4 20 55 0.125
20 31 1 20 52 1.0
20 32 3 20 55 1.0
20 33 1 20 52 1.0
20 35 1 20 52 1.0
20 39 12 20 50 1.0
20 40 6 20 79 1.0
20 41 0 20 73 1.0
20 42 0 20 73 1.0
20 44 1 20 74 1.0
20 45 0 20 45 0.75
20 45 4 20 76 0.25
20 48 7 20 79 1.0
20 50 0 20 50 1.0
20 51 6 20 78 1.0
20 52 5 20 4 1.0
20 53 0 20 53 1.0
20 54 0 20 54 1.0
20 55 0 20 55 1.0
20 56 0 20 56 1.0
20 57 0 20 57 1.0
20 58 0 20 58 1.0
20 60 116 20 2 1.0
20 61 114 20 2 1.0
20 62 68 20 56 1.0
20 63 68 20 56 1.0
20 64 63 20 56 1.0
20 65 65 20 56 1.0
20 67 0 20 45 1.0
20 68 1 20 46 1.0
20 69 3 20 48 1.0
20 70 4 20 49 1.0
20 71 0 20 45 0.5
20 71 2 20 47 0.5
20 72 1 20 46 1.0
20 73 0 20 73 1.0
20 74 13 20 51 1.0
20 77 2 20 1 1.0
20 78 0 20 78 1.0
20 79 0 20 79 1.0
21 0 0 21 0 1.0
21 1 10 21 53 1.0
21 2 9 21 52 1.0
21 3 1 21 54 1.0
21 4 11 21 55 1.0
21 8 37 21 57 1.0
21 9 29 21 56 1.0
21 10 85 21 50 1.0
21 11 63 21 47 1.0
21 12 19 21 75 1.0
21 13 8 21 74 1.0
21 14 43 21 79 1.0
21 15 37 21 78 1.0
21 16 49 21 45 1.0
21 17 82 21 47 1.0
21 18 18 21 4 1.0
21 19 21 21 46 1.0
21 24 6 21 57 1.0
21 25 2 21 52 1.0
21 26 4 21 55 1.0
21 27 1 21 54 1.0
21 28 5 21 56 1.0
21 29 1 21 54 1.0
21 30 3 21 53 1.0
21 32 1 21 52 1.0
21 33 0 21 54 1.0
21 37 5 21 57 1.0
21 38 2 21 75 1.0
21 40 9 21 47 1.0
21 41 0 21 73 1.0
21 42 12 21 50 1.0
21 43 6 21 79 1.0
21 45 7 21 79 1.0
21 49 6 21 78 1.0
21 50 0 21 50 1.0
21 51 4 21 76 1.0
21 53 0 21 53 1.0
21 54 0 21 54 1.0
21 55 0 21 55 1.0
21 56 0 21 56 1.0
21 57 0 21 57 1.0
21 58 0 21 58 1.0
21 59 0 21 0 1.0
21 60 79 21 57 1.0
21 61 87 21 57 1.0
21 62 60 21 55 1.0
21 63 113 21 2 1.0
21 64 119 21 3 1.0
21 65 81 21 57 1.0
21 66 6 21 51 1.0
21 67 2 21 47 1.0
21 68 1 21 46 1.0
21 69 5 21 50 1.0
21 70 3 21 48 1.0
21 71 1 21 46 1.0
21 72 2 21 47 1.0
21 74 0 21 74 1.0
21 75 9 21 47 1.0
21 77 0 21 77 1.0
21 78 0 21 78 1.0
21 79 0 21 79 1.0
22 1 5 22 76 1.0
22 2 0 22 2 1.0
22 4 12 22 56 1.0
22 6 81 22 49 1.0
22 9 37 22 57 1.0
22 11 41 22 57 1.0
22 12 146 22 51 1.0
22 14 42 22 79 1.0
22 15 32 22 77 1.0
22 16 0 22 73 1.0
22 18 9 22 52 1.0
22 20 15 22 1 1.0
22 21 5 22 76 1.0
22 25 6 22 57 1.0
22 26 8 22 1 1.0
22 27 3 22 53 1.0
22 30 7 22 58 1.0
22 31 0 22 54 1.0
22 32 6 22 58 1.0
22 34 0 22 54 1.0
22 35 5 22 57 1.0
22 36 5 22 57 1.0
22 38 8 22 46 1.0
22 39 9 22 47 1.0
22 40 2 22 75 1.0
22 41 5 22 78 1.0
22 43 8 22 46 1.0
22 44 13 22 51 1.0
22 46 1 22 73 1.0
22 47 0 22 47 1.0
22 50 0 22 50 1.0
22 51 0 22 51 1.0
22 53 2 22 1 1.0
22 54 0 22 54 1.0
22 55 0 22 55 1.0
22 56 0 22 56 1.0
22 57 0 22 57 1.0
22 58 0 22 58 1.0
22 61 39 22 53 1.0
22 62 44 22 53 1.0
22 63 108 22 1 1.0
22 64 108 22 1 1.0
22 65 89 22 57 1.0
22 66 0 22 45 1.0
22 67 3 22 48 1.0
22 68 2 22 47 1.0
22 69 1 22 46 1.0
22 70 2 22 47 1.0
22 72 3 22 48 1.0
22 75 5 22 4 1.0
22 77 0 22 77 1.0
22 78 0 22 78 1.0
22 79 0 22 79 1.0
23 0 0 23 0 1.0
23 1 0 23 1 1.0
23 2 0 23 2 1.0
23 3 0 23 3 1.0
23 4 0 23 4 1.0
23 5 0 23 5 1.0
23 6 66 23 47 1.0
23 7 61 23 46 1.0
23 8 39 23 57 1.0
23 9 50 23 45 1.0
23 10 86 23 50 1.0
23 14 26 23 76 1.0
23 15 37 23 78 1.0
23 19 10 23 53 1.0
23 20 6 23 77 1.0
23 21 7 23 78 1.0
23 24 1 23 54 0.78125
23 24 5 23 56 0.21875
23 25 4 23 55 1.0
23 26 2 23 52 1.0
23 27 2 23 52 1.0
23 28 11 23 4 1.0
23 29 8 23 1 1.0
23 30 5 23 56 0.5
23 30 7 23 58 0.5
23 31 3 23 55 0.078125
23 31 6 23 58 0.921875
23 32 2 23 53 1.0
23 37 3 23 55 1.0
23 39 13 23 51 1.0
23 40 5 23 78 1.0
23 41 12 23 50 1.0
23 42 0 23 73 1.0
23 44 13 23 51 1.0
23 45 7 23 79 1.0
23 50 4 23 76 1.0
23 51 0 23 51 1.0
23 52 0 23 52 1.0
23 53 0 23 53 1.0
23 54 2 23 1 1.0
23 55 0 23 55 1.0
23 56 0 23 56 1.0
23 57 2 23 1 1.0
23 58 0 23 58 1.0
23 61 86 23 57 1.0
23 62 109 23 1 1.0
23 63 3 23 0 1.0
23 64 81 23 57 1.0
23 65 107 23 1 1.0
23 66 3 23 48 1.0
23 67 2 23 47 1.0
23 68 6 23 51 1.0
23 69 4 23 49 1.0
23 70 1 23 46 1.0
23 71 5 23 50 1.0
23 72 3 23 48 1.0
23 73 10 23 48 1.0
23 74 10 23 48 0.515625
23 74 13 23 51 0.484375
23 76 12 23 50 1.0
23 77 0 23 77 1.0
23 78 0 23 78 1.0
23 79 0 23 79 1.0
24 0 2 24 52 0.921875
24 0 3 24 53 0.078125
24 1 0 24 1 1.0
24 2 0 24 2 1.0
24 3 0 24 3 1.0
24 4 0 24 4 0.40625
24 4 4 24 55 0.515625
24 4 6 24 57 0.078125
24 5 3 24 53 1.0
24 6 4 24 63 1.0
24 7 2 24 61 1.0
24 9 6 24 65 1.0
24 10 12 24 36 1.0
24 11 2 24 61 1.0
24 14 6 24 65 1.0
24 15 1 24 60 1.0
24 19 0 24 0 1.0
24 20 1 24 54 1.0
24 23 1 24 54 0.34375
24 23 5 24 56 0.65625
24 25 6 24 57 0.46875
24 25 22 24 33 0.53125
24 26 23 24 34 1.0
24 27 4 24 55 1.0
24 29 26 24 37 1.0
24 30 25 24 36 1.0
24 31 0 24 31 1.0
24 32 0 24 32 1.0
24 35 0 24 35 1.0
24 39 64 24 62 1.0
24 40 71 24 63 1.0
24 41 55 24 61 1.0
24 42 48 24 60 0.25
24 42 65 24 62 0.75
24 44 2 24 0 0.078125
24 44 56 24 61 0.921875
24 45 20 24 52 1.0
24 50 20 24 52 1.0
24 51 41 24 56 1.0
24 53 10 24 34 1.0
24 54 9 24 33 1.0
24 55 12 24 36 1.0
24 56 0 24 56 1.0
24 57 13 24 37 1.0
24 58 10 24 34 1.0
24 61 7 24 37 1.0
24 63 7 24 37 1.0
24 64 0 24 64 1.0
24 65 4 24 34 1.0
24 66 44 24 62 1.0
24 67 57 24 63 1.0
24 68 17 24 60 1.0
24 69 101 24 33 1.0
24 70 93 24 32 1.0
24 71 0 24 59 1.0
24 72 68 24 64 1.0
24 73 5 24 5 1.0
24 74 0 24 0 1.0
24 77 2 24 2 1.0
24 78 2 24 2 1.0
24 79 2 24 2 1.0
25 0 3 25 53 1.0
25 1 0 25 1 1.0
25 2 0 25 2 1.0
25 3 0 25 3 1.0
25 4 3 25 53 0.109375
25 4 7 25 58 0.890625
25 5 0 25 5 1.0
25 6 2 25 61 0.484375
25 6 3 25 62 0.515625
25 7 11 25 35 1.0
25 8 9 25 33 1.0
25 9 13 25 37 1.0
25 10 7 25 31 1.0
25 11 13 25 37 1.0
25 12 1 25 60 1.0
25 14 6 25 65 1.0
25 15 0 25 59 1.0
25 16 4 25 63 1.0
25 17 5 25 64 1.0
25 18 6 25 57 1.0
25 19 1 25 54 1.0
25 20 4 25 55 1.0
25 21 11 25 4 1.0
25 22 8 25 1 1.0
25 23 2 25 52 0.65625
25 23 7 25 58 0.34375
25 24 22 25 33 0.53125
25 24 25 25 36 0.46875
25 26 17 25 63 1.0
25 27 26 25 37 1.0
25 28 3 25 53 1.0
25 29 8 25 1 1.0
25 30 0 25 0 0.59375
25 30 24 25 35 0.40625
25 31 0 25 31 0.53125
25 31 12 25 63 0.46875
25 32 0 25 32 1.0
25 33 11 25 62 1.0
25 34 6 25 57 1.0
25 35 9 25 60 1.0
25 36 0 25 36 1.0
25 37 6 25 57 1.0
25 38 78 25 65 1.0
25 39 62 25 62 1.0
25 40 44 25 59 1.0
25 41 41 25 5 1.0
25 42 80 25 65 1.0
25 43 72 25 64 1.0
25 44 43 25 59 1.0
25 45 34 25 55 1.0
25 46 105 25 4 1.0
25 47 53 25 58 1.0
25 48 41 25 56 1.0
25 49 45 25 57 1.0
25 50 19 25 52 1.0
25 51 36 25 55 1.0
25 52 13 25 37 1.0
25 53 0 25 53 1.0
25 54 0 25 54 1.0
25 56 2 25 1 1.0
25 57 10 25 34 1.0
25 58 2 25 1 1.0
25 59 7 25 37 1.0
25 60 6 25 36 1.0
25 61 0 25 61 1.0
25 62 4 25 34 1.0
25 63 7 25 37 1.0
25 64 4 25 34 1.0
25 65 0 25 65 1.0
25 66 13 25 60 1.0
25 67 12 25 60 1.0
25 68 79 25 65 1.0
25 69 3 25 59 1.0
25 70 73 25 65 1.0
25 71 13 25 60 1.0
25 72 123 25 37 1.0
25 73 0 25 0 0.421875
25 73 4 25 4 0.578125
25 74 1 25 1 1.0
25 75 0 25 0 1.0
25 76 2 25 2 1.0
25 77 0 25 0 1.0
25 78 4 25 4 1.0
25 79 2 25 2 1.0
26 0 0 26 0 1.0
26 1 1 26 54 1.0
26 2 7 26 58 1.0
26 3 1 26 54 1.0
26 4 3 26 53 1.0
26 5 0 26 5 1.0
26 6 1 26 60 1.0
26 7 1 26 60 1.0
26 8 5 26 64 1.0
26 9 1 26 60 1.0
26 10 10 26 34 1.0
26 11 9 26 33 1.0
26 12 2 26 61 1.0
26 13 6 26 65 1.0
26 14 4 26 63 1.0
26 15 1 26 60 1.0
26 16 2 26 61 1.0
26 17 0 26 59 1.0
26 18 0 26 0 1.0
26 19 6 26 57 1.0
26 20 4 26 55 1.0
26 21 2 26 52 1.0
26 22 3 26 53 1.0
26 23 10 26 3 1.0
26 24 5 26 56 1.0
26 25 18 26 64 1.0
26 27 23 26 34 1.0
26 28 20 26 31 1.0
26 29 5 26 56 1.0
26 30 23 26 34 1.0
26 31 13 26 64 1.0
26 32 0 26 32 1.0
26 33 0 26 33 1.0
26 34 8 26 59 1.0
26 35 12 26 63 1.0
26 36 0 26 36 1.0
26 37 0 26 37 1.0
26 38 31 26 4 1.0
26 39 81 26 65 1.0
26 40 54 26 61 1.0
26 41 47 26 59 1.0
26 42 65 26 62 1.0
26 43 69 26 63 1.0
26 44 12 26 1 1.0
26 45 65 26 1 1.0
26 46 32 26 55 1.0
26 47 76 26 2 1.0
26 48 39 26 56 1.0
26 49 23 26 52 1.0
26 50 63 26 1 1.0
26 51 23 26 52 1.0
26 52 0 26 52 1.0
26 53 0 26 53 1.0
26 54 8 26 32 1.0
26 55 8 26 32 1.0
26 56 2 26 1 1.0
26 57 0 26 57 1.0
26 58 11 26 35 1.0
26 59 0 26 59 1.0
26 60 0 26 60 1.0
26 61 0 26 61 1.0
26 62 0 26 62 1.0
26 63 0 26 63 1.0
26 64 6 26 36 1.0
26 65 0 26 65 1.0
26 66 35 26 61 1.0
26 67 106 26 34 1.0
26 68 95 26 32 1.0
26 69 107 26 34 1.0
26 70 46 26 62 1.0
26 71 40 26 62 1.0
26 72 46 26 62 1.0
26 73 5 26 5 1.0
26 74 3 26 3 1.0
26 75 5 26 5 1.0
26 76 3 26 3 1.0
26 77 1 26 1 1.0
26 78 1 26 1 1.0
26 79 1 26 1 1.0
27 0 1 27 54 1.0
27 1 0 27 1 1.0
27 2 2 27 52 1.0
27 3 5 27 56 1.0
27 4 5 27 56 1.0
27 5 0 27 5 1.0
27 6 5 27 64 1.0
27 7 4 27 63 1.0
27 8 2 27 61 1.0
27 9 1 27 60 1.0
27 10 2 27 61 1.0
27 11 4 27 63 1.0
27 12 3 27 62 1.0
27 13 3 27 62 1.0
27 14 6 27 65 1.0
27 15 0 27 59 1.0
27 16 4 27 63 1.0
27 17 1 27 60 1.0
27 18 1 27 54 1.0
27 19 2 27 52 1.0
27 20 6 27 57 1.0
27 21 7 27 58 1.0
27 22 3 27 53 1.0
27 23 3 27 53 1.0
27 24 17 27 63 1.0
27 25 16 27 62 1.0
27 26 23 27 34 1.0
27 28 2 27 52 1.0
27 29 23 27 34 1.0
27 30 15 27 61 1.0
27 31 3 27 53 1.0
27 32 0 27 32 1.0
27 33 0 27 33 1.0
27 34 0 27 34 1.0
27 35 0 27 35 1.0
27 36 0 27 36 1.0
27 37 0 27 37 1.0
27 38 46 27 59 1.0
27 39 83 27 65 1.0
27 40 83 27 65 1.0
27 41 48 27 60 1.0
27 42 70 27 63 1.0
27 43 16 27 2 1.0
27 44 62 27 62 1.0
27 45 17 27 54 1.0
27 46 16 27 54 1.0
27 47 44 27 57 1.0
27 48 29 27 53 1.0
27 49 41 27 56 1.0
27 50 34 27 55 1.0
27 51 7 27 0 1.0
27 52 9 27 33 1.0
27 53 0 27 53 1.0
27 54 0 27 54 1.0
27 55 0 27 55 1.0
27 56 0 27 56 1.0
27 57 0 27 57 1.0
27 58 0 27 58 1.0
27 59 5 27 35 1.0
27 60 5 27 35 1.0
27 61 0 27 61 1.0
27 62 0 27 62 1.0
27 63 0 27 63 1.0
27 64 0 27 64 1.0
27 65 3 27 33 1.0
27 66 113 27 35 1.0
27 67 71 27 64 1.0
27 68 38 27 62 1.0
27 69 60 27 64 1.0
27 70 118 27 36 1.0
27 71 100 27 33 1.0
27 72 98 27 33 1.0
27 73 1 27 1 1.0
27 74 2 27 2 1.0
27 75 2 27 2 1.0
27 76 5 27 5 1.0
27 77 2 27 2 1.0
27 78 0 27 0 1.0
27 79 1 27 1 1.0
28 1 0 28 1 1.0
28 2 6 28 57 1.0
28 4 4 28 55 1.0
28 7 1 28 60 1.0
28 8 4 28 63 1.0
28 9 13 28 37 1.0
28 10 2 28 61 1.0
28 11 12 28 36 1.0
28 12 2 28 61 1.0
28 13 2 28 61 1.0
28 14 5 28 64 1.0
28 15 5 28 64 1.0
28 16 5 28 64 1.0
28 17 1 28 60 1.0
28 18 9 28 2 1.0
28 19 8 28 1 1.0
28 21 8 28 1 1.0
28 22 2 28 52 1.0
28 25 18 28 64 1.0
28 26 7 28 58 1.0
28 27 23 28 34 1.0
28 29 19 28 65 1.0
28 32 0 28 32 1.0
28 33 8 28 59 1.0
28 34 4 28 55 1.0
28 36 4 28 55 1.0
28 37 4 28 55 1.0
28 39 69 28 63 1.0
28 40 9 28 1 1.0
28 41 17 28 2 1.0
28 44 56 28 61 1.0
28 45 40 28 56 1.0
28 46 14 28 54 1.0
28 49 40 28 56 1.0
28 50 17 28 54 1.0
28 51 47 28 57 1.0
28 52 0 28 52 1.0
28 53 0 28 53 1.0
28 54 0 28 54 1.0
28 55 0 28 55 1.0
28 56 0 28 56 1.0
28 57 0 28 57 1.0
28 58 0 28 58 1.0
28 59 0 28 59 1.0
28 60 5 28 35 1.0
28 61 1 28 31 1.0
28 62 0 28 62 1.0
28 63 0 28 63 1.0
28 64 0 28 64 1.0
28 65 2 28 32 1.0
28 66 1 28 59 1.0
28 67 12 28 60 1.0
28 68 116 28 36 1.0
28 69 119 28 36 1.0
28 72 26 28 61 1.0
28 73 0 28 0 1.0
28 74 4 28 4 1.0
28 75 4 28 4 1.0
28 77 4 28 4 1.0
28 78 1 28 1 1.0
28 79 1 28 1 1.0
29 0 0 29 0 1.0
29 1 6 29 57 1.0
29 2 0 29 2 1.0
29 3 0 29 3 1.0
29 4 0 29 4 1.0
29 5 0 29 5 0.453125
29 5 7 29 58 0.546875
29 6 2 29 61 1.0
29 7 5 29 64 1.0
29 8 5 29 64 1.0
29 9 3 29 62 0.640625
29 9 9 29 33 0.359375
29 10 10 29 34 1.0
29 13 4 29 63 1.0
29 14 0 29 59 1.0
29 15 1 29 60 1.0
29 17 0 29 59 1.0
29 19 8 29 1 1.0
29 20 0 29 0 1.0
29 21 6 29 57 1.0
29 23 9 29 2 1.0
29 24 22 29 33 1.0
29 25 25 29 36 1.0
29 26 13 29 59 1.0
29 27 2 29 52 1.0
29 28 25 29 36 1.0
29 30 1 29 54 1.0
29 31 0 29 31 1.0
29 32 0 29 32 1.0
29 33 0 29 33 1.0
29 34 0 29 34 1.0
29 36 0 29 36 1.0
29 37 6 29 57 1.0
29 38 57 29 61 1.0
29 40 28 29 4 1.0
29 41 80 29 65 1.0
29 42 82 29 65 1.0
29 43 55 29 61 1.0
29 44 37 29 5 1.0
29 45 53 29 58 1.0
29 46 32 29 55 1.0
29 47 44 29 57 1.0
29 48 36 29 55 1.0
29 49 41 29 56 1.0
29 50 50 29 58 1.0
29 51 46 29 57 1.0
29 52 13 29 37 1.0
29 53 0 29 53 1.0
29 54 0 29 54 1.0
29 55 0 29 55 1.0
29 56 0 29 56 1.0
29 57 0 29 57 1.0
29 58 0 29 58 1.0
29 59 0 29 59 1.0
29 62 3 29 33 1.0
29 63 0 29 63 1.0
29 64 0 29 64 1.0
29 65 0 29 65 1.0
29 66 107 29 34 1.0
29 67 119 29 36 1.0
29 68 94 29 32 1.0
29 69 118 29 36 1.0
29 70 60 29 64 1.0
29 71 4 29 59 1.0
29 72 124 29 37 1.0
29 73 2 29 2 1.0
29 74 2 29 2 1.0
29 75 1 29 1 1.0
29 77 2 29 2 1.0
29 78 3 29 3 1.0
29 79 2 29 2 1.0
30 0 1 30 54 1.0
30 1 0 30 1 0.328125
30 1 2 30 52 0.671875
30 2 3 30 53 1.0
30 3 0 30 3 0.359375
30 3 4 30 55 0.640625
30 4 0 30 4 1.0
30 5 0 30 5 1.0
30 6 10 30 34 1.0
30 7 6 30 65 0.84375
30 7 10 30 34 0.15625
30 8 11 30 35 1.0
30 9 5 30 64 1.0
30 10 3 30 62 1.0
30 14 1 30 60 1.0
30 15 1 30 60 1.0
30 16 6 30 65 1.0
30 19 5 30 56 1.0
30 20 5 30 56 1.0
30 23 6 30 57 1.0
30 24 26 30 37 1.0
30 25 2 30 52 0.890625
30 25 15 30 61 0.109375
30 26 7 30 58 1.0
30 27 22 30 33 1.0
30 29 22 30 33 1.0
30 31 0 30 31 0.828125
30 31 8 30 59 0.171875
30 32 0 30 32 1.0
30 39 59 30 61 1.0
30 40 48 30 60 1.0
30 41 45 30 59 1.0
30 42 44 30 59 0.375
30 42 60 30 62 0.625
30 44 70 30 63 1.0
30 45 49 30 58 1.0
30 48 52 30 58 1.0
30 50 18 30 54 1.0
30 51 41 30 56 1.0
30 53 11 30 35 1.0
30 54 8 30 32 1.0
30 57 4 30 3 1.0
30 58 0 30 58 1.0
30 63 3 30 33 1.0
30 64 3 30 33 1.0
30 65 0 30 65 1.0
30 67 16 30 60 1.0
30 68 115 30 36 1.0
30 69 61 30 64 1.0
30 70 32 30 61 1.0
30 71 104 30 34 0.09375
30 71 112 30 35 0.46875
30 71 119 30 36 0.4375
30 72 13 30 60 1.0
30 73 0 30 0 0.640625
30 73 1 30 1 0.359375
30 74 2 30 2 1.0
30 77 1 30 1 1.0
30 78 2 30 2 1.0
30 79 1 30 1 1.0
31 0 11 31 56 1.0
31 1 0 31 25 1.0
31 2 1 31 24 1.0
31 3 0 31 25 0.546875
31 3 3 31 27 0.453125
31 4 2 31 26 1.0
31 5 4 31 54 0.015625
31 5 8 31 52 0.984375
31 6 0 31 6 1.0
31 7 5 31 63 1.0
31 9 0 31 9 0.375
31 9 1 31 59 0.625
31 10 0 31 10 1.0
31 14 1 31 60 1.0
31 15 12 31 11 1.0
31 19 2 31 53 0.40625
31 19 6 31 58 0.59375
31 20 0 31 54 1.0
31 21 5 31 57 1.0
31 23 0 31 54 1.0
31 24 0 31 24 0.734375
31 24 9 31 60 0.265625
31 25 0 31 25 0.25
31 25 11 31 62 0.515625
31 25 13 31 64 0.234375
31 26 8 31 59 1.0
31 27 0 31 27 1.0
31 29 0 31 29 1.0
31 30 0 31 30 0.75
31 30 2 31 52 0.25
31 32 15 31 60 0.4375
31 32 16 31 61 0.5625
31 34 24 31 9 1.0
31 39 103 31 10 1.0
31 40 59 31 7 1.0
31 41 18 31 62 1.0
31 42 34 31 64 1.0
31 44 41 31 65 0.421875
31 44 113 31 11 0.578125
31 45 56 31 8 1.0
31 50 48 31 6 1.0
31 51 21 31 55 1.0
31 53 0 31 53 1.0
31 54 5 31 28 1.0
31 55 3 31 26 1.0
31 56 6 31 29 1.0
31 57 0 31 57 1.0
31 58 0 31 58 1.0
31 62 0 31 62 1.0
31 63 0 31 63 1.0
31 64 0 31 64 1.0
31 65 0 31 65 1.0
31 67 1 31 7 1.0
31 68 4 31 10 1.0
31 69 1 31 7 1.0
31 70 5 31 11 1.0
31 71 3 31 9 1.0
31 72 0 31 6 1.0
31 73 104 31 57 1.0
31 74 84 31 55 1.0
31 77 13 31 26 1.0
31 78 103 31 57 1.0
31 79 43 31 29 1.0
32 0 3 32 27 1.0
32 1 1 32 24 1.0
32 2 4 32 54 1.0
32 3 6 32 29 1.0
32 4 1 32 24 1.0
32 5 10 32 55 1.0
32 6 7 32 65 1.0
32 7 0 32 7 1.0
32 8 0 32 8 1.0
32 9 6 32 64 1.0
32 10 0 32 10 1.0
32 12 6 32 65 1.0
32 13 6 32 65 1.0
32 14 1 32 60 1.0
32 15 2 32 61 1.0
32 16 8 32 7 1.0
32 17 12 32 11 1.0
32 18 3 32 55 1.0
32 19 2 32 53 1.0
32 20 2 32 53 1.0
32 21 5 32 57 1.0
32 22 4 32 56 1.0
32 23 2 32 53 1.0
32 24 0 32 24 1.0
32 25 0 32 25 1.0
32 26 0 32 26 1.0
32 27 0 32 27 1.0
32 28 0 32 28 0.328125
32 28 2 32 52 0.671875
32 29 0 32 29 1.0
32 30 11 32 62 1.0
32 31 5 32 28 0.546875
32 31 14 32 59 0.453125
32 33 0 32 25 1.0
32 34 5 32 28 1.0
32 35 0 32 25 1.0
32 36 15 32 60 1.0
32 37 10 32 55 1.0
32 38 76 32 8 1.0
32 39 1 32 59 1.0
32 40 102 32 10 1.0
32 41 105 32 10 1.0
32 42 94 32 10 1.0
32 43 14 32 61 1.0
32 44 1 32 59 1.0
32 45 6 32 52 1.0
32 46 59 32 8 1.0
32 47 83 32 11 1.0
32 49 79 32 11 1.0
32 50 48 32 6 1.0
32 51 39 32 58 1.0
32 52 3 32 26 1.0
32 53 0 32 53 1.0
32 54 0 32 54 1.0
32 55 3 32 26 1.0
32 56 0 32 56 1.0
32 57 0 32 57 1.0
32 58 0 32 58 1.0
32 59 10 32 8 1.0
32 60 0 32 60 1.0
32 61 9 32 7 1.0
32 62 0 32 62 1.0
32 63 0 32 63 1.0
32 64 0 32 64 1.0
32 65 0 32 65 1.0
32 66 2 32 8 1.0
32 67 2 32 8 1.0
32 68 1 32 7 1.0
32 69 4 32 10 1.0
32 70 0 32 6 1.0
32 71 5 32 11 1.0
32 72 2 32 8 1.0
32 73 49 32 30 1.0
32 74 83 32 55 1.0
32 75 95 32 56 1.0
32 76 2 32 25 1.0
32 77 87 32 55 1.0
32 78 102 32 57 1.0
32 79 2 32 25 1.0
33 0 2 33 26 1.0
33 1 6 33 29 1.0
33 6 1 33 59 1.0
33 7 4 33 62 1.0
33 8 0 33 8 1.0
33 9 0 33 9 1.0
33 10 0 33 10 1.0
33 11 4 33 62 1.0
33 12 3 33 62 1.0
33 13 6 33 65 1.0
33 14 2 33 61 1.0
33 15 6 33 65 1.0
33 16 11 33 10 1.0
33 17 6 33 65 1.0
33 18 3 33 55 1.0
33 19 4 33 56 1.0
33 20 4 33 56 1.0
33 21 6 33 58 1.0
33 22 0 33 54 1.0
33 23 3 33 55 1.0
33 24 2 33 52 1.0
33 25 10 33 61 1.0
33 26 0 33 26 1.0
33 27 3 33 53 1.0
33 28 0 33 28 1.0
33 29 1 33 54 1.0
33 30 6 33 57 1.0
33 32 5 33 28 1.0
33 34 1 33 24 1.0
33 35 17 33 62 1.0
33 36 24 33 9 1.0
33 37 16 33 61 1.0
33 38 6 33 60 1.0
33 39 9 33 60 1.0
33 40 8 33 60 1.0
33 41 36 33 65 1.0
33 43 13 33 61 1.0
33 44 113 33 11 1.0
33 45 36 33 58 1.0
33 46 36 33 58 1.0
33 47 36 33 58 1.0
33 48 66 33 9 1.0
33 49 79 33 11 1.0
33 50 10 33 52 1.0
33 51 24 33 56 1.0
33 52 4 33 27 1.0
33 53 4 33 27 1.0
33 54 0 33 54 1.0
33 55 5 33 28 1.0
33 56 0 33 56 1.0
33 57 0 33 57 1.0
33 58 0 33 58 1.0
33 59 0 33 59 1.0
33 60 0 33 60 1.0
33 61 0 33 61 1.0
33 62 0 33 62 1.0
33 63 0 33 63 1.0
33 64 0 33 64 1.0
33 65 0 33 65 1.0
33 66 2 33 8 1.0
33 67 4 33 10 1.0
33 68 1 33 7 1.0
33 69 3 33 9 1.0
33 70 2 33 8 1.0
33 72 4 33 10 1.0
33 73 37 33 28 1.0
33 74 40 33 28 1.0
33 75 86 33 55 1.0
33 76 70 33 53 1.0
33 77 14 33 26 1.0
33 78 106 33 57 1.0
33 79 83 33 55 1.0
34 0 2 34 26 1.0
34 1 9 34 53 1.0
34 2 0 34 25 1.0
34 3 10 34 55 1.0
34 6 1 34 59 1.0
34 7 1 34 59 1.0
34 8 0 34 8 1.0
34 11 4 34 62 1.0
34 12 1 34 60 1.0
34 13 11 34 10 1.0
34 14 3 34 62 1.0
34 15 8 34 7 1.0
34 16 12 34 11 1.0
34 17 3 34 62 1.0
34 18 0 34 54 1.0
34 19 0 34 54 1.0
34 20 3 34 55 1.0
34 21 2 34 53 1.0
34 22 2 34 53 1.0
34 23 5 34 57 1.0
34 25 4 34 55 1.0
34 26 0 34 26 1.0
34 27 0 34 27 1.0
34 28 0 34 28 1.0
34 29 2 34 52 1.0
34 31 25 34 10 1.0
34 32 26 34 11 1.0
34 33 15 34 60 1.0
34 35 12 34 57 1.0
34 36 3 34 27 1.0
34 37 15 34 60 1.0
34 38 13 34 61 1.0
34 39 69 34 8 1.0
34 40 86 34 9 1.0
34 41 24 34 63 1.0
34 42 15 34 61 1.0
34 43 65 34 7 1.0
34 44 54 34 6 1.0
34 45 27 34 56 1.0
34 46 67 34 9 1.0
34 47 70 34 10 1.0
34 48 3 34 54 1.0
34 49 9 34 52 1.0
34 50 21 34 55 1.0
34 51 19 34 55 1.0
34 52 6 34 29 1.0
34 53 0 34 53 1.0
34 54 0 34 54 1.0
34 55 0 34 55 1.0
34 56 0 34 56 1.0
34 57 0 34 57 1.0
34 58 5 34 28 1.0
34 59 4 34 27 1.0
34 60 0 34 60 1.0
34 61 0 34 61 1.0
34 62 0 34 62 1.0
34 63 0 34 63 1.0
34 64 0 34 64 1.0
34 65 0 34 65 1.0
34 66 1 34 7 1.0
34 67 4 34 10 1.0
34 68 4 34 10 1.0
34 69 1 34 7 1.0
34 70 5 34 11 1.0
34 71 0 34 6 1.0
34 72 2 34 8 1.0
34 73 1 34 25 1.0
34 74 86 34 55 1.0
34 75 20 34 27 1.0
34 76 88 34 55 1.0
34 77 31 34 54 1.0
34 78 61 34 52 1.0
34 79 78 34 55 1.0
35 0 3 35 27 1.0
35 1 5 35 28 1.0
35 2 8 35 52 1.0
35 3 10 35 55 1.0
35 7 5 35 63 1.0
35 8 0 35 8 1.0
35 9 0 35 9 1.0
35 12 2 35 61 1.0
35 13 0 35 59 1.0
35 14 1 35 60 1.0
35 15 2 35 61 1.0
35 18 1 35 52 1.0
35 20 5 35 57 1.0
35 22 5 35 57 1.0
35 25 4 35 55 1.0
35 26 0 35 26 1.0
35 27 0 35 27 0.546875
35 27 8 35 59 0.453125
35 28 3 35 53 1.0
35 32 6 35 29 1.0
35 33 11 35 56 1.0
35 34 16 35 61 1.0
35 36 13 35 58 1.0
35 37 12 35 57 1.0
35 39 86 35 9 1.0
35 40 5 35 59 1.0
35 41 119 35 11 1.0
35 43 0 35 59 1.0
35 44 38 35 65 1.0
35 45 30 35 57 1.0
35 46 73 35 10 1.0
35 50 78 35 11 1.0
35 51 38 35 58 1.0
35 52 3 35 26 1.0
35 53 3 35 26 1.0
35 54 0 35 54 1.0
35 55 0 35 55 1.0
35 56 0 35 56 1.0
35 57 0 35 57 1.0
35 58 0 35 58 1.0
35 59 6 35 29 1.0
35 61 4 35 27 1.0
35 62 5 35 28 1.0
35 63 0 35 63 1.0
35 64 0 35 64 1.0
35 65 0 35 65 1.0
35 66 1 35 7 1.0
35 67 2 35 8 1.0
35 68 4 35 10 1.0
35 69 5 35 11 1.0
35 70 2 35 8 1.0
35 71 5 35 11 1.0
35 72 5 35 11 1.0
35 74 88 35 55 1.0
35 77 35 35 54 1.0
35 78 20 35 27 1.0
35 79 23 35 27 1.0
36 1 3 36 27 1.0
36 2 7 36 30 1.0
36 4 2 36 26 1.0
36 6 3 36 61 1.0
36 7 2 36 60 1.0
36 8 4 36 62 1.0
36 9 2 36 60 1.0
36 10 1 36 59 1.0
36 11 0 36 11 1.0
36 12 5 36 64 1.0
36 13 9 36 8 1.0
36 14 3 36 62 1.0
36 15 3 36 62 1.0
36 16 9 36 8 1.0
36 17 6 36 65 1.0
36 18 4 36 56 1.0
36 19 3 36 55 1.0
36 20 3 36 55 1.0
36 21 3 36 55 1.0
36 22 3 36 55 1.0
36 23 6 36 58 1.0
36 24 0 36 24 1.0
36 25 4 36 55 1.0
36 26 0 36 26 1.0
36 27 0 36 27 1.0
36 28 5 36 56 1.0
36 29 2 36 52 1.0
36 32 26 36 11 1.0
36 33 8 36 52 1.0
36 34 19 36 64 1.0
36 35 14 36 59 1.0
36 37 23 36 8 1.0
36 38 40 36 65 1.0
36 39 22 36 62 1.0
36 40 4 36 59 1.0
36 41 25 36 63 1.0
36 43 22 36 62 1.0
36 44 5 36 59 1.0
36 45 28 36 56 1.0
36 46 83 36 11 1.0
36 47 49 36 7 1.0
36 48 18 36 55 1.0
36 49 36 36 58 1.0
36 50 24 36 56 1.0
36 51 4 36 54 1.0
36 52 0 36 52 1.0
36 53 0 36 53 1.0
36 54 0 36 54 1.0
36 55 5 36 28 1.0
36 56 0 36 56 1.0
36 57 4 36 27 1.0
36 58 0 36 58 1.0
36 59 0 36 59 1.0
36 60 5 36 28 1.0
36 61 0 36 61 1.0
36 62 0 36 62 1.0
36 63 0 36 63 1.0
36 64 0 36 64 1.0
36 65 0 36 65 1.0
36 66 4 36 10 1.0
36 67 3 36 9 1.0
36 68 3 36 9 1.0
36 69 1 36 7 1.0
36 70 2 36 8 1.0
36 72 4 36 10 1.0
36 73 14 36 26 1.0
36 74 118 36 58 1.0
36 75 14 36 26 1.0
36 76 56 36 52 1.0
36 77 29 36 54 1.0
36 78 67 36 53 1.0
36 79 55 36 52 1.0
37 0 1 37 24 1.0
37 1 13 37 58 1.0
37 2 11 37 56 1.0
37 5 8 37 52 1.0
37 7 7 37 65 1.0
37 8 0 37 8 1.0
37 9 4 37 62 1.0
37 10 1 37 59 1.0
37 11 2 37 60 1.0
37 12 5 37 64 1.0
37 13 11 37 10 1.0
37 14 1 37 60 1.0
37 15 9 37 8 1.0
37 16 2 37 61 1.0
37 17 0 37 59 1.0
37 18 0 37 54 1.0
37 20 6 37 58 1.0
37 21 3 37 55 1.0
37 22 6 37 58 1.0
37 23 0 37 54 1.0
37 24 0 37 24 1.0
37 25 7 37 58 1.0
37 26 5 37 56 1.0
37 27 10 37 61 1.0
37 28 3 37 53 1.0
37 29 0 37 29 1.0
37 32 15 37 60 1.0
37 33 6 37 29 1.0
37 34 10 37 55 1.0
37 35 13 37 58 1.0
37 36 23 37 8 1.0
37 38 5 37 59 1.0
37 39 20 37 62 1.0
37 40 38 37 65 1.0
37 41 16 37 61 1.0
37 42 16 37 61 1.0
37 43 8 37 60 1.0
37 44 39 37 65 1.0
37 45 31 37 57 1.0
37 46 50 37 7 1.0
37 47 81 37 11 1.0
37 48 21 37 55 1.0
37 49 32 37 57 1.0
37 50 82 37 11 1.0
37 51 54 37 7 1.0
37 52 4 37 27 1.0
37 53 3 37 26 1.0
37 54 0 37 54 1.0
37 55 3 37 26 1.0
37 56 0 37 56 1.0
37 57 0 37 57 1.0
37 58 3 37 26 1.0
37 59 0 37 59 1.0
37 60 0 37 60 1.0
37 61 0 37 61 1.0
37 62 0 37 62 1.0
37 63 0 37 63 1.0
37 64 0 37 64 1.0
37 65 0 37 65 1.0
37 66 2 37 8 1.0
37 67 1 37 7 1.0
37 68 5 37 11 1.0
37 69 2 37 8 1.0
37 70 2 37 8 1.0
37 71 2 37 8 1.0
37 72 2 37 8 1.0
37 73 25 37 54 1.0
37 74 28 37 54 1.0
37 75 30 37 54 1.0
37 76 110 37 57 1.0
37 77 55 37 52 1.0
37 78 93 37 56 1.0
37 79 44 37 29 1.0
38 0 6 38 79 1.0
38 1 2 38 75 1.0
38 2 4 38 77 1.0
38 4 6 38 79 1.0
38 6 0 38 16 1.0
38 7 1 38 12 1.0
38 9 2 38 13 1.0
38 10 1 38 12 1.0
38 12 2 38 67 1.0
38 13 4 38 69 1.0
38 14 2 38 67 1.0
38 15 0 38 15 1.0
38 17 0 38 17 1.0
38 18 2 38 75 1.0
38 20 13 38 51 1.0
38 22 5 38 78 1.0
38 24 51 38 12 1.0
38 25 81 38 17 1.0
38 26 78 38 17 1.0
38 27 69 38 14 1.0
38 28 32 38 78 1.0
38 29 30 38 78 1.0
38 32 86 38 67 1.0
38 34 105 38 70 1.0
38 35 97 38 69 1.0
38 36 86 38 67 1.0
38 39 16 38 13 1.0
38 40 8 38 45 1.0
38 41 10 38 47 1.0
38 46 0 38 46 1.0
38 47 3 38 75 1.0
38 50 10 38 68 1.0
38 51 5 38 77 1.0
38 52 89 38 45 1.0
38 53 29 38 75 1.0
38 54 65 38 78 1.0
38 55 67 38 78 1.0
38 56 68 38 78 1.0
38 57 60 38 78 1.0
38 58 87 38 45 1.0
38 60 1 38 12 1.0
38 61 5 38 17 1.0
38 62 2 38 13 1.0
38 63 2 38 13 1.0
38 64 3 38 14 1.0
38 65 2 38 13 1.0
38 66 11 38 14 1.0
38 67 0 38 67 1.0
38 68 0 38 68 1.0
38 69 0 38 69 1.0
38 70 0 38 70 1.0
38 73 0 38 73 1.0
38 74 0 38 74 1.0
38 75 4 38 48 1.0
38 76 0 38 76 1.0
38 77 0 38 77 1.0
38 78 0 38 78 1.0
38 79 3 38 47 1.0
39 1 5 39 78 1.0
39 2 6 39 79 1.0
39 3 2 39 75 1.0
39 8 4 39 15 1.0
39 9 12 39 72 1.0
39 10 1 39 12 1.0
39 11 0 39 16 1.0
39 12 5 39 70 1.0
39 13 5 39 70 1.0
39 14 0 39 14 1.0
39 15 0 39 15 1.0
39 17 7 39 72 1.0
39 18 1 39 74 1.0
39 19 2 39 75 1.0
39 22 3 39 76 1.0
39 23 5 39 78 1.0
39 24 58 39 13 1.0
39 25 30 39 78 1.0
39 26 52 39 12 1.0
39 27 43 39 16 1.0
39 28 62 39 13 1.0
39 29 14 39 75 1.0
39 34 3 39 16 1.0
39 36 88 39 67 1.0
39 37 50 39 14 1.0
39 38 10 39 47 1.0
39 40 12 39 49 1.0
39 41 22 39 68 1.0
39 43 11 39 48 1.0
39 44 3 39 76 1.0
39 45 11 39 69 1.0
39 48 3 39 75 1.0
39 49 0 39 49 1.0
39 50 0 39 50 1.0
39 51 0 39 51 1.0
39 52 90 39 46 1.0
39 53 116 39 50 1.0
39 54 114 39 50 1.0
39 55 106 39 48 1.0
39 56 90 39 46 1.0
39 57 120 39 51 1.0
39 58 99 39 47 1.0
39 59 0 39 16 1.0
39 60 0 39 16 1.0
39 61 5 39 17 1.0
39 62 4 39 15 1.0
39 63 0 39 16 1.0
39 64 0 39 16 1.0
39 65 5 39 17 1.0
39 66 0 39 66 1.0
39 67 0 39 67 1.0
39 68 0 39 68 1.0
39 69 0 39 69 1.0
39 71 10 39 13 1.0
39 72 0 39 72 1.0
39 74 5 39 49 1.0
39 75 1 39 45 1.0
39 76 0 39 76 1.0
39 77 0 39 77 1.0
39 78 0 39 78 1.0
39 79 0 39 79 1.0
40 0 6 40 79 1.0
40 1 3 40 76 1.0
40 2 5 40 78 1.0
40 3 6 40 79 1.0
40 4 0 40 73 1.0
40 5 3 40 76 1.0
40 6 2 40 13 1.0
40 7 11 40 71 1.0
40 8 12 40 72 1.0
40 9 3 40 14 1.0
40 10 0 40 16 1.0
40 11 4 40 15 1.0
40 12 0 40 12 1.0
40 13 0 40 13 1.0
40 14 3 40 68 1.0
40 15 0 40 15 1.0
40 16 5 40 70 1.0
40 17 0 40 17 1.0
40 18 6 40 79 1.0
40 19 9 40 47 1.0
40 20 5 40 78 1.0
40 21 7 40 45 1.0
40 22 6 40 79 1.0
40 23 7 40 45 1.0
40 24 17 40 75 1.0
40 25 79 40 17 1.0
40 26 58 40 13 1.0
40 27 36 40 79 1.0
40 28 79 40 17 1.0
40 29 41 40 79 1.0
40 30 7 40 74 1.0
40 31 88 40 67 1.0
40 32 80 40 66 1.0
40 33 119 40 72 1.0
40 34 109 40 71 1.0
40 35 114 40 72 1.0
40 36 28 40 13 1.0
40 37 95 40 68 1.0
40 38 8 40 45 1.0
40 39 20 40 66 1.0
40 41 22 40 68 1.0
40 42 14 40 51 1.0
40 43 2 40 75 1.0
40 44 25 40 71 1.0
40 45 0 40 45 1.0
40 46 0 40 46 0.65625
40 46 3 40 75 0.34375
40 47 0 40 47 1.0
40 48 0 40 48 1.0
40 49 0 40 49 1.0
40 50 0 40 50 1.0
40 51 0 40 51 1.0
40 52 8 40 73 1.0
40 53 102 40 48 1.0
40 54 93 40 46 1.0
40 55 86 40 45 1.0
40 56 32 40 75 1.0
40 57 1 40 73 1.0
40 58 8 40 73 1.0
40 59 0 40 16 1.0
40 60 1 40 12 1.0
40 61 0 40 16 1.0
40 62 1 40 12 1.0
40 63 2 40 13 1.0
40 64 4 40 15 1.0
40 65 4 40 15 1.0
40 66 2 40 45 1.0
40 67 0 40 67 1.0
40 68 0 40 68 1.0
40 69 0 40 69 1.0
40 70 0 40 70 1.0
40 71 10 40 13 1.0
40 72 0 40 72 1.0
40 73 0 40 73 1.0
40 74 0 40 74 1.0
40 75 0 40 75 1.0
40 76 0 40 76 1.0
40 77 5 40 49 1.0
40 78 1 40 45 1.0
40 79 1 40 45 1.0
41 0 2 41 75 1.0
41 1 1 41 74 1.0
41 2 6 41 79 1.0
41 3 3 41 76 1.0
41 4 1 41 74 1.0
41 5 3 41 76 1.0
41 6 1 41 12 1.0
41 7 2 41 13 1.0
41 8 9 41 69 1.0
41 9 3 41 14 1.0
41 10 3 41 14 1.0
41 11 10 41 70 1.0
41 12 0 41 12 1.0
41 13 7 41 72 1.0
41 14 3 41 68 1.0
41 15 4 41 69 1.0
41 16 0 41 16 1.0
41 17 0 41 17 1.0
41 18 5 41 78 1.0
41 19 5 41 78 1.0
41 20 0 41 73 1.0
41 21 5 41 78 1.0
41 22 10 41 48 1.0
41 23 13 41 51 1.0
41 24 45 41 16 1.0
41 25 56 41 13 1.0
41 26 2 41 73 1.0
41 27 25 41 77 1.0
41 28 17 41 75 1.0
41 29 12 41 75 1.0
41 30 54 41 12 1.0
41 31 92 41 68 1.0
41 32 119 41 72 1.0
41 33 2 41 16 1.0
41 34 108 41 71 1.0
41 35 58 41 15 1.0
41 36 33 41 13 1.0
41 37 110 41 71 1.0
41 38 15 41 12 1.0
41 39 15 41 12 1.0
41 40 23 41 69 1.0
41 42 9 41 46 0.34375
41 42 10 41 47 0.359375
41 42 26 41 72 0.296875
41 43 19 41 17 1.0
41 44 12 41 49 1.0
41 45 0 41 45 1.0
41 46 0 41 46 1.0
41 47 0 41 47 1.0
41 48 0 41 48 1.0
41 49 0 41 49 1.0
41 50 8 41 66 1.0
41 51 14 41 72 1.0
41 52 79 41 79 1.0
41 53 124 41 51 1.0
41 54 123 41 51 1.0
41 55 90 41 46 1.0
41 56 123 41 51 1.0
41 57 1 41 73 1.0
41 58 1 41 73 1.0
41 59 3 41 14 1.0
41 60 5 41 17 1.0
41 61 5 41 17 1.0
41 62 4 41 15 1.0
41 63 5 41 17 1.0
41 64 4 41 15 1.0
41 65 0 41 16 1.0
41 67 0 41 67 1.0
41 68 13 41 17 1.0
41 69 0 41 69 1.0
41 70 0 41 70 1.0
41 71 0 41 71 1.0
41 72 13 41 17 1.0
41 73 0 41 73 1.0
41 74 0 41 74 1.0
41 75 0 41 75 1.0
41 76 5 41 49 1.0
41 77 0 41 77 1.0
41 78 0 41 78 1.0
41 79 1 41 45 1.0
42 0 3 42 76 1.0
42 1 0 42 73 1.0
42 2 0 42 73 1.0
42 3 0 42 73 0.453125
42 3 3 42 76 0.546875
42 4 0 42 73 0.09375
42 4 6 42 79 0.90625
42 5 5 42 78 1.0
42 6 4 42 15 1.0
42 7 6 42 66 1.0
42 8 10 42 70 1.0
42 9 3 42 14 1.0
42 10 10 42 70 1.0
42 14 0 42 14 1.0
42 15 1 42 66 1.0
42 16 1 42 66 1.0
42 19 0 42 73 1.0
42 20 12 42 50 1.0
42 23 10 42 48 1.0
42 24 38 42 79 1.0
42 25 5 42 73 0.015625
42 25 12 42 75 0.875
42 25 30 42 78 0.109375
42 26 61 42 13 1.0
42 27 64 42 14 1.0
42 29 2 42 73 1.0
42 30 48 42 16 1.0
42 31 67 42 17 1.0
42 32 29 42 13 1.0
42 34 2 42 16 1.0
42 35 80 42 66 1.0
42 39 1 42 74 1.0
42 40 24 42 70 1.0
42 41 9 42 46 0.46875
42 41 21 42 67 0.3125
42 41 23 42 69 0.21875
42 43 10 42 47 1.0
42 44 11 42 48 0.515625
42 44 22 42 68 0.484375
42 45 0 42 45 0.5625
42 45 3 42 75 0.4375
42 46 0 42 46 1.0
42 50 5 42 77 1.0
42 51 0 42 51 1.0
42 53 25 42 75 1.0
42 54 36 42 76 1.0
42 55 16 42 74 1.0
42 56 20 42 74 1.0
42 57 85 42 45 1.0
42 58 124 42 51 1.0
42 62 3 42 14 1.0
42 63 5 42 17 1.0
42 64 2 42 13 1.0
42 65 3 42 14 1.0
42 66 12 42 15 1.0
42 67 4 42 47 1.0
42 68 7 42 50 1.0
42 69 8 42 51 1.0
42 70 0 42 70 1.0
42 71 0 42 71 0.984375
42 71 6 42 49 0.015625
42 72 0 42 72 1.0
42 73 5 42 49 1.0
42 74 0 42 74 1.0
42 77 0 42 77 1.0
42 78 0 42 78 1.0
42 79 7 42 51 1.0
43 1 3 43 76 1.0
43 2 6 43 79 1.0
43 3 4 43 77 1.0
43 6 3 43 14 1.0
43 8 5 43 17 1.0
43 9 3 43 14 1.0
43 10 12 43 72 1.0
43 11 8 43 68 1.0
43 14 4 43 69 1.0
43 15 0 43 15 1.0
43 16 7 43 72 1.0
43 17 4 43 69 1.0
43 18 2 43 75 1.0
43 19 1 43 74 1.0
43 20 6 43 79 1.0
43 25 42 43 16 1.0
43 26 22 43 76 1.0
43 27 4 43 73 1.0
43 28 20 43 76 1.0
43 29 58 43 13 1.0
43 30 54 43 12 1.0
43 32 55 43 15 1.0
43 34 26 43 13 1.0
43 35 14 43 12 1.0
43 36 98 43 69 1.0
43 37 54 43 15 1.0
43 40 24 43 70 1.0
43 41 14 43 51 1.0
43 42 21 43 67 1.0
43 48 7 43 79 1.0
43 50 0 43 50 1.0
43 51 0 43 51 1.0
43 53 29 43 75 1.0
43 54 73 43 79 1.0
43 55 111 43 49 1.0
43 56 22 43 74 1.0
43 57 60 43 78 1.0
43 58 96 43 47 1.0
43 60 4 43 15 1.0
43 61 3 43 14 1.0
43 62 5 43 17 1.0
43 63 0 43 16 1.0
43 64 1 43 12 1.0
43 65 2 43 13 1.0
43 66 0 43 66 1.0
43 67 0 43 67 1.0
43 68 0 43 68 1.0
43 69 0 43 69 1.0
43 75 0 43 75 1.0
43 77 0 43 77 1.0
43 78 6 43 50 1.0
43 79 0 43 79 1.0
44 0 1 44 74 0.140625
44 0 4 44 77 0.859375
44 1 0 44 73 1.0
44 2 2 44 75 1.0
44 3 3 44 76 1.0
44 4 5 44 78 1.0
44 5 1 44 74 1.0
44 6 12 44 72 1.0
44 7 7 44 67 1.0
44 8 0 44 16 1.0
44 9 8 44 68 1.0
44 10 9 44 69 1.0
44 12 1 44 66 1.0
44 14 0 44 14 1.0
44 15 7 44 72 1.0
44 19 11 44 49 1.0
44 20 8 44 46 0.46875
44 20 9 44 47 0.53125
44 21 10 44 48 1.0
44 23 1 44 74 1.0
44 24 52 44 12 0.328125
44 24 71 44 15 0.671875
44 25 55 44 12 1.0
44 26 78 44 17 1.0
44 27 36 44 79 1.0
44 29 20 44 76 1.0
44 30 43 44 16 0.265625
44 30 47 44 16 0.46875
44 30 74 44 15 0.265625
44 31 38 44 13 0.390625
44 31 48 44 14 0.609375
44 32 38 44 13 1.0
44 33 105 44 70 1.0
44 34 95 44 68 1.0
44 35 96 44 69 1.0
44 39 21 44 67 1.0
44 40 2 44 75 1.0
44 41 14 44 51 1.0
44 42 20 44 66 0.8125
44 42 23 44 69 0.1875
44 45 0 44 45 0.5625
44 45 8 44 66 0.296875
44 45 10 44 68 0.140625
44 47 0 44 47 1.0
44 48 0 44 48 1.0
44 50 0 44 50 1.0
44 51 10 44 68 1.0
44 52 114 44 50 1.0
44 53 43 44 76 1.0
44 54 121 44 51 1.0
44 55 114 44 50 1.0
44 56 82 44 79 1.0
44 57 118 44 50 1.0
44 58 86 44 45 1.0
44 59 3 44 14 1.0
44 62 5 44 17 1.0
44 63 5 44 17 1.0
44 64 2 44 13 1.0
44 65 5 44 17 1.0
44 66 5 44 48 1.0
44 67 5 44 48 1.0
44 68 0 44 68 1.0
44 69 12 44 15 1.0
44 70 0 44 70 1.0
44 71 0 44 71 1.0
44 72 0 44 72 1.0
44 73 2 44 46 0.1875
44 73 4 44 48 0.8125
44 74 4 44 48 1.0
44 77 0 44 77 1.0
44 78 0 44 78 1.0
44 79 6 44 50 1.0
45 0 12 45 23 1.0
45 1 0 45 73 1.0
45 2 3 45 76 1.0
45 3 7 45 18 1.0
45 4 4 45 77 1.0
45 5 10 45 21 1.0
45 6 2 45 68 1.0
45 7 4 45 70 1.0
45 8 2 45 68 1.0
45 9 6 45 72 1.0
45 10 0 45 66 1.0
45 11 6 45 72 1.0
45 12 13 45 72 1.0
45 14 13 45 72 1.0
45 15 2 45 40 1.0
45 16 3 45 41 1.0
45 19 0 45 19 1.0
45 20 0 45 20 0.640625
45 20 6 45 78 0.359375
45 21 2 45 74 1.0
45 23 2 45 74 1.0
45 24 30 45 78 0.515625
45 24 102 45 22 0.484375
45 25 56 45 19 1.0
45 26 31 45 78 1.0
45 27 73 45 20 1.0
45 28 19 45 76 1.0
45 29 4 45 73 1.0
45 30 96 45 22 1.0
45 31 71 45 70 1.0
45 32 75 45 71 1.0
45 33 4 45 18 1.0
45 36 70 45 70 1.0
45 37 43 45 66 1.0
45 39 12 45 70 1.0
45 40 0 45 40 1.0
45 41 0 45 41 1.0
45 42 0 45 42 1.0
45 43 12 45 70 1.0
45 44 11 45 69 1.0
45 47 11 45 22 1.0
45 48 16 45 41 1.0
45 50 12 45 23 1.0
45 51 3 45 76 1.0
45 52 0 45 18 1.0
45 53 2 45 20 1.0
45 54 3 45 21 1.0
45 55 0 45 18 1.0
45 56 3 45 21 1.0
45 57 4 45 22 1.0
45 58 0 45 18 1.0
45 59 115 45 72 1.0
45 60 22 45 41 1.0
45 61 15 45 40 1.0
45 62 46 45 66 1.0
45 63 67 45 68 1.0
45 64 34 45 43 1.0
45 65 42 45 66 1.0
45 66 0 45 66 1.0
45 67 0 45 67 1.0
45 68 2 45 39 1.0
45 69 0 45 69 1.0
45 70 6 45 43 1.0
45 71 1 45 38 1.0
45 72 0 45 72 1.0
45 73 0 45 73 1.0
45 74 0 45 74 1.0
45 75 0 45 75 1.0
45 77 0 45 77 1.0
45 78 0 45 78 1.0
45 79 8 45 39 1.0
46 1 6 46 79 1.0
46 4 11 46 22 1.0
46 5 10 46 21 1.0
46 7 0 46 66 1.0
46 8 2 46 68 1.0
46 9 6 46 72 1.0
46 10 0 46 66 1.0
46 11 4 46 70 1.0
46 12 8 46 67 1.0
46 13 2 46 40 1.0
46 14 11 46 70 1.0
46 15 1 46 39 1.0
46 16 8 46 67 1.0
46 18 4 46 76 1.0
46 19 0 46 19 1.0
46 20 1 46 73 1.0
46 21 0 46 21 1.0
46 22 7 46 79 1.0
46 23 5 46 77 1.0
46 24 18 46 76 1.0
46 25 99 46 22 1.0
46 26 34 46 78 1.0
46 27 1 46 73 1.0
46 28 103 46 22 1.0
46 29 97 46 22 1.0
46 32 47 46 66 1.0
46 33 57 46 68 1.0
46 34 12 46 19 1.0
46 35 27 46 21 1.0
46 36 21 46 21 1.0
46 37 9 46 19 1.0
46 38 0 46 38 1.0
46 39 14 46 72 1.0
46 40 0 46 40 1.0
46 41 4 46 76 1.0
46 42 0 46 42 1.0
46 43 4 46 76 1.0
46 44 9 46 67 1.0
46 45 10 46 21 1.0
46 47 21 46 67 1.0
46 48 3 46 76 1.0
46 49 21 46 67 1.0
46 50 22 46 68 1.0
46 51 0 46 73 0.515625
46 51 1 46 74 0.484375
46 52 5 46 23 1.0
46 53 0 46 18 1.0
46 54 5 46 23 1.0
46 55 1 46 19 1.0
46 56 2 46 20 1.0
46 57 5 46 23 1.0
46 58 4 46 22 1.0
46 59 0 46 38 1.0
46 60 18 46 41 1.0
46 61 39 46 44 1.0
46 62 7 46 39 1.0
46 63 74 46 68 1.0
46 64 105 46 71 1.0
46 65 10 46 39 1.0
46 66 2 46 39 1.0
46 67 0 46 67 1.0
46 68 1 46 38 1.0
46 69 1 46 38 1.0
46 70 6 46 43 1.0
46 71 0 46 71 1.0
46 72 5 46 42 1.0
46 74 6 46 23 1.0
46 75 0 46 75 1.0
46 76 12 46 43 1.0
46 77 0 46 77 1.0
46 78 0 46 78 1.0
46 79 0 46 79 1.0
47 1 3 47 76 1.0
47 2 6 47 79 1.0
47 4 4 47 77 1.0
47 5 4 47 77 1.0
47 7 4 47 70 1.0
47 8 3 47 69 1.0
47 9 0 47 66 1.0
47 12 2 47 40 1.0
47 13 1 47 39 1.0
47 14 11 47 70 1.0
47 15 0 47 38 1.0
47 16 13 47 72 1.0
47 17 13 47 72 1.0
47 18 7 47 79 1.0
47 19 5 47 77 1.0
47 20 6 47 78 1.0
47 21 0 47 21 1.0
47 22 0 47 22 1.0
47 23 5 47 77 1.0
47 24 109 47 23 1.0
47 25 13 47 75 1.0
47 26 30 47 78 1.0
47 27 109 47 23 1.0
47 28 97 47 22 1.0
47 29 13 47 75 1.0
47 32 7 47 19 1.0
47 33 30 47 22 1.0
47 34 69 47 70 1.0
47 35 70 47 70 1.0
47 36 50 47 67 1.0
47 37 34 47 22 1.0
47 38 0 47 38 1.0
47 39 0 47 39 1.0
47 40 0 47 40 1.0
47 41 0 47 41 1.0
47 42 0 47 42 1.0
47 43 8 47 66 1.0
47 45 5 47 78 1.0
47 46 10 47 21 1.0
47 48 13 47 38 1.0
47 49 0 47 73 1.0
47 50 12 47 23 1.0
47 51 13 47 38 1.0
47 52 4 47 22 1.0
47 53 4 47 22 1.0
47 54 5 47 23 1.0
47 55 0 47 18 1.0
47 56 0 47 18 1.0
47 57 5 47 23 1.0
47 58 4 47 22 1.0
47 59 52 47 66 1.0
47 60 8 47 39 1.0
47 61 57 47 67 1.0
47 62 38 47 44 1.0
47 63 53 47 66 1.0
47 64 59 47 67 1.0
47 65 35 47 43 1.0
47 66 4 47 41 1.0
47 67 0 47 67 1.0
47 68 0 47 68 1.0
47 69 0 47 69 1.0
47 70 0 47 70 1.0
47 72 6 47 43 1.0
47 73 4 47 21 1.0
47 74 0 47 74 1.0
47 75 0 47 75 1.0
47 76 0 47 76 1.0
47 77 0 47 77 1.0
47 78 0 47 78 1.0
47 79 0 47 79 1.0
48 0 9 48 20 1.0
48 1 11 48 22 1.0
48 2 10 48 21 1.0
48 8 6 48 72 1.0
48 9 2 48 68 1.0
48 10 0 48 66 1.0
48 13 13 48 72 1.0
48 14 4 48 42 1.0
48 15 0 48 38 1.0
48 17 9 48 68 1.0
48 23 0 48 23 1.0
48 24 25 48 77 1.0
48 25 86 48 21 1.0
48 26 71 48 20 1.0
48 27 2 48 73 1.0
48 29 59 48 19 1.0
48 30 101 48 22 1.0
48 31 64 48 69 1.0
48 32 83 48 72 1.0
48 34 59 48 68 1.0
48 36 26 48 21 1.0
48 37 19 48 20 1.0
48 38 3 48 75 1.0
48 39 4 48 76 1.0
48 40 0 48 40 1.0
48 41 4 48 76 1.0
48 46 18 48 43 1.0
48 47 19 48 44 1.0
48 50 1 48 74 1.0
48 51 18 48 43 1.0
48 53 2 48 20 1.0
48 54 1 48 19 1.0
48 55 1 48 19 1.0
48 56 2 48 20 1.0
48 57 1 48 19 1.0
48 58 4 48 22 1.0
48 59 61 48 67 1.0
48 61 76 48 68 1.0
48 62 3 48 38 1.0
48 63 99 48 70 1.0
48 64 3 48 38 1.0
48 65 41 48 44 1.0
48 66 0 48 66 1.0
48 67 0 48 67 1.0
48 68 0 48 68 1.0
48 69 0 48 69 1.0
48 70 0 48 70 1.0
48 71 0 48 71 1.0
48 73 8 48 39 1.0
48 74 0 48 74 1.0
48 75 12 48 43 1.0
48 77 0 48 77 1.0
48 78 0 48 78 1.0
48 79 0 48 79 1.0
49 0 6 49 79 1.0
49 1 12 49 23 1.0
49 2 5 49 78 1.0
49 8 1 49 67 1.0
49 9 0 49 66 1.0
49 10 3 49 69 1.0
49 12 10 49 69 1.0
49 13 5 49 43 1.0
49 14 7 49 66 1.0
49 15 4 49 42 1.0
49 17 2 49 40 1.0
49 20 4 49 76 1.0
49 21 6 49 78 1.0
49 22 3 49 75 1.0
49 25 43 49 18 1.0
49 26 8 49 74 1.0
49 27 44 49 18 1.0
49 28 32 49 78 1.0
49 29 32 49 78 1.0
49 31 80 49 72 1.0
49 32 13 49 19 1.0
49 33 28 49 22 1.0
49 34 82 49 72 1.0
49 36 21 49 21 1.0
49 39 14 49 72 1.0
49 40 0 49 40 1.0
49 41 0 49 41 1.0
49 44 9 49 67 1.0
49 45 15 49 40 1.0
49 46 21 49 67 1.0
49 47 26 49 72 1.0
49 50 8 49 19 1.0
49 51 2 49 75 1.0
49 52 4 49 22 1.0
49 53 1 49 19 1.0
49 54 4 49 22 1.0
49 55 0 49 18 1.0
49 56 1 49 19 1.0
49 57 1 49 19 1.0
49 58 3 49 21 1.0
49 61 52 49 66 1.0
49 62 8 49 39 1.0
49 63 26 49 42 1.0
49 64 124 49 72 1.0
49 65 101 49 70 1.0
49 66 1 49 38 1.0
49 67 0 49 67 1.0
49 68 5 49 42 1.0
49 69 0 49 69 1.0
49 71 1 49 38 1.0
49 72 3 49 40 1.0
49 76 0 49 76 1.0
49 77 0 49 77 1.0
49 78 0 49 78 1.0
49 79 7 49 38 1.0
50 0 11 50 22 1.0
50 3 2 50 75 1.0
50 4 8 50 19 1.0
50 6 3 50 69 1.0
50 7 1 50 67 1.0
50 8 4 50 70 1.0
50 9 2 50 68 1.0
50 10 6 50 72 1.0
50 11 1 50 67 1.0
50 12 7 50 66 1.0
50 13 5 50 43 1.0
50 14 8 50 67 1.0
50 15 10 50 69 1.0
50 16 7 50 66 1.0
50 17 6 50 44 1.0
50 18 3 50 75 1.0
50 19 3 50 75 1.0
50 20 0 50 20 1.0
50 21 0 50 21 1.0
50 22 0 50 22 1.0
50 23 0 50 23 1.0
50 24 18 50 76 1.0
50 25 12 50 75 1.0
50 26 109 50 23 1.0
50 27 29 50 77 1.0
50 28 11 50 74 1.0
50 29 90 50 21 1.0
50 30 22 50 76 1.0
50 31 22 50 21 1.0
50 32 31 50 22 1.0
50 33 4 50 18 1.0
50 34 53 50 67 1.0
50 35 25 50 21 1.0
50 36 21 50 21 1.0
50 37 1 50 18 1.0
50 38 0 50 38 1.0
50 39 0 50 39 1.0
50 40 0 50 40 1.0
50 41 0 50 41 1.0
50 42 0 50 42 1.0
50 43 0 50 43 1.0
50 44 2 50 74 1.0
50 45 4 50 77 1.0
50 46 10 50 21 1.0
50 47 6 50 79 1.0
50 48 7 50 18 1.0
50 49 21 50 67 1.0
50 51 1 50 74 1.0
50 52 4 50 22 1.0
50 53 2 50 20 1.0
50 54 1 50 19 1.0
50 55 3 50 21 1.0
50 56 2 50 20 1.0
50 57 3 50 21 1.0
50 58 0 50 18 1.0
50 59 68 50 68 1.0
50 60 55 50 67 1.0
50 61 0 50 38 1.0
50 62 26 50 42 1.0
50 63 10 50 39 1.0
50 64 79 50 69 1.0
50 65 11 50 39 1.0
50 66 5 50 42 1.0
50 67 0 50 67 1.0
50 68 0 50 68 1.0
50 69 0 50 69 1.0
50 70 0 50 70 1.0
50 72 5 50 42 1.0
50 73 13 50 44 1.0
50 74 0 50 74 1.0
50 75 5 50 22 1.0
50 76 0 50 76 1.0
50 77 0 50 77 1.0
50 78 0 50 78 1.0
50 79 0 50 79 1.0
51 0 0 51 73 1.0
51 1 5 51 78 1.0
51 3 1 51 74 1.0
51 4 1 51 74 1.0
51 5 4 51 77 1.0
51 6 6 51 72 1.0
51 7 2 51 68 1.0
51 8 3 51 69 1.0
51 9 0 51 66 1.0
51 10 6 51 72 1.0
51 11 6 51 72 1.0
51 12 11 51 70 1.0
51 13 7 51 66 1.0
51 14 3 51 41 1.0
51 15 4 51 42 1.0
51 16 12 51 71 1.0
51 17 8 51 67 1.0
51 18 4 51 76 1.0
51 19 0 51 19 1.0
51 20 0 51 20 1.0
51 21 0 51 21 1.0
51 22 0 51 22 1.0
51 23 1 51 73 1.0
51 24 62 51 19 1.0
51 25 85 51 21 1.0
51 26 61 51 19 1.0
51 27 19 51 76 1.0
51 28 39 51 79 1.0
51 29 16 51 75 1.0
51 30 40 51 79 1.0
51 31 12 51 19 1.0
51 32 75 51 71 1.0
51 33 47 51 66 1.0
51 34 21 51 21 1.0
51 35 72 51 71 1.0
51 36 77 51 71 1.0
51 37 75 51 71 1.0
51 38 0 51 38 1.0
51 39 0 51 39 1.0
51 40 0 51 40 1.0
51 41 0 51 41 1.0
51 42 12 51 70 1.0
51 43 0 51 43 1.0
51 44 0 51 44 1.0
51 45 13 51 38 1.0
51 46 14 51 39 1.0
51 47 23 51 69 1.0
51 48 16 51 41 1.0
51 49 13 51 38 1.0
51 50 0 51 73 1.0
51 52 3 51 21 1.0
51 53 4 51 22 1.0
51 54 1 51 19 1.0
51 55 3 51 21 1.0
51 56 0 51 18 1.0
51 57 5 51 23 1.0
51 58 1 51 19 1.0
51 59 35 51 43 1.0
51 60 15 51 40 1.0
51 61 124 51 72 1.0
51 62 68 51 68 1.0
51 63 101 51 70 1.0
51 64 34 51 43 1.0
51 65 33 51 43 1.0
51 66 0 51 66 1.0
51 67 5 51 42 1.0
51 68 1 51 38 1.0
51 69 1 51 38 1.0
51 70 0 51 70 1.0
51 71 0 51 71 1.0
51 72 0 51 72 1.0
51 73 0 51 73 1.0
51 74 0 51 74 1.0
51 75 0 51 75 1.0
51 76 0 51 76 1.0
51 77 7 51 38 1.0
51 78 0 51 78 1.0
51 79 5 51 22 1.0
52 0 0 52 0 1.0
52 2 0 52 2 1.0
52 3 3 52 26 1.0
52 5 6 52 29 1.0
52 8 1 52 32 1.0
52 9 3 52 34 1.0
52 10 1 52 32 1.0
52 11 2 52 33 1.0
52 12 100 52 34 1.0
52 13 27 52 27 1.0
52 14 65 52 32 1.0
52 15 30 52 28 1.0
52 16 29 52 28 1.0
52 18 0 52 18 1.0
52 20 0 52 20 1.0
52 21 0 52 21 1.0
52 22 1 52 0 1.0
52 25 0 52 25 1.0
52 26 0 52 26 1.0
52 27 0 52 27 1.0
52 28 12 52 36 1.0
52 29 0 52 29 1.0
52 30 0 52 30 1.0
52 32 0 52 32 1.0
52 34 7 52 30 1.0
52 37 6 52 29 1.0
52 39 96 52 1 1.0
52 40 41 52 20 1.0
52 41 97 52 1 1.0
52 43 34 52 19 1.0
52 44 19 52 18 1.0
52 45 0 52 18 1.0
52 46 4 52 22 1.0
52 47 3 52 21 1.0
52 48 2 52 20 1.0
52 50 5 52 23 1.0
52 51 3 52 21 1.0
52 53 16 52 3 1.0
52 54 22 52 34 1.0
52 55 8 52 18 1.0
52 56 16 52 3 1.0
52 57 12 52 22 1.0
52 58 5 52 28 1.0
52 61 4 52 28 1.0
52 62 7 52 31 1.0
52 63 5 52 29 1.0
52 64 9 52 33 1.0
52 65 8 52 32 1.0
52 66 0 52 18 1.0
52 67 50 52 32 1.0
52 68 63 52 34 1.0
52 69 71 52 35 1.0
52 70 30 52 22 1.0
52 73 4 52 21 1.0
52 74 5 52 22 1.0
52 76 4 52 21 1.0
52 77 7 52 1 1.0
52 78 4 52 21 1.0
52 79 6 52 23 1.0
53 0 0 53 0 1.0
53 1 6 53 29 1.0
53 2 10 53 20 1.0
53 3 0 53 3 1.0
53 4 0 53 4 1.0
53 5 8 53 18 1.0
53 6 2 53 33 1.0
53 7 1 53 32 1.0
53 8 3 53 34 1.0
53 9 3 53 34 1.0
53 10 2 53 33 1.0
53 11 5 53 36 1.0
53 12 46 53 30 1.0
53 13 6 53 25 1.0
53 14 25 53 27 1.0
53 15 101 53 35 1.0
53 16 126 53 36 1.0
53 17 122 53 36 1.0
53 18 0 53 18 1.0
53 19 0 53 19 1.0
53 20 0 53 20 1.0
53 21 0 53 21 1.0
53 22 0 53 22 1.0
53 23 0 53 23 1.0
53 24 12 53 36 1.0
53 25 0 53 25 1.0
53 26 12 53 36 1.0
53 27 0 53 27 1.0
53 28 0 53 28 1.0
53 29 0 53 29 1.0
53 30 0 53 30 1.0
53 31 0 53 31 1.0
53 32 5 53 28 1.0
53 33 0 53 33 1.0
53 34 5 53 28 1.0
53 35 0 53 35 1.0
53 36 0 53 36 1.0
53 37 0 53 37 1.0
53 38 122 53 5 1.0
53 39 29 53 19 1.0
53 40 24 53 19 1.0
53 41 13 53 18 1.0
53 42 56 53 21 1.0
53 43 65 53 22 1.0
53 44 70 53 22 1.0
53 45 1 53 19 1.0
53 46 1 53 19 1.0
53 47 5 53 23 1.0
53 48 0 53 18 1.0
53 49 2 53 20 1.0
53 50 0 53 18 1.0
53 51 4 53 22 1.0
53 52 25 53 37 1.0
53 54 2 53 24 1.0
53 55 7 53 30 1.0
53 56 25 53 37 1.0
53 57 25 53 37 1.0
53 58 3 53 26 1.0
53 59 3 53 27 1.0
53 60 2 53 26 1.0
53 61 11 53 35 1.0
53 62 11 53 35 1.0
53 63 3 53 27 1.0
53 64 3 53 27 1.0
53 65 11 53 35 1.0
53 66 56 53 33 1.0
53 67 25 53 21 1.0
53 68 54 53 33 1.0
53 69 59 53 33 1.0
53 70 63 53 34 1.0
53 71 39 53 23 1.0
53 72 52 53 32 1.0
53 73 1 53 18 1.0
53 74 4 53 21 1.0
53 75 4 53 21 1.0
53 76 4 53 21 1.0
53 77 4 53 21 1.0
53 78 4 53 21 1.0
53 79 1 53 18 1.0
54 0 8 54 18 1.0
54 1 0 54 1 1.0
54 2 0 54 2 1.0
54 3 0 54 3 1.0
54 4 9 54 19 1.0
54 5 0 54 5 1.0
54 6 4 54 35 1.0
54 7 1 54 32 1.0
54 8 5 54 36 1.0
54 9 6 54 37 1.0
54 10 3 54 34 1.0
54 11 1 54 32 1.0
54 12 25 54 27 1.0
54 13 84 54 33 1.0
54 14 14 54 26 1.0
54 15 125 54 36 1.0
54 16 109 54 35 1.0
54 17 41 54 29 1.0
54 18 0 54 18 1.0
54 19 0 54 19 1.0
54 20 2 54 1 1.0
54 21 0 54 21 1.0
54 22 0 54 22 1.0
54 23 0 54 23 1.0
54 24 12 54 36 1.0
54 25 0 54 25 1.0
54 26 0 54 26 1.0
54 27 0 54 27 1.0
54 28 0 54 28 1.0
54 29 12 54 36 1.0
54 30 2 54 1 1.0
54 31 0 54 31 1.0
54 32 0 54 32 1.0
54 33 0 54 33 1.0
54 34 0 54 34 1.0
54 35 0 54 35 1.0
54 36 0 54 36 1.0
54 37 0 54 37 1.0
54 38 10 54 18 1.0
54 39 65 54 22 1.0
54 40 93 54 1 1.0
54 41 19 54 18 1.0
54 42 72 54 22 1.0
54 43 16 54 18 1.0
54 44 70 54 22 1.0
54 45 0 54 18 1.0
54 46 4 54 22 1.0
54 47 0 54 18 1.0
54 48 3 54 21 1.0
54 49 0 54 18 1.0
54 50 1 54 19 1.0
54 51 1 54 19 1.0
54 52 22 54 34 1.0
54 53 5 54 28 1.0
54 55 5 54 28 1.0
54 56 23 54 35 1.0
54 57 12 54 22 1.0
54 58 4 54 27 1.0
54 59 5 54 29 1.0
54 60 10 54 34 1.0
54 61 7 54 31 1.0
54 62 10 54 34 1.0
54 63 13 54 37 1.0
54 64 13 54 37 1.0
54 65 3 54 27 1.0
54 66 28 54 22 1.0
54 67 0 54 18 1.0
54 68 50 54 32 1.0
54 69 33 54 22 1.0
54 70 63 54 34 1.0
54 71 80 54 37 1.0
54 72 52 54 32 1.0
54 73 4 54 21 1.0
54 74 5 54 22 1.0
54 75 8 54 2 1.0
54 76 4 54 21 1.0
54 77 2 54 19 1.0
54 78 4 54 21 1.0
54 79 6 54 23 1.0
55 0 12 55 22 1.0
55 1 4 55 27 1.0
55 2 9 55 19 1.0
55 4 1 55 25 1.0
55 5 0 55 5 1.0
55 7 1 55 32 1.0
55 8 3 55 34 1.0
55 9 4 55 35 1.0
55 10 4 55 35 1.0
55 11 0 55 31 1.0
55 12 32 55 28 1.0
55 13 30 55 28 1.0
55 14 35 55 29 1.0
55 15 0 55 25 1.0
55 16 46 55 30 1.0
55 17 125 55 36 1.0
55 18 0 55 18 1.0
55 19 0 55 19 1.0
55 20 0 55 20 1.0
55 21 0 55 21 1.0
55 22 0 55 22 1.0
55 23 2 55 1 1.0
55 24 12 55 36 1.0
55 25 13 55 37 1.0
55 26 0 55 26 1.0
55 27 0 55 27 1.0
55 28 0 55 28 1.0
55 29 0 55 29 1.0
55 31 3 55 26 1.0
55 32 0 55 32 1.0
55 33 0 55 33 1.0
55 34 4 55 27 1.0
55 35 0 55 35 1.0
55 36 0 55 36 1.0
55 37 0 55 37 1.0
55 38 87 55 23 1.0
55 39 18 55 18 1.0
55 40 95 55 1 1.0
55 41 89 55 23 1.0
55 42 73 55 22 1.0
55 43 68 55 22 1.0
55 44 105 55 3 1.0
55 45 5 55 23 1.0
55 46 1 55 19 1.0
55 47 3 55 21 1.0
55 48 4 55 22 1.0
55 49 0 55 18 1.0
55 50 4 55 22 1.0
55 51 3 55 21 1.0
55 52 25 55 37 1.0
55 53 4 55 27 1.0
55 54 15 55 2 1.0
55 56 8 55 18 1.0
55 57 5 55 28 1.0
55 58 5 55 28 1.0
55 59 10 55 34 1.0
55 60 11 55 35 1.0
55 61 13 55 37 1.0
55 62 9 55 33 1.0
55 63 7 55 31 1.0
55 64 5 55 29 1.0
55 65 10 55 34 1.0
55 66 50 55 32 1.0
55 67 50 55 32 1.0
55 68 74 55 36 1.0
55 69 20 55 20 1.0
55 70 25 55 21 1.0
55 72 51 55 32 1.0
55 73 4 55 21 1.0
55 74 5 55 22 1.0
55 75 8 55 2 1.0
55 76 1 55 18 1.0
55 77 4 55 21 1.0
55 78 6 55 23 1.0
55 79 8 55 2 1.0
56 0 3 56 26 1.0
56 1 0 56 1 1.0
56 2 1 56 25 1.0
56 3 12 56 22 1.0
56 4 0 56 4 1.0
56 5 11 56 21 1.0
56 6 1 56 32 1.0
56 7 4 56 35 1.0
56 8 0 56 31 1.0
56 9 6 56 37 1.0
56 10 3 56 34 1.0
56 11 6 56 37 1.0
56 12 104 56 35 1.0
56 13 85 56 33 1.0
56 14 43 56 30 1.0
56 15 47 56 30 1.0
56 16 42 56 30 1.0
56 17 34 56 28 1.0
56 18 2 56 1 1.0
56 19 0 56 19 1.0
56 20 0 56 20 1.0
56 21 0 56 21 1.0
56 22 0 56 22 1.0
56 23 0 56 23 1.0
56 24 10 56 34 1.0
56 25 5 56 4 1.0
56 26 9 56 33 1.0
56 27 0 56 27 1.0
56 28 0 56 28 1.0
56 29 0 56 29 1.0
56 31 0 56 31 1.0
56 32 0 56 32 1.0
56 33 0 56 33 1.0
56 34 0 56 34 1.0
56 35 5 56 28 1.0
56 36 4 56 27 1.0
56 37 0 56 37 1.0
56 38 66 56 22 1.0
56 39 95 56 1 1.0
56 40 51 56 21 1.0
56 41 112 56 4 1.0
56 42 100 56 2 1.0
56 43 104 56 2 1.0
56 44 70 56 22 1.0
56 45 0 56 18 1.0
56 46 1 56 19 1.0
56 47 0 56 18 1.0
56 48 1 56 19 1.0
56 49 3 56 21 1.0
56 50 0 56 18 1.0
56 51 1 56 19 1.0
56 52 0 56 0 1.0
56 53 3 56 26 1.0
56 54 11 56 21 1.0
56 55 5 56 28 1.0
56 57 17 56 4 1.0
56 58 21 56 33 1.0
56 59 12 56 36 1.0
56 60 8 56 32 1.0
56 61 5 56 29 1.0
56 62 12 56 36 1.0
56 63 6 56 30 1.0
56 64 5 56 29 1.0
56 65 2 56 26 1.0
56 67 30 56 22 1.0
56 68 57 56 33 1.0
56 69 4 56 18 1.0
56 70 51 56 32 1.0
56 71 71 56 35 1.0
56 72 62 56 34 1.0
56 73 9 56 3 1.0
56 74 4 56 21 1.0
56 75 3 56 20 1.0
56 76 8 56 2 1.0
56 77 3 56 20 1.0
56 78 1 56 18 1.0
56 79 4 56 21 1.0
57 0 0 57 0 1.0
57 1 0 57 1 1.0
57 2 0 57 2 1.0
57 3 9 57 19 1.0
57 4 13 57 23 1.0
57 5 0 57 5 1.0
57 6 4 57 35 1.0
57 7 6 57 37 1.0
57 8 2 57 33 1.0
57 9 4 57 35 1.0
57 10 5 57 36 1.0
57 11 1 57 32 1.0
57 12 11 57 24 1.0
57 13 20 57 26 1.0
57 14 97 57 34 1.0
57 15 22 57 27 1.0
57 16 65 57 32 1.0
57 17 6 57 25 1.0
57 18 0 57 18 1.0
57 19 0 57 19 1.0
57 20 3 57 2 1.0
57 21 0 57 21 1.0
57 22 0 57 22 1.0
57 23 0 57 23 1.0
57 24 10 57 34 1.0
57 25 9 57 33 1.0
57 26 0 57 26 1.0
57 27 0 57 27 1.0
57 28 0 57 28 1.0
57 29 0 57 29 1.0
57 30 0 57 30 1.0
57 31 4 57 27 1.0
57 32 0 57 32 1.0
57 33 0 57 33 1.0
57 34 0 57 34 1.0
57 35 0 57 35 1.0
57 36 6 57 29 1.0
57 37 3 57 26 1.0
57 38 42 57 20 1.0
57 39 74 57 22 1.0
57 40 51 57 21 1.0
57 41 37 57 20 1.0
57 42 14 57 18 1.0
57 43 16 57 18 1.0
57 44 74 57 22 1.0
57 45 4 57 22 1.0
57 46 1 57 19 1.0
57 47 0 57 18 1.0
57 48 2 57 20 1.0
57 49 3 57 21 1.0
57 50 3 57 21 1.0
57 51 3 57 21 1.0
57 52 16 57 3 1.0
57 53 14 57 1 1.0
57 54 11 57 21 1.0
57 55 4 57 27 1.0
57 56 3 57 26 1.0
57 58 0 57 0 1.0
57 59 6 57 30 1.0
57 60 13 57 37 1.0
57 61 2 57 26 1.0
57 62 0 57 25 1.0
57 63 9 57 33 1.0
57 64 13 57 37 1.0
57 65 7 57 31 1.0
57 66 61 57 34 1.0
57 67 37 57 23 1.0
57 68 83 57 37 1.0
57 69 66 57 35 1.0
57 70 46 57 31 1.0
57 71 12 57 19 1.0
57 72 80 57 37 1.0
57 73 3 57 20 1.0
57 74 4 57 21 1.0
57 75 8 57 2 1.0
57 76 7 57 1 1.0
57 77 2 57 19 1.0
57 78 6 57 23 1.0
57 79 5 57 22 1.0
58 0 0 58 0 1.0
58 1 6 58 29 1.0
58 2 0 58 2 1.0
58 3 3 58 26 1.0
58 4 0 58 4 1.0
58 6 4 58 35 1.0
58 7 6 58 37 1.0
58 8 4 58 35 1.0
58 9 0 58 31 1.0
58 10 2 58 33 1.0
58 11 1 58 32 1.0
58 12 35 58 29 1.0
58 13 60 58 31 1.0
58 14 101 58 35 1.0
58 15 17 58 26 1.0
58 16 10 58 24 1.0
58 17 38 58 29 1.0
58 18 0 58 18 1.0
58 19 0 58 19 1.0
58 20 3 58 2 1.0
58 21 0 58 21 1.0
58 22 2 58 1 1.0
58 23 5 58 4 1.0
58 25 0 58 25 1.0
58 26 0 58 26 1.0
58 27 0 58 27 1.0
58 28 0 58 28 1.0
58 29 0 58 29 1.0
58 30 12 58 36 1.0
58 31 0 58 31 1.0
58 32 4 58 27 1.0
58 33 0 58 33 1.0
58 34 0 58 34 1.0
58 35 0 58 35 1.0
58 36 0 58 36 1.0
58 37 0 58 37 1.0
58 38 34 58 19 1.0
58 39 23 58 19 1.0
58 40 110 58 3 1.0
58 41 103 58 2 1.0
58 42 44 58 20 1.0
58 43 110 58 3 1.0
58 44 110 58 3 1.0
58 45 3 58 21 1.0
58 46 0 58 18 1.0
58 47 1 58 19 1.0
58 48 1 58 19 1.0
58 49 0 58 18 1.0
58 50 4 58 22 1.0
58 51 2 58 20 1.0
58 52 16 58 3 1.0
58 53 17 58 4 1.0
58 54 12 58 22 1.0
58 55 25 58 37 1.0
58 56 17 58 4 1.0
58 57 16 58 3 1.0
58 59 3 58 27 1.0
58 60 3 58 27 1.0
58 61 6 58 30 1.0
58 62 1 58 24 1.0
58 63 2 58 26 1.0
58 64 5 58 29 1.0
58 65 2 58 26 1.0
58 66 74 58 36 1.0
58 67 31 58 22 1.0
58 68 52 58 32 1.0
58 69 45 58 31 1.0
58 70 57 58 33 1.0
58 71 82 58 37 1.0
58 72 3 58 18 1.0
58 73 7 58 1 1.0
58 74 4 58 21 1.0
58 75 4 58 21 1.0
58 76 10 58 4 1.0
58 77 0 58 0 1.0
58 78 9 58 3 1.0
58 79 3 58 20 1.0
59 0 4 59 28 1.0
59 1 5 59 29 1.0
59 2 3 59 27 1.0
59 5 0 59 25 1.0
59 8 6 59 35 1.0
59 9 5 59 34 1.0
59 10 1 59 16 1.0
59 11 0 59 11 1.0
59 13 3 59 8 1.0
59 14 3 59 8 1.0
59 15 0 59 15 1.0
59 19 131 59 36 1.0
59 22 99 59 32 1.0
59 23 121 59 35 1.0
59 25 2 59 32 1.0
59 26 0 59 26 1.0
59 27 4 59 34 1.0
59 29 0 59 29 1.0
59 30 0 59 30 1.0
59 32 4 59 27 1.0
59 33 0 59 33 1.0
59 36 12 59 10 1.0
59 37 5 59 28 1.0
59 40 2 59 13 1.0
59 41 5 59 17 1.0
59 43 2 59 13 1.0
59 45 120 59 11 1.0
59 46 7 59 16 1.0
59 47 122 59 11 1.0
59 48 98 59 8 1.0
59 50 120 59 11 1.0
59 51 123 59 11 1.0
59 52 9 59 33 1.0
59 53 13 59 37 1.0
59 54 2 59 26 1.0
59 55 3 59 27 1.0
59 56 11 59 35 1.0
59 57 12 59 36 1.0
59 58 2 59 26 1.0
59 60 18 59 15 1.0
59 61 22 59 8 1.0
59 62 4 59 28 1.0
59 63 10 59 33 1.0
59 64 20 59 6 1.0
59 65 14 59 37 1.0
59 66 10 59 10 1.0
59 67 0 59 16 1.0
59 68 9 59 9 1.0
59 69 8 59 8 1.0
59 72 8 59 8 1.0
59 74 58 59 13 1.0
59 75 72 59 15 1.0
59 76 58 59 13 1.0
59 77 72 59 15 1.0
59 78 25 59 28 1.0
59 79 82 59 17 1.0
60 0 3 60 27 1.0
60 1 5 60 29 1.0
60 2 3 60 27 1.0
60 5 5 60 29 1.0
60 8 9 60 12 1.0
60 9 9 60 12 1.0
60 10 0 60 10 1.0
60 11 8 60 37 1.0
60 12 3 60 8 1.0
60 13 2 60 7 1.0
60 14 0 60 14 1.0
60 15 6 60 11 1.0
60 17 3 60 8 1.0
60 23 120 60 35 1.0
60 25 4 60 34 1.0
60 26 5 60 35 1.0
60 27 0 60 27 1.0
60 28 0 60 28 1.0
60 29 2 60 32 1.0
60 30 0 60 30 1.0
60 32 4 60 27 1.0
60 34 0 60 34 1.0
60 35 0 60 35 1.0
60 36 9 60 7 1.0
60 37 12 60 10 1.0
60 39 4 60 15 1.0
60 40 2 60 13 1.0
60 41 1 60 12 1.0
60 44 2 60 13 1.0
60 46 120 60 11 1.0
60 47 107 60 9 1.0
60 50 64 60 15 1.0
60 51 125 60 11 1.0
60 52 6 60 30 1.0
60 53 10 60 34 1.0
60 54 10 60 34 1.0
60 55 10 60 34 1.0
60 56 8 60 32 1.0
60 57 0 60 25 1.0
60 58 12 60 36 1.0
60 59 9 60 32 1.0
60 61 11 60 34 1.0
60 62 22 60 8 1.0
60 63 12 60 35 1.0
60 64 0 60 25 1.0
60 65 11 60 34 1.0
60 66 11 60 11 1.0
60 67 10 60 10 1.0
60 68 2 60 13 1.0
60 69 11 60 11 1.0
60 70 1 60 12 1.0
60 72 1 60 12 1.0
60 73 75 60 15 1.0
60 76 81 60 17 1.0
60 77 80 60 17 1.0
60 78 83 60 17 1.0
60 79 49 60 12 1.0
61 1 5 61 29 1.0
61 2 3 61 27 1.0
61 4 5 61 29 1.0
61 6 4 61 33 1.0
61 8 0 61 8 1.0
61 10 0 61 10 1.0
61 11 0 61 11 1.0
61 12 6 61 11 1.0
61 13 0 61 13 1.0
61 14 0 61 14 1.0
61 15 0 61 15 1.0
61 16 5 61 10 1.0
61 18 107 61 33 1.0
61 19 70 61 29 1.0
61 21 134 61 37 1.0
61 22 134 61 37 1.0
61 24 3 61 33 1.0
61 25 4 61 34 1.0
61 26 0 61 26 1.0
61 27 0 61 27 1.0
61 28 0 61 28 1.0
61 31 10 61 8 1.0
61 32 13 61 11 1.0
61 33 0 61 33 1.0
61 34 13 61 11 1.0
61 36 9 61 7 1.0
61 37 6 61 29 1.0
61 39 0 61 16 1.0
61 40 1 61 12 1.0
61 41 5 61 17 1.0
61 43 0 61 16 1.0
61 45 4 61 16 1.0
61 46 66 61 15 1.0
61 47 63 61 15 1.0
61 49 122 61 11 1.0
61 50 70 61 17 1.0
61 51 70 61 17 1.0
61 52 10 61 34 1.0
61 53 5 61 29 1.0
61 54 9 61 33 1.0
61 55 11 61 35 1.0
61 56 7 61 31 1.0
61 57 11 61 35 1.0
61 58 1 61 24 1.0
61 59 22 61 8 1.0
61 60 22 61 8 1.0
61 62 11 61 34 1.0
61 63 0 61 25 1.0
61 64 22 61 8 1.0
61 65 25 61 11 1.0
61 66 3 61 14 1.0
61 67 3 61 14 1.0
61 68 1 61 12 1.0
61 69 1 61 12 1.0
61 72 7 61 7 1.0
61 75 20 61 27 1.0
61 76 70 61 15 1.0
61 77 38 61 30 1.0
61 78 58 61 13 1.0
61 79 25 61 28 1.0
62 1 4 62 28 1.0
62 2 0 62 25 1.0
62 3 0 62 25 1.0
62 7 2 62 31 1.0
62 8 0 62 8 1.0
62 9 8 62 37 1.0
62 11 0 62 11 1.0
62 12 3 62 8 1.0
62 14 0 62 14 1.0
62 15 0 62 15 1.0
62 16 0 62 16 1.0
62 17 0 62 17 1.0
62 18 133 62 37 1.0
62 19 41 62 27 1.0
62 20 108 62 33 1.0
62 21 109 62 33 1.0
62 22 91 62 31 1.0
62 23 128 62 36 1.0
62 25 6 62 36 1.0
62 26 0 62 26 1.0
62 27 0 62 27 1.0
62 28 0 62 28 1.0
62 29 0 62 29 1.0
62 32 9 62 7 1.0
62 33 0 62 33 1.0
62 34 0 62 34 1.0
62 35 0 62 35 1.0
62 36 0 62 36 1.0
62 37 0 62 37 1.0
62 38 3 62 14 1.0
62 39 1 62 12 1.0
62 40 0 62 16 1.0
62 41 2 62 13 1.0
62 42 2 62 13 1.0
62 43 2 62 13 1.0
62 45 9 62 16 1.0
62 46 0 62 16 1.0
62 47 65 62 15 1.0
62 48 122 62 11 1.0
62 49 61 62 15 1.0
62 50 73 62 17 1.0
62 51 31 62 13 1.0
62 52 8 62 32 1.0
62 53 10 62 34 1.0
62 54 12 62 36 1.0
62 55 2 62 26 1.0
62 56 0 62 25 1.0
62 57 10 62 34 1.0
62 58 4 62 28 1.0
62 59 4 62 28 1.0
62 60 22 62 8 1.0
62 61 24 62 10 1.0
62 63 13 62 36 1.0
62 64 14 62 37 1.0
62 65 21 62 7 1.0
62 66 8 62 8 1.0
62 67 9 62 9 1.0
62 68 8 62 8 1.0
62 69 9 62 9 1.0
62 70 0 62 16 1.0
62 72 1 62 12 1.0
62 73 65 62 14 1.0
62 74 64 62 14 1.0
62 75 67 62 14 1.0
62 76 43 62 16 1.0
62 77 70 62 15 1.0
62 78 33 62 29 1.0
62 79 82 62 17 1.0
63 0 6 63 30 1.0
63 1 1 63 24 1.0
63 2 3 63 27 1.0
63 3 6 63 30 1.0
63 4 5 63 29 1.0
63 5 0 63 25 1.0
63 6 0 63 6 1.0
63 7 0 63 7 1.0
63 8 0 63 8 1.0
63 9 0 63 9 1.0
63 10 0 63 10 1.0
63 11 0 63 11 1.0
63 12 0 63 12 1.0
63 14 0 63 14 1.0
63 15 3 63 8 1.0
63 16 0 63 16 1.0
63 17 0 63 17 1.0
63 18 112 63 34 1.0
63 19 28 63 26 1.0
63 20 77 63 29 1.0
63 21 115 63 34 1.0
63 22 139 63 37 1.0
63 23 114 63 34 1.0
63 24 0 63 24 1.0
63 25 0 63 25 1.0
63 26 3 63 33 1.0
63 27 0 63 27 1.0
63 28 0 63 28 1.0
63 29 3 63 33 1.0
63 30 0 63 30 1.0
63 31 0 63 31 1.0
63 32 0 63 32 1.0
63 33 0 63 33 1.0
63 34 0 63 34 1.0
63 35 0 63 35 1.0
63 36 0 63 36 1.0
63 37 0 63 37 1.0
63 38 5 63 17 1.0
63 39 1 63 12 1.0
63 40 2 63 13 1.0
63 41 3 63 14 1.0
63 42 5 63 17 1.0
63 43 1 63 12 1.0
63 44 0 63 16 1.0
63 45 109 63 9 1.0
63 46 116 63 10 1.0
63 47 95 63 7 1.0
63 48 38 63 13 1.0
63 49 42 63 14 1.0
63 50 121 63 11 1.0
63 51 94 63 7 1.0
63 52 4 63 28 1.0
63 53 11 63 35 1.0
63 54 7 63 31 1.0
63 55 1 63 24 1.0
63 56 13 63 37 1.0
63 57 8 63 32 1.0
63 58 3 63 27 1.0
63 59 25 63 11 1.0
63 60 3 63 27 1.0
63 61 23 63 9 1.0
63 62 9 63 32 1.0
63 64 3 63 27 1.0
63 65 10 63 33 1.0
63 67 2 63 13 1.0
63 68 7 63 7 1.0
63 69 1 63 12 1.0
63 70 5 63 17 1.0
63 71 4 63 15 1.0
63 72 2 63 13 1.0
63 73 64 63 14 1.0
63 74 81 63 17 1.0
63 75 22 63 27 1.0
63 76 29 63 28 1.0
63 77 78 63 17 1.0
63 78 25 63 28 1.0
63 79 61 63 13 1.0
64 0 3 64 27 1.0
64 1 4 64 28 1.0
64 2 2 64 26 1.0
64 3 2 64 26 1.0
64 4 5 64 29 1.0
64 5 1 64 24 1.0
64 6 0 64 6 1.0
64 7 0 64 7 1.0
64 8 0 64 8 1.0
64 9 0 64 9 1.0
64 10 1 64 16 1.0
64 11 4 64 33 1.0
64 12 0 64 12 1.0
64 14 5 64 10 1.0
64 15 0 64 15 1.0
64 16 3 64 8 1.0
64 17 0 64 17 1.0
64 18 127 64 36 1.0
64 19 7 64 25 1.0
64 20 136 64 37 1.0
64 21 113 64 34 1.0
64 22 102 64 32 1.0
64 23 139 64 37 1.0
64 24 0 64 24 1.0
64 25 7 64 37 1.0
64 26 7 64 37 1.0
64 27 0 64 27 1.0
64 28 0 64 28 1.0
64 29 4 64 34 1.0
64 30 0 64 30 1.0
64 31 0 64 31 1.0
64 32 0 64 32 1.0
64 33 0 64 33 1.0
64 34 0 64 34 1.0
64 35 0 64 35 1.0
64 36 0 64 36 1.0
64 37 0 64 37 1.0
64 38 4 64 15 1.0
64 39 2 64 13 1.0
64 40 3 64 14 1.0
64 41 4 64 15 1.0
64 42 5 64 17 1.0
64 43 2 64 13 1.0
64 44 3 64 14 1.0
64 45 122 64 11 1.0
64 46 92 64 7 1.0
64 47 86 64 6 1.0
64 48 55 64 14 1.0
64 49 121 64 11 1.0
64 50 42 64 14 1.0
64 51 71 64 17 1.0
64 52 10 64 34 1.0
64 53 12 64 36 1.0
64 54 9 64 33 1.0
64 55 4 64 28 1.0
64 56 3 64 27 1.0
64 57 2 64 26 1.0
64 58 7 64 31 1.0
64 59 21 64 7 1.0
64 60 5 64 29 1.0
64 61 11 64 34 1.0
64 62 21 64 7 1.0
64 63 10 64 33 1.0
64 65 4 64 28 1.0
64 67 1 64 12 1.0
64 68 1 64 12 1.0
64 69 6 64 6 1.0
64 70 4 64 15 1.0
64 71 0 64 16 1.0
64 72 0 64 16 1.0
64 73 56 64 13 1.0
64 74 80 64 17 1.0
64 75 55 64 12 1.0
64 76 51 64 12 1.0
64 77 72 64 15 1.0
64 78 13 64 26 1.0
64 79 55 64 12 1.0
65 0 4 65 28 1.0
65 1 4 65 28 1.0
65 2 2 65 26 1.0
65 3 2 65 26 1.0
65 4 3 65 27 1.0
65 5 1 65 24 1.0
65 6 0 65 6 1.0
65 7 9 65 12 1.0
65 8 0 65 8 1.0
65 9 0 65 9 1.0
65 10 13 65 17 1.0
65 11 0 65 11 1.0
65 12 0 65 12 1.0
65 13 6 65 11 1.0
65 14 3 65 8 1.0
65 15 6 65 11 1.0
65 16 0 65 16 1.0
65 17 0 65 17 1.0
65 18 112 65 34 1.0
65 19 1 65 25 1.0
65 20 138 65 37 1.0
65 21 110 65 33 1.0
65 22 138 65 37 1.0
65 23 60 65 28 1.0
65 24 0 65 24 1.0
65 25 0 65 25 1.0
65 26 0 65 26 1.0
65 27 0 65 27 1.0
65 28 0 65 28 1.0
65 29 0 65 29 1.0
65 30 5 65 35 1.0
65 31 0 65 31 1.0
65 32 0 65 32 1.0
65 33 0 65 33 1.0
65 34 0 65 34 1.0
65 35 0 65 35 1.0
65 36 0 65 36 1.0
65 37 0 65 37 1.0
65 38 1 65 12 1.0
65 39 0 65 16 1.0
65 40 4 65 15 1.0
65 41 5 65 17 1.0
65 42 4 65 15 1.0
65 43 4 65 15 1.0
65 44 5 65 17 1.0
65 45 85 65 6 1.0
65 46 114 65 10 1.0
65 47 65 65 15 1.0
65 48 37 65 13 1.0
65 49 125 65 11 1.0
65 50 121 65 11 1.0
65 51 114 65 10 1.0
65 52 0 65 25 1.0
65 53 9 65 33 1.0
65 54 9 65 33 1.0
65 55 13 65 37 1.0
65 56 4 65 28 1.0
65 57 6 65 30 1.0
65 58 8 65 32 1.0
65 59 7 65 16 1.0
65 60 24 65 10 1.0
65 61 2 65 26 1.0
65 62 10 65 33 1.0
65 63 13 65 36 1.0
65 64 1 65 24 1.0
65 66 4 65 15 1.0
65 67 0 65 16 1.0
65 68 9 65 9 1.0
65 69 8 65 8 1.0
65 70 9 65 9 1.0
65 71 2 65 13 1.0
65 72 10 65 10 1.0
65 73 64 65 14 1.0
65 74 46 65 16 1.0
65 75 49 65 12 1.0
65 76 60 65 13 1.0
65 77 65 65 14 1.0
65 78 31 65 29 1.0
65 79 77 65 17 1.0
66 0 109 66 49 1.0
66 1 14 66 40 1.0
66 2 103 66 49 1.0
66 4 26 66 41 1.0
66 5 5 66 38 1.0
66 6 0 66 6 1.0
66 7 2 66 12 1.0
66 8 2 66 12 1.0
66 9 6 66 17 1.0
66 10 0 66 10 1.0
66 11 0 66 11 1.0
66 12 1 66 38 1.0
66 13 0 66 13 1.0
66 14 0 66 14 1.0
66 15 0 66 15 1.0
66 16 6 66 43 1.0
66 17 4 66 41 1.0
66 18 3 66 48 1.0
66 19 6 66 51 1.0
66 20 4 66 49 1.0
66 21 1 66 46 1.0
66 22 1 66 46 1.0
66 23 5 66 50 1.0
66 24 14 66 13 1.0
66 25 19 66 13 1.0
66 27 23 66 14 1.0
66 28 0 66 16 1.0
66 29 104 66 10 1.0
66 30 20 66 13 1.0
66 31 2 66 8 1.0
66 32 4 66 10 1.0
66 33 2 66 8 1.0
66 34 3 66 9 1.0
66 35 2 66 8 1.0
66 36 5 66 11 1.0
66 37 5 66 11 1.0
66 38 0 66 38 1.0
66 39 0 66 39 1.0
66 40 12 66 15 1.0
66 41 10 66 13 1.0
66 42 0 66 42 1.0
66 43 6 66 49 1.0
66 44 5 66 48 1.0
66 45 1 66 38 1.0
66 46 6 66 43 1.0
66 47 0 66 47 1.0
66 48 0 66 48 1.0
66 49 6 66 43 1.0
66 50 4 66 41 1.0
66 52 28 66 49 1.0
66 53 18 66 48 1.0
66 54 62 66 8 1.0
66 55 33 66 50 1.0
66 56 19 66 48 1.0
66 57 62 66 8 1.0
66 58 24 66 49 1.0
66 59 10 66 10 1.0
66 60 7 66 7 1.0
66 61 10 66 10 1.0
66 62 7 66 7 1.0
66 63 7 66 7 1.0
66 64 7 66 7 1.0
66 65 7 66 7 1.0
66 67 4 66 41 1.0
66 68 7 66 44 1.0
66 69 6 66 43 1.0
66 70 17 66 14 1.0
66 71 16 66 13 1.0
66 72 1 66 38 1.0
66 73 13 66 51 1.0
66 74 10 66 48 1.0
66 75 10 66 48 1.0
66 76 5 66 43 1.0
66 77 4 66 42 1.0
66 78 8 66 46 1.0
67 0 85 67 47 1.0
67 1 19 67 40 1.0
67 2 96 67 48 1.0
67 3 122 67 50 1.0
67 4 113 67 49 1.0
67 5 30 67 42 1.0
67 6 0 67 6 1.0
67 7 5 67 15 1.0
67 8 3 67 13 1.0
67 9 0 67 9 1.0
67 10 0 67 10 1.0
67 11 0 67 11 1.0
67 12 0 67 12 1.0
67 13 0 67 13 1.0
67 14 12 67 10 1.0
67 15 0 67 15 1.0
67 16 0 67 16 1.0
67 17 0 67 17 1.0
67 18 2 67 47 1.0
67 19 2 67 47 1.0
67 20 4 67 49 1.0
67 21 1 67 46 1.0
67 22 0 67 45 1.0
67 23 4 67 49 1.0
67 24 0 67 16 1.0
67 25 108 67 10 1.0
67 26 100 67 10 1.0
67 27 24 67 14 1.0
67 28 17 67 13 1.0
67 29 15 67 13 1.0
67 30 28 67 15 1.0
67 31 3 67 9 1.0
67 32 4 67 10 1.0
67 33 3 67 9 1.0
67 34 0 67 6 1.0
67 35 2 67 8 1.0
67 36 1 67 7 1.0
67 37 2 67 8 1.0
67 38 0 67 38 1.0
67 39 0 67 39 1.0
67 40 0 67 40 1.0
67 41 3 67 46 1.0
67 42 0 67 42 1.0
67 43 0 67 43 1.0
67 44 0 67 44 1.0
67 45 0 67 45 1.0
67 46 0 67 46 1.0
67 47 3 67 40 1.0
67 48 0 67 48 1.0
67 49 0 67 49 1.0
67 50 0 67 50 1.0
67 51 7 67 44 1.0
67 52 6 67 46 1.0
67 53 78 67 11 1.0
67 54 19 67 48 1.0
67 55 33 67 50 1.0
67 56 2 67 45 1.0
67 57 28 67 49 1.0
67 58 39 67 51 1.0
67 59 7 67 7 1.0
67 60 11 67 11 1.0
67 61 7 67 7 1.0
67 62 9 67 9 1.0
67 63 11 67 11 1.0
67 64 4 67 15 1.0
67 65 10 67 10 1.0
67 66 10 67 47 1.0
67 68 3 67 40 1.0
67 69 18 67 15 1.0
67 70 21 67 7 1.0
67 71 11 67 48 1.0
67 72 15 67 12 1.0
67 73 3 67 41 1.0
67 74 4 67 42 1.0
67 75 9 67 47 1.0
67 76 1 67 39 1.0
67 77 1 67 39 1.0
67 78 8 67 46 1.0
67 79 5 67 43 1.0
68 0 109 68 49 1.0
68 1 126 68 50 1.0
68 2 9 68 39 1.0
68 3 11 68 39 1.0
68 4 23 68 41 1.0
68 5 4 68 38 1.0
68 6 5 68 15 1.0
68 7 0 68 7 1.0
68 8 0 68 8 1.0
68 9 6 68 17 1.0
68 10 0 68 10 1.0
68 11 2 68 12 1.0
68 12 0 68 12 1.0
68 13 0 68 13 1.0
68 14 13 68 11 1.0
68 15 0 68 15 1.0
68 16 0 68 16 1.0
68 17 0 68 17 1.0
68 18 2 68 47 1.0
68 19 1 68 46 1.0
68 20 2 68 47 1.0
68 21 2 68 47 1.0
68 22 3 68 48 1.0
68 23 5 68 50 1.0
68 24 15 68 13 1.0
68 25 117 68 11 1.0
68 26 58 68 7 1.0
68 27 16 68 13 1.0
68 28 96 68 9 1.0
68 29 34 68 15 1.0
68 30 7 68 12 1.0
68 31 1 68 7 1.0
68 32 1 68 7 1.0
68 33 3 68 9 1.0
68 34 1 68 7 1.0
68 35 4 68 10 1.0
68 36 1 68 7 1.0
68 37 1 68 7 1.0
68 38 0 68 38 1.0
68 39 0 68 39 1.0
68 40 0 68 40 1.0
68 41 0 68 41 1.0
68 42 6 68 49 1.0
68 43 0 68 43 1.0
68 44 0 68 44 1.0
68 45 0 68 45 1.0
68 46 0 68 46 1.0
68 47 5 68 42 1.0
68 48 0 68 48 1.0
68 49 0 68 49 1.0
68 50 0 68 50 1.0
68 51 2 68 39 1.0
68 52 7 68 46 1.0
68 53 22 68 48 1.0
68 54 27 68 49 1.0
68 55 1 68 45 1.0
68 56 40 68 51 1.0
68 57 1 68 45 1.0
68 58 30 68 50 1.0
68 59 11 68 11 1.0
68 60 10 68 10 1.0
68 61 11 68 11 1.0
68 62 7 68 7 1.0
68 63 0 68 16 1.0
68 64 4 68 15 1.0
68 65 5 68 17 1.0
68 66 12 68 49 1.0
68 67 21 68 7 1.0
68 69 15 68 12 1.0
68 70 19 68 17 1.0
68 71 15 68 12 1.0
68 72 0 68 16 1.0
68 73 8 68 46 1.0
68 74 2 68 40 1.0
68 75 10 68 48 1.0
68 76 13 68 51 1.0
68 77 13 68 51 1.0
68 78 13 68 51 1.0
68 79 0 68 38 1.0
69 0 20 69 40 1.0
69 1 124 69 50 1.0
69 2 70 69 46 1.0
69 3 46 69 44 1.0
69 4 87 69 47 1.0
69 5 38 69 43 1.0
69 6 0 69 6 1.0
69 7 5 69 15 1.0
69 8 6 69 17 1.0
69 9 0 69 9 1.0
69 10 5 69 15 1.0
69 11 0 69 11 1.0
69 12 0 69 12 1.0
69 13 4 69 41 1.0
69 14 0 69 14 1.0
69 15 0 69 15 1.0
69 16 0 69 16 1.0
69 17 0 69 17 1.0
69 18 6 69 51 1.0
69 19 0 69 45 1.0
69 20 3 69 48 1.0
69 21 2 69 47 1.0
69 22 5 69 50 1.0
69 23 6 69 51 1.0
69 24 84 69 9 1.0
69 25 11 69 12 1.0
69 26 37 69 17 1.0
69 27 93 69 9 1.0
69 28 19 69 13 1.0
69 29 38 69 17 1.0
69 30 28 69 15 1.0
69 31 2 69 8 1.0
69 32 4 69 10 1.0
69 33 1 69 7 1.0
69 34 0 69 6 1.0
69 35 1 69 7 1.0
69 36 1 69 7 1.0
69 37 1 69 7 1.0
69 38 0 69 38 1.0
69 39 5 69 48 1.0
69 40 0 69 40 1.0
69 41 0 69 41 1.0
69 42 7 69 50 1.0
69 43 0 69 43 1.0
69 44 0 69 44 1.0
69 45 2 69 39 1.0
69 46 0 69 46 1.0
69 47 0 69 47 1.0
69 48 6 69 43 1.0
69 49 0 69 49 1.0
69 50 1 69 38 1.0
69 51 4 69 41 1.0
69 52 54 69 7 1.0
69 53 17 69 47 1.0
69 54 71 69 10 1.0
69 55 81 69 11 1.0
69 56 42 69 6 1.0
69 57 5 69 45 1.0
69 58 54 69 7 1.0
69 59 0 69 16 1.0
69 60 0 69 16 1.0
69 61 1 69 12 1.0
69 62 5 69 17 1.0
69 63 8 69 8 1.0
69 64 3 69 14 1.0
69 65 3 69 14 1.0
69 67 9 69 46 1.0
69 68 23 69 9 1.0
69 70 16 69 13 1.0
69 71 2 69 39 1.0
69 72 11 69 48 1.0
69 73 11 69 49 1.0
69 74 12 69 50 1.0
69 75 7 69 45 1.0
69 76 2 69 40 1.0
69 77 2 69 40 1.0
69 78 9 69 47 1.0
69 79 11 69 49 1.0
70 0 116 70 50 1.0
70 1 60 70 45 1.0
70 2 95 70 48 1.0
70 3 67 70 46 1.0
70 4 6 70 38 1.0
70 5 24 70 41 1.0
70 6 0 70 6 1.0
70 7 0 70 7 1.0
70 9 6 70 17 1.0
70 10 0 70 10 1.0
70 12 6 70 43 1.0
70 14 0 70 14 1.0
70 15 0 70 15 1.0
70 19 6 70 51 1.0
70 20 0 70 45 1.0
70 23 4 70 49 1.0
70 24 84 70 9 1.0
70 25 61 70 7 1.0
70 26 28 70 15 1.0
70 27 29 70 15 1.0
70 29 21 70 14 1.0
70 30 40 70 17 1.0
70 31 4 70 10 1.0
70 32 5 70 11 1.0
70 36 3 70 9 1.0
70 37 2 70 8 1.0
70 38 9 70 12 1.0
70 39 2 70 45 1.0
70 40 0 70 40 1.0
70 41 0 70 41 1.0
70 42 3 70 46 1.0
70 44 0 70 44 1.0
70 45 6 70 43 1.0
70 46 3 70 40 1.0
70 47 5 70 42 1.0
70 49 6 70 43 1.0
70 50 0 70 50 1.0
70 51 1 70 38 1.0
70 52 6 70 46 1.0
70 53 49 70 7 1.0
70 54 0 70 45 1.0
70 55 1 70 45 1.0
70 56 21 70 48 1.0
70 57 7 70 46 1.0
70 58 78 70 11 1.0
70 60 0 70 16 1.0
70 61 2 70 13 1.0
70 62 7 70 7 1.0
70 63 2 70 13 1.0
70 64 1 70 12 1.0
70 65 5 70 17 1.0
70 66 18 70 15 1.0
70 67 25 70 11 1.0
70 68 24 70 10 1.0
70 69 10 70 47 1.0
70 71 2 70 39 1.0
70 72 5 70 42 1.0
70 73 2 70 40 1.0
70 74 7 70 45 1.0
70 75 0 70 38 1.0
70 77 12 70 50 1.0
70 78 13 70 51 1.0
70 79 13 70 51 1.0
71 0 3 71 38 0.875
71 0 106 71 49 0.125
71 1 31 71 42 1.0
71 2 37 71 43 1.0
71 3 79 71 47 1.0
71 4 91 71 48 1.0
71 5 72 71 46 0.78125
71 5 73 71 46 0.171875
71 5 100 71 48 0.046875
71 6 3 71 13 0.71875
71 6 6 71 17 0.28125
71 7 1 71 16 1.0
71 8 0 71 8 1.0
71 9 2 71 12 1.0
71 10 1 71 16 1.0
71 14 0 71 14 1.0
71 15 0 71 15 1.0
71 19 5 71 50 1.0
71 20 4 71 49 1.0
71 21 5 71 50 1.0
71 23 0 71 45 1.0
71 24 114 71 11 1.0
71 25 35 71 17 1.0
71 26 104 71 10 1.0
71 27 112 71 11 1.0
71 29 73 71 8 1.0
71 30 32 71 15 0.34375
71 30 80 71 8 0.65625
71 31 0 71 6 0.75
71 31 1 71 7 0.25
71 32 4 71 10 1.0
71 33 4 71 10 1.0
71 36 2 71 8 1.0
71 38 11 71 14 1.0
71 40 12 71 15 1.0
71 41 0 71 41 1.0
71 42 0 71 42 0.34375
71 42 2 71 45 0.359375
71 42 8 71 51 0.296875
71 43 0 71 43 1.0
71 44 11 71 14 1.0
71 45 5 71 42 1.0
71 46 0 71 46 1.0
71 47 0 71 47 1.0
71 48 3 71 40 1.0
71 50 0 71 50 1.0
71 51 1 71 38 1.0
71 53 72 71 10 1.0
71 54 61 71 8 1.0
71 55 54 71 7 1.0
71 56 58 71 8 1.0
71 57 62 71 8 1.0
71 58 61 71 8 1.0
71 62 3 71 14 1.0
71 63 7 71 7 1.0
71 64 2 71 13 1.0
71 65 3 71 14 1.0
71 66 10 71 47 1.0
71 67 3 71 40 1.0
71 68 7 71 44 1.0
71 69 12 71 49 1.0
71 70 18 71 15 1.0
71 72 1 71 38 1.0
71 73 12 71 50 1.0
71 74 5 71 43 1.0
71 75 5 71 43 1.0
71 77 2 71 40 1.0
71 78 6 71 44 1.0
71 79 9 71 47 1.0
72 0 71 72 46 1.0
72 1 4 72 38 1.0
72 2 34 72 42 1.0
72 3 46 72 44 1.0
72 4 73 72 46 1.0
72 5 104 72 49 1.0
72 6 4 72 14 1.0
72 7 0 72 7 1.0
72 8 0 72 8 1.0
72 9 0 72 9 1.0
72 10 0 72 10 1.0
72 11 4 72 14 1.0
72 14 0 72 14 1.0
72 15 0 72 15 1.0
72 18 5 72 50 1.0
72 19 5 72 50 1.0
72 20 3 72 48 1.0
72 21 3 72 48 1.0
72 23 0 72 45 1.0
72 24 47 72 6 1.0
72 25 21 72 14 1.0
72 26 61 72 7 1.0
72 27 23 72 14 1.0
72 29 76 72 8 1.0
72 30 28 72 15 1.0
72 31 1 72 7 1.0
72 32 1 72 7 1.0
72 33 5 72 11 1.0
72 34 5 72 11 1.0
72 36 5 72 11 1.0
72 39 0 72 39 1.0
72 40 0 72 40 1.0
72 41 0 72 41 1.0
72 42 9 72 12 1.0
72 44 0 72 44 1.0
72 45 3 72 40 1.0
72 47 4 72 41 1.0
72 49 0 72 49 1.0
72 50 5 72 42 1.0
72 51 0 72 51 1.0
72 53 5 72 45 1.0
72 54 49 72 7 1.0
72 55 34 72 50 1.0
72 56 58 72 8 1.0
72 57 15 72 47 1.0
72 58 34 72 50 1.0
72 61 9 72 9 1.0
72 62 0 72 16 1.0
72 63 5 72 17 1.0
72 64 7 72 7 1.0
72 65 2 72 13 1.0
72 66 18 72 15 1.0
72 67 15 72 12 1.0
72 68 5 72 42 1.0
72 69 2 72 39 1.0
72 70 18 72 15 1.0
72 71 0 72 16 1.0
72 73 4 72 42 1.0
72 74 10 72 48 1.0
72 77 5 72 43 1.0
72 78 7 72 45 1.0
72 79 9 72 47 1.0
73 0 0 73 0 1.0
73 1 1 73 18 1.0
73 2 0 73 2 1.0
73 3 5 73 22 1.0
73 4 3 73 20 0.484375
73 4 4 73 21 0.515625
73 5 0 73 5 1.0
73 6 105 73 47 1.0
73 7 118 73 48 1.0
73 9 112 73 48 1.0
73 10 97 73 45 1.0
73 11 73 73 43 1.0
73 14 5 73 43 1.0
73 15 3 73 41 1.0
73 19 0 73 19 1.0
73 20 13 73 51 1.0
73 23 0 73 23 1.0
73 24 5 73 5 1.0
73 25 2 73 2 1.0
73 26 1 73 1 1.0
73 27 2 73 2 1.0
73 28 2 73 2 1.0
73 29 1 73 1 1.0
73 30 4 73 4 1.0
73 31 37 73 21 1.0
73 32 0 73 0 1.0
73 39 4 73 48 1.0
73 40 6 73 50 1.0
73 41 0 73 41 1.0
73 42 0 73 42 0.453125
73 42 7 73 51 0.546875
73 43 1 73 45 1.0
73 44 6 73 50 1.0
73 45 0 73 45 1.0
73 47 11 73 42 1.0
73 48 0 73 48 1.0
73 49 0 73 49 1.0
73 50 0 73 50 1.0
73 51 12 73 43 1.0
73 53 7 73 1 1.0
73 54 1 73 18 1.0
73 55 3 73 20 1.0
73 56 2 73 19 1.0
73 57 1 73 18 1.0
73 58 10 73 4 1.0
73 59 64 73 41 1.0
73 60 42 73 38 1.0
73 62 18 73 2 1.0
73 63 3 73 0 1.0
73 64 76 73 43 1.0
73 65 55 73 40 1.0
73 66 8 73 46 1.0
73 67 4 73 42 1.0
73 68 1 73 39 1.0
73 69 1 73 39 1.0
73 70 0 73 38 1.0
73 71 2 73 40 0.984375
73 71 3 73 41 0.015625
73 72 0 73 38 1.0
73 74 20 73 46 1.0
73 77 23 73 49 1.0
73 78 16 73 42 1.0
73 79 21 73 47 1.0
74 0 1 74 18 1.0
74 1 0 74 1 1.0
74 2 4 74 21 0.546875
74 2 5 74 22 0.453125
74 3 0 74 3 1.0
74 4 5 74 22 1.0
74 5 0 74 5 1.0
74 6 120 74 49 1.0
74 7 110 74 47 1.0
74 9 31 74 40 1.0
74 10 99 74 46 1.0
74 14 2 74 40 1.0
74 15 0 74 38 1.0
74 16 2 74 40 1.0
74 19 10 74 48 1.0
74 20 0 74 20 1.0
74 21 0 74 21 1.0
74 22 0 74 22 1.0
74 23 0 74 23 1.0
74 24 4 74 4 1.0
74 25 1 74 1 1.0
74 26 1 74 1 1.0
74 27 1 74 1 1.0
74 28 1 74 1 1.0
74 29 1 74 1 1.0
74 30 2 74 2 1.0
74 31 20 74 18 1.0
74 32 27 74 19 1.0
74 38 4 74 48 1.0
74 40 5 74 49 1.0
74 41 0 74 41 1.0
74 42 0 74 42 1.0
74 43 7 74 51 1.0
74 44 2 74 46 1.0
74 45 0 74 45 1.0
74 47 0 74 47 1.0
74 49 13 74 44 1.0
74 50 0 74 50 1.0
74 51 0 74 51 1.0
74 52 4 74 21 1.0
74 53 6 74 23 1.0
74 54 0 74 0 1.0
74 55 4 74 21 1.0
74 56 1 74 18 1.0
74 57 2 74 19 1.0
74 58 3 74 20 1.0
74 61 79 74 44 1.0
74 62 58 74 40 1.0
74 63 57 74 40 1.0
74 64 18 74 2 1.0
74 65 63 74 41 1.0
74 66 1 74 39 1.0
74 67 5 74 43 1.0
74 68 1 74 39 1.0
74 69 8 74 46 1.0
74 70 1 74 39 1.0
74 71 5 74 43 1.0
74 72 0 74 38 1.0
74 73 12 74 38 0.453125
74 73 21 74 47 0.546875
74 76 23 74 49 1.0
74 77 5 74 22 1.0
74 78 22 74 48 1.0
74 79 21 74 47 1.0
75 2 5 75 22 1.0
75 5 2 75 19 1.0
75 8 112 75 48 1.0
75 9 139 75 51 1.0
75 10 21 75 39 1.0
75 11 2 75 38 1.0
75 12 2 75 40 1.0
75 14 0 75 38 1.0
75 15 0 75 38 1.0
75 18 9 75 47 1.0
75 19 7 75 45 1.0
75 21 0 75 21 1.0
75 22 0 75 22 1.0
75 25 1 75 1 1.0
75 26 2 75 2 1.0
75 27 1 75 1 1.0
75 30 4 75 4 1.0
75 31 30 75 20 1.0
75 36 86 75 3 1.0
75 38 0 75 38 1.0
75 40 0 75 40 1.0
75 41 4 75 48 1.0
75 46 13 75 44 1.0
75 47 0 75 47 1.0
75 49 0 75 49 1.0
75 50 0 75 50 1.0
75 51 0 75 51 1.0
75 53 1 75 18 1.0
75 54 1 75 18 1.0
75 55 11 75 5 1.0
75 56 7 75 1 1.0
75 57 1 75 18 1.0
75 58 5 75 22 1.0
75 61 75 75 43 1.0
75 62 39 75 5 1.0
75 63 64 75 41 1.0
75 64 2 75 0 1.0
75 65 51 75 39 1.0
75 66 5 75 43 1.0
75 67 12 75 50 1.0
75 68 5 75 43 1.0
75 69 2 75 40 1.0
75 71 3 75 41 1.0
75 74 22 75 48 1.0
75 76 23 75 49 1.0
75 77 4 75 21 1.0
75 78 4 75 21 1.0
75 79 0 75 0 1.0
76 1 5 76 22 1.0
76 2 6 76 23 1.0
76 7 95 76 45 1.0
76 9 125 76 49 1.0
76 10 121 76 49 1.0
76 12 5 76 43 1.0
76 14 2 76 40 1.0
76 15 2 76 40 1.0
76 20 3 76 2 1.0
76 21 3 76 2 1.0
76 25 1 76 1 1.0
76 26 1 76 1 1.0
76 27 1 76 1 1.0
76 29 4 76 4 1.0
76 30 1 76 1 1.0
76 32 56 76 1 1.0
76 33 18 76 18 1.0
76 34 38 76 21 1.0
76 36 17 76 18 1.0
76 37 44 76 22 1.0
76 39 0 76 39 1.0
76 40 2 76 46 1.0
76 41 1 76 45 1.0
76 45 5 76 22 1.0
76 46 7 76 38 1.0
76 47 0 76 47 0.484375
76 47 8 76 39 0.515625
76 50 0 76 50 1.0
76 51 0 76 51 1.0
76 53 2 76 19 1.0
76 54 1 76 18 1.0
76 55 4 76 21 1.0
76 56 7 76 1 1.0
76 57 1 76 18 1.0
76 58 7 76 1 1.0
76 61 65 76 41 1.0
76 62 52 76 39 1.0
76 63 10 76 1 1.0
76 64 4 76 0 1.0
76 65 76 76 43 1.0
76 66 7 76 45 1.0
76 67 9 76 47 1.0
76 68 11 76 49 1.0
76 69 6 76 44 1.0
76 77 23 76 49 1.0
76 78 6 76 23 1.0
76 79 20 76 46 1.0
77 0 0 77 0 1.0
77 1 1 77 18 1.0
77 2 0 77 2 1.0
77 3 0 77 3 1.0
77 4 0 77 4 1.0
77 5 6 77 23 1.0
77 6 52 77 42 1.0
77 7 65 77 43 1.0
77 8 121 77 49 1.0
77 9 130 77 50 1.0
77 10 6 77 38 1.0
77 11 17 77 39 1.0
77 12 0 77 38 1.0
77 13 2 77 40 1.0
77 14 3 77 41 1.0
77 15 3 77 41 1.0
77 16 6 77 44 1.0
77 17 5 77 43 1.0
77 18 0 77 18 1.0
77 19 0 77 19 1.0
77 20 0 77 20 1.0
77 21 0 77 21 1.0
77 22 0 77 22 1.0
77 23 0 77 23 1.0
77 24 3 77 3 1.0
77 25 3 77 3 1.0
77 26 1 77 1 1.0
77 27 4 77 4 1.0
77 28 2 77 2 1.0
77 29 0 77 0 1.0
77 30 3 77 3 1.0
77 31 65 77 1 1.0
77 32 83 77 2 1.0
77 33 81 77 2 1.0
77 34 29 77 20 1.0
77 35 14 77 18 1.0
77 36 59 77 1 1.0
77 37 41 77 21 1.0
77 38 0 77 38 1.0
77 39 0 77 39 1.0
77 40 5 77 49 1.0
77 41 4 77 48 1.0
77 42 4 77 48 1.0
77 43 2 77 46 1.0
77 44 1 77 45 1.0
77 45 0 77 45 1.0
77 46 0 77 46 1.0
77 47 0 77 47 1.0
77 48 0 77 48 1.0
77 49 8 77 39 1.0
77 50 0 77 50 1.0
77 51 0 77 51 1.0
77 52 4 77 21 1.0
77 53 7 77 1 1.0
77 54 5 77 22 1.0
77 55 8 77 2 1.0
77 56 4 77 21 1.0
77 57 3 77 20 1.0
77 58 10 77 4 1.0
77 59 61 77 41 1.0
77 60 49 77 39 1.0
77 61 55 77 40 1.0
77 62 57 77 40 1.0
77 63 70 77 42 1.0
77 64 10 77 1 1.0
77 65 48 77 39 1.0
77 66 0 77 38 1.0
77 67 11 77 49 1.0
77 68 10 77 48 1.0
77 69 7 77 45 1.0
77 70 2 77 40 1.0
77 71 4 77 42 1.0
77 72 12 77 50 1.0
77 73 3 77 20 1.0
77 74 15 77 41 1.0
77 75 20 77 46 1.0
77 76 23 77 49 1.0
77 78 4 77 21 1.0
77 79 23 77 49 1.0
78 0 3 78 20 1.0
78 1 0 78 1 1.0
78 2 0 78 2 1.0
78 3 1 78 18 1.0
78 4 4 78 21 1.0
78 5 1 78 18 1.0
78 6 18 78 39 1.0
78 7 96 78 45 1.0
78 8 132 78 50 1.0
78 9 0 78 38 1.0
78 10 129 78 50 1.0
78 11 70 78 43 1.0
78 12 2 78 40 1.0
78 14 3 78 41 1.0
78 15 5 78 43 1.0
78 16 4 78 42 1.0
78 17 0 78 38 1.0
78 18 0 78 18 1.0
78 19 0 78 19 1.0
78 20 3 78 2 1.0
78 21 0 78 21 1.0
78 22 0 78 22 1.0
78 23 0 78 23 1.0
78 24 0 78 0 1.0
78 25 0 78 0 1.0
78 26 2 78 2 1.0
78 27 1 78 1 1.0
78 28 2 78 2 1.0
78 29 2 78 2 1.0
78 30 5 78 5 1.0
78 31 75 78 2 1.0
78 32 18 78 18 1.0
78 33 0 78 0 1.0
78 34 48 78 22 1.0
78 35 6 78 0 1.0
78 36 30 78 20 1.0
78 37 6 78 0 1.0
78 38 7 78 51 1.0
78 39 0 78 39 1.0
78 40 6 78 50 1.0
78 41 0 78 41 1.0
78 42 0 78 42 1.0
78 43 0 78 43 1.0
78 44 0 78 44 1.0
78 45 0 78 45 1.0
78 46 0 78 46 1.0
78 47 0 78 47 1.0
78 48 0 78 48 1.0
78 49 0 78 49 1.0
78 50 0 78 50 1.0
78 51 0 78 51 1.0
78 52 9 78 3 1.0
78 53 7 78 1 1.0
78 54 8 78 2 1.0
78 55 3 78 20 1.0
78 56 3 78 20 1.0
78 57 5 78 22 1.0
78 58 1 78 18 1.0
78 59 29 78 4 1.0
78 60 48 78 39 1.0
78 61 52 78 39 1.0
78 62 0 78 0 1.0
78 63 52 78 39 1.0
78 64 41 78 5 1.0
78 65 71 78 42 1.0
78 66 2 78 40 1.0
78 67 1 78 39 1.0
78 68 2 78 40 1.0
78 69 10 78 48 1.0
78 70 1 78 39 1.0
78 71 5 78 43 1.0
78 72 10 78 48 1.0
78 73 16 78 42 1.0
78 74 23 78 49 1.0
78 75 13 78 39 1.0
78 76 7 78 1 1.0
78 77 24 78 50 1.0
78 79 20 78 46 1.0
79 0 0 79 0 1.0
79 1 1 79 18 1.0
79 2 0 79 2 1.0
79 3 0 79 3 1.0
79 4 0 79 4 1.0
79 5 0 79 5 1.0
79 6 135 79 51 1.0
79 7 128 79 50 1.0
79 8 49 79 41 1.0
79 9 41 79 41 1.0
79 10 127 79 50 1.0
79 11 120 79 49 1.0
79 12 4 79 42 1.0
79 14 4 79 42 1.0
79 15 1 79 39 1.0
79 16 3 79 41 1.0
79 17 5 79 43 1.0
79 18 0 79 18 1.0
79 19 0 79 19 1.0
79 20 0 79 20 1.0
79 21 0 79 21 1.0
79 22 0 79 22 1.0
79 23 0 79 23 1.0
79 24 3 79 3 1.0
79 25 1 79 1 1.0
79 26 2 79 2 1.0
79 27 1 79 1 1.0
79 28 5 79 5 1.0
79 29 1 79 1 1.0
79 30 5 79 5 1.0
79 31 65 79 1 1.0
79 32 69 79 1 1.0
79 33 23 79 19 1.0
79 34 6 79 0 1.0
79 35 43 79 22 1.0
79 36 50 79 23 1.0
79 37 65 79 1 1.0
79 38 0 79 38 1.0
79 39 4 79 48 1.0
79 40 2 79 46 1.0
79 41 0 79 41 1.0
79 42 0 79 42 1.0
79 43 0 79 43 1.0
79 44 7 79 51 1.0
79 45 0 79 45 1.0
79 46 0 79 46 1.0
79 47 0 79 47 1.0
79 48 12 79 43 1.0
79 49 0 79 49 1.0
79 50 0 79 50 1.0
79 51 0 79 51 1.0
79 52 5 79 22 1.0
79 53 7 79 1 1.0
79 54 1 79 18 1.0
79 55 4 79 21 1.0
79 56 8 79 2 1.0
79 57 8 79 2 1.0
79 58 7 79 1 1.0
79 59 20 79 2 1.0
79 60 5 79 0 1.0
79 61 43 79 38 1.0
79 62 83 79 44 1.0
79 63 59 79 40 1.0
79 64 53 79 39 1.0
79 65 48 79 39 1.0
79 67 9 79 47 1.0
79 68 1 79 39 1.0
79 69 5 79 43 1.0
79 70 2 79 40 1.0
79 71 0 79 38 1.0
79 72 1 79 39 1.0
79 73 14 79 40 1.0
79 74 7 79 1 1.0
79 75 17 79 43 1.0
79 76 23 79 49 1.0
79 77 25 79 51 1.0
79 78 1 79 18 1.0
