1_475_1000_320_0_0 80 240 0.661742 0.124883 0.68452 10.0759 604.155 2.55714
1_475_1000_320_0_0 80 240 160 3132044 86098264500 27489.5 19575.3 5.38114e+08 1.94403e+09
1_475_1000_320_1_1 80 240 0.661742 0.124883 0.68452 10.0759 604.155 2.55714
1_475_1000_320_1_1 80 240 160 3132044 86098264500 27489.5 19575.3 5.38114e+08 1.94403e+09
1_475_1000_320_2_2 80 240 0.646158 0.124558 0.6771 9.90803 570.803 2.47396
1_475_1000_320_2_2 80 240 160 3132046 86098302000 27489.5 19575.3 5.38114e+08 1.99694e+09
1_475_1000_320_3_3 80 240 0.666616 0.125046 0.680238 10.0093 561.1 2.50847
1_475_1000_320_3_3 80 240 160 3132044 86098185000 27489.5 19575.3 5.38114e+08 2.01548e+09
1_475_1000_320_4_4 80 240 0.662181 0.125557 0.685423 9.96881 574.378 2.55012
1_475_1000_320_4_4 80 240 160 3132043 86097459000 27489.2 19575.3 5.38109e+08 1.90951e+09
1_475_1000_320_5_5 80 240 0.644777 0.125097 0.679958 10.0019 569.159 2.50285
1_475_1000_320_5_5 80 240 160 3132043 86098197000 27489.5 19575.3 5.38114e+08 2.01642e+09
1_475_1000_320_6_6 80 240 0.693528 0.125472 0.683874 10.1437 570.531 2.57896
1_475_1000_320_6_6 80 240 160 3132039 86097954000 27489.4 19575.2 5.38112e+08 1.98842e+09
1_475_1000_320_7_7 80 240 0.650214 0.125076 0.676261 9.85676 612.157 2.4509
1_475_1000_320_7_7 80 240 160 3132038 86097933000 27489.4 19575.2 5.38112e+08 1.85781e+09
1_475_1000_320_8_8 80 240 0.673618 0.12493 0.681545 10.111 560.757 2.54799
1_475_1000_320_8_8 80 240 160 3132040 86097670500 27489.3 19575.2 5.3811e+08 1.96122e+09
1_475_1000_320_9_9 80 240 0.673324 0.124979 0.682271 10.006 569.729 2.51903
1_475_1000_320_9_9 80 240 160 3132041 86097723000 27489.3 19575.3 5.38111e+08 2.00149e+09
