55_0_0_200_0_49 50 150 0.492081 0.120267 0.603031 9.95401 211.523 2.97886
55_0_0_200_0_49 50 150 100 1780657 62228233500 34946.8 17806.6 622282335 3.29215e+09
55_0_0_200_50_99 50 150 0.508778 0.120534 0.600343 10.0105 245.781 2.96717
55_0_0_200_50_99 50 150 100 1780748 62429734500 35058.2 17807.5 624297345 3.33566e+09
55_0_0_200_100_149 50 150 0.510102 0.120922 0.601505 10.0394 224.16 3.00683
55_0_0_200_100_149 50 150 100 1780787 62278630500 34972.5 17807.9 622786305 3.24481e+09
55_0_0_200_150_199 50 150 0.512442 0.121001 0.608005 9.96879 216.139 3.02884
55_0_0_200_150_199 50 150 100 1782101 62641134000 35150.2 17821 626411340 3.48158e+09
55_0_0_200_200_249 50 150 0.500065 0.121093 0.613623 10.0682 240.531 3.0726
55_0_0_200_200_249 50 150 100 1782955 62658639000 35143.1 17829.5 626586390 3.21945e+09
55_0_0_200_250_299 50 150 0.521342 0.121086 0.607671 10.1201 203.941 3.07985
55_0_0_200_250_299 50 150 100 1781657 62523996000 35093.2 17816.6 625239960 3.40107e+09
55_0_0_200_300_349 50 150 0.510776 0.121304 0.606837 10.0727 211.614 3.06762
55_0_0_200_300_349 50 150 100 1783064 62324641500 34953.7 17830.6 623246415 3.21333e+09
55_0_0_200_350_399 50 150 0.544658 0.12102 0.61553 10.3131 210.475 3.21671
55_0_0_200_350_399 50 150 100 1782927 62515926000 35063.6 17829.3 625159260 3.5458e+09
55_0_0_200_400_449 50 150 0.520943 0.121806 0.616049 10.1354 195.225 3.1228
55_0_0_200_400_449 50 150 100 1783490 62580990000 35089.1 17834.9 625809900 3.45808e+09
55_0_0_200_450_499 50 150 0.494164 0.119769 0.598689 9.95626 191.97 2.96484
55_0_0_200_450_499 50 150 100 1782840 62105218500 34835 17828.4 621052185 3.27106e+09
