20_5_10_100_0_0 25 75 0.51148 0.224465 0.916771 9.48881 95.85 3.54169
20_5_10_100_0_0 25 75 50 1405013 36067912500 25670.9 28100.3 721358250 1.31094e+09
20_5_10_100_1_1 25 75 0.51148 0.224465 0.916771 9.48881 95.85 3.54169
20_5_10_100_1_1 25 75 50 1405013 36067912500 25670.9 28100.3 721358250 1.31094e+09
20_5_10_100_2_2 25 75 0.517609 0.224326 0.921513 9.53236 121.818 3.58376
20_5_10_100_2_2 25 75 50 1405013 36067947000 25670.9 28100.3 721358940 1.32137e+09
20_5_10_100_3_3 25 75 0.518358 0.223616 0.911781 9.54229 96.2804 3.5795
20_5_10_100_3_3 25 75 50 1405012 36067912500 25670.9 28100.2 721358250 1.35538e+09
20_5_10_100_4_4 25 75 0.517085 0.224376 0.927253 9.53022 104.914 3.59382
20_5_10_100_4_4 25 75 50 1405015 36067963500 25670.9 28100.3 721359270 1.31354e+09
20_5_10_100_5_5 25 75 0.519097 0.222898 0.915644 9.62227 113.721 3.62305
20_5_10_100_5_5 25 75 50 1405014 36067935000 25670.9 28100.3 721358700 1.32822e+09
20_5_10_100_6_6 25 75 0.524154 0.224356 0.928959 9.6194 111.141 3.65113
20_5_10_100_6_6 25 75 50 1405014 36067951500 25670.9 28100.3 721359030 1.36775e+09
20_5_10_100_7_7 25 75 0.509482 0.224016 0.921928 9.38145 95.3468 3.56461
20_5_10_100_7_7 25 75 50 1405015 36067948500 25670.9 28100.3 721358970 1.32239e+09
20_5_10_100_8_8 25 75 0.516729 0.223631 0.931912 9.58196 99.5254 3.65726
20_5_10_100_8_8 25 75 50 1405013 36067897500 25670.9 28100.3 721357950 1.33974e+09
20_5_10_100_9_9 25 75 0.519925 0.225288 0.932367 9.43621 110.368 3.57061
20_5_10_100_9_9 25 75 50 1405015 36066933000 25670.1 28100.3 721338660 1.3412e+09
