20_75_100_100_0_0 25 75 0.58791 0.232578 1.06252 10.0752 182.166 4.25366
20_75_100_100_0_0 25 75 50 1419647 36501277500 25711.5 28392.9 730025550 1.49397e+09
20_75_100_100_1_1 25 75 0.58791 0.232578 1.06252 10.0752 182.166 4.25366
20_75_100_100_1_1 25 75 50 1419647 36501277500 25711.5 28392.9 730025550 1.49397e+09
20_75_100_100_2_2 25 75 0.585909 0.232982 1.07762 10.1844 121.287 4.36312
20_75_100_100_2_2 25 75 50 1419647 36501573000 25711.7 28392.9 730031460 1.52545e+09
20_75_100_100_3_3 25 75 0.573171 0.234306 1.07479 10.1 100.323 4.33477
20_75_100_100_3_3 25 75 50 1419646 36501537000 25711.7 28392.9 730030740 1.45573e+09
20_75_100_100_4_4 25 75 0.564422 0.232515 1.02397 9.91954 163.607 4.06679
20_75_100_100_4_4 25 75 50 1419649 36501202500 25711.4 28393 730024050 1.45885e+09
20_75_100_100_5_5 25 75 0.570433 0.233166 1.06325 9.99626 112.938 4.22205
20_75_100_100_5_5 25 75 50 1419648 36501453000 25711.6 28393 730029060 1.47272e+09
20_75_100_100_6_6 25 75 0.56078 0.232001 1.03036 9.95484 122.406 4.12146
20_75_100_100_6_6 25 75 50 1419648 36500529000 25711 28393 730010580 1.44154e+09
20_75_100_100_7_7 25 75 0.568914 0.234371 1.06885 9.99515 114.36 4.24373
20_75_100_100_7_7 25 75 50 1419649 36501588000 25711.7 28393 730031760 1.47161e+09
20_75_100_100_8_8 25 75 0.573213 0.233724 1.05421 10.0441 171.676 4.1825
20_75_100_100_8_8 25 75 50 1419647 36501447000 25711.6 28392.9 730028940 1.4697e+09
20_75_100_100_9_9 25 75 0.561191 0.232706 1.03101 9.87615 164.733 4.05619
20_75_100_100_9_9 25 75 50 1419649 36501588000 25711.7 28393 730031760 1.4273e+09
