20_5_10_100_0_0 25 75 0.528206 0.135551 0.835204 11.1077 71.5517 4.33829
20_5_10_100_0_0 25 75 50 23644 813321000 34398.6 472.88 16266420 8.4058e+07
20_5_10_100_1_1 25 75 0.528206 0.135551 0.835204 11.1077 71.5517 4.33829
20_5_10_100_1_1 25 75 50 23644 813321000 34398.6 472.88 16266420 8.4058e+07
20_5_10_100_2_2 25 75 0.526251 0.139384 0.890276 10.5402 61.4313 4.4961
20_5_10_100_2_2 25 75 50 23608 821460000 34795.8 472.16 16429200 9.44116e+07
20_5_10_100_3_3 25 75 0.442681 0.139946 0.795462 9.70578 39.8901 3.56611
20_5_10_100_3_3 25 75 50 23595 808546500 34267.7 471.9 16170930 6.0185e+07
20_5_10_100_4_4 25 75 0.525972 0.138209 0.890432 10.7767 64.553 4.46802
20_5_10_100_4_4 25 75 50 23595 857451000 36340.4 471.9 17149020 9.20214e+07
20_5_10_100_5_5 25 75 0.507706 0.148067 0.8987 10.0017 68.2038 4.20874
20_5_10_100_5_5 25 75 50 23615 844278000 35751.8 472.3 16885560 8.71924e+07
20_5_10_100_6_6 25 75 0.477362 0.136033 0.78493 10.0044 54.8968 3.94028
20_5_10_100_6_6 25 75 50 23670 815803500 34465.7 473.4 16316070 7.7933e+07
20_5_10_100_7_7 25 75 0.548895 0.153112 1.1289 10.6287 64.452 5.11595
20_5_10_100_7_7 25 75 50 23642 850047000 35955 472.84 17000940 9.5492e+07
20_5_10_100_8_8 25 75 0.479722 0.142286 0.828793 10.1 66.7779 4.05713
20_5_10_100_8_8 25 75 50 23749 806877000 33975.2 474.98 16137540 6.07875e+07
20_5_10_100_9_9 25 75 0.512021 0.139392 0.965514 10.2482 42.9649 4.67581
20_5_10_100_9_9 25 75 50 23461 785892000 33497.8 469.22 15717840 6.51712e+07
