1237_5_10_40_0_0 10 30 0.514717 0.202868 0.89973 10.0817 114.345 4.23127
1237_5_10_40_0_0 10 30 20 1222035 42972192000 35164.5 61101.8 2148609600 1.04347e+10
1237_5_10_40_1_1 10 30 0.514717 0.202868 0.89973 10.0817 114.345 4.23127
1237_5_10_40_1_1 10 30 20 1222035 42972192000 35164.5 61101.8 2148609600 1.04347e+10
1237_5_10_40_2_2 10 30 0.511146 0.20368 0.895953 10.0095 112.697 4.1655
1237_5_10_40_2_2 10 30 20 1221487 42810085500 35047.5 61074.3 2140504275 1.04654e+10
1237_5_10_40_3_3 10 30 0.511842 0.203931 0.89216 9.95882 111.286 4.16716
1237_5_10_40_3_3 10 30 20 1222094 42841444500 35055.8 61104.7 2142072225 1.05429e+10
1237_5_10_40_4_4 10 30 0.509599 0.202985 0.889364 10.0342 111.967 4.11381
1237_5_10_40_4_4 10 30 20 1221459 42865042500 35093.3 61072.9 2143252125 1.04457e+10
1237_5_10_40_5_5 10 30 0.509105 0.202595 0.883989 9.94136 103.002 4.14177
1237_5_10_40_5_5 10 30 20 1221176 42661494000 34934.8 61058.8 2133074700 1.02567e+10
1237_5_10_40_6_6 10 30 0.509936 0.203863 0.909561 9.93433 89.0142 4.17317
1237_5_10_40_6_6 10 30 20 1221335 42893224500 35120 61066.8 2144661225 1.05258e+10
1237_5_10_40_7_7 10 30 0.505704 0.202636 0.885119 9.98 87.8197 4.08711
1237_5_10_40_7_7 10 30 20 1221269 42885262500 35115.3 61063.4 2144263125 1.05121e+10
1237_5_10_40_8_8 10 30 0.505382 0.20262 0.885224 9.94704 80.0034 4.10993
1237_5_10_40_8_8 10 30 20 1221048 42804429000 35055.5 61052.4 2140221450 1.04171e+10
1237_5_10_40_9_9 10 30 0.509456 0.203207 0.898469 10.0211 115.249 4.15507
1237_5_10_40_9_9 10 30 20 1221020 42900480000 35135 61051 2145024000 1.0507e+10
