18_75_100_640_0_0 160 480 0.504745 0.137555 0.708628 9.92276 542.009 3.37041
18_75_100_640_0_0 160 480 320 778422 27270469500 35033 2432.57 8.52202e+07 5.53588e+08
18_75_100_640_1_1 160 480 0.504745 0.137555 0.708628 9.92276 542.009 3.37041
18_75_100_640_1_1 160 480 320 778422 27270469500 35033 2432.57 8.52202e+07 5.53588e+08
18_75_100_640_2_2 160 480 0.448215 0.135904 0.692578 9.39003 314.409 3.11104
18_75_100_640_2_2 160 480 320 778355 27233218500 34988.2 2432.36 8.51038e+07 4.67457e+08
18_75_100_640_3_3 160 480 0.477957 0.137136 0.701551 9.86194 296.022 3.27995
18_75_100_640_3_3 160 480 320 777971 27269103000 35051.6 2431.16 8.52159e+07 4.87517e+08
18_75_100_640_4_4 160 480 0.448484 0.136106 0.693787 9.52344 222.758 3.18324
18_75_100_640_4_4 160 480 320 778221 27298936500 35078.6 2431.94 8.53092e+07 4.66833e+08
18_75_100_640_5_5 160 480 0.422094 0.136067 0.671015 9.04402 261.308 2.9914
18_75_100_640_5_5 160 480 320 777467 27105109500 34863.4 2429.58 8.47035e+07 4.0756e+08
18_75_100_640_6_6 160 480 0.456086 0.136107 0.699084 9.58107 251.393 3.2322
18_75_100_640_6_6 160 480 320 777074 27130111500 34913.2 2428.36 8.47816e+07 4.7905e+08
18_75_100_640_7_7 160 480 0.481226 0.137489 0.699645 9.80044 357.433 3.24515
18_75_100_640_7_7 160 480 320 776888 27249310500 35075 2427.78 8.51541e+07 5.10122e+08
18_75_100_640_8_8 160 480 0.426027 0.135326 0.673135 9.21536 233.009 2.98651
18_75_100_640_8_8 160 480 320 776793 27125325000 34919.6 2427.48 8.47666e+07 3.93246e+08
18_75_100_640_9_9 160 480 0.486987 0.133941 0.664977 9.56457 588.38 3.02464
18_75_100_640_9_9 160 480 320 777577 27169686000 34941.5 2429.93 8.49053e+07 4.69054e+08
