0 8
0 11
0 14
0 20
0 35
0 41
0 43
0 61
0 66
0 75
0 88
0 167
0 170
1 16
1 41
1 49
1 50
1 52
1 70
1 74
1 78
1 98
1 99
1 210
1 302
1 750
1 916
2 4
2 8
2 9
2 16
2 49
2 60
2 63
2 90
2 96
2 99
2 100
2 217
2 334
2 766
2 781
2 783
3 0
3 1
3 16
3 29
3 49
3 54
3 56
3 63
3 64
3 67
3 82
3 101
3 114
3 245
4 2
4 5
4 12
4 50
4 70
4 77
4 81
4 97
4 271
4 799
4 806
5 8
5 17
5 31
5 38
5 41
5 59
5 76
5 83
5 95
5 97
5 98
5 331
5 365
6 25
6 26
6 38
6 40
6 53
6 70
6 71
6 329
6 956
7 10
7 28
7 48
7 62
7 63
7 70
7 75
7 76
7 97
7 99
7 197
7 533
7 613
7 851
8 12
8 22
8 28
8 33
8 55
8 95
8 228
8 264
8 1006
9 0
9 4
9 34
9 37
9 38
9 39
9 44
9 48
9 57
9 69
9 75
9 101
9 614
9 731
9 832
10 4
10 39
10 63
10 67
10 68
10 82
10 96
10 201
11 15
11 47
11 54
11 64
11 76
11 84
11 91
11 93
11 157
11 259
11 459
11 656
12 0
12 3
12 4
12 21
12 39
12 44
12 57
12 89
12 92
12 563
12 907
13 1
13 7
13 9
13 23
13 36
13 51
13 59
13 81
13 90
13 91
13 95
13 98
13 99
13 101
13 281
13 360
14 0
14 6
14 27
14 32
14 43
14 54
14 91
14 93
14 94
14 95
14 99
14 291
14 384
14 413
15 8
15 10
15 28
15 51
15 59
15 71
15 80
15 498
15 633
16 18
16 21
16 24
16 28
16 31
16 44
16 76
16 85
16 87
16 90
16 509
16 549
16 957
17 6
17 23
17 30
17 46
17 49
17 65
17 66
17 68
17 91
17 94
17 100
17 520
17 941
18 7
18 13
18 41
18 52
18 53
18 382
18 798
18 890
19 3
19 5
19 24
19 33
19 76
19 99
19 100
19 123
19 147
19 193
19 562
19 795
20 14
20 24
20 40
20 49
20 69
20 95
20 884
20 939
21 0
21 4
21 9
21 14
21 16
21 74
21 76
21 78
21 85
21 91
21 100
21 683
21 694
21 708
21 831
21 871
22 9
22 30
22 34
22 52
22 76
22 79
22 96
22 293
23 3
23 8
23 32
23 37
23 45
23 57
23 61
23 84
23 86
23 87
23 815
24 2
24 11
24 17
24 30
24 35
24 45
24 55
24 69
24 88
24 92
24 439
24 626
24 690
25 6
25 26
25 35
25 36
25 55
25 85
25 95
25 123
25 299
25 329
25 930
25 980
26 13
26 17
26 23
26 32
26 39
26 43
26 51
26 58
26 68
26 73
26 87
26 93
26 100
26 405
26 574
26 835
27 1
27 4
27 6
27 13
27 16
27 19
27 20
27 34
27 37
27 52
27 55
27 61
27 62
27 69
27 339
27 416
27 785
28 2
28 10
28 17
28 23
28 29
28 41
28 42
28 46
28 75
28 95
28 655
29 0
29 18
29 19
29 39
29 58
29 67
29 85
29 93
29 97
29 880
29 1011
30 1
30 11
30 16
30 44
30 46
30 85
30 95
30 274
30 434
31 5
31 10
31 29
31 58
31 59
31 67
31 70
31 85
31 95
31 177
31 308
31 366
31 480
31 584
31 600
31 683
32 0
32 6
32 12
32 18
32 22
32 33
32 42
32 50
32 54
32 57
32 80
32 86
32 606
33 6
33 35
33 36
33 52
33 56
33 60
33 68
33 83
33 256
33 451
33 594
34 4
34 10
34 11
34 13
34 23
34 27
34 30
34 35
34 40
34 44
34 48
34 51
34 101
34 256
34 386
34 445
34 715
35 1
35 15
35 29
35 38
35 41
35 50
35 57
35 60
35 66
35 83
35 84
35 88
35 91
35 92
36 1
36 15
36 37
36 75
36 79
36 87
37 0
37 14
37 21
37 33
37 34
37 63
37 65
37 77
37 86
37 87
37 97
37 244
37 405
37 455
38 3
38 8
38 10
38 29
38 33
38 48
38 52
38 54
38 69
38 71
38 90
38 93
38 94
38 99
38 127
38 131
38 274
38 371
38 383
38 424
38 426
38 545
38 908
39 2
39 3
39 5
39 30
39 34
39 42
39 52
39 74
39 75
39 80
39 86
39 627
39 704
40 9
40 11
40 15
40 82
40 93
40 94
40 95
40 238
40 486
41 5
41 21
41 42
41 56
41 61
41 69
41 71
41 77
41 85
42 4
42 24
42 32
42 74
42 84
42 92
43 8
43 9
43 12
43 14
43 20
43 31
43 33
43 39
43 44
43 64
43 79
43 90
43 97
43 595
44 5
44 34
44 43
44 62
44 85
44 88
44 91
44 97
44 413
44 946
45 0
45 64
45 68
45 72
45 76
45 78
45 87
45 95
45 97
45 359
45 636
45 677
45 959
46 35
46 40
46 45
46 47
46 49
46 55
46 80
46 81
46 96
46 501
46 740
46 880
47 22
47 23
47 46
47 77
47 84
47 89
47 92
47 94
47 99
47 172
47 210
47 700
47 835
48 13
48 49
48 51
48 80
48 96
48 97
48 165
48 936
49 17
49 20
49 38
49 55
49 58
49 69
49 70
49 77
49 92
49 97
49 679
50 3
50 9
50 12
50 43
50 44
50 56
50 86
50 112
50 664
50 696
50 938
51 16
51 21
51 28
51 33
51 66
52 18
52 22
52 37
52 59
52 60
52 61
52 62
52 78
52 92
52 96
52 97
52 102
52 341
52 662
52 738
52 1000
53 3
53 14
53 29
53 41
53 42
53 52
53 55
53 58
53 60
53 70
53 86
53 100
53 399
54 31
54 35
54 38
54 45
54 51
54 65
54 66
54 69
54 70
54 77
54 92
54 575
55 16
55 17
55 25
55 26
55 44
55 50
55 51
55 59
55 75
55 96
55 147
55 193
55 511
55 1014
56 2
56 11
56 31
56 42
56 100
56 377
56 618
56 774
56 877
57 11
57 25
57 38
57 43
57 46
57 50
57 64
57 73
57 77
57 80
57 87
57 90
57 93
57 943
58 20
58 43
58 78
58 79
58 89
58 100
58 654
59 0
59 9
59 16
59 55
59 73
59 81
59 89
59 92
59 98
59 99
59 565
59 619
59 880
60 1
60 8
60 27
60 49
60 51
60 52
60 54
60 74
60 75
60 81
60 92
60 99
60 240
60 251
60 285
60 975
61 9
61 17
61 22
61 26
61 30
61 39
61 46
61 55
61 85
61 113
61 735
62 7
62 10
62 36
62 42
62 45
62 54
62 58
62 59
62 393
62 502
63 23
63 32
63 35
63 44
63 51
63 81
63 86
63 615
63 895
64 4
64 5
64 14
64 16
64 23
64 62
64 67
64 69
64 75
64 101
64 174
64 411
64 531
64 634
64 945
64 949
64 969
65 9
65 11
65 78
65 82
65 84
65 101
65 207
65 741
65 785
66 8
66 16
66 36
66 40
66 58
66 59
66 63
66 68
66 80
66 95
66 634
67 18
67 31
67 32
67 42
67 62
67 74
67 76
67 85
67 95
67 97
67 198
67 873
68 6
68 23
68 29
68 41
68 44
68 56
68 79
68 86
68 94
69 12
69 14
69 19
69 28
69 32
69 53
69 54
69 55
69 70
69 74
69 75
69 91
69 95
69 96
69 100
69 118
69 298
70 12
70 18
70 20
70 34
70 35
70 56
70 71
70 91
70 165
70 474
70 666
70 694
71 3
71 6
71 21
71 22
71 26
71 28
71 39
71 43
71 54
71 75
71 80
71 90
71 94
71 97
71 201
72 14
72 15
72 27
72 37
72 69
72 74
72 83
72 85
72 94
72 100
72 101
72 351
72 670
72 749
72 909
73 20
73 29
73 36
73 38
73 72
74 7
74 19
74 35
74 41
74 54
74 67
74 77
74 79
74 82
74 89
74 100
74 167
74 260
74 275
74 488
74 513
75 3
75 6
75 36
75 39
75 41
75 58
75 68
75 78
75 82
75 88
75 473
76 0
76 8
76 9
76 21
76 23
76 25
76 29
76 33
76 38
76 50
76 53
76 57
76 77
76 463
77 14
77 20
77 31
77 43
77 46
77 53
77 71
77 86
77 88
77 89
77 96
77 772
78 2
78 3
78 16
78 23
78 37
78 43
78 58
78 67
78 72
78 89
78 92
78 408
78 826
78 864
79 25
79 28
79 29
79 47
79 64
79 81
79 99
79 148
79 492
79 542
79 608
80 7
80 20
80 42
80 43
80 50
80 53
80 54
80 60
80 67
80 81
80 82
80 93
80 441
81 2
81 9
81 14
81 25
81 31
81 33
81 73
81 76
81 84
81 482
81 483
81 915
82 2
82 3
82 4
82 5
82 19
82 22
82 32
82 34
82 39
82 75
82 85
82 87
82 323
82 723
83 2
83 11
83 13
83 36
83 37
83 41
83 52
83 53
83 54
83 56
83 64
83 82
83 332
83 498
83 691
83 971
83 1012
84 14
84 46
84 52
84 56
84 57
84 58
84 68
84 94
84 253
85 12
85 18
85 20
85 36
85 39
85 44
85 79
85 82
85 96
85 133
85 192
85 518
85 626
85 658
85 683
85 878
86 2
86 10
86 19
86 80
86 199
86 332
86 519
86 748
87 21
87 39
87 50
87 59
87 74
87 77
87 83
87 92
87 95
88 2
88 3
88 18
88 31
88 39
88 43
88 45
88 74
88 95
88 98
88 137
88 300
88 710
88 851
89 8
89 22
89 33
89 74
89 100
89 123
89 461
89 463
89 963
90 23
90 48
90 51
90 52
90 56
90 57
90 66
90 70
90 76
90 84
90 91
90 92
90 299
90 568
90 738
90 1001
91 8
91 11
91 23
91 26
91 28
91 36
91 37
91 49
91 61
91 95
91 141
91 728
91 776
91 986
92 3
92 12
92 29
92 33
92 36
92 39
92 45
92 60
92 73
92 79
92 98
92 99
92 655
92 697
93 12
93 22
93 31
93 33
93 67
93 68
93 78
93 80
93 92
93 99
93 457
94 21
94 30
94 47
94 57
94 64
94 77
94 78
94 80
94 93
94 97
94 944
95 11
95 15
95 35
95 41
95 43
95 48
95 61
95 77
95 90
95 321
95 432
96 12
96 26
96 29
96 51
96 63
96 77
96 84
96 257
96 275
96 498
96 876
97 15
97 19
97 46
97 47
97 54
97 83
97 86
97 89
97 660
97 857
98 23
98 28
98 29
98 31
98 43
98 46
98 50
98 51
98 69
98 75
98 85
98 86
98 147
98 288
98 305
98 612
98 848
98 986
99 1
99 3
99 20
99 21
99 22
99 33
99 35
100 5
100 11
100 21
100 23
100 32
100 40
100 50
100 70
100 73
100 74
100 83
100 196
100 907
101 7
101 16
101 27
101 29
101 39
101 42
101 54
101 69
101 93
101 178
101 181
101 671
101 739
103 9
106 228
106 452
112 374
113 754
115 30
115 85
117 39
121 125
122 66
126 64
128 314
130 6
130 76
131 794
132 71
133 935
134 87
134 95
136 64
137 66
144 212
147 34
147 68
148 395
148 503
148 768
149 41
152 15
152 17
152 50
153 11
154 12
158 10
162 36
162 39
162 75
163 921
164 101
165 89
165 279
167 7
180 27
185 86
186 30
189 75
192 5
193 14
193 64
206 74
208 94
208 410
210 31
211 75
212 81
216 32
220 65
222 271
226 40
230 2
233 14
234 3
234 574
234 642
235 76
236 2
236 257
239 240
242 44
246 60
249 96
250 67
250 192
251 11
254 34
255 13
255 674
258 13
259 25
260 101
262 11
266 36
273 51
275 793
276 60
277 855
278 81
279 73
280 99
283 75
284 69
285 88
286 12
286 88
291 9
292 452
297 53
299 78
300 10
300 21
303 87
305 27
307 65
314 86
316 247
319 338
319 815
320 12
321 94
324 32
325 0
325 77
329 70
330 4
332 45
332 76
333 62
340 113
342 46
344 63
347 6
349 82
350 70
353 3
357 46
358 44
362 5
362 12
363 80
366 35
369 938
373 603
375 3
375 41
375 627
376 59
378 47
379 98
380 10
382 2
382 85
382 854
385 35
387 97
388 53
390 30
391 74
392 84
394 2
401 49
405 806
412 77
416 464
418 55
419 255
421 35
421 58
422 60
424 1017
427 85
431 27
431 91
437 12
439 67
442 100
444 245
444 995
445 10
446 287
447 45
449 66
451 437
453 100
455 66
457 8
457 35
460 96
462 70
464 43
465 910
466 662
471 93
476 99
481 83
482 29
484 456
486 20
494 439
501 1002
502 65
502 671
505 24
505 73
508 45
510 48
516 974
523 92
527 92
528 66
532 24
533 89
535 16
535 29
535 95
538 67
539 48
541 0
543 949
544 0
544 17
545 52
546 63
547 24
553 23
558 87
558 606
564 95
575 27
582 29
588 27
591 31
592 882
597 64
599 54
603 7
603 71
605 65
606 188
607 73
611 729
613 65
614 958
622 74
623 26
623 69
624 52
625 83
627 94
631 44
631 87
633 789
638 217
645 1
647 487
652 30
652 72
656 975
660 96
660 111
661 17
661 645
663 22
674 300
680 21
680 766
685 42
688 96
693 50
694 83
696 41
698 18
700 31
701 4
701 8
701 29
705 28
708 61
712 8
721 6
725 7
725 10
727 40
728 721
729 26
736 31
736 43
742 446
744 429
745 69
746 43
747 38
747 410
748 4
749 29
750 61
750 165
751 72
753 80
756 45
756 692
758 746
761 6
762 37
771 88
772 86
772 93
774 90
777 957
778 74
779 87
788 6
794 28
794 52
795 81
796 40
800 17
803 8
804 24
805 4
809 69
812 124
820 92
822 12
822 93
823 213
825 80
830 52
836 46
842 0
843 39
843 91
847 48
849 110
850 87
856 62
861 515
863 6
864 96
865 58
867 2
872 88
879 52
881 14
885 24
885 28
886 55
887 81
887 324
889 213
890 697
896 86
897 28
907 75
908 52
909 34
915 784
916 42
919 564
924 101
928 52
929 94
931 3
932 56
932 100
933 72
934 69
935 83
936 99
937 34
937 55
940 50
943 97
945 10
945 19
948 23
948 69
949 25
952 696
954 21
956 3
962 271
967 54
969 759
972 19
979 83
983 28
983 30
984 100
990 372
993 77
993 690
997 537
999 55
1005 61
1008 2
1008 37
1008 41
1011 43
1013 59
1014 54
1016 56
1019 42
1019 133
1020 43
