0 5
0 6
0 12
0 26
0 46
0 62
0 74
0 76
0 78
0 298
0 424
0 768
1 2
1 28
1 38
1 43
1 51
1 63
1 74
1 81
1 83
1 84
1 342
1 598
1 891
2 1
2 3
2 5
2 40
2 67
2 83
2 99
2 344
2 444
2 763
3 24
3 26
3 91
3 92
3 545
3 561
3 569
3 994
4 8
4 14
4 15
4 36
4 39
4 41
4 56
4 71
4 78
4 88
4 726
4 763
4 835
5 0
5 24
5 38
5 43
5 54
5 65
5 74
5 595
5 783
5 788
5 852
6 29
6 33
6 38
6 42
6 43
6 44
6 65
6 69
6 78
6 88
6 97
6 894
7 25
7 29
7 44
7 71
7 73
7 75
7 82
7 96
7 97
7 307
7 615
7 850
8 2
8 5
8 6
8 9
8 18
8 40
8 46
8 52
8 55
8 78
8 91
8 866
9 25
9 36
9 58
9 68
9 77
9 82
9 88
9 94
9 354
9 778
9 946
9 981
10 5
10 19
10 43
10 53
10 67
10 74
10 82
10 87
10 94
10 98
11 7
11 15
11 17
11 27
11 30
11 39
11 50
11 52
11 58
11 64
11 67
11 75
11 76
11 220
11 931
12 2
12 45
12 62
12 67
12 77
12 140
12 159
12 424
12 633
13 14
13 16
13 18
13 31
13 37
13 66
13 72
13 845
14 6
14 15
14 21
14 28
14 38
14 44
14 45
14 48
14 49
14 51
14 72
14 77
14 81
14 83
14 256
15 5
15 9
15 20
15 23
15 31
15 34
15 46
15 77
15 387
15 393
16 3
16 53
16 54
16 59
16 83
16 88
16 99
17 0
17 16
17 40
17 56
17 62
17 65
17 69
17 87
17 94
17 641
18 33
18 48
18 52
18 60
18 88
18 133
18 180
18 224
18 470
18 531
19 10
19 33
19 37
19 42
19 65
19 75
19 81
19 95
19 281
19 450
19 968
20 1
20 10
20 17
20 19
20 34
20 52
20 60
20 99
20 388
20 615
20 655
21 5
21 11
21 17
21 43
21 44
21 45
21 73
21 75
21 180
21 767
21 808
22 11
22 24
22 26
22 75
22 77
22 81
22 94
22 167
23 6
23 8
23 11
23 12
23 20
23 29
23 36
23 50
23 52
23 54
23 72
23 76
23 80
23 89
23 98
23 707
23 772
23 870
23 918
24 4
24 16
24 20
24 27
24 32
24 37
24 41
24 62
24 67
24 88
24 94
24 99
24 544
24 577
24 722
24 728
24 1020
25 18
25 26
25 43
25 45
25 75
25 87
25 91
25 94
25 97
25 99
25 327
25 538
25 940
26 0
26 4
26 8
26 23
26 41
26 51
26 72
26 77
26 99
26 846
27 17
27 18
27 42
27 52
27 64
27 68
27 89
27 226
27 870
28 1
28 14
28 15
28 24
28 26
28 31
28 33
28 55
28 63
28 75
28 88
28 602
28 889
29 3
29 11
29 24
29 39
29 50
29 57
29 62
29 89
29 151
29 478
29 640
30 22
30 46
30 63
30 85
30 92
30 880
30 882
31 0
31 4
31 9
31 15
31 28
31 40
31 51
31 55
31 62
31 84
31 85
31 87
31 92
31 94
31 267
31 813
31 999
32 7
32 14
32 28
32 57
32 68
32 78
32 101
32 652
32 656
32 829
33 8
33 19
33 22
33 39
33 59
33 62
33 72
33 92
33 430
33 921
33 943
33 1019
34 1
34 3
34 8
34 13
34 25
34 29
34 42
34 47
34 52
34 58
34 80
34 81
34 82
34 89
34 91
34 97
34 255
34 333
34 542
34 872
34 905
35 13
35 26
35 34
35 38
35 42
35 45
35 56
35 70
35 71
35 94
36 17
36 43
36 45
36 59
36 71
36 83
36 96
36 414
36 603
36 740
37 14
37 16
37 32
37 36
37 49
37 50
37 57
37 65
37 70
37 77
37 99
37 272
37 273
37 796
37 982
38 6
38 9
38 11
38 15
38 27
38 30
38 32
38 35
38 45
38 48
38 49
38 81
38 92
38 94
38 222
38 426
39 3
39 18
39 21
39 22
39 29
39 50
39 53
39 54
39 60
39 63
39 79
39 86
39 97
39 392
39 412
39 443
39 466
40 4
40 18
40 28
40 42
40 69
40 84
40 95
40 236
40 699
40 788
41 7
41 15
41 20
41 24
41 38
41 46
41 66
41 74
41 675
42 3
42 5
42 17
42 38
42 44
42 238
42 323
42 640
42 907
43 6
43 21
43 23
43 33
43 48
43 97
43 158
43 279
43 705
44 28
44 51
44 54
44 56
44 57
44 64
44 77
44 87
44 507
44 583
44 819
45 2
45 13
45 25
45 26
45 32
45 39
45 51
45 96
45 141
45 446
45 467
45 562
45 894
45 1020
46 5
46 48
46 49
46 54
46 55
46 65
46 89
46 95
47 3
47 8
47 66
47 70
47 72
47 75
47 86
47 635
47 981
47 1016
48 2
48 25
48 26
48 45
48 47
48 80
48 86
48 99
48 231
48 855
49 2
49 5
49 7
49 19
49 30
49 44
49 52
49 60
49 75
49 79
49 80
49 84
49 88
49 94
49 95
49 897
50 0
50 1
50 3
50 7
50 11
50 18
50 34
50 46
50 53
50 86
50 97
50 98
50 556
50 562
50 644
51 7
51 21
51 35
51 54
51 56
51 60
51 62
51 69
51 74
51 75
51 82
51 88
51 100
51 126
51 237
51 562
51 841
51 881
52 7
52 14
52 20
52 36
52 41
52 48
52 59
52 66
52 87
52 137
53 9
53 14
53 35
53 59
53 79
53 89
53 396
53 533
54 5
54 13
54 22
54 26
54 34
54 35
54 37
54 58
54 63
54 88
54 99
54 147
54 416
55 0
55 24
55 25
55 47
55 60
55 74
55 86
55 360
55 499
55 540
56 5
56 22
56 29
56 63
56 76
56 98
56 241
56 249
56 289
56 620
57 19
57 44
57 69
57 73
57 75
57 96
57 784
57 816
57 837
58 29
58 30
58 32
58 34
58 53
58 55
58 65
58 69
58 95
58 98
58 189
58 464
59 0
59 7
59 35
59 39
59 65
59 74
59 83
59 85
59 92
59 95
59 99
59 303
59 635
59 656
60 3
60 4
60 9
60 18
60 21
60 51
60 66
60 83
60 87
60 92
60 100
60 595
60 672
60 822
61 11
61 34
61 60
61 62
61 98
61 100
61 566
62 10
62 11
62 12
62 14
62 20
62 34
62 50
62 51
62 58
62 72
62 99
62 238
62 477
62 844
62 912
63 0
63 13
63 28
63 42
63 43
63 65
63 75
63 89
63 799
64 0
64 2
64 74
64 76
64 77
64 81
64 90
64 94
64 336
64 460
64 677
65 13
65 21
65 24
65 38
65 45
65 48
65 97
65 625
66 4
66 25
66 34
66 39
66 48
66 50
66 58
66 370
66 685
66 686
67 7
67 19
67 27
67 37
67 44
67 45
67 46
67 50
67 63
67 70
67 83
67 98
67 279
67 783
67 817
67 920
68 11
68 16
68 25
68 29
68 33
68 58
68 70
68 78
68 88
68 393
68 670
69 8
69 24
69 29
69 30
69 49
69 86
69 95
69 242
69 355
69 771
69 840
69 1022
70 1
70 3
70 18
70 21
70 26
70 29
70 34
70 44
70 50
70 60
70 66
70 84
70 86
70 90
70 99
70 245
70 668
70 685
71 0
71 5
71 22
71 38
71 39
71 46
71 47
71 52
71 84
71 88
71 98
71 100
71 533
71 714
71 989
72 2
72 11
72 14
72 24
72 25
72 40
72 65
72 73
72 87
72 956
73 2
73 14
73 17
73 28
73 29
73 34
73 70
73 71
73 72
73 78
73 207
73 309
73 748
73 818
74 1
74 8
74 22
74 38
74 47
74 81
74 86
74 96
74 100
74 101
74 158
74 493
74 572
75 3
75 8
75 20
75 21
75 45
75 65
75 66
75 95
75 293
75 353
75 429
75 742
75 949
76 16
76 17
76 35
76 39
76 54
76 85
76 86
76 101
76 182
76 259
76 506
77 9
77 10
77 11
77 17
77 22
77 26
77 38
77 40
77 47
77 61
77 96
77 103
77 278
77 350
78 4
78 6
78 12
78 22
78 24
78 27
78 48
78 50
78 55
78 76
78 79
78 97
79 0
79 7
79 9
79 10
79 12
79 17
79 21
79 27
79 38
79 41
79 64
79 85
79 188
79 483
79 687
79 719
80 0
80 7
80 17
80 19
80 22
80 27
80 32
80 36
80 50
80 51
80 52
80 63
80 75
80 92
80 101
80 413
80 443
80 537
81 1
81 31
81 38
81 49
81 51
81 63
81 66
81 78
81 93
81 96
81 312
81 516
82 12
82 33
82 43
82 45
82 48
82 79
82 103
82 259
82 585
82 747
83 1
83 21
83 31
83 34
83 36
83 45
83 50
83 52
83 56
83 60
83 63
83 73
83 93
83 271
83 411
83 558
84 17
84 21
84 85
84 86
84 98
84 270
84 508
85 19
85 21
85 51
85 57
85 62
85 65
85 83
85 147
85 240
85 262
86 6
86 8
86 52
86 53
86 71
86 82
86 92
86 95
86 147
86 411
86 716
87 19
87 20
87 26
87 41
87 46
87 54
87 61
87 76
87 77
87 90
87 746
87 776
88 2
88 25
88 27
88 28
88 56
88 60
88 83
88 95
88 108
88 120
88 358
88 474
88 585
88 593
88 735
88 747
88 1003
89 4
89 16
89 46
89 90
89 95
89 96
89 98
89 561
89 717
89 1001
90 3
90 12
90 16
90 24
90 42
90 54
90 60
90 62
90 72
90 73
90 76
90 78
90 93
90 98
90 216
90 452
91 4
91 19
91 20
91 21
91 22
91 24
91 31
91 34
91 57
91 74
91 84
91 94
91 258
92 6
92 18
92 49
92 67
92 71
92 89
92 91
92 99
92 115
93 4
93 64
93 76
93 146
93 685
94 2
94 17
94 22
94 23
94 27
94 35
94 51
94 52
94 53
94 62
94 83
94 98
94 305
94 354
94 398
94 550
94 691
94 744
94 855
95 2
95 8
95 20
95 22
95 24
95 33
95 45
95 56
95 68
95 81
95 85
95 133
95 211
95 589
95 781
95 1004
96 9
96 40
96 45
96 51
96 54
96 55
96 70
96 72
96 74
96 83
96 92
96 177
96 239
96 631
97 19
97 24
97 32
97 43
97 72
97 76
97 79
97 83
97 91
97 94
97 334
97 465
97 628
98 12
98 15
98 19
98 42
98 62
98 67
98 69
98 71
98 80
98 92
99 2
99 17
99 18
99 20
99 34
99 35
99 39
99 49
99 62
99 80
99 91
99 100
99 485
99 557
100 10
100 13
100 14
100 20
100 21
100 27
100 64
100 66
100 67
100 72
100 81
100 93
100 94
100 330
100 354
100 409
100 757
101 7
101 16
101 26
101 30
101 48
101 60
101 71
101 194
101 559
103 262
104 93
105 69
105 76
109 59
118 51
123 44
124 809
128 342
135 44
147 923
153 49
155 82
156 19
157 8
157 41
160 89
164 368
167 429
169 92
171 495
174 50
185 12
186 44
187 7
188 13
189 11
193 52
195 101
199 68
203 82
204 227
214 99
217 91
231 576
233 39
237 12
238 103
247 47
248 10
250 41
251 3
251 771
252 21
253 83
256 59
257 99
273 96
277 16
278 45
279 57
284 83
285 12
290 314
294 49
294 68
295 52
300 539
301 60
303 68
304 36
308 43
310 90
310 100
311 63
313 47
316 10
317 70
323 12
324 35
332 22
334 50
341 66
343 27
349 558
350 57
353 52
356 0
356 42
357 88
361 34
362 649
364 29
364 83
366 37
368 100
372 76
375 125
376 20
377 6
380 25
383 40
383 54
384 75
385 57
387 42
388 713
389 84
394 38
395 9
396 58
398 53
400 939
403 92
407 54
414 81
416 54
417 483
418 75
424 50
424 555
427 852
432 32
435 95
436 24
440 60
442 96
444 328
456 75
456 86
458 878
460 7
465 80
468 96
470 29
471 11
475 28
476 21
478 99
478 884
480 83
481 71
482 61
492 64
492 341
493 49
493 980
494 995
499 21
500 349
501 23
504 14
505 13
505 85
506 37
509 203
510 39
513 247
514 32
517 77
518 859
524 57
525 53
526 260
531 97
532 124
537 807
538 31
544 24
561 645
566 28
567 10
568 961
572 86
577 43
578 19
585 96
586 95
588 52
589 31
590 9
594 76
594 88
598 17
599 9
600 440
603 45
603 101
608 775
609 49
610 11
613 43
613 495
615 30
621 68
623 50
626 174
630 18
632 82
634 270
635 101
639 975
642 57
643 391
645 52
646 44
647 215
653 44
653 91
654 23
656 47
658 69
671 70
671 89
671 712
672 1004
677 19
678 87
678 942
679 31
680 6
688 73
691 97
695 46
698 30
698 60
701 84
702 4
704 35
711 78
712 949
713 68
714 55
716 57
719 47
720 614
721 81
722 75
727 77
727 98
729 99
731 56
733 53
735 7
735 14
736 8
740 739
741 76
749 43
751 68
751 88
752 39
756 182
757 9
762 13
762 51
765 68
768 45
769 7
770 99
772 78
776 37
782 4
782 308
786 41
788 90
791 36
796 80
797 96
800 69
806 52
807 90
809 289
813 86
814 44
814 75
817 64
820 6
824 71
826 70
826 312
827 42
828 16
829 75
830 845
834 183
837 13
840 101
843 515
845 607
847 3
851 3
853 26
854 27
859 29
864 63
865 60
866 97
868 85
871 579
872 388
873 59
874 78
878 48
879 64
882 51
886 66
888 82
891 41
891 80
895 35
897 9
898 6
901 580
902 888
906 82
907 61
907 92
913 51
914 59
915 72
916 73
917 63
922 69
922 764
924 29
924 60
928 622
929 22
950 30
950 51
951 56
951 82
954 101
958 77
960 42
961 889
962 223
963 12
966 19
969 125
969 673
970 45
970 114
973 2
974 100
977 16
980 52
982 280
983 26
986 90
988 73
988 606
989 53
990 36
994 61
996 68
999 54
1002 3
1002 50
1005 4
1012 65
1014 51
1015 11
1019 288
