2 7 0 2 52 0.046875
2 7 1 2 53 0.03125
2 7 2 2 54 0.03125
2 7 3 2 55 0.046875
2 7 4 2 56 0.03125
2 7 5 2 57 0.046875
2 7 6 2 58 0.046875
2 7 8 2 25 0.015625
2 7 9 2 26 0.03125
2 7 10 2 27 0.046875
2 7 11 2 28 0.046875
2 7 12 2 29 0.046875
2 7 13 2 30 0.046875
2 7 14 2 73 0.03125
2 7 15 2 74 0.03125
2 7 16 2 75 0.046875
2 7 17 2 76 0.046875
2 7 18 2 77 0.046875
2 7 19 2 78 0.046875
2 7 20 2 79 0.046875
2 7 21 2 18 0.015625
2 7 22 2 19 0.03125
2 7 23 2 20 0.03125
2 7 24 2 21 0.03125
2 7 25 2 22 0.03125
2 7 26 2 23 0.046875
2 24 0 2 24 0.015625
2 24 1 2 52 0.046875
2 24 2 2 53 0.046875
2 24 3 2 54 0.046875
2 24 4 2 55 0.046875
2 24 5 2 56 0.03125
2 24 6 2 57 0.046875
2 24 7 2 58 0.046875
2 24 8 2 73 0.03125
2 24 9 2 74 0.015625
2 24 10 2 75 0.03125
2 24 11 2 76 0.015625
2 24 12 2 77 0.03125
2 24 13 2 25 0.03125
2 24 14 2 29 0.046875
2 24 15 2 30 0.046875
2 24 16 2 26 0.046875
2 24 17 2 27 0.0625
2 24 18 2 28 0.046875
2 24 19 2 18 0.03125
2 24 20 2 19 0.03125
2 24 21 2 20 0.046875
2 24 22 2 21 0.046875
2 24 23 2 22 0.03125
2 24 24 2 23 0.046875
2 24 25 2 79 0.015625
2 24 26 2 78 0.015625
2 32 0 2 24 0.03125
2 32 1 2 25 0.015625
2 32 2 2 26 0.03125
2 32 3 2 27 0.046875
2 32 4 2 28 0.046875
2 32 5 2 29 0.046875
2 32 6 2 30 0.046875
2 32 7 2 52 0.078125
2 32 8 2 53 0.03125
2 32 9 2 54 0.0625
2 32 10 2 55 0.0625
2 32 11 2 56 0.046875
2 32 12 2 57 0.0625
2 32 13 2 58 0.0625
2 32 14 2 73 0.03125
2 32 15 2 74 0.046875
2 32 16 2 75 0.03125
2 32 17 2 76 0.0625
2 32 18 2 77 0.03125
2 32 19 2 78 0.03125
2 32 20 2 79 0.046875
2 32 26 2 23 0.046875
2 35 0 2 24 0.015625
2 35 1 2 25 0.015625
2 35 2 2 26 0.046875
2 35 3 2 27 0.046875
2 35 4 2 28 0.046875
2 35 5 2 29 0.046875
2 35 6 2 30 0.046875
2 35 7 2 52 0.078125
2 35 8 2 53 0.0625
2 35 9 2 54 0.0625
2 35 10 2 55 0.0625
2 35 11 2 56 0.046875
2 35 12 2 57 0.0625
2 35 13 2 58 0.0625
2 35 14 2 73 0.03125
2 35 15 2 74 0.046875
2 35 16 2 75 0.03125
2 35 17 2 76 0.03125
2 35 18 2 77 0.03125
2 35 19 2 78 0.03125
2 35 20 2 79 0.046875
2 35 26 2 23 0.046875
3 7 0 3 52 0.046875
3 7 1 3 53 0.03125
3 7 2 3 54 0.03125
3 7 3 3 55 0.046875
3 7 4 3 56 0.03125
3 7 5 3 57 0.046875
3 7 6 3 58 0.046875
3 7 8 3 25 0.03125
3 7 9 3 26 0.03125
3 7 10 3 27 0.03125
3 7 11 3 28 0.046875
3 7 12 3 29 0.046875
3 7 13 3 30 0.046875
3 7 14 3 73 0.03125
3 7 15 3 74 0.03125
3 7 16 3 75 0.046875
3 7 17 3 76 0.046875
3 7 18 3 77 0.046875
3 7 19 3 78 0.046875
3 7 20 3 79 0.046875
3 7 21 3 18 0.015625
3 7 22 3 19 0.03125
3 7 23 3 20 0.03125
3 7 24 3 21 0.03125
3 7 25 3 22 0.03125
3 7 26 3 23 0.046875
3 24 0 3 24 0.015625
3 24 1 3 52 0.046875
3 24 2 3 53 0.046875
3 24 3 3 54 0.046875
3 24 4 3 55 0.046875
3 24 5 3 56 0.046875
3 24 6 3 57 0.046875
3 24 7 3 58 0.046875
3 24 8 3 73 0.046875
3 24 9 3 74 0.015625
3 24 10 3 75 0.015625
3 24 11 3 76 0.015625
3 24 12 3 77 0.03125
3 24 13 3 25 0.046875
3 24 14 3 29 0.046875
3 24 15 3 30 0.046875
3 24 16 3 26 0.03125
3 24 17 3 27 0.046875
3 24 18 3 28 0.046875
3 24 19 3 18 0.03125
3 24 20 3 19 0.03125
3 24 21 3 20 0.046875
3 24 22 3 21 0.046875
3 24 23 3 22 0.03125
3 24 24 3 23 0.046875
3 24 25 3 79 0.015625
3 24 26 3 78 0.015625
3 32 0 3 24 0.03125
3 32 1 3 25 0.03125
3 32 2 3 26 0.015625
3 32 3 3 27 0.03125
3 32 4 3 28 0.046875
3 32 5 3 29 0.046875
3 32 6 3 30 0.046875
3 32 7 3 52 0.078125
3 32 8 3 53 0.03125
3 32 9 3 54 0.0625
3 32 10 3 55 0.078125
3 32 11 3 56 0.046875
3 32 12 3 57 0.0625
3 32 13 3 58 0.0625
3 32 14 3 73 0.03125
3 32 15 3 74 0.046875
3 32 16 3 75 0.03125
3 32 17 3 76 0.0625
3 32 18 3 77 0.03125
3 32 19 3 78 0.03125
3 32 20 3 79 0.046875
3 32 26 3 23 0.046875
3 35 0 3 24 0.03125
3 35 1 3 25 0.03125
3 35 2 3 26 0.015625
3 35 3 3 27 0.03125
3 35 4 3 28 0.046875
3 35 5 3 29 0.046875
3 35 6 3 30 0.0625
3 35 7 3 52 0.078125
3 35 8 3 53 0.0625
3 35 9 3 54 0.0625
3 35 10 3 55 0.0625
3 35 11 3 56 0.046875
3 35 12 3 57 0.0625
3 35 13 3 58 0.078125
3 35 14 3 73 0.015625
3 35 15 3 74 0.046875
3 35 16 3 75 0.03125
3 35 17 3 76 0.03125
3 35 18 3 77 0.03125
3 35 19 3 78 0.03125
3 35 20 3 79 0.046875
3 35 26 3 23 0.046875
10 7 0 10 12 0.046875
10 7 1 10 13 0.015625
10 7 2 10 14 0.015625
10 7 4 10 16 0.015625
10 7 5 10 17 0.015625
10 7 6 10 31 0.046875
10 7 7 10 32 0.015625
10 7 8 10 33 0.015625
10 7 9 10 34 0.015625
10 7 10 10 35 0.015625
10 7 11 10 36 0.03125
10 7 12 10 37 0.03125
10 7 13 10 59 0.109375
10 7 14 10 60 0.078125
10 7 15 10 61 0.0625
10 7 16 10 62 0.0625
10 7 17 10 63 0.0625
10 7 18 10 64 0.0625
10 7 19 10 65 0.0625
10 7 20 10 66 0.03125
10 7 21 10 67 0.03125
10 7 22 10 68 0.03125
10 7 23 10 69 0.015625
10 7 24 10 70 0.03125
10 7 25 10 71 0.03125
10 7 26 10 72 0.046875
10 24 0 10 31 0.03125
10 24 1 10 32 0.015625
10 24 2 10 33 0.03125
10 24 4 10 35 0.015625
10 24 5 10 36 0.015625
10 24 6 10 37 0.03125
10 24 7 10 59 0.046875
10 24 8 10 60 0.046875
10 24 9 10 61 0.046875
10 24 10 10 62 0.046875
10 24 11 10 63 0.03125
10 24 12 10 64 0.03125
10 24 13 10 65 0.0625
10 24 14 10 66 0.046875
10 24 15 10 67 0.03125
10 24 16 10 68 0.0625
10 24 17 10 69 0.03125
10 24 18 10 70 0.046875
10 24 19 10 71 0.046875
10 24 20 10 72 0.015625
10 24 21 10 12 0.046875
10 24 23 10 14 0.046875
10 24 24 10 15 0.046875
10 24 25 10 16 0.0625
10 24 26 10 17 0.0625
10 32 0 10 32 0.015625
10 32 1 10 59 0.046875
10 32 2 10 60 0.046875
10 32 3 10 61 0.046875
10 32 4 10 62 0.046875
10 32 5 10 63 0.046875
10 32 6 10 64 0.046875
10 32 7 10 65 0.046875
10 32 8 10 66 0.03125
10 32 9 10 67 0.03125
10 32 10 10 68 0.03125
10 32 11 10 69 0.03125
10 32 12 10 70 0.046875
10 32 13 10 37 0.046875
10 32 14 10 31 0.03125
10 32 15 10 33 0.046875
10 32 16 10 34 0.046875
10 32 18 10 36 0.03125
10 32 19 10 12 0.03125
10 32 20 10 13 0.046875
10 32 21 10 14 0.046875
10 32 22 10 15 0.03125
10 32 23 10 16 0.03125
10 32 24 10 17 0.03125
10 32 25 10 71 0.03125
10 32 26 10 72 0.03125
10 35 0 10 35 0.015625
10 35 1 10 59 0.046875
10 35 2 10 60 0.046875
10 35 3 10 61 0.046875
10 35 4 10 62 0.046875
10 35 5 10 63 0.046875
10 35 6 10 64 0.046875
10 35 7 10 65 0.046875
10 35 8 10 66 0.03125
10 35 9 10 67 0.03125
10 35 10 10 68 0.03125
10 35 11 10 69 0.015625
10 35 12 10 70 0.046875
10 35 13 10 37 0.046875
10 35 14 10 31 0.03125
10 35 16 10 33 0.046875
10 35 17 10 34 0.046875
10 35 18 10 36 0.03125
10 35 19 10 12 0.03125
10 35 20 10 13 0.046875
10 35 21 10 14 0.046875
10 35 22 10 15 0.046875
10 35 23 10 16 0.03125
10 35 24 10 17 0.03125
10 35 25 10 71 0.03125
10 35 26 10 72 0.03125
13 7 0 13 7 0.015625
13 7 1 13 59 0.0625
13 7 2 13 60 0.046875
13 7 3 13 61 0.046875
13 7 4 13 62 0.046875
13 7 5 13 63 0.046875
13 7 6 13 64 0.046875
13 7 7 13 65 0.03125
13 7 8 13 66 0.015625
13 7 9 13 67 0.015625
13 7 10 13 68 0.03125
13 7 11 13 69 0.03125
13 7 12 13 70 0.03125
13 7 13 13 71 0.03125
13 7 14 13 72 0.03125
13 7 15 13 38 0.03125
13 7 16 13 39 0.03125
13 7 17 13 40 0.03125
13 7 18 13 41 0.03125
13 7 19 13 42 0.0625
13 7 20 13 6 0.046875
13 7 21 13 8 0.03125
13 7 22 13 9 0.046875
13 7 23 13 10 0.0625
13 7 24 13 11 0.03125
13 7 25 13 43 0.03125
13 7 26 13 44 0.03125
13 24 0 13 59 0.03125
13 24 1 13 60 0.015625
13 24 2 13 61 0.03125
13 24 3 13 62 0.046875
13 24 4 13 63 0.03125
13 24 5 13 64 0.03125
13 24 6 13 65 0.046875
13 24 7 13 6 0.03125
13 24 8 13 7 0.015625
13 24 9 13 8 0.0625
13 24 10 13 9 0.046875
13 24 11 13 10 0.03125
13 24 12 13 11 0.0625
13 24 13 13 38 0.03125
13 24 14 13 39 0.03125
13 24 15 13 40 0.03125
13 24 16 13 41 0.046875
13 24 17 13 42 0.03125
13 24 18 13 43 0.046875
13 24 19 13 66 0.03125
13 24 20 13 67 0.03125
13 24 21 13 68 0.046875
13 24 22 13 69 0.046875
13 24 23 13 70 0.03125
13 24 24 13 71 0.046875
13 24 25 13 72 0.03125
13 24 26 13 44 0.03125
13 32 0 13 6 0.03125
13 32 1 13 7 0.015625
13 32 2 13 8 0.03125
13 32 3 13 9 0.046875
13 32 4 13 10 0.03125
13 32 5 13 11 0.03125
13 32 6 13 59 0.046875
13 32 7 13 60 0.046875
13 32 8 13 61 0.0625
13 32 9 13 62 0.0625
13 32 10 13 63 0.0625
13 32 11 13 64 0.0625
13 32 12 13 65 0.046875
13 32 13 13 38 0.015625
13 32 14 13 39 0.03125
13 32 15 13 40 0.03125
13 32 16 13 41 0.03125
13 32 17 13 42 0.03125
13 32 18 13 43 0.03125
13 32 19 13 44 0.03125
13 32 20 13 66 0.03125
13 32 21 13 67 0.03125
13 32 22 13 68 0.03125
13 32 23 13 69 0.03125
13 32 24 13 70 0.03125
13 32 25 13 71 0.03125
13 32 26 13 72 0.03125
13 35 0 13 6 0.03125
13 35 1 13 7 0.015625
13 35 2 13 8 0.03125
13 35 3 13 9 0.03125
13 35 4 13 10 0.03125
13 35 5 13 11 0.03125
13 35 6 13 59 0.046875
13 35 7 13 60 0.046875
13 35 8 13 61 0.0625
13 35 9 13 62 0.0625
13 35 10 13 63 0.0625
13 35 11 13 64 0.0625
13 35 12 13 65 0.046875
13 35 13 13 38 0.015625
13 35 14 13 39 0.03125
13 35 15 13 40 0.03125
13 35 16 13 41 0.03125
13 35 17 13 42 0.03125
13 35 18 13 43 0.03125
13 35 19 13 44 0.03125
13 35 20 13 66 0.03125
13 35 21 13 67 0.046875
13 35 22 13 68 0.03125
13 35 23 13 69 0.03125
13 35 24 13 70 0.03125
13 35 25 13 71 0.03125
13 35 26 13 72 0.03125
16 7 0 16 7 0.015625
16 7 1 16 59 0.0625
16 7 2 16 60 0.046875
16 7 3 16 61 0.046875
16 7 4 16 62 0.046875
16 7 5 16 63 0.03125
16 7 6 16 64 0.03125
16 7 7 16 65 0.03125
16 7 8 16 66 0.015625
16 7 9 16 67 0.015625
16 7 10 16 68 0.015625
16 7 11 16 69 0.015625
16 7 12 16 70 0.015625
16 7 13 16 71 0.03125
16 7 14 16 72 0.03125
16 7 15 16 38 0.03125
16 7 16 16 39 0.0625
16 7 17 16 40 0.046875
16 7 18 16 41 0.046875
16 7 19 16 42 0.0625
16 7 20 16 6 0.046875
16 7 21 16 8 0.03125
16 7 22 16 9 0.046875
16 7 23 16 10 0.0625
16 7 24 16 11 0.015625
16 7 25 16 43 0.03125
16 7 26 16 44 0.0625
16 24 0 16 59 0.03125
16 24 1 16 60 0.046875
16 24 2 16 61 0.046875
16 24 3 16 62 0.03125
16 24 4 16 63 0.015625
16 24 5 16 64 0.03125
16 24 6 16 65 0.0625
16 24 7 16 6 0.03125
16 24 8 16 7 0.03125
16 24 9 16 8 0.0625
16 24 10 16 9 0.046875
16 24 11 16 10 0.03125
16 24 12 16 11 0.046875
16 24 13 16 38 0.03125
16 24 14 16 39 0.015625
16 24 15 16 40 0.03125
16 24 16 16 41 0.046875
16 24 17 16 42 0.03125
16 24 18 16 43 0.046875
16 24 19 16 66 0.03125
16 24 20 16 67 0.03125
16 24 21 16 68 0.046875
16 24 22 16 69 0.046875
16 24 23 16 70 0.03125
16 24 24 16 71 0.03125
16 24 25 16 72 0.03125
16 24 26 16 44 0.03125
16 32 0 16 6 0.03125
16 32 1 16 7 0.015625
16 32 2 16 8 0.03125
16 32 3 16 9 0.046875
16 32 4 16 10 0.03125
16 32 5 16 11 0.015625
16 32 6 16 59 0.046875
16 32 7 16 60 0.078125
16 32 8 16 61 0.078125
16 32 9 16 62 0.0625
16 32 10 16 63 0.046875
16 32 11 16 64 0.046875
16 32 12 16 65 0.0625
16 32 13 16 38 0.015625
16 32 14 16 39 0.03125
16 32 15 16 40 0.03125
16 32 16 16 41 0.03125
16 32 17 16 42 0.03125
16 32 18 16 43 0.03125
16 32 19 16 44 0.03125
16 32 20 16 66 0.03125
16 32 21 16 67 0.015625
16 32 22 16 68 0.03125
16 32 23 16 69 0.03125
16 32 24 16 70 0.03125
16 32 25 16 71 0.03125
16 32 26 16 72 0.03125
16 35 0 16 6 0.046875
16 35 1 16 7 0.015625
16 35 2 16 8 0.03125
16 35 3 16 9 0.03125
16 35 4 16 10 0.03125
16 35 5 16 11 0.015625
16 35 6 16 59 0.046875
16 35 7 16 60 0.078125
16 35 8 16 61 0.0625
16 35 9 16 62 0.0625
16 35 10 16 63 0.046875
16 35 11 16 64 0.046875
16 35 12 16 65 0.0625
16 35 13 16 38 0.015625
16 35 14 16 39 0.03125
16 35 15 16 40 0.03125
16 35 16 16 41 0.03125
16 35 17 16 42 0.03125
16 35 18 16 43 0.03125
16 35 19 16 44 0.03125
16 35 20 16 66 0.03125
16 35 21 16 67 0.03125
16 35 22 16 68 0.03125
16 35 23 16 69 0.03125
16 35 24 16 70 0.03125
16 35 25 16 71 0.03125
16 35 26 16 72 0.03125
18 7 0 18 52 0.015625
18 7 1 18 53 0.015625
18 7 2 18 54 0.015625
18 7 3 18 55 0.0625
18 7 4 18 56 0.015625
18 7 5 18 57 0.0625
18 7 6 18 58 0.03125
18 7 7 18 45 0.03125
18 7 8 18 46 0.046875
18 7 9 18 47 0.0625
18 7 10 18 48 0.0625
18 7 11 18 49 0.0625
18 7 12 18 50 0.046875
18 7 13 18 51 0.078125
18 7 14 18 73 0.03125
18 7 15 18 74 0.0625
18 7 16 18 75 0.0625
18 7 17 18 76 0.09375
18 7 18 18 77 0.0625
18 7 19 18 78 0.0625
18 7 26 18 79 0.015625
18 24 0 18 0 0.078125
18 24 2 18 2 0.046875
18 24 3 18 3 0.046875
18 24 4 18 4 0.046875
18 24 5 18 5 0.046875
18 24 6 18 52 0.015625
18 24 7 18 53 0.03125
18 24 8 18 54 0.0625
18 24 9 18 55 0.03125
18 24 10 18 56 0.015625
18 24 11 18 57 0.03125
18 24 12 18 58 0.03125
18 24 13 18 78 0.046875
18 24 14 18 73 0.015625
18 24 15 18 74 0.046875
18 24 16 18 75 0.0625
18 24 17 18 76 0.03125
18 24 18 18 77 0.0625
18 24 19 18 79 0.046875
18 24 20 18 45 0.015625
18 24 21 18 46 0.03125
18 24 22 18 47 0.03125
18 24 23 18 48 0.03125
18 24 24 18 49 0.03125
18 24 25 18 50 0.03125
18 24 26 18 51 0.03125
18 32 0 18 52 0.015625
18 32 1 18 53 0.015625
18 32 2 18 54 0.015625
18 32 3 18 55 0.015625
18 32 4 18 56 0.015625
18 32 5 18 57 0.015625
18 32 6 18 58 0.015625
18 32 7 18 1 0.03125
18 32 8 18 2 0.046875
18 32 9 18 3 0.046875
18 32 10 18 4 0.046875
18 32 11 18 5 0.0625
18 32 12 18 0 0.046875
18 32 13 18 45 0.015625
18 32 14 18 46 0.03125
18 32 15 18 47 0.046875
18 32 16 18 48 0.078125
18 32 17 18 49 0.046875
18 32 18 18 50 0.046875
18 32 19 18 73 0.03125
18 32 20 18 74 0.015625
18 32 21 18 75 0.046875
18 32 22 18 76 0.046875
18 32 23 18 77 0.046875
18 32 24 18 78 0.0625
18 32 25 18 79 0.046875
18 32 26 18 51 0.046875
18 35 0 18 52 0.015625
18 35 1 18 53 0.03125
18 35 2 18 54 0.015625
18 35 3 18 55 0.015625
18 35 4 18 56 0.015625
18 35 5 18 57 0.015625
18 35 6 18 58 0.015625
18 35 7 18 1 0.03125
18 35 8 18 2 0.046875
18 35 9 18 3 0.046875
18 35 10 18 4 0.0625
18 35 11 18 5 0.0625
18 35 12 18 0 0.046875
18 35 13 18 45 0.015625
18 35 14 18 46 0.03125
18 35 15 18 47 0.046875
18 35 16 18 48 0.046875
18 35 17 18 49 0.046875
18 35 18 18 50 0.046875
18 35 19 18 73 0.03125
18 35 20 18 74 0.03125
18 35 21 18 75 0.046875
18 35 22 18 76 0.046875
18 35 23 18 77 0.046875
18 35 24 18 78 0.0625
18 35 25 18 79 0.046875
18 35 26 18 51 0.03125
21 7 0 21 52 0.0625
21 7 1 21 53 0.03125
21 7 2 21 54 0.0625
21 7 3 21 55 0.046875
21 7 4 21 56 0.03125
21 7 5 21 57 0.078125
21 7 6 21 58 0.078125
21 7 7 21 45 0.015625
21 7 8 21 46 0.03125
21 7 9 21 47 0.046875
21 7 10 21 48 0.046875
21 7 11 21 49 0.046875
21 7 12 21 50 0.046875
21 7 13 21 51 0.0625
21 7 14 21 73 0.046875
21 7 15 21 74 0.046875
21 7 16 21 75 0.046875
21 7 17 21 76 0.046875
21 7 18 21 77 0.046875
21 7 19 21 78 0.046875
21 7 26 21 79 0.03125
21 24 0 21 0 0.046875
21 24 1 21 1 0.015625
21 24 2 21 2 0.03125
21 24 3 21 3 0.03125
21 24 4 21 4 0.03125
21 24 5 21 5 0.03125
21 24 6 21 52 0.0625
21 24 7 21 53 0.046875
21 24 8 21 54 0.046875
21 24 9 21 55 0.015625
21 24 10 21 56 0.03125
21 24 11 21 57 0.046875
21 24 12 21 58 0.046875
21 24 13 21 78 0.0625
21 24 14 21 73 0.015625
21 24 15 21 74 0.046875
21 24 16 21 75 0.046875
21 24 17 21 76 0.03125
21 24 18 21 77 0.046875
21 24 19 21 79 0.03125
21 24 20 21 45 0.015625
21 24 21 21 46 0.03125
21 24 22 21 47 0.03125
21 24 23 21 48 0.046875
21 24 24 21 49 0.03125
21 24 25 21 50 0.03125
21 24 26 21 51 0.046875
21 32 0 21 52 0.03125
21 32 1 21 53 0.03125
21 32 2 21 54 0.046875
21 32 3 21 55 0.03125
21 32 4 21 56 0.03125
21 32 5 21 57 0.046875
21 32 6 21 58 0.046875
21 32 7 21 1 0.03125
21 32 8 21 2 0.046875
21 32 9 21 3 0.046875
21 32 10 21 4 0.046875
21 32 11 21 5 0.046875
21 32 12 21 0 0.046875
21 32 13 21 45 0.03125
21 32 14 21 46 0.03125
21 32 15 21 47 0.03125
21 32 16 21 48 0.046875
21 32 17 21 49 0.046875
21 32 18 21 50 0.046875
21 32 19 21 73 0.03125
21 32 20 21 74 0.015625
21 32 21 21 75 0.03125
21 32 22 21 76 0.03125
21 32 23 21 77 0.03125
21 32 24 21 78 0.03125
21 32 25 21 79 0.03125
21 32 26 21 51 0.03125
21 35 0 21 52 0.03125
21 35 1 21 53 0.046875
21 35 2 21 54 0.046875
21 35 3 21 55 0.015625
21 35 4 21 56 0.015625
21 35 5 21 57 0.046875
21 35 6 21 58 0.046875
21 35 7 21 1 0.03125
21 35 8 21 2 0.046875
21 35 9 21 3 0.046875
21 35 10 21 4 0.046875
21 35 11 21 5 0.046875
21 35 12 21 0 0.046875
21 35 13 21 45 0.03125
21 35 14 21 46 0.03125
21 35 15 21 47 0.046875
21 35 16 21 48 0.046875
21 35 17 21 49 0.046875
21 35 18 21 50 0.046875
21 35 19 21 73 0.03125
21 35 20 21 74 0.015625
21 35 21 21 75 0.03125
21 35 22 21 76 0.03125
21 35 23 21 77 0.03125
21 35 24 21 78 0.03125
21 35 25 21 79 0.03125
21 35 26 21 51 0.03125
27 7 0 27 31 0.046875
27 7 1 27 32 0.015625
27 7 2 27 33 0.03125
27 7 3 27 34 0.03125
27 7 4 27 35 0.015625
27 7 5 27 36 0.03125
27 7 6 27 37 0.03125
27 7 7 27 59 0.03125
27 7 8 27 60 0.046875
27 7 9 27 61 0.03125
27 7 10 27 62 0.015625
27 7 11 27 63 0.03125
27 7 12 27 64 0.046875
27 7 13 27 65 0.03125
27 7 15 27 2 0.03125
27 7 16 27 3 0.015625
27 7 17 27 4 0.03125
27 7 18 27 5 0.046875
27 7 19 27 0 0.046875
27 7 20 27 52 0.046875
27 7 21 27 53 0.046875
27 7 22 27 54 0.0625
27 7 23 27 55 0.0625
27 7 24 27 56 0.0625
27 7 25 27 57 0.046875
27 7 26 27 58 0.0625
27 24 0 27 0 0.03125
27 24 1 27 1 0.015625
27 24 2 27 2 0.03125
27 24 3 27 3 0.015625
27 24 4 27 4 0.03125
27 24 5 27 5 0.03125
27 24 6 27 31 0.046875
27 24 7 27 32 0.015625
27 24 8 27 33 0.03125
27 24 9 27 34 0.03125
27 24 10 27 35 0.015625
27 24 11 27 36 0.03125
27 24 12 27 37 0.03125
27 24 13 27 52 0.078125
27 24 14 27 53 0.046875
27 24 15 27 54 0.046875
27 24 16 27 55 0.046875
27 24 17 27 56 0.03125
27 24 18 27 57 0.046875
27 24 19 27 58 0.046875
27 24 20 27 59 0.03125
27 24 21 27 60 0.046875
27 24 22 27 61 0.03125
27 24 23 27 62 0.015625
27 24 24 27 63 0.03125
27 24 25 27 64 0.046875
27 24 26 27 65 0.09375
27 32 0 27 32 0.015625
27 32 1 27 52 0.03125
27 32 2 27 53 0.015625
27 32 3 27 54 0.03125
27 32 4 27 55 0.046875
27 32 5 27 56 0.03125
27 32 6 27 57 0.046875
27 32 7 27 58 0.046875
27 32 8 27 59 0.03125
27 32 9 27 60 0.0625
27 32 10 27 61 0.046875
27 32 11 27 62 0.03125
27 32 12 27 63 0.046875
27 32 13 27 64 0.046875
27 32 14 27 65 0.046875
27 32 15 27 31 0.046875
27 32 16 27 33 0.03125
27 32 17 27 34 0.046875
27 32 19 27 36 0.046875
27 32 20 27 37 0.046875
27 32 21 27 1 0.03125
27 32 22 27 2 0.03125
27 32 23 27 3 0.03125
27 32 24 27 4 0.03125
27 32 25 27 5 0.03125
27 32 26 27 0 0.046875
27 35 0 27 35 0.015625
27 35 1 27 52 0.03125
27 35 2 27 53 0.046875
27 35 3 27 54 0.03125
27 35 4 27 55 0.03125
27 35 5 27 56 0.03125
27 35 6 27 57 0.046875
27 35 7 27 58 0.046875
27 35 8 27 59 0.03125
27 35 9 27 60 0.046875
27 35 10 27 61 0.03125
27 35 11 27 62 0.03125
27 35 12 27 63 0.03125
27 35 13 27 64 0.046875
27 35 14 27 65 0.046875
27 35 15 27 31 0.046875
27 35 16 27 32 0.03125
27 35 17 27 33 0.0625
27 35 18 27 34 0.046875
27 35 19 27 36 0.03125
27 35 20 27 37 0.046875
27 35 21 27 1 0.015625
27 35 22 27 2 0.03125
27 35 23 27 3 0.03125
27 35 24 27 4 0.03125
27 35 25 27 5 0.03125
27 35 26 27 0 0.046875
31 7 0 31 7 0.015625
31 7 1 31 59 0.0625
31 7 2 31 60 0.046875
31 7 3 31 61 0.046875
31 7 4 31 62 0.046875
31 7 5 31 63 0.046875
31 7 6 31 64 0.046875
31 7 7 31 65 0.03125
31 7 8 31 52 0.015625
31 7 9 31 53 0.046875
31 7 10 31 54 0.046875
31 7 11 31 55 0.03125
31 7 12 31 56 0.046875
31 7 13 31 29 0.046875
31 7 14 31 6 0.015625
31 7 15 31 8 0.046875
31 7 16 31 9 0.046875
31 7 17 31 10 0.046875
31 7 18 31 11 0.046875
31 7 20 31 25 0.03125
31 7 21 31 26 0.03125
31 7 22 31 27 0.03125
31 7 23 31 28 0.03125
31 7 24 31 30 0.03125
31 7 25 31 57 0.03125
31 7 26 31 58 0.03125
31 24 0 31 24 0.015625
31 24 1 31 52 0.03125
31 24 2 31 53 0.03125
31 24 3 31 54 0.015625
31 24 4 31 55 0.015625
31 24 5 31 56 0.015625
31 24 6 31 57 0.03125
31 24 7 31 58 0.015625
31 24 8 31 59 0.046875
31 24 9 31 60 0.046875
31 24 10 31 61 0.046875
31 24 11 31 62 0.046875
31 24 12 31 63 0.046875
31 24 13 31 64 0.03125
31 24 14 31 65 0.0625
31 24 15 31 30 0.046875
31 24 16 31 25 0.03125
31 24 17 31 26 0.046875
31 24 18 31 27 0.046875
31 24 19 31 28 0.046875
31 24 20 31 29 0.046875
31 24 21 31 6 0.015625
31 24 23 31 8 0.0625
31 24 24 31 9 0.03125
31 24 25 31 10 0.0625
31 24 26 31 11 0.0625
31 32 0 31 6 0.015625
31 32 1 31 7 0.015625
31 32 2 31 8 0.03125
31 32 3 31 9 0.046875
31 32 4 31 10 0.03125
31 32 5 31 11 0.03125
31 32 6 31 24 0.03125
31 32 7 31 25 0.03125
31 32 8 31 26 0.046875
31 32 9 31 27 0.03125
31 32 10 31 28 0.03125
31 32 11 31 29 0.03125
31 32 12 31 30 0.046875
31 32 13 31 52 0.015625
31 32 14 31 53 0.015625
31 32 15 31 54 0.015625
31 32 16 31 55 0.03125
31 32 17 31 56 0.015625
31 32 18 31 57 0.03125
31 32 19 31 58 0.03125
31 32 20 31 59 0.0625
31 32 21 31 60 0.0625
31 32 22 31 61 0.0625
31 32 23 31 62 0.0625
31 32 24 31 63 0.0625
31 32 25 31 64 0.0625
31 32 26 31 65 0.046875
31 35 0 31 6 0.015625
31 35 1 31 7 0.015625
31 35 2 31 8 0.03125
31 35 3 31 9 0.03125
31 35 4 31 10 0.03125
31 35 5 31 11 0.03125
31 35 6 31 24 0.03125
31 35 7 31 25 0.03125
31 35 8 31 26 0.046875
31 35 9 31 27 0.03125
31 35 10 31 28 0.03125
31 35 11 31 29 0.03125
31 35 12 31 30 0.046875
31 35 13 31 52 0.015625
31 35 14 31 53 0.03125
31 35 15 31 54 0.015625
31 35 16 31 55 0.015625
31 35 17 31 56 0.015625
31 35 18 31 57 0.03125
31 35 19 31 58 0.03125
31 35 20 31 59 0.0625
31 35 21 31 60 0.078125
31 35 22 31 61 0.0625
31 35 23 31 62 0.0625
31 35 24 31 63 0.0625
31 35 25 31 64 0.0625
31 35 26 31 65 0.046875
33 7 0 33 7 0.015625
33 7 1 33 59 0.046875
33 7 2 33 60 0.046875
33 7 3 33 61 0.03125
33 7 4 33 62 0.03125
33 7 5 33 63 0.046875
33 7 6 33 64 0.03125
33 7 7 33 65 0.03125
33 7 8 33 52 0.046875
33 7 9 33 53 0.015625
33 7 10 33 54 0.046875
33 7 11 33 55 0.03125
33 7 12 33 56 0.0625
33 7 13 33 29 0.046875
33 7 14 33 6 0.046875
33 7 15 33 8 0.03125
33 7 16 33 9 0.046875
33 7 17 33 10 0.046875
33 7 18 33 11 0.046875
33 7 20 33 25 0.03125
33 7 21 33 26 0.03125
33 7 22 33 27 0.03125
33 7 23 33 28 0.03125
33 7 24 33 30 0.03125
33 7 25 33 57 0.046875
33 7 26 33 58 0.046875
33 24 0 33 24 0.015625
33 24 1 33 52 0.046875
33 24 2 33 53 0.03125
33 24 3 33 54 0.015625
33 24 4 33 55 0.03125
33 24 5 33 56 0.03125
33 24 6 33 57 0.046875
33 24 7 33 58 0.03125
33 24 8 33 59 0.046875
33 24 9 33 60 0.03125
33 24 10 33 61 0.046875
33 24 11 33 62 0.03125
33 24 12 33 63 0.03125
33 24 13 33 64 0.03125
33 24 14 33 65 0.046875
33 24 15 33 30 0.046875
33 24 16 33 25 0.03125
33 24 17 33 26 0.046875
33 24 18 33 27 0.046875
33 24 19 33 28 0.046875
33 24 20 33 29 0.046875
33 24 21 33 6 0.03125
33 24 22 33 7 0.015625
33 24 23 33 8 0.03125
33 24 24 33 9 0.03125
33 24 25 33 10 0.046875
33 24 26 33 11 0.0625
33 32 0 33 6 0.03125
33 32 2 33 8 0.015625
33 32 3 33 9 0.046875
33 32 4 33 10 0.03125
33 32 5 33 11 0.03125
33 32 6 33 24 0.015625
33 32 7 33 25 0.046875
33 32 8 33 26 0.046875
33 32 9 33 27 0.03125
33 32 10 33 28 0.03125
33 32 11 33 29 0.03125
33 32 12 33 30 0.046875
33 32 13 33 52 0.03125
33 32 14 33 53 0.015625
33 32 15 33 54 0.015625
33 32 16 33 55 0.046875
33 32 17 33 56 0.03125
33 32 18 33 57 0.03125
33 32 19 33 58 0.046875
33 32 20 33 59 0.0625
33 32 21 33 60 0.0625
33 32 22 33 61 0.0625
33 32 23 33 62 0.046875
33 32 24 33 63 0.046875
33 32 25 33 64 0.046875
33 32 26 33 65 0.046875
33 35 0 33 6 0.03125
33 35 2 33 8 0.015625
33 35 3 33 9 0.03125
33 35 4 33 10 0.03125
33 35 5 33 11 0.03125
33 35 6 33 24 0.015625
33 35 7 33 25 0.046875
33 35 8 33 26 0.046875
33 35 9 33 27 0.03125
33 35 10 33 28 0.03125
33 35 11 33 29 0.03125
33 35 12 33 30 0.046875
33 35 13 33 52 0.03125
33 35 14 33 53 0.03125
33 35 15 33 54 0.015625
33 35 16 33 55 0.03125
33 35 17 33 56 0.03125
33 35 18 33 57 0.046875
33 35 19 33 58 0.046875
33 35 20 33 59 0.0625
33 35 21 33 60 0.0625
33 35 22 33 61 0.0625
33 35 23 33 62 0.046875
33 35 24 33 63 0.046875
33 35 25 33 64 0.046875
33 35 26 33 65 0.046875
37 7 0 37 7 0.015625
37 7 1 37 59 0.0625
37 7 2 37 60 0.046875
37 7 3 37 61 0.046875
37 7 4 37 62 0.046875
37 7 5 37 63 0.046875
37 7 6 37 64 0.03125
37 7 7 37 65 0.03125
37 7 8 37 52 0.046875
37 7 9 37 53 0.03125
37 7 10 37 54 0.046875
37 7 11 37 55 0.046875
37 7 12 37 56 0.03125
37 7 13 37 29 0.015625
37 7 14 37 6 0.046875
37 7 15 37 8 0.046875
37 7 16 37 9 0.046875
37 7 17 37 10 0.046875
37 7 18 37 11 0.03125
37 7 20 37 25 0.03125
37 7 21 37 26 0.03125
37 7 22 37 27 0.03125
37 7 23 37 28 0.03125
37 7 24 37 30 0.03125
37 7 25 37 57 0.03125
37 7 26 37 58 0.046875
37 24 0 37 24 0.015625
37 24 1 37 52 0.046875
37 24 2 37 53 0.046875
37 24 3 37 54 0.046875
37 24 4 37 55 0.03125
37 24 5 37 56 0.03125
37 24 6 37 57 0.03125
37 24 7 37 58 0.03125
37 24 8 37 59 0.046875
37 24 9 37 60 0.03125
37 24 10 37 61 0.046875
37 24 11 37 62 0.03125
37 24 12 37 63 0.03125
37 24 13 37 64 0.03125
37 24 14 37 65 0.046875
37 24 15 37 30 0.046875
37 24 16 37 25 0.03125
37 24 17 37 26 0.046875
37 24 18 37 27 0.046875
37 24 19 37 28 0.046875
37 24 20 37 29 0.03125
37 24 21 37 6 0.03125
37 24 22 37 7 0.015625
37 24 23 37 8 0.046875
37 24 24 37 9 0.046875
37 24 25 37 10 0.03125
37 24 26 37 11 0.03125
37 32 0 37 6 0.03125
37 32 1 37 7 0.015625
37 32 2 37 8 0.03125
37 32 3 37 9 0.03125
37 32 4 37 10 0.03125
37 32 5 37 11 0.015625
37 32 6 37 24 0.015625
37 32 7 37 25 0.046875
37 32 8 37 26 0.046875
37 32 9 37 27 0.03125
37 32 10 37 28 0.03125
37 32 11 37 29 0.015625
37 32 12 37 30 0.046875
37 32 13 37 52 0.03125
37 32 14 37 53 0.03125
37 32 15 37 54 0.03125
37 32 16 37 55 0.046875
37 32 17 37 56 0.046875
37 32 18 37 57 0.03125
37 32 19 37 58 0.046875
37 32 20 37 59 0.0625
37 32 21 37 60 0.046875
37 32 22 37 61 0.046875
37 32 23 37 62 0.046875
37 32 24 37 63 0.046875
37 32 25 37 64 0.046875
37 32 26 37 65 0.046875
37 35 0 37 6 0.03125
37 35 1 37 7 0.015625
37 35 2 37 8 0.03125
37 35 3 37 9 0.03125
37 35 4 37 10 0.03125
37 35 5 37 11 0.015625
37 35 6 37 24 0.015625
37 35 7 37 25 0.046875
37 35 8 37 26 0.046875
37 35 9 37 27 0.03125
37 35 10 37 28 0.03125
37 35 11 37 29 0.015625
37 35 12 37 30 0.046875
37 35 13 37 52 0.03125
37 35 14 37 53 0.046875
37 35 15 37 54 0.03125
37 35 16 37 55 0.03125
37 35 17 37 56 0.03125
37 35 18 37 57 0.03125
37 35 19 37 58 0.046875
37 35 20 37 59 0.0625
37 35 21 37 60 0.0625
37 35 22 37 61 0.046875
37 35 23 37 62 0.046875
37 35 24 37 63 0.046875
37 35 25 37 64 0.046875
37 35 26 37 65 0.046875
40 7 0 40 12 0.015625
40 7 1 40 13 0.03125
40 7 2 40 14 0.03125
40 7 3 40 15 0.03125
40 7 4 40 16 0.03125
40 7 5 40 17 0.046875
40 7 6 40 66 0.03125
40 7 7 40 67 0.03125
40 7 8 40 68 0.046875
40 7 9 40 69 0.046875
40 7 10 40 70 0.046875
40 7 11 40 71 0.046875
40 7 12 40 72 0.0625
40 7 14 40 73 0.015625
40 7 17 40 76 0.0625
40 7 19 40 79 0.03125
40 7 20 40 45 0.0625
40 7 21 40 46 0.0625
40 7 22 40 47 0.046875
40 7 23 40 48 0.0625
40 7 24 40 49 0.0625
40 7 25 40 50 0.0625
40 7 26 40 51 0.03125
40 24 0 40 78 0.046875
40 24 1 40 73 0.015625
40 24 2 40 74 0.046875
40 24 3 40 75 0.03125
40 24 4 40 76 0.03125
40 24 5 40 77 0.046875
40 24 6 40 12 0.015625
40 24 7 40 13 0.046875
40 24 8 40 14 0.046875
40 24 9 40 15 0.046875
40 24 10 40 16 0.046875
40 24 11 40 17 0.046875
40 24 12 40 67 0.046875
40 24 13 40 68 0.046875
40 24 14 40 69 0.0625
40 24 15 40 70 0.0625
40 24 16 40 71 0.03125
40 24 17 40 72 0.046875
40 24 18 40 45 0.015625
40 24 19 40 46 0.03125
40 24 20 40 47 0.03125
40 24 21 40 48 0.03125
40 24 22 40 49 0.03125
40 24 23 40 50 0.03125
40 24 24 40 51 0.015625
40 24 25 40 66 0.03125
40 24 26 40 79 0.015625
40 32 0 40 66 0.03125
40 32 1 40 67 0.03125
40 32 2 40 68 0.03125
40 32 3 40 69 0.046875
40 32 4 40 70 0.046875
40 32 5 40 71 0.046875
40 32 6 40 12 0.015625
40 32 7 40 13 0.078125
40 32 8 40 14 0.0625
40 32 9 40 15 0.078125
40 32 10 40 16 0.078125
40 32 11 40 17 0.078125
40 32 12 40 73 0.015625
40 32 13 40 74 0.015625
40 32 14 40 75 0.015625
40 32 15 40 76 0.03125
40 32 16 40 77 0.03125
40 32 17 40 78 0.03125
40 32 18 40 79 0.03125
40 32 19 40 45 0.015625
40 32 20 40 46 0.015625
40 32 21 40 47 0.03125
40 32 22 40 48 0.03125
40 32 23 40 49 0.03125
40 32 24 40 50 0.015625
40 32 25 40 51 0.03125
40 32 26 40 72 0.03125
40 35 0 40 66 0.046875
40 35 1 40 67 0.03125
40 35 2 40 68 0.046875
40 35 3 40 69 0.03125
40 35 4 40 70 0.03125
40 35 5 40 71 0.046875
40 35 6 40 12 0.015625
40 35 7 40 13 0.078125
40 35 8 40 14 0.078125
40 35 9 40 15 0.078125
40 35 10 40 16 0.078125
40 35 11 40 17 0.078125
40 35 12 40 73 0.015625
40 35 13 40 74 0.015625
40 35 14 40 75 0.015625
40 35 15 40 76 0.03125
40 35 16 40 77 0.03125
40 35 17 40 78 0.03125
40 35 18 40 79 0.03125
40 35 19 40 45 0.015625
40 35 20 40 46 0.03125
40 35 21 40 47 0.03125
40 35 22 40 48 0.015625
40 35 23 40 49 0.015625
40 35 24 40 50 0.015625
40 35 25 40 51 0.03125
40 35 26 40 72 0.03125
47 7 0 47 66 0.015625
47 7 1 47 67 0.015625
47 7 2 47 68 0.015625
47 7 3 47 69 0.03125
47 7 4 47 70 0.03125
47 7 5 47 71 0.03125
47 7 6 47 72 0.046875
47 7 7 47 38 0.046875
47 7 8 47 39 0.078125
47 7 9 47 40 0.0625
47 7 10 47 41 0.078125
47 7 11 47 42 0.0625
47 7 12 47 43 0.046875
47 7 13 47 18 0.015625
47 7 14 47 19 0.046875
47 7 15 47 20 0.046875
47 7 16 47 21 0.046875
47 7 17 47 22 0.03125
47 7 18 47 23 0.046875
47 7 19 47 44 0.03125
47 7 21 47 73 0.03125
47 7 22 47 74 0.03125
47 7 23 47 75 0.015625
47 7 24 47 76 0.015625
47 7 25 47 77 0.015625
47 7 26 47 78 0.0625
47 24 0 47 78 0.046875
47 24 1 47 73 0.015625
47 24 2 47 74 0.046875
47 24 3 47 75 0.046875
47 24 4 47 76 0.03125
47 24 5 47 77 0.046875
47 24 6 47 18 0.015625
47 24 7 47 19 0.046875
47 24 8 47 20 0.046875
47 24 9 47 21 0.046875
47 24 10 47 22 0.046875
47 24 11 47 23 0.046875
47 24 12 47 66 0.03125
47 24 13 47 67 0.0625
47 24 14 47 68 0.046875
47 24 15 47 69 0.0625
47 24 16 47 70 0.046875
47 24 17 47 71 0.046875
47 24 18 47 72 0.0625
47 24 19 47 79 0.03125
47 24 20 47 38 0.015625
47 24 21 47 39 0.015625
47 24 22 47 40 0.015625
47 24 23 47 41 0.015625
47 24 24 47 42 0.015625
47 24 25 47 43 0.015625
47 24 26 47 44 0.03125
47 32 0 47 66 0.015625
47 32 1 47 67 0.03125
47 32 2 47 68 0.03125
47 32 3 47 69 0.0625
47 32 4 47 70 0.046875
47 32 5 47 71 0.046875
47 32 6 47 18 0.015625
47 32 7 47 19 0.03125
47 32 8 47 20 0.046875
47 32 9 47 21 0.046875
47 32 10 47 22 0.046875
47 32 11 47 23 0.046875
47 32 12 47 73 0.03125
47 32 13 47 74 0.03125
47 32 14 47 75 0.03125
47 32 15 47 76 0.046875
47 32 16 47 77 0.03125
47 32 17 47 78 0.03125
47 32 18 47 79 0.03125
47 32 19 47 38 0.03125
47 32 20 47 39 0.03125
47 32 21 47 40 0.046875
47 32 22 47 41 0.03125
47 32 23 47 42 0.046875
47 32 24 47 43 0.046875
47 32 25 47 72 0.03125
47 32 26 47 44 0.03125
47 35 0 47 66 0.03125
47 35 1 47 67 0.03125
47 35 2 47 68 0.03125
47 35 3 47 69 0.046875
47 35 4 47 70 0.046875
47 35 5 47 71 0.046875
47 35 6 47 18 0.015625
47 35 7 47 19 0.046875
47 35 8 47 20 0.046875
47 35 9 47 21 0.03125
47 35 10 47 22 0.046875
47 35 11 47 23 0.046875
47 35 12 47 73 0.03125
47 35 13 47 74 0.03125
47 35 14 47 75 0.03125
47 35 15 47 76 0.046875
47 35 16 47 77 0.03125
47 35 17 47 78 0.03125
47 35 18 47 79 0.03125
47 35 19 47 38 0.03125
47 35 20 47 39 0.03125
47 35 21 47 40 0.046875
47 35 22 47 41 0.03125
47 35 23 47 42 0.046875
47 35 24 47 43 0.046875
47 35 25 47 72 0.03125
47 35 26 47 44 0.03125
53 7 0 53 31 0.046875
53 7 1 53 32 0.015625
53 7 2 53 33 0.015625
53 7 3 53 34 0.03125
53 7 4 53 35 0.015625
53 7 5 53 36 0.046875
53 7 6 53 37 0.03125
53 7 8 53 25 0.0625
53 7 9 53 26 0.0625
53 7 10 53 27 0.0625
53 7 11 53 28 0.046875
53 7 12 53 29 0.046875
53 7 13 53 30 0.046875
53 7 14 53 18 0.03125
53 7 15 53 19 0.015625
53 7 16 53 20 0.046875
53 7 17 53 21 0.03125
53 7 18 53 22 0.046875
53 7 19 53 23 0.03125
53 7 20 53 1 0.046875
53 7 21 53 2 0.046875
53 7 22 53 3 0.0625
53 7 23 53 4 0.03125
53 7 24 53 5 0.03125
53 7 25 53 0 0.046875
53 24 0 53 24 0.015625
53 24 1 53 0 0.03125
53 24 2 53 1 0.015625
53 24 3 53 2 0.03125
53 24 4 53 3 0.03125
53 24 5 53 4 0.03125
53 24 6 53 5 0.03125
53 24 7 53 31 0.046875
53 24 8 53 32 0.015625
53 24 9 53 33 0.03125
53 24 10 53 34 0.015625
53 24 11 53 35 0.015625
53 24 12 53 36 0.03125
53 24 13 53 37 0.03125
53 24 14 53 18 0.03125
53 24 15 53 19 0.046875
53 24 16 53 20 0.046875
53 24 17 53 21 0.046875
53 24 18 53 22 0.046875
53 24 19 53 23 0.046875
53 24 20 53 25 0.046875
53 24 21 53 26 0.0625
53 24 22 53 27 0.0625
53 24 23 53 28 0.0625
53 24 24 53 29 0.0625
53 24 25 53 30 0.0625
53 32 0 53 32 0.015625
53 32 1 53 24 0.03125
53 32 2 53 25 0.0625
53 32 3 53 26 0.0625
53 32 4 53 27 0.046875
53 32 5 53 28 0.046875
53 32 6 53 29 0.046875
53 32 7 53 30 0.0625
53 32 8 53 31 0.0625
53 32 9 53 33 0.03125
53 32 10 53 34 0.0625
53 32 12 53 36 0.0625
53 32 13 53 37 0.0625
53 32 14 53 18 0.03125
53 32 15 53 19 0.0625
53 32 16 53 20 0.078125
53 32 17 53 21 0.046875
53 32 18 53 22 0.0625
53 32 19 53 23 0.0625
53 35 0 53 35 0.03125
53 35 1 53 24 0.03125
53 35 2 53 25 0.046875
53 35 3 53 26 0.0625
53 35 4 53 27 0.046875
53 35 5 53 28 0.046875
53 35 6 53 29 0.046875
53 35 7 53 30 0.0625
53 35 8 53 31 0.0625
53 35 9 53 32 0.015625
53 35 10 53 33 0.078125
53 35 11 53 34 0.0625
53 35 12 53 36 0.046875
53 35 13 53 37 0.046875
53 35 14 53 18 0.03125
53 35 15 53 19 0.0625
53 35 16 53 20 0.0625
53 35 17 53 21 0.046875
53 35 18 53 22 0.046875
53 35 19 53 23 0.0625
56 7 0 56 31 0.046875
56 7 1 56 32 0.015625
56 7 2 56 33 0.03125
56 7 3 56 34 0.03125
56 7 4 56 35 0.015625
56 7 5 56 36 0.03125
56 7 6 56 37 0.03125
56 7 8 56 25 0.0625
56 7 9 56 26 0.0625
56 7 10 56 27 0.0625
56 7 11 56 28 0.046875
56 7 12 56 29 0.046875
56 7 13 56 30 0.046875
56 7 14 56 18 0.03125
56 7 15 56 19 0.03125
56 7 16 56 20 0.046875
56 7 17 56 21 0.03125
56 7 18 56 22 0.03125
56 7 19 56 23 0.03125
56 7 20 56 1 0.046875
56 7 21 56 2 0.046875
56 7 22 56 3 0.0625
56 7 23 56 4 0.03125
56 7 24 56 5 0.03125
56 7 25 56 0 0.046875
56 24 0 56 24 0.015625
56 24 1 56 0 0.03125
56 24 2 56 1 0.015625
56 24 3 56 2 0.03125
56 24 4 56 3 0.03125
56 24 5 56 4 0.03125
56 24 6 56 5 0.03125
56 24 7 56 31 0.046875
56 24 8 56 32 0.015625
56 24 9 56 33 0.03125
56 24 10 56 34 0.03125
56 24 11 56 35 0.015625
56 24 12 56 36 0.015625
56 24 13 56 37 0.03125
56 24 14 56 18 0.03125
56 24 15 56 19 0.046875
56 24 16 56 20 0.046875
56 24 17 56 21 0.046875
56 24 18 56 22 0.03125
56 24 19 56 23 0.046875
56 24 20 56 25 0.0625
56 24 21 56 26 0.0625
56 24 22 56 27 0.0625
56 24 23 56 28 0.0625
56 24 24 56 29 0.0625
56 24 25 56 30 0.0625
56 32 0 56 32 0.03125
56 32 1 56 24 0.03125
56 32 2 56 25 0.078125
56 32 3 56 26 0.078125
56 32 4 56 27 0.046875
56 32 5 56 28 0.0625
56 32 6 56 29 0.0625
56 32 7 56 30 0.0625
56 32 8 56 31 0.0625
56 32 9 56 33 0.03125
56 32 10 56 34 0.0625
56 32 12 56 36 0.046875
56 32 13 56 37 0.0625
56 32 14 56 18 0.03125
56 32 15 56 19 0.03125
56 32 16 56 20 0.0625
56 32 17 56 21 0.046875
56 32 18 56 22 0.046875
56 32 19 56 23 0.0625
56 35 0 56 35 0.015625
56 35 1 56 24 0.03125
56 35 2 56 25 0.046875
56 35 3 56 26 0.0625
56 35 4 56 27 0.046875
56 35 5 56 28 0.046875
56 35 6 56 29 0.046875
56 35 7 56 30 0.0625
56 35 8 56 31 0.0625
56 35 9 56 32 0.03125
56 35 10 56 33 0.09375
56 35 11 56 34 0.0625
56 35 12 56 36 0.03125
56 35 13 56 37 0.0625
56 35 14 56 18 0.03125
56 35 15 56 19 0.0625
56 35 16 56 20 0.046875
56 35 17 56 21 0.046875
56 35 18 56 22 0.046875
56 35 19 56 23 0.0625
59 7 0 59 7 0.03125
59 7 1 59 12 0.046875
59 7 2 59 13 0.015625
59 7 3 59 14 0.015625
59 7 5 59 16 0.015625
59 7 6 59 17 0.015625
59 7 7 59 31 0.046875
59 7 8 59 32 0.046875
59 7 9 59 33 0.015625
59 7 10 59 34 0.03125
59 7 11 59 35 0.046875
59 7 12 59 36 0.046875
59 7 13 59 37 0.03125
59 7 15 59 25 0.078125
59 7 16 59 26 0.0625
59 7 17 59 27 0.0625
59 7 18 59 28 0.0625
59 7 19 59 29 0.046875
59 7 20 59 6 0.046875
59 7 21 59 8 0.03125
59 7 22 59 9 0.046875
59 7 23 59 10 0.046875
59 7 24 59 11 0.046875
59 7 25 59 30 0.0625
59 24 0 59 24 0.015625
59 24 1 59 31 0.03125
59 24 2 59 32 0.0625
59 24 3 59 33 0.03125
59 24 4 59 34 0.015625
59 24 5 59 35 0.03125
59 24 6 59 36 0.03125
59 24 7 59 37 0.03125
59 24 8 59 25 0.015625
59 24 9 59 26 0.03125
59 24 10 59 27 0.03125
59 24 11 59 28 0.03125
59 24 12 59 29 0.0625
59 24 13 59 30 0.03125
59 24 14 59 12 0.015625
59 24 15 59 13 0.03125
59 24 16 59 14 0.03125
59 24 17 59 15 0.03125
59 24 18 59 16 0.03125
59 24 19 59 17 0.046875
59 24 20 59 6 0.0625
59 24 22 59 8 0.078125
59 24 23 59 9 0.078125
59 24 24 59 10 0.078125
59 24 25 59 11 0.0625
59 32 0 59 32 0.015625
59 32 1 59 6 0.03125
59 32 2 59 7 0.03125
59 32 3 59 8 0.015625
59 32 4 59 9 0.03125
59 32 5 59 10 0.03125
59 32 6 59 11 0.03125
59 32 7 59 24 0.046875
59 32 8 59 25 0.015625
59 32 9 59 26 0.03125
59 32 10 59 27 0.015625
59 32 11 59 28 0.015625
59 32 12 59 29 0.03125
59 32 13 59 30 0.03125
59 32 14 59 31 0.046875
59 32 15 59 33 0.0625
59 32 16 59 34 0.0625
59 32 18 59 36 0.046875
59 32 19 59 37 0.0625
59 32 20 59 12 0.03125
59 32 21 59 13 0.0625
59 32 22 59 14 0.0625
59 32 23 59 15 0.0625
59 32 24 59 16 0.0625
59 32 25 59 17 0.0625
59 35 0 59 35 0.03125
59 35 1 59 6 0.03125
59 35 2 59 7 0.046875
59 35 3 59 8 0.015625
59 35 4 59 9 0.015625
59 35 5 59 10 0.03125
59 35 6 59 11 0.03125
59 35 7 59 24 0.03125
59 35 8 59 25 0.015625
59 35 9 59 26 0.03125
59 35 10 59 27 0.015625
59 35 11 59 28 0.015625
59 35 12 59 29 0.03125
59 35 13 59 30 0.03125
59 35 14 59 31 0.046875
59 35 16 59 33 0.0625
59 35 17 59 34 0.0625
59 35 18 59 36 0.046875
59 35 19 59 37 0.0625
59 35 20 59 12 0.03125
59 35 21 59 13 0.0625
59 35 22 59 14 0.0625
59 35 23 59 15 0.0625
59 35 24 59 16 0.0625
59 35 25 59 17 0.0625
