21_125_1000_640_0_0 160 480 0.676877 0.151719 0.88456 10.5786 690.26 4.37778
21_125_1000_640_0_0 160 480 320 877087 30700816500 35003.2 2740.9 9.59401e+07 7.76914e+08
21_125_1000_640_1_1 160 480 0.676877 0.151719 0.88456 10.5786 690.26 4.37778
21_125_1000_640_1_1 160 480 320 877087 30700816500 35003.2 2740.9 9.59401e+07 7.76914e+08
21_125_1000_640_2_2 160 480 0.620247 0.152642 0.873427 10.3834 689.638 4.20399
21_125_1000_640_2_2 160 480 320 876302 30672592500 35002.3 2738.44 9.58519e+07 6.93191e+08
21_125_1000_640_3_3 160 480 0.712078 0.152366 0.862015 10.4025 713.126 4.16405
21_125_1000_640_3_3 160 480 320 876756 30807412500 35138 2739.86 9.62732e+07 7.49282e+08
21_125_1000_640_4_4 160 480 0.640261 0.151988 0.855055 10.3886 728.968 4.13652
21_125_1000_640_4_4 160 480 320 876458 30739671000 35072.6 2738.93 9.60615e+07 7.37306e+08
21_125_1000_640_5_5 160 480 0.525206 0.14936 0.832105 9.97475 659.269 3.89051
21_125_1000_640_5_5 160 480 320 875991 30571306500 34899.1 2737.47 9.55353e+07 6.16236e+08
21_125_1000_640_6_6 160 480 0.627083 0.152685 0.858249 10.2858 619.311 4.12913
21_125_1000_640_6_6 160 480 320 875850 30658966500 35004.8 2737.03 9.58093e+07 6.92456e+08
21_125_1000_640_7_7 160 480 0.716175 0.151527 0.859763 10.3035 687.245 4.13366
21_125_1000_640_7_7 160 480 320 875408 30700798500 35070.3 2735.65 9.594e+07 7.59321e+08
21_125_1000_640_8_8 160 480 0.526882 0.151039 0.840338 10.1206 559.279 3.97207
21_125_1000_640_8_8 160 480 320 875442 30533095500 34877.3 2735.76 9.54159e+07 5.93694e+08
21_125_1000_640_9_9 160 480 0.555634 0.151659 0.857318 10.1106 630 4.03406
21_125_1000_640_9_9 160 480 320 876458 30738222000 35071 2738.93 9.60569e+07 6.32106e+08
