1_70312_100000_100_0_0 25 75 0.592056 0.146337 0.792786 10.7878 169.961 3.90929
1_70312_100000_100_0_0 25 75 50 377223 13157268000 34879.3 7544.46 263145360 1.48322e+09
1_70312_100000_100_1_1 25 75 0.592056 0.146337 0.792786 10.7878 169.961 3.90929
1_70312_100000_100_1_1 25 75 50 377223 13157268000 34879.3 7544.46 263145360 1.48322e+09
1_70312_100000_100_2_2 25 75 0.509858 0.14805 0.750558 10.0754 111.461 3.39752
1_70312_100000_100_2_2 25 75 50 377366 13187674500 34946.6 7547.32 263753490 1.44026e+09
1_70312_100000_100_3_3 25 75 0.612855 0.149357 0.77896 10.7583 169.934 3.7078
1_70312_100000_100_3_3 25 75 50 376295 13207407000 35098.5 7525.9 264148140 1.50479e+09
1_70312_100000_100_4_4 25 75 0.520748 0.145047 0.735252 9.92392 122.459 3.33232
1_70312_100000_100_4_4 25 75 50 377225 13251168000 35128 7544.5 265023360 1.42217e+09
1_70312_100000_100_5_5 25 75 0.588104 0.148035 0.794903 10.8886 140.038 3.96058
1_70312_100000_100_5_5 25 75 50 376892 13307376000 35308.2 7537.84 266147520 1.6492e+09
1_70312_100000_100_6_6 25 75 0.519026 0.149098 0.764623 10.0871 119.513 3.48886
1_70312_100000_100_6_6 25 75 50 376315 13258951500 35233.7 7526.3 265179030 1.51302e+09
1_70312_100000_100_7_7 25 75 0.511376 0.147654 0.730744 10.0001 116.14 3.33263
1_70312_100000_100_7_7 25 75 50 376195 13136919000 34920.5 7523.9 262738380 1.29791e+09
1_70312_100000_100_8_8 25 75 0.560004 0.146959 0.777664 10.6395 130.038 3.76164
1_70312_100000_100_8_8 25 75 50 376332 13296591000 35332.1 7526.64 265931820 1.60319e+09
1_70312_100000_100_9_9 25 75 0.566469 0.145975 0.754186 10.4397 127.322 3.57816
1_70312_100000_100_9_9 25 75 50 376588 13185895500 35014.1 7531.76 263717910 1.51134e+09
