1_75_100_400_1_1 100 300 0.574117 0.113 0.654183 9.49948 570.867 2.38897
1_75_100_400_1_1 100 300 200 4063103 106004386500 26089.5 20315.5 5.30022e+08 1.84322e+09
1_75_100_400_2_2 100 300 0.556908 0.113237 0.65238 9.52327 560.045 2.38759
1_75_100_400_2_2 100 300 200 4063283 105972654000 26080.5 20316.4 529863270 1.78681e+09
1_75_100_400_3_3 100 300 0.58356 0.113097 0.651082 9.42144 586.413 2.35775
1_75_100_400_3_3 100 300 200 4063624 105953818500 26073.7 20318.1 5.29769e+08 1.84112e+09
1_75_100_400_4_4 100 300 0.595134 0.113527 0.65943 9.65635 569.746 2.4629
1_75_100_400_4_4 100 300 200 4064065 106035621000 26091 20320.3 530178105 1.87416e+09
1_75_100_400_5_5 100 300 0.605169 0.113088 0.655929 9.59928 626.286 2.41381
1_75_100_400_5_5 100 300 200 4063482 106029045000 26093.1 20317.4 530145225 1.88453e+09
1_75_100_400_6_6 100 300 0.543786 0.113352 0.658963 9.58698 569.067 2.44166
1_75_100_400_6_6 100 300 200 4063241 105962170500 26078.2 20316.2 5.29811e+08 1.77836e+09
1_75_100_400_7_7 100 300 0.558167 0.113328 0.646659 9.27116 589.519 2.3002
1_75_100_400_7_7 100 300 200 4064845 106056163500 26091.1 20324.2 5.30281e+08 1.79022e+09
1_75_100_400_8_8 100 300 0.548693 0.113307 0.648579 9.23358 568.681 2.29336
1_75_100_400_8_8 100 300 200 4063503 106011027000 26088.6 20317.5 530055135 1.72639e+09
1_75_100_400_9_9 100 300 0.559807 0.113537 0.661957 9.66303 560.098 2.46843
1_75_100_400_9_9 100 300 200 4063230 106094341500 26110.8 20316.2 5.30472e+08 1.78749e+09
