3 5 5 3 52 0.015625
3 5 12 3 34 0.015625
3 5 13 3 34 0.015625
3 5 14 3 34 0.015625
3 5 15 3 36 0.015625
3 5 16 3 57 0.015625
3 5 21 3 62 0.015625
3 5 25 3 24 0.03125
3 5 26 3 32 0.015625
3 5 28 3 43 0.015625
3 5 33 3 45 0.015625
3 5 38 3 26 0.015625
3 5 39 3 26 0.015625
3 5 40 3 71 0.015625
3 5 47 3 41 0.015625
3 5 48 3 34 0.015625
3 5 49 3 34 0.015625
3 5 51 3 34 0.015625
3 5 53 3 36 0.015625
3 5 54 3 36 0.015625
3 5 55 3 57 0.015625
3 5 56 3 60 0.015625
3 5 57 3 62 0.015625
3 5 58 3 62 0.015625
3 5 59 3 62 0.015625
3 5 60 3 62 0.03125
3 5 64 3 24 0.015625
3 5 65 3 24 0.015625
3 5 67 3 32 0.015625
3 5 68 3 32 0.015625
3 5 69 3 45 0.015625
3 5 71 3 45 0.015625
3 5 72 3 45 0.015625
3 5 73 3 45 0.015625
3 5 74 3 45 0.015625
3 5 76 3 50 0.015625
3 5 78 3 26 0.015625
3 5 79 3 26 0.015625
3 5 80 3 26 0.015625
3 5 82 3 65 0.015625
3 5 84 3 33 0.015625
3 5 85 3 33 0.015625
3 5 94 3 34 0.015625
3 5 95 3 36 0.015625
3 5 100 3 60 0.015625
3 5 101 3 24 0.015625
3 5 102 3 72 0.015625
3 5 103 3 28 0.015625
3 5 104 3 26 0.015625
3 5 105 3 33 0.015625
3 5 107 3 51 0.015625
3 5 110 3 57 0.015625
3 5 112 3 15 0.015625
3 5 113 3 62 0.015625
3 5 114 3 62 0.015625
3 5 115 3 76 0.015625
3 5 116 3 24 0.015625
3 5 117 3 24 0.015625
3 5 118 3 72 0.015625
3 5 120 3 28 0.015625
3 5 121 3 65 0.015625
3 5 123 3 45 0.015625
3 13 2 3 60 0.015625
3 13 3 3 62 0.015625
3 13 7 3 45 0.015625
3 13 11 3 48 0.015625
3 13 14 3 34 0.015625
3 13 15 3 34 0.015625
3 13 18 3 57 0.015625
3 13 19 3 57 0.015625
3 13 22 3 62 0.015625
3 13 24 3 24 0.015625
3 13 26 3 43 0.015625
3 13 29 3 45 0.015625
3 13 34 3 26 0.015625
3 13 35 3 26 0.015625
3 13 38 3 71 0.015625
3 13 40 3 65 0.015625
3 13 44 3 41 0.015625
3 13 45 3 34 0.015625
3 13 46 3 34 0.015625
3 13 48 3 34 0.015625
3 13 52 3 57 0.015625
3 13 53 3 60 0.015625
3 13 54 3 60 0.015625
3 13 55 3 62 0.015625
3 13 56 3 62 0.015625
3 13 57 3 62 0.015625
3 13 58 3 62 0.015625
3 13 59 3 62 0.015625
3 13 60 3 24 0.015625
3 13 61 3 24 0.015625
3 13 62 3 32 0.015625
3 13 65 3 43 0.015625
3 13 68 3 43 0.015625
3 13 69 3 43 0.015625
3 13 70 3 45 0.015625
3 13 71 3 45 0.015625
3 13 72 3 45 0.015625
3 13 74 3 50 0.015625
3 13 76 3 26 0.015625
3 13 79 3 71 0.015625
3 13 82 3 33 0.015625
3 13 88 3 4 0.015625
3 13 90 3 48 0.015625
3 13 91 3 34 0.015625
3 13 92 3 34 0.015625
3 13 93 3 36 0.015625
3 13 95 3 36 0.015625
3 13 97 3 57 0.015625
3 13 99 3 60 0.015625
3 13 101 3 50 0.015625
3 13 106 3 26 0.015625
3 13 107 3 52 0.015625
3 13 113 3 4 0.015625
3 13 114 3 36 0.015625
3 13 115 3 36 0.015625
3 13 116 3 57 0.015625
3 13 117 3 57 0.015625
3 13 118 3 62 0.015625
3 13 119 3 76 0.015625
3 13 120 3 72 0.015625
3 13 121 3 72 0.015625
3 13 122 3 72 0.03125
3 13 125 3 41 0.015625
3 29 10 3 41 0.015625
3 29 11 3 34 0.015625
3 29 12 3 34 0.015625
3 29 15 3 36 0.015625
3 29 19 3 15 0.015625
3 29 21 3 60 0.015625
3 29 23 3 62 0.015625
3 29 28 3 43 0.015625
3 29 30 3 43 0.015625
3 29 33 3 45 0.015625
3 29 34 3 45 0.015625
3 29 39 3 26 0.015625
3 29 40 3 26 0.015625
3 29 42 3 26 0.015625
3 29 53 3 51 0.015625
3 29 61 3 41 0.015625
3 29 62 3 34 0.015625
3 29 63 3 34 0.015625
3 29 65 3 36 0.015625
3 29 68 3 36 0.015625
3 29 69 3 57 0.015625
3 29 70 3 57 0.015625
3 29 72 3 57 0.015625
3 29 76 3 62 0.015625
3 29 77 3 62 0.015625
3 29 78 3 62 0.015625
3 29 79 3 62 0.015625
3 29 81 3 24 0.015625
3 29 83 3 24 0.015625
3 29 84 3 24 0.015625
3 29 89 3 43 0.015625
3 29 92 3 28 0.015625
3 29 93 3 45 0.015625
3 29 94 3 45 0.015625
3 29 96 3 45 0.015625
3 29 97 3 50 0.015625
3 29 100 3 26 0.015625
3 29 101 3 26 0.015625
3 29 102 3 52 0.015625
3 29 105 3 33 0.015625
3 29 109 3 4 0.015625
3 29 112 3 34 0.015625
3 29 113 3 36 0.015625
3 29 114 3 36 0.015625
3 29 118 3 60 0.015625
3 29 119 3 62 0.015625
3 29 120 3 62 0.015625
3 29 122 3 24 0.015625
3 29 123 3 43 0.015625
3 29 124 3 28 0.015625
3 29 126 3 50 0.015625
3 29 129 3 33 0.015625
3 29 130 3 33 0.015625
3 29 132 3 51 0.015625
3 29 135 3 41 0.015625
3 29 136 3 36 0.015625
3 29 137 3 57 0.015625
3 29 138 3 57 0.015625
3 29 140 3 62 0.015625
3 29 143 3 24 0.015625
3 29 144 3 72 0.015625
3 29 146 3 26 0.015625
3 29 148 3 51 0.015625
3 29 149 3 45 0.015625
3 47 2 3 76 0.015625
3 47 5 3 45 0.015625
3 47 6 3 50 0.015625
3 47 15 3 60 0.015625
3 47 18 3 24 0.015625
3 47 21 3 32 0.015625
3 47 23 3 43 0.046875
3 47 25 3 28 0.015625
3 47 28 3 26 0.015625
3 47 29 3 26 0.015625
3 47 31 3 26 0.015625
3 47 36 3 4 0.03125
3 47 40 3 41 0.015625
3 47 41 3 34 0.015625
3 47 42 3 34 0.015625
3 47 43 3 34 0.03125
3 47 44 3 36 0.015625
3 47 46 3 57 0.015625
3 47 47 3 57 0.015625
3 47 48 3 57 0.015625
3 47 52 3 60 0.015625
3 47 53 3 62 0.015625
3 47 54 3 62 0.015625
3 47 55 3 62 0.015625
3 47 56 3 62 0.015625
3 47 57 3 62 0.015625
3 47 60 3 63 0.015625
3 47 61 3 24 0.015625
3 47 62 3 24 0.015625
3 47 63 3 32 0.015625
3 47 66 3 72 0.015625
3 47 67 3 28 0.015625
3 47 68 3 45 0.015625
3 47 69 3 45 0.015625
3 47 74 3 26 0.015625
3 47 75 3 52 0.015625
3 47 76 3 71 0.015625
3 47 79 3 33 0.015625
3 47 80 3 33 0.015625
3 47 85 3 48 0.015625
3 47 86 3 41 0.015625
3 47 87 3 34 0.015625
3 47 88 3 34 0.015625
3 47 89 3 34 0.015625
3 47 90 3 34 0.015625
3 47 91 3 36 0.03125
3 47 93 3 15 0.015625
3 47 94 3 60 0.015625
3 47 97 3 62 0.015625
3 47 98 3 62 0.015625
3 47 100 3 45 0.015625
3 47 104 3 52 0.015625
3 47 109 3 41 0.015625
3 47 110 3 57 0.015625
3 47 111 3 15 0.015625
3 47 113 3 28 0.015625
3 47 114 3 28 0.015625
3 47 116 3 26 0.015625
3 47 118 3 34 0.015625
7 5 6 7 16 0.015625
7 5 11 7 58 0.03125
7 5 13 7 37 0.015625
7 5 14 7 14 0.015625
7 5 20 7 27 0.015625
7 5 21 7 27 0.015625
7 5 28 7 24 0.015625
7 5 29 7 24 0.015625
7 5 31 7 8 0.015625
7 5 37 7 62 0.015625
7 5 39 7 60 0.015625
7 5 47 7 35 0.015625
7 5 49 7 68 0.015625
7 5 52 7 70 0.015625
7 5 54 7 42 0.015625
7 5 56 7 58 0.015625
7 5 57 7 58 0.015625
7 5 58 7 37 0.015625
7 5 59 7 37 0.015625
7 5 60 7 14 0.015625
7 5 61 7 14 0.015625
7 5 63 7 57 0.015625
7 5 64 7 51 0.015625
7 5 65 7 27 0.015625
7 5 66 7 27 0.015625
7 5 72 7 16 0.015625
7 5 74 7 32 0.015625
7 5 75 7 32 0.015625
7 5 77 7 24 0.015625
7 5 79 7 24 0.015625
7 5 80 7 24 0.015625
7 5 81 7 24 0.015625
7 5 82 7 8 0.015625
7 5 83 7 8 0.015625
7 5 84 7 8 0.015625
7 5 85 7 8 0.015625
7 5 87 7 8 0.015625
7 5 88 7 8 0.015625
7 5 90 7 65 0.015625
7 5 91 7 65 0.015625
7 5 92 7 65 0.015625
7 5 93 7 76 0.015625
7 5 97 7 39 0.015625
7 5 102 7 35 0.015625
7 5 106 7 42 0.015625
7 5 107 7 37 0.015625
7 5 109 7 51 0.015625
7 5 112 7 27 0.015625
7 5 113 7 44 0.015625
7 5 117 7 8 0.015625
7 5 118 7 60 0.015625
7 5 120 7 28 0.015625
7 5 121 7 77 0.015625
7 5 122 7 77 0.015625
7 5 123 7 35 0.015625
7 5 126 7 27 0.015625
7 5 129 7 24 0.015625
7 5 130 7 24 0.015625
7 5 131 7 65 0.015625
7 5 132 7 76 0.015625
7 5 133 7 62 0.015625
7 5 134 7 62 0.015625
7 5 137 7 62 0.015625
7 13 2 7 62 0.015625
7 13 3 7 60 0.015625
7 13 12 7 70 0.015625
7 13 14 7 42 0.015625
7 13 18 7 58 0.03125
7 13 25 7 14 0.015625
7 13 31 7 27 0.015625
7 13 33 7 27 0.015625
7 13 34 7 27 0.015625
7 13 40 7 55 0.015625
7 13 41 7 24 0.015625
7 13 42 7 24 0.015625
7 13 44 7 8 0.015625
7 13 45 7 8 0.015625
7 13 46 7 65 0.015625
7 13 56 7 68 0.015625
7 13 59 7 73 0.015625
7 13 61 7 70 0.015625
7 13 62 7 70 0.015625
7 13 63 7 42 0.015625
7 13 65 7 42 0.015625
7 13 66 7 58 0.015625
7 13 67 7 58 0.015625
7 13 69 7 58 0.015625
7 13 70 7 58 0.015625
7 13 74 7 64 0.015625
7 13 77 7 51 0.015625
7 13 78 7 51 0.015625
7 13 79 7 27 0.015625
7 13 80 7 27 0.015625
7 13 82 7 27 0.015625
7 13 86 7 32 0.015625
7 13 89 7 24 0.015625
7 13 90 7 24 0.015625
7 13 91 7 8 0.015625
7 13 94 7 8 0.015625
7 13 95 7 8 0.015625
7 13 101 7 62 0.015625
7 13 102 7 62 0.015625
7 13 103 7 62 0.015625
7 13 104 7 39 0.015625
7 13 105 7 77 0.015625
7 13 106 7 35 0.015625
7 13 107 7 35 0.015625
7 13 111 7 37 0.015625
7 13 112 7 37 0.015625
7 13 113 7 37 0.015625
7 13 114 7 37 0.015625
7 13 119 7 51 0.015625
7 13 120 7 27 0.015625
7 13 123 7 8 0.015625
7 13 124 7 65 0.015625
7 13 128 7 60 0.015625
7 13 129 7 35 0.015625
7 13 132 7 57 0.015625
7 13 133 7 57 0.015625
7 13 134 7 27 0.015625
7 13 137 7 16 0.015625
7 13 138 7 8 0.015625
7 13 139 7 8 0.015625
7 13 142 7 76 0.015625
7 13 143 7 62 0.015625
7 13 145 7 62 0.015625
7 29 2 7 14 0.015625
7 29 20 7 51 0.015625
7 29 24 7 27 0.015625
7 29 25 7 27 0.015625
7 29 29 7 16 0.015625
7 29 36 7 8 0.015625
7 29 37 7 65 0.015625
7 29 45 7 73 0.015625
7 29 46 7 70 0.015625
7 29 48 7 42 0.015625
7 29 50 7 42 0.015625
7 29 51 7 58 0.015625
7 29 55 7 14 0.015625
7 29 57 7 57 0.015625
7 29 58 7 51 0.015625
7 29 59 7 51 0.015625
7 29 60 7 27 0.015625
7 29 61 7 27 0.015625
7 29 62 7 27 0.015625
7 29 64 7 27 0.03125
7 29 65 7 44 0.015625
7 29 75 7 24 0.015625
7 29 76 7 24 0.015625
7 29 77 7 24 0.015625
7 29 79 7 8 0.015625
7 29 80 7 8 0.015625
7 29 81 7 8 0.015625
7 29 82 7 8 0.015625
7 29 83 7 8 0.015625
7 29 84 7 8 0.015625
7 29 85 7 8 0.015625
7 29 86 7 65 0.015625
7 29 88 7 76 0.015625
7 29 90 7 62 0.015625
7 29 91 7 62 0.015625
7 29 94 7 28 0.015625
7 29 95 7 77 0.015625
7 29 96 7 35 0.015625
7 29 97 7 35 0.015625
7 29 99 7 35 0.015625
7 29 102 7 73 0.015625
7 29 104 7 42 0.015625
7 29 105 7 37 0.015625
7 29 107 7 57 0.015625
7 29 108 7 27 0.015625
7 29 111 7 24 0.015625
7 29 113 7 24 0.015625
7 29 116 7 76 0.015625
7 29 117 7 62 0.015625
7 29 119 7 60 0.015625
7 29 123 7 28 0.015625
7 29 127 7 73 0.015625
7 29 128 7 37 0.015625
7 29 129 7 37 0.015625
7 29 130 7 57 0.015625
7 29 131 7 57 0.015625
7 29 132 7 51 0.015625
7 29 133 7 51 0.015625
7 29 134 7 27 0.015625
7 29 136 7 44 0.015625
7 29 141 7 24 0.015625
7 29 142 7 8 0.015625
7 29 143 7 62 0.015625
7 47 2 7 27 0.015625
7 47 11 7 73 0.015625
7 47 18 7 37 0.015625
7 47 19 7 37 0.015625
7 47 29 7 27 0.03125
7 47 30 7 27 0.015625
7 47 40 7 24 0.015625
7 47 41 7 24 0.015625
7 47 42 7 8 0.015625
7 47 44 7 62 0.015625
7 47 46 7 60 0.015625
7 47 55 7 68 0.015625
7 47 58 7 73 0.015625
7 47 62 7 42 0.015625
7 47 64 7 42 0.015625
7 47 65 7 58 0.015625
7 47 66 7 58 0.015625
7 47 68 7 37 0.015625
7 47 69 7 37 0.015625
7 47 72 7 64 0.015625
7 47 76 7 51 0.015625
7 47 78 7 27 0.015625
7 47 79 7 27 0.015625
7 47 80 7 27 0.015625
7 47 81 7 27 0.015625
7 47 84 7 16 0.015625
7 47 85 7 32 0.015625
7 47 86 7 32 0.015625
7 47 87 7 24 0.015625
7 47 88 7 24 0.015625
7 47 89 7 24 0.015625
7 47 92 7 8 0.015625
7 47 93 7 8 0.015625
7 47 94 7 8 0.015625
7 47 95 7 8 0.015625
7 47 98 7 8 0.015625
7 47 99 7 65 0.015625
7 47 100 7 76 0.015625
7 47 103 7 62 0.015625
7 47 104 7 60 0.015625
7 47 106 7 39 0.015625
7 47 109 7 28 0.015625
7 47 110 7 28 0.015625
7 47 114 7 73 0.015625
7 47 116 7 42 0.015625
7 47 117 7 37 0.015625
7 47 118 7 64 0.015625
7 47 125 7 8 0.015625
7 47 126 7 8 0.015625
7 47 127 7 65 0.015625
7 47 128 7 65 0.015625
7 47 129 7 62 0.015625
7 47 130 7 62 0.015625
7 47 133 7 60 0.015625
7 47 134 7 28 0.015625
7 47 136 7 77 0.015625
7 47 137 7 35 0.015625
7 47 139 7 37 0.015625
7 47 140 7 27 0.015625
7 47 141 7 44 0.015625
7 47 143 7 16 0.015625
7 47 145 7 76 0.015625
7 47 146 7 62 0.015625
9 5 0 9 5 0.015625
9 5 2 9 16 0.015625
9 5 10 9 6 0.015625
9 5 11 9 6 0.015625
9 5 12 9 6 0.015625
9 5 13 9 6 0.015625
9 5 20 9 56 0.015625
9 5 22 9 14 0.015625
9 5 26 9 30 0.015625
9 5 30 9 11 0.015625
9 5 32 9 11 0.015625
9 5 37 9 19 0.015625
9 5 44 9 75 0.015625
9 5 45 9 58 0.015625
9 5 47 9 26 0.015625
9 5 48 9 26 0.015625
9 5 50 9 6 0.015625
9 5 51 9 6 0.015625
9 5 52 9 6 0.015625
9 5 53 9 16 0.015625
9 5 55 9 16 0.015625
9 5 57 9 31 0.015625
9 5 58 9 31 0.015625
9 5 61 9 65 0.015625
9 5 62 9 56 0.015625
9 5 63 9 14 0.015625
9 5 65 9 30 0.015625
9 5 66 9 30 0.015625
9 5 71 9 11 0.015625
9 5 72 9 11 0.015625
9 5 74 9 11 0.015625
9 5 76 9 66 0.015625
9 5 78 9 60 0.015625
9 5 79 9 69 0.015625
9 5 81 9 19 0.015625
9 5 82 9 19 0.015625
9 5 83 9 19 0.015625
9 5 84 9 19 0.015625
9 5 85 9 19 0.015625
9 5 86 9 71 0.015625
9 5 87 9 57 0.015625
9 5 88 9 15 0.015625
9 5 89 9 23 0.015625
9 5 91 9 75 0.015625
9 5 92 9 75 0.015625
9 5 95 9 58 0.015625
9 5 96 9 26 0.015625
9 5 98 9 26 0.015625
9 5 99 9 67 0.015625
9 5 104 9 6 0.015625
9 5 105 9 61 0.015625
9 5 106 9 65 0.015625
9 5 107 9 30 0.015625
9 5 108 9 30 0.015625
9 5 109 9 60 0.015625
9 5 110 9 60 0.015625
9 5 114 9 19 0.015625
9 5 121 9 31 0.015625
9 5 123 9 56 0.015625
9 5 125 9 14 0.015625
9 5 126 9 11 0.015625
9 5 129 9 60 0.015625
9 5 130 9 71 0.015625
9 5 131 9 57 0.015625
9 13 0 9 13 0.015625
9 13 1 9 6 0.015625
9 13 5 9 66 0.015625
9 13 6 9 60 0.015625
9 13 11 9 6 0.015625
9 13 12 9 6 0.015625
9 13 17 9 14 0.015625
9 13 18 9 14 0.015625
9 13 20 9 14 0.015625
9 13 22 9 30 0.015625
9 13 23 9 30 0.015625
9 13 24 9 30 0.015625
9 13 27 9 11 0.015625
9 13 28 9 11 0.015625
9 13 31 9 60 0.015625
9 13 32 9 19 0.015625
9 13 37 9 57 0.015625
9 13 38 9 57 0.015625
9 13 40 9 15 0.015625
9 13 41 9 75 0.015625
9 13 43 9 75 0.015625
9 13 46 9 26 0.015625
9 13 53 9 6 0.015625
9 13 55 9 6 0.015625
9 13 56 9 6 0.015625
9 13 60 9 31 0.015625
9 13 62 9 31 0.015625
9 13 77 9 11 0.015625
9 13 78 9 11 0.015625
9 13 79 9 11 0.015625
9 13 80 9 11 0.015625
9 13 81 9 66 0.015625
9 13 82 9 66 0.015625
9 13 83 9 66 0.015625
9 13 84 9 60 0.015625
9 13 86 9 69 0.015625
9 13 87 9 19 0.015625
9 13 88 9 19 0.015625
9 13 89 9 19 0.015625
9 13 90 9 71 0.015625
9 13 92 9 57 0.015625
9 13 93 9 23 0.015625
9 13 94 9 75 0.015625
9 13 95 9 40 0.015625
9 13 96 9 40 0.015625
9 13 98 9 58 0.015625
9 13 100 9 58 0.015625
9 13 101 9 58 0.015625
9 13 105 9 67 0.015625
9 13 106 9 67 0.015625
9 13 110 9 31 0.015625
9 13 113 9 30 0.015625
9 13 114 9 11 0.015625
9 13 118 9 19 0.015625
9 13 119 9 19 0.015625
9 13 120 9 19 0.015625
9 13 122 9 57 0.015625
9 13 124 9 23 0.015625
9 13 128 9 40 0.015625
9 13 129 9 26 0.015625
9 13 132 9 56 0.015625
9 13 134 9 60 0.015625
9 13 135 9 69 0.015625
9 13 136 9 57 0.015625
9 29 0 9 5 0.015625
9 29 3 9 14 0.015625
9 29 4 9 11 0.015625
9 29 5 9 66 0.015625
9 29 10 9 6 0.015625
9 29 16 9 16 0.015625
9 29 17 9 31 0.015625
9 29 21 9 30 0.015625
9 29 24 9 11 0.015625
9 29 25 9 11 0.015625
9 29 30 9 19 0.015625
9 29 31 9 19 0.015625
9 29 35 9 57 0.015625
9 29 36 9 15 0.015625
9 29 45 9 67 0.015625
9 29 49 9 6 0.015625
9 29 50 9 6 0.015625
9 29 52 9 6 0.015625
9 29 53 9 6 0.015625
9 29 54 9 16 0.015625
9 29 57 9 31 0.015625
9 29 58 9 52 0.015625
9 29 60 9 56 0.015625
9 29 61 9 14 0.015625
9 29 63 9 30 0.015625
9 29 65 9 30 0.015625
9 29 66 9 30 0.015625
9 29 70 9 11 0.015625
9 29 71 9 11 0.015625
9 29 72 9 66 0.015625
9 29 73 9 66 0.015625
9 29 76 9 60 0.015625
9 29 77 9 60 0.015625
9 29 78 9 60 0.015625
9 29 83 9 19 0.015625
9 29 84 9 19 0.015625
9 29 86 9 57 0.015625
9 29 87 9 57 0.015625
9 29 89 9 75 0.015625
9 29 90 9 40 0.015625
9 29 93 9 26 0.015625
9 29 94 9 26 0.015625
9 29 95 9 67 0.015625
9 29 97 9 67 0.015625
9 29 99 9 6 0.015625
9 29 100 9 61 0.015625
9 29 101 9 61 0.015625
9 29 102 9 16 0.015625
9 29 104 9 56 0.015625
9 29 105 9 56 0.015625
9 29 106 9 30 0.015625
9 29 114 9 19 0.015625
9 29 115 9 19 0.015625
9 29 116 9 57 0.015625
9 29 121 9 75 0.015625
9 29 124 9 6 0.015625
9 29 126 9 61 0.015625
9 29 130 9 30 0.015625
9 29 134 9 60 0.015625
9 29 135 9 19 0.015625
9 29 136 9 57 0.015625
9 29 138 9 60 0.015625
9 29 139 9 69 0.015625
9 29 140 9 71 0.015625
9 47 0 9 31 0.015625
9 47 6 9 6 0.015625
9 47 7 9 6 0.015625
9 47 8 9 6 0.015625
9 47 12 9 61 0.015625
9 47 26 9 30 0.015625
9 47 31 9 11 0.015625
9 47 32 9 11 0.015625
9 47 33 9 11 0.015625
9 47 34 9 11 0.015625
9 47 35 9 11 0.015625
9 47 41 9 60 0.015625
9 47 48 9 57 0.015625
9 47 52 9 26 0.015625
9 47 53 9 26 0.015625
9 47 61 9 6 0.015625
9 47 62 9 6 0.015625
9 47 63 9 6 0.015625
9 47 64 9 6 0.03125
9 47 65 9 61 0.015625
9 47 67 9 16 0.015625
9 47 68 9 16 0.015625
9 47 72 9 52 0.015625
9 47 80 9 66 0.015625
9 47 82 9 66 0.015625
9 47 84 9 60 0.015625
9 47 87 9 60 0.015625
9 47 88 9 60 0.015625
9 47 91 9 19 0.015625
9 47 92 9 19 0.015625
9 47 93 9 19 0.015625
9 47 94 9 19 0.015625
9 47 95 9 19 0.015625
9 47 96 9 19 0.015625
9 47 98 9 71 0.015625
9 47 101 9 57 0.015625
9 47 102 9 57 0.015625
9 47 103 9 57 0.015625
9 47 104 9 15 0.015625
9 47 112 9 58 0.015625
9 47 115 9 67 0.015625
9 47 116 9 67 0.015625
9 47 117 9 67 0.015625
9 47 119 9 6 0.015625
9 47 120 9 61 0.015625
9 47 122 9 30 0.015625
9 47 124 9 11 0.015625
9 47 125 9 66 0.015625
9 47 126 9 60 0.015625
9 47 127 9 60 0.015625
9 47 130 9 19 0.015625
9 47 133 9 75 0.015625
9 47 135 9 40 0.015625
9 47 136 9 40 0.015625
9 47 143 9 56 0.015625
9 47 144 9 30 0.015625
9 47 145 9 11 0.015625
9 47 148 9 19 0.015625
9 47 149 9 15 0.015625
9 47 150 9 23 0.015625
9 47 151 9 23 0.015625
9 47 154 9 26 0.015625
9 47 155 9 69 0.015625
12 5 1 12 37 0.015625
12 5 14 12 37 0.015625
12 5 20 12 68 0.015625
12 5 22 12 69 0.015625
12 5 23 12 69 0.015625
12 5 30 12 58 0.015625
12 5 31 12 58 0.015625
12 5 32 12 48 0.015625
12 5 34 12 67 0.03125
12 5 35 12 67 0.015625
12 5 38 12 77 0.015625
12 5 39 12 0 0.015625
12 5 43 12 6 0.015625
12 5 51 12 37 0.015625
12 5 52 12 37 0.015625
12 5 53 12 37 0.015625
12 5 54 12 37 0.015625
12 5 55 12 37 0.015625
12 5 56 12 20 0.015625
12 5 61 12 35 0.015625
12 5 65 12 30 0.015625
12 5 70 12 68 0.015625
12 5 71 12 68 0.015625
12 5 72 12 68 0.015625
12 5 74 12 69 0.015625
12 5 76 12 41 0.015625
12 5 77 12 41 0.015625
12 5 78 12 76 0.015625
12 5 80 12 38 0.015625
12 5 82 12 58 0.015625
12 5 83 12 58 0.015625
12 5 86 12 73 0.015625
12 5 87 12 73 0.015625
12 5 88 12 67 0.015625
12 5 89 12 67 0.015625
12 5 90 12 67 0.015625
12 5 91 12 67 0.015625
12 5 92 12 67 0.015625
12 5 93 12 34 0.015625
12 5 96 12 34 0.015625
12 5 97 12 34 0.015625
12 5 98 12 34 0.015625
12 5 102 12 75 0.015625
12 5 110 12 59 0.015625
12 5 112 12 30 0.015625
12 5 113 12 30 0.015625
12 5 114 12 68 0.015625
12 5 115 12 68 0.015625
12 5 116 12 31 0.015625
12 5 117 12 69 0.015625
12 5 118 12 41 0.015625
12 5 119 12 76 0.015625
12 5 121 12 51 0.015625
12 5 122 12 73 0.015625
12 5 123 12 34 0.015625
12 5 126 12 0 0.015625
12 5 127 12 35 0.015625
12 5 128 12 69 0.015625
12 5 129 12 41 0.015625
12 5 130 12 76 0.015625
12 5 133 12 38 0.015625
12 5 134 12 73 0.015625
12 5 137 12 69 0.015625
12 13 17 12 37 0.015625
12 13 18 12 37 0.015625
12 13 20 12 20 0.015625
12 13 27 12 68 0.015625
12 13 28 12 68 0.015625
12 13 30 12 69 0.015625
12 13 35 12 58 0.015625
12 13 36 12 58 0.015625
12 13 41 12 48 0.015625
12 13 44 12 67 0.03125
12 13 45 12 67 0.015625
12 13 47 12 34 0.015625
12 13 50 12 75 0.015625
12 13 51 12 25 0.015625
12 13 54 12 0 0.015625
12 13 55 12 0 0.015625
12 13 59 12 37 0.015625
12 13 60 12 37 0.015625
12 13 61 12 37 0.015625
12 13 62 12 20 0.015625
12 13 66 12 59 0.015625
12 13 69 12 35 0.015625
12 13 70 12 35 0.015625
12 13 71 12 30 0.015625
12 13 73 12 68 0.015625
12 13 75 12 31 0.015625
12 13 78 12 69 0.015625
12 13 81 12 41 0.015625
12 13 86 12 58 0.015625
12 13 88 12 58 0.015625
12 13 91 12 48 0.015625
12 13 93 12 73 0.015625
12 13 95 12 73 0.015625
12 13 96 12 73 0.015625
12 13 97 12 73 0.015625
12 13 98 12 67 0.015625
12 13 99 12 67 0.015625
12 13 101 12 67 0.015625
12 13 102 12 67 0.015625
12 13 103 12 67 0.015625
12 13 104 12 34 0.015625
12 13 106 12 34 0.015625
12 13 108 12 34 0.015625
12 13 111 12 75 0.015625
12 13 117 12 37 0.015625
12 13 118 12 37 0.015625
12 13 119 12 37 0.015625
12 13 120 12 37 0.015625
12 13 121 12 35 0.015625
12 13 122 12 30 0.015625
12 13 123 12 68 0.015625
12 13 124 12 69 0.015625
12 13 127 12 76 0.015625
12 13 131 12 25 0.015625
12 13 132 12 25 0.015625
12 13 136 12 35 0.015625
12 13 139 12 69 0.015625
12 13 140 12 41 0.015625
12 13 141 12 76 0.015625
12 13 145 12 73 0.015625
12 13 146 12 75 0.015625
12 13 147 12 69 0.015625
12 13 148 12 73 0.015625
12 29 1 12 5 0.015625
12 29 10 12 77 0.015625
12 29 12 12 0 0.015625
12 29 20 12 30 0.015625
12 29 21 12 68 0.015625
12 29 27 12 41 0.015625
12 29 36 12 73 0.015625
12 29 38 12 67 0.015625
12 29 41 12 34 0.015625
12 29 49 12 6 0.015625
12 29 50 12 6 0.015625
12 29 53 12 37 0.015625
12 29 54 12 37 0.015625
12 29 55 12 37 0.015625
12 29 56 12 20 0.015625
12 29 57 12 20 0.015625
12 29 60 12 59 0.015625
12 29 61 12 35 0.015625
12 29 63 12 35 0.015625
12 29 65 12 35 0.015625
12 29 69 12 68 0.015625
12 29 70 12 68 0.015625
12 29 71 12 68 0.015625
12 29 72 12 68 0.015625
12 29 73 12 68 0.015625
12 29 76 12 69 0.015625
12 29 78 12 69 0.015625
12 29 79 12 69 0.015625
12 29 81 12 41 0.015625
12 29 82 12 41 0.015625
12 29 84 12 38 0.015625
12 29 86 12 58 0.015625
12 29 88 12 51 0.015625
12 29 90 12 48 0.015625
12 29 92 12 73 0.015625
12 29 93 12 73 0.015625
12 29 94 12 73 0.015625
12 29 95 12 73 0.015625
12 29 96 12 67 0.015625
12 29 97 12 67 0.015625
12 29 98 12 67 0.015625
12 29 100 12 34 0.015625
12 29 101 12 34 0.015625
12 29 104 12 25 0.015625
12 29 105 12 25 0.015625
12 29 106 12 25 0.015625
12 29 110 12 37 0.015625
12 29 112 12 35 0.015625
12 29 114 12 30 0.015625
12 29 117 12 31 0.015625
12 29 118 12 41 0.015625
12 29 119 12 76 0.015625
12 29 120 12 76 0.015625
12 29 123 12 73 0.015625
12 29 124 12 67 0.015625
12 29 125 12 67 0.015625
12 29 128 12 75 0.015625
12 29 131 12 37 0.015625
12 29 132 12 37 0.015625
12 29 133 12 59 0.015625
12 29 135 12 30 0.015625
12 29 138 12 41 0.015625
12 29 141 12 38 0.015625
12 29 142 12 73 0.015625
12 47 11 12 37 0.015625
12 47 12 12 37 0.015625
12 47 23 12 68 0.015625
12 47 24 12 69 0.015625
12 47 27 12 41 0.015625
12 47 30 12 48 0.015625
12 47 32 12 73 0.015625
12 47 33 12 67 0.015625
12 47 35 12 34 0.015625
12 47 39 12 0 0.015625
12 47 44 12 6 0.015625
12 47 46 12 37 0.015625
12 47 47 12 37 0.015625
12 47 48 12 37 0.015625
12 47 49 12 20 0.015625
12 47 50 12 20 0.015625
12 47 56 12 66 0.015625
12 47 58 12 68 0.015625
12 47 59 12 68 0.015625
12 47 60 12 68 0.015625
12 47 61 12 31 0.015625
12 47 63 12 69 0.015625
12 47 64 12 69 0.015625
12 47 65 12 41 0.015625
12 47 66 12 76 0.015625
12 47 67 12 76 0.015625
12 47 70 12 38 0.015625
12 47 71 12 58 0.015625
12 47 72 12 58 0.015625
12 47 73 12 48 0.015625
12 47 77 12 73 0.015625
12 47 79 12 73 0.015625
12 47 80 12 73 0.015625
12 47 81 12 73 0.015625
12 47 82 12 67 0.015625
12 47 83 12 67 0.015625
12 47 84 12 67 0.015625
12 47 86 12 67 0.015625
12 47 87 12 67 0.015625
12 47 88 12 34 0.015625
12 47 89 12 34 0.015625
12 47 90 12 34 0.015625
12 47 92 12 75 0.015625
12 47 101 12 37 0.015625
12 47 102 12 37 0.015625
12 47 103 12 59 0.015625
12 47 105 12 30 0.015625
12 47 106 12 68 0.015625
12 47 107 12 68 0.015625
12 47 109 12 69 0.015625
12 47 110 12 41 0.015625
12 47 112 12 38 0.015625
12 47 115 12 73 0.015625
12 47 116 12 67 0.015625
12 47 120 12 6 0.015625
12 47 121 12 37 0.015625
12 47 122 12 35 0.015625
12 47 124 12 30 0.015625
12 47 127 12 41 0.015625
12 47 129 12 38 0.015625
12 47 131 12 75 0.015625
12 47 132 12 69 0.015625
12 47 133 12 67 0.015625
12 47 134 12 34 0.015625
16 5 0 16 5 0.015625
16 5 3 16 9 0.015625
16 5 7 16 1 0.015625
16 5 8 16 9 0.015625
16 5 14 16 68 0.015625
16 5 23 16 24 0.015625
16 5 25 16 35 0.015625
16 5 26 16 25 0.015625
16 5 32 16 27 0.015625
16 5 33 16 27 0.015625
16 5 35 16 22 0.015625
16 5 37 16 46 0.015625
16 5 43 16 79 0.015625
16 5 46 16 1 0.015625
16 5 47 16 1 0.015625
16 5 48 16 7 0.015625
16 5 49 16 9 0.015625
16 5 50 16 9 0.015625
16 5 57 16 44 0.015625
16 5 58 16 68 0.015625
16 5 61 16 34 0.015625
16 5 62 16 38 0.015625
16 5 63 16 38 0.015625
16 5 64 16 38 0.015625
16 5 66 16 19 0.015625
16 5 67 16 19 0.015625
16 5 68 16 19 0.015625
16 5 72 16 24 0.015625
16 5 73 16 24 0.015625
16 5 74 16 35 0.015625
16 5 75 16 35 0.015625
16 5 78 16 35 0.015625
16 5 79 16 35 0.015625
16 5 80 16 25 0.015625
16 5 81 16 25 0.015625
16 5 91 16 27 0.015625
16 5 92 16 27 0.015625
16 5 93 16 27 0.015625
16 5 100 16 46 0.015625
16 5 102 16 50 0.015625
16 5 103 16 50 0.015625
16 5 105 16 55 0.015625
16 5 107 16 70 0.015625
16 5 108 16 1 0.015625
16 5 109 16 44 0.015625
16 5 110 16 34 0.015625
16 5 111 16 38 0.015625
16 5 112 16 61 0.015625
16 5 115 16 24 0.015625
16 5 116 16 24 0.015625
16 5 117 16 24 0.015625
16 5 120 16 35 0.015625
16 5 122 16 27 0.015625
16 5 124 16 27 0.015625
16 5 129 16 9 0.015625
16 5 131 16 38 0.015625
16 5 134 16 49 0.015625
16 5 135 16 18 0.015625
16 5 136 16 24 0.015625
16 5 137 16 24 0.015625
16 5 138 16 46 0.015625
16 5 139 16 50 0.015625
16 5 140 16 70 0.015625
16 5 142 16 25 0.015625
16 13 2 16 9 0.015625
16 13 16 16 34 0.015625
16 13 17 16 34 0.015625
16 13 18 16 38 0.015625
16 13 22 16 24 0.015625
16 13 23 16 35 0.015625
16 13 24 16 25 0.015625
16 13 25 16 25 0.015625
16 13 26 16 58 0.015625
16 13 30 16 27 0.015625
16 13 35 16 50 0.015625
16 13 36 16 50 0.015625
16 13 37 16 50 0.015625
16 13 39 16 70 0.015625
16 13 42 16 1 0.015625
16 13 46 16 9 0.015625
16 13 47 16 9 0.015625
16 13 48 16 9 0.015625
16 13 49 16 9 0.015625
16 13 52 16 68 0.015625
16 13 55 16 34 0.015625
16 13 56 16 38 0.015625
16 13 57 16 38 0.015625
16 13 58 16 38 0.015625
16 13 59 16 38 0.015625
16 13 60 16 38 0.015625
16 13 62 16 19 0.015625
16 13 64 16 18 0.015625
16 13 67 16 35 0.015625
16 13 68 16 35 0.03125
16 13 69 16 35 0.015625
16 13 71 16 25 0.015625
16 13 72 16 25 0.015625
16 13 74 16 58 0.015625
16 13 75 16 58 0.015625
16 13 81 16 48 0.015625
16 13 84 16 27 0.015625
16 13 85 16 27 0.015625
16 13 86 16 27 0.015625
16 13 88 16 27 0.015625
16 13 89 16 27 0.03125
16 13 93 16 46 0.015625
16 13 94 16 46 0.015625
16 13 99 16 55 0.015625
16 13 100 16 55 0.015625
16 13 101 16 70 0.015625
16 13 102 16 70 0.015625
16 13 105 16 1 0.015625
16 13 110 16 9 0.015625
16 13 111 16 68 0.015625
16 13 112 16 34 0.015625
16 13 113 16 38 0.015625
16 13 114 16 19 0.015625
16 13 116 16 18 0.015625
16 13 117 16 24 0.015625
16 13 119 16 35 0.015625
16 13 123 16 70 0.015625
16 13 124 16 79 0.015625
16 13 128 16 44 0.015625
16 13 129 16 61 0.015625
16 13 131 16 27 0.015625
16 13 134 16 50 0.015625
16 29 0 16 5 0.015625
16 29 8 16 1 0.015625
16 29 11 16 7 0.015625
16 29 12 16 7 0.015625
16 29 14 16 9 0.015625
16 29 19 16 68 0.015625
16 29 31 16 35 0.015625
16 29 35 16 48 0.015625
16 29 37 16 27 0.015625
16 29 40 16 22 0.015625
16 29 44 16 50 0.015625
16 29 50 16 1 0.015625
16 29 51 16 1 0.015625
16 29 54 16 9 0.015625
16 29 56 16 9 0.015625
16 29 63 16 38 0.015625
16 29 64 16 38 0.015625
16 29 65 16 38 0.015625
16 29 67 16 49 0.015625
16 29 68 16 19 0.015625
16 29 72 16 24 0.015625
16 29 73 16 24 0.015625
16 29 77 16 35 0.015625
16 29 78 16 35 0.015625
16 29 79 16 35 0.015625
16 29 80 16 35 0.015625
16 29 81 16 35 0.015625
16 29 82 16 25 0.015625
16 29 84 16 25 0.015625
16 29 85 16 25 0.015625
16 29 86 16 25 0.015625
16 29 88 16 58 0.015625
16 29 90 16 32 0.015625
16 29 91 16 32 0.015625
16 29 95 16 27 0.015625
16 29 96 16 27 0.015625
16 29 98 16 27 0.015625
16 29 100 16 27 0.015625
16 29 101 16 27 0.03125
16 29 104 16 46 0.015625
16 29 109 16 50 0.015625
16 29 111 16 70 0.015625
16 29 115 16 1 0.015625
16 29 122 16 38 0.015625
16 29 124 16 38 0.015625
16 29 128 16 24 0.015625
16 29 129 16 24 0.015625
16 29 130 16 24 0.015625
16 29 132 16 24 0.015625
16 29 134 16 35 0.015625
16 29 136 16 27 0.015625
16 29 137 16 50 0.015625
16 29 138 16 70 0.015625
16 29 140 16 1 0.015625
16 29 141 16 1 0.015625
16 29 142 16 9 0.015625
16 29 143 16 44 0.015625
16 29 145 16 38 0.015625
16 29 146 16 61 0.015625
16 29 147 16 18 0.015625
16 29 149 16 24 0.015625
16 29 153 16 70 0.015625
16 29 154 16 25 0.015625
16 47 6 16 27 0.015625
16 47 7 16 22 0.015625
16 47 13 16 7 0.015625
16 47 15 16 9 0.015625
16 47 16 16 9 0.015625
16 47 21 16 38 0.015625
16 47 26 16 24 0.015625
16 47 27 16 24 0.015625
16 47 29 16 32 0.015625
16 47 35 16 27 0.015625
16 47 36 16 27 0.015625
16 47 37 16 27 0.015625
16 47 46 16 79 0.015625
16 47 48 16 1 0.015625
16 47 49 16 1 0.015625
16 47 54 16 9 0.015625
16 47 55 16 9 0.015625
16 47 56 16 9 0.015625
16 47 58 16 44 0.015625
16 47 61 16 38 0.015625
16 47 62 16 38 0.015625
16 47 63 16 61 0.015625
16 47 65 16 19 0.015625
16 47 66 16 19 0.015625
16 47 69 16 24 0.015625
16 47 72 16 24 0.015625
16 47 73 16 35 0.015625
16 47 74 16 35 0.015625
16 47 75 16 35 0.015625
16 47 76 16 25 0.015625
16 47 77 16 25 0.015625
16 47 79 16 25 0.015625
16 47 81 16 58 0.015625
16 47 82 16 58 0.015625
16 47 84 16 32 0.015625
16 47 85 16 32 0.015625
16 47 86 16 48 0.015625
16 47 88 16 27 0.015625
16 47 89 16 27 0.015625
16 47 92 16 46 0.015625
16 47 95 16 50 0.015625
16 47 97 16 70 0.015625
16 47 99 16 1 0.015625
16 47 100 16 1 0.015625
16 47 101 16 1 0.015625
16 47 108 16 68 0.015625
16 47 109 16 34 0.015625
16 47 110 16 34 0.015625
16 47 111 16 38 0.015625
16 47 113 16 38 0.015625
16 47 115 16 19 0.015625
16 47 118 16 24 0.015625
16 47 119 16 24 0.015625
16 47 120 16 24 0.015625
16 47 121 16 35 0.015625
16 47 124 16 48 0.015625
16 47 125 16 27 0.015625
16 47 129 16 1 0.015625
16 47 130 16 1 0.015625
16 47 132 16 9 0.015625
16 47 133 16 9 0.015625
16 47 134 16 44 0.015625
16 47 136 16 38 0.015625
16 47 142 16 34 0.015625
18 5 1 18 16 0.015625
18 5 12 18 10 0.015625
18 5 18 18 75 0.015625
18 5 20 18 67 0.015625
18 5 22 18 25 0.015625
18 5 26 18 22 0.015625
18 5 28 18 22 0.015625
18 5 29 18 69 0.015625
18 5 30 18 69 0.015625
18 5 31 18 45 0.015625
18 5 39 18 26 0.015625
18 5 40 18 26 0.015625
18 5 46 18 55 0.015625
18 5 49 18 58 0.015625
18 5 54 18 0 0.015625
18 5 55 18 0 0.015625
18 5 57 18 10 0.015625
18 5 62 18 16 0.015625
18 5 63 18 16 0.015625
18 5 66 18 75 0.015625
18 5 69 18 21 0.015625
18 5 70 18 33 0.015625
18 5 72 18 67 0.015625
18 5 73 18 67 0.015625
18 5 74 18 67 0.015625
18 5 75 18 25 0.015625
18 5 76 18 25 0.015625
18 5 78 18 25 0.015625
18 5 79 18 25 0.015625
18 5 80 18 25 0.015625
18 5 81 18 25 0.015625
18 5 82 18 50 0.015625
18 5 84 18 50 0.015625
18 5 85 18 50 0.015625
18 5 86 18 54 0.015625
18 5 89 18 54 0.015625
18 5 91 18 22 0.015625
18 5 92 18 69 0.015625
18 5 93 18 69 0.015625
18 5 94 18 45 0.015625
18 5 95 18 45 0.015625
18 5 97 18 68 0.015625
18 5 101 18 24 0.015625
18 5 102 18 24 0.015625
18 5 104 18 24 0.015625
18 5 106 18 48 0.015625
18 5 109 18 70 0.015625
18 5 113 18 39 0.015625
18 5 115 18 1 0.015625
18 5 119 18 16 0.015625
18 5 127 18 69 0.015625
18 5 128 18 24 0.015625
18 5 130 18 48 0.015625
18 5 132 18 70 0.015625
18 5 134 18 58 0.015625
18 5 136 18 10 0.015625
18 5 138 18 33 0.015625
18 5 139 18 54 0.015625
18 5 140 18 69 0.015625
18 5 141 18 68 0.015625
18 5 142 18 24 0.015625
18 5 143 18 24 0.015625
18 5 146 18 39 0.015625
18 5 147 18 69 0.015625
18 13 9 18 48 0.015625
18 13 15 18 75 0.015625
18 13 18 18 67 0.015625
18 13 20 18 25 0.015625
18 13 21 18 25 0.015625
18 13 22 18 25 0.015625
18 13 23 18 25 0.015625
18 13 26 18 50 0.015625
18 13 27 18 54 0.015625
18 13 28 18 54 0.015625
18 13 32 18 69 0.015625
18 13 33 18 69 0.03125
18 13 37 18 26 0.015625
18 13 40 18 55 0.015625
18 13 43 18 58 0.03125
18 13 50 18 0 0.015625
18 13 53 18 16 0.015625
18 13 54 18 16 0.015625
18 13 55 18 21 0.015625
18 13 56 18 21 0.015625
18 13 57 18 33 0.015625
18 13 61 18 25 0.015625
18 13 63 18 25 0.015625
18 13 67 18 54 0.015625
18 13 72 18 69 0.015625
18 13 74 18 69 0.015625
18 13 76 18 68 0.015625
18 13 78 18 24 0.015625
18 13 79 18 26 0.03125
18 13 85 18 70 0.015625
18 13 86 18 70 0.015625
18 13 87 18 70 0.015625
18 13 88 18 70 0.015625
18 13 89 18 58 0.015625
18 13 90 18 58 0.015625
18 13 94 18 39 0.015625
18 13 97 18 1 0.015625
18 13 98 18 1 0.015625
18 13 99 18 10 0.03125
18 13 102 18 10 0.015625
18 13 103 18 16 0.015625
18 13 106 18 21 0.015625
18 13 107 18 33 0.015625
18 13 109 18 25 0.03125
18 13 110 18 69 0.015625
18 13 115 18 48 0.015625
18 13 117 18 79 0.015625
18 13 121 18 75 0.015625
18 13 122 18 33 0.015625
18 13 123 18 67 0.015625
18 13 124 18 73 0.015625
18 13 125 18 54 0.015625
18 13 126 18 69 0.015625
18 13 127 18 69 0.015625
18 13 128 18 48 0.015625
18 13 129 18 39 0.015625
18 13 130 18 21 0.015625
18 13 131 18 73 0.015625
18 13 132 18 69 0.015625
18 29 12 18 16 0.03125
18 29 15 18 16 0.015625
18 29 17 18 21 0.015625
18 29 19 18 33 0.015625
18 29 21 18 25 0.015625
18 29 22 18 25 0.015625
18 29 24 18 50 0.015625
18 29 26 18 22 0.015625
18 29 29 18 69 0.015625
18 29 38 18 24 0.015625
18 29 48 18 39 0.015625
18 29 49 18 0 0.015625
18 29 50 18 0 0.015625
18 29 52 18 10 0.015625
18 29 58 18 16 0.015625
18 29 60 18 75 0.015625
18 29 61 18 21 0.015625
18 29 62 18 21 0.015625
18 29 64 18 33 0.015625
18 29 65 18 67 0.015625
18 29 68 18 25 0.015625
18 29 69 18 25 0.015625
18 29 70 18 25 0.015625
18 29 71 18 25 0.015625
18 29 72 18 25 0.015625
18 29 75 18 50 0.015625
18 29 78 18 54 0.015625
18 29 82 18 22 0.015625
18 29 85 18 69 0.015625
18 29 86 18 69 0.015625
18 29 88 18 69 0.015625
18 29 89 18 45 0.015625
18 29 91 18 45 0.015625
18 29 92 18 68 0.015625
18 29 97 18 79 0.015625
18 29 98 18 79 0.015625
18 29 99 18 55 0.015625
18 29 102 18 70 0.015625
18 29 108 18 1 0.015625
18 29 111 18 16 0.015625
18 29 112 18 75 0.015625
18 29 118 18 67 0.015625
18 29 119 18 67 0.015625
18 29 120 18 25 0.015625
18 29 121 18 25 0.015625
18 29 122 18 73 0.015625
18 29 125 18 24 0.015625
18 29 126 18 24 0.015625
18 29 129 18 48 0.015625
18 29 132 18 1 0.015625
18 29 134 18 10 0.015625
18 29 135 18 16 0.015625
18 29 137 18 33 0.015625
18 29 138 18 73 0.015625
18 29 139 18 54 0.015625
18 29 141 18 69 0.015625
18 29 142 18 51 0.015625
18 29 143 18 24 0.015625
18 29 144 18 24 0.015625
18 29 146 18 70 0.015625
18 29 147 18 70 0.015625
18 29 148 18 39 0.015625
18 29 149 18 69 0.015625
18 47 4 18 22 0.015625
18 47 10 18 0 0.015625
18 47 22 18 25 0.015625
18 47 23 18 25 0.015625
18 47 26 18 73 0.015625
18 47 28 18 54 0.015625
18 47 30 18 69 0.015625
18 47 32 18 24 0.015625
18 47 33 18 26 0.015625
18 47 34 18 26 0.015625
18 47 41 18 79 0.015625
18 47 49 18 10 0.03125
18 47 50 18 10 0.015625
18 47 51 18 16 0.015625
18 47 53 18 75 0.015625
18 47 55 18 75 0.015625
18 47 56 18 21 0.015625
18 47 58 18 33 0.015625
18 47 62 18 67 0.015625
18 47 64 18 67 0.015625
18 47 65 18 25 0.015625
18 47 66 18 25 0.015625
18 47 67 18 25 0.015625
18 47 68 18 25 0.015625
18 47 69 18 25 0.015625
18 47 70 18 73 0.015625
18 47 72 18 50 0.015625
18 47 74 18 54 0.015625
18 47 75 18 22 0.015625
18 47 76 18 22 0.015625
18 47 77 18 22 0.015625
18 47 78 18 69 0.015625
18 47 79 18 69 0.015625
18 47 80 18 69 0.015625
18 47 81 18 69 0.015625
18 47 83 18 24 0.015625
18 47 86 18 48 0.015625
18 47 89 18 55 0.015625
18 47 91 18 70 0.015625
18 47 93 18 70 0.015625
18 47 95 18 39 0.015625
18 47 96 18 39 0.015625
18 47 97 18 39 0.015625
18 47 98 18 1 0.015625
18 47 99 18 1 0.015625
18 47 101 18 1 0.015625
18 47 103 18 16 0.015625
18 47 104 18 16 0.015625
18 47 105 18 16 0.015625
18 47 109 18 21 0.015625
18 47 112 18 25 0.015625
18 47 114 18 73 0.015625
18 47 116 18 69 0.015625
18 47 117 18 24 0.015625
18 47 120 18 58 0.015625
18 47 122 18 1 0.015625
18 47 125 18 10 0.015625
18 47 126 18 75 0.015625
18 47 127 18 67 0.015625
18 47 129 18 48 0.015625
18 47 130 18 79 0.015625
18 47 132 18 70 0.015625
18 47 134 18 69 0.015625
28 5 9 28 3 0.015625
28 5 11 28 3 0.015625
28 5 13 28 7 0.015625
28 5 14 28 7 0.015625
28 5 20 28 21 0.015625
28 5 23 28 27 0.015625
28 5 26 28 78 0.015625
28 5 28 28 60 0.015625
28 5 29 28 60 0.015625
28 5 31 28 66 0.015625
28 5 38 28 41 0.015625
28 5 40 28 41 0.015625
28 5 41 28 74 0.015625
28 5 43 28 68 0.015625
28 5 44 28 68 0.015625
28 5 45 28 68 0.015625
28 5 47 28 68 0.015625
28 5 48 28 75 0.015625
28 5 49 28 75 0.015625
28 5 51 28 31 0.015625
28 5 52 28 3 0.015625
28 5 53 28 3 0.015625
28 5 54 28 7 0.015625
28 5 61 28 19 0.015625
28 5 63 28 21 0.015625
28 5 64 28 21 0.015625
28 5 66 28 24 0.015625
28 5 68 28 24 0.015625
28 5 73 28 77 0.015625
28 5 74 28 77 0.015625
28 5 77 28 32 0.015625
28 5 80 28 54 0.015625
28 5 81 28 54 0.015625
28 5 82 28 54 0.015625
28 5 83 28 54 0.015625
28 5 84 28 54 0.015625
28 5 85 28 54 0.015625
28 5 86 28 54 0.015625
28 5 87 28 44 0.015625
28 5 92 28 37 0.015625
28 5 93 28 41 0.015625
28 5 95 28 41 0.015625
28 5 96 28 38 0.015625
28 5 97 28 38 0.015625
28 5 99 28 68 0.015625
28 5 100 28 68 0.015625
28 5 101 28 68 0.015625
28 5 102 28 68 0.015625
28 5 103 28 75 0.015625
28 5 107 28 3 0.015625
28 5 108 28 3 0.015625
28 5 112 28 24 0.015625
28 5 113 28 24 0.015625
28 5 115 28 78 0.015625
28 5 117 28 77 0.015625
28 5 120 28 44 0.015625
28 5 122 28 38 0.015625
28 5 127 28 15 0.015625
28 5 128 28 24 0.015625
28 5 129 28 24 0.015625
28 5 136 28 38 0.015625
28 5 137 28 38 0.015625
28 5 140 28 31 0.015625
28 5 141 28 3 0.015625
28 13 3 28 60 0.015625
28 13 6 28 66 0.015625
28 13 11 28 3 0.015625
28 13 12 28 7 0.015625
28 13 18 28 27 0.015625
28 13 19 28 27 0.015625
28 13 20 28 78 0.015625
28 13 23 28 54 0.015625
28 13 24 28 54 0.015625
28 13 26 28 54 0.015625
28 13 28 28 41 0.015625
28 13 29 28 74 0.015625
28 13 30 28 38 0.015625
28 13 31 28 68 0.015625
28 13 32 28 68 0.015625
28 13 35 28 75 0.015625
28 13 36 28 3 0.015625
28 13 38 28 3 0.015625
28 13 40 28 3 0.015625
28 13 43 28 7 0.015625
28 13 47 28 8 0.015625
28 13 50 28 21 0.015625
28 13 51 28 24 0.015625
28 13 55 28 33 0.015625
28 13 56 28 73 0.015625
28 13 61 28 32 0.015625
28 13 64 28 54 0.015625
28 13 65 28 54 0.015625
28 13 69 28 37 0.015625
28 13 70 28 37 0.015625
28 13 71 28 41 0.015625
28 13 74 28 41 0.015625
28 13 77 28 38 0.015625
28 13 78 28 38 0.015625
28 13 79 28 38 0.015625
28 13 80 28 38 0.015625
28 13 82 28 68 0.015625
28 13 86 28 40 0.015625
28 13 87 28 40 0.015625
28 13 88 28 31 0.015625
28 13 90 28 31 0.015625
28 13 91 28 3 0.015625
28 13 92 28 3 0.015625
28 13 94 28 21 0.015625
28 13 98 28 60 0.015625
28 13 99 28 54 0.015625
28 13 100 28 44 0.015625
28 13 102 28 38 0.015625
28 13 103 28 68 0.015625
28 13 104 28 40 0.015625
28 13 109 28 31 0.015625
28 13 110 28 3 0.015625
28 13 111 28 8 0.015625
28 13 113 28 78 0.015625
28 13 115 28 78 0.015625
28 13 116 28 73 0.015625
28 13 117 28 54 0.015625
28 13 119 28 44 0.015625
28 13 120 28 38 0.015625
28 13 121 28 40 0.015625
28 13 122 28 40 0.015625
28 13 124 28 3 0.015625
28 13 125 28 3 0.015625
28 13 126 28 32 0.015625
28 29 1 28 66 0.015625
28 29 5 28 3 0.015625
28 29 8 28 3 0.015625
28 29 10 28 7 0.015625
28 29 11 28 7 0.015625
28 29 16 28 15 0.015625
28 29 22 28 27 0.015625
28 29 29 28 66 0.015625
28 29 33 28 54 0.015625
28 29 37 28 37 0.015625
28 29 41 28 74 0.015625
28 29 43 28 38 0.015625
28 29 45 28 38 0.015625
28 29 46 28 68 0.015625
28 29 51 28 3 0.015625
28 29 52 28 3 0.015625
28 29 53 28 3 0.015625
28 29 55 28 7 0.015625
28 29 56 28 8 0.015625
28 29 62 28 21 0.015625
28 29 63 28 21 0.015625
28 29 64 28 24 0.015625
28 29 69 28 78 0.015625
28 29 73 28 77 0.015625
28 29 75 28 73 0.015625
28 29 80 28 54 0.015625
28 29 81 28 54 0.015625
28 29 82 28 54 0.015625
28 29 83 28 54 0.015625
28 29 88 28 44 0.015625
28 29 90 28 41 0.015625
28 29 92 28 41 0.015625
28 29 94 28 74 0.015625
28 29 95 28 74 0.015625
28 29 97 28 38 0.015625
28 29 98 28 38 0.015625
28 29 99 28 68 0.015625
28 29 101 28 68 0.015625
28 29 103 28 68 0.015625
28 29 104 28 40 0.015625
28 29 105 28 75 0.03125
28 29 109 28 3 0.015625
28 29 111 28 3 0.015625
28 29 113 28 7 0.015625
28 29 119 28 24 0.015625
28 29 120 28 24 0.015625
28 29 121 28 24 0.015625
28 29 126 28 60 0.015625
28 29 129 28 60 0.015625
28 29 131 28 33 0.015625
28 29 132 28 73 0.015625
28 29 134 28 37 0.015625
28 29 135 28 41 0.015625
28 29 138 28 38 0.015625
28 29 141 28 75 0.015625
28 29 142 28 3 0.015625
28 29 144 28 24 0.015625
28 29 146 28 78 0.015625
28 29 147 28 60 0.015625
28 29 149 28 54 0.015625
28 29 152 28 41 0.015625
28 29 153 28 38 0.015625
28 29 154 28 38 0.015625
28 47 5 28 54 0.015625
28 47 7 28 3 0.015625
28 47 8 28 3 0.015625
28 47 12 28 7 0.015625
28 47 23 28 60 0.015625
28 47 24 28 60 0.015625
28 47 27 28 77 0.015625
28 47 35 28 54 0.015625
28 47 36 28 54 0.015625
28 47 38 28 37 0.015625
28 47 42 28 41 0.015625
28 47 43 28 74 0.015625
28 47 45 28 74 0.015625
28 47 47 28 38 0.015625
28 47 48 28 68 0.015625
28 47 50 28 68 0.015625
28 47 51 28 68 0.015625
28 47 54 28 3 0.015625
28 47 56 28 3 0.015625
28 47 57 28 3 0.015625
28 47 58 28 3 0.015625
28 47 59 28 3 0.015625
28 47 60 28 3 0.015625
28 47 62 28 7 0.015625
28 47 63 28 8 0.015625
28 47 65 28 8 0.015625
28 47 68 28 19 0.015625
28 47 71 28 24 0.015625
28 47 72 28 24 0.015625
28 47 76 28 60 0.015625
28 47 86 28 66 0.015625
28 47 87 28 32 0.015625
28 47 88 28 32 0.015625
28 47 89 28 54 0.015625
28 47 90 28 54 0.015625
28 47 91 28 54 0.015625
28 47 92 28 44 0.015625
28 47 97 28 41 0.015625
28 47 98 28 74 0.015625
28 47 99 28 74 0.015625
28 47 100 28 38 0.015625
28 47 101 28 38 0.015625
28 47 102 28 38 0.015625
28 47 103 28 68 0.015625
28 47 105 28 40 0.015625
28 47 110 28 31 0.015625
28 47 112 28 3 0.015625
28 47 113 28 8 0.015625
28 47 115 28 24 0.015625
28 47 121 28 77 0.015625
28 47 123 28 66 0.015625
28 47 125 28 44 0.015625
28 47 126 28 37 0.015625
28 47 127 28 41 0.015625
28 47 130 28 38 0.015625
28 47 131 28 68 0.015625
28 47 133 28 40 0.015625
28 47 134 28 75 0.015625
28 47 136 28 15 0.015625
28 47 142 28 41 0.015625
28 47 143 28 38 0.015625
28 47 144 28 38 0.015625
28 47 148 28 75 0.015625
28 47 150 28 31 0.015625
30 5 7 30 73 0.015625
30 5 9 30 12 0.015625
30 5 13 30 14 0.015625
30 5 18 30 17 0.015625
30 5 21 30 27 0.03125
30 5 22 30 27 0.015625
30 5 23 30 48 0.015625
30 5 29 30 31 0.015625
30 5 30 30 31 0.015625
30 5 34 30 60 0.015625
30 5 35 30 60 0.015625
30 5 45 30 62 0.015625
30 5 50 30 45 0.015625
30 5 54 30 73 0.015625
30 5 55 30 73 0.015625
30 5 58 30 1 0.015625
30 5 61 30 12 0.015625
30 5 65 30 14 0.015625
30 5 68 30 23 0.015625
30 5 69 30 24 0.015625
30 5 70 30 24 0.015625
30 5 75 30 48 0.015625
30 5 78 30 70 0.015625
30 5 82 30 56 0.015625
30 5 83 30 56 0.015625
30 5 84 30 31 0.015625
30 5 85 30 31 0.015625
30 5 86 30 31 0.015625
30 5 87 30 31 0.015625
30 5 90 30 49 0.015625
30 5 91 30 60 0.015625
30 5 92 30 57 0.015625
30 5 94 30 72 0.015625
30 5 95 30 40 0.015625
30 5 96 30 40 0.015625
30 5 100 30 67 0.015625
30 5 102 30 67 0.015625
30 5 103 30 67 0.015625
30 5 104 30 45 0.015625
30 5 105 30 45 0.015625
30 5 107 30 45 0.015625
30 5 109 30 38 0.015625
30 5 110 30 38 0.015625
30 5 111 30 38 0.015625
30 5 113 30 9 0.015625
30 5 115 30 17 0.015625
30 5 119 30 27 0.015625
30 5 120 30 70 0.015625
30 5 123 30 60 0.015625
30 5 124 30 60 0.015625
30 5 126 30 72 0.015625
30 5 128 30 59 0.015625
30 5 130 30 45 0.015625
30 5 131 30 73 0.015625
30 5 132 30 14 0.015625
30 5 134 30 24 0.015625
30 5 136 30 31 0.015625
30 5 138 30 49 0.015625
30 5 140 30 76 0.015625
30 5 143 30 62 0.015625
30 5 144 30 38 0.015625
30 5 146 30 38 0.015625
30 5 148 30 62 0.015625
30 13 7 30 60 0.03125
30 13 14 30 14 0.015625
30 13 17 30 27 0.015625
30 13 19 30 48 0.015625
30 13 20 30 70 0.015625
30 13 23 30 31 0.03125
30 13 24 30 31 0.015625
30 13 26 30 60 0.015625
30 13 28 30 57 0.015625
30 13 29 30 57 0.015625
30 13 33 30 40 0.015625
30 13 36 30 67 0.015625
30 13 38 30 67 0.015625
30 13 43 30 9 0.015625
30 13 49 30 24 0.015625
30 13 50 30 27 0.015625
30 13 53 30 27 0.015625
30 13 58 30 70 0.015625
30 13 59 30 70 0.015625
30 13 60 30 70 0.015625
30 13 62 30 33 0.015625
30 13 63 30 56 0.015625
30 13 68 30 31 0.015625
30 13 69 30 31 0.015625
30 13 70 30 31 0.015625
30 13 71 30 49 0.015625
30 13 72 30 60 0.015625
30 13 73 30 60 0.015625
30 13 78 30 40 0.015625
30 13 79 30 40 0.015625
30 13 81 30 40 0.015625
30 13 86 30 59 0.015625
30 13 90 30 45 0.015625
30 13 92 30 73 0.015625
30 13 93 30 73 0.015625
30 13 95 30 38 0.015625
30 13 96 30 38 0.015625
30 13 97 30 38 0.015625
30 13 99 30 1 0.015625
30 13 100 30 12 0.015625
30 13 102 30 17 0.015625
30 13 108 30 31 0.015625
30 13 111 30 57 0.015625
30 13 113 30 40 0.015625
30 13 114 30 67 0.015625
30 13 115 30 38 0.015625
30 13 116 30 27 0.015625
30 13 117 30 56 0.015625
30 13 118 30 56 0.015625
30 13 121 30 60 0.015625
30 13 122 30 57 0.015625
30 13 124 30 72 0.015625
30 13 125 30 72 0.015625
30 13 126 30 40 0.015625
30 13 128 30 45 0.015625
30 13 129 30 73 0.015625
30 13 130 30 73 0.015625
30 13 131 30 38 0.015625
30 13 132 30 38 0.015625
30 13 133 30 23 0.015625
30 13 134 30 62 0.015625
30 13 135 30 73 0.015625
30 29 0 30 14 0.015625
30 29 4 30 31 0.015625
30 29 11 30 12 0.015625
30 29 12 30 12 0.015625
30 29 27 30 31 0.015625
30 29 32 30 57 0.015625
30 29 34 30 40 0.015625
30 29 35 30 40 0.015625
30 29 40 30 45 0.015625
30 29 42 30 73 0.015625
30 29 48 30 9 0.015625
30 29 58 30 24 0.015625
30 29 61 30 27 0.015625
30 29 64 30 27 0.015625
30 29 65 30 27 0.015625
30 29 66 30 48 0.015625
30 29 68 30 70 0.015625
30 29 69 30 70 0.015625
30 29 70 30 33 0.015625
30 29 72 30 56 0.015625
30 29 73 30 31 0.015625
30 29 74 30 49 0.015625
30 29 75 30 49 0.015625
30 29 76 30 60 0.015625
30 29 77 30 60 0.015625
30 29 78 30 60 0.015625
30 29 79 30 60 0.015625
30 29 80 30 60 0.015625
30 29 81 30 57 0.015625
30 29 82 30 57 0.015625
30 29 83 30 72 0.015625
30 29 84 30 72 0.015625
30 29 87 30 40 0.015625
30 29 89 30 62 0.015625
30 29 94 30 67 0.015625
30 29 99 30 45 0.015625
30 29 100 30 45 0.015625
30 29 103 30 45 0.015625
30 29 105 30 73 0.015625
30 29 106 30 73 0.015625
30 29 107 30 38 0.015625
30 29 108 30 38 0.015625
30 29 109 30 38 0.015625
30 29 111 30 9 0.015625
30 29 112 30 12 0.015625
30 29 115 30 27 0.015625
30 29 117 30 56 0.015625
30 29 118 30 56 0.015625
30 29 120 30 60 0.015625
30 29 121 30 60 0.015625
30 29 122 30 57 0.015625
30 29 124 30 62 0.015625
30 29 128 30 73 0.015625
30 29 129 30 38 0.015625
30 29 130 30 1 0.015625
30 29 133 30 70 0.015625
30 29 134 30 56 0.015625
30 29 136 30 57 0.015625
30 29 138 30 59 0.015625
30 29 139 30 73 0.015625
30 29 140 30 73 0.015625
30 29 141 30 38 0.015625
30 29 142 30 38 0.015625
30 29 144 30 38 0.015625
30 47 4 30 31 0.015625
30 47 10 30 9 0.015625
30 47 28 30 60 0.015625
30 47 29 30 60 0.015625
30 47 31 30 57 0.015625
30 47 41 30 67 0.015625
30 47 42 30 73 0.015625
30 47 43 30 73 0.015625
30 47 44 30 73 0.015625
30 47 47 30 38 0.015625
30 47 48 30 9 0.015625
30 47 52 30 17 0.015625
30 47 55 30 27 0.015625
30 47 56 30 27 0.015625
30 47 57 30 48 0.015625
30 47 58 30 48 0.015625
30 47 63 30 70 0.015625
30 47 65 30 33 0.015625
30 47 68 30 31 0.015625
30 47 69 30 31 0.015625
30 47 71 30 31 0.015625
30 47 72 30 31 0.015625
30 47 73 30 31 0.015625
30 47 77 30 60 0.015625
30 47 79 30 60 0.015625
30 47 80 30 60 0.015625
30 47 83 30 57 0.015625
30 47 85 30 72 0.015625
30 47 88 30 40 0.015625
30 47 89 30 40 0.015625
30 47 91 30 40 0.015625
30 47 92 30 40 0.015625
30 47 93 30 62 0.015625
30 47 97 30 67 0.015625
30 47 98 30 67 0.015625
30 47 99 30 45 0.015625
30 47 100 30 45 0.015625
30 47 101 30 73 0.015625
30 47 102 30 73 0.015625
30 47 103 30 38 0.015625
30 47 104 30 38 0.015625
30 47 108 30 9 0.015625
30 47 109 30 14 0.015625
30 47 111 30 17 0.015625
30 47 114 30 27 0.015625
30 47 117 30 60 0.015625
30 47 122 30 40 0.015625
30 47 123 30 62 0.015625
30 47 126 30 45 0.015625
30 47 127 30 73 0.015625
30 47 128 30 73 0.015625
30 47 129 30 38 0.015625
30 47 130 30 38 0.015625
30 47 132 30 9 0.015625
30 47 134 30 23 0.015625
30 47 135 30 70 0.015625
30 47 136 30 56 0.015625
30 47 140 30 31 0.015625
30 47 142 30 76 0.015625
30 47 143 30 40 0.015625
30 47 145 30 73 0.015625
30 47 146 30 38 0.015625
30 47 147 30 38 0.015625
30 47 148 30 62 0.015625
35 5 2 35 12 0.015625
35 5 3 35 16 0.015625
35 5 10 35 8 0.015625
35 5 11 35 12 0.015625
35 5 12 35 15 0.015625
35 5 15 35 17 0.015625
35 5 18 35 17 0.03125
35 5 20 35 25 0.015625
35 5 21 35 25 0.015625
35 5 23 35 32 0.015625
35 5 25 35 34 0.015625
35 5 28 35 40 0.015625
35 5 30 35 71 0.015625
35 5 32 35 58 0.03125
35 5 40 35 78 0.015625
35 5 45 35 41 0.015625
35 5 46 35 45 0.015625
35 5 50 35 1 0.015625
35 5 51 35 1 0.015625
35 5 52 35 7 0.015625
35 5 57 35 12 0.015625
35 5 58 35 15 0.015625
35 5 61 35 16 0.015625
35 5 63 35 17 0.015625
35 5 64 35 17 0.015625
35 5 67 35 25 0.015625
35 5 68 35 25 0.015625
35 5 69 35 25 0.015625
35 5 70 35 25 0.015625
35 5 73 35 32 0.015625
35 5 74 35 34 0.015625
35 5 77 35 34 0.015625
35 5 78 35 34 0.015625
35 5 79 35 40 0.015625
35 5 80 35 71 0.015625
35 5 89 35 50 0.015625
35 5 90 35 50 0.015625
35 5 91 35 50 0.015625
35 5 92 35 50 0.015625
35 5 94 35 39 0.015625
35 5 96 35 39 0.015625
35 5 100 35 46 0.015625
35 5 103 35 41 0.015625
35 5 104 35 45 0.015625
35 5 105 35 45 0.015625
35 5 108 35 66 0.015625
35 5 109 35 1 0.015625
35 5 113 35 15 0.015625
35 5 115 35 17 0.015625
35 5 118 35 34 0.015625
35 5 121 35 40 0.015625
35 5 124 35 58 0.015625
35 5 126 35 37 0.015625
35 5 127 35 51 0.015625
35 5 128 35 78 0.015625
35 5 129 35 78 0.015625
35 5 130 35 46 0.015625
35 5 131 35 15 0.015625
35 5 132 35 25 0.015625
35 5 133 35 34 0.015625
35 5 135 35 39 0.015625
35 5 138 35 46 0.015625
35 13 2 35 16 0.015625
35 13 6 35 45 0.015625
35 13 13 35 12 0.015625
35 13 14 35 12 0.015625
35 13 15 35 15 0.015625
35 13 17 35 16 0.015625
35 13 18 35 17 0.03125
35 13 22 35 25 0.015625
35 13 23 35 25 0.015625
35 13 25 35 32 0.015625
35 13 26 35 34 0.015625
35 13 27 35 34 0.015625
35 13 30 35 40 0.015625
35 13 33 35 58 0.015625
35 13 37 35 37 0.015625
35 13 38 35 50 0.015625
35 13 51 35 41 0.015625
35 13 55 35 8 0.015625
35 13 56 35 12 0.015625
35 13 57 35 12 0.015625
35 13 58 35 16 0.015625
35 13 59 35 17 0.015625
35 13 61 35 17 0.015625
35 13 62 35 17 0.015625
35 13 63 35 21 0.015625
35 13 65 35 25 0.015625
35 13 66 35 32 0.015625
35 13 70 35 34 0.015625
35 13 73 35 34 0.015625
35 13 74 35 34 0.015625
35 13 75 35 34 0.015625
35 13 76 35 55 0.015625
35 13 78 35 40 0.015625
35 13 79 35 40 0.015625
35 13 82 35 71 0.015625
35 13 84 35 58 0.015625
35 13 88 35 50 0.015625
35 13 89 35 39 0.015625
35 13 91 35 39 0.015625
35 13 93 35 78 0.015625
35 13 95 35 46 0.015625
35 13 100 35 1 0.015625
35 13 101 35 16 0.015625
35 13 102 35 17 0.015625
35 13 103 35 17 0.015625
35 13 104 35 21 0.015625
35 13 105 35 25 0.03125
35 13 106 35 25 0.015625
35 13 107 35 34 0.015625
35 13 108 35 34 0.015625
35 13 110 35 40 0.015625
35 13 113 35 37 0.015625
35 13 117 35 78 0.015625
35 13 119 35 36 0.015625
35 13 121 35 1 0.015625
35 13 123 35 25 0.015625
35 13 124 35 40 0.015625
35 13 125 35 58 0.015625
35 13 127 35 39 0.015625
35 13 128 35 78 0.015625
35 13 132 35 36 0.015625
35 13 134 35 37 0.015625
35 29 0 35 17 0.015625
35 29 9 35 1 0.015625
35 29 10 35 7 0.015625
35 29 11 35 7 0.015625
35 29 12 35 8 0.015625
35 29 15 35 12 0.015625
35 29 17 35 15 0.015625
35 29 21 35 16 0.015625
35 29 22 35 16 0.015625
35 29 23 35 17 0.015625
35 29 28 35 32 0.015625
35 29 29 35 34 0.015625
35 29 30 35 34 0.015625
35 29 32 35 40 0.015625
35 29 33 35 40 0.015625
35 29 43 35 50 0.015625
35 29 44 35 51 0.015625
35 29 48 35 39 0.015625
35 29 52 35 36 0.015625
35 29 55 35 41 0.015625
35 29 58 35 1 0.015625
35 29 59 35 7 0.015625
35 29 60 35 8 0.015625
35 29 64 35 16 0.015625
35 29 66 35 16 0.015625
35 29 67 35 17 0.015625
35 29 68 35 17 0.015625
35 29 69 35 21 0.015625
35 29 70 35 25 0.015625
35 29 71 35 25 0.015625
35 29 73 35 25 0.015625
35 29 74 35 25 0.015625
35 29 75 35 25 0.015625
35 29 78 35 32 0.015625
35 29 88 35 50 0.015625
35 29 89 35 50 0.015625
35 29 90 35 50 0.015625
35 29 92 35 50 0.015625
35 29 93 35 51 0.015625
35 29 94 35 39 0.015625
35 29 95 35 78 0.015625
35 29 98 35 46 0.015625
35 29 99 35 36 0.015625
35 29 104 35 41 0.015625
35 29 107 35 45 0.015625
35 29 110 35 1 0.015625
35 29 111 35 1 0.015625
35 29 113 35 12 0.015625
35 29 116 35 15 0.015625
35 29 117 35 21 0.015625
35 29 118 35 25 0.015625
35 29 119 35 34 0.015625
35 29 121 35 58 0.015625
35 29 122 35 37 0.015625
35 29 125 35 78 0.015625
35 29 127 35 36 0.015625
35 29 129 35 1 0.015625
35 29 130 35 1 0.015625
35 29 131 35 1 0.015625
35 29 133 35 34 0.015625
35 29 135 35 37 0.015625
35 29 136 35 37 0.015625
35 29 137 35 51 0.015625
35 29 139 35 78 0.015625
35 47 10 35 7 0.015625
35 47 15 35 16 0.015625
35 47 17 35 16 0.015625
35 47 18 35 16 0.03125
35 47 19 35 17 0.015625
35 47 46 35 1 0.015625
35 47 49 35 8 0.015625
35 47 51 35 12 0.015625
35 47 53 35 15 0.015625
35 47 54 35 16 0.015625
35 47 55 35 16 0.015625
35 47 56 35 17 0.015625
35 47 57 35 17 0.015625
35 47 59 35 17 0.015625
35 47 60 35 17 0.015625
35 47 62 35 21 0.015625
35 47 63 35 25 0.015625
35 47 64 35 25 0.015625
35 47 65 35 25 0.015625
35 47 66 35 25 0.015625
35 47 67 35 25 0.015625
35 47 68 35 32 0.015625
35 47 71 35 34 0.015625
35 47 72 35 34 0.015625
35 47 73 35 34 0.015625
35 47 75 35 40 0.015625
35 47 77 35 40 0.015625
35 47 78 35 40 0.015625
35 47 79 35 71 0.015625
35 47 83 35 58 0.015625
35 47 85 35 37 0.015625
35 47 86 35 50 0.015625
35 47 89 35 39 0.015625
35 47 90 35 39 0.015625
35 47 91 35 39 0.015625
35 47 94 35 46 0.015625
35 47 95 35 46 0.015625
35 47 97 35 41 0.015625
35 47 98 35 66 0.015625
35 47 99 35 66 0.015625
35 47 100 35 1 0.015625
35 47 101 35 1 0.015625
35 47 102 35 7 0.015625
35 47 103 35 8 0.015625
35 47 106 35 25 0.015625
35 47 108 35 34 0.015625
35 47 109 35 34 0.015625
35 47 110 35 55 0.015625
35 47 111 35 40 0.015625
35 47 112 35 40 0.015625
35 47 115 35 39 0.015625
35 47 117 35 78 0.015625
35 47 118 35 66 0.015625
35 47 119 35 1 0.015625
35 47 120 35 1 0.015625
35 47 121 35 1 0.015625
35 47 123 35 15 0.015625
35 47 124 35 17 0.015625
35 47 125 35 25 0.015625
35 47 126 35 34 0.015625
35 47 127 35 40 0.015625
35 47 130 35 46 0.015625
35 47 132 35 34 0.015625
37 5 14 37 11 0.015625
37 5 21 37 20 0.015625
37 5 23 37 25 0.015625
37 5 24 37 25 0.015625
37 5 29 37 57 0.015625
37 5 30 37 57 0.015625
37 5 33 37 58 0.015625
37 5 34 37 60 0.015625
37 5 36 37 75 0.015625
37 5 38 37 54 0.015625
37 5 39 37 54 0.015625
37 5 46 37 70 0.015625
37 5 49 37 61 0.015625
37 5 50 37 61 0.015625
37 5 51 37 0 0.015625
37 5 52 37 2 0.015625
37 5 54 37 7 0.015625
37 5 55 37 11 0.015625
37 5 59 37 14 0.015625
37 5 61 37 25 0.015625
37 5 62 37 25 0.015625
37 5 63 37 25 0.015625
37 5 64 37 25 0.015625
37 5 65 37 25 0.015625
37 5 68 37 28 0.015625
37 5 72 37 57 0.015625
37 5 73 37 57 0.015625
37 5 75 37 58 0.015625
37 5 76 37 58 0.015625
37 5 77 37 58 0.015625
37 5 78 37 58 0.015625
37 5 83 37 75 0.015625
37 5 85 37 75 0.015625
37 5 86 37 75 0.015625
37 5 87 37 75 0.015625
37 5 90 37 50 0.015625
37 5 91 37 50 0.015625
37 5 94 37 54 0.015625
37 5 95 37 54 0.015625
37 5 96 37 54 0.015625
37 5 97 37 54 0.015625
37 5 100 37 45 0.015625
37 5 105 37 41 0.015625
37 5 108 37 70 0.015625
37 5 111 37 7 0.015625
37 5 113 37 12 0.015625
37 5 114 37 20 0.015625
37 5 116 37 25 0.015625
37 5 117 37 25 0.015625
37 5 118 37 28 0.015625
37 5 120 37 57 0.015625
37 5 122 37 58 0.015625
37 5 124 37 75 0.015625
37 5 125 37 50 0.015625
37 5 126 37 54 0.015625
37 5 127 37 78 0.015625
37 5 129 37 61 0.015625
37 5 132 37 28 0.015625
37 5 133 37 28 0.015625
37 5 135 37 57 0.015625
37 5 136 37 57 0.015625
37 5 137 37 50 0.015625
37 5 138 37 54 0.015625
37 5 142 37 41 0.015625
37 13 3 37 60 0.015625
37 13 14 37 12 0.015625
37 13 17 37 14 0.015625
37 13 18 37 20 0.015625
37 13 20 37 25 0.015625
37 13 21 37 25 0.015625
37 13 22 37 25 0.015625
37 13 24 37 25 0.015625
37 13 25 37 28 0.015625
37 13 26 37 57 0.015625
37 13 27 37 57 0.015625
37 13 28 37 57 0.015625
37 13 31 37 58 0.015625
37 13 34 37 69 0.015625
37 13 35 37 75 0.015625
37 13 37 37 75 0.015625
37 13 39 37 54 0.015625
37 13 41 37 54 0.015625
37 13 45 37 70 0.015625
37 13 50 37 2 0.015625
37 13 54 37 11 0.015625
37 13 55 37 11 0.015625
37 13 56 37 11 0.015625
37 13 63 37 20 0.015625
37 13 65 37 25 0.015625
37 13 66 37 25 0.015625
37 13 67 37 25 0.015625
37 13 68 37 25 0.015625
37 13 69 37 28 0.015625
37 13 71 37 35 0.015625
37 13 74 37 57 0.015625
37 13 76 37 42 0.015625
37 13 77 37 42 0.015625
37 13 78 37 58 0.015625
37 13 79 37 58 0.015625
37 13 80 37 58 0.015625
37 13 82 37 60 0.015625
37 13 83 37 60 0.015625
37 13 87 37 75 0.015625
37 13 90 37 50 0.015625
37 13 91 37 54 0.015625
37 13 93 37 54 0.015625
37 13 94 37 54 0.015625
37 13 95 37 54 0.015625
37 13 105 37 70 0.015625
37 13 106 37 70 0.015625
37 13 109 37 61 0.015625
37 13 110 37 2 0.015625
37 13 113 37 7 0.015625
37 13 116 37 25 0.015625
37 13 117 37 28 0.015625
37 13 118 37 35 0.015625
37 13 120 37 57 0.015625
37 13 125 37 75 0.015625
37 13 127 37 50 0.015625
37 13 129 37 78 0.015625
37 13 135 37 61 0.015625
37 13 140 37 57 0.015625
37 13 141 37 57 0.015625
37 13 142 37 69 0.015625
37 13 143 37 75 0.015625
37 13 144 37 50 0.015625
37 13 145 37 54 0.015625
37 13 147 37 41 0.015625
37 29 8 37 7 0.015625
37 29 12 37 20 0.015625
37 29 15 37 25 0.015625
37 29 16 37 25 0.015625
37 29 19 37 57 0.015625
37 29 21 37 57 0.015625
37 29 24 37 42 0.015625
37 29 26 37 58 0.015625
37 29 30 37 69 0.015625
37 29 31 37 75 0.015625
37 29 32 37 75 0.015625
37 29 49 37 0 0.015625
37 29 60 37 25 0.015625
37 29 61 37 25 0.015625
37 29 62 37 25 0.015625
37 29 67 37 28 0.015625
37 29 68 37 35 0.015625
37 29 71 37 57 0.015625
37 29 72 37 57 0.015625
37 29 73 37 42 0.015625
37 29 74 37 58 0.015625
37 29 77 37 69 0.015625
37 29 78 37 75 0.015625
37 29 79 37 75 0.015625
37 29 80 37 75 0.015625
37 29 84 37 50 0.015625
37 29 85 37 54 0.015625
37 29 86 37 54 0.015625
37 29 88 37 54 0.015625
37 29 89 37 54 0.015625
37 29 90 37 54 0.015625
37 29 91 37 78 0.015625
37 29 96 37 41 0.015625
37 29 97 37 52 0.015625
37 29 100 37 70 0.015625
37 29 101 37 70 0.015625
37 29 102 37 70 0.015625
37 29 105 37 61 0.015625
37 29 107 37 61 0.015625
37 29 110 37 7 0.015625
37 29 113 37 25 0.015625
37 29 115 37 28 0.015625
37 29 118 37 57 0.015625
37 29 120 37 42 0.015625
37 29 121 37 58 0.015625
37 29 122 37 58 0.015625
37 29 123 37 60 0.015625
37 29 127 37 75 0.015625
37 29 128 37 75 0.015625
37 29 130 37 50 0.015625
37 29 131 37 54 0.015625
37 29 136 37 41 0.015625
37 29 139 37 61 0.015625
37 29 140 37 61 0.015625
37 29 141 37 61 0.015625
37 29 144 37 20 0.015625
37 29 145 37 25 0.015625
37 29 146 37 28 0.015625
37 29 147 37 28 0.015625
37 29 149 37 57 0.015625
37 29 150 37 57 0.015625
37 29 151 37 50 0.015625
37 29 152 37 54 0.015625
37 29 154 37 41 0.015625
37 47 8 37 0 0.015625
37 47 24 37 25 0.015625
37 47 28 37 28 0.015625
37 47 29 37 57 0.015625
37 47 30 37 57 0.015625
37 47 31 37 57 0.015625
37 47 35 37 58 0.015625
37 47 36 37 60 0.015625
37 47 39 37 69 0.015625
37 47 40 37 75 0.03125
37 47 41 37 75 0.015625
37 47 43 37 54 0.015625
37 47 49 37 41 0.015625
37 47 59 37 61 0.015625
37 47 65 37 12 0.015625
37 47 67 37 20 0.015625
37 47 71 37 25 0.015625
37 47 72 37 25 0.015625
37 47 73 37 25 0.015625
37 47 74 37 25 0.015625
37 47 75 37 25 0.015625
37 47 76 37 25 0.015625
37 47 77 37 25 0.015625
37 47 79 37 28 0.015625
37 47 80 37 28 0.015625
37 47 81 37 28 0.015625
37 47 82 37 57 0.015625
37 47 83 37 57 0.015625
37 47 85 37 57 0.015625
37 47 86 37 57 0.015625
37 47 89 37 60 0.015625
37 47 93 37 75 0.015625
37 47 94 37 75 0.015625
37 47 96 37 75 0.015625
37 47 97 37 50 0.015625
37 47 98 37 54 0.015625
37 47 99 37 54 0.015625
37 47 100 37 54 0.015625
37 47 101 37 54 0.015625
37 47 104 37 52 0.015625
37 47 105 37 70 0.015625
37 47 108 37 61 0.015625
37 47 111 37 7 0.015625
37 47 114 37 20 0.015625
37 47 115 37 25 0.015625
37 47 116 37 57 0.015625
37 47 117 37 42 0.015625
37 47 118 37 42 0.015625
37 47 119 37 58 0.015625
37 47 120 37 58 0.015625
37 47 122 37 69 0.015625
37 47 123 37 75 0.015625
37 47 130 37 61 0.015625
37 47 131 37 61 0.015625
37 47 133 37 11 0.015625
37 47 134 37 25 0.015625
37 47 135 37 28 0.015625
37 47 136 37 28 0.015625
37 47 137 37 28 0.015625
37 47 140 37 75 0.015625
37 47 141 37 50 0.015625
37 47 143 37 41 0.015625
37 47 145 37 69 0.015625
40 5 12 40 2 0.015625
40 5 16 40 6 0.015625
40 5 21 40 14 0.015625
40 5 27 40 28 0.015625
40 5 33 40 34 0.015625
40 5 34 40 35 0.03125
40 5 40 40 63 0.015625
40 5 47 40 42 0.015625
40 5 48 40 78 0.015625
40 5 50 40 0 0.015625
40 5 51 40 1 0.015625
40 5 52 40 1 0.015625
40 5 53 40 1 0.015625
40 5 54 40 2 0.015625
40 5 55 40 6 0.015625
40 5 56 40 6 0.015625
40 5 57 40 6 0.015625
40 5 63 40 10 0.015625
40 5 66 40 28 0.015625
40 5 68 40 28 0.015625
40 5 69 40 28 0.015625
40 5 73 40 30 0.015625
40 5 76 40 30 0.015625
40 5 77 40 31 0.015625
40 5 78 40 31 0.015625
40 5 83 40 34 0.015625
40 5 85 40 35 0.015625
40 5 86 40 35 0.015625
40 5 88 40 35 0.015625
40 5 89 40 35 0.015625
40 5 91 40 53 0.015625
40 5 95 40 77 0.015625
40 5 96 40 63 0.03125
40 5 97 40 63 0.015625
40 5 98 40 63 0.015625
40 5 99 40 63 0.015625
40 5 102 40 49 0.015625
40 5 103 40 49 0.015625
40 5 104 40 42 0.015625
40 5 108 40 78 0.015625
40 5 110 40 48 0.015625
40 5 112 40 48 0.015625
40 5 115 40 1 0.015625
40 5 116 40 2 0.015625
40 5 117 40 6 0.015625
40 5 118 40 9 0.015625
40 5 119 40 10 0.015625
40 5 121 40 30 0.015625
40 5 122 40 30 0.015625
40 5 125 40 39 0.015625
40 5 126 40 39 0.015625
40 5 127 40 77 0.015625
40 5 128 40 77 0.015625
40 5 129 40 52 0.015625
40 5 130 40 42 0.015625
40 5 131 40 78 0.015625
40 5 132 40 1 0.015625
40 5 133 40 9 0.015625
40 5 135 40 10 0.015625
40 5 137 40 35 0.015625
40 5 138 40 39 0.015625
40 5 140 40 63 0.015625
40 13 2 40 6 0.015625
40 13 3 40 9 0.015625
40 13 8 40 60 0.015625
40 13 11 40 0 0.015625
40 13 12 40 1 0.015625
40 13 17 40 6 0.015625
40 13 18 40 10 0.015625
40 13 23 40 14 0.015625
40 13 25 40 14 0.015625
40 13 26 40 28 0.015625
40 13 27 40 28 0.015625
40 13 28 40 28 0.015625
40 13 34 40 35 0.03125
40 13 35 40 35 0.015625
40 13 44 40 77 0.015625
40 13 45 40 63 0.015625
40 13 48 40 49 0.015625
40 13 49 40 42 0.015625
40 13 53 40 78 0.015625
40 13 54 40 78 0.015625
40 13 56 40 2 0.015625
40 13 58 40 2 0.015625
40 13 59 40 6 0.015625
40 13 61 40 6 0.015625
40 13 64 40 6 0.015625
40 13 66 40 9 0.015625
40 13 67 40 9 0.015625
40 13 69 40 11 0.015625
40 13 70 40 28 0.015625
40 13 71 40 28 0.015625
40 13 77 40 31 0.015625
40 13 81 40 34 0.015625
40 13 85 40 35 0.015625
40 13 86 40 35 0.03125
40 13 87 40 39 0.015625
40 13 88 40 39 0.015625
40 13 90 40 53 0.015625
40 13 93 40 63 0.015625
40 13 94 40 64 0.015625
40 13 97 40 42 0.015625
40 13 98 40 42 0.015625
40 13 100 40 42 0.03125
40 13 101 40 78 0.015625
40 13 102 40 78 0.015625
40 13 105 40 48 0.015625
40 13 107 40 1 0.015625
40 13 108 40 1 0.015625
40 13 112 40 10 0.015625
40 13 114 40 10 0.015625
40 13 116 40 31 0.015625
40 13 117 40 35 0.015625
40 13 123 40 52 0.015625
40 13 126 40 48 0.015625
40 13 127 40 1 0.015625
40 13 128 40 6 0.015625
40 13 130 40 35 0.015625
40 13 132 40 39 0.015625
40 13 133 40 39 0.015625
40 13 134 40 60 0.015625
40 13 135 40 64 0.015625
40 13 136 40 78 0.015625
40 29 6 40 14 0.015625
40 29 10 40 77 0.015625
40 29 18 40 6 0.015625
40 29 22 40 31 0.015625
40 29 33 40 1 0.015625
40 29 34 40 1 0.015625
40 29 36 40 1 0.015625
40 29 37 40 2 0.015625
40 29 40 40 6 0.015625
40 29 41 40 6 0.015625
40 29 42 40 6 0.015625
40 29 43 40 6 0.015625
40 29 44 40 6 0.015625
40 29 45 40 9 0.015625
40 29 47 40 10 0.015625
40 29 48 40 28 0.015625
40 29 49 40 28 0.015625
40 29 50 40 28 0.015625
40 29 51 40 28 0.015625
40 29 52 40 28 0.015625
40 29 55 40 30 0.015625
40 29 57 40 30 0.015625
40 29 61 40 35 0.015625
40 29 62 40 35 0.015625
40 29 63 40 35 0.015625
40 29 64 40 35 0.015625
40 29 65 40 39 0.015625
40 29 67 40 77 0.015625
40 29 68 40 77 0.015625
40 29 69 40 77 0.015625
40 29 71 40 63 0.015625
40 29 73 40 63 0.015625
40 29 74 40 63 0.015625
40 29 75 40 60 0.015625
40 29 78 40 52 0.015625
40 29 82 40 42 0.015625
40 29 83 40 78 0.015625
40 29 85 40 78 0.015625
40 29 88 40 48 0.015625
40 29 89 40 48 0.015625
40 29 90 40 1 0.015625
40 29 91 40 1 0.015625
40 29 92 40 1 0.015625
40 29 93 40 6 0.015625
40 29 95 40 9 0.015625
40 29 96 40 30 0.015625
40 29 97 40 30 0.015625
40 29 100 40 35 0.015625
40 29 101 40 63 0.015625
40 29 105 40 42 0.015625
40 29 106 40 42 0.015625
40 29 107 40 78 0.015625
40 29 109 40 1 0.015625
40 29 110 40 1 0.015625
40 29 112 40 9 0.015625
40 29 113 40 10 0.015625
40 29 114 40 28 0.015625
40 29 115 40 35 0.015625
40 29 116 40 39 0.015625
40 29 117 40 39 0.015625
40 29 119 40 63 0.015625
40 29 120 40 63 0.015625
40 29 121 40 64 0.015625
40 29 122 40 78 0.015625
40 47 2 40 31 0.015625
40 47 3 40 35 0.015625
40 47 8 40 1 0.03125
40 47 13 40 6 0.015625
40 47 14 40 6 0.015625
40 47 15 40 9 0.015625
40 47 27 40 28 0.015625
40 47 33 40 35 0.015625
40 47 41 40 77 0.015625
40 47 44 40 63 0.015625
40 47 45 40 60 0.015625
40 47 48 40 42 0.015625
40 47 59 40 2 0.015625
40 47 61 40 6 0.015625
40 47 64 40 6 0.015625
40 47 65 40 6 0.015625
40 47 70 40 28 0.015625
40 47 73 40 28 0.015625
40 47 74 40 28 0.015625
40 47 75 40 28 0.015625
40 47 78 40 30 0.015625
40 47 83 40 34 0.015625
40 47 85 40 39 0.015625
40 47 86 40 39 0.015625
40 47 91 40 63 0.015625
40 47 92 40 63 0.015625
40 47 93 40 63 0.015625
40 47 94 40 60 0.015625
40 47 96 40 60 0.015625
40 47 97 40 64 0.015625
40 47 98 40 49 0.015625
40 47 103 40 78 0.015625
40 47 104 40 78 0.015625
40 47 106 40 48 0.015625
40 47 107 40 48 0.015625
40 47 108 40 48 0.015625
40 47 109 40 0 0.015625
40 47 110 40 1 0.015625
40 47 112 40 1 0.015625
40 47 113 40 2 0.015625
40 47 115 40 9 0.015625
40 47 116 40 10 0.015625
40 47 121 40 35 0.015625
40 47 122 40 39 0.015625
40 47 123 40 39 0.015625
40 47 125 40 77 0.015625
40 47 128 40 64 0.015625
40 47 131 40 42 0.015625
40 47 132 40 78 0.015625
40 47 133 40 48 0.015625
40 47 134 40 0 0.015625
40 47 135 40 1 0.015625
40 47 136 40 1 0.015625
40 47 137 40 1 0.015625
40 47 141 40 10 0.015625
40 47 142 40 28 0.015625
40 47 143 40 30 0.015625
40 47 146 40 35 0.015625
40 47 147 40 39 0.015625
40 47 148 40 63 0.015625
40 47 149 40 63 0.015625
40 47 150 40 63 0.015625
40 47 151 40 34 0.015625
41 5 7 41 2 0.015625
41 5 12 41 12 0.015625
41 5 17 41 19 0.015625
41 5 20 41 22 0.015625
41 5 21 41 22 0.015625
41 5 22 41 22 0.015625
41 5 24 41 26 0.015625
41 5 25 41 26 0.015625
41 5 28 41 28 0.015625
41 5 32 41 31 0.015625
41 5 33 41 34 0.015625
41 5 37 41 75 0.015625
41 5 38 41 75 0.015625
41 5 39 41 58 0.015625
41 5 41 41 67 0.015625
41 5 42 41 69 0.015625
41 5 44 41 78 0.015625
41 5 54 41 2 0.015625
41 5 56 41 8 0.015625
41 5 60 41 15 0.015625
41 5 61 41 19 0.015625
41 5 62 41 19 0.015625
41 5 64 41 19 0.015625
41 5 65 41 19 0.015625
41 5 72 41 28 0.015625
41 5 73 41 28 0.015625
41 5 75 41 31 0.015625
41 5 76 41 34 0.015625
41 5 79 41 34 0.015625
41 5 81 41 35 0.015625
41 5 86 41 36 0.015625
41 5 87 41 36 0.015625
41 5 89 41 37 0.015625
41 5 92 41 75 0.015625
41 5 94 41 75 0.015625
41 5 95 41 75 0.015625
41 5 97 41 75 0.015625
41 5 98 41 75 0.015625
41 5 99 41 75 0.015625
41 5 100 41 58 0.015625
41 5 101 41 58 0.015625
41 5 102 41 67 0.015625
41 5 106 41 69 0.015625
41 5 107 41 69 0.015625
41 5 113 41 77 0.015625
41 5 114 41 77 0.015625
41 5 115 41 2 0.015625
41 5 116 41 2 0.015625
41 5 117 41 3 0.015625
41 5 118 41 12 0.015625
41 5 123 41 28 0.015625
41 5 124 41 31 0.015625
41 5 125 41 34 0.015625
41 5 126 41 42 0.015625
41 5 127 41 75 0.015625
41 5 129 41 69 0.015625
41 5 130 41 78 0.015625
41 5 131 41 78 0.015625
41 5 133 41 50 0.015625
41 5 136 41 28 0.015625
41 5 140 41 69 0.015625
41 5 141 41 69 0.015625
41 5 144 41 76 0.015625
41 5 145 41 61 0.015625
41 13 9 41 12 0.015625
41 13 12 41 19 0.015625
41 13 15 41 22 0.015625
41 13 16 41 22 0.015625
41 13 17 41 22 0.015625
41 13 19 41 26 0.015625
41 13 21 41 28 0.015625
41 13 22 41 28 0.015625
41 13 23 41 31 0.015625
41 13 25 41 35 0.015625
41 13 29 41 42 0.015625
41 13 33 41 75 0.015625
41 13 34 41 58 0.015625
41 13 39 41 69 0.015625
41 13 43 41 61 0.015625
41 13 47 41 2 0.015625
41 13 49 41 2 0.015625
41 13 51 41 3 0.015625
41 13 53 41 8 0.015625
41 13 56 41 12 0.015625
41 13 58 41 12 0.015625
41 13 60 41 19 0.015625
41 13 62 41 19 0.015625
41 13 63 41 19 0.015625
41 13 65 41 21 0.015625
41 13 70 41 28 0.015625
41 13 71 41 28 0.03125
41 13 72 41 31 0.015625
41 13 76 41 34 0.015625
41 13 78 41 34 0.015625
41 13 82 41 35 0.015625
41 13 83 41 35 0.015625
41 13 86 41 37 0.015625
41 13 87 41 37 0.015625
41 13 91 41 42 0.015625
41 13 92 41 75 0.015625
41 13 93 41 75 0.015625
41 13 95 41 58 0.015625
41 13 96 41 58 0.015625
41 13 97 41 58 0.015625
41 13 101 41 67 0.015625
41 13 103 41 69 0.015625
41 13 106 41 69 0.015625
41 13 112 41 2 0.015625
41 13 113 41 3 0.015625
41 13 117 41 19 0.015625
41 13 120 41 34 0.015625
41 13 121 41 35 0.015625
41 13 123 41 36 0.015625
41 13 124 41 36 0.015625
41 13 128 41 75 0.015625
41 13 131 41 78 0.015625
41 13 134 41 76 0.015625
41 13 136 41 50 0.015625
41 13 137 41 2 0.015625
41 13 141 41 36 0.015625
41 13 143 41 75 0.015625
41 13 144 41 75 0.015625
41 13 145 41 67 0.015625
41 13 147 41 69 0.015625
41 13 148 41 69 0.015625
41 13 151 41 61 0.015625
41 13 152 41 61 0.015625
41 29 6 41 2 0.015625
41 29 9 41 8 0.015625
41 29 14 41 15 0.015625
41 29 17 41 19 0.015625
41 29 18 41 21 0.015625
41 29 22 41 22 0.015625
41 29 28 41 31 0.015625
41 29 29 41 34 0.015625
41 29 34 41 37 0.015625
41 29 37 41 75 0.015625
41 29 39 41 75 0.015625
41 29 41 41 67 0.015625
41 29 49 41 2 0.015625
41 29 50 41 2 0.015625
41 29 53 41 8 0.015625
41 29 59 41 19 0.015625
41 29 60 41 19 0.015625
41 29 61 41 19 0.015625
41 29 64 41 22 0.015625
41 29 65 41 22 0.015625
41 29 67 41 28 0.015625
41 29 68 41 28 0.015625
41 29 71 41 28 0.015625
41 29 72 41 28 0.015625
41 29 74 41 35 0.015625
41 29 76 41 35 0.015625
41 29 78 41 36 0.015625
41 29 80 41 36 0.015625
41 29 84 41 42 0.015625
41 29 85 41 75 0.03125
41 29 86 41 75 0.015625
41 29 87 41 75 0.015625
41 29 88 41 58 0.015625
41 29 90 41 58 0.015625
41 29 95 41 69 0.015625
41 29 96 41 69 0.015625
41 29 98 41 78 0.015625
41 29 99 41 61 0.015625
41 29 100 41 61 0.015625
41 29 102 41 50 0.015625
41 29 104 41 77 0.015625
41 29 106 41 2 0.015625
41 29 108 41 12 0.015625
41 29 111 41 19 0.015625
41 29 115 41 28 0.015625
41 29 116 41 31 0.015625
41 29 117 41 34 0.015625
41 29 121 41 36 0.015625
41 29 122 41 36 0.015625
41 29 124 41 42 0.015625
41 29 125 41 42 0.015625
41 29 126 41 75 0.015625
41 29 127 41 75 0.015625
41 29 128 41 75 0.015625
41 29 129 41 67 0.015625
41 29 136 41 61 0.015625
41 29 137 41 61 0.015625
41 29 143 41 28 0.015625
41 29 144 41 36 0.015625
41 29 146 41 69 0.015625
41 29 148 41 78 0.015625
41 29 150 41 61 0.015625
41 29 151 41 50 0.015625
41 47 3 41 22 0.015625
41 47 4 41 31 0.015625
41 47 19 41 19 0.015625
41 47 23 41 26 0.015625
41 47 26 41 28 0.015625
41 47 36 41 75 0.015625
41 47 41 41 61 0.015625
41 47 46 41 77 0.015625
41 47 48 41 2 0.015625
41 47 50 41 2 0.015625
41 47 56 41 19 0.015625
41 47 57 41 19 0.015625
41 47 58 41 19 0.015625
41 47 59 41 19 0.015625
41 47 60 41 19 0.015625
41 47 65 41 22 0.015625
41 47 66 41 22 0.015625
41 47 67 41 22 0.015625
41 47 70 41 28 0.015625
41 47 71 41 28 0.015625
41 47 72 41 28 0.015625
41 47 73 41 28 0.015625
41 47 74 41 28 0.015625
41 47 75 41 31 0.015625
41 47 76 41 31 0.015625
41 47 79 41 34 0.015625
41 47 80 41 34 0.015625
41 47 81 41 36 0.015625
41 47 86 41 75 0.015625
41 47 87 41 75 0.015625
41 47 89 41 75 0.015625
41 47 90 41 75 0.015625
41 47 91 41 58 0.015625
41 47 92 41 58 0.015625
41 47 93 41 58 0.015625
41 47 95 41 58 0.015625
41 47 96 41 58 0.015625
41 47 98 41 67 0.015625
41 47 100 41 69 0.015625
41 47 101 41 69 0.015625
41 47 102 41 69 0.015625
41 47 105 41 61 0.015625
41 47 108 41 2 0.015625
41 47 109 41 8 0.015625
41 47 110 41 8 0.015625
41 47 111 41 15 0.015625
41 47 114 41 19 0.015625
41 47 116 41 31 0.015625
41 47 117 41 34 0.015625
41 47 119 41 34 0.015625
41 47 122 41 42 0.015625
41 47 123 41 75 0.015625
41 47 124 41 75 0.015625
41 47 127 41 69 0.015625
41 47 130 41 61 0.015625
41 47 131 41 61 0.015625
41 47 134 41 15 0.015625
41 47 135 41 28 0.015625
41 47 136 41 28 0.015625
41 47 139 41 75 0.015625
41 47 146 41 50 0.015625
41 47 147 41 34 0.015625
41 47 148 41 67 0.015625
41 47 149 41 69 0.015625
42 5 10 42 20 0.015625
42 5 11 42 22 0.015625
42 5 12 42 22 0.015625
42 5 13 42 22 0.015625
42 5 14 42 22 0.015625
42 5 18 42 37 0.015625
42 5 19 42 37 0.015625
42 5 20 42 41 0.015625
42 5 22 42 56 0.015625
42 5 23 42 56 0.015625
42 5 24 42 56 0.015625
42 5 25 42 56 0.015625
42 5 27 42 53 0.015625
42 5 33 42 62 0.015625
42 5 35 42 68 0.015625
42 5 40 42 54 0.015625
42 5 44 42 2 0.015625
42 5 45 42 2 0.015625
42 5 46 42 2 0.015625
42 5 48 42 7 0.015625
42 5 51 42 7 0.015625
42 5 54 42 8 0.015625
42 5 57 42 19 0.015625
42 5 60 42 20 0.015625
42 5 61 42 22 0.015625
42 5 62 42 22 0.015625
42 5 64 42 22 0.015625
42 5 68 42 23 0.015625
42 5 69 42 25 0.015625
42 5 72 42 34 0.015625
42 5 73 42 34 0.015625
42 5 74 42 34 0.015625
42 5 76 42 37 0.015625
42 5 77 42 37 0.015625
42 5 79 42 41 0.015625
42 5 80 42 41 0.015625
42 5 81 42 74 0.015625
42 5 83 42 56 0.015625
42 5 84 42 56 0.015625
42 5 90 42 65 0.015625
42 5 91 42 65 0.015625
42 5 92 42 65 0.015625
42 5 93 42 62 0.015625
42 5 95 42 62 0.015625
42 5 96 42 62 0.015625
42 5 100 42 76 0.015625
42 5 101 42 54 0.015625
42 5 104 42 2 0.015625
42 5 105 42 2 0.015625
42 5 113 42 34 0.015625
42 5 114 42 37 0.015625
42 5 118 42 65 0.015625
42 5 125 42 72 0.015625
42 5 127 42 2 0.015625
42 5 130 42 41 0.015625
42 5 131 42 74 0.015625
42 5 132 42 56 0.015625
42 5 133 42 65 0.015625
42 5 134 42 62 0.015625
42 5 135 42 62 0.015625
42 5 136 42 46 0.015625
42 5 137 42 76 0.015625
42 5 138 42 76 0.015625
42 5 139 42 76 0.015625
42 13 4 42 62 0.015625
42 13 8 42 2 0.015625
42 13 9 42 4 0.015625
42 13 16 42 20 0.015625
42 13 18 42 22 0.015625
42 13 19 42 22 0.015625
42 13 20 42 22 0.015625
42 13 22 42 22 0.015625
42 13 23 42 22 0.015625
42 13 28 42 37 0.015625
42 13 30 42 41 0.015625
42 13 32 42 74 0.015625
42 13 35 42 65 0.015625
42 13 48 42 2 0.015625
42 13 49 42 2 0.015625
42 13 50 42 4 0.015625
42 13 52 42 7 0.015625
42 13 55 42 8 0.015625
42 13 58 42 19 0.015625
42 13 62 42 20 0.015625
42 13 65 42 22 0.015625
42 13 66 42 22 0.015625
42 13 67 42 22 0.015625
42 13 68 42 23 0.015625
42 13 69 42 23 0.015625
42 13 71 42 25 0.015625
42 13 72 42 34 0.015625
42 13 73 42 34 0.015625
42 13 75 42 34 0.015625
42 13 78 42 37 0.015625
42 13 79 42 40 0.015625
42 13 81 42 41 0.015625
42 13 83 42 41 0.015625
42 13 84 42 74 0.015625
42 13 87 42 56 0.015625
42 13 88 42 56 0.015625
42 13 91 42 56 0.015625
42 13 96 42 65 0.015625
42 13 99 42 62 0.015625
42 13 100 42 62 0.015625
42 13 101 42 62 0.015625
42 13 102 42 62 0.015625
42 13 106 42 54 0.015625
42 13 108 42 72 0.015625
42 13 109 42 2 0.015625
42 13 113 42 25 0.015625
42 13 115 42 37 0.015625
42 13 117 42 41 0.015625
42 13 119 42 65 0.015625
42 13 121 42 51 0.015625
42 13 124 42 46 0.015625
42 13 125 42 76 0.015625
42 13 127 42 2 0.015625
42 13 130 42 7 0.015625
42 13 131 42 8 0.015625
42 13 135 42 74 0.015625
42 13 136 42 56 0.015625
42 13 137 42 77 0.015625
42 13 139 42 62 0.015625
42 13 143 42 76 0.015625
42 13 144 42 61 0.015625
42 13 145 42 54 0.015625
42 13 147 42 2 0.015625
42 13 148 42 23 0.015625
42 29 0 42 2 0.015625
42 29 14 42 7 0.015625
42 29 16 42 8 0.015625
42 29 18 42 20 0.015625
42 29 20 42 20 0.015625
42 29 22 42 22 0.015625
42 29 23 42 22 0.015625
42 29 24 42 22 0.015625
42 29 26 42 22 0.015625
42 29 29 42 34 0.015625
42 29 32 42 37 0.015625
42 29 33 42 37 0.015625
42 29 37 42 74 0.015625
42 29 44 42 65 0.015625
42 29 46 42 51 0.015625
42 29 56 42 2 0.015625
42 29 59 42 7 0.015625
42 29 61 42 8 0.015625
42 29 63 42 19 0.015625
42 29 65 42 19 0.015625
42 29 67 42 20 0.015625
42 29 69 42 22 0.015625
42 29 70 42 22 0.015625
42 29 71 42 22 0.015625
42 29 72 42 22 0.015625
42 29 74 42 25 0.015625
42 29 77 42 34 0.015625
42 29 79 42 37 0.015625
42 29 83 42 74 0.015625
42 29 84 42 74 0.015625
42 29 87 42 56 0.015625
42 29 88 42 56 0.015625
42 29 89 42 56 0.015625
42 29 90 42 53 0.015625
42 29 91 42 77 0.015625
42 29 93 42 65 0.015625
42 29 94 42 65 0.015625
42 29 97 42 62 0.015625
42 29 98 42 62 0.015625
42 29 99 42 62 0.015625
42 29 100 42 62 0.015625
42 29 103 42 68 0.015625
42 29 108 42 54 0.015625
42 29 109 42 72 0.015625
42 29 112 42 2 0.015625
42 29 113 42 4 0.015625
42 29 114 42 7 0.015625
42 29 121 42 37 0.015625
42 29 123 42 41 0.015625
42 29 124 42 41 0.015625
42 29 126 42 74 0.015625
42 29 127 42 74 0.015625
42 29 128 42 74 0.015625
42 29 129 42 56 0.015625
42 29 130 42 56 0.015625
42 29 132 42 65 0.015625
42 29 133 42 62 0.015625
42 29 138 42 61 0.015625
42 29 140 42 2 0.015625
42 29 141 42 4 0.015625
42 29 145 42 41 0.015625
42 29 146 42 41 0.015625
42 29 148 42 62 0.015625
42 29 150 42 54 0.015625
42 47 1 42 22 0.015625
42 47 9 42 2 0.015625
42 47 10 42 2 0.015625
42 47 11 42 2 0.015625
42 47 19 42 22 0.015625
42 47 23 42 37 0.015625
42 47 28 42 41 0.015625
42 47 29 42 74 0.015625
42 47 33 42 56 0.015625
42 47 37 42 62 0.015625
42 47 38 42 62 0.015625
42 47 48 42 2 0.015625
42 47 49 42 2 0.015625
42 47 50 42 7 0.015625
42 47 54 42 19 0.015625
42 47 56 42 19 0.015625
42 47 61 42 20 0.015625
42 47 64 42 22 0.015625
42 47 65 42 22 0.015625
42 47 66 42 22 0.015625
42 47 67 42 22 0.015625
42 47 68 42 22 0.015625
42 47 76 42 34 0.015625
42 47 77 42 37 0.015625
42 47 78 42 37 0.015625
42 47 79 42 37 0.015625
42 47 82 42 41 0.015625
42 47 83 42 41 0.015625
42 47 84 42 74 0.015625
42 47 86 42 74 0.015625
42 47 87 42 56 0.015625
42 47 88 42 56 0.015625
42 47 89 42 56 0.015625
42 47 92 42 77 0.015625
42 47 94 42 65 0.015625
42 47 95 42 65 0.015625
42 47 96 42 65 0.015625
42 47 97 42 62 0.015625
42 47 98 42 68 0.015625
42 47 100 42 76 0.015625
42 47 102 42 54 0.015625
42 47 107 42 2 0.015625
42 47 110 42 8 0.015625
42 47 111 42 8 0.015625
42 47 113 42 19 0.015625
42 47 116 42 25 0.015625
42 47 118 42 34 0.015625
42 47 119 42 34 0.015625
42 47 121 42 37 0.015625
42 47 124 42 41 0.015625
42 47 126 42 74 0.015625
42 47 127 42 74 0.015625
42 47 129 42 74 0.015625
42 47 130 42 56 0.015625
42 47 132 42 65 0.015625
42 47 133 42 62 0.015625
42 47 134 42 62 0.015625
42 47 141 42 4 0.015625
42 47 142 42 23 0.015625
42 47 147 42 41 0.015625
42 47 148 42 56 0.015625
42 47 149 42 62 0.015625
42 47 150 42 76 0.015625
42 47 152 42 62 0.015625
43 5 6 43 2 0.015625
43 5 9 43 8 0.015625
43 5 10 43 8 0.015625
43 5 13 43 10 0.015625
43 5 17 43 14 0.015625
43 5 23 43 22 0.015625
43 5 24 43 22 0.015625
43 5 25 43 22 0.015625
43 5 35 43 71 0.015625
43 5 39 43 46 0.015625
43 5 43 43 53 0.015625
43 5 48 43 0 0.015625
43 5 49 43 0 0.015625
43 5 51 43 2 0.015625
43 5 53 43 2 0.015625
43 5 54 43 2 0.015625
43 5 57 43 8 0.015625
43 5 58 43 8 0.015625
43 5 59 43 8 0.015625
43 5 60 43 8 0.015625
43 5 61 43 8 0.015625
43 5 62 43 8 0.015625
43 5 63 43 10 0.015625
43 5 68 43 17 0.015625
43 5 71 43 20 0.015625
43 5 73 43 22 0.015625
43 5 75 43 27 0.015625
43 5 76 43 27 0.015625
43 5 77 43 27 0.015625
43 5 80 43 32 0.015625
43 5 82 43 39 0.015625
43 5 86 43 44 0.015625
43 5 87 43 44 0.015625
43 5 88 43 44 0.015625
43 5 89 43 44 0.015625
43 5 90 43 46 0.015625
43 5 92 43 46 0.015625
43 5 93 43 46 0.015625
43 5 98 43 53 0.015625
43 5 100 43 45 0.015625
43 5 104 43 2 0.015625
43 5 105 43 8 0.015625
43 5 114 43 27 0.015625
43 5 115 43 27 0.015625
43 5 117 43 27 0.015625
43 5 118 43 33 0.015625
43 5 119 43 39 0.015625
43 5 120 43 39 0.015625
43 5 121 43 71 0.015625
43 5 122 43 44 0.015625
43 5 124 43 46 0.015625
43 5 128 43 77 0.015625
43 5 129 43 51 0.015625
43 5 130 43 2 0.015625
43 5 131 43 2 0.015625
43 5 132 43 3 0.015625
43 5 134 43 10 0.015625
43 5 136 43 14 0.015625
43 5 137 43 15 0.015625
43 5 138 43 39 0.015625
43 5 142 43 44 0.015625
43 5 143 43 44 0.015625
43 5 144 43 46 0.015625
43 5 145 43 46 0.015625
43 13 10 43 3 0.015625
43 13 14 43 8 0.015625
43 13 16 43 8 0.015625
43 13 17 43 8 0.015625
43 13 18 43 8 0.015625
43 13 20 43 10 0.015625
43 13 24 43 11 0.015625
43 13 26 43 14 0.015625
43 13 27 43 14 0.015625
43 13 29 43 14 0.015625
43 13 35 43 22 0.015625
43 13 38 43 22 0.015625
43 13 39 43 27 0.015625
43 13 48 43 65 0.015625
43 13 52 43 44 0.015625
43 13 54 43 46 0.015625
43 13 59 43 0 0.015625
43 13 60 43 2 0.015625
43 13 61 43 2 0.03125
43 13 63 43 2 0.015625
43 13 64 43 2 0.015625
43 13 65 43 2 0.015625
43 13 66 43 3 0.015625
43 13 69 43 8 0.015625
43 13 70 43 8 0.015625
43 13 71 43 11 0.015625
43 13 72 43 11 0.015625
43 13 73 43 17 0.015625
43 13 74 43 19 0.015625
43 13 76 43 20 0.015625
43 13 83 43 27 0.015625
43 13 84 43 27 0.015625
43 13 87 43 27 0.03125
43 13 90 43 39 0.015625
43 13 91 43 39 0.015625
43 13 95 43 44 0.015625
43 13 96 43 44 0.015625
43 13 97 43 46 0.015625
43 13 102 43 77 0.015625
43 13 104 43 3 0.015625
43 13 109 43 10 0.015625
43 13 110 43 10 0.015625
43 13 115 43 20 0.015625
43 13 116 43 27 0.015625
43 13 118 43 27 0.015625
43 13 119 43 65 0.015625
43 13 121 43 71 0.015625
43 13 123 43 46 0.015625
43 13 124 43 46 0.015625
43 13 126 43 46 0.015625
43 13 127 43 46 0.015625
43 13 130 43 2 0.015625
43 13 132 43 8 0.015625
43 13 133 43 8 0.015625
43 13 134 43 11 0.015625
43 13 138 43 39 0.015625
43 13 139 43 39 0.015625
43 13 141 43 44 0.015625
43 13 142 43 44 0.015625
43 13 143 43 44 0.015625
43 13 144 43 44 0.015625
43 13 146 43 2 0.015625
43 29 1 43 2 0.015625
43 29 5 43 14 0.015625
43 29 12 43 2 0.015625
43 29 16 43 8 0.015625
43 29 17 43 10 0.015625
43 29 19 43 11 0.015625
43 29 21 43 15 0.015625
43 29 24 43 20 0.015625
43 29 28 43 22 0.015625
43 29 29 43 27 0.015625
43 29 36 43 71 0.015625
43 29 48 43 3 0.015625
43 29 50 43 8 0.015625
43 29 51 43 8 0.015625
43 29 52 43 8 0.015625
43 29 53 43 8 0.015625
43 29 54 43 8 0.015625
43 29 55 43 8 0.015625
43 29 56 43 8 0.015625
43 29 57 43 10 0.015625
43 29 58 43 11 0.015625
43 29 59 43 19 0.015625
43 29 61 43 19 0.015625
43 29 63 43 20 0.015625
43 29 65 43 22 0.015625
43 29 67 43 22 0.015625
43 29 68 43 27 0.015625
43 29 72 43 27 0.03125
43 29 78 43 65 0.015625
43 29 80 43 44 0.015625
43 29 81 43 44 0.015625
43 29 82 43 44 0.015625
43 29 83 43 44 0.015625
43 29 84 43 44 0.015625
43 29 86 43 46 0.015625
43 29 87 43 46 0.015625
43 29 89 43 53 0.015625
43 29 90 43 53 0.015625
43 29 91 43 77 0.015625
43 29 92 43 51 0.015625
43 29 95 43 45 0.015625
43 29 98 43 8 0.015625
43 29 101 43 17 0.015625
43 29 104 43 19 0.015625
43 29 105 43 22 0.015625
43 29 106 43 27 0.015625
43 29 107 43 27 0.015625
43 29 108 43 27 0.015625
43 29 110 43 33 0.015625
43 29 112 43 46 0.015625
43 29 113 43 46 0.015625
43 29 117 43 0 0.015625
43 29 118 43 2 0.015625
43 29 119 43 3 0.015625
43 29 120 43 10 0.015625
43 29 122 43 20 0.015625
43 29 124 43 39 0.015625
43 29 125 43 39 0.015625
43 29 127 43 71 0.015625
43 29 128 43 44 0.015625
43 29 129 43 46 0.015625
43 29 130 43 51 0.015625
43 29 131 43 11 0.015625
43 47 3 43 22 0.015625
43 47 4 43 27 0.015625
43 47 12 43 2 0.015625
43 47 16 43 8 0.015625
43 47 29 43 27 0.015625
43 47 30 43 27 0.015625
43 47 43 43 46 0.015625
43 47 45 43 77 0.015625
43 47 46 43 2 0.015625
43 47 48 43 2 0.015625
43 47 49 43 2 0.015625
43 47 55 43 8 0.015625
43 47 56 43 8 0.015625
43 47 57 43 8 0.015625
43 47 58 43 8 0.015625
43 47 59 43 8 0.015625
43 47 60 43 8 0.015625
43 47 61 43 10 0.015625
43 47 65 43 11 0.015625
43 47 70 43 19 0.015625
43 47 72 43 20 0.015625
43 47 73 43 20 0.015625
43 47 74 43 20 0.015625
43 47 76 43 22 0.015625
43 47 77 43 22 0.015625
43 47 78 43 22 0.015625
43 47 79 43 22 0.015625
43 47 80 43 27 0.015625
43 47 81 43 27 0.015625
43 47 82 43 27 0.015625
43 47 83 43 27 0.015625
43 47 84 43 27 0.015625
43 47 85 43 32 0.015625
43 47 87 43 33 0.015625
43 47 89 43 39 0.015625
43 47 92 43 44 0.015625
43 47 93 43 44 0.015625
43 47 94 43 44 0.015625
43 47 95 43 44 0.015625
43 47 96 43 44 0.015625
43 47 97 43 46 0.015625
43 47 98 43 46 0.015625
43 47 99 43 46 0.015625
43 47 100 43 53 0.015625
43 47 101 43 2 0.015625
43 47 102 43 3 0.015625
43 47 105 43 8 0.015625
43 47 106 43 8 0.015625
43 47 109 43 14 0.015625
43 47 111 43 17 0.015625
43 47 112 43 19 0.015625
43 47 113 43 20 0.015625
43 47 115 43 39 0.015625
43 47 117 43 44 0.015625
43 47 119 43 46 0.015625
43 47 120 43 77 0.015625
43 47 121 43 77 0.015625
43 47 122 43 0 0.015625
43 47 123 43 2 0.015625
43 47 126 43 10 0.015625
43 47 129 43 15 0.015625
43 47 130 43 39 0.015625
43 47 131 43 39 0.015625
43 47 134 43 44 0.015625
50 5 3 50 16 0.015625
50 5 9 50 3 0.015625
50 5 10 50 3 0.015625
50 5 11 50 6 0.015625
50 5 13 50 6 0.015625
50 5 19 50 14 0.015625
50 5 23 50 18 0.015625
50 5 28 50 26 0.015625
50 5 32 50 35 0.015625
50 5 33 50 37 0.015625
50 5 34 50 41 0.015625
50 5 36 50 45 0.015625
50 5 42 50 63 0.015625
50 5 48 50 79 0.015625
50 5 51 50 61 0.015625
50 5 53 50 66 0.015625
50 5 54 50 66 0.015625
50 5 57 50 1 0.015625
50 5 58 50 1 0.015625
50 5 60 50 3 0.015625
50 5 63 50 4 0.015625
50 5 64 50 4 0.015625
50 5 65 50 4 0.015625
50 5 66 50 6 0.015625
50 5 67 50 6 0.015625
50 5 74 50 16 0.015625
50 5 76 50 18 0.015625
50 5 77 50 24 0.015625
50 5 80 50 26 0.015625
50 5 81 50 26 0.015625
50 5 82 50 34 0.015625
50 5 85 50 35 0.015625
50 5 86 50 35 0.015625
50 5 88 50 35 0.015625
50 5 91 50 41 0.015625
50 5 93 50 44 0.015625
50 5 96 50 45 0.015625
50 5 103 50 67 0.015625
50 5 104 50 63 0.015625
50 5 105 50 63 0.015625
50 5 106 50 63 0.015625
50 5 108 50 68 0.015625
50 5 113 50 1 0.015625
50 5 114 50 3 0.015625
50 5 115 50 4 0.015625
50 5 116 50 6 0.015625
50 5 117 50 18 0.015625
50 5 118 50 24 0.015625
50 5 119 50 33 0.015625
50 5 120 50 34 0.015625
50 5 121 50 35 0.015625
50 5 122 50 44 0.015625
50 5 124 50 63 0.015625
50 5 127 50 66 0.015625
50 5 128 50 4 0.015625
50 5 132 50 14 0.015625
50 5 134 50 18 0.015625
50 5 135 50 24 0.015625
50 5 136 50 24 0.015625
50 5 137 50 35 0.015625
50 5 138 50 63 0.015625
50 5 139 50 63 0.015625
50 5 141 50 3 0.015625
50 5 142 50 24 0.015625
50 13 2 50 4 0.015625
50 13 3 50 6 0.015625
50 13 9 50 45 0.015625
50 13 14 50 66 0.015625
50 13 15 50 1 0.015625
50 13 16 50 1 0.03125
50 13 18 50 3 0.03125
50 13 19 50 3 0.015625
50 13 23 50 14 0.015625
50 13 26 50 18 0.015625
50 13 29 50 34 0.015625
50 13 37 50 3 0.03125
50 13 38 50 4 0.015625
50 13 39 50 4 0.015625
50 13 40 50 6 0.015625
50 13 41 50 6 0.015625
50 13 42 50 6 0.015625
50 13 43 50 6 0.015625
50 13 44 50 6 0.015625
50 13 45 50 11 0.015625
50 13 47 50 16 0.015625
50 13 48 50 18 0.015625
50 13 49 50 24 0.015625
50 13 50 50 24 0.015625
50 13 52 50 34 0.015625
50 13 54 50 34 0.015625
50 13 57 50 35 0.015625
50 13 58 50 35 0.046875
50 13 59 50 35 0.015625
50 13 63 50 41 0.015625
50 13 65 50 41 0.015625
50 13 68 50 63 0.015625
50 13 69 50 63 0.015625
50 13 74 50 79 0.015625
50 13 77 50 66 0.015625
50 13 78 50 66 0.015625
50 13 79 50 66 0.015625
50 13 80 50 1 0.015625
50 13 82 50 4 0.015625
50 13 83 50 4 0.015625
50 13 84 50 11 0.015625
50 13 87 50 18 0.015625
50 13 88 50 34 0.015625
50 13 91 50 35 0.015625
50 13 93 50 37 0.015625
50 13 94 50 37 0.015625
50 13 96 50 63 0.015625
50 13 99 50 61 0.015625
50 13 100 50 3 0.015625
50 13 101 50 4 0.015625
50 13 103 50 26 0.015625
50 13 104 50 35 0.015625
50 13 106 50 44 0.015625
50 13 107 50 67 0.015625
50 13 108 50 63 0.015625
50 13 109 50 61 0.03125
50 13 110 50 3 0.015625
50 13 111 50 3 0.015625
50 29 8 50 3 0.015625
50 29 12 50 6 0.015625
50 29 16 50 16 0.03125
50 29 25 50 24 0.015625
50 29 26 50 24 0.015625
50 29 32 50 35 0.015625
50 29 36 50 44 0.015625
50 29 41 50 63 0.015625
50 29 42 50 63 0.015625
50 29 50 50 66 0.015625
50 29 52 50 1 0.015625
50 29 53 50 3 0.015625
50 29 54 50 3 0.015625
50 29 58 50 4 0.015625
50 29 59 50 4 0.015625
50 29 60 50 4 0.015625
50 29 62 50 4 0.015625
50 29 63 50 6 0.015625
50 29 64 50 6 0.015625
50 29 65 50 6 0.015625
50 29 66 50 6 0.015625
50 29 67 50 11 0.015625
50 29 68 50 11 0.015625
50 29 78 50 35 0.015625
50 29 79 50 35 0.015625
50 29 80 50 35 0.015625
50 29 82 50 41 0.015625
50 29 88 50 44 0.015625
50 29 91 50 45 0.015625
50 29 92 50 63 0.015625
50 29 93 50 63 0.015625
50 29 94 50 68 0.015625
50 29 95 50 68 0.015625
50 29 96 50 68 0.015625
50 29 98 50 79 0.015625
50 29 100 50 61 0.015625
50 29 104 50 1 0.015625
50 29 105 50 1 0.015625
50 29 106 50 1 0.015625
50 29 107 50 1 0.015625
50 29 111 50 4 0.015625
50 29 114 50 6 0.015625
50 29 115 50 16 0.015625
50 29 116 50 24 0.015625
50 29 117 50 26 0.015625
50 29 119 50 33 0.015625
50 29 124 50 35 0.015625
50 29 125 50 37 0.015625
50 29 126 50 41 0.015625
50 29 128 50 67 0.015625
50 29 129 50 63 0.015625
50 29 130 50 61 0.015625
50 29 131 50 61 0.015625
50 29 133 50 1 0.015625
50 29 134 50 3 0.015625
50 29 135 50 4 0.015625
50 29 137 50 18 0.015625
50 29 139 50 24 0.015625
50 29 141 50 37 0.015625
50 29 142 50 63 0.015625
50 29 143 50 63 0.015625
50 29 144 50 63 0.015625
50 29 147 50 24 0.015625
50 47 9 50 1 0.03125
50 47 12 50 3 0.015625
50 47 13 50 3 0.015625
50 47 14 50 4 0.03125
50 47 15 50 6 0.015625
50 47 16 50 6 0.015625
50 47 17 50 6 0.015625
50 47 30 50 24 0.015625
50 47 35 50 37 0.015625
50 47 39 50 41 0.015625
50 47 43 50 63 0.015625
50 47 50 50 61 0.015625
50 47 51 50 66 0.015625
50 47 55 50 1 0.015625
50 47 56 50 3 0.015625
50 47 57 50 3 0.015625
50 47 58 50 3 0.015625
50 47 59 50 3 0.015625
50 47 60 50 3 0.015625
50 47 61 50 4 0.015625
50 47 63 50 6 0.015625
50 47 64 50 6 0.015625
50 47 66 50 16 0.015625
50 47 68 50 18 0.015625
50 47 70 50 24 0.015625
50 47 74 50 34 0.015625
50 47 75 50 35 0.015625
50 47 79 50 41 0.015625
50 47 80 50 44 0.015625
50 47 82 50 63 0.015625
50 47 83 50 63 0.015625
50 47 84 50 63 0.015625
50 47 85 50 63 0.015625
50 47 86 50 63 0.015625
50 47 89 50 61 0.015625
50 47 90 50 61 0.015625
50 47 91 50 66 0.015625
50 47 96 50 1 0.015625
50 47 97 50 1 0.015625
50 47 98 50 4 0.015625
50 47 100 50 6 0.015625
50 47 103 50 16 0.015625
50 47 104 50 24 0.015625
50 47 105 50 24 0.015625
50 47 106 50 26 0.015625
50 47 111 50 34 0.015625
50 47 113 50 35 0.015625
50 47 114 50 41 0.015625
50 47 118 50 68 0.015625
50 47 119 50 61 0.015625
50 47 121 50 66 0.015625
50 47 122 50 1 0.015625
50 47 123 50 1 0.015625
50 47 124 50 4 0.015625
50 47 125 50 4 0.015625
50 47 126 50 11 0.015625
50 47 128 50 18 0.015625
50 47 130 50 37 0.015625
50 47 131 50 67 0.015625
50 47 132 50 63 0.015625
50 47 133 50 63 0.015625
50 47 135 50 34 0.015625
54 5 3 54 37 0.015625
54 5 13 54 17 0.015625
54 5 14 54 18 0.015625
54 5 15 54 18 0.015625
54 5 16 54 18 0.015625
54 5 18 54 19 0.015625
54 5 20 54 22 0.015625
54 5 21 54 22 0.015625
54 5 25 54 28 0.015625
54 5 28 54 37 0.015625
54 5 29 54 37 0.015625
54 5 33 54 44 0.015625
54 5 36 54 58 0.015625
54 5 41 54 70 0.015625
54 5 46 54 0 0.015625
54 5 47 54 0 0.015625
54 5 48 54 0 0.015625
54 5 50 54 4 0.015625
54 5 51 54 4 0.015625
54 5 52 54 4 0.015625
54 5 56 54 17 0.015625
54 5 57 54 17 0.015625
54 5 68 54 22 0.015625
54 5 69 54 22 0.015625
54 5 70 54 24 0.015625
54 5 71 54 24 0.015625
54 5 75 54 25 0.015625
54 5 76 54 25 0.015625
54 5 79 54 28 0.015625
54 5 82 54 37 0.015625
54 5 83 54 37 0.015625
54 5 84 54 37 0.015625
54 5 85 54 37 0.015625
54 5 86 54 38 0.015625
54 5 88 54 38 0.015625
54 5 89 54 38 0.015625
54 5 91 54 42 0.015625
54 5 92 54 46 0.015625
54 5 99 54 59 0.015625
54 5 104 54 68 0.015625
54 5 106 54 56 0.015625
54 5 107 54 56 0.015625
54 5 113 54 62 0.015625
54 5 115 54 4 0.015625
54 5 116 54 12 0.015625
54 5 117 54 12 0.015625
54 5 121 54 28 0.015625
54 5 122 54 28 0.015625
54 5 123 54 38 0.015625
54 5 124 54 42 0.015625
54 5 125 54 44 0.015625
54 5 126 54 44 0.015625
54 5 130 54 58 0.015625
54 5 135 54 73 0.015625
54 5 136 54 73 0.015625
54 5 137 54 17 0.015625
54 5 138 54 18 0.015625
54 5 139 54 18 0.015625
54 5 140 54 24 0.015625
54 5 141 54 24 0.015625
54 5 143 54 28 0.015625
54 5 144 54 38 0.015625
54 5 145 54 46 0.015625
54 5 149 54 58 0.015625
54 13 9 54 4 0.015625
54 13 11 54 17 0.015625
54 13 13 54 18 0.015625
54 13 14 54 18 0.015625
54 13 15 54 18 0.015625
54 13 20 54 22 0.015625
54 13 21 54 25 0.015625
54 13 24 54 28 0.015625
54 13 25 54 28 0.015625
54 13 29 54 37 0.015625
54 13 30 54 37 0.015625
54 13 31 54 38 0.015625
54 13 36 54 58 0.015625
54 13 41 54 70 0.015625
54 13 47 54 62 0.015625
54 13 49 54 0 0.015625
54 13 50 54 0 0.015625
54 13 51 54 4 0.015625
54 13 52 54 4 0.015625
54 13 53 54 12 0.015625
54 13 56 54 17 0.015625
54 13 60 54 18 0.015625
54 13 62 54 19 0.015625
54 13 65 54 22 0.015625
54 13 72 54 37 0.015625
54 13 73 54 37 0.015625
54 13 74 54 37 0.015625
54 13 77 54 38 0.015625
54 13 79 54 38 0.015625
54 13 80 54 38 0.03125
54 13 81 54 38 0.015625
54 13 82 54 38 0.015625
54 13 85 54 42 0.015625
54 13 86 54 44 0.015625
54 13 88 54 46 0.015625
54 13 91 54 58 0.015625
54 13 92 54 59 0.015625
54 13 93 54 59 0.015625
54 13 102 54 70 0.015625
54 13 105 54 73 0.015625
54 13 106 54 73 0.015625
54 13 107 54 62 0.015625
54 13 111 54 4 0.015625
54 13 113 54 12 0.015625
54 13 114 54 12 0.015625
54 13 115 54 17 0.015625
54 13 116 54 18 0.015625
54 13 118 54 25 0.015625
54 13 119 54 25 0.015625
54 13 120 54 36 0.015625
54 13 122 54 37 0.015625
54 13 123 54 46 0.015625
54 13 129 54 4 0.015625
54 13 130 54 18 0.03125
54 13 131 54 36 0.015625
54 13 132 54 36 0.015625
54 13 135 54 58 0.015625
54 13 137 54 56 0.015625
54 13 140 54 61 0.015625
54 13 141 54 73 0.015625
54 13 142 54 58 0.015625
54 13 143 54 73 0.015625
54 29 13 54 18 0.015625
54 29 14 54 18 0.015625
54 29 17 54 22 0.015625
54 29 19 54 24 0.015625
54 29 22 54 25 0.015625
54 29 23 54 28 0.015625
54 29 24 54 28 0.015625
54 29 30 54 37 0.015625
54 29 37 54 59 0.015625
54 29 39 54 68 0.015625
54 29 46 54 0 0.015625
54 29 47 54 0 0.015625
54 29 49 54 4 0.015625
54 29 50 54 4 0.015625
54 29 52 54 4 0.015625
54 29 55 54 17 0.015625
54 29 56 54 17 0.015625
54 29 57 54 18 0.015625
54 29 59 54 18 0.015625
54 29 60 54 18 0.015625
54 29 61 54 18 0.015625
54 29 62 54 19 0.015625
54 29 63 54 19 0.015625
54 29 65 54 19 0.015625
54 29 74 54 28 0.015625
54 29 75 54 28 0.015625
54 29 76 54 28 0.015625
54 29 77 54 28 0.015625
54 29 81 54 36 0.015625
54 29 82 54 37 0.015625
54 29 83 54 37 0.015625
54 29 84 54 38 0.015625
54 29 85 54 38 0.015625
54 29 86 54 42 0.015625
54 29 88 54 44 0.015625
54 29 96 54 56 0.015625
54 29 98 54 70 0.015625
54 29 101 54 61 0.015625
54 29 102 54 73 0.015625
54 29 103 54 73 0.015625
54 29 108 54 4 0.015625
54 29 109 54 4 0.015625
54 29 112 54 12 0.015625
54 29 115 54 28 0.015625
54 29 116 54 28 0.015625
54 29 117 54 36 0.015625
54 29 118 54 37 0.015625
54 29 119 54 37 0.015625
54 29 120 54 38 0.015625
54 29 122 54 38 0.015625
54 29 123 54 42 0.015625
54 29 125 54 46 0.015625
54 29 126 54 58 0.015625
54 29 129 54 56 0.015625
54 29 131 54 56 0.015625
54 29 133 54 73 0.015625
54 29 134 54 73 0.015625
54 29 136 54 0 0.015625
54 29 139 54 18 0.015625
54 29 140 54 18 0.015625
54 29 142 54 24 0.015625
54 29 145 54 44 0.015625
54 29 149 54 61 0.015625
54 29 151 54 73 0.015625
54 47 4 54 22 0.015625
54 47 12 54 4 0.015625
54 47 14 54 17 0.015625
54 47 16 54 18 0.015625
54 47 22 54 24 0.015625
54 47 24 54 28 0.015625
54 47 25 54 37 0.015625
54 47 26 54 37 0.015625
54 47 27 54 38 0.015625
54 47 28 54 38 0.015625
54 47 29 54 38 0.015625
54 47 32 54 58 0.015625
54 47 40 54 73 0.015625
54 47 44 54 4 0.015625
54 47 48 54 17 0.015625
54 47 49 54 17 0.015625
54 47 50 54 17 0.015625
54 47 52 54 17 0.015625
54 47 55 54 18 0.015625
54 47 56 54 18 0.015625
54 47 57 54 18 0.015625
54 47 58 54 18 0.015625
54 47 61 54 19 0.015625
54 47 62 54 22 0.015625
54 47 67 54 28 0.015625
54 47 68 54 28 0.015625
54 47 69 54 28 0.015625
54 47 70 54 28 0.015625
54 47 71 54 28 0.015625
54 47 74 54 37 0.015625
54 47 75 54 37 0.015625
54 47 76 54 37 0.015625
54 47 77 54 37 0.015625
54 47 78 54 37 0.015625
54 47 79 54 38 0.015625
54 47 81 54 44 0.015625
54 47 83 54 58 0.015625
54 47 85 54 68 0.015625
54 47 86 54 68 0.015625
54 47 91 54 70 0.015625
54 47 92 54 70 0.015625
54 47 93 54 70 0.015625
54 47 94 54 61 0.015625
54 47 98 54 73 0.015625
54 47 99 54 73 0.015625
54 47 102 54 4 0.015625
54 47 103 54 12 0.015625
54 47 105 54 19 0.015625
54 47 107 54 25 0.015625
54 47 108 54 28 0.015625
54 47 109 54 37 0.015625
54 47 110 54 38 0.015625
54 47 111 54 38 0.015625
54 47 112 54 38 0.015625
54 47 113 54 42 0.015625
54 47 120 54 73 0.015625
54 47 122 54 0 0.015625
54 47 125 54 4 0.015625
54 47 126 54 17 0.015625
54 47 127 54 18 0.015625
54 47 128 54 28 0.015625
54 47 129 54 44 0.015625
54 47 131 54 56 0.015625
54 47 134 54 62 0.015625
