23_0_0_640_0_0 160 480 0.531302 0.157847 0.900116 10.2048 559.691 4.25164
23_0_0_640_0_0 160 480 320 954601 33508779000 35102.4 2983.13 1.04715e+08 6.95685e+08
23_0_0_640_1_1 160 480 0.531302 0.157847 0.900116 10.2048 559.691 4.25164
23_0_0_640_1_1 160 480 320 954601 33508779000 35102.4 2983.13 1.04715e+08 6.95685e+08
23_0_0_640_2_2 160 480 0.497832 0.155426 0.864275 9.94386 460.058 3.99391
23_0_0_640_2_2 160 480 320 954005 33332391000 34939.4 2981.27 1.04164e+08 6.65107e+08
23_0_0_640_3_3 160 480 0.51171 0.158159 0.889211 10.0747 288.635 4.10769
23_0_0_640_3_3 160 480 320 954597 33539590500 35134.8 2983.12 1.04811e+08 6.97221e+08
23_0_0_640_4_4 160 480 0.503667 0.157026 0.88212 9.92841 550.04 4.06416
23_0_0_640_4_4 160 480 320 954303 33466869000 35069.4 2982.2 1.04584e+08 6.53226e+08
23_0_0_640_5_5 160 480 0.477572 0.153272 0.837498 9.67499 459.909 3.81636
23_0_0_640_5_5 160 480 320 953896 33261928500 34869.6 2980.93 1.03944e+08 6.02798e+08
23_0_0_640_6_6 160 480 0.484348 0.157476 0.867054 9.78456 232.412 3.97463
23_0_0_640_6_6 160 480 320 953596 33419704500 35046 2979.99 1.04437e+08 6.23825e+08
23_0_0_640_7_7 160 480 0.525205 0.156821 0.896804 9.97992 552.497 4.08288
23_0_0_640_7_7 160 480 320 953435 33464286000 35098.7 2979.48 1.04576e+08 7.06097e+08
23_0_0_640_8_8 160 480 0.486765 0.155222 0.842972 9.84719 299.966 3.86994
23_0_0_640_8_8 160 480 320 953461 33268011000 34891.8 2979.57 1.03963e+08 6.00399e+08
23_0_0_640_9_9 160 480 0.499638 0.157789 0.892185 9.96853 254.174 4.10361
23_0_0_640_9_9 160 480 320 953517 33434149500 35064 2979.74 1.04482e+08 6.58543e+08
