2_375_1000_320_0_0 80 240 0.565301 0.23178 1.14387 9.93155 363.19 4.01154
2_375_1000_320_0_0 80 240 160 4928632 142506787500 28914.1 30804 8.90667e+08 3.57455e+09
2_375_1000_320_1_1 80 240 0.565301 0.23178 1.14387 9.93155 363.19 4.01154
2_375_1000_320_1_1 80 240 160 4928632 142506787500 28914.1 30804 8.90667e+08 3.57455e+09
2_375_1000_320_2_2 80 240 0.560959 0.231747 1.13324 9.82006 380.092 3.93794
2_375_1000_320_2_2 80 240 160 4928632 142506751500 28914.1 30804 8.90667e+08 3.52507e+09
2_375_1000_320_3_3 80 240 0.5646 0.232067 1.13645 9.9279 384.032 3.98846
2_375_1000_320_3_3 80 240 160 4928626 142506796500 28914.1 30803.9 8.90667e+08 3.54921e+09
2_375_1000_320_4_4 80 240 0.566414 0.231588 1.14467 9.90734 391.736 4.01181
2_375_1000_320_4_4 80 240 160 4928626 142506078000 28914 30803.9 8.90663e+08 3.60409e+09
2_375_1000_320_5_5 80 240 0.563854 0.231784 1.14551 9.88769 390.081 4.01429
2_375_1000_320_5_5 80 240 160 4928629 142504290000 28913.6 30803.9 8.90652e+08 3.52861e+09
2_375_1000_320_6_6 80 240 0.562514 0.232289 1.14022 9.87024 393.584 3.97841
2_375_1000_320_6_6 80 240 160 4928623 142506621000 28914.1 30803.9 8.90666e+08 3.56581e+09
2_375_1000_320_7_7 80 240 0.557965 0.231181 1.12207 9.78793 383.789 3.91124
2_375_1000_320_7_7 80 240 160 4928628 142505946000 28913.9 30803.9 8.90662e+08 3.5694e+09
2_375_1000_320_8_8 80 240 0.566932 0.231896 1.14729 9.91969 394.653 4.01615
2_375_1000_320_8_8 80 240 160 4928621 142506802500 28914.1 30803.9 8.90668e+08 3.57225e+09
2_375_1000_320_9_9 80 240 0.566546 0.232273 1.14525 9.9366 393.409 4.02025
2_375_1000_320_9_9 80 240 160 4928629 142506988500 28914.1 30803.9 8.90669e+08 3.56253e+09
