108_75_100_200_0_49 50 150 0.480949 0.159035 0.833272 9.78098 248.858 3.69518
108_75_100_200_0_49 50 150 100 3523391 122399413500 34739.1 35233.9 1223994135 6.90265e+09
108_75_100_200_50_99 50 150 0.468398 0.158003 0.814436 9.597 430.011 3.56693
108_75_100_200_50_99 50 150 100 3523312 122282493000 34706.7 35233.1 1222824930 6.66899e+09
108_75_100_200_100_149 50 150 0.473987 0.158035 0.823734 9.61746 352.79 3.6221
108_75_100_200_100_149 50 150 100 3522077 122166724500 34686 35220.8 1221667245 6.81907e+09
108_75_100_200_150_199 50 150 0.490375 0.160378 0.854145 9.85167 160.078 3.81988
108_75_100_200_150_199 50 150 100 3523244 122677603500 34819.5 35232.4 1226776035 7.14643e+09
108_75_100_200_200_249 50 150 0.476894 0.158049 0.831688 9.70848 189.966 3.65801
108_75_100_200_200_249 50 150 100 3523661 122630608500 34802 35236.6 1226306085 6.97335e+09
108_75_100_200_250_299 50 150 0.484505 0.158906 0.848303 9.78478 359.998 3.75608
108_75_100_200_250_299 50 150 100 3452924 119791167000 34692.7 34529.2 1197911670 6.71872e+09
108_75_100_200_300_349 50 150 0.478902 0.159627 0.839578 9.70988 441.842 3.71131
108_75_100_200_300_349 50 150 100 3525027 122678370000 34802.1 35250.3 1226783700 6.84187e+09
108_75_100_200_350_399 50 150 0.484145 0.160005 0.85193 9.76195 210.753 3.76687
108_75_100_200_350_399 50 150 100 3525835 122430748500 34723.9 35258.3 1224307485 6.99629e+09
108_75_100_200_400_449 50 150 0.48539 0.159187 0.844533 9.81219 161.812 3.75742
108_75_100_200_400_449 50 150 100 3525509 122317921500 34695.1 35255.1 1223179215 6.92625e+09
108_75_100_200_450_499 50 150 0.480064 0.158872 0.842383 9.7114 196.632 3.7206
108_75_100_200_450_499 50 150 100 3524269 121942237500 34600.7 35242.7 1219422375 6.86462e+09
