7_25_100_1000_0_0 250 750 0.554565 0.110933 2.01021 10.0776 540.05 5.71631
7_25_100_1000_0_0 250 750 500 536310 18829882500 35110.1 1072.62 37659765 2.755e+08
7_25_100_1000_1_1 250 750 0.554565 0.110933 2.01021 10.0776 540.05 5.71631
7_25_100_1000_1_1 250 750 500 536310 18829882500 35110.1 1072.62 37659765 2.755e+08
7_25_100_1000_2_2 250 750 0.547896 0.110765 2.01945 10.0665 111.571 5.69605
7_25_100_1000_2_2 250 750 500 534743 18453372000 34508.9 1069.49 36906744 2.50327e+08
7_25_100_1000_3_3 250 750 0.546525 0.110658 1.97415 9.8615 877.98 5.57571
7_25_100_1000_3_3 250 750 500 534738 18396612000 34403 1069.48 36793224 2.49031e+08
7_25_100_1000_4_4 250 750 0.569757 0.111522 2.20007 10.0579 259.789 5.9819
7_25_100_1000_4_4 250 750 500 533881 18897387000 35396.3 1067.76 37794774 2.78697e+08
7_25_100_1000_5_5 250 750 0.568286 0.111269 2.11523 10.2508 130.581 5.90004
7_25_100_1000_5_5 250 750 500 533345 18780810000 35213.2 1066.69 37561620 2.70342e+08
7_25_100_1000_6_6 250 750 0.558581 0.110765 2.06314 10.1651 162.639 5.77589
7_25_100_1000_6_6 250 750 500 533679 18449385000 34570.2 1067.36 36898770 2.66276e+08
7_25_100_1000_7_7 250 750 0.543994 0.110532 1.82054 10.0493 97.1343 5.53857
7_25_100_1000_7_7 250 750 500 534288 18512928000 34649.7 1068.58 37025856 2.6039e+08
7_25_100_1000_8_8 250 750 0.540822 0.111395 1.92534 9.99346 88.976 5.62552
7_25_100_1000_8_8 250 750 500 536026 18649111500 34791.4 1072.05 37298223 2.54115e+08
7_25_100_1000_9_9 250 750 0.547228 0.110765 1.97544 10.0333 686.558 5.65996
7_25_100_1000_9_9 250 750 500 533308 18501909000 34692.7 1066.62 37003818 2.55649e+08
