0 17 0 0 54 0.125
0 17 1 0 25 0.140625
0 17 2 0 22 0.140625
0 17 3 0 46 0.03125
0 17 4 0 21 0.15625
0 17 5 0 20 0.203125
0 17 6 0 29 0.109375
0 17 7 0 43 0.09375
0 18 0 0 18 1.0
0 45 0 0 45 1.0
0 46 0 0 46 1.0
0 48 0 0 40 0.03125
0 48 1 0 10 0.015625
0 48 2 0 25 0.15625
0 48 3 0 14 0.1875
0 48 4 0 13 0.1875
0 48 5 0 12 0.015625
0 48 6 0 22 0.140625
0 48 8 0 46 0.03125
0 48 9 0 20 0.234375
0 49 0 0 40 0.078125
0 49 1 0 10 0.09375
0 49 2 0 13 0.21875
0 49 3 0 47 0.09375
0 49 4 0 23 0.140625
0 49 5 0 22 0.125
0 49 6 0 21 0.125
0 49 7 0 29 0.125
0 73 0 0 54 0.171875
0 73 1 0 8 0.140625
0 73 2 0 12 0.09375
0 73 4 0 11 0.109375
0 73 5 0 63 0.171875
0 73 6 0 53 0.109375
0 73 7 0 70 0.203125
0 74 0 0 79 0.25
0 74 1 0 14 0.078125
0 74 2 0 13 0.234375
0 74 3 0 22 0.15625
0 74 4 0 46 0.015625
0 74 5 0 59 0.09375
0 74 6 0 20 0.09375
0 74 7 0 45 0.078125
0 75 0 0 79 0.140625
0 75 1 0 10 0.125
0 75 2 0 25 0.125
0 75 3 0 12 0.109375
0 75 4 0 22 0.109375
0 75 6 0 11 0.109375
0 75 7 0 37 0.140625
0 75 8 0 70 0.140625
1 17 0 1 22 0.125
1 17 1 1 15 0.140625
1 17 2 1 35 0.078125
1 17 3 1 56 0.140625
1 17 4 1 19 0.140625
1 17 5 1 30 0.15625
1 17 6 1 55 0.09375
1 17 7 1 64 0.125
1 18 0 1 18 1.0
1 45 0 1 79 0.1875
1 45 1 1 0 0.046875
1 45 2 1 13 0.171875
1 45 3 1 18 0.078125
1 45 4 1 2 0.09375
1 45 5 1 35 0.0625
1 45 6 1 30 0.09375
1 45 7 1 55 0.0625
1 45 8 1 50 0.109375
1 45 9 1 64 0.09375
1 46 0 1 0 0.015625
1 46 1 1 53 0.03125
1 46 2 1 2 0.109375
1 46 3 1 77 0.171875
1 46 4 1 15 0.171875
1 46 5 1 35 0.09375
1 46 6 1 19 0.15625
1 46 7 1 16 0.15625
1 46 8 1 66 0.09375
1 48 0 1 40 0.046875
1 48 1 1 13 0.125
1 48 2 1 22 0.125
1 48 3 1 18 0.15625
1 48 4 1 30 0.125
1 48 5 1 16 0.09375
1 48 6 1 55 0.0625
1 48 7 1 5 0.15625
1 48 8 1 64 0.109375
1 49 0 1 40 0.0625
1 49 1 1 13 0.15625
1 49 2 1 22 0.09375
1 49 3 1 15 0.109375
1 49 4 1 62 0.109375
1 49 5 1 56 0.0625
1 49 6 1 30 0.09375
1 49 7 1 16 0.078125
1 49 8 1 55 0.0625
1 49 9 1 64 0.109375
1 49 10 1 66 0.0625
1 73 0 1 8 0.15625
1 73 1 1 18 0.078125
1 73 2 1 53 0.09375
1 73 3 1 77 0.15625
1 73 4 1 56 0.1875
1 73 5 1 30 0.1875
1 73 6 1 5 0.140625
1 74 0 1 79 0.125
1 74 1 1 13 0.125
1 74 2 1 22 0.125
1 74 3 1 59 0.09375
1 74 4 1 6 0.046875
1 74 5 1 2 0.078125
1 74 6 1 72 0.15625
1 74 7 1 5 0.09375
1 74 8 1 64 0.09375
1 74 9 1 66 0.0625
1 75 0 1 79 0.203125
1 75 1 1 22 0.15625
1 75 2 1 18 0.09375
1 75 3 1 2 0.171875
1 75 4 1 62 0.203125
1 75 5 1 56 0.171875
6 17 0 6 78 0.140625
6 17 1 6 67 0.125
6 17 2 6 21 0.15625
6 17 3 6 64 0.15625
6 17 4 6 74 0.046875
6 17 5 6 57 0.21875
6 17 6 6 26 0.15625
6 18 0 6 58 0.0625
6 18 1 6 67 0.03125
6 18 2 6 79 0.25
6 18 3 6 10 0.015625
6 18 4 6 13 0.1875
6 18 5 6 1 0.078125
6 18 6 6 21 0.078125
6 18 7 6 33 0.015625
6 18 8 6 50 0.09375
6 18 9 6 26 0.109375
6 18 10 6 51 0.078125
6 45 0 6 78 0.078125
6 45 1 6 27 0.09375
6 45 2 6 79 0.140625
6 45 3 6 13 0.125
6 45 4 6 37 0.03125
6 45 5 6 63 0.125
6 45 6 6 50 0.09375
6 45 7 6 64 0.078125
6 45 8 6 74 0.03125
6 45 9 6 26 0.09375
6 45 10 6 4 0.109375
6 46 0 6 78 0.1875
6 46 1 6 27 0.21875
6 46 2 6 74 0.046875
6 46 3 6 51 0.296875
6 46 4 6 4 0.25
6 48 0 6 27 0.171875
6 48 1 6 40 0.046875
6 48 2 6 10 0.015625
6 48 3 6 13 0.234375
6 48 4 6 12 0.03125
6 48 5 6 64 0.203125
6 48 6 6 26 0.296875
6 49 0 6 58 0.09375
6 49 1 6 40 0.0625
6 49 2 6 10 0.078125
6 49 3 6 13 0.15625
6 49 4 6 21 0.09375
6 49 5 6 62 0.109375
6 49 6 6 64 0.125
6 49 7 6 74 0.03125
6 49 8 6 57 0.125
6 49 9 6 26 0.125
6 73 0 6 9 0.15625
6 73 1 6 58 0.09375
6 73 2 6 67 0.140625
6 73 3 6 27 0.125
6 73 4 6 12 0.078125
6 73 5 6 63 0.15625
6 73 6 6 26 0.125
6 73 7 6 4 0.125
6 74 0 6 74 1.0
6 75 0 6 9 0.109375
6 75 1 6 58 0.09375
6 75 2 6 67 0.09375
6 75 3 6 27 0.078125
6 75 4 6 79 0.09375
6 75 5 6 10 0.09375
6 75 6 6 12 0.078125
6 75 7 6 37 0.078125
6 75 8 6 33 0.171875
6 75 9 6 62 0.109375
7 17 0 7 35 0.09375
7 17 1 7 55 0.125
7 17 2 7 64 0.15625
7 17 3 7 68 0.203125
7 17 4 7 24 0.21875
7 17 5 7 57 0.203125
7 18 0 7 58 0.078125
7 18 1 7 70 0.265625
7 18 2 7 16 0.078125
7 18 3 7 55 0.046875
7 18 4 7 39 0.0625
7 18 5 7 68 0.0625
7 18 6 7 24 0.171875
7 18 7 7 51 0.09375
7 18 8 7 73 0.140625
7 45 0 7 27 0.140625
7 45 1 7 14 0.15625
7 45 2 7 37 0.046875
7 45 3 7 35 0.0625
7 45 4 7 55 0.0625
7 45 5 7 64 0.09375
7 45 6 7 39 0.140625
7 45 7 7 24 0.140625
7 45 8 7 65 0.15625
7 46 0 7 27 0.09375
7 46 1 7 77 0.09375
7 46 2 7 35 0.046875
7 46 3 7 16 0.078125
7 46 4 7 39 0.15625
7 46 5 7 42 0.09375
7 46 6 7 68 0.28125
7 46 7 7 32 0.046875
7 46 8 7 51 0.109375
7 48 0 7 27 0.109375
7 48 1 7 14 0.125
7 48 2 7 16 0.109375
7 48 3 7 55 0.0625
7 48 4 7 5 0.15625
7 48 5 7 64 0.125
7 48 6 7 39 0.1875
7 48 8 7 65 0.125
7 49 0 7 58 0.125
7 49 1 7 62 0.15625
7 49 2 7 16 0.109375
7 49 3 7 55 0.09375
7 49 4 7 64 0.171875
7 49 5 7 39 0.15625
7 49 6 7 57 0.1875
7 73 0 7 73 1.0
7 74 0 7 14 0.078125
7 74 1 7 5 0.109375
7 74 2 7 64 0.09375
7 74 3 7 39 0.09375
7 74 4 7 42 0.09375
7 74 5 7 24 0.140625
7 74 6 7 57 0.140625
7 74 7 7 76 0.09375
7 74 8 7 28 0.15625
7 75 0 7 58 0.109375
7 75 1 7 27 0.109375
7 75 2 7 37 0.09375
7 75 3 7 70 0.125
7 75 4 7 62 0.125
7 75 5 7 39 0.09375
7 75 6 7 44 0.109375
7 75 7 7 32 0.0625
7 75 8 7 28 0.171875
10 17 0 10 21 0.15625
10 17 1 10 29 0.125
10 17 2 10 43 0.109375
10 17 3 10 15 0.21875
10 17 4 10 19 0.203125
10 17 5 10 64 0.171875
10 17 6 10 48 0.015625
10 18 0 10 18 1.0
10 45 0 10 0 0.0625
10 45 1 10 14 0.203125
10 45 2 10 23 0.109375
10 45 3 10 18 0.015625
10 45 4 10 63 0.203125
10 45 5 10 43 0.046875
10 45 6 10 2 0.09375
10 45 7 10 64 0.109375
10 45 8 10 4 0.15625
10 46 0 10 0 0.015625
10 46 1 10 53 0.03125
10 46 2 10 29 0.078125
10 46 3 10 43 0.046875
10 46 4 10 2 0.125
10 46 5 10 15 0.25
10 46 6 10 19 0.21875
10 46 7 10 32 0.03125
10 46 8 10 4 0.1875
10 46 9 10 48 0.015625
10 48 0 10 48 1.0
10 49 0 10 49 1.0
10 73 0 10 18 0.015625
10 73 1 10 63 0.296875
10 73 2 10 53 0.125
10 73 3 10 60 0.328125
10 73 4 10 4 0.234375
10 74 0 10 49 0.203125
10 74 1 10 14 0.140625
10 74 2 10 59 0.140625
10 74 3 10 6 0.03125
10 74 4 10 2 0.109375
10 74 6 10 64 0.21875
10 74 7 10 76 0.15625
10 75 0 10 75 1.0
11 17 0 11 38 0.265625
11 17 1 11 25 0.09375
11 17 2 11 29 0.078125
11 17 3 11 43 0.078125
11 17 4 11 15 0.125
11 17 5 11 55 0.09375
11 17 6 11 24 0.140625
11 17 7 11 57 0.125
11 18 0 11 79 0.28125
11 18 1 11 25 0.125
11 18 3 11 55 0.03125
11 18 4 11 50 0.09375
11 18 5 11 69 0.078125
11 18 6 11 75 0.078125
11 18 7 11 24 0.140625
11 18 8 11 51 0.0625
11 18 9 11 73 0.109375
11 45 0 11 27 0.109375
11 45 1 11 79 0.125
11 45 2 11 0 0.046875
11 45 3 11 37 0.0625
11 45 4 11 63 0.140625
11 45 5 11 43 0.046875
11 45 6 11 2 0.078125
11 45 7 11 55 0.046875
11 45 8 11 50 0.109375
11 45 9 11 24 0.109375
11 45 10 11 65 0.125
11 46 0 11 27 0.15625
11 46 1 11 25 0.171875
11 46 2 11 0 0.03125
11 46 3 11 29 0.046875
11 46 4 11 43 0.046875
11 46 5 11 2 0.109375
11 46 6 11 15 0.1875
11 46 7 11 66 0.0625
11 46 8 11 51 0.1875
11 48 0 11 27 0.234375
11 48 1 11 40 0.03125
11 48 2 11 25 0.234375
11 48 4 11 55 0.046875
11 48 5 11 69 0.1875
11 48 6 11 65 0.265625
11 49 0 11 40 0.09375
11 49 1 11 29 0.15625
11 49 2 11 15 0.171875
11 49 3 11 55 0.109375
11 49 4 11 66 0.125
11 49 5 11 75 0.125
11 49 6 11 57 0.21875
11 73 0 11 73 1.0
11 74 0 11 79 0.265625
11 74 1 11 2 0.078125
11 74 2 11 66 0.03125
11 74 3 11 24 0.234375
11 74 4 11 57 0.296875
11 74 5 11 76 0.09375
11 75 0 11 75 1.0
12 17 0 12 38 0.203125
12 17 1 12 67 0.078125
12 17 2 12 54 0.078125
12 17 3 12 25 0.09375
12 17 4 12 20 0.109375
12 17 5 12 35 0.0625
12 17 6 12 30 0.109375
12 17 7 12 34 0.0625
12 17 8 12 31 0.078125
12 17 9 12 68 0.109375
12 17 10 12 48 0.015625
12 18 0 12 58 0.09375
12 18 1 12 67 0.046875
12 18 2 12 54 0.109375
12 18 3 12 25 0.203125
12 18 4 12 0 0.015625
12 18 5 12 69 0.09375
12 18 6 12 75 0.109375
12 18 7 12 68 0.078125
12 18 8 12 51 0.109375
12 18 9 12 48 0.03125
12 18 10 12 73 0.109375
12 45 0 12 0 0.078125
12 45 1 12 47 0.09375
12 45 2 12 37 0.109375
12 45 3 12 20 0.484375
12 45 4 12 35 0.09375
12 45 5 12 30 0.140625
12 46 0 12 54 0.09375
12 46 1 12 25 0.125
12 46 2 12 0 0.03125
12 46 3 12 47 0.046875
12 46 4 12 77 0.09375
12 46 5 12 35 0.0625
12 46 6 12 66 0.046875
12 46 7 12 34 0.03125
12 46 8 12 68 0.34375
12 46 9 12 51 0.109375
12 46 10 12 48 0.015625
12 48 0 12 48 1.0
12 49 0 12 58 0.234375
12 49 1 12 47 0.125
12 49 2 12 30 0.265625
12 49 3 12 66 0.171875
12 49 4 12 75 0.15625
12 49 5 12 48 0.046875
12 73 0 12 73 1.0
12 74 0 12 67 0.015625
12 74 1 12 59 0.171875
12 74 2 12 20 0.21875
12 74 3 12 6 0.046875
12 74 4 12 5 0.234375
12 74 5 12 66 0.078125
12 74 6 12 31 0.046875
12 74 7 12 76 0.1875
12 75 0 12 75 1.0
16 17 0 16 38 0.15625
16 17 1 16 25 0.09375
16 17 2 16 22 0.109375
16 17 3 16 46 0.09375
16 17 4 16 35 0.0625
16 17 5 16 19 0.109375
16 17 6 16 55 0.03125
16 17 7 16 34 0.046875
16 17 8 16 68 0.125
16 17 9 16 24 0.140625
16 17 10 16 48 0.03125
16 18 0 16 18 1.0
16 45 0 16 27 0.15625
16 45 1 16 79 0.203125
16 45 2 16 13 0.203125
16 45 3 16 18 0.046875
16 45 4 16 35 0.0625
16 45 5 16 55 0.0625
16 45 6 16 50 0.109375
16 45 7 16 24 0.15625
16 46 0 16 46 1.0
16 48 0 16 48 1.0
16 49 0 16 49 1.0
16 73 0 16 38 0.15625
16 73 1 16 9 0.125
16 73 2 16 58 0.09375
16 73 3 16 7 0.109375
16 73 4 16 27 0.109375
16 73 5 16 18 0.03125
16 73 6 16 70 0.140625
16 73 7 16 5 0.09375
16 73 8 16 44 0.140625
16 74 0 16 49 0.15625
16 74 1 16 79 0.15625
16 74 2 16 13 0.171875
16 74 3 16 22 0.140625
16 74 4 16 46 0.109375
16 74 5 16 5 0.109375
16 74 6 16 24 0.15625
16 75 0 16 38 0.109375
16 75 1 16 9 0.109375
16 75 2 16 58 0.078125
16 75 3 16 27 0.078125
16 75 4 16 49 0.0625
16 75 5 16 79 0.09375
16 75 6 16 25 0.078125
16 75 7 16 22 0.078125
16 75 8 16 18 0.03125
16 75 9 16 70 0.09375
16 75 10 16 44 0.0625
16 75 11 16 34 0.046875
16 75 12 16 32 0.078125
17 18 0 17 67 0.03125
17 18 1 17 54 0.09375
17 18 2 17 25 0.171875
17 18 3 17 22 0.125
17 18 4 17 21 0.09375
17 18 5 17 55 0.03125
17 18 6 17 68 0.046875
17 18 7 17 24 0.203125
17 18 8 17 26 0.171875
17 18 9 17 48 0.03125
17 45 0 17 78 0.09375
17 45 1 17 20 0.234375
17 45 2 17 43 0.046875
17 45 3 17 35 0.078125
17 45 4 17 30 0.078125
17 45 5 17 55 0.046875
17 45 6 17 64 0.09375
17 45 7 17 74 0.03125
17 45 8 17 24 0.140625
17 45 9 17 26 0.15625
17 46 0 17 46 1.0
17 48 0 17 48 1.0
17 49 0 17 22 0.09375
17 49 1 17 21 0.09375
17 49 2 17 29 0.078125
17 49 3 17 15 0.09375
17 49 4 17 56 0.046875
17 49 5 17 30 0.09375
17 49 6 17 55 0.0625
17 49 7 17 64 0.109375
17 49 8 17 74 0.03125
17 49 9 17 57 0.125
17 49 10 17 26 0.140625
17 49 11 17 48 0.03125
17 73 0 17 38 0.21875
17 73 1 17 67 0.125
17 73 2 17 54 0.15625
17 73 3 17 56 0.15625
17 73 4 17 30 0.15625
17 73 5 17 26 0.1875
17 74 0 17 74 1.0
17 75 0 17 38 0.234375
17 75 1 17 67 0.171875
17 75 2 17 25 0.15625
17 75 3 17 22 0.15625
17 75 4 17 56 0.171875
17 75 5 17 34 0.109375
29 17 0 29 17 1.0
29 18 0 29 58 0.296875
29 18 1 29 10 0.015625
29 18 3 29 55 0.078125
29 18 4 29 39 0.15625
29 18 5 29 68 0.453125
29 45 0 29 0 0.046875
29 45 1 29 14 0.15625
29 45 2 29 47 0.0625
29 45 3 29 23 0.09375
29 45 4 29 63 0.15625
29 45 5 29 2 0.078125
29 45 6 29 55 0.046875
29 45 7 29 64 0.09375
29 45 8 29 39 0.140625
29 45 9 29 65 0.125
29 46 0 29 46 1.0
29 48 0 29 48 1.0
29 49 0 29 49 1.0
29 73 0 29 58 0.125
29 73 1 29 11 0.140625
29 73 2 29 63 0.21875
29 73 3 29 77 0.140625
29 73 4 29 5 0.140625
29 73 5 29 39 0.234375
29 74 0 29 49 0.125
29 74 1 29 17 0.03125
29 74 2 29 14 0.078125
29 74 3 29 46 0.046875
29 74 4 29 2 0.0625
29 74 5 29 72 0.1875
29 74 6 29 5 0.109375
29 74 7 29 64 0.109375
29 74 8 29 66 0.03125
29 74 9 29 39 0.09375
29 74 10 29 31 0.046875
29 74 11 29 76 0.078125
29 75 0 29 58 0.15625
29 75 1 29 49 0.125
29 75 2 29 10 0.15625
29 75 3 29 11 0.140625
29 75 4 29 2 0.15625
29 75 5 29 39 0.15625
29 75 6 29 34 0.109375
30 17 0 30 17 1.0
30 18 0 30 67 0.03125
30 18 1 30 13 0.203125
30 18 2 30 1 0.078125
30 18 3 30 70 0.203125
30 18 4 30 45 0.125
30 18 5 30 33 0.015625
30 18 6 30 24 0.15625
30 18 7 30 48 0.046875
30 18 8 30 73 0.140625
30 45 0 30 45 1.0
30 46 0 30 27 0.640625
30 46 1 30 17 0.21875
30 46 2 30 48 0.140625
30 48 0 30 48 1.0
30 49 0 30 49 1.0
30 73 0 30 73 1.0
30 74 0 30 67 0.03125
30 74 1 30 49 0.125
30 74 2 30 17 0.046875
30 74 3 30 14 0.046875
30 74 4 30 13 0.109375
30 74 5 30 59 0.078125
30 74 6 30 45 0.109375
30 74 8 30 72 0.125
30 74 9 30 31 0.078125
30 74 10 30 24 0.109375
30 74 11 30 57 0.078125
30 74 12 30 76 0.0625
30 75 0 30 38 0.140625
30 75 1 30 9 0.109375
30 75 2 30 67 0.09375
30 75 3 30 27 0.09375
30 75 4 30 49 0.078125
30 75 5 30 12 0.078125
30 75 6 30 70 0.09375
30 75 7 30 33 0.140625
30 75 8 30 62 0.078125
30 75 9 30 56 0.09375
31 17 0 31 17 1.0
31 18 0 31 58 0.109375
31 18 1 31 79 0.46875
31 18 2 31 21 0.109375
31 18 3 31 55 0.0625
31 18 4 31 24 0.25
31 45 0 31 27 0.125
31 45 1 31 79 0.15625
31 45 2 31 47 0.046875
31 45 3 31 23 0.109375
31 45 4 31 2 0.09375
31 45 5 31 30 0.078125
31 45 6 31 55 0.0625
31 45 7 31 74 0.046875
31 45 8 31 24 0.140625
31 45 9 31 4 0.140625
31 46 0 31 27 0.1875
31 46 1 31 17 0.09375
31 46 2 31 47 0.078125
31 46 3 31 29 0.078125
31 46 4 31 2 0.140625
31 46 5 31 66 0.0625
31 46 6 31 34 0.046875
31 46 7 31 74 0.0625
31 46 8 31 32 0.0625
31 46 9 31 4 0.1875
31 48 0 31 27 0.40625
31 48 1 31 17 0.078125
31 48 2 31 40 0.078125
31 48 3 31 12 0.046875
31 48 4 31 29 0.015625
31 48 5 31 30 0.28125
31 48 6 31 55 0.09375
31 49 0 31 58 0.109375
31 49 1 31 40 0.078125
31 49 2 31 47 0.0625
31 49 3 31 23 0.140625
31 49 4 31 21 0.109375
31 49 5 31 29 0.109375
31 49 6 31 56 0.0625
31 49 7 31 30 0.125
31 49 8 31 55 0.078125
31 49 9 31 66 0.078125
31 49 10 31 74 0.046875
31 73 0 31 38 0.15625
31 73 1 31 9 0.109375
31 73 2 31 58 0.0625
31 73 3 31 27 0.078125
31 73 4 31 12 0.0625
31 73 5 31 56 0.109375
31 73 6 31 30 0.109375
31 73 7 31 60 0.109375
31 73 8 31 28 0.109375
31 73 9 31 4 0.09375
31 74 0 31 74 1.0
31 75 0 31 38 0.109375
31 75 1 31 9 0.09375
31 75 2 31 58 0.078125
31 75 3 31 27 0.078125
31 75 4 31 79 0.078125
31 75 5 31 12 0.0625
31 75 6 31 2 0.078125
31 75 7 31 56 0.078125
31 75 8 31 34 0.046875
31 75 9 31 41 0.125
31 75 10 31 32 0.046875
31 75 11 31 28 0.125
32 17 0 32 78 0.09375
32 17 1 32 67 0.078125
32 17 2 32 46 0.015625
32 17 3 32 21 0.09375
32 17 4 32 43 0.046875
32 17 5 32 15 0.125
32 17 6 32 35 0.0625
32 17 7 32 64 0.109375
32 17 8 32 31 0.09375
32 17 9 32 68 0.140625
32 17 10 32 57 0.140625
32 18 0 32 67 0.03125
32 18 1 32 10 0.015625
32 18 2 32 21 0.421875
32 18 3 32 16 0.0625
32 18 4 32 75 0.21875
32 18 5 32 68 0.25
32 45 0 32 78 0.125
32 45 1 32 27 0.15625
32 45 2 32 23 0.125
32 45 3 32 43 0.046875
32 45 4 32 35 0.0625
32 45 5 32 64 0.09375
32 45 6 32 3 0.234375
32 45 7 32 65 0.15625
32 46 0 32 46 1.0
32 48 0 32 48 1.0
32 49 0 32 10 0.078125
32 49 1 32 23 0.140625
32 49 2 32 21 0.109375
32 49 3 32 15 0.125
32 49 4 32 16 0.09375
32 49 5 32 64 0.140625
32 49 6 32 66 0.078125
32 49 7 32 75 0.078125
32 49 8 32 57 0.15625
32 73 0 32 7 0.15625
32 73 1 32 67 0.15625
32 73 2 32 27 0.15625
32 73 3 32 36 0.171875
32 73 4 32 60 0.1875
32 73 5 32 28 0.171875
32 74 0 32 67 0.015625
32 74 1 32 46 0.03125
32 74 2 32 59 0.078125
32 74 3 32 72 0.375
32 74 4 32 64 0.09375
32 74 5 32 66 0.03125
32 74 6 32 31 0.03125
32 74 7 32 57 0.171875
32 74 8 32 28 0.171875
32 75 0 32 75 1.0
33 17 0 33 78 0.15625
33 17 1 33 25 0.140625
33 17 2 33 43 0.109375
33 17 3 33 15 0.1875
33 17 4 33 30 0.21875
33 17 6 33 26 0.1875
33 18 0 33 18 1.0
33 45 0 33 78 0.078125
33 45 1 33 79 0.140625
33 45 2 33 13 0.125
33 45 4 33 43 0.046875
33 45 5 33 30 0.0625
33 45 6 33 50 0.078125
33 45 8 33 3 0.140625
33 45 9 33 26 0.109375
33 45 10 33 65 0.109375
33 45 11 33 4 0.109375
33 46 0 33 78 0.140625
33 46 1 33 25 0.234375
33 46 2 33 43 0.046875
33 46 3 33 77 0.1875
33 46 4 33 15 0.21875
33 46 6 33 4 0.171875
33 48 1 33 25 0.109375
33 48 2 33 13 0.140625
33 48 3 33 18 0.015625
33 48 4 33 30 0.09375
33 48 5 33 5 0.140625
33 48 6 33 69 0.078125
33 48 7 33 3 0.140625
33 48 8 33 26 0.171875
33 48 9 33 65 0.109375
33 49 0 33 10 0.078125
33 49 1 33 13 0.21875
33 49 2 33 15 0.125
33 49 3 33 30 0.125
33 49 4 33 75 0.140625
33 49 6 33 26 0.15625
33 49 7 33 71 0.15625
33 73 0 33 8 0.109375
33 73 2 33 70 0.125
33 73 3 33 77 0.09375
33 73 4 33 30 0.109375
33 73 5 33 5 0.078125
33 73 6 33 44 0.15625
33 73 7 33 28 0.109375
33 73 8 33 26 0.125
33 73 9 33 4 0.09375
33 74 0 33 74 1.0
33 75 0 33 75 1.0
34 17 0 34 17 1.0
34 18 0 34 58 0.125
34 18 1 34 16 0.0625
34 18 2 34 50 0.328125
34 18 3 34 69 0.234375
34 18 4 34 75 0.09375
34 18 5 34 51 0.15625
34 45 0 34 14 0.125
34 45 1 34 23 0.09375
34 45 2 34 20 0.15625
34 45 3 34 63 0.125
34 45 4 34 2 0.078125
34 45 5 34 35 0.0625
34 45 6 34 50 0.09375
34 45 7 34 3 0.140625
34 45 8 34 65 0.125
34 46 0 34 46 1.0
34 48 0 34 17 0.03125
34 48 1 34 40 0.03125
34 48 2 34 14 0.15625
34 48 3 34 12 0.03125
34 48 4 34 46 0.03125
34 48 5 34 20 0.1875
34 48 7 34 16 0.09375
34 48 8 34 69 0.109375
34 48 9 34 3 0.1875
34 48 10 34 65 0.140625
34 49 0 34 58 0.109375
34 49 1 34 40 0.078125
34 49 2 34 23 0.140625
34 49 3 34 29 0.109375
34 49 4 34 62 0.109375
34 49 5 34 16 0.109375
34 49 6 34 66 0.09375
34 49 7 34 75 0.078125
34 49 8 34 71 0.171875
34 73 0 34 58 0.203125
34 73 1 34 12 0.15625
34 73 2 34 63 0.34375
34 73 3 34 36 0.296875
34 74 0 34 17 0.03125
34 74 1 34 14 0.1875
34 74 2 34 46 0.015625
34 74 3 34 20 0.328125
34 74 4 34 2 0.140625
34 74 5 34 66 0.0625
34 74 6 34 42 0.171875
34 74 7 34 31 0.0625
34 75 0 34 75 1.0
35 17 0 35 17 1.0
35 18 0 35 58 0.09375
35 18 1 35 25 0.1875
35 18 2 35 1 0.09375
35 18 3 35 21 0.109375
35 18 4 35 45 0.125
35 18 5 35 16 0.078125
35 18 6 35 55 0.046875
35 18 7 35 50 0.109375
35 18 8 35 39 0.0625
35 18 9 35 51 0.09375
35 45 0 35 45 1.0
35 46 0 35 46 1.0
35 48 0 35 17 0.046875
35 48 1 35 40 0.0625
35 48 2 35 25 0.1875
35 48 3 35 12 0.046875
35 48 4 35 46 0.203125
35 48 5 35 16 0.140625
35 48 6 35 55 0.046875
35 48 7 35 39 0.265625
35 49 0 35 58 0.109375
35 49 1 35 40 0.0625
35 49 2 35 47 0.078125
35 49 3 35 21 0.109375
35 49 4 35 15 0.109375
35 49 5 35 16 0.09375
35 49 6 35 55 0.078125
35 49 7 35 66 0.078125
35 49 8 35 39 0.125
35 49 9 35 71 0.15625
35 73 0 35 58 0.140625
35 73 1 35 7 0.1875
35 73 2 35 8 0.171875
35 73 3 35 12 0.109375
35 73 4 35 39 0.203125
35 73 5 35 36 0.1875
35 74 0 35 17 0.046875
35 74 1 35 46 0.1875
35 74 2 35 45 0.203125
35 74 3 35 66 0.09375
35 74 4 35 39 0.46875
35 75 0 35 58 0.125
35 75 1 35 25 0.140625
35 75 2 35 12 0.109375
35 75 3 35 37 0.109375
35 75 4 35 39 0.125
35 75 5 35 34 0.078125
35 75 6 35 41 0.234375
35 75 7 35 32 0.078125
36 17 0 36 54 0.125
36 17 1 36 21 0.140625
36 17 2 36 35 0.09375
36 17 3 36 56 0.15625
36 17 4 36 19 0.171875
36 17 5 36 34 0.109375
36 17 6 36 24 0.203125
36 18 0 36 79 0.21875
36 18 1 36 54 0.09375
36 18 2 36 21 0.078125
36 18 3 36 70 0.1875
36 18 4 36 39 0.0625
36 18 5 36 69 0.078125
36 18 6 36 24 0.140625
36 18 7 36 73 0.140625
36 45 0 36 79 0.1875
36 45 1 36 47 0.0625
36 45 2 36 63 0.171875
36 45 3 36 35 0.0625
36 45 4 36 39 0.15625
36 45 5 36 24 0.15625
36 45 6 36 3 0.203125
36 46 0 36 54 0.1875
36 46 1 36 47 0.0625
36 46 2 36 53 0.03125
36 46 3 36 35 0.09375
36 46 4 36 19 0.1875
36 46 5 36 39 0.3125
36 46 6 36 34 0.0625
36 46 7 36 32 0.0625
36 48 0 36 5 0.296875
36 48 1 36 39 0.34375
36 48 2 36 69 0.171875
36 48 3 36 3 0.1875
36 49 0 36 61 0.234375
36 49 1 36 47 0.09375
36 49 2 36 21 0.171875
36 49 3 36 62 0.203125
36 49 4 36 56 0.109375
36 49 5 36 39 0.1875
36 73 0 36 73 1.0
36 74 0 36 79 0.1875
36 74 1 36 59 0.109375
36 74 2 36 72 0.25
36 74 3 36 5 0.140625
36 74 4 36 39 0.125
36 74 5 36 24 0.1875
36 75 0 36 79 0.109375
36 75 1 36 11 0.078125
36 75 2 36 70 0.109375
36 75 3 36 62 0.109375
36 75 4 36 56 0.09375
36 75 5 36 39 0.09375
36 75 6 36 44 0.09375
36 75 7 36 34 0.0625
36 75 8 36 41 0.1875
36 75 9 36 32 0.0625
37 17 0 37 78 0.171875
37 17 1 37 54 0.140625
37 17 2 37 25 0.140625
37 17 3 37 20 0.234375
37 17 4 37 35 0.09375
37 17 5 37 57 0.21875
37 18 0 37 58 0.078125
37 18 1 37 54 0.078125
37 18 2 37 25 0.140625
37 18 4 37 70 0.375
37 18 5 37 45 0.0625
37 18 6 37 50 0.09375
37 18 7 37 69 0.078125
37 18 8 37 75 0.09375
37 45 0 37 45 1.0
37 46 0 37 78 0.15625
37 46 1 37 54 0.1875
37 46 2 37 25 0.234375
37 46 3 37 0 0.03125
37 46 4 37 2 0.125
37 46 5 37 35 0.0625
37 46 6 37 42 0.203125
37 48 0 37 25 0.15625
37 48 1 37 14 0.1875
37 48 2 37 12 0.015625
37 48 3 37 20 0.265625
37 48 4 37 5 0.234375
37 48 5 37 69 0.140625
37 49 0 37 61 0.3125
37 49 1 37 58 0.21875
37 49 2 37 75 0.171875
37 49 3 37 57 0.296875
37 73 0 37 58 0.09375
37 73 1 37 7 0.125
37 73 2 37 54 0.109375
37 73 3 37 12 0.0625
37 73 4 37 11 0.109375
37 73 5 37 70 0.140625
37 73 6 37 5 0.09375
37 73 7 37 60 0.140625
37 73 8 37 28 0.125
37 74 0 37 14 0.09375
37 74 1 37 20 0.09375
37 74 2 37 45 0.078125
37 74 3 37 6 0.03125
37 74 4 37 2 0.078125
37 74 5 37 5 0.125
37 74 6 37 42 0.09375
37 74 7 37 57 0.203125
37 74 8 37 28 0.203125
37 75 0 37 75 1.0
40 17 0 40 78 0.15625
40 17 1 40 29 0.109375
40 17 2 40 35 0.09375
40 17 3 40 30 0.203125
40 17 4 40 64 0.15625
40 17 5 40 34 0.109375
40 17 6 40 31 0.140625
40 17 7 40 48 0.03125
40 18 0 40 10 0.03125
40 18 1 40 0 0.015625
40 18 2 40 1 0.15625
40 18 3 40 39 0.703125
40 18 4 40 48 0.09375
40 45 0 40 78 0.125
40 45 1 40 0 0.0625
40 45 2 40 14 0.171875
40 45 3 40 63 0.171875
40 45 4 40 2 0.09375
40 45 5 40 35 0.0625
40 45 6 40 30 0.09375
40 45 7 40 64 0.109375
40 45 8 40 39 0.109375
40 46 0 40 78 0.125
40 46 1 40 0 0.03125
40 46 2 40 53 0.03125
40 46 3 40 29 0.078125
40 46 4 40 2 0.109375
40 46 5 40 77 0.15625
40 46 6 40 35 0.078125
40 46 7 40 39 0.15625
40 46 8 40 42 0.15625
40 46 9 40 34 0.046875
40 46 10 40 48 0.03125
40 48 0 40 48 1.0
40 49 0 40 49 1.0
40 73 0 40 9 0.125
40 73 1 40 11 0.078125
40 73 2 40 63 0.125
40 73 3 40 53 0.0625
40 73 4 40 77 0.09375
40 73 5 40 30 0.125
40 73 6 40 5 0.078125
40 73 7 40 39 0.078125
40 73 8 40 60 0.125
40 73 9 40 28 0.109375
40 74 0 40 49 0.109375
40 74 1 40 14 0.09375
40 74 2 40 6 0.046875
40 74 3 40 2 0.09375
40 74 4 40 5 0.125
40 74 5 40 64 0.109375
40 74 6 40 39 0.09375
40 74 7 40 42 0.109375
40 74 8 40 31 0.046875
40 74 9 40 28 0.171875
40 75 0 40 9 0.171875
40 75 1 40 49 0.078125
40 75 2 40 10 0.140625
40 75 3 40 11 0.125
40 75 4 40 2 0.125
40 75 5 40 39 0.09375
40 75 6 40 34 0.078125
40 75 7 40 28 0.1875
41 17 0 41 78 0.109375
41 17 1 41 67 0.09375
41 17 2 41 22 0.109375
41 17 3 41 21 0.109375
41 17 4 41 15 0.125
41 17 5 41 35 0.0625
41 17 6 41 19 0.125
41 17 7 41 34 0.0625
41 17 8 41 31 0.09375
41 17 9 41 26 0.109375
41 18 0 41 58 0.078125
41 18 1 41 67 0.03125
41 18 2 41 13 0.203125
41 18 3 41 22 0.109375
41 18 4 41 21 0.09375
41 18 5 41 50 0.109375
41 18 6 41 69 0.09375
41 18 7 41 75 0.15625
41 18 8 41 26 0.125
41 45 0 41 78 0.125
41 45 1 41 13 0.15625
41 45 2 41 37 0.078125
41 45 3 41 2 0.109375
41 45 4 41 35 0.0625
41 45 5 41 50 0.125
41 45 6 41 3 0.203125
41 45 7 41 26 0.140625
41 46 0 41 78 0.125
41 46 1 41 2 0.109375
41 46 2 41 77 0.15625
41 46 3 41 15 0.171875
41 46 4 41 35 0.078125
41 46 5 41 19 0.15625
41 46 6 41 42 0.15625
41 46 7 41 34 0.046875
41 48 0 41 13 0.171875
41 48 1 41 12 0.03125
41 48 2 41 22 0.171875
41 48 3 41 69 0.15625
41 48 4 41 3 0.21875
41 48 5 41 26 0.25
41 49 0 41 61 0.140625
41 49 1 41 58 0.109375
41 49 2 41 13 0.15625
41 49 3 41 22 0.109375
41 49 4 41 21 0.109375
41 49 5 41 15 0.109375
41 49 6 41 75 0.125
41 49 7 41 26 0.140625
41 73 0 41 58 0.109375
41 73 1 41 67 0.140625
41 73 2 41 8 0.125
41 73 3 41 12 0.078125
41 73 4 41 77 0.109375
41 73 5 41 36 0.140625
41 73 6 41 28 0.15625
41 73 7 41 26 0.140625
41 74 0 41 67 0.03125
41 74 1 41 13 0.203125
41 74 2 41 22 0.171875
41 74 3 41 2 0.09375
41 74 4 41 42 0.109375
41 74 5 41 31 0.046875
41 74 6 41 76 0.109375
41 74 7 41 28 0.234375
41 75 0 41 75 1.0
42 17 0 42 54 0.09375
42 17 1 42 25 0.09375
42 17 2 42 22 0.109375
42 17 3 42 46 0.109375
42 17 4 42 20 0.140625
42 17 5 42 56 0.109375
42 17 6 42 19 0.109375
42 17 7 42 34 0.046875
42 17 8 42 74 0.046875
42 17 9 42 68 0.140625
42 18 0 42 54 0.21875
42 18 1 42 25 0.296875
42 18 2 42 22 0.203125
42 18 3 42 68 0.125
42 18 4 42 51 0.15625
42 45 0 42 23 0.140625
42 45 1 42 37 0.0625
42 45 2 42 20 0.265625
42 45 3 42 2 0.109375
42 45 4 42 74 0.0625
42 45 5 42 65 0.1875
42 45 6 42 4 0.171875
42 46 0 42 46 1.0
42 48 0 42 40 0.078125
42 48 1 42 25 0.1875
42 48 2 42 22 0.1875
42 48 3 42 46 0.25
42 48 4 42 20 0.15625
42 48 5 42 65 0.140625
42 49 0 42 61 0.203125
42 49 1 42 40 0.09375
42 49 2 42 23 0.203125
42 49 3 42 22 0.15625
42 49 4 42 62 0.171875
42 49 5 42 56 0.09375
42 49 6 42 74 0.078125
42 73 0 42 7 0.125
42 73 1 42 54 0.171875
42 73 2 42 8 0.15625
42 73 3 42 53 0.09375
42 73 4 42 77 0.125
42 73 5 42 56 0.171875
42 73 6 42 4 0.15625
42 74 0 42 74 1.0
42 75 0 42 25 0.125
42 75 1 42 22 0.109375
42 75 2 42 37 0.125
42 75 3 42 2 0.125
42 75 4 42 62 0.15625
42 75 5 42 56 0.125
42 75 6 42 34 0.078125
42 75 7 42 41 0.15625
43 17 0 43 17 1.0
43 18 0 43 10 0.03125
43 18 1 43 0 0.015625
43 18 2 43 22 0.5625
43 18 3 43 45 0.078125
43 18 4 43 33 0.015625
43 18 5 43 39 0.125
43 18 6 43 51 0.171875
43 45 0 43 45 1.0
43 46 0 43 46 1.0
43 48 0 43 27 0.09375
43 48 1 43 17 0.03125
43 48 2 43 10 0.015625
43 48 3 43 14 0.125
43 48 4 43 22 0.078125
43 48 5 43 46 0.03125
43 48 6 43 20 0.140625
43 48 7 43 5 0.125
43 48 8 43 39 0.140625
43 48 9 43 3 0.125
43 48 11 43 65 0.09375
43 49 0 43 10 0.125
43 49 1 43 47 0.109375
43 49 2 43 22 0.125
43 49 3 43 15 0.1875
43 49 4 43 39 0.203125
43 49 5 43 71 0.25
43 73 0 43 27 0.140625
43 73 1 43 8 0.125
43 73 2 43 11 0.109375
43 73 3 43 53 0.09375
43 73 4 43 77 0.109375
43 73 5 43 5 0.109375
43 73 6 43 39 0.140625
43 73 7 43 44 0.171875
43 74 0 43 17 0.015625
43 74 1 43 14 0.125
43 74 2 43 22 0.171875
43 74 3 43 46 0.03125
43 74 4 43 20 0.171875
43 74 5 43 45 0.0625
43 74 6 43 2 0.09375
43 74 8 43 5 0.171875
43 74 9 43 39 0.15625
43 75 0 43 27 0.109375
43 75 1 43 10 0.109375
43 75 2 43 22 0.078125
43 75 3 43 11 0.109375
43 75 4 43 2 0.125
43 75 5 43 33 0.203125
43 75 6 43 39 0.09375
43 75 7 43 44 0.09375
43 75 8 43 32 0.078125
44 17 0 44 54 0.125
44 17 1 44 21 0.140625
44 17 2 44 20 0.203125
44 17 3 44 43 0.09375
44 17 4 44 56 0.125
44 17 5 44 55 0.125
44 17 6 44 26 0.1875
44 18 0 44 54 0.109375
44 18 1 44 21 0.09375
44 18 2 44 33 0.015625
44 18 3 44 16 0.078125
44 18 4 44 55 0.0625
44 18 5 44 50 0.109375
44 18 6 44 39 0.078125
44 18 7 44 75 0.125
44 18 8 44 26 0.140625
44 18 9 44 73 0.1875
44 45 0 44 27 0.109375
44 45 1 44 23 0.09375
44 45 2 44 20 0.171875
44 45 3 44 43 0.046875
44 45 4 44 2 0.078125
44 45 5 44 55 0.046875
44 45 6 44 50 0.09375
44 45 7 44 39 0.125
44 45 8 44 26 0.125
44 45 9 44 65 0.109375
44 46 0 44 27 0.140625
44 46 1 44 54 0.125
44 46 2 44 53 0.03125
44 46 3 44 43 0.0625
44 46 4 44 2 0.109375
44 46 5 44 77 0.125
44 46 6 44 16 0.125
44 46 7 44 39 0.28125
44 48 0 44 27 0.125
44 48 1 44 20 0.140625
44 48 2 44 16 0.140625
44 48 3 44 55 0.078125
44 48 4 44 39 0.21875
44 48 5 44 26 0.171875
44 48 6 44 65 0.125
44 49 0 44 61 0.109375
44 49 1 44 23 0.109375
44 49 2 44 21 0.09375
44 49 3 44 62 0.078125
44 49 4 44 56 0.046875
44 49 5 44 16 0.078125
44 49 6 44 55 0.0625
44 49 7 44 39 0.109375
44 49 8 44 75 0.0625
44 49 9 44 26 0.140625
44 49 10 44 71 0.109375
44 73 0 44 73 1.0
44 74 0 44 20 0.1875
44 74 1 44 2 0.1875
44 74 3 44 39 0.28125
44 74 4 44 28 0.34375
44 75 0 44 75 1.0
46 17 0 46 17 1.0
46 18 0 46 54 0.15625
46 18 1 46 25 0.28125
46 18 3 46 16 0.0625
46 18 4 46 39 0.09375
46 18 5 46 68 0.078125
46 18 6 46 51 0.125
46 18 7 46 48 0.203125
46 45 0 46 78 0.09375
46 45 1 46 27 0.140625
46 45 2 46 0 0.0625
46 45 3 46 47 0.046875
46 45 4 46 43 0.046875
46 45 5 46 2 0.09375
46 45 6 46 35 0.078125
46 45 7 46 39 0.171875
46 45 8 46 74 0.109375
46 45 9 46 4 0.15625
46 48 0 46 48 1.0
46 49 0 46 47 0.0625
46 49 1 46 29 0.140625
46 49 2 46 15 0.15625
46 49 3 46 16 0.125
46 49 4 46 66 0.078125
46 49 5 46 39 0.203125
46 49 6 46 74 0.109375
46 49 7 46 48 0.125
46 73 0 46 27 0.171875
46 73 1 46 54 0.1875
46 73 2 46 53 0.09375
46 73 3 46 77 0.140625
46 73 4 46 39 0.234375
46 73 5 46 4 0.171875
46 74 0 46 74 1.0
46 75 0 46 27 0.1875
46 75 1 46 25 0.1875
46 75 2 46 2 0.1875
46 75 3 46 39 0.203125
46 75 4 46 34 0.109375
46 75 5 46 32 0.125
47 17 0 47 78 0.09375
47 17 1 47 54 0.09375
47 17 2 47 22 0.109375
47 17 3 47 46 0.046875
47 17 4 47 29 0.078125
47 17 5 47 43 0.078125
47 17 6 47 35 0.078125
47 17 7 47 31 0.09375
47 17 8 47 68 0.171875
47 17 9 47 24 0.15625
47 18 0 47 58 0.078125
47 18 1 47 54 0.078125
47 18 3 47 13 0.28125
47 18 4 47 22 0.109375
47 18 5 47 45 0.0625
47 18 6 47 50 0.09375
47 18 7 47 68 0.0625
47 18 8 47 24 0.15625
47 18 9 47 51 0.078125
47 45 0 47 45 1.0
47 46 0 47 46 1.0
47 48 0 47 27 0.15625
47 48 1 47 49 0.09375
47 48 2 47 13 0.171875
47 48 3 47 12 0.015625
47 48 4 47 22 0.140625
47 48 5 47 46 0.03125
47 48 7 47 3 0.234375
47 48 8 47 65 0.15625
47 49 0 47 49 1.0
47 73 0 47 58 0.125
47 73 1 47 27 0.15625
47 73 2 47 54 0.1875
47 73 3 47 12 0.09375
47 73 4 47 53 0.109375
47 73 5 47 36 0.1875
47 73 6 47 4 0.140625
47 74 0 47 49 0.0625
47 74 1 47 13 0.25
47 74 2 47 22 0.15625
47 74 3 47 46 0.03125
47 74 4 47 59 0.09375
47 74 5 47 45 0.078125
47 74 6 47 31 0.03125
47 74 7 47 24 0.203125
47 74 8 47 76 0.09375
47 75 0 47 58 0.234375
47 75 1 47 27 0.234375
47 75 2 47 49 0.125
47 75 3 47 12 0.203125
47 75 4 47 22 0.203125
52 17 0 52 67 0.1875
52 17 1 52 25 0.203125
52 17 2 52 22 0.234375
52 17 3 52 55 0.1875
52 17 4 52 31 0.1875
52 18 0 52 67 0.0625
52 18 1 52 10 0.046875
52 18 2 52 25 0.171875
52 18 3 52 22 0.125
52 18 4 52 1 0.078125
52 18 5 52 70 0.234375
52 18 6 52 55 0.0625
52 18 7 52 69 0.109375
52 18 8 52 51 0.109375
52 45 0 52 23 0.28125
52 45 1 52 37 0.109375
52 45 2 52 55 0.140625
52 45 3 52 3 0.46875
52 46 0 52 25 0.28125
52 46 1 52 53 0.0625
52 46 2 52 77 0.25
52 46 3 52 66 0.140625
52 46 4 52 51 0.265625
52 48 0 52 40 0.078125
52 48 1 52 10 0.03125
52 48 2 52 25 0.171875
52 48 3 52 22 0.15625
52 48 4 52 55 0.09375
52 48 5 52 5 0.1875
52 48 6 52 69 0.140625
52 48 7 52 3 0.140625
52 49 0 52 40 0.09375
52 49 1 52 10 0.125
52 49 2 52 23 0.203125
52 49 3 52 22 0.15625
52 49 4 52 62 0.1875
52 49 5 52 55 0.109375
52 49 6 52 66 0.125
52 73 0 52 9 0.125
52 73 1 52 67 0.109375
52 73 2 52 8 0.109375
52 73 3 52 53 0.0625
52 73 4 52 70 0.140625
52 73 5 52 77 0.109375
52 73 6 52 5 0.09375
52 73 7 52 44 0.15625
52 73 8 52 36 0.09375
52 74 0 52 67 0.0625
52 74 1 52 22 0.203125
52 74 2 52 6 0.078125
52 74 3 52 72 0.28125
52 74 4 52 5 0.171875
52 74 5 52 66 0.109375
52 74 6 52 31 0.09375
52 75 0 52 9 0.140625
52 75 1 52 67 0.109375
52 75 2 52 10 0.109375
52 75 3 52 25 0.109375
52 75 4 52 22 0.09375
52 75 5 52 37 0.109375
52 75 6 52 70 0.109375
52 75 7 52 62 0.125
52 75 8 52 44 0.09375
53 17 0 53 78 0.1875
53 17 1 53 67 0.15625
53 17 2 53 46 0.03125
53 17 3 53 43 0.09375
53 17 4 53 19 0.234375
53 17 5 53 64 0.171875
53 17 6 53 26 0.125
53 18 0 53 67 0.03125
53 18 1 53 10 0.015625
53 18 3 53 1 0.078125
53 18 4 53 39 0.078125
53 18 5 53 69 0.25
53 18 6 53 26 0.421875
53 18 7 53 73 0.125
53 45 0 53 78 0.140625
53 45 1 53 0 0.0625
53 45 2 53 14 0.203125
53 45 3 53 47 0.046875
53 45 4 53 23 0.140625
53 45 5 53 43 0.046875
53 45 6 53 64 0.09375
53 45 7 53 39 0.140625
53 45 8 53 26 0.125
53 46 0 53 46 1.0
53 48 0 53 40 0.03125
53 48 1 53 10 0.015625
53 48 2 53 14 0.1875
53 48 3 53 46 0.03125
53 48 4 53 64 0.15625
53 48 5 53 39 0.28125
53 48 6 53 69 0.125
53 48 7 53 26 0.171875
53 49 0 53 61 0.15625
53 49 1 53 40 0.078125
53 49 2 53 10 0.09375
53 49 3 53 47 0.046875
53 49 4 53 23 0.140625
53 49 5 53 64 0.125
53 49 6 53 39 0.109375
53 49 7 53 26 0.09375
53 49 8 53 71 0.15625
53 73 0 53 73 1.0
53 74 0 53 67 0.015625
53 74 1 53 14 0.140625
53 74 2 53 46 0.03125
53 74 3 53 59 0.140625
53 74 4 53 64 0.203125
53 74 5 53 39 0.171875
53 74 6 53 42 0.140625
53 74 7 53 76 0.15625
53 75 0 53 67 0.28125
53 75 1 53 10 0.265625
53 75 2 53 39 0.203125
53 75 3 53 44 0.25
54 17 0 54 17 1.0
54 18 0 54 18 1.0
54 45 0 54 0 0.109375
54 45 1 54 47 0.078125
54 45 2 54 18 0.109375
54 45 3 54 37 0.078125
54 45 4 54 24 0.34375
54 45 5 54 4 0.28125
54 46 0 54 46 1.0
54 48 0 54 17 0.078125
54 48 1 54 25 0.203125
54 48 2 54 12 0.0625
54 48 3 54 22 0.1875
54 48 4 54 18 0.234375
54 48 5 54 46 0.234375
54 49 0 54 61 0.234375
54 49 1 54 58 0.1875
54 49 2 54 47 0.078125
54 49 3 54 22 0.1875
54 49 4 54 62 0.203125
54 49 5 54 56 0.109375
54 73 0 54 73 1.0
54 74 0 54 17 0.0625
54 74 1 54 22 0.15625
54 74 2 54 46 0.171875
54 74 3 54 59 0.109375
54 74 4 54 42 0.15625
54 74 5 54 24 0.171875
54 74 6 54 28 0.171875
54 75 0 54 38 0.125
54 75 1 54 58 0.078125
54 75 2 54 25 0.078125
54 75 3 54 12 0.0625
54 75 4 54 22 0.078125
54 75 5 54 18 0.03125
54 75 6 54 37 0.078125
54 75 7 54 70 0.078125
54 75 8 54 62 0.09375
54 75 9 54 56 0.09375
54 75 10 54 44 0.078125
54 75 11 54 28 0.125
55 17 0 55 17 1.0
55 18 0 55 18 1.0
55 45 0 55 45 1.0
55 46 0 55 17 0.078125
55 46 1 55 29 0.078125
55 46 2 55 2 0.140625
55 46 3 55 35 0.1875
55 46 4 55 16 0.15625
55 46 5 55 66 0.09375
55 46 6 55 4 0.21875
55 46 7 55 48 0.046875
55 48 0 55 48 1.0
55 49 0 55 49 1.0
55 73 0 55 7 0.125
55 73 1 55 67 0.109375
55 73 2 55 18 0.03125
55 73 3 55 11 0.09375
55 73 4 55 70 0.15625
55 73 5 55 44 0.15625
55 73 6 55 26 0.21875
55 73 7 55 4 0.109375
55 74 0 55 67 0.03125
55 74 1 55 49 0.109375
55 74 2 55 17 0.03125
55 74 3 55 79 0.171875
55 74 4 55 20 0.09375
55 74 5 55 45 0.109375
55 74 6 55 2 0.09375
55 74 7 55 66 0.046875
55 74 8 55 31 0.0625
55 74 9 55 57 0.15625
55 74 10 55 76 0.09375
55 75 0 55 67 0.15625
55 75 1 55 49 0.078125
55 75 2 55 79 0.171875
55 75 3 55 18 0.03125
55 75 4 55 11 0.140625
55 75 5 55 70 0.15625
55 75 6 55 2 0.140625
55 75 7 55 44 0.125
56 17 0 56 17 1.0
56 18 0 56 58 0.09375
56 18 1 56 67 0.03125
56 18 2 56 54 0.125
56 18 3 56 1 0.09375
56 18 4 56 75 0.203125
56 18 5 56 51 0.125
56 18 6 56 73 0.328125
56 45 0 56 78 0.171875
56 45 1 56 23 0.15625
56 45 2 56 2 0.140625
56 45 3 56 30 0.140625
56 45 4 56 64 0.140625
56 45 5 56 4 0.25
56 46 0 56 78 0.125
56 46 1 56 17 0.078125
56 46 2 56 54 0.125
56 46 3 56 2 0.09375
56 46 4 56 19 0.140625
56 46 5 56 42 0.140625
56 46 6 56 51 0.15625
56 46 7 56 4 0.140625
56 48 0 56 49 0.375
56 48 1 56 17 0.046875
56 48 2 56 30 0.1875
56 48 3 56 64 0.390625
56 49 0 56 49 1.0
56 73 0 56 73 1.0
56 74 0 56 67 0.0625
56 74 1 56 49 0.15625
56 74 2 56 17 0.046875
56 74 3 56 59 0.15625
56 74 4 56 2 0.140625
56 74 5 56 64 0.21875
56 74 6 56 42 0.140625
56 74 7 56 31 0.078125
56 75 0 56 75 1.0
66 17 0 66 38 0.203125
66 17 1 66 46 0.078125
66 17 2 66 21 0.125
66 17 3 66 29 0.078125
66 17 4 66 35 0.078125
66 17 5 66 55 0.09375
66 17 6 66 34 0.046875
66 17 7 66 31 0.125
66 17 8 66 74 0.03125
66 17 9 66 26 0.140625
66 18 0 66 13 0.328125
66 18 1 66 1 0.078125
66 18 2 66 21 0.109375
66 18 3 66 55 0.0625
66 18 4 66 50 0.125
66 18 5 66 69 0.125
66 18 6 66 26 0.171875
66 45 0 66 13 0.3125
66 45 1 66 35 0.078125
66 45 2 66 55 0.09375
66 45 3 66 50 0.1875
66 45 4 66 74 0.046875
66 45 5 66 26 0.28125
66 46 0 66 46 1.0
66 48 0 66 49 0.25
66 48 1 66 13 0.125
66 48 2 66 12 0.03125
66 48 3 66 46 0.125
66 48 5 66 55 0.0625
66 48 6 66 5 0.140625
66 48 7 66 69 0.109375
66 48 9 66 26 0.15625
66 49 0 66 49 1.0
66 73 0 66 38 0.171875
66 73 1 66 9 0.140625
66 73 2 66 12 0.078125
66 73 3 66 11 0.09375
66 73 4 66 5 0.09375
66 73 5 66 60 0.140625
66 73 6 66 28 0.140625
66 73 7 66 26 0.140625
66 74 0 66 74 1.0
66 75 0 66 38 0.171875
66 75 1 66 9 0.171875
66 75 2 66 49 0.078125
66 75 3 66 12 0.109375
66 75 4 66 11 0.125
66 75 5 66 34 0.078125
66 75 6 66 32 0.078125
66 75 7 66 28 0.1875
67 17 0 67 17 1.0
67 18 0 67 18 1.0
67 45 0 67 78 0.234375
67 45 1 67 18 0.046875
67 45 2 67 30 0.171875
67 45 3 67 55 0.09375
67 45 4 67 50 0.234375
67 45 5 67 64 0.1875
67 45 6 67 74 0.03125
67 46 0 67 78 0.28125
67 46 1 67 17 0.09375
67 46 2 67 53 0.03125
67 46 3 67 19 0.46875
67 46 4 67 74 0.03125
67 46 5 67 32 0.09375
67 48 0 67 17 0.03125
67 48 1 67 12 0.078125
67 48 2 67 22 0.3125
67 48 3 67 18 0.046875
67 48 4 67 30 0.171875
67 48 5 67 55 0.046875
67 48 6 67 64 0.3125
67 49 0 67 22 0.109375
67 49 1 67 21 0.078125
67 49 2 67 56 0.0625
67 49 3 67 30 0.125
67 49 4 67 55 0.078125
67 49 5 67 64 0.140625
67 49 6 67 75 0.09375
67 49 7 67 74 0.015625
67 49 8 67 57 0.15625
67 49 9 67 71 0.140625
67 73 0 67 73 1.0
67 74 0 67 74 1.0
67 75 0 67 75 1.0
