1_325_1000_240_0_0 60 180 0.672957 0.165984 0.704001 9.99274 1097.58 2.75002
1_325_1000_240_0_0 60 180 120 3989946 106469673000 26684.5 33249.6 887247275 2.36642e+09
1_325_1000_240_1_1 60 180 0.672957 0.165984 0.704001 9.99274 1097.58 2.75002
1_325_1000_240_1_1 60 180 120 3989946 106469673000 26684.5 33249.6 887247275 2.36642e+09
1_325_1000_240_2_2 60 180 0.669611 0.166449 0.703601 9.97612 1098.3 2.73592
1_325_1000_240_2_2 60 180 120 3990288 106476799500 26684 33252.4 8.87307e+08 2.36912e+09
1_325_1000_240_3_3 60 180 0.656355 0.166088 0.708866 10.0926 570.509 2.81435
1_325_1000_240_3_3 60 180 120 3990250 106528317000 26697.2 33252.1 887735975 2.3415e+09
1_325_1000_240_4_4 60 180 0.671948 0.166231 0.705616 10.0226 1079.85 2.75288
1_325_1000_240_4_4 60 180 120 3990842 106457508000 26675.5 33257 887145900 2.31697e+09
1_325_1000_240_5_5 60 180 0.673115 0.165857 0.705339 10.0304 569.645 2.75305
1_325_1000_240_5_5 60 180 120 3990107 106438755000 26675.7 33250.9 886989625 2.39896e+09
1_325_1000_240_6_6 60 180 0.684189 0.166342 0.707694 10.0735 579.253 2.79465
1_325_1000_240_6_6 60 180 120 3989957 106413558000 26670.4 33249.6 886779650 2.37238e+09
1_325_1000_240_7_7 60 180 0.651606 0.166599 0.708956 10.0013 577.403 2.7725
1_325_1000_240_7_7 60 180 120 3990198 106444668000 26676.5 33251.7 887038900 2.32401e+09
1_325_1000_240_8_8 60 180 0.675068 0.16654 0.701897 9.9041 1081.16 2.69037
1_325_1000_240_8_8 60 180 120 3990299 106468461000 26681.8 33252.5 887237175 2.30919e+09
1_325_1000_240_9_9 60 180 0.667246 0.166412 0.712229 10.1059 602.172 2.84038
1_325_1000_240_9_9 60 180 120 3990386 106470406500 26681.7 33253.2 8.87253e+08 2.35628e+09
