1_475_1000_100_0_0 25 75 0.625269 0.270186 1.35307 9.97099 254.898 4.46925
1_475_1000_100_0_0 25 75 50 1739272 60621513000 34854.5 34785.4 1212430260 8.92823e+09
1_475_1000_100_1_1 25 75 0.625269 0.270186 1.35307 9.97099 254.898 4.46925
1_475_1000_100_1_1 25 75 50 1739272 60621513000 34854.5 34785.4 1212430260 8.92823e+09
1_475_1000_100_2_2 25 75 0.616371 0.267041 1.28938 9.94203 163.49 4.36173
1_475_1000_100_2_2 25 75 50 1739306 60688138500 34892.2 34786.1 1213762770 9.11514e+09
1_475_1000_100_3_3 25 75 0.622268 0.269432 1.3213 9.99358 181.568 4.43481
1_475_1000_100_3_3 25 75 50 1740973 60843375000 34947.9 34819.5 1216867500 8.95006e+09
1_475_1000_100_4_4 25 75 0.614781 0.266479 1.28342 9.94438 243.257 4.33423
1_475_1000_100_4_4 25 75 50 1739411 60893422500 35008.1 34788.2 1217868450 9.19944e+09
1_475_1000_100_5_5 25 75 0.613351 0.265624 1.29205 9.91909 222.376 4.34177
1_475_1000_100_5_5 25 75 50 1740206 60518730000 34776.8 34804.1 1210374600 8.85806e+09
1_475_1000_100_6_6 25 75 0.616655 0.266124 1.29175 9.97795 154.561 4.3635
1_475_1000_100_6_6 25 75 50 1740038 60744376500 34909.8 34800.8 1214887530 8.98328e+09
1_475_1000_100_7_7 25 75 0.61364 0.268219 1.30115 9.88606 170.021 4.32808
1_475_1000_100_7_7 25 75 50 1738812 60467823000 34775.4 34776.2 1209356460 8.95378e+09
1_475_1000_100_8_8 25 75 0.61801 0.266867 1.30275 9.95322 150.018 4.37422
1_475_1000_100_8_8 25 75 50 1739661 60609132000 34839.6 34793.2 1212182640 9.06478e+09
1_475_1000_100_9_9 25 75 0.615373 0.267279 1.31933 9.92058 160.037 4.38186
1_475_1000_100_9_9 25 75 50 1739271 60769362000 34939.6 34785.4 1215387240 8.91279e+09
