21_0_0_640_0_0 160 480 0.495285 0.143567 0.74831 9.79099 574.157 3.51967
21_0_0_640_0_0 160 480 320 871764 30548040000 35041.6 2724.26 95462625 6.13897e+08
21_0_0_640_1_1 160 480 0.495285 0.143567 0.74831 9.79099 574.157 3.51967
21_0_0_640_1_1 160 480 320 871764 30548040000 35041.6 2724.26 95462625 6.13897e+08
21_0_0_640_2_2 160 480 0.459141 0.142319 0.716273 9.33089 368.346 3.23369
21_0_0_640_2_2 160 480 320 871191 30511926000 35023.2 2722.47 9.53498e+07 5.08119e+08
21_0_0_640_3_3 160 480 0.444428 0.144574 0.738635 9.47809 393.821 3.34461
21_0_0_640_3_3 160 480 320 871620 30631677000 35143.4 2723.81 9.5724e+07 5.23675e+08
21_0_0_640_4_4 160 480 0.463803 0.142437 0.720534 9.42097 631.152 3.30332
21_0_0_640_4_4 160 480 320 871259 30590379000 35110.5 2722.68 9.55949e+07 5.29713e+08
21_0_0_640_5_5 160 480 0.47892 0.142827 0.727893 9.34688 619.027 3.29376
21_0_0_640_5_5 160 480 320 870736 30418954500 34934.8 2721.05 9.50592e+07 5.2565e+08
21_0_0_640_6_6 160 480 0.482359 0.143918 0.738315 9.50267 559.642 3.38507
21_0_0_640_6_6 160 480 320 870677 30495315000 35024.8 2720.87 9.52979e+07 5.46764e+08
21_0_0_640_7_7 160 480 0.528645 0.142379 0.707767 9.32483 668.618 3.20418
21_0_0_640_7_7 160 480 320 870340 30532125000 35080.7 2719.81 9.54129e+07 5.62044e+08
21_0_0_640_8_8 160 480 0.452075 0.143478 0.735771 9.49266 420.074 3.38083
21_0_0_640_8_8 160 480 320 870274 30373321500 34900.9 2719.61 9.49166e+07 5.02808e+08
21_0_0_640_9_9 160 480 0.540796 0.144367 0.762468 9.81358 631.079 3.56314
21_0_0_640_9_9 160 480 320 871166 30568474500 35089.2 2722.39 9.55265e+07 6.04945e+08
