2 7 2 2 55 0.015625
2 7 3 2 44 0.015625
2 7 4 2 68 0.015625
2 7 14 2 72 0.015625
2 7 17 2 20 0.015625
2 7 19 2 20 0.015625
2 7 20 2 10 0.015625
2 7 26 2 44 0.015625
2 7 28 2 44 0.015625
2 7 29 2 34 0.015625
2 7 37 2 41 0.015625
2 7 38 2 74 0.015625
2 7 41 2 68 0.015625
2 7 42 2 68 0.015625
2 7 43 2 68 0.015625
2 7 44 2 68 0.015625
2 7 45 2 68 0.015625
2 7 52 2 45 0.015625
2 7 54 2 45 0.015625
2 7 56 2 1 0.015625
2 7 57 2 39 0.015625
2 7 60 2 56 0.015625
2 7 61 2 42 0.015625
2 7 62 2 72 0.015625
2 7 63 2 72 0.015625
2 7 64 2 72 0.015625
2 7 65 2 72 0.015625
2 7 66 2 72 0.015625
2 7 71 2 20 0.015625
2 7 72 2 20 0.015625
2 7 74 2 10 0.015625
2 7 78 2 44 0.015625
2 7 79 2 44 0.015625
2 7 80 2 44 0.015625
2 7 84 2 69 0.015625
2 7 86 2 75 0.015625
2 7 88 2 75 0.015625
2 7 89 2 43 0.015625
2 7 94 2 63 0.015625
2 7 95 2 63 0.015625
2 7 97 2 41 0.015625
2 7 98 2 41 0.015625
2 7 99 2 74 0.015625
2 7 101 2 74 0.015625
2 7 102 2 74 0.015625
2 7 104 2 68 0.015625
2 7 105 2 68 0.015625
2 7 107 2 11 0.015625
2 7 110 2 45 0.015625
2 7 118 2 39 0.015625
2 7 120 2 46 0.015625
2 7 121 2 72 0.015625
2 7 124 2 20 0.015625
2 7 125 2 10 0.015625
2 7 133 2 43 0.015625
2 7 136 2 41 0.015625
2 7 138 2 74 0.015625
2 7 139 2 74 0.015625
2 7 140 2 11 0.015625
2 7 142 2 1 0.015625
2 7 146 2 20 0.015625
2 7 149 2 41 0.015625
2 7 150 2 74 0.015625
2 7 151 2 11 0.015625
2 24 0 2 24 0.015625
2 24 4 2 11 0.015625
2 24 5 2 45 0.015625
2 24 15 2 72 0.015625
2 24 20 2 20 0.015625
2 24 21 2 20 0.015625
2 24 27 2 75 0.015625
2 24 30 2 63 0.015625
2 24 33 2 41 0.015625
2 24 37 2 68 0.015625
2 24 38 2 68 0.015625
2 24 39 2 68 0.015625
2 24 42 2 45 0.015625
2 24 43 2 45 0.015625
2 24 46 2 39 0.015625
2 24 48 2 39 0.015625
2 24 49 2 46 0.015625
2 24 53 2 72 0.015625
2 24 54 2 72 0.015625
2 24 55 2 72 0.015625
2 24 56 2 72 0.015625
2 24 59 2 40 0.015625
2 24 60 2 20 0.015625
2 24 61 2 20 0.015625
2 24 62 2 20 0.015625
2 24 63 2 20 0.015625
2 24 67 2 25 0.015625
2 24 71 2 44 0.015625
2 24 72 2 44 0.015625
2 24 74 2 44 0.015625
2 24 75 2 44 0.015625
2 24 76 2 44 0.015625
2 24 78 2 69 0.015625
2 24 79 2 69 0.015625
2 24 81 2 75 0.015625
2 24 83 2 43 0.015625
2 24 84 2 43 0.015625
2 24 88 2 41 0.015625
2 24 89 2 41 0.015625
2 24 90 2 74 0.015625
2 24 91 2 74 0.015625
2 24 92 2 74 0.015625
2 24 93 2 74 0.015625
2 24 94 2 68 0.015625
2 24 97 2 68 0.015625
2 24 98 2 11 0.015625
2 24 102 2 46 0.015625
2 24 106 2 20 0.015625
2 24 110 2 29 0.015625
2 24 111 2 25 0.015625
2 24 112 2 44 0.015625
2 24 113 2 34 0.015625
2 24 115 2 34 0.015625
2 24 116 2 75 0.015625
2 24 117 2 75 0.015625
2 24 120 2 41 0.015625
2 24 121 2 37 0.015625
2 24 125 2 39 0.015625
2 24 126 2 46 0.015625
2 24 128 2 72 0.015625
2 24 132 2 10 0.015625
2 24 133 2 44 0.015625
2 24 134 2 69 0.015625
2 24 135 2 68 0.015625
2 32 5 2 68 0.015625
2 32 10 2 42 0.015625
2 32 15 2 20 0.015625
2 32 21 2 44 0.015625
2 32 24 2 43 0.015625
2 32 27 2 41 0.015625
2 32 29 2 74 0.015625
2 32 31 2 74 0.015625
2 32 32 2 68 0.015625
2 32 33 2 68 0.015625
2 32 34 2 68 0.015625
2 32 35 2 68 0.015625
2 32 37 2 11 0.015625
2 32 45 2 45 0.015625
2 32 46 2 45 0.015625
2 32 47 2 1 0.015625
2 32 49 2 39 0.015625
2 32 51 2 46 0.015625
2 32 59 2 72 0.015625
2 32 60 2 72 0.015625
2 32 61 2 72 0.015625
2 32 62 2 72 0.015625
2 32 64 2 72 0.015625
2 32 65 2 72 0.015625
2 32 67 2 55 0.015625
2 32 70 2 20 0.015625
2 32 71 2 20 0.015625
2 32 72 2 20 0.015625
2 32 73 2 20 0.015625
2 32 74 2 20 0.015625
2 32 78 2 25 0.015625
2 32 81 2 44 0.015625
2 32 82 2 44 0.015625
2 32 83 2 34 0.015625
2 32 91 2 41 0.015625
2 32 92 2 41 0.015625
2 32 94 2 41 0.015625
2 32 96 2 74 0.015625
2 32 98 2 74 0.015625
2 32 99 2 74 0.015625
2 32 100 2 68 0.015625
2 32 101 2 68 0.015625
2 32 102 2 68 0.015625
2 32 103 2 68 0.015625
2 32 104 2 37 0.015625
2 32 110 2 45 0.015625
2 32 111 2 45 0.015625
2 32 112 2 45 0.015625
2 32 113 2 45 0.015625
2 32 115 2 1 0.015625
2 32 119 2 46 0.015625
2 32 123 2 20 0.015625
2 32 124 2 20 0.015625
2 32 125 2 10 0.015625
2 32 135 2 41 0.015625
2 32 136 2 74 0.015625
2 32 137 2 74 0.015625
2 32 141 2 45 0.015625
2 32 143 2 39 0.015625
2 32 144 2 46 0.015625
2 32 149 2 44 0.015625
2 32 152 2 37 0.015625
2 32 153 2 11 0.015625
2 32 154 2 11 0.015625
2 35 0 2 1 0.015625
2 35 3 2 55 0.015625
2 35 7 2 41 0.015625
2 35 9 2 45 0.015625
2 35 12 2 46 0.015625
2 35 21 2 72 0.015625
2 35 23 2 20 0.015625
2 35 25 2 10 0.015625
2 35 28 2 44 0.015625
2 35 30 2 44 0.015625
2 35 32 2 69 0.015625
2 35 38 2 41 0.015625
2 35 39 2 41 0.015625
2 35 42 2 68 0.015625
2 35 43 2 68 0.015625
2 35 44 2 68 0.015625
2 35 45 2 68 0.015625
2 35 49 2 11 0.015625
2 35 52 2 45 0.015625
2 35 53 2 1 0.015625
2 35 58 2 72 0.015625
2 35 59 2 72 0.015625
2 35 60 2 72 0.015625
2 35 61 2 72 0.015625
2 35 62 2 72 0.015625
2 35 63 2 72 0.015625
2 35 64 2 55 0.015625
2 35 68 2 20 0.015625
2 35 70 2 20 0.015625
2 35 71 2 20 0.015625
2 35 72 2 20 0.015625
2 35 75 2 29 0.015625
2 35 76 2 29 0.015625
2 35 78 2 25 0.015625
2 35 79 2 44 0.015625
2 35 81 2 44 0.015625
2 35 82 2 44 0.015625
2 35 87 2 43 0.015625
2 35 89 2 63 0.015625
2 35 92 2 41 0.015625
2 35 94 2 74 0.015625
2 35 97 2 74 0.015625
2 35 98 2 74 0.015625
2 35 99 2 74 0.015625
2 35 100 2 74 0.015625
2 35 101 2 68 0.015625
2 35 102 2 68 0.015625
2 35 103 2 68 0.015625
2 35 104 2 68 0.015625
2 35 105 2 68 0.015625
2 35 107 2 11 0.015625
2 35 113 2 45 0.015625
2 35 114 2 42 0.015625
2 35 116 2 72 0.015625
2 35 117 2 20 0.015625
2 35 121 2 75 0.015625
2 35 122 2 75 0.015625
2 35 123 2 43 0.015625
2 35 125 2 41 0.015625
2 35 126 2 74 0.015625
2 35 132 2 44 0.015625
2 35 134 2 41 0.015625
2 35 135 2 74 0.015625
2 35 136 2 11 0.015625
3 7 1 3 60 0.015625
3 7 11 3 41 0.015625
3 7 12 3 34 0.015625
3 7 13 3 34 0.015625
3 7 14 3 34 0.015625
3 7 17 3 36 0.015625
3 7 20 3 60 0.015625
3 7 22 3 62 0.015625
3 7 23 3 62 0.015625
3 7 24 3 63 0.015625
3 7 27 3 43 0.015625
3 7 28 3 43 0.015625
3 7 31 3 45 0.015625
3 7 32 3 45 0.015625
3 7 34 3 45 0.015625
3 7 35 3 45 0.03125
3 7 37 3 5 0.015625
3 7 41 3 26 0.015625
3 7 44 3 71 0.015625
3 7 45 3 71 0.015625
3 7 48 3 33 0.015625
3 7 52 3 4 0.015625
3 7 53 3 4 0.015625
3 7 55 3 48 0.015625
3 7 56 3 41 0.015625
3 7 59 3 34 0.015625
3 7 67 3 60 0.015625
3 7 68 3 62 0.015625
3 7 69 3 76 0.015625
3 7 74 3 43 0.015625
3 7 78 3 43 0.015625
3 7 80 3 72 0.015625
3 7 82 3 45 0.015625
3 7 87 3 26 0.015625
3 7 88 3 26 0.015625
3 7 90 3 52 0.015625
3 7 91 3 52 0.015625
3 7 92 3 71 0.015625
3 7 93 3 33 0.015625
3 7 94 3 33 0.015625
3 7 95 3 33 0.015625
3 7 96 3 33 0.015625
3 7 97 3 33 0.015625
3 7 99 3 47 0.015625
3 7 100 3 47 0.015625
3 7 102 3 4 0.015625
3 7 103 3 4 0.015625
3 7 106 3 34 0.015625
3 7 109 3 36 0.015625
3 7 110 3 36 0.015625
3 7 111 3 36 0.015625
3 7 112 3 60 0.015625
3 7 113 3 63 0.015625
3 7 118 3 26 0.015625
3 7 119 3 33 0.015625
3 7 120 3 47 0.015625
3 7 123 3 51 0.015625
3 7 124 3 4 0.015625
3 7 130 3 15 0.015625
3 7 131 3 26 0.015625
3 7 132 3 65 0.015625
3 7 133 3 34 0.015625
3 7 134 3 45 0.015625
3 24 0 3 24 0.015625
3 24 3 3 76 0.03125
3 24 4 3 28 0.015625
3 24 5 3 45 0.015625
3 24 7 3 47 0.015625
3 24 12 3 34 0.015625
3 24 13 3 36 0.015625
3 24 14 3 57 0.015625
3 24 15 3 15 0.015625
3 24 16 3 60 0.015625
3 24 19 3 63 0.015625
3 24 23 3 43 0.015625
3 24 26 3 45 0.015625
3 24 27 3 45 0.015625
3 24 28 3 50 0.015625
3 24 30 3 5 0.015625
3 24 31 3 5 0.015625
3 24 34 3 71 0.015625
3 24 37 3 65 0.015625
3 24 38 3 33 0.015625
3 24 39 3 33 0.015625
3 24 40 3 33 0.015625
3 24 42 3 4 0.015625
3 24 45 3 48 0.015625
3 24 46 3 41 0.015625
3 24 47 3 34 0.015625
3 24 53 3 57 0.015625
3 24 54 3 57 0.015625
3 24 55 3 57 0.015625
3 24 56 3 60 0.015625
3 24 58 3 62 0.015625
3 24 60 3 62 0.015625
3 24 62 3 62 0.015625
3 24 70 3 43 0.015625
3 24 71 3 43 0.015625
3 24 72 3 43 0.015625
3 24 74 3 43 0.015625
3 24 75 3 45 0.015625
3 24 76 3 50 0.015625
3 24 79 3 26 0.015625
3 24 81 3 52 0.015625
3 24 83 3 33 0.015625
3 24 84 3 33 0.015625
3 24 85 3 33 0.015625
3 24 86 3 47 0.015625
3 24 87 3 51 0.015625
3 24 90 3 4 0.015625
3 24 91 3 4 0.015625
3 24 94 3 41 0.015625
3 24 95 3 34 0.015625
3 24 96 3 34 0.015625
3 24 97 3 34 0.015625
3 24 98 3 36 0.015625
3 24 102 3 60 0.015625
3 24 103 3 60 0.015625
3 24 106 3 5 0.015625
3 24 108 3 52 0.015625
3 24 111 3 62 0.015625
3 24 112 3 72 0.015625
3 24 113 3 72 0.015625
3 24 115 3 65 0.015625
3 24 117 3 33 0.015625
3 24 118 3 45 0.015625
3 32 0 3 32 0.015625
3 32 1 3 36 0.015625
3 32 3 3 15 0.015625
3 32 6 3 72 0.015625
3 32 10 3 34 0.015625
3 32 11 3 34 0.015625
3 32 17 3 24 0.015625
3 32 22 3 45 0.015625
3 32 23 3 45 0.015625
3 32 24 3 45 0.015625
3 32 25 3 5 0.015625
3 32 31 3 52 0.015625
3 32 32 3 71 0.015625
3 32 33 3 71 0.015625
3 32 34 3 71 0.015625
3 32 35 3 33 0.015625
3 32 36 3 33 0.015625
3 32 38 3 47 0.015625
3 32 40 3 47 0.015625
3 32 43 3 51 0.015625
3 32 45 3 4 0.015625
3 32 49 3 34 0.015625
3 32 50 3 34 0.015625
3 32 51 3 34 0.015625
3 32 52 3 34 0.015625
3 32 58 3 62 0.015625
3 32 59 3 62 0.015625
3 32 60 3 62 0.015625
3 32 61 3 62 0.015625
3 32 62 3 62 0.015625
3 32 69 3 43 0.015625
3 32 70 3 43 0.015625
3 32 72 3 72 0.015625
3 32 73 3 72 0.015625
3 32 74 3 45 0.015625
3 32 75 3 45 0.015625
3 32 76 3 45 0.015625
3 32 78 3 45 0.015625
3 32 84 3 26 0.015625
3 32 85 3 26 0.015625
3 32 89 3 33 0.015625
3 32 91 3 47 0.015625
3 32 92 3 47 0.015625
3 32 97 3 34 0.015625
3 32 98 3 36 0.015625
3 32 99 3 15 0.015625
3 32 100 3 60 0.015625
3 32 101 3 60 0.015625
3 32 102 3 62 0.015625
3 32 105 3 45 0.015625
3 32 106 3 45 0.015625
3 32 107 3 5 0.015625
3 32 109 3 52 0.015625
3 32 112 3 33 0.015625
3 32 113 3 47 0.015625
3 32 114 3 47 0.015625
3 32 115 3 51 0.015625
3 32 116 3 51 0.015625
3 32 117 3 4 0.015625
3 32 120 3 36 0.015625
3 32 124 3 26 0.015625
3 32 125 3 65 0.015625
3 32 127 3 51 0.015625
3 32 128 3 34 0.015625
3 35 0 3 41 0.015625
3 35 2 3 36 0.015625
3 35 5 3 45 0.015625
3 35 8 3 47 0.015625
3 35 9 3 51 0.015625
3 35 10 3 34 0.015625
3 35 16 3 76 0.015625
3 35 17 3 76 0.015625
3 35 18 3 24 0.015625
3 35 25 3 72 0.015625
3 35 26 3 28 0.015625
3 35 27 3 45 0.015625
3 35 36 3 52 0.015625
3 35 38 3 65 0.015625
3 35 39 3 65 0.015625
3 35 40 3 33 0.015625
3 35 46 3 4 0.015625
3 35 47 3 48 0.015625
3 35 51 3 41 0.03125
3 35 53 3 41 0.015625
3 35 54 3 34 0.015625
3 35 60 3 60 0.015625
3 35 61 3 60 0.015625
3 35 63 3 62 0.015625
3 35 64 3 62 0.015625
3 35 65 3 62 0.015625
3 35 66 3 62 0.015625
3 35 67 3 62 0.015625
3 35 68 3 62 0.015625
3 35 69 3 62 0.015625
3 35 70 3 63 0.015625
3 35 71 3 63 0.015625
3 35 76 3 43 0.015625
3 35 81 3 72 0.015625
3 35 82 3 45 0.015625
3 35 83 3 45 0.015625
3 35 84 3 50 0.015625
3 35 85 3 26 0.015625
3 35 87 3 26 0.015625
3 35 88 3 52 0.015625
3 35 92 3 33 0.015625
3 35 93 3 33 0.015625
3 35 94 3 47 0.015625
3 35 95 3 47 0.015625
3 35 98 3 34 0.015625
3 35 100 3 15 0.015625
3 35 101 3 60 0.015625
3 35 102 3 60 0.015625
3 35 105 3 62 0.015625
3 35 108 3 43 0.015625
3 35 110 3 28 0.015625
3 35 111 3 45 0.015625
3 35 112 3 5 0.015625
3 35 113 3 5 0.015625
3 35 114 3 5 0.015625
3 35 118 3 33 0.015625
3 35 119 3 33 0.015625
3 35 120 3 33 0.015625
3 35 121 3 51 0.015625
3 35 123 3 4 0.015625
3 35 126 3 57 0.015625
3 35 127 3 63 0.015625
3 35 133 3 65 0.015625
10 7 5 10 0 0.015625
10 7 6 10 2 0.015625
10 7 11 10 4 0.015625
10 7 12 10 4 0.015625
10 7 13 10 6 0.015625
10 7 15 10 6 0.015625
10 7 16 10 53 0.015625
10 7 20 10 76 0.015625
10 7 24 10 48 0.015625
10 7 27 10 48 0.015625
10 7 28 10 21 0.015625
10 7 29 10 29 0.015625
10 7 30 10 29 0.015625
10 7 31 10 29 0.015625
10 7 35 10 33 0.015625
10 7 41 10 19 0.015625
10 7 42 10 19 0.015625
10 7 43 10 19 0.015625
10 7 46 10 18 0.015625
10 7 48 10 43 0.015625
10 7 57 10 2 0.015625
10 7 58 10 2 0.015625
10 7 60 10 4 0.015625
10 7 61 10 4 0.015625
10 7 63 10 6 0.015625
10 7 64 10 6 0.015625
10 7 66 10 6 0.015625
10 7 68 10 76 0.015625
10 7 69 10 76 0.015625
10 7 70 10 76 0.015625
10 7 71 10 76 0.015625
10 7 82 10 21 0.015625
10 7 83 10 21 0.015625
10 7 86 10 29 0.015625
10 7 89 10 59 0.015625
10 7 90 10 33 0.015625
10 7 91 10 33 0.015625
10 7 93 10 71 0.015625
10 7 95 10 19 0.015625
10 7 97 10 19 0.015625
10 7 102 10 43 0.015625
10 7 103 10 43 0.015625
10 7 104 10 43 0.015625
10 7 106 10 43 0.015625
10 7 108 10 15 0.015625
10 7 110 10 2 0.015625
10 7 111 10 4 0.015625
10 7 112 10 4 0.015625
10 7 113 10 76 0.015625
10 7 121 10 21 0.015625
10 7 122 10 29 0.015625
10 7 123 10 29 0.015625
10 7 124 10 29 0.015625
10 7 125 10 33 0.015625
10 7 129 10 23 0.015625
10 7 133 10 43 0.015625
10 7 134 10 75 0.015625
10 7 138 10 2 0.015625
10 7 141 10 59 0.015625
10 7 142 10 59 0.015625
10 7 143 10 33 0.015625
10 7 145 10 43 0.015625
10 7 149 10 4 0.015625
10 7 151 10 19 0.015625
10 24 1 10 76 0.015625
10 24 7 10 2 0.015625
10 24 8 10 4 0.015625
10 24 9 10 4 0.015625
10 24 11 10 4 0.015625
10 24 13 10 6 0.015625
10 24 14 10 6 0.015625
10 24 15 10 6 0.015625
10 24 19 10 76 0.015625
10 24 20 10 76 0.015625
10 24 21 10 76 0.015625
10 24 33 10 48 0.015625
10 24 34 10 48 0.015625
10 24 37 10 48 0.015625
10 24 39 10 21 0.015625
10 24 45 10 33 0.015625
10 24 49 10 14 0.015625
10 24 52 10 14 0.015625
10 24 57 10 19 0.015625
10 24 58 10 19 0.015625
10 24 60 10 18 0.015625
10 24 62 10 43 0.015625
10 24 63 10 43 0.015625
10 24 64 10 15 0.015625
10 24 65 10 75 0.015625
10 24 66 10 2 0.015625
10 24 67 10 2 0.015625
10 24 70 10 4 0.015625
10 24 71 10 6 0.015625
10 24 72 10 6 0.015625
10 24 73 10 6 0.015625
10 24 74 10 76 0.015625
10 24 75 10 76 0.015625
10 24 80 10 48 0.015625
10 24 81 10 21 0.015625
10 24 84 10 21 0.015625
10 24 85 10 29 0.015625
10 24 88 10 29 0.015625
10 24 90 10 33 0.015625
10 24 95 10 23 0.015625
10 24 96 10 19 0.015625
10 24 97 10 19 0.015625
10 24 98 10 19 0.015625
10 24 99 10 19 0.015625
10 24 102 10 63 0.015625
10 24 103 10 43 0.015625
10 24 105 10 43 0.015625
10 24 107 10 75 0.015625
10 24 113 10 6 0.015625
10 24 114 10 6 0.015625
10 24 116 10 52 0.015625
10 24 119 10 21 0.015625
10 24 121 10 29 0.015625
10 24 122 10 59 0.015625
10 24 125 10 23 0.015625
10 24 126 10 19 0.015625
10 24 128 10 43 0.015625
10 24 129 10 43 0.015625
10 24 136 10 4 0.015625
10 24 137 10 76 0.015625
10 24 144 10 29 0.015625
10 24 145 10 33 0.015625
10 24 146 10 33 0.015625
10 24 147 10 19 0.015625
10 32 4 10 21 0.015625
10 32 6 10 23 0.015625
10 32 12 10 4 0.015625
10 32 13 10 4 0.015625
10 32 15 10 4 0.015625
10 32 16 10 6 0.015625
10 32 21 10 52 0.015625
10 32 25 10 49 0.015625
10 32 28 10 48 0.015625
10 32 29 10 21 0.015625
10 32 30 10 21 0.015625
10 32 33 10 29 0.015625
10 32 34 10 59 0.015625
10 32 36 10 33 0.015625
10 32 42 10 71 0.015625
10 32 44 10 19 0.015625
10 32 47 10 18 0.015625
10 32 48 10 43 0.015625
10 32 49 10 43 0.015625
10 32 53 10 2 0.015625
10 32 54 10 2 0.015625
10 32 55 10 2 0.015625
10 32 57 10 2 0.015625
10 32 59 10 4 0.015625
10 32 60 10 4 0.015625
10 32 61 10 4 0.015625
10 32 63 10 6 0.015625
10 32 64 10 6 0.015625
10 32 66 10 6 0.015625
10 32 68 10 76 0.015625
10 32 69 10 76 0.015625
10 32 70 10 76 0.015625
10 32 71 10 76 0.015625
10 32 72 10 76 0.015625
10 32 75 10 49 0.015625
10 32 79 10 48 0.015625
10 32 81 10 48 0.015625
10 32 83 10 29 0.015625
10 32 84 10 59 0.015625
10 32 87 10 33 0.015625
10 32 89 10 33 0.015625
10 32 93 10 19 0.015625
10 32 94 10 19 0.015625
10 32 95 10 19 0.015625
10 32 96 10 19 0.015625
10 32 97 10 19 0.015625
10 32 98 10 19 0.015625
10 32 102 10 43 0.015625
10 32 103 10 43 0.015625
10 32 107 10 0 0.015625
10 32 108 10 2 0.015625
10 32 109 10 4 0.015625
10 32 110 10 6 0.015625
10 32 111 10 52 0.015625
10 32 116 10 21 0.015625
10 32 118 10 29 0.015625
10 32 119 10 59 0.015625
10 32 121 10 33 0.015625
10 32 123 10 19 0.015625
10 32 126 10 43 0.015625
10 32 134 10 29 0.015625
10 32 135 10 29 0.015625
10 32 139 10 18 0.015625
10 32 141 10 71 0.015625
10 35 9 10 4 0.015625
10 35 10 10 4 0.015625
10 35 11 10 4 0.015625
10 35 12 10 6 0.015625
10 35 13 10 6 0.015625
10 35 27 10 48 0.015625
10 35 33 10 21 0.015625
10 35 35 10 21 0.015625
10 35 39 10 59 0.015625
10 35 41 10 59 0.015625
10 35 48 10 23 0.015625
10 35 50 10 19 0.015625
10 35 53 10 18 0.015625
10 35 56 10 43 0.015625
10 35 57 10 43 0.015625
10 35 62 10 2 0.015625
10 35 63 10 2 0.015625
10 35 64 10 2 0.015625
10 35 67 10 4 0.015625
10 35 68 10 4 0.015625
10 35 69 10 6 0.015625
10 35 70 10 6 0.015625
10 35 72 10 6 0.015625
10 35 73 10 6 0.015625
10 35 74 10 6 0.015625
10 35 76 10 76 0.015625
10 35 78 10 76 0.015625
10 35 84 10 60 0.015625
10 35 87 10 48 0.015625
10 35 90 10 21 0.015625
10 35 94 10 29 0.015625
10 35 96 10 33 0.015625
10 35 97 10 33 0.015625
10 35 98 10 33 0.015625
10 35 99 10 71 0.015625
10 35 103 10 19 0.015625
10 35 104 10 19 0.015625
10 35 105 10 19 0.015625
10 35 106 10 19 0.015625
10 35 107 10 19 0.015625
10 35 111 10 43 0.015625
10 35 112 10 43 0.015625
10 35 113 10 43 0.015625
10 35 115 10 0 0.015625
10 35 117 10 0 0.015625
10 35 118 10 2 0.015625
10 35 119 10 4 0.015625
10 35 120 10 4 0.015625
10 35 121 10 4 0.015625
10 35 122 10 4 0.015625
10 35 124 10 6 0.015625
10 35 126 10 76 0.015625
10 35 129 10 76 0.015625
10 35 135 10 59 0.015625
10 35 140 10 19 0.015625
10 35 141 10 43 0.015625
10 35 142 10 43 0.015625
10 35 143 10 43 0.015625
10 35 144 10 75 0.015625
10 35 149 10 29 0.015625
10 35 150 10 29 0.015625
10 35 151 10 59 0.015625
10 35 152 10 33 0.015625
10 35 156 10 40 0.015625
13 7 1 13 68 0.015625
13 7 4 13 77 0.015625
13 7 5 13 28 0.015625
13 7 6 13 24 0.015625
13 7 7 13 0 0.015625
13 7 8 13 1 0.015625
13 7 10 13 4 0.015625
13 7 18 13 47 0.015625
13 7 19 13 63 0.015625
13 7 20 13 63 0.015625
13 7 24 13 45 0.015625
13 7 25 13 68 0.015625
13 7 27 13 61 0.015625
13 7 28 13 61 0.015625
13 7 31 13 16 0.015625
13 7 34 13 28 0.015625
13 7 35 13 28 0.015625
13 7 41 13 50 0.015625
13 7 45 13 49 0.015625
13 7 50 13 18 0.015625
13 7 52 13 74 0.015625
13 7 53 13 74 0.015625
13 7 55 13 74 0.015625
13 7 56 13 74 0.015625
13 7 58 13 0 0.015625
13 7 61 13 1 0.015625
13 7 63 13 6 0.015625
13 7 64 13 9 0.015625
13 7 65 13 47 0.015625
13 7 66 13 47 0.015625
13 7 67 13 47 0.015625
13 7 68 13 62 0.015625
13 7 69 13 63 0.015625
13 7 70 13 63 0.015625
13 7 71 13 63 0.015625
13 7 72 13 48 0.015625
13 7 77 13 61 0.015625
13 7 82 13 77 0.015625
13 7 84 13 28 0.015625
13 7 89 13 30 0.015625
13 7 91 13 50 0.015625
13 7 94 13 66 0.015625
13 7 95 13 49 0.015625
13 7 102 13 33 0.015625
13 7 104 13 74 0.015625
13 7 107 13 74 0.015625
13 7 110 13 1 0.015625
13 7 111 13 1 0.015625
13 7 113 13 6 0.015625
13 7 114 13 47 0.015625
13 7 116 13 62 0.015625
13 7 117 13 63 0.015625
13 7 118 13 63 0.015625
13 7 123 13 16 0.015625
13 7 125 13 28 0.015625
13 7 130 13 74 0.015625
13 7 132 13 1 0.015625
13 7 133 13 63 0.015625
13 7 134 13 61 0.015625
13 7 135 13 15 0.015625
13 7 136 13 15 0.015625
13 7 137 13 28 0.015625
13 7 140 13 66 0.015625
13 7 143 13 41 0.015625
13 24 0 13 24 0.015625
13 24 1 13 47 0.015625
13 24 5 13 16 0.015625
13 24 6 13 28 0.015625
13 24 8 13 50 0.015625
13 24 11 13 0 0.015625
13 24 13 13 6 0.015625
13 24 15 13 47 0.015625
13 24 17 13 63 0.03125
13 24 18 13 63 0.015625
13 24 19 13 63 0.015625
13 24 24 13 61 0.015625
13 24 25 13 15 0.015625
13 24 27 13 77 0.015625
13 24 29 13 50 0.015625
13 24 33 13 49 0.015625
13 24 37 13 18 0.015625
13 24 38 13 18 0.015625
13 24 40 13 33 0.015625
13 24 41 13 33 0.015625
13 24 43 13 74 0.015625
13 24 44 13 1 0.015625
13 24 45 13 1 0.015625
13 24 46 13 1 0.015625
13 24 48 13 6 0.015625
13 24 49 13 6 0.015625
13 24 50 13 9 0.015625
13 24 52 13 47 0.015625
13 24 53 13 62 0.015625
13 24 55 13 63 0.015625
13 24 56 13 63 0.015625
13 24 57 13 63 0.015625
13 24 59 13 63 0.015625
13 24 60 13 48 0.015625
13 24 61 13 68 0.015625
13 24 62 13 68 0.015625
13 24 66 13 77 0.015625
13 24 67 13 77 0.015625
13 24 70 13 28 0.015625
13 24 71 13 28 0.015625
13 24 73 13 28 0.015625
13 24 74 13 30 0.015625
13 24 78 13 50 0.015625
13 24 81 13 66 0.015625
13 24 82 13 49 0.015625
13 24 83 13 49 0.015625
13 24 84 13 41 0.015625
13 24 87 13 74 0.015625
13 24 88 13 74 0.015625
13 24 90 13 0 0.015625
13 24 91 13 0 0.015625
13 24 92 13 1 0.015625
13 24 97 13 77 0.015625
13 24 98 13 28 0.015625
13 24 99 13 30 0.015625
13 24 101 13 74 0.015625
13 24 102 13 0 0.015625
13 24 103 13 1 0.015625
13 24 107 13 4 0.015625
13 24 109 13 62 0.015625
13 24 112 13 68 0.015625
13 24 116 13 66 0.015625
13 24 119 13 33 0.015625
13 32 5 13 28 0.015625
13 32 18 13 47 0.015625
13 32 20 13 47 0.015625
13 32 24 13 63 0.015625
13 32 27 13 45 0.015625
13 32 28 13 68 0.015625
13 32 31 13 61 0.015625
13 32 35 13 28 0.015625
13 32 42 13 49 0.015625
13 32 48 13 74 0.015625
13 32 50 13 1 0.015625
13 32 51 13 1 0.015625
13 32 52 13 47 0.015625
13 32 53 13 47 0.015625
13 32 55 13 62 0.015625
13 32 56 13 63 0.015625
13 32 57 13 63 0.015625
13 32 58 13 63 0.015625
13 32 59 13 63 0.015625
13 32 60 13 63 0.015625
13 32 61 13 48 0.015625
13 32 62 13 45 0.015625
13 32 64 13 68 0.015625
13 32 65 13 68 0.015625
13 32 67 13 61 0.015625
13 32 72 13 77 0.015625
13 32 74 13 77 0.015625
13 32 75 13 77 0.015625
13 32 76 13 28 0.015625
13 32 77 13 28 0.015625
13 32 78 13 28 0.015625
13 32 86 13 50 0.015625
13 32 88 13 50 0.015625
13 32 89 13 50 0.015625
13 32 90 13 66 0.015625
13 32 94 13 41 0.015625
13 32 100 13 33 0.015625
13 32 101 13 74 0.015625
13 32 102 13 74 0.015625
13 32 103 13 74 0.015625
13 32 104 13 74 0.015625
13 32 106 13 0 0.015625
13 32 107 13 0 0.015625
13 32 108 13 1 0.015625
13 32 110 13 1 0.015625
13 32 111 13 1 0.015625
13 32 112 13 6 0.015625
13 32 113 13 47 0.015625
13 32 114 13 47 0.015625
13 32 115 13 63 0.015625
13 32 116 13 63 0.015625
13 32 117 13 45 0.015625
13 32 120 13 16 0.015625
13 32 121 13 77 0.015625
13 32 125 13 28 0.015625
13 32 126 13 28 0.015625
13 32 130 13 50 0.015625
13 32 133 13 74 0.015625
13 32 134 13 74 0.015625
13 32 135 13 74 0.015625
13 32 138 13 1 0.015625
13 32 141 13 62 0.015625
13 32 142 13 63 0.015625
13 32 150 13 9 0.015625
13 35 0 13 1 0.015625
13 35 1 13 47 0.015625
13 35 2 13 45 0.015625
13 35 7 13 41 0.015625
13 35 9 13 0 0.015625
13 35 10 13 1 0.015625
13 35 13 13 47 0.015625
13 35 14 13 47 0.015625
13 35 16 13 48 0.015625
13 35 20 13 68 0.015625
13 35 22 13 61 0.015625
13 35 23 13 61 0.015625
13 35 25 13 61 0.015625
13 35 28 13 77 0.015625
13 35 31 13 28 0.015625
13 35 32 13 28 0.015625
13 35 33 13 28 0.015625
13 35 34 13 28 0.015625
13 35 40 13 49 0.015625
13 35 45 13 18 0.015625
13 35 51 13 74 0.015625
13 35 52 13 1 0.015625
13 35 54 13 6 0.015625
13 35 56 13 6 0.015625
13 35 58 13 9 0.015625
13 35 60 13 47 0.015625
13 35 61 13 62 0.015625
13 35 63 13 63 0.015625
13 35 64 13 63 0.015625
13 35 65 13 63 0.015625
13 35 66 13 63 0.015625
13 35 67 13 63 0.015625
13 35 68 13 63 0.015625
13 35 73 13 16 0.015625
13 35 74 13 77 0.015625
13 35 75 13 77 0.015625
13 35 78 13 28 0.015625
13 35 79 13 28 0.015625
13 35 86 13 30 0.015625
13 35 91 13 18 0.015625
13 35 92 13 33 0.015625
13 35 93 13 74 0.015625
13 35 94 13 74 0.015625
13 35 96 13 74 0.015625
13 35 97 13 74 0.015625
13 35 99 13 74 0.015625
13 35 100 13 0 0.015625
13 35 102 13 0 0.015625
13 35 103 13 1 0.015625
13 35 104 13 4 0.015625
13 35 106 13 63 0.015625
13 35 107 13 68 0.015625
13 35 110 13 16 0.015625
13 35 111 13 77 0.015625
13 35 112 13 28 0.015625
13 35 113 13 28 0.015625
13 35 114 13 28 0.015625
13 35 119 13 33 0.015625
13 35 120 13 74 0.015625
13 35 122 13 63 0.015625
13 35 123 13 61 0.015625
13 35 124 13 61 0.015625
13 35 130 13 30 0.015625
13 35 132 13 41 0.015625
16 7 0 16 7 0.015625
16 7 2 16 44 0.015625
16 7 3 16 68 0.03125
16 7 5 16 35 0.015625
16 7 9 16 55 0.015625
16 7 10 16 70 0.015625
16 7 11 16 5 0.03125
16 7 13 16 9 0.015625
16 7 14 16 9 0.015625
16 7 15 16 9 0.015625
16 7 16 16 9 0.015625
16 7 19 16 13 0.015625
16 7 22 16 68 0.015625
16 7 26 16 38 0.015625
16 7 27 16 38 0.015625
16 7 33 16 25 0.015625
16 7 34 16 25 0.015625
16 7 35 16 25 0.015625
16 7 36 16 25 0.015625
16 7 38 16 48 0.015625
16 7 40 16 48 0.015625
16 7 41 16 27 0.015625
16 7 42 16 27 0.015625
16 7 43 16 27 0.015625
16 7 46 16 46 0.015625
16 7 47 16 46 0.015625
16 7 48 16 46 0.015625
16 7 49 16 70 0.015625
16 7 54 16 1 0.015625
16 7 55 16 9 0.015625
16 7 56 16 9 0.015625
16 7 57 16 13 0.015625
16 7 60 16 44 0.015625
16 7 62 16 38 0.015625
16 7 63 16 38 0.015625
16 7 65 16 19 0.015625
16 7 68 16 18 0.015625
16 7 75 16 25 0.015625
16 7 77 16 58 0.015625
16 7 83 16 27 0.03125
16 7 84 16 27 0.015625
16 7 85 16 27 0.015625
16 7 88 16 46 0.015625
16 7 89 16 50 0.03125
16 7 92 16 50 0.015625
16 7 95 16 79 0.015625
16 7 99 16 1 0.015625
16 7 101 16 9 0.015625
16 7 103 16 38 0.015625
16 7 107 16 49 0.015625
16 7 114 16 27 0.03125
16 7 115 16 46 0.015625
16 7 116 16 46 0.015625
16 7 118 16 50 0.015625
16 7 121 16 61 0.015625
16 7 127 16 50 0.015625
16 7 128 16 70 0.015625
16 7 129 16 34 0.015625
16 7 131 16 25 0.015625
16 24 0 16 24 0.015625
16 24 2 16 13 0.015625
16 24 4 16 18 0.015625
16 24 6 16 5 0.015625
16 24 8 16 9 0.015625
16 24 13 16 38 0.015625
16 24 15 16 19 0.015625
16 24 17 16 25 0.015625
16 24 26 16 48 0.015625
16 24 27 16 27 0.015625
16 24 28 16 27 0.03125
16 24 29 16 27 0.015625
16 24 32 16 46 0.015625
16 24 33 16 46 0.015625
16 24 34 16 46 0.015625
16 24 35 16 50 0.015625
16 24 37 16 50 0.015625
16 24 39 16 70 0.015625
16 24 40 16 79 0.015625
16 24 43 16 79 0.015625
16 24 46 16 1 0.015625
16 24 47 16 1 0.015625
16 24 51 16 9 0.015625
16 24 52 16 9 0.015625
16 24 53 16 9 0.015625
16 24 54 16 9 0.015625
16 24 65 16 38 0.015625
16 24 66 16 38 0.015625
16 24 68 16 38 0.015625
16 24 69 16 19 0.015625
16 24 70 16 18 0.015625
16 24 76 16 25 0.015625
16 24 77 16 25 0.015625
16 24 80 16 58 0.015625
16 24 82 16 58 0.015625
16 24 86 16 48 0.015625
16 24 88 16 27 0.015625
16 24 90 16 27 0.015625
16 24 91 16 22 0.015625
16 24 95 16 46 0.015625
16 24 97 16 70 0.015625
16 24 98 16 1 0.015625
16 24 99 16 5 0.015625
16 24 100 16 5 0.015625
16 24 104 16 44 0.015625
16 24 105 16 68 0.015625
16 24 106 16 34 0.015625
16 24 108 16 38 0.03125
16 24 109 16 49 0.015625
16 24 110 16 19 0.015625
16 24 114 16 48 0.015625
16 24 115 16 27 0.015625
16 24 116 16 27 0.015625
16 24 117 16 27 0.015625
16 24 120 16 1 0.015625
16 24 123 16 9 0.015625
16 24 126 16 68 0.015625
16 24 127 16 38 0.015625
16 24 129 16 19 0.015625
16 24 130 16 46 0.015625
16 24 132 16 50 0.015625
16 24 135 16 79 0.015625
16 32 0 16 32 0.015625
16 32 1 16 7 0.015625
16 32 2 16 68 0.015625
16 32 3 16 35 0.015625
16 32 4 16 48 0.015625
16 32 5 16 27 0.015625
16 32 9 16 5 0.015625
16 32 11 16 9 0.015625
16 32 15 16 13 0.015625
16 32 19 16 34 0.015625
16 32 20 16 38 0.015625
16 32 21 16 38 0.015625
16 32 24 16 49 0.015625
16 32 26 16 18 0.015625
16 32 27 16 18 0.015625
16 32 28 16 18 0.015625
16 32 38 16 27 0.015625
16 32 42 16 79 0.015625
16 32 45 16 1 0.015625
16 32 51 16 9 0.015625
16 32 52 16 9 0.015625
16 32 53 16 9 0.015625
16 32 54 16 9 0.015625
16 32 55 16 13 0.015625
16 32 58 16 44 0.015625
16 32 59 16 68 0.015625
16 32 61 16 38 0.015625
16 32 65 16 19 0.015625
16 32 71 16 25 0.015625
16 32 72 16 25 0.015625
16 32 73 16 25 0.015625
16 32 78 16 27 0.015625
16 32 79 16 27 0.015625
16 32 80 16 27 0.015625
16 32 81 16 27 0.015625
16 32 82 16 27 0.015625
16 32 83 16 22 0.015625
16 32 84 16 22 0.015625
16 32 85 16 22 0.015625
16 32 86 16 46 0.015625
16 32 87 16 46 0.015625
16 32 89 16 50 0.015625
16 32 90 16 50 0.015625
16 32 94 16 70 0.015625
16 32 95 16 70 0.015625
16 32 99 16 1 0.015625
16 32 101 16 1 0.015625
16 32 102 16 5 0.015625
16 32 103 16 5 0.015625
16 32 106 16 44 0.015625
16 32 109 16 38 0.015625
16 32 110 16 38 0.015625
16 32 111 16 19 0.015625
16 32 120 16 25 0.015625
16 32 121 16 48 0.015625
16 32 122 16 27 0.015625
16 32 123 16 27 0.015625
16 32 128 16 9 0.015625
16 32 129 16 13 0.015625
16 32 133 16 49 0.015625
16 32 139 16 46 0.015625
16 32 140 16 50 0.015625
16 32 141 16 55 0.015625
16 32 142 16 9 0.015625
16 35 0 16 35 0.015625
16 35 9 16 55 0.03125
16 35 12 16 5 0.015625
16 35 14 16 9 0.015625
16 35 17 16 13 0.015625
16 35 19 16 38 0.015625
16 35 20 16 61 0.015625
16 35 22 16 18 0.015625
16 35 27 16 58 0.015625
16 35 30 16 48 0.015625
16 35 33 16 27 0.03125
16 35 34 16 27 0.015625
16 35 35 16 27 0.015625
16 35 38 16 46 0.015625
16 35 39 16 46 0.015625
16 35 40 16 50 0.015625
16 35 42 16 70 0.015625
16 35 43 16 79 0.015625
16 35 45 16 79 0.015625
16 35 46 16 1 0.015625
16 35 47 16 9 0.015625
16 35 48 16 9 0.015625
16 35 49 16 9 0.015625
16 35 50 16 9 0.015625
16 35 51 16 9 0.015625
16 35 52 16 9 0.015625
16 35 55 16 13 0.015625
16 35 57 16 44 0.015625
16 35 58 16 44 0.015625
16 35 61 16 68 0.015625
16 35 62 16 38 0.015625
16 35 63 16 38 0.015625
16 35 64 16 38 0.015625
16 35 65 16 38 0.015625
16 35 68 16 19 0.015625
16 35 69 16 19 0.015625
16 35 70 16 18 0.015625
16 35 77 16 58 0.015625
16 35 79 16 48 0.015625
16 35 81 16 48 0.015625
16 35 82 16 27 0.015625
16 35 83 16 27 0.015625
16 35 85 16 27 0.015625
16 35 87 16 22 0.015625
16 35 89 16 46 0.03125
16 35 91 16 50 0.015625
16 35 94 16 70 0.015625
16 35 98 16 5 0.015625
16 35 99 16 5 0.015625
16 35 100 16 5 0.015625
16 35 102 16 68 0.015625
16 35 103 16 38 0.015625
16 35 104 16 38 0.015625
16 35 106 16 49 0.015625
16 35 107 16 18 0.015625
16 35 113 16 25 0.015625
16 35 117 16 9 0.015625
16 35 125 16 27 0.015625
16 35 126 16 27 0.015625
16 35 127 16 50 0.015625
16 35 128 16 70 0.015625
18 7 3 18 68 0.015625
18 7 5 18 55 0.015625
18 7 6 18 70 0.015625
18 7 8 18 39 0.015625
18 7 10 18 0 0.015625
18 7 12 18 10 0.015625
18 7 16 18 13 0.015625
18 7 21 18 21 0.015625
18 7 25 18 33 0.015625
18 7 26 18 25 0.015625
18 7 27 18 25 0.015625
18 7 30 18 50 0.015625
18 7 31 18 54 0.015625
18 7 36 18 45 0.015625
18 7 38 18 68 0.015625
18 7 44 18 26 0.015625
18 7 48 18 39 0.015625
18 7 49 18 0 0.015625
18 7 50 18 0 0.015625
18 7 51 18 0 0.015625
18 7 52 18 1 0.015625
18 7 53 18 10 0.015625
18 7 54 18 13 0.015625
18 7 58 18 16 0.015625
18 7 63 18 67 0.015625
18 7 64 18 67 0.015625
18 7 65 18 67 0.015625
18 7 67 18 25 0.015625
18 7 68 18 25 0.015625
18 7 69 18 25 0.015625
18 7 70 18 25 0.015625
18 7 71 18 25 0.015625
18 7 72 18 73 0.015625
18 7 74 18 50 0.015625
18 7 75 18 54 0.015625
18 7 76 18 54 0.015625
18 7 81 18 22 0.015625
18 7 82 18 69 0.015625
18 7 84 18 69 0.015625
18 7 85 18 69 0.015625
18 7 86 18 69 0.03125
18 7 87 18 69 0.015625
18 7 94 18 79 0.015625
18 7 98 18 70 0.015625
18 7 99 18 58 0.015625
18 7 103 18 0 0.015625
18 7 104 18 0 0.015625
18 7 107 18 1 0.015625
18 7 109 18 10 0.015625
18 7 112 18 10 0.015625
18 7 113 18 16 0.015625
18 7 115 18 75 0.015625
18 7 117 18 21 0.015625
18 7 119 18 67 0.015625
18 7 120 18 73 0.015625
18 7 122 18 69 0.015625
18 7 124 18 48 0.015625
18 7 128 18 1 0.015625
18 7 129 18 1 0.015625
18 7 131 18 21 0.015625
18 7 132 18 69 0.015625
18 7 133 18 69 0.015625
18 7 137 18 70 0.015625
18 24 0 18 24 0.015625
18 24 1 18 13 0.015625
18 24 2 18 16 0.015625
18 24 3 18 50 0.015625
18 24 9 18 39 0.015625
18 24 10 18 0 0.015625
18 24 11 18 0 0.015625
18 24 13 18 10 0.015625
18 24 15 18 75 0.015625
18 24 17 18 21 0.015625
18 24 19 18 33 0.015625
18 24 20 18 33 0.015625
18 24 22 18 25 0.03125
18 24 23 18 25 0.015625
18 24 24 18 25 0.015625
18 24 25 18 25 0.015625
18 24 31 18 69 0.015625
18 24 32 18 69 0.015625
18 24 33 18 69 0.015625
18 24 37 18 79 0.015625
18 24 40 18 55 0.015625
18 24 44 18 0 0.015625
18 24 53 18 75 0.015625
18 24 54 18 21 0.015625
18 24 55 18 21 0.015625
18 24 56 18 33 0.015625
18 24 57 18 67 0.015625
18 24 58 18 67 0.015625
18 24 62 18 25 0.015625
18 24 63 18 25 0.015625
18 24 67 18 50 0.015625
18 24 68 18 50 0.015625
18 24 69 18 54 0.015625
18 24 70 18 22 0.015625
18 24 71 18 22 0.015625
18 24 73 18 69 0.015625
18 24 74 18 69 0.015625
18 24 75 18 51 0.015625
18 24 80 18 48 0.015625
18 24 81 18 79 0.015625
18 24 84 18 70 0.015625
18 24 85 18 70 0.015625
18 24 88 18 58 0.015625
18 24 89 18 58 0.015625
18 24 93 18 0 0.015625
18 24 94 18 0 0.015625
18 24 95 18 1 0.015625
18 24 96 18 10 0.015625
18 24 97 18 10 0.015625
18 24 101 18 21 0.015625
18 24 106 18 67 0.015625
18 24 108 18 69 0.015625
18 24 110 18 68 0.015625
18 24 113 18 0 0.015625
18 24 114 18 1 0.015625
18 24 117 18 10 0.015625
18 24 119 18 75 0.015625
18 24 120 18 33 0.015625
18 24 121 18 67 0.015625
18 24 124 18 69 0.015625
18 24 125 18 68 0.015625
18 24 126 18 48 0.015625
18 24 128 18 39 0.015625
18 32 3 18 21 0.015625
18 32 4 18 67 0.015625
18 32 5 18 68 0.015625
18 32 7 18 0 0.015625
18 32 8 18 0 0.015625
18 32 10 18 13 0.015625
18 32 18 18 25 0.015625
18 32 20 18 25 0.015625
18 32 21 18 25 0.015625
18 32 22 18 25 0.015625
18 32 25 18 73 0.015625
18 32 30 18 69 0.03125
18 32 31 18 69 0.015625
18 32 32 18 69 0.015625
18 32 37 18 45 0.015625
18 32 38 18 45 0.015625
18 32 39 18 68 0.015625
18 32 46 18 79 0.015625
18 32 53 18 0 0.015625
18 32 55 18 0 0.015625
18 32 56 18 1 0.015625
18 32 58 18 10 0.015625
18 32 59 18 10 0.015625
18 32 62 18 16 0.015625
18 32 64 18 33 0.015625
18 32 66 18 33 0.015625
18 32 71 18 25 0.015625
18 32 72 18 25 0.015625
18 32 73 18 25 0.015625
18 32 74 18 25 0.015625
18 32 76 18 50 0.015625
18 32 79 18 50 0.015625
18 32 83 18 22 0.015625
18 32 84 18 22 0.015625
18 32 85 18 22 0.015625
18 32 87 18 69 0.015625
18 32 88 18 69 0.015625
18 32 89 18 69 0.015625
18 32 90 18 45 0.015625
18 32 92 18 68 0.015625
18 32 100 18 48 0.015625
18 32 102 18 55 0.015625
18 32 105 18 70 0.015625
18 32 107 18 70 0.015625
18 32 109 18 70 0.015625
18 32 112 18 58 0.015625
18 32 115 18 1 0.015625
18 32 119 18 16 0.015625
18 32 120 18 21 0.015625
18 32 122 18 21 0.015625
18 32 124 18 33 0.015625
18 32 126 18 73 0.015625
18 32 127 18 45 0.015625
18 32 135 18 0 0.015625
18 32 136 18 0 0.015625
18 32 137 18 0 0.015625
18 32 138 18 1 0.015625
18 32 140 18 13 0.015625
18 32 142 18 54 0.015625
18 32 144 18 69 0.015625
18 32 145 18 69 0.015625
18 32 146 18 51 0.015625
18 32 148 18 55 0.015625
18 35 0 18 1 0.015625
18 35 3 18 25 0.015625
18 35 5 18 51 0.015625
18 35 6 18 45 0.015625
18 35 7 18 55 0.015625
18 35 10 18 0 0.015625
18 35 11 18 0 0.015625
18 35 14 18 10 0.015625
18 35 15 18 10 0.015625
18 35 19 18 13 0.015625
18 35 25 18 33 0.015625
18 35 27 18 25 0.015625
18 35 28 18 73 0.015625
18 35 30 18 50 0.015625
18 35 33 18 22 0.015625
18 35 34 18 69 0.015625
18 35 35 18 69 0.015625
18 35 36 18 69 0.015625
18 35 37 18 68 0.015625
18 35 42 18 48 0.015625
18 35 45 18 79 0.015625
18 35 47 18 70 0.015625
18 35 48 18 70 0.015625
18 35 51 18 0 0.015625
18 35 52 18 0 0.015625
18 35 54 18 10 0.015625
18 35 59 18 16 0.015625
18 35 62 18 75 0.015625
18 35 65 18 21 0.015625
18 35 67 18 67 0.015625
18 35 69 18 25 0.015625
18 35 70 18 25 0.015625
18 35 71 18 25 0.015625
18 35 72 18 25 0.015625
18 35 78 18 54 0.015625
18 35 79 18 54 0.015625
18 35 84 18 69 0.03125
18 35 85 18 69 0.015625
18 35 86 18 68 0.015625
18 35 88 18 68 0.015625
18 35 93 18 26 0.015625
18 35 94 18 48 0.015625
18 35 95 18 79 0.015625
18 35 99 18 55 0.015625
18 35 101 18 70 0.015625
18 35 103 18 70 0.015625
18 35 104 18 0 0.015625
18 35 105 18 0 0.015625
18 35 106 18 10 0.015625
18 35 107 18 10 0.015625
18 35 108 18 16 0.015625
18 35 110 18 75 0.015625
18 35 113 18 33 0.015625
18 35 115 18 67 0.015625
18 35 118 18 54 0.015625
18 35 126 18 58 0.015625
18 35 127 18 0 0.015625
18 35 129 18 33 0.015625
18 35 131 18 69 0.015625
18 35 132 18 68 0.015625
18 35 136 18 70 0.015625
18 35 137 18 39 0.015625
18 35 138 18 69 0.015625
21 7 0 21 14 0.015625
21 7 1 21 44 0.015625
21 7 5 21 35 0.015625
21 7 8 21 0 0.015625
21 7 9 21 4 0.015625
21 7 10 21 4 0.015625
21 7 11 21 6 0.015625
21 7 12 21 6 0.015625
21 7 14 21 6 0.015625
21 7 15 21 10 0.015625
21 7 17 21 14 0.015625
21 7 18 21 17 0.015625
21 7 20 21 18 0.015625
21 7 22 21 18 0.015625
21 7 24 21 19 0.015625
21 7 28 21 20 0.015625
21 7 29 21 44 0.015625
21 7 30 21 23 0.015625
21 7 32 21 27 0.015625
21 7 52 21 26 0.015625
21 7 54 21 0 0.015625
21 7 58 21 6 0.015625
21 7 60 21 6 0.015625
21 7 61 21 6 0.015625
21 7 62 21 10 0.015625
21 7 66 21 18 0.015625
21 7 69 21 18 0.03125
21 7 71 21 18 0.015625
21 7 76 21 44 0.015625
21 7 79 21 69 0.015625
21 7 80 21 69 0.015625
21 7 81 21 69 0.015625
21 7 84 21 67 0.015625
21 7 88 21 23 0.015625
21 7 93 21 31 0.015625
21 7 97 21 66 0.015625
21 7 98 21 66 0.015625
21 7 99 21 66 0.015625
21 7 102 21 63 0.015625
21 7 103 21 28 0.015625
21 7 109 21 10 0.015625
21 7 111 21 10 0.015625
21 7 113 21 17 0.015625
21 7 116 21 19 0.015625
21 7 118 21 67 0.015625
21 7 119 21 67 0.015625
21 7 122 21 23 0.015625
21 7 123 21 23 0.015625
21 7 124 21 23 0.015625
21 7 125 21 49 0.015625
21 7 126 21 27 0.015625
21 7 127 21 36 0.015625
21 7 128 21 36 0.015625
21 7 129 21 36 0.015625
21 7 130 21 66 0.015625
21 7 136 21 6 0.015625
21 7 137 21 10 0.015625
21 7 138 21 67 0.015625
21 7 139 21 23 0.015625
21 7 141 21 31 0.015625
21 7 143 21 66 0.015625
21 7 144 21 66 0.015625
21 7 147 21 44 0.015625
21 24 1 21 18 0.015625
21 24 10 21 6 0.015625
21 24 11 21 6 0.015625
21 24 12 21 10 0.015625
21 24 14 21 14 0.015625
21 24 17 21 14 0.015625
21 24 19 21 17 0.015625
21 24 20 21 18 0.015625
21 24 21 21 18 0.015625
21 24 22 21 18 0.015625
21 24 23 21 19 0.015625
21 24 26 21 20 0.015625
21 24 28 21 69 0.015625
21 24 30 21 67 0.015625
21 24 31 21 57 0.015625
21 24 36 21 27 0.015625
21 24 37 21 27 0.015625
21 24 40 21 66 0.015625
21 24 42 21 66 0.015625
21 24 48 21 63 0.015625
21 24 52 21 41 0.015625
21 24 57 21 4 0.015625
21 24 58 21 6 0.015625
21 24 59 21 6 0.015625
21 24 60 21 10 0.015625
21 24 63 21 10 0.015625
21 24 65 21 18 0.015625
21 24 66 21 19 0.015625
21 24 68 21 20 0.015625
21 24 69 21 20 0.015625
21 24 70 21 44 0.015625
21 24 73 21 69 0.015625
21 24 74 21 69 0.015625
21 24 75 21 67 0.015625
21 24 79 21 57 0.015625
21 24 80 21 57 0.015625
21 24 81 21 23 0.015625
21 24 83 21 23 0.015625
21 24 84 21 23 0.015625
21 24 91 21 31 0.015625
21 24 93 21 66 0.015625
21 24 95 21 66 0.015625
21 24 96 21 66 0.015625
21 24 100 21 60 0.015625
21 24 103 21 63 0.015625
21 24 104 21 63 0.015625
21 24 106 21 41 0.015625
21 24 111 21 6 0.015625
21 24 112 21 6 0.015625
21 24 118 21 44 0.015625
21 24 120 21 67 0.015625
21 24 121 21 67 0.015625
21 24 123 21 23 0.015625
21 24 124 21 23 0.015625
21 24 125 21 23 0.015625
21 24 126 21 23 0.015625
21 24 127 21 23 0.015625
21 24 130 21 27 0.015625
21 24 132 21 60 0.015625
21 24 135 21 6 0.015625
21 24 137 21 10 0.015625
21 24 138 21 10 0.015625
21 24 139 21 19 0.015625
21 24 144 21 66 0.015625
21 32 0 21 32 0.015625
21 32 2 21 67 0.015625
21 32 4 21 23 0.015625
21 32 6 21 31 0.015625
21 32 7 21 36 0.015625
21 32 9 21 35 0.046875
21 32 11 21 28 0.015625
21 32 17 21 6 0.015625
21 32 18 21 6 0.015625
21 32 19 21 14 0.015625
21 32 22 21 17 0.015625
21 32 24 21 17 0.015625
21 32 25 21 18 0.015625
21 32 26 21 18 0.015625
21 32 30 21 69 0.015625
21 32 32 21 23 0.015625
21 32 33 21 49 0.015625
21 32 38 21 28 0.015625
21 32 42 21 4 0.015625
21 32 43 21 6 0.015625
21 32 44 21 6 0.015625
21 32 45 21 6 0.015625
21 32 46 21 6 0.015625
21 32 47 21 6 0.015625
21 32 49 21 18 0.015625
21 32 50 21 18 0.015625
21 32 52 21 18 0.015625
21 32 54 21 18 0.015625
21 32 57 21 19 0.015625
21 32 59 21 20 0.015625
21 32 61 21 44 0.015625
21 32 65 21 69 0.015625
21 32 66 21 69 0.015625
21 32 67 21 69 0.015625
21 32 68 21 67 0.015625
21 32 70 21 23 0.015625
21 32 72 21 49 0.015625
21 32 73 21 27 0.015625
21 32 77 21 31 0.015625
21 32 79 21 66 0.015625
21 32 83 21 63 0.015625
21 32 90 21 26 0.03125
21 32 92 21 6 0.015625
21 32 94 21 10 0.015625
21 32 96 21 19 0.015625
21 32 97 21 20 0.015625
21 32 100 21 67 0.015625
21 32 102 21 23 0.015625
21 32 103 21 23 0.03125
21 32 104 21 23 0.015625
21 32 105 21 27 0.015625
21 32 110 21 0 0.015625
21 32 112 21 10 0.015625
21 32 114 21 18 0.015625
21 32 115 21 19 0.015625
21 32 118 21 49 0.015625
21 32 119 21 36 0.015625
21 32 120 21 66 0.015625
21 32 121 21 10 0.015625
21 32 122 21 67 0.015625
21 35 0 21 35 0.015625
21 35 3 21 36 0.015625
21 35 6 21 0 0.015625
21 35 11 21 4 0.015625
21 35 12 21 6 0.015625
21 35 13 21 6 0.015625
21 35 14 21 6 0.015625
21 35 15 21 6 0.015625
21 35 16 21 10 0.015625
21 35 23 21 18 0.015625
21 35 24 21 18 0.015625
21 35 28 21 20 0.015625
21 35 31 21 69 0.015625
21 35 36 21 23 0.015625
21 35 38 21 27 0.015625
21 35 39 21 27 0.015625
21 35 45 21 6 0.015625
21 35 46 21 6 0.015625
21 35 50 21 18 0.015625
21 35 51 21 18 0.015625
21 35 52 21 18 0.015625
21 35 57 21 20 0.015625
21 35 60 21 44 0.015625
21 35 67 21 23 0.015625
21 35 68 21 23 0.015625
21 35 69 21 23 0.015625
21 35 73 21 27 0.015625
21 35 77 21 36 0.015625
21 35 80 21 66 0.015625
21 35 82 21 60 0.015625
21 35 85 21 63 0.015625
21 35 90 21 28 0.015625
21 35 92 21 41 0.015625
21 35 93 21 26 0.015625
21 35 94 21 26 0.015625
21 35 96 21 0 0.015625
21 35 97 21 4 0.015625
21 35 99 21 6 0.015625
21 35 100 21 6 0.03125
21 35 101 21 10 0.015625
21 35 102 21 10 0.015625
21 35 103 21 10 0.015625
21 35 104 21 17 0.015625
21 35 105 21 18 0.015625
21 35 107 21 19 0.015625
21 35 110 21 67 0.015625
21 35 111 21 67 0.015625
21 35 112 21 23 0.015625
21 35 113 21 23 0.015625
21 35 114 21 23 0.015625
21 35 115 21 23 0.015625
21 35 116 21 66 0.015625
21 35 117 21 66 0.015625
21 35 118 21 60 0.015625
21 35 121 21 28 0.015625
21 35 122 21 6 0.015625
21 35 124 21 14 0.015625
21 35 125 21 18 0.015625
21 35 129 21 57 0.015625
21 35 130 21 23 0.015625
21 35 132 21 49 0.015625
21 35 135 21 31 0.015625
21 35 136 21 66 0.015625
27 7 4 27 64 0.015625
27 7 13 27 20 0.015625
27 7 20 27 75 0.015625
27 7 23 27 45 0.015625
27 7 25 27 45 0.015625
27 7 26 27 48 0.015625
27 7 28 27 71 0.015625
27 7 32 27 64 0.015625
27 7 33 27 64 0.015625
27 7 34 27 44 0.015625
27 7 35 27 59 0.015625
27 7 37 27 59 0.015625
27 7 39 27 46 0.015625
27 7 40 27 43 0.015625
27 7 44 27 6 0.03125
27 7 45 27 6 0.015625
27 7 46 27 6 0.015625
27 7 47 27 6 0.015625
27 7 48 27 6 0.015625
27 7 51 27 16 0.015625
27 7 52 27 20 0.015625
27 7 53 27 20 0.015625
27 7 54 27 21 0.015625
27 7 55 27 21 0.015625
27 7 56 27 22 0.015625
27 7 60 27 23 0.015625
27 7 61 27 47 0.015625
27 7 62 27 47 0.015625
27 7 63 27 75 0.015625
27 7 64 27 75 0.015625
27 7 65 27 75 0.015625
27 7 68 27 48 0.015625
27 7 69 27 48 0.015625
27 7 70 27 48 0.015625
27 7 72 27 48 0.015625
27 7 77 27 76 0.015625
27 7 78 27 76 0.015625
27 7 79 27 71 0.015625
27 7 81 27 64 0.015625
27 7 82 27 73 0.015625
27 7 83 27 73 0.015625
27 7 88 27 59 0.015625
27 7 90 27 59 0.015625
27 7 91 27 59 0.015625
27 7 96 27 78 0.015625
27 7 99 27 30 0.015625
27 7 101 27 6 0.015625
27 7 102 27 11 0.015625
27 7 104 27 16 0.015625
27 7 105 27 16 0.015625
27 7 107 27 20 0.015625
27 7 109 27 23 0.015625
27 7 111 27 47 0.015625
27 7 114 27 75 0.015625
27 7 115 27 75 0.015625
27 7 117 27 31 0.015625
27 7 121 27 46 0.015625
27 7 126 27 51 0.015625
27 7 127 27 6 0.015625
27 7 131 27 20 0.015625
27 7 133 27 71 0.015625
27 7 134 27 59 0.015625
27 7 136 27 43 0.015625
27 24 1 27 11 0.015625
27 24 2 27 16 0.015625
27 24 4 27 45 0.015625
27 24 6 27 76 0.015625
27 24 8 27 59 0.015625
27 24 9 27 30 0.015625
27 24 12 27 6 0.015625
27 24 13 27 6 0.015625
27 24 14 27 6 0.015625
27 24 16 27 16 0.015625
27 24 18 27 20 0.015625
27 24 19 27 20 0.015625
27 24 20 27 21 0.015625
27 24 21 27 21 0.015625
27 24 24 27 75 0.015625
27 24 25 27 75 0.015625
27 24 29 27 48 0.015625
27 24 30 27 48 0.015625
27 24 32 27 48 0.015625
27 24 36 27 64 0.015625
27 24 38 27 73 0.015625
27 24 41 27 44 0.015625
27 24 43 27 59 0.015625
27 24 50 27 78 0.015625
27 24 52 27 28 0.015625
27 24 56 27 6 0.015625
27 24 57 27 6 0.015625
27 24 59 27 16 0.015625
27 24 61 27 20 0.015625
27 24 62 27 20 0.015625
27 24 63 27 20 0.015625
27 24 64 27 20 0.015625
27 24 65 27 21 0.015625
27 24 66 27 21 0.015625
27 24 67 27 22 0.015625
27 24 68 27 22 0.015625
27 24 72 27 75 0.015625
27 24 73 27 75 0.015625
27 24 74 27 75 0.015625
27 24 77 27 48 0.015625
27 24 84 27 73 0.015625
27 24 85 27 73 0.015625
27 24 86 27 44 0.015625
27 24 87 27 44 0.015625
27 24 88 27 59 0.015625
27 24 90 27 59 0.015625
27 24 93 27 43 0.015625
27 24 94 27 43 0.015625
27 24 99 27 30 0.015625
27 24 100 27 51 0.015625
27 24 107 27 20 0.015625
27 24 110 27 23 0.015625
27 24 111 27 23 0.015625
27 24 112 27 23 0.015625
27 24 114 27 75 0.015625
27 24 119 27 59 0.015625
27 24 121 27 43 0.015625
27 24 122 27 78 0.015625
27 24 123 27 6 0.015625
27 24 125 27 6 0.015625
27 24 131 27 75 0.015625
27 24 132 27 31 0.015625
27 24 135 27 73 0.015625
27 24 137 27 46 0.015625
27 32 3 27 21 0.015625
27 32 4 27 23 0.015625
27 32 7 27 31 0.015625
27 32 14 27 11 0.015625
27 32 17 27 20 0.015625
27 32 20 27 47 0.015625
27 32 22 27 47 0.015625
27 32 23 27 75 0.015625
27 32 25 27 45 0.015625
27 32 32 27 71 0.015625
27 32 34 27 73 0.015625
27 32 36 27 59 0.015625
27 32 37 27 59 0.015625
27 32 39 27 43 0.015625
27 32 42 27 28 0.015625
27 32 44 27 6 0.015625
27 32 45 27 6 0.015625
27 32 47 27 6 0.015625
27 32 48 27 6 0.015625
27 32 49 27 6 0.015625
27 32 56 27 20 0.015625
27 32 57 27 20 0.015625
27 32 58 27 20 0.015625
27 32 59 27 20 0.015625
27 32 60 27 22 0.015625
27 32 61 27 22 0.015625
27 32 64 27 23 0.015625
27 32 65 27 47 0.015625
27 32 67 27 75 0.015625
27 32 68 27 75 0.015625
27 32 69 27 75 0.015625
27 32 70 27 45 0.015625
27 32 75 27 48 0.015625
27 32 76 27 48 0.015625
27 32 80 27 64 0.015625
27 32 81 27 64 0.015625
27 32 83 27 73 0.015625
27 32 84 27 73 0.015625
27 32 89 27 59 0.015625
27 32 90 27 59 0.015625
27 32 91 27 43 0.015625
27 32 95 27 30 0.015625
27 32 96 27 51 0.015625
27 32 97 27 28 0.015625
27 32 98 27 28 0.015625
27 32 100 27 6 0.015625
27 32 104 27 20 0.015625
27 32 106 27 47 0.015625
27 32 107 27 75 0.015625
27 32 108 27 45 0.015625
27 32 109 27 64 0.015625
27 32 110 27 73 0.015625
27 32 111 27 59 0.015625
27 32 115 27 51 0.015625
27 32 116 27 28 0.015625
27 32 117 27 6 0.03125
27 32 123 27 20 0.015625
27 32 124 27 31 0.015625
27 32 125 27 31 0.015625
27 32 126 27 71 0.015625
27 32 131 27 43 0.015625
27 32 132 27 30 0.015625
27 32 133 27 51 0.015625
27 35 5 27 45 0.015625
27 35 10 27 6 0.015625
27 35 11 27 6 0.015625
27 35 17 27 20 0.015625
27 35 24 27 48 0.015625
27 35 29 27 31 0.015625
27 35 30 27 76 0.015625
27 35 31 27 76 0.015625
27 35 34 27 73 0.015625
27 35 38 27 59 0.015625
27 35 44 27 28 0.015625
27 35 46 27 6 0.015625
27 35 47 27 6 0.015625
27 35 48 27 6 0.015625
27 35 49 27 6 0.015625
27 35 51 27 11 0.015625
27 35 53 27 16 0.015625
27 35 55 27 20 0.015625
27 35 57 27 20 0.015625
27 35 58 27 20 0.015625
27 35 59 27 20 0.015625
27 35 61 27 21 0.015625
27 35 63 27 22 0.015625
27 35 68 27 23 0.015625
27 35 69 27 47 0.015625
27 35 70 27 75 0.015625
27 35 76 27 48 0.015625
27 35 77 27 48 0.015625
27 35 78 27 48 0.015625
27 35 80 27 48 0.015625
27 35 87 27 64 0.015625
27 35 88 27 73 0.015625
27 35 91 27 44 0.015625
27 35 93 27 59 0.015625
27 35 96 27 59 0.015625
27 35 97 27 59 0.015625
27 35 102 27 30 0.015625
27 35 104 27 28 0.015625
27 35 105 27 6 0.015625
27 35 106 27 6 0.015625
27 35 109 27 11 0.015625
27 35 114 27 23 0.015625
27 35 115 27 23 0.015625
27 35 116 27 75 0.015625
27 35 117 27 75 0.015625
27 35 118 27 75 0.015625
27 35 119 27 75 0.015625
27 35 120 27 31 0.015625
27 35 121 27 76 0.015625
27 35 123 27 64 0.015625
27 35 124 27 59 0.015625
27 35 127 27 43 0.015625
27 35 129 27 28 0.015625
27 35 130 27 6 0.015625
27 35 132 27 11 0.015625
27 35 133 27 11 0.015625
27 35 134 27 20 0.015625
27 35 135 27 23 0.015625
27 35 136 27 71 0.015625
27 35 138 27 73 0.015625
27 35 139 27 73 0.015625
27 35 144 27 30 0.015625
27 35 145 27 30 0.015625
27 35 146 27 73 0.015625
31 7 6 31 2 0.015625
31 7 9 31 4 0.015625
31 7 10 31 4 0.015625
31 7 16 31 17 0.015625
31 7 17 31 17 0.015625
31 7 18 31 21 0.015625
31 7 25 31 29 0.015625
31 7 26 31 29 0.015625
31 7 29 31 30 0.015625
31 7 31 31 30 0.015625
31 7 37 31 38 0.015625
31 7 45 31 74 0.015625
31 7 47 31 74 0.015625
31 7 50 31 41 0.015625
31 7 51 31 41 0.015625
31 7 59 31 4 0.015625
31 7 61 31 9 0.015625
31 7 62 31 12 0.015625
31 7 63 31 12 0.015625
31 7 64 31 12 0.015625
31 7 66 31 12 0.015625
31 7 68 31 17 0.015625
31 7 69 31 17 0.015625
31 7 72 31 21 0.015625
31 7 73 31 23 0.015625
31 7 74 31 23 0.015625
31 7 77 31 27 0.015625
31 7 80 31 28 0.015625
31 7 88 31 40 0.015625
31 7 89 31 38 0.015625
31 7 90 31 34 0.015625
31 7 93 31 74 0.015625
31 7 95 31 74 0.015625
31 7 96 31 74 0.015625
31 7 99 31 66 0.015625
31 7 100 31 60 0.015625
31 7 103 31 41 0.015625
31 7 105 31 41 0.015625
31 7 106 31 41 0.015625
31 7 107 31 41 0.015625
31 7 108 31 41 0.015625
31 7 109 31 47 0.015625
31 7 110 31 47 0.015625
31 7 111 31 56 0.015625
31 7 114 31 56 0.015625
31 7 115 31 79 0.015625
31 7 116 31 4 0.015625
31 7 117 31 4 0.015625
31 7 119 31 12 0.015625
31 7 120 31 12 0.015625
31 7 121 31 17 0.015625
31 7 122 31 17 0.015625
31 7 124 31 23 0.015625
31 7 126 31 27 0.015625
31 7 127 31 29 0.015625
31 7 128 31 29 0.015625
31 7 134 31 52 0.015625
31 7 136 31 74 0.015625
31 7 141 31 2 0.015625
31 7 142 31 17 0.015625
31 7 143 31 23 0.015625
31 7 146 31 38 0.015625
31 7 149 31 66 0.015625
31 7 150 31 41 0.015625
31 24 2 31 17 0.015625
31 24 7 31 2 0.015625
31 24 9 31 4 0.015625
31 24 10 31 4 0.015625
31 24 11 31 12 0.015625
31 24 12 31 17 0.015625
31 24 13 31 17 0.015625
31 24 14 31 17 0.015625
31 24 15 31 21 0.015625
31 24 16 31 27 0.015625
31 24 17 31 27 0.015625
31 24 20 31 29 0.015625
31 24 21 31 29 0.015625
31 24 22 31 30 0.015625
31 24 25 31 55 0.015625
31 24 32 31 58 0.015625
31 24 33 31 58 0.015625
31 24 38 31 74 0.015625
31 24 39 31 74 0.015625
31 24 42 31 41 0.015625
31 24 43 31 41 0.015625
31 24 44 31 41 0.015625
31 24 45 31 41 0.03125
31 24 46 31 41 0.015625
31 24 48 31 79 0.015625
31 24 54 31 4 0.015625
31 24 55 31 4 0.015625
31 24 57 31 9 0.015625
31 24 58 31 12 0.015625
31 24 59 31 12 0.015625
31 24 60 31 12 0.015625
31 24 61 31 12 0.015625
31 24 62 31 17 0.015625
31 24 63 31 21 0.015625
31 24 65 31 23 0.015625
31 24 66 31 23 0.015625
31 24 68 31 28 0.015625
31 24 70 31 29 0.015625
31 24 71 31 29 0.015625
31 24 72 31 30 0.015625
31 24 73 31 30 0.015625
31 24 76 31 40 0.015625
31 24 80 31 34 0.015625
31 24 83 31 58 0.015625
31 24 87 31 74 0.015625
31 24 88 31 66 0.015625
31 24 92 31 60 0.015625
31 24 93 31 41 0.015625
31 24 94 31 41 0.015625
31 24 96 31 56 0.015625
31 24 97 31 56 0.015625
31 24 98 31 56 0.015625
31 24 99 31 56 0.015625
31 24 102 31 12 0.015625
31 24 107 31 23 0.015625
31 24 109 31 27 0.015625
31 24 110 31 28 0.015625
31 24 113 31 40 0.015625
31 24 114 31 34 0.015625
31 24 116 31 41 0.015625
31 24 118 31 17 0.015625
31 24 119 31 23 0.015625
31 24 125 31 66 0.015625
31 32 0 31 32 0.015625
31 32 2 31 23 0.015625
31 32 9 31 4 0.015625
31 32 15 31 12 0.015625
31 32 16 31 12 0.015625
31 32 17 31 17 0.015625
31 32 18 31 17 0.015625
31 32 20 31 17 0.015625
31 32 21 31 21 0.015625
31 32 33 31 52 0.015625
31 32 38 31 74 0.015625
31 32 39 31 74 0.015625
31 32 42 31 41 0.015625
31 32 45 31 47 0.015625
31 32 46 31 79 0.015625
31 32 49 31 2 0.015625
31 32 51 31 4 0.015625
31 32 52 31 4 0.015625
31 32 53 31 4 0.015625
31 32 54 31 12 0.015625
31 32 55 31 12 0.015625
31 32 57 31 17 0.015625
31 32 59 31 17 0.015625
31 32 60 31 21 0.015625
31 32 62 31 23 0.015625
31 32 71 31 27 0.015625
31 32 72 31 27 0.015625
31 32 79 31 30 0.015625
31 32 83 31 55 0.015625
31 32 88 31 40 0.015625
31 32 89 31 38 0.015625
31 32 91 31 34 0.015625
31 32 92 31 34 0.015625
31 32 95 31 58 0.015625
31 32 98 31 74 0.015625
31 32 99 31 74 0.015625
31 32 100 31 74 0.015625
31 32 102 31 60 0.015625
31 32 103 31 41 0.015625
31 32 104 31 41 0.015625
31 32 105 31 41 0.015625
31 32 106 31 41 0.015625
31 32 107 31 41 0.015625
31 32 108 31 41 0.015625
31 32 110 31 56 0.015625
31 32 111 31 56 0.015625
31 32 112 31 56 0.015625
31 32 114 31 2 0.015625
31 32 115 31 4 0.015625
31 32 116 31 9 0.015625
31 32 117 31 12 0.015625
31 32 118 31 12 0.015625
31 32 119 31 12 0.015625
31 32 123 31 23 0.015625
31 32 125 31 27 0.015625
31 32 126 31 27 0.015625
31 32 127 31 29 0.015625
31 32 134 31 74 0.015625
31 32 136 31 41 0.015625
31 32 137 31 47 0.015625
31 32 143 31 29 0.015625
31 32 144 31 30 0.015625
31 32 148 31 52 0.015625
31 32 149 31 58 0.015625
31 35 0 31 12 0.015625
31 35 3 31 55 0.015625
31 35 9 31 41 0.015625
31 35 15 31 4 0.015625
31 35 17 31 4 0.015625
31 35 20 31 17 0.015625
31 35 25 31 27 0.015625
31 35 27 31 28 0.015625
31 35 32 31 38 0.015625
31 35 34 31 52 0.015625
31 35 36 31 34 0.015625
31 35 39 31 74 0.015625
31 35 40 31 74 0.015625
31 35 43 31 41 0.015625
31 35 45 31 56 0.015625
31 35 47 31 79 0.015625
31 35 49 31 2 0.015625
31 35 50 31 4 0.015625
31 35 51 31 4 0.015625
31 35 53 31 9 0.015625
31 35 55 31 12 0.015625
31 35 56 31 12 0.015625
31 35 57 31 12 0.015625
31 35 58 31 17 0.015625
31 35 59 31 17 0.015625
31 35 60 31 21 0.015625
31 35 67 31 27 0.015625
31 35 70 31 28 0.015625
31 35 71 31 29 0.015625
31 35 76 31 30 0.015625
31 35 79 31 55 0.015625
31 35 81 31 40 0.015625
31 35 84 31 38 0.015625
31 35 87 31 34 0.015625
31 35 88 31 58 0.015625
31 35 89 31 58 0.015625
31 35 91 31 74 0.015625
31 35 93 31 74 0.015625
31 35 94 31 74 0.015625
31 35 95 31 74 0.015625
31 35 98 31 60 0.015625
31 35 99 31 41 0.015625
31 35 100 31 41 0.015625
31 35 101 31 56 0.015625
31 35 103 31 2 0.015625
31 35 104 31 4 0.015625
31 35 106 31 4 0.015625
31 35 108 31 9 0.015625
31 35 109 31 12 0.015625
31 35 110 31 17 0.015625
31 35 111 31 17 0.015625
31 35 112 31 23 0.015625
31 35 113 31 23 0.015625
31 35 114 31 23 0.015625
31 35 116 31 27 0.015625
31 35 118 31 28 0.015625
31 35 121 31 38 0.015625
31 35 122 31 74 0.015625
31 35 124 31 41 0.015625
31 35 129 31 27 0.015625
31 35 132 31 30 0.015625
31 35 133 31 40 0.015625
31 35 134 31 38 0.015625
31 35 137 31 41 0.015625
33 7 3 33 70 0.015625
33 7 7 33 3 0.015625
33 7 9 33 3 0.015625
33 7 10 33 4 0.015625
33 7 11 33 4 0.015625
33 7 12 33 5 0.015625
33 7 13 33 5 0.015625
33 7 15 33 6 0.015625
33 7 18 33 8 0.015625
33 7 19 33 8 0.015625
33 7 20 33 10 0.015625
33 7 24 33 13 0.015625
33 7 30 33 18 0.015625
33 7 35 33 26 0.015625
33 7 38 33 43 0.015625
33 7 40 33 43 0.015625
33 7 41 33 74 0.015625
33 7 49 33 50 0.015625
33 7 54 33 71 0.015625
33 7 60 33 3 0.015625
33 7 62 33 3 0.015625
33 7 64 33 4 0.015625
33 7 65 33 4 0.015625
33 7 66 33 4 0.015625
33 7 67 33 5 0.015625
33 7 68 33 6 0.015625
33 7 69 33 8 0.015625
33 7 70 33 10 0.015625
33 7 72 33 10 0.015625
33 7 73 33 13 0.015625
33 7 80 33 25 0.015625
33 7 82 33 26 0.015625
33 7 86 33 43 0.015625
33 7 87 33 43 0.015625
33 7 89 33 43 0.015625
33 7 92 33 43 0.015625
33 7 93 33 43 0.015625
33 7 94 33 74 0.015625
33 7 97 33 74 0.015625
33 7 98 33 74 0.015625
33 7 100 33 72 0.015625
33 7 101 33 72 0.015625
33 7 102 33 72 0.015625
33 7 103 33 72 0.015625
33 7 108 33 79 0.015625
33 7 111 33 69 0.015625
33 7 112 33 69 0.015625
33 7 114 33 71 0.015625
33 7 116 33 75 0.015625
33 7 121 33 3 0.015625
33 7 122 33 3 0.015625
33 7 123 33 10 0.015625
33 7 128 33 26 0.015625
33 7 132 33 74 0.015625
33 7 133 33 74 0.015625
33 7 139 33 75 0.015625
33 7 140 33 3 0.015625
33 7 141 33 10 0.015625
33 7 143 33 15 0.015625
33 7 144 33 26 0.015625
33 7 147 33 72 0.015625
33 7 149 33 78 0.015625
33 7 150 33 69 0.015625
33 7 151 33 4 0.015625
33 24 1 33 13 0.015625
33 24 10 33 3 0.015625
33 24 11 33 3 0.03125
33 24 12 33 3 0.015625
33 24 14 33 4 0.015625
33 24 16 33 5 0.015625
33 24 17 33 5 0.015625
33 24 18 33 5 0.015625
33 24 19 33 6 0.015625
33 24 20 33 6 0.015625
33 24 22 33 8 0.015625
33 24 24 33 10 0.015625
33 24 26 33 15 0.015625
33 24 28 33 18 0.015625
33 24 30 33 30 0.015625
33 24 32 33 43 0.015625
33 24 33 33 43 0.015625
33 24 34 33 43 0.015625
33 24 37 33 50 0.015625
33 24 40 33 79 0.015625
33 24 51 33 75 0.015625
33 24 54 33 65 0.015625
33 24 55 33 65 0.015625
33 24 57 33 77 0.015625
33 24 58 33 3 0.015625
33 24 61 33 4 0.015625
33 24 62 33 4 0.015625
33 24 63 33 4 0.015625
33 24 71 33 8 0.015625
33 24 72 33 10 0.015625
33 24 74 33 10 0.015625
33 24 78 33 26 0.015625
33 24 83 33 43 0.015625
33 24 84 33 43 0.015625
33 24 85 33 43 0.015625
33 24 86 33 43 0.015625
33 24 87 33 43 0.015625
33 24 89 33 74 0.015625
33 24 90 33 74 0.015625
33 24 91 33 72 0.015625
33 24 92 33 72 0.015625
33 24 93 33 72 0.015625
33 24 97 33 78 0.015625
33 24 98 33 50 0.015625
33 24 100 33 69 0.015625
33 24 102 33 44 0.015625
33 24 104 33 75 0.015625
33 24 109 33 3 0.015625
33 24 111 33 5 0.015625
33 24 112 33 6 0.015625
33 24 113 33 8 0.015625
33 24 114 33 10 0.015625
33 24 115 33 10 0.015625
33 24 117 33 13 0.015625
33 24 119 33 26 0.015625
33 24 121 33 43 0.015625
33 24 122 33 74 0.015625
33 24 125 33 3 0.015625
33 24 127 33 10 0.015625
33 24 128 33 25 0.015625
33 24 129 33 72 0.015625
33 24 132 33 69 0.015625
33 24 134 33 75 0.015625
33 32 1 33 10 0.015625
33 32 2 33 15 0.015625
33 32 9 33 3 0.015625
33 32 10 33 3 0.015625
33 32 14 33 4 0.015625
33 32 16 33 4 0.015625
33 32 18 33 5 0.015625
33 32 19 33 5 0.015625
33 32 22 33 10 0.015625
33 32 35 33 26 0.015625
33 32 36 33 30 0.015625
33 32 37 33 74 0.015625
33 32 39 33 72 0.015625
33 32 42 33 79 0.015625
33 32 45 33 69 0.015625
33 32 48 33 71 0.015625
33 32 51 33 3 0.015625
33 32 52 33 3 0.015625
33 32 53 33 3 0.015625
33 32 54 33 3 0.015625
33 32 56 33 5 0.015625
33 32 57 33 5 0.015625
33 32 58 33 6 0.015625
33 32 62 33 8 0.015625
33 32 64 33 8 0.015625
33 32 65 33 8 0.015625
33 32 67 33 10 0.015625
33 32 68 33 13 0.015625
33 32 72 33 25 0.015625
33 32 74 33 26 0.015625
33 32 75 33 28 0.015625
33 32 80 33 43 0.015625
33 32 81 33 43 0.015625
33 32 82 33 43 0.015625
33 32 83 33 74 0.015625
33 32 84 33 74 0.015625
33 32 85 33 74 0.015625
33 32 87 33 74 0.015625
33 32 88 33 72 0.015625
33 32 89 33 72 0.015625
33 32 90 33 72 0.015625
33 32 94 33 50 0.015625
33 32 95 33 50 0.015625
33 32 98 33 69 0.015625
33 32 104 33 77 0.015625
33 32 106 33 3 0.015625
33 32 107 33 5 0.015625
33 32 109 33 10 0.015625
33 32 110 33 13 0.015625
33 32 112 33 26 0.015625
33 32 116 33 43 0.015625
33 32 117 33 43 0.015625
33 32 118 33 74 0.015625
33 32 120 33 74 0.015625
33 32 121 33 74 0.015625
33 32 122 33 78 0.015625
33 32 125 33 3 0.015625
33 32 126 33 10 0.015625
33 32 127 33 13 0.015625
33 32 129 33 26 0.015625
33 32 130 33 26 0.015625
33 32 131 33 30 0.015625
33 32 132 33 72 0.015625
33 32 135 33 71 0.015625
33 35 6 33 3 0.015625
33 35 7 33 3 0.015625
33 35 9 33 3 0.015625
33 35 10 33 3 0.015625
33 35 13 33 4 0.015625
33 35 15 33 5 0.015625
33 35 19 33 6 0.015625
33 35 22 33 10 0.015625
33 35 23 33 10 0.015625
33 35 29 33 18 0.015625
33 35 39 33 43 0.015625
33 35 42 33 72 0.015625
33 35 44 33 78 0.015625
33 35 48 33 50 0.015625
33 35 52 33 79 0.015625
33 35 53 33 70 0.015625
33 35 54 33 69 0.015625
33 35 61 33 3 0.015625
33 35 62 33 3 0.015625
33 35 63 33 4 0.015625
33 35 65 33 5 0.015625
33 35 68 33 8 0.015625
33 35 69 33 8 0.015625
33 35 70 33 8 0.015625
33 35 72 33 10 0.015625
33 35 74 33 10 0.015625
33 35 79 33 18 0.015625
33 35 80 33 26 0.015625
33 35 81 33 26 0.015625
33 35 82 33 26 0.015625
33 35 84 33 28 0.015625
33 35 87 33 30 0.015625
33 35 88 33 43 0.015625
33 35 91 33 43 0.015625
33 35 93 33 74 0.015625
33 35 96 33 74 0.015625
33 35 98 33 74 0.015625
33 35 99 33 74 0.015625
33 35 100 33 74 0.015625
33 35 102 33 72 0.015625
33 35 103 33 72 0.015625
33 35 104 33 79 0.015625
33 35 107 33 71 0.015625
33 35 111 33 65 0.015625
33 35 115 33 77 0.015625
33 35 117 33 3 0.015625
33 35 118 33 3 0.015625
33 35 119 33 4 0.015625
33 35 121 33 4 0.015625
33 35 122 33 5 0.015625
33 35 123 33 5 0.015625
33 35 124 33 6 0.015625
33 35 125 33 10 0.015625
33 35 126 33 10 0.015625
33 35 128 33 26 0.015625
33 35 130 33 28 0.015625
33 35 131 33 43 0.015625
33 35 133 33 43 0.015625
33 35 134 33 74 0.015625
33 35 135 33 72 0.015625
33 35 139 33 75 0.015625
33 35 140 33 3 0.015625
33 35 147 33 30 0.015625
33 35 148 33 72 0.015625
37 7 0 37 7 0.015625
37 7 4 37 35 0.015625
37 7 5 37 57 0.015625
37 7 10 37 0 0.015625
37 7 11 37 5 0.015625
37 7 19 37 25 0.015625
37 7 20 37 25 0.015625
37 7 21 37 25 0.015625
37 7 22 37 25 0.015625
37 7 27 37 57 0.015625
37 7 28 37 58 0.015625
37 7 32 37 75 0.015625
37 7 35 37 54 0.015625
37 7 40 37 45 0.015625
37 7 41 37 45 0.015625
37 7 44 37 41 0.015625
37 7 45 37 52 0.015625
37 7 51 37 61 0.015625
37 7 52 37 61 0.015625
37 7 55 37 5 0.015625
37 7 59 37 12 0.015625
37 7 63 37 25 0.03125
37 7 64 37 25 0.015625
37 7 65 37 57 0.015625
37 7 67 37 58 0.015625
37 7 68 37 60 0.015625
37 7 70 37 69 0.015625
37 7 71 37 69 0.015625
37 7 72 37 69 0.015625
37 7 73 37 75 0.015625
37 7 75 37 50 0.015625
37 7 77 37 50 0.015625
37 7 80 37 54 0.03125
37 7 81 37 54 0.015625
37 7 82 37 54 0.015625
37 7 88 37 41 0.015625
37 7 89 37 52 0.015625
37 7 92 37 70 0.015625
37 7 93 37 61 0.015625
37 7 94 37 61 0.015625
37 7 95 37 0 0.015625
37 7 96 37 2 0.015625
37 7 97 37 11 0.015625
37 7 101 37 25 0.015625
37 7 102 37 25 0.015625
37 7 104 37 42 0.015625
37 7 105 37 58 0.015625
37 7 108 37 75 0.015625
37 7 109 37 75 0.015625
37 7 110 37 75 0.015625
37 7 111 37 50 0.015625
37 7 113 37 54 0.015625
37 7 114 37 45 0.015625
37 7 115 37 41 0.015625
37 7 116 37 52 0.015625
37 7 117 37 52 0.015625
37 7 120 37 61 0.015625
37 7 122 37 20 0.015625
37 7 125 37 50 0.015625
37 7 126 37 78 0.015625
37 7 128 37 61 0.015625
37 7 129 37 54 0.015625
37 24 2 37 11 0.015625
37 24 8 37 0 0.015625
37 24 10 37 5 0.015625
37 24 11 37 5 0.015625
37 24 14 37 6 0.015625
37 24 21 37 14 0.015625
37 24 23 37 25 0.015625
37 24 24 37 25 0.015625
37 24 25 37 25 0.015625
37 24 27 37 28 0.015625
37 24 29 37 57 0.015625
37 24 34 37 58 0.015625
37 24 36 37 69 0.015625
37 24 37 37 75 0.015625
37 24 39 37 75 0.015625
37 24 40 37 50 0.015625
37 24 42 37 50 0.015625
37 24 43 37 54 0.015625
37 24 45 37 45 0.015625
37 24 46 37 45 0.015625
37 24 50 37 41 0.015625
37 24 54 37 70 0.015625
37 24 55 37 61 0.015625
37 24 56 37 61 0.015625
37 24 57 37 61 0.015625
37 24 65 37 14 0.015625
37 24 68 37 20 0.015625
37 24 69 37 20 0.015625
37 24 70 37 20 0.015625
37 24 73 37 25 0.015625
37 24 78 37 57 0.015625
37 24 79 37 57 0.015625
37 24 81 37 57 0.015625
37 24 82 37 57 0.015625
37 24 88 37 58 0.015625
37 24 89 37 60 0.015625
37 24 91 37 69 0.015625
37 24 93 37 75 0.015625
37 24 94 37 75 0.015625
37 24 95 37 50 0.015625
37 24 96 37 54 0.015625
37 24 97 37 78 0.015625
37 24 100 37 41 0.015625
37 24 102 37 41 0.015625
37 24 105 37 70 0.015625
37 24 108 37 61 0.015625
37 24 113 37 25 0.015625
37 24 117 37 57 0.015625
37 24 118 37 57 0.015625
37 24 121 37 58 0.015625
37 24 122 37 60 0.015625
37 24 123 37 60 0.015625
37 24 129 37 54 0.015625
37 24 130 37 78 0.015625
37 24 132 37 52 0.015625
37 24 134 37 61 0.015625
37 24 135 37 6 0.015625
37 24 136 37 25 0.015625
37 24 137 37 28 0.015625
37 24 140 37 75 0.015625
37 24 141 37 50 0.015625
37 24 142 37 54 0.015625
37 24 143 37 54 0.015625
37 24 145 37 41 0.015625
37 32 2 37 35 0.015625
37 32 10 37 5 0.015625
37 32 13 37 11 0.015625
37 32 23 37 25 0.015625
37 32 28 37 57 0.015625
37 32 29 37 57 0.015625
37 32 30 37 42 0.015625
37 32 35 37 69 0.015625
37 32 36 37 69 0.015625
37 32 42 37 45 0.015625
37 32 44 37 41 0.015625
37 32 47 37 52 0.015625
37 32 49 37 52 0.015625
37 32 53 37 61 0.015625
37 32 56 37 2 0.015625
37 32 59 37 6 0.015625
37 32 62 37 14 0.015625
37 32 63 37 14 0.015625
37 32 64 37 14 0.015625
37 32 65 37 20 0.015625
37 32 68 37 25 0.015625
37 32 69 37 25 0.015625
37 32 70 37 25 0.015625
37 32 71 37 25 0.015625
37 32 72 37 25 0.015625
37 32 73 37 28 0.015625
37 32 76 37 57 0.015625
37 32 77 37 42 0.015625
37 32 82 37 58 0.015625
37 32 83 37 58 0.015625
37 32 85 37 60 0.015625
37 32 86 37 69 0.015625
37 32 87 37 75 0.015625
37 32 88 37 75 0.015625
37 32 89 37 75 0.015625
37 32 90 37 50 0.015625
37 32 91 37 50 0.015625
37 32 92 37 50 0.015625
37 32 93 37 50 0.015625
37 32 95 37 50 0.015625
37 32 99 37 54 0.015625
37 32 100 37 54 0.015625
37 32 101 37 54 0.015625
37 32 102 37 45 0.015625
37 32 103 37 45 0.015625
37 32 109 37 70 0.015625
37 32 111 37 70 0.015625
37 32 113 37 61 0.015625
37 32 115 37 61 0.015625
37 32 116 37 61 0.015625
37 32 120 37 12 0.015625
37 32 122 37 20 0.015625
37 32 124 37 25 0.015625
37 32 130 37 78 0.015625
37 32 132 37 45 0.015625
37 32 133 37 45 0.015625
37 32 136 37 52 0.015625
37 32 138 37 61 0.015625
37 32 141 37 11 0.015625
37 32 142 37 25 0.015625
37 32 145 37 57 0.015625
37 32 146 37 50 0.015625
37 32 147 37 54 0.015625
37 32 149 37 52 0.015625
37 35 0 37 35 0.015625
37 35 7 37 45 0.015625
37 35 9 37 0 0.015625
37 35 13 37 6 0.015625
37 35 16 37 11 0.015625
37 35 23 37 25 0.015625
37 35 24 37 25 0.015625
37 35 26 37 28 0.015625
37 35 31 37 57 0.015625
37 35 35 37 69 0.015625
37 35 41 37 50 0.015625
37 35 44 37 52 0.015625
37 35 45 37 52 0.015625
37 35 50 37 61 0.015625
37 35 51 37 61 0.015625
37 35 52 37 61 0.015625
37 35 55 37 5 0.015625
37 35 64 37 25 0.015625
37 35 65 37 25 0.015625
37 35 66 37 28 0.015625
37 35 67 37 28 0.015625
37 35 68 37 57 0.015625
37 35 69 37 57 0.015625
37 35 72 37 58 0.015625
37 35 73 37 58 0.015625
37 35 74 37 60 0.015625
37 35 75 37 60 0.015625
37 35 78 37 75 0.015625
37 35 79 37 75 0.015625
37 35 80 37 50 0.015625
37 35 81 37 54 0.015625
37 35 82 37 54 0.015625
37 35 84 37 54 0.015625
37 35 85 37 54 0.015625
37 35 89 37 52 0.015625
37 35 93 37 70 0.015625
37 35 94 37 70 0.015625
37 35 95 37 61 0.015625
37 35 96 37 61 0.015625
37 35 97 37 0 0.015625
37 35 98 37 5 0.015625
37 35 99 37 5 0.015625
37 35 101 37 12 0.015625
37 35 102 37 12 0.015625
37 35 103 37 20 0.015625
37 35 105 37 25 0.015625
37 35 108 37 28 0.015625
37 35 109 37 57 0.015625
37 35 112 37 60 0.015625
37 35 116 37 75 0.015625
37 35 117 37 75 0.015625
37 35 118 37 50 0.015625
37 35 119 37 50 0.015625
37 35 120 37 54 0.015625
37 35 121 37 54 0.015625
37 35 123 37 54 0.015625
37 35 125 37 41 0.015625
37 35 129 37 61 0.015625
37 35 131 37 25 0.015625
37 35 133 37 57 0.015625
37 35 135 37 57 0.015625
37 35 136 37 50 0.015625
37 35 139 37 61 0.015625
37 35 140 37 60 0.015625
40 7 0 40 5 0.015625
40 7 1 40 14 0.015625
40 7 3 40 35 0.015625
40 7 4 40 39 0.015625
40 7 5 40 77 0.015625
40 7 7 40 64 0.015625
40 7 9 40 0 0.015625
40 7 11 40 1 0.015625
40 7 13 40 6 0.015625
40 7 14 40 6 0.015625
40 7 15 40 6 0.015625
40 7 19 40 10 0.015625
40 7 25 40 29 0.015625
40 7 28 40 30 0.015625
40 7 33 40 53 0.015625
40 7 36 40 63 0.015625
40 7 49 40 1 0.015625
40 7 51 40 2 0.015625
40 7 53 40 6 0.03125
40 7 54 40 6 0.015625
40 7 55 40 6 0.015625
40 7 57 40 6 0.015625
40 7 58 40 6 0.015625
40 7 59 40 9 0.015625
40 7 60 40 10 0.015625
40 7 65 40 28 0.015625
40 7 66 40 28 0.015625
40 7 68 40 30 0.015625
40 7 72 40 34 0.015625
40 7 75 40 39 0.015625
40 7 79 40 77 0.015625
40 7 80 40 63 0.015625
40 7 81 40 63 0.015625
40 7 82 40 63 0.015625
40 7 84 40 60 0.015625
40 7 85 40 64 0.015625
40 7 88 40 42 0.015625
40 7 89 40 78 0.015625
40 7 94 40 48 0.015625
40 7 96 40 48 0.015625
40 7 99 40 1 0.015625
40 7 100 40 1 0.015625
40 7 102 40 2 0.015625
40 7 104 40 10 0.015625
40 7 106 40 29 0.015625
40 7 109 40 30 0.015625
40 7 111 40 31 0.015625
40 7 112 40 31 0.015625
40 7 116 40 53 0.015625
40 7 117 40 77 0.015625
40 7 118 40 63 0.015625
40 7 119 40 63 0.015625
40 7 120 40 63 0.015625
40 7 121 40 52 0.015625
40 7 122 40 42 0.015625
40 7 126 40 1 0.015625
40 7 127 40 1 0.015625
40 7 128 40 5 0.015625
40 7 131 40 31 0.015625
40 7 133 40 39 0.015625
40 7 134 40 63 0.015625
40 7 136 40 78 0.015625
40 7 138 40 34 0.015625
40 24 1 40 11 0.015625
40 24 5 40 39 0.015625
40 24 7 40 0 0.015625
40 24 8 40 0 0.015625
40 24 9 40 1 0.015625
40 24 10 40 1 0.015625
40 24 11 40 5 0.015625
40 24 12 40 6 0.015625
40 24 13 40 6 0.03125
40 24 14 40 6 0.015625
40 24 16 40 9 0.015625
40 24 17 40 10 0.015625
40 24 19 40 14 0.015625
40 24 21 40 14 0.015625
40 24 26 40 29 0.015625
40 24 30 40 34 0.015625
40 24 31 40 34 0.015625
40 24 38 40 77 0.015625
40 24 39 40 63 0.015625
40 24 40 40 63 0.015625
40 24 41 40 63 0.015625
40 24 42 40 60 0.015625
40 24 51 40 78 0.015625
40 24 52 40 48 0.015625
40 24 56 40 1 0.015625
40 24 57 40 1 0.015625
40 24 59 40 2 0.015625
40 24 62 40 6 0.015625
40 24 64 40 6 0.015625
40 24 65 40 9 0.015625
40 24 67 40 9 0.015625
40 24 68 40 9 0.015625
40 24 71 40 29 0.015625
40 24 72 40 29 0.015625
40 24 74 40 29 0.015625
40 24 75 40 30 0.015625
40 24 76 40 31 0.015625
40 24 85 40 39 0.015625
40 24 87 40 39 0.015625
40 24 88 40 53 0.015625
40 24 91 40 77 0.015625
40 24 92 40 63 0.015625
40 24 93 40 63 0.015625
40 24 94 40 63 0.015625
40 24 96 40 63 0.015625
40 24 97 40 49 0.015625
40 24 100 40 42 0.015625
40 24 104 40 78 0.015625
40 24 105 40 78 0.015625
40 24 110 40 1 0.015625
40 24 111 40 1 0.015625
40 24 113 40 6 0.015625
40 24 115 40 34 0.015625
40 24 118 40 53 0.015625
40 24 119 40 77 0.015625
40 24 120 40 77 0.015625
40 24 121 40 63 0.015625
40 24 122 40 60 0.015625
40 24 129 40 1 0.015625
40 24 134 40 6 0.015625
40 24 136 40 10 0.015625
40 24 137 40 31 0.015625
40 24 138 40 39 0.015625
40 32 3 40 35 0.015625
40 32 5 40 64 0.015625
40 32 7 40 48 0.015625
40 32 9 40 1 0.015625
40 32 13 40 6 0.015625
40 32 17 40 11 0.015625
40 32 23 40 14 0.015625
40 32 26 40 28 0.015625
40 32 27 40 28 0.015625
40 32 29 40 29 0.015625
40 32 40 40 63 0.015625
40 32 44 40 52 0.015625
40 32 46 40 49 0.015625
40 32 47 40 42 0.015625
40 32 49 40 0 0.015625
40 32 50 40 1 0.015625
40 32 51 40 1 0.015625
40 32 52 40 1 0.015625
40 32 54 40 2 0.015625
40 32 55 40 2 0.015625
40 32 58 40 6 0.015625
40 32 59 40 6 0.015625
40 32 60 40 6 0.015625
40 32 61 40 6 0.015625
40 32 62 40 6 0.015625
40 32 63 40 6 0.015625
40 32 64 40 6 0.015625
40 32 65 40 9 0.015625
40 32 67 40 10 0.015625
40 32 75 40 30 0.015625
40 32 81 40 39 0.015625
40 32 85 40 77 0.015625
40 32 86 40 63 0.015625
40 32 87 40 63 0.015625
40 32 88 40 63 0.015625
40 32 89 40 63 0.015625
40 32 90 40 63 0.015625
40 32 91 40 63 0.015625
40 32 100 40 78 0.015625
40 32 101 40 78 0.015625
40 32 102 40 48 0.015625
40 32 103 40 48 0.015625
40 32 105 40 48 0.015625
40 32 107 40 0 0.015625
40 32 108 40 1 0.015625
40 32 109 40 1 0.015625
40 32 111 40 1 0.015625
40 32 112 40 2 0.015625
40 32 114 40 9 0.015625
40 32 115 40 10 0.015625
40 32 124 40 77 0.015625
40 32 125 40 63 0.015625
40 32 126 40 63 0.015625
40 32 129 40 78 0.015625
40 32 133 40 1 0.015625
40 32 136 40 9 0.015625
40 32 137 40 29 0.015625
40 32 138 40 30 0.015625
40 32 139 40 31 0.015625
40 32 140 40 39 0.015625
40 32 141 40 39 0.015625
40 32 142 40 53 0.015625
40 32 143 40 63 0.015625
40 32 146 40 34 0.015625
40 35 0 40 35 0.015625
40 35 1 40 1 0.015625
40 35 5 40 0 0.015625
40 35 6 40 0 0.015625
40 35 7 40 1 0.015625
40 35 13 40 6 0.015625
40 35 14 40 6 0.015625
40 35 16 40 10 0.015625
40 35 17 40 10 0.015625
40 35 25 40 28 0.015625
40 35 37 40 77 0.015625
40 35 40 40 63 0.015625
40 35 41 40 63 0.015625
40 35 42 40 52 0.015625
40 35 43 40 52 0.015625
40 35 49 40 42 0.015625
40 35 52 40 78 0.015625
40 35 54 40 48 0.015625
40 35 56 40 1 0.015625
40 35 57 40 1 0.015625
40 35 58 40 2 0.015625
40 35 60 40 6 0.015625
40 35 61 40 6 0.015625
40 35 62 40 6 0.015625
40 35 63 40 6 0.015625
40 35 64 40 6 0.015625
40 35 65 40 6 0.015625
40 35 66 40 9 0.015625
40 35 67 40 9 0.015625
40 35 69 40 9 0.015625
40 35 74 40 28 0.015625
40 35 75 40 29 0.015625
40 35 78 40 30 0.015625
40 35 79 40 30 0.015625
40 35 80 40 31 0.015625
40 35 83 40 34 0.015625
40 35 84 40 53 0.015625
40 35 85 40 77 0.015625
40 35 87 40 63 0.015625
40 35 88 40 63 0.015625
40 35 89 40 63 0.015625
40 35 90 40 63 0.015625
40 35 91 40 63 0.015625
40 35 93 40 60 0.015625
40 35 99 40 48 0.015625
40 35 100 40 48 0.015625
40 35 102 40 0 0.015625
40 35 104 40 0 0.015625
40 35 105 40 1 0.015625
40 35 106 40 1 0.015625
40 35 107 40 2 0.015625
40 35 108 40 6 0.015625
40 35 109 40 9 0.015625
40 35 111 40 10 0.015625
40 35 114 40 30 0.015625
40 35 115 40 53 0.015625
40 35 116 40 77 0.015625
40 35 117 40 60 0.015625
40 35 120 40 64 0.015625
40 35 122 40 42 0.015625
40 35 123 40 48 0.015625
40 35 128 40 30 0.015625
40 35 129 40 31 0.015625
40 35 132 40 63 0.015625
47 7 7 47 68 0.015625
47 7 9 47 0 0.015625
47 7 13 47 4 0.015625
47 7 14 47 4 0.015625
47 7 18 47 13 0.015625
47 7 19 47 13 0.015625
47 7 24 47 29 0.015625
47 7 25 47 29 0.015625
47 7 31 47 43 0.015625
47 7 33 47 43 0.015625
47 7 34 47 45 0.015625
47 7 35 47 45 0.015625
47 7 38 47 45 0.015625
47 7 40 47 46 0.015625
47 7 41 47 46 0.015625
47 7 47 47 65 0.015625
47 7 50 47 53 0.015625
47 7 52 47 68 0.015625
47 7 53 47 68 0.015625
47 7 54 47 68 0.015625
47 7 56 47 0 0.015625
47 7 58 47 0 0.015625
47 7 61 47 3 0.015625
47 7 63 47 4 0.015625
47 7 66 47 12 0.015625
47 7 68 47 13 0.015625
47 7 72 47 13 0.015625
47 7 75 47 29 0.015625
47 7 77 47 29 0.015625
47 7 78 47 31 0.015625
47 7 83 47 43 0.015625
47 7 88 47 59 0.015625
47 7 89 47 59 0.015625
47 7 93 47 76 0.015625
47 7 95 47 76 0.015625
47 7 96 47 49 0.015625
47 7 98 47 49 0.015625
47 7 100 47 50 0.015625
47 7 101 47 50 0.015625
47 7 106 47 68 0.015625
47 7 107 47 68 0.015625
47 7 109 47 54 0.015625
47 7 110 47 54 0.015625
47 7 112 47 3 0.015625
47 7 113 47 3 0.015625
47 7 114 47 12 0.015625
47 7 115 47 12 0.015625
47 7 116 47 27 0.015625
47 7 117 47 29 0.015625
47 7 118 47 29 0.015625
47 7 119 47 29 0.015625
47 7 123 47 36 0.015625
47 7 124 47 36 0.015625
47 7 127 47 46 0.015625
47 7 130 47 59 0.015625
47 7 131 47 58 0.015625
47 7 132 47 51 0.015625
47 7 133 47 51 0.015625
47 7 135 47 49 0.015625
47 7 136 47 53 0.015625
47 7 138 47 3 0.015625
47 7 142 47 46 0.015625
47 7 145 47 50 0.015625
47 7 146 47 68 0.015625
47 24 0 47 24 0.015625
47 24 2 47 13 0.015625
47 24 5 47 45 0.015625
47 24 7 47 76 0.03125
47 24 12 47 13 0.015625
47 24 16 47 29 0.015625
47 24 17 47 29 0.015625
47 24 21 47 43 0.015625
47 24 22 47 46 0.015625
47 24 23 47 59 0.015625
47 24 25 47 78 0.015625
47 24 26 47 58 0.015625
47 24 30 47 65 0.015625
47 24 38 47 68 0.015625
47 24 39 47 68 0.015625
47 24 41 47 0 0.015625
47 24 42 47 0 0.015625
47 24 45 47 0 0.015625
47 24 46 47 3 0.015625
47 24 47 47 3 0.015625
47 24 48 47 3 0.015625
47 24 49 47 3 0.015625
47 24 53 47 12 0.015625
47 24 54 47 12 0.015625
47 24 55 47 12 0.015625
47 24 56 47 12 0.015625
47 24 57 47 12 0.015625
47 24 58 47 12 0.015625
47 24 59 47 13 0.015625
47 24 60 47 13 0.015625
47 24 62 47 29 0.015625
47 24 63 47 29 0.015625
47 24 64 47 29 0.015625
47 24 66 47 29 0.015625
47 24 71 47 43 0.015625
47 24 72 47 43 0.015625
47 24 76 47 45 0.015625
47 24 77 47 46 0.015625
47 24 83 47 58 0.015625
47 24 84 47 58 0.015625
47 24 85 47 76 0.015625
47 24 87 47 51 0.015625
47 24 88 47 51 0.015625
47 24 89 47 49 0.015625
47 24 90 47 49 0.015625
47 24 91 47 50 0.015625
47 24 94 47 53 0.015625
47 24 97 47 68 0.015625
47 24 98 47 0 0.015625
47 24 101 47 12 0.015625
47 24 102 47 12 0.015625
47 24 103 47 13 0.015625
47 24 105 47 27 0.015625
47 24 107 47 29 0.015625
47 24 112 47 59 0.015625
47 24 115 47 51 0.015625
47 24 117 47 53 0.015625
47 24 118 47 68 0.015625
47 24 119 47 3 0.015625
47 24 123 47 46 0.015625
47 24 125 47 58 0.015625
47 24 130 47 50 0.015625
47 24 131 47 68 0.015625
47 32 3 47 35 0.015625
47 32 10 47 68 0.015625
47 32 11 47 0 0.015625
47 32 19 47 13 0.015625
47 32 20 47 13 0.015625
47 32 21 47 13 0.015625
47 32 26 47 29 0.015625
47 32 28 47 29 0.015625
47 32 33 47 45 0.015625
47 32 34 47 45 0.015625
47 32 35 47 45 0.015625
47 32 45 47 51 0.015625
47 32 46 47 49 0.015625
47 32 47 47 49 0.015625
47 32 48 47 53 0.015625
47 32 50 47 68 0.03125
47 32 51 47 68 0.015625
47 32 54 47 0 0.015625
47 32 55 47 3 0.015625
47 32 56 47 3 0.015625
47 32 57 47 4 0.015625
47 32 63 47 12 0.015625
47 32 65 47 13 0.015625
47 32 71 47 29 0.015625
47 32 73 47 29 0.015625
47 32 74 47 29 0.015625
47 32 76 47 43 0.015625
47 32 77 47 43 0.015625
47 32 78 47 45 0.015625
47 32 79 47 45 0.015625
47 32 80 47 45 0.015625
47 32 81 47 45 0.015625
47 32 82 47 46 0.015625
47 32 83 47 46 0.015625
47 32 84 47 59 0.015625
47 32 88 47 58 0.015625
47 32 90 47 51 0.015625
47 32 91 47 51 0.015625
47 32 94 47 49 0.015625
47 32 95 47 49 0.015625
47 32 98 47 50 0.015625
47 32 101 47 53 0.015625
47 32 103 47 68 0.015625
47 32 104 47 68 0.015625
47 32 105 47 68 0.015625
47 32 106 47 68 0.015625
47 32 110 47 12 0.015625
47 32 113 47 27 0.015625
47 32 115 47 29 0.015625
47 32 116 47 45 0.015625
47 32 117 47 78 0.015625
47 32 120 47 0 0.015625
47 32 123 47 3 0.015625
47 32 124 47 13 0.015625
47 32 126 47 29 0.015625
47 32 129 47 36 0.015625
47 32 131 47 58 0.015625
47 32 132 47 51 0.015625
47 32 133 47 51 0.015625
47 32 134 47 49 0.015625
47 32 136 47 50 0.015625
47 32 137 47 53 0.015625
47 32 138 47 54 0.015625
47 35 0 47 35 0.015625
47 35 1 47 12 0.015625
47 35 3 47 45 0.015625
47 35 7 47 51 0.015625
47 35 9 47 0 0.015625
47 35 15 47 12 0.015625
47 35 16 47 13 0.015625
47 35 17 47 13 0.015625
47 35 18 47 13 0.015625
47 35 19 47 13 0.015625
47 35 29 47 45 0.015625
47 35 34 47 76 0.015625
47 35 35 47 76 0.015625
47 35 36 47 65 0.015625
47 35 39 47 49 0.015625
47 35 40 47 49 0.015625
47 35 43 47 68 0.015625
47 35 44 47 68 0.015625
47 35 46 47 0 0.015625
47 35 49 47 3 0.015625
47 35 50 47 3 0.015625
47 35 51 47 4 0.015625
47 35 54 47 12 0.015625
47 35 55 47 13 0.015625
47 35 57 47 13 0.015625
47 35 58 47 13 0.015625
47 35 63 47 27 0.015625
47 35 66 47 29 0.015625
47 35 67 47 29 0.015625
47 35 68 47 29 0.015625
47 35 69 47 29 0.015625
47 35 71 47 36 0.015625
47 35 76 47 46 0.03125
47 35 77 47 46 0.015625
47 35 80 47 59 0.015625
47 35 83 47 76 0.015625
47 35 90 47 53 0.015625
47 35 92 47 53 0.015625
47 35 94 47 68 0.015625
47 35 95 47 68 0.015625
47 35 96 47 68 0.015625
47 35 98 47 54 0.015625
47 35 99 47 54 0.015625
47 35 100 47 0 0.015625
47 35 101 47 0 0.015625
47 35 102 47 4 0.015625
47 35 108 47 29 0.015625
47 35 109 47 43 0.015625
47 35 110 47 45 0.015625
47 35 113 47 76 0.015625
47 35 115 47 49 0.03125
47 35 116 47 53 0.015625
47 35 118 47 54 0.015625
47 35 121 47 3 0.015625
47 35 124 47 27 0.015625
47 35 125 47 29 0.015625
47 35 126 47 78 0.015625
47 35 127 47 51 0.015625
47 35 128 47 49 0.015625
47 35 130 47 50 0.015625
47 35 131 47 68 0.015625
47 35 132 47 78 0.015625
53 7 0 53 14 0.015625
53 7 3 53 44 0.015625
53 7 5 53 76 0.015625
53 7 6 53 64 0.015625
53 7 7 53 0 0.015625
53 7 8 53 10 0.015625
53 7 16 53 36 0.015625
53 7 22 53 44 0.015625
53 7 23 53 44 0.015625
53 7 24 53 44 0.015625
53 7 31 53 47 0.015625
53 7 38 53 71 0.015625
53 7 43 53 64 0.015625
53 7 51 53 0 0.015625
53 7 52 53 0 0.015625
53 7 53 53 0 0.015625
53 7 54 53 0 0.015625
53 7 55 53 0 0.015625
53 7 57 53 10 0.015625
53 7 59 53 19 0.015625
53 7 61 53 19 0.015625
53 7 65 53 36 0.015625
53 7 67 53 40 0.015625
53 7 70 53 42 0.015625
53 7 71 53 42 0.015625
53 7 74 53 43 0.015625
53 7 75 53 44 0.015625
53 7 76 53 44 0.015625
53 7 78 53 47 0.03125
53 7 79 53 47 0.015625
53 7 80 53 47 0.015625
53 7 84 53 71 0.015625
53 7 86 53 73 0.015625
53 7 87 53 76 0.015625
53 7 93 53 64 0.015625
53 7 94 53 64 0.015625
53 7 100 53 59 0.015625
53 7 101 53 0 0.015625
53 7 102 53 0 0.015625
53 7 103 53 0 0.015625
53 7 107 53 1 0.015625
53 7 108 53 1 0.015625
53 7 110 53 10 0.015625
53 7 113 53 23 0.015625
53 7 114 53 23 0.015625
53 7 116 53 36 0.015625
53 7 117 53 36 0.015625
53 7 118 53 39 0.015625
53 7 119 53 42 0.015625
53 7 120 53 42 0.015625
53 7 121 53 43 0.015625
53 7 122 53 46 0.015625
53 7 124 53 47 0.015625
53 7 125 53 47 0.015625
53 7 126 53 47 0.015625
53 7 128 53 71 0.015625
53 7 130 53 67 0.015625
53 7 132 53 0 0.015625
53 7 138 53 39 0.015625
53 7 140 53 71 0.015625
53 7 141 53 61 0.015625
53 7 142 53 61 0.015625
53 7 143 53 59 0.015625
53 24 4 53 76 0.015625
53 24 7 53 59 0.015625
53 24 8 53 0 0.015625
53 24 9 53 0 0.015625
53 24 10 53 0 0.015625
53 24 11 53 10 0.015625
53 24 13 53 14 0.015625
53 24 15 53 14 0.015625
53 24 17 53 36 0.015625
53 24 19 53 42 0.015625
53 24 22 53 43 0.015625
53 24 25 53 44 0.015625
53 24 26 53 46 0.015625
53 24 28 53 46 0.015625
53 24 30 53 47 0.015625
53 24 31 53 47 0.015625
53 24 39 53 73 0.015625
53 24 44 53 78 0.015625
53 24 45 53 61 0.015625
53 24 46 53 61 0.015625
53 24 47 53 0 0.015625
53 24 48 53 0 0.015625
53 24 49 53 0 0.015625
53 24 53 53 10 0.015625
53 24 55 53 19 0.015625
53 24 56 53 19 0.015625
53 24 58 53 23 0.015625
53 24 61 53 26 0.015625
53 24 65 53 39 0.015625
53 24 66 53 40 0.015625
53 24 69 53 42 0.015625
53 24 70 53 42 0.015625
53 24 71 53 43 0.015625
53 24 74 53 44 0.015625
53 24 75 53 44 0.015625
53 24 77 53 44 0.015625
53 24 81 53 69 0.015625
53 24 83 53 71 0.015625
53 24 85 53 71 0.015625
53 24 87 53 73 0.015625
53 24 88 53 67 0.015625
53 24 89 53 67 0.015625
53 24 90 53 67 0.015625
53 24 95 53 59 0.015625
53 24 97 53 0 0.015625
53 24 98 53 0 0.015625
53 24 99 53 1 0.015625
53 24 100 53 1 0.015625
53 24 101 53 1 0.015625
53 24 102 53 10 0.015625
53 24 105 53 23 0.015625
53 24 106 53 23 0.015625
53 24 108 53 36 0.015625
53 24 113 53 42 0.015625
53 24 115 53 44 0.015625
53 24 120 53 52 0.015625
53 24 123 53 0 0.015625
53 24 124 53 0 0.015625
53 24 127 53 19 0.015625
53 24 128 53 40 0.015625
53 24 129 53 44 0.015625
53 24 130 53 47 0.015625
53 24 131 53 47 0.015625
53 24 132 53 67 0.015625
53 32 1 53 23 0.015625
53 32 2 53 36 0.015625
53 32 5 53 67 0.015625
53 32 9 53 0 0.015625
53 32 10 53 10 0.015625
53 32 13 53 14 0.015625
53 32 16 53 19 0.015625
53 32 21 53 26 0.015625
53 32 25 53 42 0.015625
53 32 28 53 44 0.015625
53 32 29 53 44 0.015625
53 32 30 53 44 0.015625
53 32 31 53 44 0.015625
53 32 35 53 47 0.015625
53 32 37 53 47 0.015625
53 32 39 53 52 0.015625
53 32 40 53 69 0.015625
53 32 44 53 71 0.015625
53 32 45 53 71 0.015625
53 32 53 53 64 0.015625
53 32 58 53 0 0.015625
53 32 59 53 0 0.015625
53 32 60 53 0 0.015625
53 32 62 53 0 0.015625
53 32 63 53 0 0.015625
53 32 64 53 0 0.015625
53 32 66 53 10 0.015625
53 32 69 53 19 0.015625
53 32 70 53 19 0.015625
53 32 72 53 26 0.015625
53 32 73 53 36 0.015625
53 32 76 53 40 0.015625
53 32 77 53 40 0.015625
53 32 79 53 42 0.015625
53 32 80 53 42 0.015625
53 32 82 53 42 0.015625
53 32 83 53 42 0.015625
53 32 85 53 43 0.015625
53 32 86 53 44 0.015625
53 32 87 53 44 0.015625
53 32 90 53 47 0.015625
53 32 92 53 47 0.015625
53 32 93 53 47 0.015625
53 32 96 53 71 0.015625
53 32 103 53 67 0.015625
53 32 107 53 0 0.015625
53 32 108 53 1 0.015625
53 32 111 53 1 0.015625
53 32 112 53 10 0.015625
53 32 114 53 23 0.015625
53 32 115 53 36 0.015625
53 32 121 53 43 0.015625
53 32 122 53 44 0.015625
53 32 124 53 47 0.015625
53 32 127 53 52 0.015625
53 32 130 53 61 0.015625
53 32 131 53 0 0.015625
53 32 132 53 0 0.015625
53 32 133 53 0 0.015625
53 32 135 53 39 0.015625
53 32 136 53 39 0.015625
53 32 138 53 44 0.015625
53 32 141 53 71 0.015625
53 32 144 53 71 0.015625
53 35 0 53 1 0.015625
53 35 7 53 78 0.015625
53 35 8 53 0 0.015625
53 35 9 53 0 0.015625
53 35 11 53 10 0.015625
53 35 12 53 10 0.015625
53 35 24 53 42 0.015625
53 35 25 53 42 0.015625
53 35 27 53 43 0.015625
53 35 28 53 43 0.015625
53 35 29 53 44 0.015625
53 35 32 53 46 0.015625
53 35 34 53 47 0.015625
53 35 35 53 52 0.015625
53 35 38 53 69 0.015625
53 35 39 53 73 0.015625
53 35 45 53 64 0.015625
53 35 46 53 78 0.015625
53 35 50 53 0 0.015625
53 35 51 53 0 0.015625
53 35 52 53 0 0.015625
53 35 53 53 10 0.015625
53 35 54 53 10 0.015625
53 35 58 53 19 0.015625
53 35 59 53 26 0.015625
53 35 60 53 26 0.015625
53 35 62 53 36 0.015625
53 35 67 53 42 0.015625
53 35 70 53 43 0.015625
53 35 72 53 44 0.015625
53 35 73 53 44 0.015625
53 35 75 53 44 0.015625
53 35 76 53 44 0.015625
53 35 77 53 44 0.015625
53 35 78 53 46 0.015625
53 35 79 53 47 0.015625
53 35 82 53 52 0.015625
53 35 85 53 71 0.015625
53 35 86 53 71 0.015625
53 35 88 53 73 0.015625
53 35 92 53 64 0.015625
53 35 94 53 61 0.015625
53 35 95 53 61 0.015625
53 35 98 53 0 0.015625
53 35 99 53 0 0.015625
53 35 100 53 0 0.015625
53 35 101 53 0 0.015625
53 35 102 53 1 0.015625
53 35 103 53 10 0.015625
53 35 107 53 23 0.015625
53 35 108 53 23 0.015625
53 35 110 53 42 0.015625
53 35 111 53 43 0.015625
53 35 112 53 43 0.015625
53 35 114 53 47 0.015625
53 35 120 53 64 0.015625
53 35 121 53 61 0.015625
53 35 123 53 0 0.015625
53 35 125 53 23 0.015625
53 35 128 53 42 0.015625
53 35 129 53 44 0.015625
53 35 131 53 71 0.015625
53 35 132 53 76 0.015625
53 35 136 53 59 0.015625
56 7 4 56 73 0.015625
56 7 10 56 4 0.015625
56 7 11 56 9 0.015625
56 7 12 56 9 0.015625
56 7 13 56 9 0.015625
56 7 14 56 9 0.015625
56 7 18 56 23 0.015625
56 7 19 56 23 0.015625
56 7 20 56 23 0.015625
56 7 24 56 36 0.015625
56 7 25 56 38 0.015625
56 7 27 56 38 0.015625
56 7 30 56 49 0.015625
56 7 31 56 49 0.015625
56 7 33 56 54 0.015625
56 7 34 56 54 0.015625
56 7 36 56 71 0.015625
56 7 40 56 75 0.015625
56 7 44 56 73 0.015625
56 7 48 56 64 0.015625
56 7 49 56 59 0.015625
56 7 52 56 60 0.015625
56 7 54 56 1 0.015625
56 7 58 56 4 0.015625
56 7 60 56 9 0.015625
56 7 61 56 9 0.015625
56 7 64 56 19 0.015625
56 7 66 56 23 0.015625
56 7 67 56 23 0.015625
56 7 76 56 44 0.015625
56 7 78 56 49 0.015625
56 7 79 56 49 0.015625
56 7 80 56 49 0.015625
56 7 81 56 49 0.015625
56 7 83 56 54 0.015625
56 7 84 56 54 0.015625
56 7 85 56 54 0.015625
56 7 86 56 54 0.015625
56 7 87 56 54 0.015625
56 7 88 56 54 0.015625
56 7 89 56 71 0.015625
56 7 91 56 75 0.015625
56 7 92 56 75 0.015625
56 7 101 56 73 0.015625
56 7 103 56 64 0.015625
56 7 105 56 59 0.015625
56 7 106 56 59 0.015625
56 7 107 56 60 0.015625
56 7 108 56 60 0.015625
56 7 110 56 60 0.015625
56 7 114 56 2 0.015625
56 7 116 56 17 0.015625
56 7 117 56 17 0.015625
56 7 122 56 23 0.015625
56 7 123 56 23 0.015625
56 7 129 56 36 0.015625
56 7 130 56 36 0.015625
56 7 136 56 75 0.015625
56 7 137 56 75 0.015625
56 7 138 56 75 0.015625
56 7 140 56 9 0.015625
56 7 142 56 31 0.015625
56 7 145 56 67 0.015625
56 7 146 56 60 0.015625
56 24 9 56 1 0.015625
56 24 12 56 9 0.015625
56 24 13 56 9 0.015625
56 24 14 56 9 0.015625
56 24 17 56 19 0.015625
56 24 19 56 23 0.015625
56 24 20 56 30 0.015625
56 24 22 56 36 0.015625
56 24 30 56 49 0.015625
56 24 31 56 49 0.015625
56 24 34 56 54 0.015625
56 24 35 56 54 0.015625
56 24 36 56 54 0.015625
56 24 42 56 75 0.015625
56 24 43 56 75 0.015625
56 24 48 56 73 0.015625
56 24 51 56 73 0.015625
56 24 52 56 73 0.015625
56 24 53 56 64 0.015625
56 24 54 56 64 0.015625
56 24 57 56 60 0.015625
56 24 60 56 1 0.015625
56 24 62 56 4 0.015625
56 24 63 56 4 0.015625
56 24 64 56 4 0.015625
56 24 65 56 9 0.015625
56 24 66 56 9 0.015625
56 24 67 56 9 0.015625
56 24 68 56 9 0.015625
56 24 69 56 19 0.015625
56 24 72 56 23 0.015625
56 24 73 56 23 0.015625
56 24 77 56 31 0.015625
56 24 78 56 36 0.015625
56 24 80 56 38 0.015625
56 24 84 56 44 0.015625
56 24 87 56 49 0.015625
56 24 88 56 49 0.015625
56 24 89 56 49 0.015625
56 24 90 56 54 0.015625
56 24 91 56 54 0.015625
56 24 93 56 58 0.015625
56 24 94 56 75 0.015625
56 24 95 56 75 0.015625
56 24 96 56 75 0.015625
56 24 97 56 67 0.015625
56 24 99 56 67 0.015625
56 24 100 56 67 0.015625
56 24 104 56 73 0.015625
56 24 105 56 73 0.015625
56 24 107 56 60 0.015625
56 24 111 56 17 0.015625
56 24 115 56 23 0.015625
56 24 116 56 23 0.015625
56 24 120 56 51 0.015625
56 24 121 56 58 0.015625
56 24 127 56 9 0.015625
56 24 129 56 23 0.015625
56 24 132 56 49 0.015625
56 24 133 56 49 0.015625
56 24 134 56 75 0.015625
56 24 135 56 75 0.015625
56 24 136 56 60 0.015625
56 24 138 56 60 0.015625
56 32 0 56 23 0.015625
56 32 4 56 67 0.015625
56 32 13 56 9 0.015625
56 32 14 56 9 0.015625
56 32 16 56 9 0.015625
56 32 17 56 17 0.015625
56 32 19 56 19 0.015625
56 32 27 56 42 0.015625
56 32 32 56 49 0.015625
56 32 33 56 49 0.015625
56 32 34 56 49 0.015625
56 32 38 56 54 0.015625
56 32 42 56 71 0.015625
56 32 44 56 75 0.015625
56 32 46 56 73 0.015625
56 32 47 56 73 0.015625
56 32 48 56 73 0.015625
56 32 52 56 60 0.015625
56 32 55 56 1 0.015625
56 32 57 56 2 0.015625
56 32 59 56 2 0.015625
56 32 61 56 4 0.015625
56 32 62 56 9 0.015625
56 32 63 56 9 0.015625
56 32 65 56 17 0.015625
56 32 68 56 19 0.015625
56 32 69 56 23 0.015625
56 32 70 56 23 0.015625
56 32 71 56 23 0.015625
56 32 72 56 23 0.015625
56 32 76 56 36 0.015625
56 32 79 56 38 0.015625
56 32 84 56 49 0.015625
56 32 85 56 49 0.015625
56 32 86 56 49 0.015625
56 32 87 56 49 0.015625
56 32 88 56 51 0.015625
56 32 90 56 54 0.015625
56 32 91 56 54 0.015625
56 32 92 56 54 0.015625
56 32 98 56 58 0.015625
56 32 99 56 75 0.015625
56 32 100 56 75 0.015625
56 32 102 56 67 0.015625
56 32 103 56 67 0.015625
56 32 105 56 73 0.015625
56 32 108 56 60 0.015625
56 32 109 56 60 0.015625
56 32 111 56 2 0.015625
56 32 113 56 17 0.015625
56 32 117 56 23 0.015625
56 32 122 56 51 0.015625
56 32 124 56 54 0.015625
56 32 125 56 58 0.015625
56 32 126 56 73 0.015625
56 32 127 56 73 0.015625
56 32 129 56 59 0.015625
56 32 132 56 9 0.015625
56 32 133 56 30 0.015625
56 32 136 56 49 0.015625
56 32 137 56 54 0.015625
56 32 139 56 60 0.015625
56 32 140 56 9 0.015625
56 32 141 56 71 0.015625
56 35 12 56 4 0.015625
56 35 13 56 9 0.015625
56 35 14 56 9 0.015625
56 35 18 56 23 0.015625
56 35 19 56 31 0.015625
56 35 25 56 38 0.015625
56 35 29 56 49 0.015625
56 35 30 56 49 0.015625
56 35 31 56 49 0.015625
56 35 32 56 49 0.015625
56 35 34 56 75 0.015625
56 35 38 56 75 0.015625
56 35 40 56 78 0.015625
56 35 41 56 73 0.015625
56 35 42 56 73 0.015625
56 35 46 56 64 0.015625
56 35 55 56 9 0.015625
56 35 56 56 9 0.015625
56 35 57 56 9 0.015625
56 35 58 56 9 0.015625
56 35 60 56 9 0.015625
56 35 63 56 23 0.015625
56 35 64 56 23 0.015625
56 35 65 56 23 0.015625
56 35 67 56 30 0.015625
56 35 68 56 30 0.015625
56 35 70 56 36 0.015625
56 35 74 56 38 0.015625
56 35 79 56 44 0.015625
56 35 80 56 49 0.015625
56 35 81 56 49 0.015625
56 35 82 56 54 0.015625
56 35 83 56 54 0.015625
56 35 84 56 54 0.015625
56 35 85 56 54 0.015625
56 35 86 56 54 0.015625
56 35 87 56 54 0.015625
56 35 89 56 71 0.015625
56 35 91 56 75 0.015625
56 35 95 56 67 0.015625
56 35 97 56 73 0.015625
56 35 98 56 73 0.015625
56 35 100 56 73 0.015625
56 35 101 56 73 0.015625
56 35 105 56 60 0.015625
56 35 106 56 60 0.015625
56 35 107 56 60 0.015625
56 35 108 56 60 0.015625
56 35 111 56 2 0.015625
56 35 117 56 23 0.015625
56 35 118 56 23 0.015625
56 35 119 56 23 0.015625
56 35 120 56 23 0.015625
56 35 122 56 38 0.015625
56 35 126 56 54 0.015625
56 35 127 56 54 0.015625
56 35 130 56 75 0.015625
56 35 131 56 75 0.015625
56 35 132 56 73 0.015625
56 35 135 56 59 0.015625
56 35 140 56 31 0.015625
56 35 143 56 49 0.015625
56 35 144 56 49 0.015625
56 35 147 56 60 0.015625
59 7 9 59 0 0.015625
59 7 11 59 1 0.015625
59 7 12 59 10 0.015625
59 7 16 59 12 0.015625
59 7 19 59 23 0.015625
59 7 21 59 27 0.015625
59 7 22 59 27 0.015625
59 7 23 59 30 0.015625
59 7 26 59 36 0.015625
59 7 27 59 36 0.015625
59 7 30 59 53 0.015625
59 7 31 59 53 0.015625
59 7 34 59 54 0.015625
59 7 35 59 54 0.015625
59 7 44 59 0 0.015625
59 7 45 59 1 0.015625
59 7 50 59 10 0.015625
59 7 55 59 22 0.015625
59 7 58 59 27 0.015625
59 7 63 59 36 0.015625
59 7 67 59 47 0.015625
59 7 68 59 47 0.015625
59 7 72 59 54 0.015625
59 7 73 59 54 0.015625
59 7 74 59 54 0.015625
59 7 75 59 54 0.015625
59 7 76 59 54 0.015625
59 7 77 59 56 0.015625
59 7 78 59 56 0.015625
59 7 79 59 56 0.015625
59 7 80 59 62 0.015625
59 7 81 59 62 0.015625
59 7 83 59 66 0.015625
59 7 85 59 63 0.015625
59 7 88 59 69 0.015625
59 7 91 59 69 0.015625
59 7 92 59 69 0.015625
59 7 95 59 74 0.015625
59 7 96 59 74 0.015625
59 7 97 59 74 0.015625
59 7 104 59 10 0.015625
59 7 105 59 10 0.015625
59 7 107 59 12 0.015625
59 7 109 59 23 0.015625
59 7 111 59 23 0.015625
59 7 112 59 23 0.015625
59 7 115 59 27 0.015625
59 7 117 59 30 0.015625
59 7 118 59 36 0.015625
59 7 119 59 36 0.015625
59 7 120 59 36 0.015625
59 7 121 59 47 0.015625
59 7 124 59 51 0.015625
59 7 125 59 56 0.015625
59 7 126 59 56 0.015625
59 7 129 59 74 0.015625
59 7 130 59 74 0.015625
59 7 131 59 0 0.015625
59 7 132 59 0 0.015625
59 7 133 59 10 0.015625
59 7 134 59 23 0.015625
59 7 138 59 66 0.015625
59 7 139 59 67 0.015625
59 7 140 59 74 0.015625
59 24 8 59 1 0.015625
59 24 9 59 10 0.015625
59 24 11 59 12 0.015625
59 24 13 59 14 0.015625
59 24 14 59 22 0.015625
59 24 18 59 27 0.015625
59 24 19 59 27 0.015625
59 24 20 59 27 0.03125
59 24 24 59 36 0.015625
59 24 27 59 53 0.015625
59 24 28 59 54 0.015625
59 24 29 59 54 0.015625
59 24 30 59 54 0.015625
59 24 35 59 62 0.015625
59 24 40 59 63 0.015625
59 24 43 59 74 0.015625
59 24 44 59 74 0.015625
59 24 47 59 1 0.015625
59 24 48 59 1 0.015625
59 24 51 59 10 0.015625
59 24 52 59 10 0.015625
59 24 53 59 12 0.015625
59 24 58 59 23 0.015625
59 24 59 59 23 0.015625
59 24 60 59 27 0.015625
59 24 61 59 27 0.015625
59 24 63 59 27 0.015625
59 24 71 59 54 0.015625
59 24 72 59 56 0.015625
59 24 74 59 56 0.015625
59 24 76 59 62 0.015625
59 24 77 59 62 0.015625
59 24 79 59 62 0.015625
59 24 80 59 62 0.015625
59 24 85 59 63 0.015625
59 24 87 59 69 0.015625
59 24 90 59 69 0.015625
59 24 91 59 74 0.015625
59 24 92 59 74 0.015625
59 24 93 59 67 0.015625
59 24 96 59 1 0.015625
59 24 97 59 1 0.015625
59 24 99 59 10 0.015625
59 24 100 59 10 0.015625
59 24 101 59 12 0.015625
59 24 105 59 23 0.015625
59 24 106 59 23 0.015625
59 24 107 59 23 0.015625
59 24 108 59 27 0.015625
59 24 111 59 56 0.015625
59 24 112 59 65 0.015625
59 24 113 59 74 0.015625
59 24 114 59 0 0.015625
59 24 116 59 1 0.015625
59 24 117 59 10 0.015625
59 24 118 59 12 0.015625
59 24 119 59 27 0.015625
59 24 120 59 54 0.015625
59 24 121 59 56 0.015625
59 24 123 59 62 0.015625
59 24 124 59 66 0.015625
59 24 126 59 30 0.015625
59 24 127 59 74 0.015625
59 32 0 59 32 0.015625
59 32 1 59 10 0.015625
59 32 2 59 23 0.015625
59 32 4 59 36 0.015625
59 32 7 59 67 0.015625
59 32 10 59 10 0.015625
59 32 11 59 12 0.015625
59 32 18 59 23 0.015625
59 32 19 59 24 0.015625
59 32 23 59 27 0.015625
59 32 26 59 36 0.015625
59 32 29 59 47 0.015625
59 32 36 59 54 0.015625
59 32 41 59 69 0.015625
59 32 42 59 74 0.015625
59 32 46 59 1 0.015625
59 32 47 59 1 0.015625
59 32 50 59 10 0.015625
59 32 51 59 10 0.015625
59 32 55 59 14 0.015625
59 32 56 59 22 0.015625
59 32 57 59 22 0.015625
59 32 58 59 23 0.015625
59 32 65 59 27 0.015625
59 32 66 59 27 0.015625
59 32 71 59 36 0.015625
59 32 72 59 36 0.015625
59 32 76 59 53 0.015625
59 32 80 59 54 0.015625
59 32 81 59 54 0.015625
59 32 82 59 54 0.015625
59 32 84 59 54 0.015625
59 32 87 59 56 0.015625
59 32 90 59 62 0.015625
59 32 91 59 62 0.015625
59 32 92 59 62 0.015625
59 32 93 59 62 0.015625
59 32 94 59 62 0.015625
59 32 101 59 69 0.015625
59 32 103 59 74 0.015625
59 32 104 59 74 0.015625
59 32 107 59 1 0.015625
59 32 108 59 10 0.015625
59 32 109 59 10 0.015625
59 32 110 59 12 0.015625
59 32 111 59 12 0.015625
59 32 112 59 23 0.015625
59 32 113 59 23 0.015625
59 32 117 59 27 0.015625
59 32 118 59 27 0.015625
59 32 120 59 47 0.015625
59 32 121 59 51 0.015625
59 32 123 59 54 0.015625
59 32 124 59 56 0.015625
59 32 126 59 62 0.015625
59 32 128 59 74 0.015625
59 32 131 59 74 0.015625
59 32 132 59 0 0.015625
59 32 133 59 0 0.015625
59 32 136 59 1 0.015625
59 32 137 59 10 0.015625
59 32 140 59 36 0.015625
59 32 141 59 54 0.015625
59 32 142 59 56 0.015625
59 35 2 59 36 0.015625
59 35 6 59 0 0.015625
59 35 10 59 10 0.015625
59 35 11 59 10 0.015625
59 35 18 59 23 0.015625
59 35 19 59 24 0.015625
59 35 25 59 27 0.015625
59 35 35 59 56 0.015625
59 35 43 59 77 0.015625
59 35 46 59 69 0.015625
59 35 48 59 74 0.015625
59 35 50 59 1 0.015625
59 35 51 59 1 0.015625
59 35 52 59 1 0.015625
59 35 53 59 10 0.015625
59 35 54 59 10 0.015625
59 35 55 59 10 0.015625
59 35 56 59 12 0.015625
59 35 58 59 12 0.015625
59 35 63 59 23 0.015625
59 35 64 59 23 0.015625
59 35 67 59 27 0.015625
59 35 69 59 27 0.015625
59 35 73 59 30 0.015625
59 35 77 59 36 0.015625
59 35 81 59 53 0.015625
59 35 83 59 54 0.015625
59 35 84 59 54 0.015625
59 35 85 59 54 0.015625
59 35 86 59 54 0.015625
59 35 87 59 54 0.015625
59 35 88 59 54 0.015625
59 35 90 59 56 0.015625
59 35 94 59 62 0.015625
59 35 95 59 62 0.015625
59 35 96 59 62 0.015625
59 35 97 59 62 0.015625
59 35 98 59 62 0.015625
59 35 99 59 63 0.015625
59 35 102 59 63 0.015625
59 35 105 59 74 0.015625
59 35 106 59 74 0.015625
59 35 107 59 74 0.015625
59 35 109 59 0 0.015625
59 35 110 59 1 0.015625
59 35 111 59 1 0.015625
59 35 113 59 10 0.015625
59 35 114 59 10 0.015625
59 35 116 59 23 0.015625
59 35 117 59 23 0.015625
59 35 118 59 23 0.015625
59 35 119 59 23 0.015625
59 35 122 59 51 0.015625
59 35 124 59 62 0.015625
59 35 125 59 62 0.015625
59 35 126 59 74 0.015625
59 35 127 59 74 0.015625
59 35 128 59 74 0.015625
59 35 129 59 0 0.015625
59 35 131 59 23 0.015625
59 35 134 59 27 0.015625
59 35 135 59 27 0.015625
59 35 137 59 54 0.015625
59 35 139 59 65 0.015625
