8_375_1000_1000_0_0 250 750 0.568958 0.127519 1.94071 10.0405 310.043 5.62863
8_375_1000_1000_0_0 250 750 500 619229 21714963000 35067.7 1238.46 43429926 3.56182e+08
8_375_1000_1000_1_1 250 750 0.568958 0.127519 1.94071 10.0405 310.043 5.62863
8_375_1000_1000_1_1 250 750 500 619229 21714963000 35067.7 1238.46 43429926 3.56182e+08
8_375_1000_1000_2_2 250 750 0.556347 0.127355 1.89034 9.95518 86.5143 5.48297
8_375_1000_1000_2_2 250 750 500 617751 21314524500 34503.4 1235.5 42629049 3.22477e+08
8_375_1000_1000_3_3 250 750 0.563338 0.127041 1.87912 9.92982 164.849 5.49291
8_375_1000_1000_3_3 250 750 500 617617 21242319000 34394 1235.23 42484638 3.27607e+08
8_375_1000_1000_4_4 250 750 0.57586 0.127998 1.9861 9.95914 109.679 5.69717
8_375_1000_1000_4_4 250 750 500 616735 21856179000 35438.5 1233.47 43712358 3.70693e+08
8_375_1000_1000_5_5 250 750 0.573276 0.127663 1.97678 10.1228 809.859 5.63591
8_375_1000_1000_5_5 250 750 500 616210 21711415500 35233.8 1232.42 43422831 3.52678e+08
8_375_1000_1000_6_6 250 750 0.570875 0.127242 1.94671 10.0612 269.767 5.57733
8_375_1000_1000_6_6 250 750 500 616272 21347139000 34639.2 1232.54 42694278 3.57432e+08
8_375_1000_1000_7_7 250 750 0.562099 0.127125 1.82374 9.95332 807.784 5.47698
8_375_1000_1000_7_7 250 750 500 617587 21423937500 34689.7 1235.17 42847875 3.49401e+08
8_375_1000_1000_8_8 250 750 0.564524 0.127836 1.91632 9.9365 1729.69 5.52564
8_375_1000_1000_8_8 250 750 500 619143 21464137500 34667.5 1238.29 42928275 3.30272e+08
8_375_1000_1000_9_9 250 750 0.574754 0.127198 1.86105 9.88519 1220.02 5.47291
8_375_1000_1000_9_9 250 750 500 616005 21320911500 34611.6 1232.01 42641823 3.30286e+08
