3 5 0 3 5 0.03125
3 5 1 3 63 0.015625
3 5 2 3 43 0.015625
3 5 3 3 52 0.015625
3 5 4 3 33 0.03125
3 5 5 3 36 0.046875
3 5 6 3 60 0.046875
3 5 7 3 51 0.078125
3 5 8 3 4 0.15625
3 5 9 3 48 0.046875
3 5 10 3 63 0.015625
3 5 11 3 43 0.015625
3 5 12 3 52 0.015625
3 5 13 3 33 0.03125
3 5 14 3 36 0.03125
3 5 15 3 60 0.015625
3 5 16 3 51 0.015625
3 5 17 3 4 0.03125
3 5 18 3 48 0.015625
3 5 20 3 63 0.015625
3 5 21 3 43 0.03125
3 5 22 3 52 0.015625
3 5 23 3 33 0.03125
3 5 24 3 36 0.015625
3 5 25 3 60 0.015625
3 5 26 3 51 0.03125
3 5 27 3 4 0.0625
3 5 28 3 48 0.015625
3 5 29 3 47 0.015625
3 5 30 3 45 0.015625
3 5 31 3 63 0.0625
3 13 0 3 47 0.015625
3 13 1 3 63 0.015625
3 13 2 3 45 0.015625
3 13 3 3 15 0.03125
3 13 4 3 33 0.015625
3 13 5 3 62 0.0625
3 13 6 3 50 0.03125
3 13 7 3 41 0.078125
3 13 8 3 24 0.046875
3 13 9 3 60 0.078125
3 13 10 3 28 0.09375
3 13 11 3 4 0.125
3 13 12 3 48 0.078125
3 13 14 3 63 0.015625
3 13 15 3 45 0.015625
3 13 16 3 15 0.015625
3 13 17 3 33 0.015625
3 13 18 3 62 0.015625
3 13 20 3 41 0.03125
3 13 21 3 24 0.015625
3 13 22 3 60 0.03125
3 13 23 3 28 0.03125
3 13 24 3 4 0.015625
3 13 25 3 48 0.015625
3 13 26 3 43 0.015625
3 13 28 3 63 0.015625
3 13 29 3 45 0.015625
3 13 30 3 15 0.015625
3 13 31 3 33 0.03125
3 29 0 3 47 0.046875
3 29 1 3 63 0.03125
3 29 2 3 72 0.15625
3 29 3 3 5 0.046875
3 29 4 3 34 0.0625
3 29 5 3 76 0.078125
3 29 6 3 65 0.0625
3 29 7 3 48 0.09375
3 29 9 3 63 0.015625
3 29 10 3 72 0.046875
3 29 12 3 34 0.015625
3 29 13 3 76 0.015625
3 29 14 3 65 0.015625
3 29 15 3 48 0.015625
3 29 16 3 43 0.015625
3 29 18 3 63 0.015625
3 29 19 3 72 0.046875
3 29 21 3 34 0.015625
3 29 22 3 76 0.015625
3 29 23 3 65 0.03125
3 29 24 3 48 0.015625
3 29 25 3 43 0.015625
3 29 26 3 45 0.015625
3 29 28 3 63 0.03125
3 29 29 3 72 0.0625
3 29 31 3 34 0.015625
3 47 0 3 47 0.0625
3 47 1 3 43 0.03125
3 47 2 3 45 0.015625
3 47 3 3 50 0.046875
3 47 4 3 24 0.03125
3 47 5 3 36 0.09375
3 47 6 3 76 0.078125
3 47 7 3 65 0.109375
3 47 8 3 51 0.0625
3 47 9 3 4 0.09375
3 47 10 3 43 0.015625
3 47 11 3 45 0.015625
3 47 12 3 50 0.015625
3 47 13 3 24 0.015625
3 47 14 3 36 0.015625
3 47 15 3 76 0.015625
3 47 16 3 65 0.03125
3 47 17 3 51 0.015625
3 47 18 3 4 0.03125
3 47 19 3 63 0.015625
3 47 20 3 43 0.015625
3 47 22 3 50 0.015625
3 47 23 3 24 0.015625
3 47 24 3 36 0.015625
3 47 25 3 76 0.03125
3 47 26 3 65 0.03125
3 47 27 3 51 0.015625
3 47 28 3 4 0.015625
3 47 30 3 52 0.015625
3 47 31 3 43 0.015625
7 5 0 7 5 0.046875
7 5 1 7 37 0.015625
7 5 2 7 16 0.015625
7 5 3 7 64 0.046875
7 5 4 7 60 0.046875
7 5 5 7 51 0.109375
7 5 6 7 73 0.078125
7 5 7 7 58 0.046875
7 5 8 7 37 0.015625
7 5 9 7 16 0.015625
7 5 10 7 64 0.015625
7 5 11 7 60 0.015625
7 5 12 7 51 0.015625
7 5 13 7 73 0.015625
7 5 14 7 58 0.015625
7 5 15 7 8 0.015625
7 5 16 7 37 0.015625
7 5 17 7 16 0.046875
7 5 18 7 64 0.015625
7 5 19 7 60 0.015625
7 5 20 7 51 0.03125
7 5 21 7 73 0.03125
7 5 22 7 58 0.015625
7 5 23 7 8 0.015625
7 5 24 7 14 0.015625
7 5 25 7 37 0.015625
7 5 26 7 16 0.078125
7 5 27 7 64 0.03125
7 5 28 7 60 0.015625
7 5 29 7 51 0.015625
7 5 30 7 73 0.09375
7 5 31 7 58 0.015625
7 13 0 7 77 0.015625
7 13 1 7 62 0.046875
7 13 2 7 16 0.046875
7 13 3 7 68 0.046875
7 13 4 7 24 0.046875
7 13 5 7 60 0.09375
7 13 6 7 28 0.09375
7 13 7 7 77 0.015625
7 13 8 7 62 0.015625
7 13 9 7 16 0.015625
7 13 10 7 68 0.015625
7 13 11 7 24 0.015625
7 13 12 7 60 0.03125
7 13 13 7 28 0.03125
7 13 14 7 8 0.015625
7 13 15 7 77 0.03125
7 13 16 7 62 0.015625
7 13 17 7 16 0.015625
7 13 18 7 68 0.015625
7 13 20 7 60 0.03125
7 13 21 7 28 0.03125
7 13 22 7 8 0.015625
7 13 23 7 37 0.03125
7 13 24 7 77 0.03125
7 13 25 7 62 0.046875
7 13 26 7 16 0.015625
7 13 27 7 68 0.015625
7 13 28 7 24 0.03125
7 13 29 7 60 0.0625
7 13 30 7 28 0.03125
7 13 31 7 8 0.03125
7 29 0 7 14 0.015625
7 29 1 7 77 0.0625
7 29 2 7 55 0.078125
7 29 3 7 5 0.046875
7 29 4 7 64 0.109375
7 29 5 7 39 0.09375
7 29 6 7 68 0.0625
7 29 7 7 76 0.078125
7 29 8 7 65 0.0625
7 29 9 7 58 0.046875
7 29 10 7 14 0.015625
7 29 11 7 77 0.015625
7 29 12 7 55 0.015625
7 29 14 7 64 0.015625
7 29 16 7 68 0.015625
7 29 17 7 76 0.015625
7 29 18 7 65 0.015625
7 29 19 7 58 0.015625
7 29 20 7 8 0.015625
7 29 21 7 14 0.015625
7 29 22 7 77 0.015625
7 29 23 7 55 0.015625
7 29 25 7 64 0.015625
7 29 26 7 39 0.015625
7 29 27 7 68 0.015625
7 29 28 7 76 0.015625
7 29 29 7 65 0.03125
7 29 30 7 58 0.03125
7 29 31 7 8 0.03125
7 47 0 7 35 0.0625
7 47 1 7 68 0.046875
7 47 2 7 24 0.03125
7 47 3 7 76 0.0625
7 47 4 7 65 0.09375
7 47 5 7 51 0.0625
7 47 6 7 58 0.03125
7 47 7 7 27 0.09375
7 47 8 7 35 0.015625
7 47 9 7 68 0.015625
7 47 10 7 24 0.015625
7 47 11 7 76 0.015625
7 47 12 7 65 0.015625
7 47 13 7 51 0.015625
7 47 14 7 58 0.03125
7 47 16 7 8 0.015625
7 47 17 7 35 0.015625
7 47 18 7 68 0.015625
7 47 19 7 24 0.015625
7 47 20 7 76 0.03125
7 47 21 7 65 0.03125
7 47 22 7 51 0.015625
7 47 23 7 58 0.015625
7 47 24 7 27 0.015625
7 47 25 7 8 0.046875
7 47 26 7 37 0.015625
7 47 27 7 35 0.03125
7 47 28 7 68 0.015625
7 47 29 7 24 0.03125
7 47 30 7 76 0.03125
7 47 31 7 65 0.046875
9 5 0 9 5 0.125
9 5 1 9 40 0.015625
9 5 2 9 52 0.015625
9 5 3 9 16 0.03125
9 5 4 9 66 0.03125
9 5 5 9 69 0.0625
9 5 6 9 60 0.0625
9 5 7 9 73 0.125
9 5 8 9 61 0.078125
9 5 9 9 58 0.046875
9 5 10 9 40 0.015625
9 5 11 9 52 0.015625
9 5 12 9 16 0.015625
9 5 13 9 66 0.015625
9 5 14 9 69 0.015625
9 5 15 9 60 0.015625
9 5 16 9 73 0.015625
9 5 17 9 61 0.015625
9 5 18 9 58 0.015625
9 5 19 9 23 0.015625
9 5 20 9 40 0.03125
9 5 21 9 52 0.015625
9 5 22 9 16 0.0625
9 5 23 9 66 0.015625
9 5 24 9 69 0.015625
9 5 25 9 60 0.015625
9 5 26 9 73 0.03125
9 5 27 9 61 0.03125
9 5 28 9 58 0.015625
9 5 31 9 40 0.015625
9 13 0 9 13 0.109375
9 13 1 9 6 0.015625
9 13 2 9 15 0.015625
9 13 3 9 30 0.046875
9 13 4 9 16 0.046875
9 13 5 9 66 0.046875
9 13 6 9 60 0.078125
9 13 7 9 61 0.078125
9 13 8 9 6 0.015625
9 13 9 9 15 0.015625
9 13 10 9 30 0.015625
9 13 11 9 16 0.015625
9 13 12 9 66 0.015625
9 13 13 9 60 0.03125
9 13 14 9 61 0.015625
9 13 15 9 23 0.015625
9 13 16 9 6 0.03125
9 13 17 9 15 0.015625
9 13 18 9 30 0.015625
9 13 20 9 66 0.015625
9 13 21 9 60 0.03125
9 13 22 9 61 0.046875
9 13 23 9 23 0.015625
9 13 24 9 14 0.015625
9 13 25 9 6 0.03125
9 13 26 9 15 0.03125
9 13 27 9 30 0.03125
9 13 28 9 16 0.015625
9 13 29 9 66 0.03125
9 13 30 9 60 0.0625
9 13 31 9 61 0.03125
9 29 0 9 23 0.015625
9 29 1 9 14 0.015625
9 29 2 9 11 0.015625
9 29 3 9 40 0.015625
9 29 4 9 5 0.171875
9 29 5 9 66 0.15625
9 29 6 9 31 0.0625
9 29 7 9 65 0.109375
9 29 8 9 58 0.0625
9 29 9 9 23 0.015625
9 29 10 9 14 0.015625
9 29 11 9 11 0.015625
9 29 12 9 40 0.015625
9 29 14 9 66 0.015625
9 29 15 9 31 0.015625
9 29 16 9 65 0.03125
9 29 17 9 58 0.015625
9 29 19 9 23 0.015625
9 29 20 9 14 0.015625
9 29 21 9 11 0.03125
9 29 22 9 40 0.015625
9 29 24 9 66 0.015625
9 29 25 9 31 0.015625
9 29 26 9 65 0.03125
9 29 27 9 58 0.03125
9 29 29 9 6 0.015625
9 29 30 9 23 0.015625
9 29 31 9 14 0.03125
9 47 0 9 13 0.015625
9 47 1 9 31 0.0625
9 47 2 9 65 0.140625
9 47 3 9 58 0.03125
9 47 5 9 31 0.015625
9 47 6 9 65 0.03125
9 47 7 9 58 0.03125
9 47 8 9 23 0.03125
9 47 10 9 31 0.03125
9 47 11 9 65 0.03125
9 47 12 9 58 0.015625
9 47 13 9 23 0.015625
9 47 14 9 14 0.015625
9 47 16 9 31 0.03125
9 47 17 9 65 0.046875
9 47 18 9 58 0.015625
9 47 19 9 23 0.015625
9 47 20 9 14 0.03125
9 47 21 9 11 0.015625
9 47 23 9 31 0.203125
9 47 24 9 65 0.015625
9 47 25 9 58 0.03125
9 47 26 9 23 0.03125
9 47 27 9 14 0.015625
9 47 28 9 11 0.015625
9 47 29 9 40 0.03125
9 47 31 9 31 0.03125
12 5 0 12 5 0.015625
12 5 2 12 20 0.015625
12 5 3 12 66 0.03125
12 5 4 12 69 0.03125
12 5 5 12 51 0.09375
12 5 6 12 48 0.046875
12 5 7 12 73 0.078125
12 5 8 12 58 0.046875
12 5 9 12 37 0.015625
12 5 10 12 20 0.015625
12 5 11 12 66 0.015625
12 5 12 12 69 0.015625
12 5 13 12 51 0.03125
12 5 14 12 48 0.015625
12 5 15 12 73 0.03125
12 5 16 12 58 0.015625
12 5 17 12 0 0.015625
12 5 18 12 37 0.015625
12 5 19 12 20 0.03125
12 5 20 12 66 0.03125
12 5 21 12 69 0.015625
12 5 22 12 51 0.015625
12 5 23 12 48 0.015625
12 5 24 12 73 0.09375
12 5 25 12 58 0.015625
12 5 26 12 0 0.015625
12 5 28 12 37 0.046875
12 5 29 12 20 0.09375
12 5 30 12 66 0.015625
12 5 31 12 69 0.0625
12 13 2 12 6 0.046875
12 13 3 12 77 0.03125
12 13 4 12 30 0.09375
12 13 5 12 66 0.0625
12 13 6 12 41 0.109375
12 13 7 12 68 0.078125
12 13 8 12 48 0.171875
12 13 9 12 0 0.015625
12 13 11 12 6 0.015625
12 13 12 12 77 0.015625
12 13 13 12 30 0.015625
12 13 14 12 66 0.015625
12 13 15 12 41 0.03125
12 13 16 12 68 0.015625
12 13 17 12 48 0.015625
12 13 18 12 37 0.015625
12 13 19 12 0 0.015625
12 13 21 12 6 0.0625
12 13 22 12 77 0.03125
12 13 23 12 30 0.015625
12 13 24 12 66 0.015625
12 13 25 12 41 0.03125
12 13 26 12 68 0.015625
12 13 27 12 48 0.015625
12 13 28 12 37 0.03125
12 13 29 12 25 0.015625
12 29 2 12 77 0.078125
12 29 4 12 66 0.078125
12 29 5 12 34 0.078125
12 29 6 12 31 0.09375
12 29 7 12 68 0.078125
12 29 8 12 76 0.140625
12 29 9 12 48 0.125
12 29 10 12 58 0.0625
12 29 11 12 0 0.015625
12 29 13 12 77 0.015625
12 29 15 12 66 0.015625
12 29 16 12 34 0.015625
12 29 17 12 31 0.015625
12 29 18 12 68 0.015625
12 29 19 12 76 0.015625
12 29 20 12 48 0.015625
12 29 21 12 58 0.015625
12 29 22 12 37 0.015625
12 29 23 12 0 0.015625
12 29 25 12 77 0.015625
12 29 27 12 66 0.015625
12 29 28 12 34 0.015625
12 29 29 12 31 0.015625
12 29 30 12 68 0.015625
12 29 31 12 76 0.015625
12 47 0 12 47 0.015625
12 47 2 12 54 0.015625
12 47 3 12 59 0.015625
12 47 4 12 35 0.078125
12 47 5 12 31 0.078125
12 47 6 12 68 0.0625
12 47 7 12 76 0.125
12 47 8 12 51 0.09375
12 47 9 12 58 0.046875
12 47 11 12 54 0.015625
12 47 12 12 59 0.015625
12 47 13 12 35 0.015625
12 47 14 12 31 0.046875
12 47 15 12 68 0.015625
12 47 16 12 76 0.03125
12 47 17 12 51 0.015625
12 47 18 12 58 0.03125
12 47 19 12 37 0.015625
12 47 20 12 0 0.015625
12 47 21 12 54 0.015625
12 47 22 12 59 0.015625
12 47 23 12 35 0.03125
12 47 24 12 31 0.046875
12 47 25 12 68 0.015625
12 47 26 12 76 0.046875
12 47 27 12 51 0.015625
12 47 28 12 58 0.015625
12 47 29 12 37 0.015625
12 47 30 12 25 0.015625
12 47 31 12 0 0.015625
16 5 0 16 5 0.015625
16 5 1 16 1 0.015625
16 5 2 16 48 0.03125
16 5 3 16 61 0.0625
16 5 4 16 9 0.109375
16 5 5 16 58 0.046875
16 5 6 16 7 0.09375
16 5 7 16 1 0.015625
16 5 8 16 48 0.015625
16 5 9 16 61 0.015625
16 5 10 16 9 0.015625
16 5 11 16 58 0.015625
16 5 12 16 7 0.015625
16 5 13 16 49 0.015625
16 5 14 16 1 0.015625
16 5 15 16 48 0.015625
16 5 16 16 61 0.046875
16 5 17 16 9 0.015625
16 5 18 16 58 0.015625
16 5 19 16 7 0.0625
16 5 22 16 1 0.0625
16 5 23 16 48 0.015625
16 5 24 16 61 0.015625
16 5 25 16 9 0.046875
16 5 26 16 58 0.015625
16 5 27 16 7 0.09375
16 5 28 16 49 0.046875
16 5 31 16 1 0.046875
16 13 0 16 13 0.03125
16 13 1 16 49 0.015625
16 13 4 16 50 0.046875
16 13 5 16 68 0.0625
16 13 6 16 24 0.0625
16 13 7 16 48 0.0625
16 13 8 16 61 0.09375
16 13 9 16 9 0.25
16 13 11 16 1 0.015625
16 13 12 16 18 0.015625
16 13 13 16 50 0.015625
16 13 14 16 68 0.015625
16 13 15 16 24 0.015625
16 13 16 16 48 0.015625
16 13 17 16 61 0.015625
16 13 18 16 9 0.03125
16 13 19 16 46 0.015625
16 13 20 16 49 0.015625
16 13 21 16 1 0.015625
16 13 22 16 18 0.015625
16 13 23 16 50 0.015625
16 13 24 16 68 0.015625
16 13 25 16 24 0.015625
16 13 27 16 61 0.046875
16 13 28 16 9 0.015625
16 13 30 16 22 0.015625
16 13 31 16 49 0.046875
16 29 0 16 49 0.015625
16 29 1 16 46 0.015625
16 29 2 16 55 0.15625
16 29 3 16 5 0.03125
16 29 4 16 34 0.109375
16 29 5 16 68 0.140625
16 29 6 16 48 0.109375
16 29 7 16 58 0.09375
16 29 8 16 49 0.015625
16 29 9 16 46 0.015625
16 29 10 16 55 0.015625
16 29 12 16 34 0.015625
16 29 13 16 68 0.015625
16 29 14 16 48 0.015625
16 29 15 16 58 0.015625
16 29 16 16 1 0.015625
16 29 17 16 49 0.015625
16 29 18 16 46 0.015625
16 29 19 16 55 0.015625
16 29 21 16 34 0.015625
16 29 22 16 68 0.015625
16 29 23 16 48 0.015625
16 29 24 16 58 0.03125
16 29 25 16 1 0.03125
16 29 27 16 49 0.015625
16 29 29 16 55 0.015625
16 29 31 16 34 0.015625
16 47 0 16 49 0.015625
16 47 1 16 13 0.015625
16 47 3 16 22 0.015625
16 47 4 16 35 0.109375
16 47 5 16 50 0.09375
16 47 6 16 68 0.078125
16 47 7 16 24 0.0625
16 47 8 16 58 0.046875
16 47 9 16 27 0.203125
16 47 12 16 46 0.015625
16 47 13 16 22 0.03125
16 47 14 16 35 0.015625
16 47 15 16 50 0.015625
16 47 16 16 68 0.015625
16 47 17 16 24 0.015625
16 47 18 16 58 0.03125
16 47 20 16 1 0.015625
16 47 21 16 49 0.015625
16 47 23 16 46 0.03125
16 47 24 16 22 0.015625
16 47 25 16 35 0.03125
16 47 26 16 50 0.03125
16 47 27 16 68 0.015625
16 47 28 16 24 0.03125
16 47 29 16 58 0.015625
16 47 30 16 27 0.015625
18 5 0 18 1 0.015625
18 5 1 18 33 0.03125
18 5 2 18 16 0.015625
18 5 3 18 69 0.046875
18 5 4 18 51 0.078125
18 5 5 18 48 0.046875
18 5 6 18 73 0.09375
18 5 7 18 58 0.03125
18 5 8 18 1 0.015625
18 5 9 18 33 0.03125
18 5 10 18 16 0.015625
18 5 11 18 69 0.015625
18 5 12 18 51 0.015625
18 5 13 18 48 0.015625
18 5 14 18 73 0.015625
18 5 15 18 58 0.015625
18 5 16 18 0 0.015625
18 5 17 18 1 0.015625
18 5 18 18 33 0.03125
18 5 19 18 16 0.046875
18 5 20 18 69 0.015625
18 5 21 18 51 0.03125
18 5 22 18 48 0.015625
18 5 23 18 73 0.03125
18 5 24 18 58 0.015625
18 5 25 18 0 0.015625
18 5 26 18 10 0.03125
18 5 27 18 1 0.03125
18 5 28 18 33 0.09375
18 5 29 18 16 0.078125
18 5 30 18 69 0.015625
18 5 31 18 51 0.015625
18 13 0 18 13 0.015625
18 13 3 18 45 0.03125
18 13 4 18 33 0.015625
18 13 5 18 16 0.078125
18 13 6 18 50 0.046875
18 13 7 18 68 0.078125
18 13 8 18 24 0.09375
18 13 9 18 48 0.171875
18 13 10 18 0 0.015625
18 13 11 18 1 0.015625
18 13 12 18 45 0.015625
18 13 13 18 33 0.03125
18 13 14 18 16 0.015625
18 13 15 18 50 0.015625
18 13 16 18 68 0.015625
18 13 17 18 24 0.015625
18 13 18 18 48 0.015625
18 13 19 18 10 0.015625
18 13 21 18 1 0.046875
18 13 23 18 33 0.03125
18 13 24 18 16 0.015625
18 13 25 18 50 0.015625
18 13 26 18 68 0.03125
18 13 27 18 24 0.03125
18 13 28 18 48 0.046875
18 13 29 18 10 0.015625
18 13 30 18 22 0.015625
18 13 31 18 0 0.046875
18 29 1 18 10 0.015625
18 29 2 18 55 0.09375
18 29 3 18 39 0.140625
18 29 4 18 68 0.078125
18 29 5 18 48 0.125
18 29 6 18 58 0.0625
18 29 7 18 0 0.015625
18 29 8 18 10 0.015625
18 29 9 18 55 0.015625
18 29 10 18 39 0.015625
18 29 11 18 68 0.015625
18 29 12 18 48 0.015625
18 29 13 18 58 0.015625
18 29 15 18 0 0.015625
18 29 16 18 10 0.015625
18 29 17 18 55 0.015625
18 29 18 18 39 0.015625
18 29 19 18 68 0.015625
18 29 20 18 48 0.015625
18 29 21 18 58 0.03125
18 29 22 18 1 0.03125
18 29 24 18 0 0.015625
18 29 25 18 10 0.015625
18 29 26 18 55 0.015625
18 29 27 18 39 0.015625
18 29 28 18 68 0.015625
18 29 29 18 48 0.015625
18 29 30 18 58 0.0625
18 29 31 18 1 0.0625
18 47 2 18 22 0.015625
18 47 3 18 54 0.03125
18 47 4 18 45 0.03125
18 47 5 18 50 0.140625
18 47 6 18 68 0.109375
18 47 7 18 24 0.0625
18 47 8 18 51 0.203125
18 47 9 18 58 0.0625
18 47 12 18 22 0.03125
18 47 13 18 54 0.015625
18 47 14 18 45 0.015625
18 47 15 18 50 0.015625
18 47 16 18 68 0.015625
18 47 17 18 24 0.015625
18 47 18 18 51 0.015625
18 47 19 18 58 0.03125
18 47 20 18 1 0.015625
18 47 21 18 0 0.015625
18 47 23 18 22 0.015625
18 47 24 18 54 0.015625
18 47 25 18 45 0.015625
18 47 26 18 50 0.03125
18 47 27 18 68 0.015625
18 47 28 18 24 0.03125
18 47 29 18 51 0.015625
18 47 30 18 58 0.015625
28 5 1 28 40 0.015625
28 5 2 28 33 0.046875
28 5 3 28 66 0.03125
28 5 4 28 74 0.078125
28 5 5 28 3 0.0625
28 5 6 28 60 0.0625
28 5 7 28 73 0.109375
28 5 8 28 7 0.109375
28 5 9 28 37 0.015625
28 5 10 28 40 0.015625
28 5 11 28 33 0.03125
28 5 12 28 66 0.015625
28 5 13 28 74 0.015625
28 5 14 28 3 0.015625
28 5 15 28 60 0.015625
28 5 16 28 73 0.015625
28 5 17 28 7 0.015625
28 5 18 28 8 0.015625
28 5 19 28 37 0.015625
28 5 20 28 40 0.03125
28 5 21 28 33 0.03125
28 5 22 28 66 0.015625
28 5 23 28 74 0.0625
28 5 24 28 3 0.03125
28 5 25 28 60 0.015625
28 5 26 28 73 0.03125
28 5 27 28 7 0.03125
28 5 28 28 8 0.015625
28 5 30 28 37 0.015625
28 5 31 28 40 0.015625
28 13 0 28 13 0.046875
28 13 1 28 77 0.015625
28 13 2 28 15 0.015625
28 13 3 28 33 0.015625
28 13 4 28 66 0.046875
28 13 5 28 41 0.078125
28 13 6 28 74 0.140625
28 13 7 28 68 0.046875
28 13 8 28 24 0.046875
28 13 9 28 60 0.109375
28 13 11 28 15 0.015625
28 13 12 28 33 0.015625
28 13 13 28 66 0.015625
28 13 14 28 41 0.03125
28 13 15 28 74 0.015625
28 13 16 28 68 0.015625
28 13 17 28 24 0.015625
28 13 18 28 60 0.03125
28 13 19 28 8 0.015625
28 13 20 28 77 0.015625
28 13 21 28 15 0.015625
28 13 22 28 33 0.03125
28 13 24 28 41 0.03125
28 13 25 28 74 0.03125
28 13 26 28 68 0.015625
28 13 28 28 60 0.046875
28 13 29 28 8 0.015625
28 13 30 28 37 0.03125
28 13 31 28 77 0.03125
28 29 0 28 40 0.015625
28 29 1 28 77 0.046875
28 29 2 28 66 0.0625
28 29 3 28 31 0.0625
28 29 4 28 68 0.0625
28 29 5 28 40 0.015625
28 29 6 28 77 0.015625
28 29 7 28 66 0.015625
28 29 8 28 31 0.015625
28 29 9 28 68 0.015625
28 29 10 28 8 0.015625
28 29 11 28 40 0.015625
28 29 12 28 77 0.015625
28 29 13 28 66 0.015625
28 29 14 28 31 0.015625
28 29 15 28 68 0.015625
28 29 16 28 8 0.03125
28 29 17 28 37 0.03125
28 29 18 28 40 0.015625
28 29 19 28 77 0.015625
28 29 20 28 66 0.03125
28 29 21 28 31 0.046875
28 29 22 28 68 0.015625
28 29 23 28 8 0.046875
28 29 24 28 37 0.015625
28 29 26 28 40 0.03125
28 29 27 28 77 0.03125
28 29 28 28 66 0.15625
28 29 29 28 31 0.015625
28 29 30 28 68 0.03125
28 29 31 28 8 0.0625
28 47 0 28 13 0.015625
28 47 1 28 54 0.03125
28 47 2 28 31 0.0625
28 47 3 28 68 0.046875
28 47 4 28 24 0.03125
28 47 5 28 3 0.109375
28 47 6 28 78 0.09375
28 47 7 28 27 0.109375
28 47 9 28 54 0.015625
28 47 10 28 31 0.015625
28 47 11 28 68 0.015625
28 47 12 28 24 0.015625
28 47 13 28 3 0.046875
28 47 16 28 8 0.015625
28 47 18 28 54 0.015625
28 47 19 28 31 0.03125
28 47 20 28 68 0.015625
28 47 21 28 24 0.03125
28 47 22 28 3 0.03125
28 47 23 28 78 0.046875
28 47 24 28 27 0.015625
28 47 25 28 8 0.046875
28 47 26 28 37 0.015625
28 47 28 28 54 0.03125
28 47 29 28 31 0.046875
28 47 30 28 68 0.015625
28 47 31 28 24 0.03125
30 5 0 30 1 0.015625
30 5 1 30 12 0.015625
30 5 2 30 40 0.015625
30 5 3 30 33 0.046875
30 5 4 30 60 0.0625
30 5 5 30 48 0.0625
30 5 6 30 73 0.09375
30 5 7 30 9 0.109375
30 5 8 30 1 0.015625
30 5 9 30 12 0.015625
30 5 10 30 40 0.015625
30 5 11 30 33 0.03125
30 5 12 30 60 0.015625
30 5 13 30 48 0.015625
30 5 14 30 73 0.015625
30 5 15 30 9 0.015625
30 5 16 30 49 0.03125
30 5 17 30 1 0.015625
30 5 18 30 12 0.015625
30 5 19 30 40 0.03125
30 5 20 30 33 0.03125
30 5 21 30 60 0.015625
30 5 22 30 48 0.015625
30 5 23 30 73 0.03125
30 5 24 30 9 0.015625
30 5 26 30 17 0.015625
30 5 27 30 1 0.03125
30 5 28 30 12 0.046875
30 5 29 30 40 0.015625
30 5 30 30 33 0.109375
30 5 31 30 60 0.015625
30 13 0 30 13 0.015625
30 13 1 30 49 0.015625
30 13 3 30 45 0.015625
30 13 4 30 33 0.015625
30 13 5 30 62 0.0625
30 13 6 30 24 0.046875
30 13 7 30 60 0.078125
30 13 8 30 48 0.078125
30 13 9 30 9 0.140625
30 13 11 30 1 0.015625
30 13 12 30 45 0.015625
30 13 13 30 33 0.015625
30 13 14 30 62 0.015625
30 13 15 30 24 0.015625
30 13 16 30 60 0.03125
30 13 17 30 48 0.015625
30 13 18 30 9 0.03125
30 13 19 30 17 0.015625
30 13 20 30 49 0.015625
30 13 21 30 1 0.015625
30 13 22 30 45 0.015625
30 13 23 30 33 0.03125
30 13 24 30 62 0.015625
30 13 25 30 24 0.015625
30 13 26 30 60 0.0625
30 13 27 30 48 0.015625
30 13 28 30 9 0.015625
30 13 29 30 17 0.09375
30 13 30 30 23 0.015625
30 13 31 30 49 0.046875
30 29 2 30 23 0.015625
30 29 3 30 14 0.03125
30 29 4 30 40 0.015625
30 29 5 30 72 0.1875
30 29 6 30 31 0.0625
30 29 7 30 76 0.078125
30 29 8 30 48 0.078125
30 29 9 30 49 0.015625
30 29 10 30 17 0.015625
30 29 11 30 23 0.015625
30 29 12 30 14 0.015625
30 29 13 30 40 0.015625
30 29 14 30 72 0.046875
30 29 15 30 31 0.015625
30 29 16 30 76 0.015625
30 29 17 30 48 0.015625
30 29 18 30 1 0.015625
30 29 19 30 49 0.015625
30 29 20 30 17 0.046875
30 29 21 30 23 0.015625
30 29 22 30 14 0.03125
30 29 23 30 40 0.015625
30 29 24 30 72 0.046875
30 29 25 30 31 0.015625
30 29 26 30 76 0.015625
30 29 27 30 48 0.015625
30 29 28 30 1 0.03125
30 29 30 30 49 0.015625
30 29 31 30 17 0.078125
30 47 0 30 49 0.015625
30 47 2 30 12 0.015625
30 47 3 30 59 0.046875
30 47 4 30 45 0.03125
30 47 5 30 31 0.109375
30 47 6 30 24 0.046875
30 47 7 30 76 0.21875
30 47 8 30 27 0.15625
30 47 11 30 12 0.015625
30 47 12 30 59 0.015625
30 47 13 30 45 0.015625
30 47 14 30 31 0.015625
30 47 15 30 24 0.015625
30 47 16 30 76 0.015625
30 47 18 30 17 0.015625
30 47 19 30 49 0.015625
30 47 21 30 12 0.03125
30 47 22 30 59 0.03125
30 47 24 30 31 0.046875
30 47 25 30 24 0.03125
30 47 26 30 76 0.03125
30 47 27 30 27 0.015625
30 47 28 30 17 0.015625
30 47 29 30 1 0.015625
30 47 30 30 49 0.015625
35 5 0 35 1 0.015625
35 5 1 35 37 0.015625
35 5 2 35 12 0.015625
35 5 3 35 40 0.015625
35 5 4 35 16 0.03125
35 5 5 35 66 0.046875
35 5 6 35 36 0.0625
35 5 7 35 51 0.15625
35 5 8 35 58 0.046875
35 5 9 35 7 0.140625
35 5 10 35 1 0.015625
35 5 11 35 37 0.015625
35 5 12 35 12 0.015625
35 5 13 35 40 0.015625
35 5 14 35 16 0.015625
35 5 15 35 66 0.015625
35 5 16 35 36 0.03125
35 5 17 35 51 0.015625
35 5 18 35 58 0.015625
35 5 19 35 7 0.015625
35 5 20 35 17 0.015625
35 5 21 35 1 0.015625
35 5 22 35 37 0.03125
35 5 23 35 12 0.015625
35 5 24 35 40 0.03125
35 5 25 35 16 0.0625
35 5 26 35 66 0.015625
35 5 27 35 36 0.015625
35 5 28 35 51 0.03125
35 5 29 35 58 0.015625
35 5 30 35 7 0.03125
35 13 1 35 47 0.015625
35 13 2 35 45 0.015625
35 13 3 35 15 0.03125
35 13 4 35 16 0.109375
35 13 5 35 50 0.0625
35 13 6 35 66 0.140625
35 13 7 35 41 0.140625
35 13 8 35 1 0.015625
35 13 10 35 45 0.015625
35 13 11 35 15 0.015625
35 13 12 35 16 0.015625
35 13 13 35 50 0.015625
35 13 14 35 66 0.015625
35 13 15 35 41 0.03125
35 13 16 35 17 0.03125
35 13 17 35 1 0.015625
35 13 19 35 45 0.015625
35 13 20 35 15 0.015625
35 13 21 35 16 0.015625
35 13 22 35 50 0.015625
35 13 23 35 66 0.015625
35 13 24 35 41 0.03125
35 13 25 35 17 0.0625
35 13 26 35 8 0.015625
35 13 27 35 1 0.046875
35 13 30 35 15 0.0625
35 13 31 35 16 0.015625
35 29 1 35 46 0.015625
35 29 2 35 47 0.03125
35 29 3 35 40 0.03125
35 29 4 35 55 0.09375
35 29 5 35 66 0.09375
35 29 6 35 39 0.125
35 29 7 35 34 0.078125
35 29 8 35 58 0.0625
35 29 9 35 17 0.015625
35 29 10 35 46 0.015625
35 29 12 35 40 0.015625
35 29 13 35 55 0.015625
35 29 14 35 66 0.015625
35 29 16 35 34 0.015625
35 29 17 35 58 0.015625
35 29 18 35 8 0.015625
35 29 19 35 17 0.0625
35 29 20 35 46 0.015625
35 29 22 35 40 0.015625
35 29 23 35 55 0.015625
35 29 24 35 66 0.015625
35 29 25 35 39 0.015625
35 29 26 35 34 0.015625
35 29 27 35 58 0.03125
35 29 28 35 8 0.03125
35 29 29 35 1 0.03125
35 29 30 35 17 0.09375
35 47 0 35 47 0.03125
35 47 1 35 46 0.015625
35 47 2 35 12 0.015625
35 47 3 35 45 0.015625
35 47 4 35 50 0.046875
35 47 5 35 36 0.140625
35 47 6 35 51 0.078125
35 47 7 35 58 0.03125
35 47 8 35 78 0.09375
35 47 9 35 46 0.015625
35 47 10 35 12 0.015625
35 47 11 35 45 0.015625
35 47 12 35 50 0.015625
35 47 13 35 36 0.015625
35 47 14 35 51 0.015625
35 47 15 35 58 0.03125
35 47 17 35 17 0.015625
35 47 18 35 46 0.015625
35 47 19 35 12 0.015625
35 47 21 35 50 0.03125
35 47 22 35 36 0.03125
35 47 23 35 51 0.015625
35 47 24 35 58 0.015625
35 47 25 35 78 0.046875
35 47 26 35 17 0.015625
35 47 27 35 8 0.015625
35 47 28 35 46 0.03125
35 47 29 35 12 0.03125
35 47 30 35 45 0.0625
35 47 31 35 50 0.0625
37 5 0 37 5 0.015625
37 5 1 37 12 0.015625
37 5 2 37 20 0.015625
37 5 3 37 52 0.015625
37 5 4 37 69 0.03125
37 5 5 37 60 0.046875
37 5 6 37 61 0.0625
37 5 7 37 58 0.03125
37 5 8 37 7 0.09375
37 5 9 37 12 0.015625
37 5 10 37 20 0.015625
37 5 11 37 52 0.015625
37 5 12 37 69 0.015625
37 5 13 37 60 0.015625
37 5 14 37 61 0.03125
37 5 15 37 58 0.015625
37 5 16 37 7 0.03125
37 5 17 37 0 0.015625
37 5 18 37 12 0.03125
37 5 19 37 20 0.03125
37 5 20 37 52 0.015625
37 5 21 37 69 0.015625
37 5 22 37 60 0.015625
37 5 23 37 61 0.046875
37 5 24 37 58 0.015625
37 5 25 37 7 0.0625
37 5 26 37 0 0.015625
37 5 27 37 14 0.015625
37 5 28 37 12 0.03125
37 5 29 37 20 0.09375
37 5 30 37 52 0.0625
37 5 31 37 69 0.046875
37 13 1 37 45 0.015625
37 13 2 37 6 0.03125
37 13 3 37 50 0.03125
37 13 4 37 41 0.0625
37 13 5 37 60 0.109375
37 13 6 37 28 0.09375
37 13 7 37 61 0.09375
37 13 8 37 0 0.015625
37 13 9 37 45 0.015625
37 13 11 37 50 0.015625
37 13 12 37 41 0.03125
37 13 13 37 60 0.03125
37 13 14 37 28 0.03125
37 13 15 37 61 0.015625
37 13 16 37 14 0.015625
37 13 17 37 0 0.015625
37 13 18 37 45 0.015625
37 13 19 37 6 0.046875
37 13 20 37 50 0.015625
37 13 21 37 41 0.03125
37 13 22 37 60 0.046875
37 13 23 37 28 0.03125
37 13 24 37 61 0.046875
37 13 25 37 14 0.015625
37 13 26 37 25 0.015625
37 13 29 37 6 0.046875
37 13 30 37 50 0.015625
37 13 31 37 41 0.046875
37 29 0 37 0 0.015625
37 29 1 37 14 0.015625
37 29 2 37 11 0.015625
37 29 3 37 2 0.109375
37 29 4 37 5 0.015625
37 29 5 37 58 0.09375
37 29 6 37 0 0.015625
37 29 7 37 14 0.015625
37 29 8 37 11 0.015625
37 29 9 37 2 0.03125
37 29 11 37 58 0.015625
37 29 12 37 25 0.015625
37 29 13 37 0 0.015625
37 29 14 37 14 0.015625
37 29 15 37 11 0.03125
37 29 16 37 2 0.015625
37 29 18 37 58 0.03125
37 29 20 37 12 0.015625
37 29 21 37 0 0.015625
37 29 22 37 14 0.03125
37 29 23 37 11 0.125
37 29 24 37 2 0.046875
37 29 26 37 58 0.078125
37 29 27 37 25 0.015625
37 29 28 37 12 0.015625
37 29 29 37 54 0.015625
37 29 30 37 0 0.03125
37 29 31 37 14 0.125
37 47 1 37 12 0.015625
37 47 2 37 54 0.015625
37 47 3 37 45 0.015625
37 47 4 37 35 0.09375
37 47 5 37 50 0.09375
37 47 6 37 58 0.046875
37 47 7 37 78 0.171875
37 47 9 37 12 0.015625
37 47 10 37 54 0.015625
37 47 11 37 45 0.015625
37 47 12 37 35 0.015625
37 47 13 37 50 0.015625
37 47 14 37 58 0.03125
37 47 16 37 14 0.015625
37 47 17 37 0 0.015625
37 47 18 37 12 0.03125
37 47 19 37 54 0.015625
37 47 21 37 35 0.03125
37 47 22 37 50 0.03125
37 47 23 37 58 0.015625
37 47 24 37 78 0.046875
37 47 25 37 14 0.03125
37 47 26 37 25 0.015625
37 47 27 37 0 0.015625
37 47 28 37 12 0.03125
37 47 29 37 54 0.015625
37 47 30 37 45 0.078125
37 47 31 37 35 0.046875
40 5 0 40 5 0.015625
40 5 1 40 1 0.015625
40 5 2 40 63 0.015625
40 5 4 40 52 0.015625
40 5 5 40 64 0.046875
40 5 6 40 60 0.0625
40 5 7 40 48 0.078125
40 5 8 40 9 0.125
40 5 9 40 1 0.015625
40 5 10 40 63 0.015625
40 5 12 40 52 0.03125
40 5 13 40 64 0.015625
40 5 14 40 60 0.015625
40 5 15 40 48 0.015625
40 5 16 40 9 0.015625
40 5 17 40 49 0.015625
40 5 18 40 1 0.03125
40 5 19 40 63 0.0625
40 5 21 40 52 0.015625
40 5 22 40 64 0.03125
40 5 23 40 60 0.015625
40 5 24 40 48 0.015625
40 5 25 40 9 0.03125
40 5 26 40 49 0.03125
40 5 27 40 0 0.015625
40 5 28 40 1 0.0625
40 5 29 40 63 0.0625
40 5 31 40 52 0.109375
40 13 3 40 63 0.015625
40 13 4 40 6 0.03125
40 13 5 40 77 0.015625
40 13 6 40 30 0.0625
40 13 7 40 60 0.09375
40 13 8 40 28 0.09375
40 13 9 40 48 0.078125
40 13 10 40 9 0.140625
40 13 12 40 0 0.015625
40 13 13 40 1 0.015625
40 13 14 40 63 0.015625
40 13 15 40 6 0.015625
40 13 16 40 77 0.015625
40 13 17 40 30 0.015625
40 13 18 40 60 0.03125
40 13 19 40 28 0.03125
40 13 20 40 48 0.015625
40 13 21 40 9 0.03125
40 13 22 40 10 0.015625
40 13 23 40 49 0.015625
40 13 24 40 0 0.015625
40 13 25 40 1 0.015625
40 13 26 40 63 0.03125
40 13 27 40 6 0.046875
40 13 28 40 77 0.03125
40 13 29 40 30 0.015625
40 13 30 40 60 0.046875
40 13 31 40 28 0.03125
40 29 1 40 49 0.015625
40 29 3 40 10 0.015625
40 29 4 40 14 0.015625
40 29 5 40 11 0.046875
40 29 6 40 63 0.03125
40 29 7 40 2 0.078125
40 29 8 40 77 0.0625
40 29 9 40 5 0.015625
40 29 10 40 64 0.109375
40 29 11 40 39 0.125
40 29 12 40 34 0.078125
40 29 13 40 31 0.0625
40 29 14 40 48 0.109375
40 29 15 40 49 0.015625
40 29 16 40 0 0.015625
40 29 17 40 10 0.015625
40 29 18 40 14 0.015625
40 29 19 40 11 0.015625
40 29 20 40 63 0.015625
40 29 21 40 2 0.015625
40 29 22 40 77 0.015625
40 29 24 40 64 0.015625
40 29 26 40 34 0.015625
40 29 27 40 31 0.015625
40 29 28 40 48 0.015625
40 29 29 40 1 0.015625
40 29 30 40 49 0.015625
40 29 31 40 0 0.015625
40 47 0 40 49 0.015625
40 47 2 40 53 0.046875
40 47 3 40 29 0.015625
40 47 4 40 35 0.09375
40 47 5 40 31 0.171875
40 47 6 40 78 0.171875
40 47 9 40 53 0.015625
40 47 11 40 35 0.015625
40 47 12 40 31 0.015625
40 47 13 40 78 0.015625
40 47 14 40 1 0.015625
40 47 15 40 49 0.015625
40 47 16 40 0 0.015625
40 47 17 40 53 0.015625
40 47 19 40 35 0.03125
40 47 20 40 31 0.046875
40 47 21 40 78 0.046875
40 47 23 40 10 0.03125
40 47 24 40 49 0.015625
40 47 25 40 0 0.015625
40 47 26 40 53 0.046875
40 47 28 40 35 0.03125
40 47 29 40 31 0.0625
40 47 30 40 78 0.015625
40 47 31 40 1 0.015625
41 5 0 41 37 0.015625
41 5 1 41 12 0.015625
41 5 2 41 69 0.0625
41 5 3 41 3 0.109375
41 5 4 41 36 0.078125
41 5 5 41 61 0.078125
41 5 6 41 58 0.046875
41 5 7 41 37 0.015625
41 5 8 41 12 0.015625
41 5 9 41 69 0.015625
41 5 10 41 3 0.03125
41 5 11 41 36 0.03125
41 5 12 41 61 0.015625
41 5 13 41 58 0.015625
41 5 14 41 8 0.015625
41 5 15 41 37 0.015625
41 5 16 41 12 0.015625
41 5 17 41 69 0.015625
41 5 18 41 3 0.03125
41 5 19 41 36 0.015625
41 5 20 41 61 0.03125
41 5 21 41 58 0.015625
41 5 22 41 8 0.015625
41 5 24 41 37 0.015625
41 5 25 41 12 0.0625
41 5 26 41 69 0.03125
41 5 27 41 3 0.015625
41 5 28 41 36 0.046875
41 5 29 41 61 0.0625
41 5 30 41 58 0.015625
41 5 31 41 8 0.03125
41 13 0 41 13 0.03125
41 13 1 41 77 0.015625
41 13 2 41 15 0.015625
41 13 3 41 50 0.03125
41 13 4 41 28 0.109375
41 13 5 41 61 0.09375
41 13 6 41 77 0.015625
41 13 7 41 15 0.015625
41 13 8 41 50 0.015625
41 13 9 41 28 0.03125
41 13 10 41 61 0.015625
41 13 11 41 8 0.015625
41 13 12 41 77 0.015625
41 13 13 41 15 0.015625
41 13 14 41 50 0.015625
41 13 15 41 28 0.015625
41 13 16 41 61 0.046875
41 13 17 41 8 0.015625
41 13 18 41 37 0.03125
41 13 19 41 77 0.03125
41 13 20 41 15 0.03125
41 13 21 41 50 0.015625
41 13 22 41 28 0.03125
41 13 23 41 61 0.046875
41 13 24 41 8 0.03125
41 13 25 41 37 0.015625
41 13 26 41 22 0.015625
41 13 27 41 77 0.03125
41 13 28 41 15 0.03125
41 13 29 41 50 0.03125
41 13 30 41 28 0.078125
41 13 31 41 61 0.046875
41 29 0 41 2 0.0625
41 29 1 41 77 0.046875
41 29 2 41 34 0.0625
41 29 3 41 31 0.0625
41 29 4 41 76 0.109375
41 29 5 41 58 0.0625
41 29 6 41 2 0.015625
41 29 7 41 77 0.015625
41 29 8 41 34 0.015625
41 29 9 41 31 0.015625
41 29 10 41 76 0.015625
41 29 11 41 58 0.015625
41 29 12 41 8 0.015625
41 29 13 41 2 0.015625
41 29 14 41 77 0.015625
41 29 15 41 34 0.015625
41 29 16 41 31 0.015625
41 29 17 41 76 0.015625
41 29 18 41 58 0.03125
41 29 19 41 8 0.03125
41 29 20 41 37 0.03125
41 29 21 41 2 0.046875
41 29 22 41 77 0.015625
41 29 23 41 34 0.015625
41 29 24 41 31 0.046875
41 29 25 41 76 0.015625
41 29 26 41 58 0.0625
41 29 27 41 8 0.046875
41 29 28 41 37 0.015625
41 29 30 41 2 0.015625
41 29 31 41 77 0.03125
41 47 0 41 13 0.015625
41 47 1 41 22 0.015625
41 47 2 41 12 0.015625
41 47 3 41 35 0.0625
41 47 4 41 50 0.046875
41 47 5 41 31 0.0625
41 47 6 41 3 0.078125
41 47 7 41 36 0.109375
41 47 8 41 76 0.078125
41 47 9 41 58 0.03125
41 47 10 41 78 0.09375
41 47 12 41 22 0.03125
41 47 13 41 12 0.015625
41 47 14 41 35 0.015625
41 47 15 41 50 0.015625
41 47 16 41 31 0.015625
41 47 17 41 3 0.046875
41 47 18 41 36 0.015625
41 47 19 41 76 0.015625
41 47 20 41 58 0.015625
41 47 22 41 8 0.015625
41 47 24 41 22 0.015625
41 47 25 41 12 0.015625
41 47 26 41 35 0.015625
41 47 27 41 50 0.015625
41 47 28 41 31 0.03125
41 47 29 41 3 0.03125
41 47 30 41 36 0.03125
41 47 31 41 76 0.03125
42 5 1 42 40 0.015625
42 5 3 42 74 0.046875
42 5 4 42 51 0.078125
42 5 5 42 4 0.125
42 5 6 42 61 0.046875
42 5 7 42 7 0.09375
42 5 8 42 37 0.015625
42 5 9 42 40 0.015625
42 5 10 42 20 0.015625
42 5 11 42 74 0.015625
42 5 12 42 51 0.015625
42 5 13 42 4 0.03125
42 5 14 42 61 0.015625
42 5 15 42 7 0.015625
42 5 16 42 8 0.015625
42 5 17 42 37 0.015625
42 5 18 42 40 0.03125
42 5 19 42 20 0.015625
42 5 20 42 74 0.046875
42 5 21 42 51 0.03125
42 5 22 42 4 0.046875
42 5 23 42 61 0.03125
42 5 24 42 7 0.03125
42 5 25 42 8 0.015625
42 5 26 42 23 0.015625
42 5 27 42 37 0.03125
42 5 28 42 40 0.015625
42 5 29 42 20 0.0625
42 5 30 42 74 0.03125
42 5 31 42 51 0.015625
42 13 0 42 77 0.015625
42 13 1 42 62 0.03125
42 13 2 42 41 0.0625
42 13 3 42 74 0.09375
42 13 4 42 68 0.046875
42 13 5 42 4 0.109375
42 13 6 42 61 0.0625
42 13 7 42 77 0.015625
42 13 8 42 62 0.015625
42 13 9 42 41 0.03125
42 13 10 42 74 0.015625
42 13 11 42 68 0.015625
42 13 12 42 4 0.015625
42 13 13 42 61 0.015625
42 13 14 42 8 0.015625
42 13 15 42 77 0.03125
42 13 16 42 62 0.015625
42 13 17 42 41 0.015625
42 13 18 42 74 0.03125
42 13 19 42 68 0.015625
42 13 20 42 4 0.015625
42 13 21 42 61 0.046875
42 13 22 42 8 0.015625
42 13 23 42 23 0.015625
42 13 24 42 77 0.03125
42 13 25 42 62 0.046875
42 13 26 42 41 0.046875
42 13 27 42 74 0.015625
42 13 28 42 68 0.015625
42 13 29 42 4 0.015625
42 13 30 42 61 0.03125
42 13 31 42 8 0.03125
42 29 0 42 23 0.015625
42 29 2 42 40 0.015625
42 29 3 42 2 0.0625
42 29 4 42 77 0.0625
42 29 5 42 72 0.15625
42 29 6 42 34 0.0625
42 29 7 42 68 0.0625
42 29 8 42 76 0.078125
42 29 9 42 65 0.0625
42 29 10 42 23 0.015625
42 29 11 42 46 0.015625
42 29 12 42 40 0.015625
42 29 13 42 2 0.015625
42 29 14 42 77 0.015625
42 29 15 42 72 0.046875
42 29 16 42 34 0.015625
42 29 17 42 68 0.015625
42 29 18 42 76 0.015625
42 29 19 42 65 0.015625
42 29 20 42 8 0.015625
42 29 21 42 23 0.015625
42 29 22 42 46 0.015625
42 29 23 42 40 0.015625
42 29 24 42 2 0.015625
42 29 25 42 77 0.015625
42 29 26 42 72 0.046875
42 29 27 42 34 0.015625
42 29 28 42 68 0.015625
42 29 29 42 76 0.015625
42 29 30 42 65 0.015625
42 29 31 42 8 0.03125
42 47 1 42 22 0.015625
42 47 2 42 54 0.03125
42 47 3 42 53 0.046875
42 47 4 42 68 0.046875
42 47 5 42 76 0.078125
42 47 6 42 65 0.125
42 47 7 42 51 0.0625
42 47 8 42 4 0.09375
42 47 9 42 46 0.015625
42 47 10 42 22 0.03125
42 47 11 42 54 0.015625
42 47 13 42 68 0.015625
42 47 14 42 76 0.015625
42 47 15 42 65 0.03125
42 47 16 42 51 0.015625
42 47 17 42 4 0.03125
42 47 18 42 8 0.015625
42 47 19 42 46 0.015625
42 47 20 42 22 0.015625
42 47 21 42 54 0.015625
42 47 22 42 53 0.015625
42 47 23 42 68 0.015625
42 47 24 42 76 0.03125
42 47 25 42 65 0.03125
42 47 26 42 51 0.015625
42 47 27 42 4 0.015625
42 47 28 42 8 0.046875
42 47 29 42 23 0.03125
42 47 30 42 46 0.03125
42 47 31 42 22 0.03125
43 5 0 43 5 0.015625
43 5 1 43 20 0.015625
43 5 2 43 33 0.015625
43 5 3 43 3 0.046875
43 5 4 43 51 0.0625
43 5 5 43 20 0.015625
43 5 6 43 33 0.03125
43 5 7 43 3 0.015625
43 5 8 43 51 0.015625
43 5 9 43 17 0.015625
43 5 10 43 20 0.015625
43 5 11 43 33 0.046875
43 5 12 43 3 0.015625
43 5 13 43 51 0.015625
43 5 15 43 8 0.015625
43 5 16 43 20 0.0625
43 5 17 43 33 0.046875
43 5 18 43 3 0.03125
43 5 19 43 51 0.046875
43 5 20 43 17 0.03125
43 5 21 43 8 0.015625
43 5 22 43 0 0.015625
43 5 23 43 20 0.046875
43 5 24 43 33 0.109375
43 5 25 43 3 0.046875
43 5 26 43 51 0.046875
43 5 27 43 17 0.03125
43 5 28 43 8 0.03125
43 5 29 43 0 0.015625
43 5 30 43 10 0.015625
43 5 31 43 20 0.046875
43 13 0 43 0 0.015625
43 13 2 43 45 0.046875
43 13 3 43 77 0.03125
43 13 4 43 15 0.03125
43 13 5 43 33 0.03125
43 13 6 43 0 0.015625
43 13 8 43 45 0.015625
43 13 9 43 77 0.015625
43 13 10 43 15 0.015625
43 13 11 43 33 0.015625
43 13 12 43 17 0.015625
43 13 13 43 0 0.015625
43 13 15 43 45 0.015625
43 13 16 43 77 0.046875
43 13 17 43 15 0.015625
43 13 18 43 33 0.03125
43 13 19 43 17 0.046875
43 13 20 43 8 0.015625
43 13 24 43 77 0.046875
43 13 25 43 15 0.078125
43 13 26 43 33 0.046875
43 13 27 43 17 0.3125
43 13 28 43 8 0.015625
43 13 29 43 10 0.015625
43 13 30 43 0 0.046875
43 29 0 43 17 0.015625
43 29 2 43 10 0.015625
43 29 3 43 46 0.015625
43 29 4 43 14 0.03125
43 29 5 43 11 0.03125
43 29 6 43 47 0.015625
43 29 7 43 2 0.09375
43 29 8 43 77 0.09375
43 29 9 43 5 0.015625
43 29 10 43 39 0.171875
43 29 11 43 65 0.140625
43 29 12 43 17 0.015625
43 29 13 43 0 0.015625
43 29 14 43 10 0.015625
43 29 15 43 46 0.015625
43 29 16 43 14 0.015625
43 29 17 43 11 0.015625
43 29 19 43 2 0.03125
43 29 20 43 77 0.015625
43 29 23 43 65 0.03125
43 29 24 43 8 0.015625
43 29 25 43 17 0.046875
43 29 26 43 0 0.015625
43 29 27 43 10 0.015625
43 29 28 43 46 0.015625
43 29 29 43 14 0.03125
43 29 30 43 11 0.046875
43 47 0 43 47 0.015625
43 47 3 43 22 0.015625
43 47 4 43 53 0.046875
43 47 5 43 45 0.015625
43 47 6 43 3 0.109375
43 47 7 43 65 0.1875
43 47 8 43 51 0.078125
43 47 9 43 27 0.109375
43 47 11 43 46 0.015625
43 47 12 43 22 0.03125
43 47 14 43 45 0.015625
43 47 15 43 3 0.03125
43 47 16 43 65 0.03125
43 47 17 43 51 0.015625
43 47 19 43 17 0.015625
43 47 20 43 0 0.015625
43 47 21 43 46 0.015625
43 47 22 43 22 0.015625
43 47 23 43 53 0.015625
43 47 25 43 3 0.078125
43 47 26 43 65 0.046875
43 47 27 43 51 0.015625
43 47 28 43 27 0.015625
43 47 29 43 17 0.015625
43 47 30 43 8 0.015625
43 47 31 43 0 0.015625
50 5 0 50 1 0.015625
50 5 2 50 63 0.015625
50 5 3 50 33 0.0625
50 5 4 50 16 0.03125
50 5 5 50 66 0.046875
50 5 6 50 3 0.0625
50 5 7 50 4 0.140625
50 5 8 50 61 0.078125
50 5 9 50 1 0.015625
50 5 10 50 37 0.015625
50 5 11 50 63 0.03125
50 5 12 50 33 0.046875
50 5 13 50 16 0.015625
50 5 14 50 66 0.015625
50 5 15 50 3 0.015625
50 5 16 50 4 0.03125
50 5 17 50 61 0.015625
50 5 19 50 1 0.015625
50 5 20 50 37 0.015625
50 5 21 50 63 0.015625
50 5 22 50 33 0.046875
50 5 23 50 16 0.0625
50 5 24 50 66 0.015625
50 5 25 50 3 0.03125
50 5 26 50 4 0.046875
50 5 27 50 61 0.03125
50 5 29 50 14 0.015625
50 5 30 50 1 0.03125
50 5 31 50 37 0.015625
50 13 0 50 13 0.015625
50 13 4 50 63 0.015625
50 13 5 50 45 0.015625
50 13 6 50 6 0.0625
50 13 7 50 33 0.03125
50 13 8 50 16 0.0625
50 13 9 50 66 0.0625
50 13 10 50 41 0.09375
50 13 11 50 68 0.046875
50 13 12 50 24 0.0625
50 13 13 50 4 0.15625
50 13 14 50 61 0.109375
50 13 15 50 1 0.015625
50 13 16 50 18 0.015625
50 13 18 50 63 0.015625
50 13 19 50 45 0.015625
50 13 20 50 6 0.015625
50 13 21 50 33 0.015625
50 13 22 50 16 0.015625
50 13 23 50 66 0.015625
50 13 24 50 41 0.03125
50 13 25 50 68 0.015625
50 13 26 50 24 0.015625
50 13 27 50 4 0.015625
50 13 28 50 61 0.015625
50 13 29 50 37 0.015625
50 13 30 50 1 0.015625
50 13 31 50 18 0.015625
50 29 0 50 14 0.015625
50 29 1 50 11 0.015625
50 29 2 50 47 0.03125
50 29 3 50 63 0.0625
50 29 4 50 66 0.15625
50 29 5 50 34 0.078125
50 29 6 50 68 0.0625
50 29 7 50 14 0.015625
50 29 8 50 11 0.015625
50 29 10 50 63 0.015625
50 29 11 50 66 0.015625
50 29 12 50 34 0.015625
50 29 13 50 68 0.015625
50 29 14 50 1 0.015625
50 29 15 50 14 0.015625
50 29 16 50 11 0.03125
50 29 18 50 63 0.015625
50 29 19 50 66 0.015625
50 29 20 50 34 0.015625
50 29 21 50 68 0.015625
50 29 22 50 1 0.03125
50 29 23 50 37 0.03125
50 29 24 50 14 0.03125
50 29 25 50 11 0.109375
50 29 27 50 63 0.03125
50 29 28 50 66 0.03125
50 29 29 50 34 0.015625
50 29 30 50 68 0.015625
50 29 31 50 1 0.0625
50 47 0 50 47 0.03125
50 47 2 50 45 0.015625
50 47 3 50 35 0.078125
50 47 4 50 68 0.046875
50 47 5 50 24 0.046875
50 47 6 50 3 0.203125
50 47 7 50 4 0.109375
50 47 9 50 45 0.015625
50 47 10 50 35 0.015625
50 47 11 50 68 0.015625
50 47 12 50 24 0.015625
50 47 13 50 3 0.046875
50 47 14 50 4 0.03125
50 47 15 50 1 0.015625
50 47 18 50 35 0.015625
50 47 19 50 68 0.015625
50 47 20 50 24 0.015625
50 47 21 50 3 0.03125
50 47 22 50 4 0.015625
50 47 24 50 37 0.015625
50 47 26 50 45 0.0625
50 47 27 50 35 0.03125
50 47 28 50 68 0.015625
50 47 29 50 24 0.03125
50 47 30 50 3 0.046875
50 47 31 50 4 0.015625
54 5 2 54 36 0.046875
54 5 3 54 4 0.109375
54 5 4 54 73 0.078125
54 5 5 54 61 0.0625
54 5 6 54 58 0.03125
54 5 7 54 37 0.015625
54 5 8 54 12 0.015625
54 5 9 54 36 0.03125
54 5 10 54 4 0.03125
54 5 11 54 73 0.015625
54 5 12 54 61 0.015625
54 5 13 54 58 0.015625
54 5 14 54 17 0.015625
54 5 15 54 37 0.015625
54 5 16 54 12 0.015625
54 5 17 54 36 0.015625
54 5 18 54 4 0.046875
54 5 19 54 73 0.03125
54 5 20 54 61 0.03125
54 5 21 54 58 0.015625
54 5 23 54 0 0.015625
54 5 24 54 37 0.015625
54 5 25 54 12 0.046875
54 5 26 54 36 0.046875
54 5 27 54 4 0.046875
54 5 28 54 73 0.09375
54 5 29 54 61 0.046875
54 5 30 54 58 0.015625
54 5 31 54 17 0.015625
54 13 3 54 62 0.0625
54 13 4 54 68 0.0625
54 13 5 54 24 0.0625
54 13 6 54 28 0.109375
54 13 7 54 4 0.15625
54 13 8 54 61 0.109375
54 13 9 54 0 0.015625
54 13 10 54 18 0.015625
54 13 12 54 62 0.015625
54 13 13 54 68 0.015625
54 13 14 54 24 0.015625
54 13 15 54 28 0.03125
54 13 16 54 4 0.015625
54 13 17 54 61 0.015625
54 13 18 54 17 0.015625
54 13 19 54 0 0.015625
54 13 20 54 18 0.015625
54 13 22 54 62 0.015625
54 13 23 54 68 0.015625
54 13 24 54 24 0.015625
54 13 25 54 28 0.03125
54 13 26 54 4 0.015625
54 13 27 54 61 0.0625
54 13 28 54 17 0.046875
54 13 29 54 37 0.015625
54 13 31 54 18 0.03125
54 29 0 54 17 0.015625
54 29 1 54 0 0.015625
54 29 2 54 46 0.015625
54 29 3 54 47 0.015625
54 29 4 54 68 0.125
54 29 5 54 58 0.078125
54 29 6 54 17 0.015625
54 29 7 54 0 0.015625
54 29 8 54 46 0.015625
54 29 10 54 68 0.015625
54 29 11 54 58 0.015625
54 29 12 54 37 0.015625
54 29 13 54 17 0.0625
54 29 14 54 0 0.015625
54 29 15 54 46 0.015625
54 29 17 54 68 0.015625
54 29 18 54 58 0.03125
54 29 19 54 37 0.03125
54 29 20 54 22 0.015625
54 29 21 54 17 0.1875
54 29 22 54 0 0.015625
54 29 25 54 68 0.03125
54 29 26 54 58 0.078125
54 29 27 54 37 0.03125
54 29 28 54 22 0.015625
54 29 29 54 18 0.015625
54 29 30 54 17 0.046875
54 29 31 54 0 0.03125
54 47 0 54 47 0.015625
54 47 3 54 22 0.015625
54 47 4 54 12 0.015625
54 47 5 54 59 0.03125
54 47 6 54 68 0.046875
54 47 7 54 24 0.046875
54 47 8 54 36 0.3125
54 47 9 54 4 0.09375
54 47 10 54 58 0.03125
54 47 12 54 46 0.015625
54 47 13 54 22 0.03125
54 47 14 54 12 0.015625
54 47 15 54 59 0.015625
54 47 16 54 68 0.015625
54 47 17 54 24 0.015625
54 47 18 54 36 0.03125
54 47 19 54 4 0.015625
54 47 20 54 58 0.015625
54 47 21 54 17 0.015625
54 47 22 54 0 0.015625
54 47 23 54 46 0.03125
54 47 24 54 22 0.015625
54 47 25 54 12 0.03125
54 47 26 54 59 0.03125
54 47 27 54 68 0.015625
54 47 28 54 24 0.03125
54 47 29 54 36 0.015625
54 47 31 54 58 0.015625
