0 1 3 0 75 0.09375
0 1 5 0 30 0.09375
0 1 7 0 76 0.09375
0 1 9 0 74 0.09375
0 1 12 0 79 0.09375
0 1 13 0 77 0.09375
0 1 14 0 78 0.09375
0 1 15 0 73 0.09375
0 1 19 0 57 0.0625
0 1 20 0 58 0.09375
0 1 21 0 18 0.09375
1 2 3 1 75 0.109375
1 2 7 1 76 0.109375
1 2 9 1 74 0.109375
1 2 12 1 79 0.109375
1 2 13 1 77 0.109375
1 2 14 1 78 0.109375
1 2 15 1 73 0.109375
1 2 20 1 58 0.109375
1 2 21 1 18 0.125
2 3 3 2 75 0.109375
2 3 7 2 76 0.109375
2 3 9 2 74 0.109375
2 3 12 2 79 0.109375
2 3 13 2 77 0.109375
2 3 14 2 78 0.109375
2 3 15 2 73 0.109375
2 3 20 2 58 0.109375
2 3 21 2 18 0.125
3 4 3 3 75 0.109375
3 4 7 3 76 0.109375
3 4 9 3 74 0.109375
3 4 12 3 79 0.109375
3 4 13 3 77 0.109375
3 4 14 3 78 0.109375
3 4 15 3 73 0.109375
3 4 20 3 58 0.109375
3 4 21 3 18 0.125
4 5 3 4 75 0.109375
4 5 7 4 76 0.109375
4 5 9 4 74 0.109375
4 5 10 4 52 0.03125
4 5 12 4 79 0.109375
4 5 13 4 77 0.109375
4 5 14 4 78 0.109375
4 5 15 4 73 0.109375
4 5 20 4 58 0.109375
4 5 21 4 18 0.09375
5 6 0 5 24 0.00732421875
5 6 1 5 24 0.006103515625
5 6 2 5 24 0.006103515625
5 6 3 5 24 0.006103515625
5 6 4 5 24 0.006103515625
5 6 5 5 24 0.00732421875
5 6 6 5 24 0.00732421875
5 6 7 5 24 0.003662109375
5 6 8 5 24 0.006103515625
5 6 9 5 24 0.006103515625
5 6 10 5 24 0.0048828125
5 6 11 5 24 0.0048828125
5 6 12 5 24 0.003662109375
5 6 13 5 24 0.00244140625
5 6 14 5 25 0.00732421875
5 6 15 5 25 0.006103515625
5 6 16 5 25 0.006103515625
5 6 17 5 25 0.006103515625
5 6 18 5 25 0.006103515625
5 6 19 5 25 0.00732421875
5 6 20 5 25 0.00732421875
5 6 21 5 25 0.003662109375
5 6 22 5 25 0.006103515625
5 6 23 5 25 0.006103515625
5 6 24 5 25 0.0048828125
5 6 25 5 25 0.0048828125
5 6 26 5 25 0.003662109375
5 6 27 5 25 0.00244140625
5 6 28 5 55 0.006591796875
5 6 29 5 55 0.0087890625
5 6 30 5 55 0.008056640625
5 6 31 5 55 0.006591796875
5 6 32 5 55 0.006591796875
5 6 33 5 55 0.006591796875
5 6 34 5 55 0.003662109375
5 6 35 5 27 0.00732421875
5 6 36 5 27 0.006103515625
5 6 37 5 27 0.006103515625
5 6 38 5 27 0.006103515625
5 6 39 5 27 0.006103515625
5 6 40 5 27 0.00732421875
5 6 41 5 27 0.00732421875
5 6 42 5 27 0.003662109375
5 6 43 5 27 0.006103515625
5 6 44 5 27 0.006103515625
5 6 45 5 27 0.0048828125
5 6 46 5 27 0.0048828125
5 6 47 5 27 0.003662109375
5 6 48 5 27 0.00244140625
5 6 49 5 30 0.00439453125
5 6 50 5 30 0.00439453125
5 6 51 5 30 0.0029296875
5 6 52 5 30 0.0029296875
5 6 53 5 30 0.0029296875
5 6 54 5 30 0.00439453125
5 6 55 5 30 0.00439453125
5 6 57 5 30 0.01171875
5 6 58 5 30 0.01318359375
5 6 59 5 30 0.01171875
5 6 60 5 30 0.01171875
5 6 61 5 30 0.01025390625
5 6 62 5 30 0.0087890625
5 6 63 5 29 0.0029296875
5 6 64 5 29 0.0029296875
5 6 65 5 29 0.0029296875
5 6 66 5 29 0.0029296875
5 6 67 5 29 0.0029296875
5 6 68 5 29 0.00146484375
5 6 69 5 29 0.0029296875
5 6 70 5 29 0.01318359375
5 6 71 5 29 0.01171875
5 6 72 5 29 0.01171875
5 6 73 5 29 0.0087890625
5 6 74 5 29 0.0087890625
5 6 75 5 29 0.0087890625
5 6 76 5 29 0.01171875
5 6 77 5 53 0.006591796875
5 6 78 5 53 0.0087890625
5 6 79 5 53 0.008056640625
5 6 80 5 53 0.006591796875
5 6 81 5 53 0.006591796875
5 6 82 5 53 0.006591796875
5 6 83 5 53 0.003662109375
5 6 84 5 52 0.013427734375
5 6 85 5 52 0.009765625
5 6 86 5 52 0.010986328125
5 6 87 5 52 0.01220703125
5 6 88 5 52 0.01220703125
5 6 89 5 52 0.013427734375
5 6 90 5 52 0.006103515625
5 6 91 5 28 0.00341796875
5 6 92 5 28 0.00341796875
5 6 93 5 28 0.00341796875
5 6 94 5 28 0.00341796875
5 6 95 5 28 0.00341796875
5 6 96 5 28 0.005126953125
5 6 97 5 28 0.00341796875
5 6 98 5 28 0.013671875
5 6 99 5 28 0.01025390625
5 6 100 5 28 0.011962890625
5 6 101 5 28 0.01025390625
5 6 102 5 28 0.01025390625
5 6 103 5 28 0.018798828125
5 6 104 5 28 0.008544921875
5 6 105 5 26 0.00732421875
5 6 106 5 26 0.006103515625
5 6 107 5 26 0.006103515625
5 6 108 5 26 0.006103515625
5 6 109 5 26 0.006103515625
5 6 110 5 26 0.00732421875
5 6 111 5 26 0.00732421875
5 6 112 5 26 0.003662109375
5 6 113 5 26 0.006103515625
5 6 114 5 26 0.006103515625
5 6 115 5 26 0.0048828125
5 6 116 5 26 0.0048828125
5 6 117 5 26 0.003662109375
5 6 118 5 26 0.00244140625
5 6 119 5 54 0.006591796875
5 6 120 5 54 0.0087890625
5 6 121 5 54 0.008056640625
5 6 122 5 54 0.006591796875
5 6 123 5 54 0.006591796875
5 6 124 5 54 0.006591796875
5 6 125 5 54 0.003662109375
5 6 126 5 56 0.006591796875
5 6 127 5 56 0.0087890625
5 6 128 5 56 0.008056640625
5 6 129 5 56 0.006591796875
5 6 130 5 56 0.006591796875
5 6 131 5 56 0.006591796875
5 6 132 5 56 0.003662109375
5 6 133 5 57 0.006591796875
5 6 134 5 57 0.0087890625
5 6 135 5 57 0.008056640625
5 6 136 5 57 0.006591796875
5 6 137 5 57 0.006591796875
5 6 138 5 57 0.006591796875
5 6 139 5 57 0.003662109375
5 6 140 5 58 0.013427734375
5 6 141 5 58 0.009765625
5 6 142 5 58 0.010986328125
5 6 143 5 58 0.01220703125
5 6 144 5 58 0.01220703125
5 6 145 5 58 0.013427734375
5 6 146 5 58 0.006103515625
6 0 0 6 59 0.003662109375
6 0 1 6 59 0.003662109375
6 0 2 6 59 0.003662109375
6 0 3 6 59 2.44140625E-4
6 0 4 6 59 7.32421875E-4
6 0 6 6 59 0.003662109375
6 0 7 6 60 0.003662109375
6 0 8 6 60 0.003662109375
6 0 9 6 60 0.003662109375
6 0 10 6 60 2.44140625E-4
6 0 11 6 60 7.32421875E-4
6 0 13 6 60 0.003662109375
6 0 14 6 61 0.003662109375
6 0 15 6 61 0.003662109375
6 0 16 6 61 0.003662109375
6 0 17 6 61 2.44140625E-4
6 0 18 6 61 7.32421875E-4
6 0 20 6 61 0.003662109375
6 0 21 6 62 0.003662109375
6 0 22 6 62 0.003662109375
6 0 23 6 62 0.003662109375
6 0 24 6 62 2.44140625E-4
6 0 25 6 62 7.32421875E-4
6 0 27 6 62 0.003662109375
6 0 28 6 63 0.003662109375
6 0 29 6 63 0.003662109375
6 0 30 6 63 0.003662109375
6 0 31 6 63 2.44140625E-4
6 0 32 6 63 7.32421875E-4
6 0 34 6 63 0.003662109375
6 0 35 6 64 0.003662109375
6 0 36 6 64 0.003662109375
6 0 37 6 64 0.003662109375
6 0 38 6 64 2.44140625E-4
6 0 39 6 64 7.32421875E-4
6 0 41 6 64 0.003662109375
6 0 42 6 65 0.003662109375
6 0 43 6 65 0.003662109375
6 0 44 6 65 0.003662109375
6 0 45 6 65 2.44140625E-4
6 0 46 6 65 7.32421875E-4
6 0 48 6 65 0.003662109375
6 0 49 6 31 0.0107421875
6 0 50 6 31 0.0107421875
6 0 51 6 31 0.013427734375
6 0 52 6 31 0.0107421875
6 0 53 6 31 0.013427734375
6 0 54 6 31 0.013427734375
6 0 55 6 31 0.013427734375
6 0 56 6 31 0.013427734375
6 0 57 6 31 0.013427734375
6 0 58 6 31 0.0107421875
6 0 59 6 31 0.013427734375
6 0 60 6 31 0.0107421875
6 0 61 6 31 0.0107421875
6 0 62 6 31 0.013427734375
6 0 63 6 32 0.0107421875
6 0 64 6 32 0.0107421875
6 0 65 6 32 0.013427734375
6 0 66 6 32 0.0107421875
6 0 67 6 32 0.013427734375
6 0 68 6 32 0.013427734375
6 0 69 6 32 0.013427734375
6 0 70 6 32 0.013427734375
6 0 71 6 32 0.013427734375
6 0 72 6 32 0.0107421875
6 0 73 6 32 0.013427734375
6 0 74 6 32 0.0107421875
6 0 75 6 32 0.0107421875
6 0 76 6 32 0.013427734375
6 0 77 6 33 0.003662109375
6 0 78 6 33 0.003662109375
6 0 79 6 33 0.00244140625
6 0 80 6 33 0.003662109375
6 0 81 6 33 0.01220703125
6 0 82 6 33 0.010986328125
6 0 83 6 33 0.001220703125
6 0 84 6 33 0.008544921875
6 0 85 6 33 0.01220703125
6 0 86 6 33 0.003662109375
6 0 87 6 33 0.00244140625
6 0 88 6 33 0.00244140625
6 0 89 6 33 0.00244140625
6 0 90 6 33 0.008544921875
6 0 91 6 34 0.00439453125
6 0 92 6 34 0.00439453125
6 0 93 6 34 0.0087890625
6 0 94 6 34 0.00439453125
6 0 95 6 34 0.005859375
6 0 96 6 34 0.00732421875
6 0 97 6 34 0.0087890625
6 0 98 6 34 0.00732421875
6 0 99 6 34 0.00439453125
6 0 100 6 34 0.00439453125
6 0 101 6 34 0.0087890625
6 0 102 6 34 0.0087890625
6 0 103 6 34 0.0087890625
6 0 104 6 34 0.00732421875
6 0 105 6 35 0.00439453125
6 0 106 6 35 0.00439453125
6 0 107 6 35 0.0087890625
6 0 108 6 35 0.00439453125
6 0 109 6 35 0.005859375
6 0 110 6 35 0.00732421875
6 0 111 6 35 0.0087890625
6 0 112 6 35 0.00732421875
6 0 113 6 35 0.00439453125
6 0 114 6 35 0.00439453125
6 0 115 6 35 0.0087890625
6 0 116 6 35 0.0087890625
6 0 117 6 35 0.0087890625
6 0 118 6 35 0.00732421875
6 0 119 6 36 0.0107421875
6 0 120 6 36 0.0107421875
6 0 121 6 36 0.013427734375
6 0 122 6 36 0.0107421875
6 0 123 6 36 0.013427734375
6 0 124 6 36 0.008056640625
6 0 125 6 36 0.013427734375
6 0 126 6 36 0.013427734375
6 0 127 6 36 0.013427734375
6 0 128 6 36 0.0107421875
6 0 129 6 36 0.013427734375
6 0 130 6 36 0.013427734375
6 0 131 6 36 0.013427734375
6 0 132 6 36 0.013427734375
6 0 133 6 37 0.005126953125
6 0 134 6 37 0.005126953125
6 0 135 6 37 0.005126953125
6 0 136 6 37 0.005126953125
6 0 137 6 37 0.013671875
6 0 138 6 37 0.013671875
6 0 139 6 37 0.0068359375
6 0 140 6 37 0.01025390625
6 0 141 6 37 0.013671875
6 0 142 6 37 0.005126953125
6 0 143 6 37 0.005126953125
6 0 144 6 37 0.005126953125
6 0 145 6 37 0.005126953125
6 0 146 6 37 0.01025390625
6 7 0 6 16 0.03125
6 7 1 6 59 0.0625
6 7 2 6 60 0.0625
6 7 3 6 61 0.0625
6 7 4 6 62 0.0625
6 7 5 6 63 0.0625
6 7 6 6 64 0.0625
6 7 7 6 65 0.0625
6 7 8 6 31 0.015625
6 7 9 6 32 0.015625
6 7 10 6 33 0.015625
6 7 11 6 34 0.03125
6 7 12 6 35 0.03125
6 7 13 6 36 0.03125
6 7 15 6 12 0.046875
6 7 16 6 13 0.03125
6 7 17 6 14 0.03125
6 7 18 6 15 0.03125
6 7 19 6 17 0.03125
6 7 20 6 66 0.03125
6 7 21 6 67 0.03125
6 7 22 6 68 0.03125
6 7 23 6 69 0.03125
6 7 24 6 70 0.03125
6 7 25 6 71 0.03125
6 7 26 6 72 0.03125
7 8 1 7 59 0.125
7 8 2 7 60 0.125
7 8 3 7 61 0.125
7 8 4 7 62 0.125
7 8 5 7 63 0.125
7 8 6 7 64 0.125
7 8 7 7 65 0.125
7 8 8 7 31 0.125
8 0 0 8 59 0.003662109375
8 0 1 8 59 0.003662109375
8 0 2 8 59 0.003662109375
8 0 3 8 59 2.44140625E-4
8 0 4 8 59 7.32421875E-4
8 0 6 8 59 0.003662109375
8 0 7 8 60 0.003662109375
8 0 8 8 60 0.003662109375
8 0 9 8 60 0.003662109375
8 0 10 8 60 2.44140625E-4
8 0 11 8 60 7.32421875E-4
8 0 13 8 60 0.003662109375
8 0 14 8 61 0.003662109375
8 0 15 8 61 0.003662109375
8 0 16 8 61 0.003662109375
8 0 17 8 61 2.44140625E-4
8 0 18 8 61 7.32421875E-4
8 0 20 8 61 0.003662109375
8 0 21 8 62 0.003662109375
8 0 22 8 62 0.003662109375
8 0 23 8 62 0.003662109375
8 0 24 8 62 2.44140625E-4
8 0 25 8 62 7.32421875E-4
8 0 27 8 62 0.003662109375
8 0 28 8 63 0.003662109375
8 0 29 8 63 0.003662109375
8 0 30 8 63 0.003662109375
8 0 31 8 63 2.44140625E-4
8 0 32 8 63 7.32421875E-4
8 0 34 8 63 0.003662109375
8 0 35 8 64 0.003662109375
8 0 36 8 64 0.003662109375
8 0 37 8 64 0.003662109375
8 0 38 8 64 2.44140625E-4
8 0 39 8 64 7.32421875E-4
8 0 41 8 64 0.003662109375
8 0 42 8 65 0.003662109375
8 0 43 8 65 0.003662109375
8 0 44 8 65 0.003662109375
8 0 45 8 65 2.44140625E-4
8 0 46 8 65 7.32421875E-4
8 0 48 8 65 0.003662109375
8 0 49 8 31 0.0087890625
8 0 50 8 31 0.0087890625
8 0 51 8 31 0.010986328125
8 0 52 8 31 0.0087890625
8 0 53 8 31 0.010986328125
8 0 54 8 31 0.010986328125
8 0 55 8 31 0.010986328125
8 0 56 8 31 0.010986328125
8 0 57 8 31 0.010986328125
8 0 58 8 31 0.0087890625
8 0 59 8 31 0.010986328125
8 0 60 8 31 0.0087890625
8 0 61 8 31 0.0087890625
8 0 62 8 31 0.010986328125
8 0 63 8 32 0.0087890625
8 0 64 8 32 0.0087890625
8 0 65 8 32 0.010986328125
8 0 66 8 32 0.0087890625
8 0 67 8 32 0.010986328125
8 0 68 8 32 0.010986328125
8 0 69 8 32 0.010986328125
8 0 70 8 32 0.010986328125
8 0 71 8 32 0.010986328125
8 0 72 8 32 0.0087890625
8 0 73 8 32 0.010986328125
8 0 74 8 32 0.0087890625
8 0 75 8 32 0.0087890625
8 0 76 8 32 0.010986328125
8 0 77 8 33 0.00439453125
8 0 78 8 33 0.00439453125
8 0 79 8 33 0.0029296875
8 0 80 8 33 0.00439453125
8 0 81 8 33 0.0146484375
8 0 82 8 33 0.01318359375
8 0 83 8 33 0.00146484375
8 0 84 8 33 0.01025390625
8 0 85 8 33 0.0146484375
8 0 86 8 33 0.00439453125
8 0 87 8 33 0.0029296875
8 0 88 8 33 0.0029296875
8 0 89 8 33 0.0029296875
8 0 90 8 33 0.01025390625
8 0 91 8 34 0.006591796875
8 0 92 8 34 0.006591796875
8 0 93 8 34 0.01318359375
8 0 94 8 34 0.006591796875
8 0 95 8 34 0.0087890625
8 0 96 8 34 0.010986328125
8 0 97 8 34 0.01318359375
8 0 98 8 34 0.010986328125
8 0 99 8 34 0.006591796875
8 0 100 8 34 0.006591796875
8 0 101 8 34 0.01318359375
8 0 102 8 34 0.01318359375
8 0 103 8 34 0.01318359375
8 0 104 8 34 0.010986328125
8 0 105 8 35 0.006591796875
8 0 106 8 35 0.006591796875
8 0 107 8 35 0.01318359375
8 0 108 8 35 0.006591796875
8 0 109 8 35 0.0087890625
8 0 110 8 35 0.010986328125
8 0 111 8 35 0.01318359375
8 0 112 8 35 0.010986328125
8 0 113 8 35 0.006591796875
8 0 114 8 35 0.006591796875
8 0 115 8 35 0.01318359375
8 0 116 8 35 0.01318359375
8 0 117 8 35 0.01318359375
8 0 118 8 35 0.010986328125
8 0 119 8 36 0.0087890625
8 0 120 8 36 0.0087890625
8 0 121 8 36 0.010986328125
8 0 122 8 36 0.0087890625
8 0 123 8 36 0.010986328125
8 0 124 8 36 0.006591796875
8 0 125 8 36 0.010986328125
8 0 126 8 36 0.010986328125
8 0 127 8 36 0.010986328125
8 0 128 8 36 0.0087890625
8 0 129 8 36 0.010986328125
8 0 130 8 36 0.010986328125
8 0 131 8 36 0.010986328125
8 0 132 8 36 0.010986328125
8 0 133 8 37 0.00439453125
8 0 134 8 37 0.00439453125
8 0 135 8 37 0.00439453125
8 0 136 8 37 0.00439453125
8 0 137 8 37 0.01171875
8 0 138 8 37 0.01171875
8 0 139 8 37 0.005859375
8 0 140 8 37 0.0087890625
8 0 141 8 37 0.01171875
8 0 142 8 37 0.00439453125
8 0 143 8 37 0.00439453125
8 0 144 8 37 0.00439453125
8 0 145 8 37 0.00439453125
8 0 146 8 37 0.0087890625
8 9 0 8 16 0.015625
8 9 1 8 59 0.078125
8 9 2 8 60 0.078125
8 9 3 8 61 0.078125
8 9 4 8 62 0.078125
8 9 5 8 63 0.078125
8 9 6 8 64 0.0625
8 9 7 8 65 0.0625
8 9 8 8 31 0.015625
8 9 9 8 32 0.015625
8 9 11 8 34 0.03125
8 9 12 8 35 0.03125
8 9 13 8 36 0.015625
8 9 15 8 12 0.03125
8 9 16 8 13 0.03125
8 9 17 8 14 0.03125
8 9 18 8 15 0.015625
8 9 19 8 17 0.03125
8 9 20 8 66 0.03125
8 9 21 8 67 0.03125
8 9 22 8 68 0.03125
8 9 23 8 69 0.03125
8 9 24 8 70 0.03125
8 9 25 8 71 0.03125
8 9 26 8 72 0.03125
9 0 0 9 59 0.003662109375
9 0 1 9 59 0.003662109375
9 0 2 9 59 0.003662109375
9 0 3 9 59 2.44140625E-4
9 0 4 9 59 7.32421875E-4
9 0 6 9 59 0.003662109375
9 0 7 9 60 0.003662109375
9 0 8 9 60 0.003662109375
9 0 9 9 60 0.003662109375
9 0 10 9 60 2.44140625E-4
9 0 11 9 60 7.32421875E-4
9 0 13 9 60 0.003662109375
9 0 14 9 61 0.003662109375
9 0 15 9 61 0.003662109375
9 0 16 9 61 0.003662109375
9 0 17 9 61 2.44140625E-4
9 0 18 9 61 7.32421875E-4
9 0 20 9 61 0.003662109375
9 0 21 9 62 0.003662109375
9 0 22 9 62 0.003662109375
9 0 23 9 62 0.003662109375
9 0 24 9 62 2.44140625E-4
9 0 25 9 62 7.32421875E-4
9 0 27 9 62 0.003662109375
9 0 28 9 63 0.003662109375
9 0 29 9 63 0.003662109375
9 0 30 9 63 0.003662109375
9 0 31 9 63 2.44140625E-4
9 0 32 9 63 7.32421875E-4
9 0 34 9 63 0.003662109375
9 0 35 9 64 0.003662109375
9 0 36 9 64 0.003662109375
9 0 37 9 64 0.003662109375
9 0 38 9 64 2.44140625E-4
9 0 39 9 64 7.32421875E-4
9 0 41 9 64 0.003662109375
9 0 42 9 65 0.003662109375
9 0 43 9 65 0.003662109375
9 0 44 9 65 0.003662109375
9 0 45 9 65 2.44140625E-4
9 0 46 9 65 7.32421875E-4
9 0 48 9 65 0.003662109375
9 0 49 9 31 0.0107421875
9 0 50 9 31 0.0107421875
9 0 51 9 31 0.013427734375
9 0 52 9 31 0.0107421875
9 0 53 9 31 0.013427734375
9 0 54 9 31 0.013427734375
9 0 55 9 31 0.013427734375
9 0 56 9 31 0.013427734375
9 0 57 9 31 0.013427734375
9 0 58 9 31 0.0107421875
9 0 59 9 31 0.013427734375
9 0 60 9 31 0.0107421875
9 0 61 9 31 0.0107421875
9 0 62 9 31 0.013427734375
9 0 63 9 32 0.009765625
9 0 64 9 32 0.009765625
9 0 65 9 32 0.01220703125
9 0 66 9 32 0.009765625
9 0 67 9 32 0.01220703125
9 0 68 9 32 0.01220703125
9 0 69 9 32 0.01220703125
9 0 70 9 32 0.01220703125
9 0 71 9 32 0.01220703125
9 0 72 9 32 0.009765625
9 0 73 9 32 0.01220703125
9 0 74 9 32 0.009765625
9 0 75 9 32 0.009765625
9 0 76 9 32 0.01220703125
9 0 77 9 33 0.003662109375
9 0 78 9 33 0.003662109375
9 0 79 9 33 0.00244140625
9 0 80 9 33 0.003662109375
9 0 81 9 33 0.01220703125
9 0 82 9 33 0.010986328125
9 0 83 9 33 0.001220703125
9 0 84 9 33 0.008544921875
9 0 85 9 33 0.01220703125
9 0 86 9 33 0.003662109375
9 0 87 9 33 0.00244140625
9 0 88 9 33 0.00244140625
9 0 89 9 33 0.00244140625
9 0 90 9 33 0.008544921875
9 0 91 9 34 0.005126953125
9 0 92 9 34 0.005126953125
9 0 93 9 34 0.01025390625
9 0 94 9 34 0.005126953125
9 0 95 9 34 0.0068359375
9 0 96 9 34 0.008544921875
9 0 97 9 34 0.01025390625
9 0 98 9 34 0.008544921875
9 0 99 9 34 0.005126953125
9 0 100 9 34 0.005126953125
9 0 101 9 34 0.01025390625
9 0 102 9 34 0.01025390625
9 0 103 9 34 0.01025390625
9 0 104 9 34 0.008544921875
9 0 105 9 35 0.005126953125
9 0 106 9 35 0.005126953125
9 0 107 9 35 0.01025390625
9 0 108 9 35 0.005126953125
9 0 109 9 35 0.0068359375
9 0 110 9 35 0.008544921875
9 0 111 9 35 0.01025390625
9 0 112 9 35 0.008544921875
9 0 113 9 35 0.005126953125
9 0 114 9 35 0.005126953125
9 0 115 9 35 0.01025390625
9 0 116 9 35 0.01025390625
9 0 117 9 35 0.01025390625
9 0 118 9 35 0.008544921875
9 0 119 9 36 0.0107421875
9 0 120 9 36 0.0107421875
9 0 121 9 36 0.013427734375
9 0 122 9 36 0.0107421875
9 0 123 9 36 0.013427734375
9 0 124 9 36 0.008056640625
9 0 125 9 36 0.013427734375
9 0 126 9 36 0.013427734375
9 0 127 9 36 0.013427734375
9 0 128 9 36 0.0107421875
9 0 129 9 36 0.013427734375
9 0 130 9 36 0.013427734375
9 0 131 9 36 0.013427734375
9 0 132 9 36 0.013427734375
9 0 133 9 37 0.00439453125
9 0 134 9 37 0.00439453125
9 0 135 9 37 0.00439453125
9 0 136 9 37 0.00439453125
9 0 137 9 37 0.01171875
9 0 138 9 37 0.01171875
9 0 139 9 37 0.005859375
9 0 140 9 37 0.0087890625
9 0 141 9 37 0.01171875
9 0 142 9 37 0.00439453125
9 0 143 9 37 0.00439453125
9 0 144 9 37 0.00439453125
9 0 145 9 37 0.00439453125
9 0 146 9 37 0.0087890625
9 10 0 9 16 0.03125
9 10 1 9 59 0.078125
9 10 2 9 60 0.078125
9 10 3 9 61 0.078125
9 10 4 9 62 0.078125
9 10 5 9 63 0.078125
9 10 6 9 64 0.078125
9 10 7 9 65 0.078125
9 10 8 9 31 0.015625
9 10 11 9 34 0.015625
9 10 12 9 35 0.015625
9 10 13 9 36 0.015625
9 10 15 9 12 0.03125
9 10 16 9 13 0.03125
9 10 17 9 14 0.03125
9 10 18 9 15 0.015625
9 10 19 9 17 0.03125
9 10 20 9 66 0.03125
9 10 21 9 67 0.03125
9 10 22 9 68 0.03125
9 10 23 9 69 0.03125
9 10 24 9 70 0.03125
9 10 25 9 71 0.03125
9 10 26 9 72 0.03125
10 11 1 10 59 0.140625
10 11 2 10 60 0.125
10 11 3 10 61 0.125
10 11 4 10 62 0.125
10 11 5 10 63 0.125
10 11 6 10 64 0.140625
10 11 7 10 65 0.140625
10 11 8 10 31 0.078125
11 7 0 11 16 0.03125
11 7 1 11 59 0.046875
11 7 2 11 60 0.046875
11 7 3 11 61 0.046875
11 7 4 11 62 0.046875
11 7 5 11 63 0.046875
11 7 6 11 64 0.046875
11 7 7 11 65 0.046875
11 7 8 11 31 0.046875
11 7 9 11 32 0.03125
11 7 10 11 33 0.015625
11 7 11 11 34 0.0625
11 7 12 11 35 0.0625
11 7 13 11 36 0.0625
11 7 14 11 37 0.015625
11 7 15 11 12 0.015625
11 7 16 11 13 0.03125
11 7 17 11 14 0.03125
11 7 18 11 15 0.015625
11 7 19 11 17 0.03125
11 7 20 11 66 0.03125
11 7 21 11 67 0.03125
11 7 22 11 68 0.03125
11 7 23 11 69 0.03125
11 7 24 11 70 0.03125
11 7 25 11 71 0.03125
11 7 26 11 72 0.03125
11 12 0 11 12 1.0
12 13 13 12 44 0.125
12 13 20 12 66 0.125
12 13 21 12 67 0.125
12 13 22 12 68 0.125
12 13 23 12 69 0.125
12 13 24 12 70 0.125
12 13 25 12 71 0.125
12 13 26 12 72 0.125
13 14 13 13 44 0.125
13 14 20 13 66 0.125
13 14 21 13 67 0.125
13 14 22 13 68 0.125
13 14 23 13 69 0.125
13 14 24 13 70 0.125
13 14 25 13 71 0.125
13 14 26 13 72 0.125
14 15 13 14 44 0.125
14 15 20 14 66 0.125
14 15 21 14 67 0.125
14 15 22 14 68 0.125
14 15 23 14 69 0.125
14 15 24 14 70 0.125
14 15 25 14 71 0.125
14 15 26 14 72 0.125
15 9 0 15 9 1.0
15 16 0 15 59 0.03125
15 16 1 15 60 0.03125
15 16 2 15 61 0.03125
15 16 3 15 62 0.03125
15 16 4 15 63 0.03125
15 16 5 15 64 0.03125
15 16 6 15 65 0.03125
15 16 7 15 38 0.015625
15 16 8 15 39 0.03125
15 16 9 15 40 0.015625
15 16 10 15 41 0.015625
15 16 11 15 42 0.015625
15 16 12 15 43 0.03125
15 16 13 15 44 0.03125
15 16 14 15 6 0.03125
15 16 15 15 7 0.03125
15 16 16 15 8 0.03125
15 16 17 15 9 0.015625
15 16 18 15 10 0.03125
15 16 19 15 11 0.03125
15 16 20 15 66 0.078125
15 16 21 15 67 0.0625
15 16 22 15 68 0.0625
15 16 23 15 69 0.0625
15 16 24 15 70 0.0625
15 16 25 15 71 0.0625
15 16 26 15 72 0.0625
16 17 13 16 44 0.125
16 17 20 16 66 0.125
16 17 21 16 67 0.125
16 17 22 16 68 0.125
16 17 23 16 69 0.125
16 17 24 16 70 0.125
16 17 25 16 71 0.125
16 17 26 16 72 0.125
17 18 0 17 38 0.0029296875
17 18 1 17 38 0.0029296875
17 18 2 17 38 0.0029296875
17 18 3 17 38 0.0029296875
17 18 4 17 38 0.0029296875
17 18 5 17 38 0.0029296875
17 18 6 17 38 0.0029296875
17 18 7 17 38 0.01171875
17 18 8 17 38 0.001953125
17 18 9 17 38 0.009765625
17 18 10 17 38 0.009765625
17 18 11 17 38 0.0029296875
17 18 12 17 38 0.0029296875
17 18 13 17 38 0.0029296875
17 18 14 17 39 0.00732421875
17 18 15 17 39 0.00732421875
17 18 16 17 39 0.0087890625
17 18 17 17 39 0.00732421875
17 18 18 17 39 0.00732421875
17 18 19 17 39 0.00732421875
17 18 20 17 39 0.0087890625
17 18 21 17 39 0.00732421875
17 18 22 17 39 0.00439453125
17 18 23 17 39 0.00732421875
17 18 24 17 39 0.00732421875
17 18 25 17 39 0.00439453125
17 18 26 17 39 0.00439453125
17 18 27 17 39 0.00439453125
17 18 28 17 40 0.0068359375
17 18 29 17 40 0.0068359375
17 18 30 17 40 0.0068359375
17 18 31 17 40 0.0068359375
17 18 32 17 40 0.0068359375
17 18 33 17 40 0.0068359375
17 18 34 17 40 0.005126953125
17 18 35 17 40 0.015380859375
17 18 36 17 40 0.005126953125
17 18 37 17 40 0.013671875
17 18 38 17 40 0.013671875
17 18 39 17 40 0.005126953125
17 18 40 17 40 0.005126953125
17 18 41 17 40 0.005126953125
17 18 42 17 41 0.0068359375
17 18 43 17 41 0.005126953125
17 18 44 17 41 0.0068359375
17 18 45 17 41 0.005126953125
17 18 46 17 41 0.005126953125
17 18 47 17 41 0.005126953125
17 18 48 17 41 0.0068359375
17 18 49 17 41 0.01708984375
17 18 50 17 41 0.005126953125
17 18 51 17 41 0.015380859375
17 18 52 17 41 0.015380859375
17 18 53 17 41 0.005126953125
17 18 54 17 41 0.005126953125
17 18 55 17 41 0.005126953125
17 18 56 17 42 0.0068359375
17 18 57 17 42 0.005126953125
17 18 58 17 42 0.0068359375
17 18 59 17 42 0.005126953125
17 18 60 17 42 0.005126953125
17 18 61 17 42 0.005126953125
17 18 62 17 42 0.0068359375
17 18 63 17 42 0.01708984375
17 18 64 17 42 0.005126953125
17 18 65 17 42 0.015380859375
17 18 66 17 42 0.015380859375
17 18 67 17 42 0.005126953125
17 18 68 17 42 0.005126953125
17 18 69 17 42 0.005126953125
17 18 70 17 43 0.00732421875
17 18 71 17 43 0.00732421875
17 18 72 17 43 0.0087890625
17 18 73 17 43 0.00732421875
17 18 74 17 43 0.00732421875
17 18 75 17 43 0.00732421875
17 18 76 17 43 0.0087890625
17 18 77 17 43 0.00732421875
17 18 78 17 43 0.00439453125
17 18 79 17 43 0.00732421875
17 18 80 17 43 0.00732421875
17 18 81 17 43 0.00439453125
17 18 82 17 43 0.00439453125
17 18 83 17 43 0.00439453125
17 18 84 17 44 0.005859375
17 18 85 17 44 0.005859375
17 18 86 17 44 0.005859375
17 18 87 17 44 0.005859375
17 18 88 17 44 0.005859375
17 18 89 17 44 0.005859375
17 18 90 17 44 0.005859375
17 18 92 17 44 0.005859375
17 18 93 17 44 0.0146484375
17 18 94 17 44 0.0146484375
17 18 95 17 44 0.005859375
17 18 96 17 44 0.005859375
17 18 97 17 44 0.005859375
17 18 98 17 66 0.00439453125
17 18 99 17 66 0.0087890625
17 18 100 17 66 0.00439453125
17 18 101 17 66 0.00439453125
17 18 102 17 66 0.008056640625
17 18 103 17 66 0.008056640625
17 18 104 17 66 0.0087890625
17 18 105 17 67 0.00439453125
17 18 106 17 67 0.0087890625
17 18 107 17 67 0.00439453125
17 18 108 17 67 0.00439453125
17 18 109 17 67 0.008056640625
17 18 110 17 67 0.008056640625
17 18 111 17 67 0.0087890625
17 18 112 17 68 0.00439453125
17 18 113 17 68 0.0087890625
17 18 114 17 68 0.00439453125
17 18 115 17 68 0.00439453125
17 18 116 17 68 0.008056640625
17 18 117 17 68 0.008056640625
17 18 118 17 68 0.0087890625
17 18 119 17 69 0.00439453125
17 18 120 17 69 0.0087890625
17 18 121 17 69 0.00439453125
17 18 122 17 69 0.00439453125
17 18 123 17 69 0.008056640625
17 18 124 17 69 0.008056640625
17 18 125 17 69 0.0087890625
17 18 126 17 70 0.00439453125
17 18 127 17 70 0.0087890625
17 18 128 17 70 0.00439453125
17 18 129 17 70 0.00439453125
17 18 130 17 70 0.008056640625
17 18 131 17 70 0.008056640625
17 18 132 17 70 0.0087890625
17 18 133 17 71 0.00439453125
17 18 134 17 71 0.0087890625
17 18 135 17 71 0.00439453125
17 18 136 17 71 0.00439453125
17 18 137 17 71 0.008056640625
17 18 138 17 71 0.008056640625
17 18 139 17 71 0.0087890625
17 18 140 17 72 0.00439453125
17 18 141 17 72 0.0087890625
17 18 142 17 72 0.00439453125
17 18 143 17 72 0.00439453125
17 18 144 17 72 0.008056640625
17 18 145 17 72 0.008056640625
17 18 146 17 72 0.0087890625
18 10 0 18 55 0.0078125
18 10 1 18 55 0.01171875
18 10 2 18 55 0.01171875
18 10 3 18 55 0.0078125
18 10 4 18 55 0.0078125
18 10 5 18 55 0.0087890625
18 10 6 18 55 0.0068359375
18 10 7 18 53 0.0078125
18 10 8 18 53 0.01171875
18 10 9 18 53 0.01171875
18 10 10 18 53 0.0078125
18 10 11 18 53 0.0078125
18 10 12 18 53 0.0087890625
18 10 13 18 53 0.0068359375
18 10 14 18 52 0.0146484375
18 10 15 18 52 0.01171875
18 10 16 18 52 0.0146484375
18 10 17 18 52 0.01318359375
18 10 18 18 52 0.01318359375
18 10 19 18 52 0.01611328125
18 10 20 18 52 0.01025390625
18 10 21 18 54 0.0078125
18 10 22 18 54 0.01171875
18 10 23 18 54 0.01171875
18 10 24 18 54 0.0078125
18 10 25 18 54 0.0078125
18 10 26 18 54 0.0087890625
18 10 27 18 54 0.0068359375
18 10 28 18 56 0.0078125
18 10 29 18 56 0.01171875
18 10 30 18 56 0.01171875
18 10 31 18 56 0.0078125
18 10 32 18 56 0.0078125
18 10 33 18 56 0.0087890625
18 10 34 18 56 0.0068359375
18 10 35 18 57 0.0078125
18 10 36 18 57 0.01171875
18 10 37 18 57 0.01171875
18 10 38 18 57 0.0078125
18 10 39 18 57 0.0078125
18 10 40 18 57 0.0087890625
18 10 41 18 57 0.0068359375
18 10 42 18 58 0.0146484375
18 10 43 18 58 0.01171875
18 10 44 18 58 0.0146484375
18 10 45 18 58 0.01318359375
18 10 46 18 58 0.01318359375
18 10 47 18 58 0.01611328125
18 10 48 18 58 0.01025390625
18 10 56 18 46 0.01953125
18 10 57 18 46 0.017578125
18 10 58 18 46 0.017578125
18 10 59 18 46 0.017578125
18 10 60 18 46 0.017578125
18 10 61 18 46 0.017578125
18 10 62 18 46 0.017578125
18 10 77 18 49 0.01953125
18 10 78 18 49 0.017578125
18 10 79 18 49 0.017578125
18 10 80 18 49 0.017578125
18 10 81 18 49 0.017578125
18 10 82 18 49 0.017578125
18 10 83 18 49 0.017578125
18 10 84 18 50 0.01953125
18 10 85 18 50 0.017578125
18 10 86 18 50 0.017578125
18 10 87 18 50 0.017578125
18 10 88 18 50 0.017578125
18 10 89 18 50 0.017578125
18 10 90 18 50 0.017578125
18 10 91 18 51 0.01953125
18 10 92 18 51 0.017578125
18 10 93 18 51 0.017578125
18 10 94 18 51 0.017578125
18 10 95 18 51 0.017578125
18 10 96 18 51 0.017578125
18 10 97 18 51 0.017578125
18 19 1 18 0 0.125
18 19 2 18 75 0.125
18 19 3 18 76 0.125
18 19 5 18 74 0.125
18 19 7 18 79 0.125
18 19 8 18 77 0.125
18 19 9 18 78 0.125
18 19 10 18 73 0.125
19 20 1 19 0 0.078125
19 20 2 19 75 0.09375
19 20 3 19 76 0.09375
19 20 5 19 74 0.09375
19 20 7 19 79 0.09375
19 20 8 19 77 0.09375
19 20 9 19 78 0.09375
19 20 10 19 73 0.09375
19 20 14 19 58 0.09375
19 20 19 19 5 0.078125
19 20 20 19 45 0.09375
20 21 1 20 0 0.078125
20 21 2 20 75 0.09375
20 21 3 20 76 0.09375
20 21 5 20 74 0.09375
20 21 7 20 79 0.09375
20 21 8 20 77 0.09375
20 21 9 20 78 0.09375
20 21 10 20 73 0.09375
20 21 14 20 58 0.09375
20 21 19 20 5 0.078125
20 21 20 20 45 0.09375
21 16 0 21 75 0.0048828125
21 16 1 21 75 0.005859375
21 16 2 21 75 9.765625E-4
21 16 3 21 75 9.765625E-4
21 16 4 21 75 0.0068359375
21 16 5 21 75 0.005859375
21 16 6 21 75 0.005859375
21 16 7 21 76 0.0048828125
21 16 8 21 76 0.005859375
21 16 9 21 76 9.765625E-4
21 16 10 21 76 9.765625E-4
21 16 11 21 76 0.0068359375
21 16 12 21 76 0.005859375
21 16 13 21 76 0.005859375
21 16 14 21 74 0.0048828125
21 16 15 21 74 0.005859375
21 16 16 21 74 9.765625E-4
21 16 17 21 74 9.765625E-4
21 16 18 21 74 0.0068359375
21 16 19 21 74 0.005859375
21 16 20 21 74 0.005859375
21 16 21 21 79 0.0048828125
21 16 22 21 79 0.005859375
21 16 23 21 79 9.765625E-4
21 16 24 21 79 9.765625E-4
21 16 25 21 79 0.0068359375
21 16 26 21 79 0.005859375
21 16 27 21 79 0.005859375
21 16 28 21 77 0.0048828125
21 16 29 21 77 0.005859375
21 16 30 21 77 9.765625E-4
21 16 31 21 77 9.765625E-4
21 16 32 21 77 0.0068359375
21 16 33 21 77 0.005859375
21 16 34 21 77 0.005859375
21 16 35 21 78 0.0048828125
21 16 36 21 78 0.005859375
21 16 37 21 78 9.765625E-4
21 16 38 21 78 9.765625E-4
21 16 39 21 78 0.0068359375
21 16 40 21 78 0.005859375
21 16 41 21 78 0.005859375
21 16 42 21 73 0.0048828125
21 16 43 21 73 0.005859375
21 16 44 21 73 9.765625E-4
21 16 45 21 73 9.765625E-4
21 16 46 21 73 0.0068359375
21 16 47 21 73 0.005859375
21 16 48 21 73 0.005859375
21 16 49 21 45 0.021484375
21 16 50 21 45 0.0078125
21 16 51 21 45 0.015625
21 16 52 21 45 0.015625
21 16 53 21 45 0.021484375
21 16 54 21 45 0.0078125
21 16 55 21 45 0.0078125
21 16 56 21 45 0.00390625
21 16 57 21 45 0.00390625
21 16 58 21 45 0.00390625
21 16 59 21 45 0.00390625
21 16 60 21 45 0.00390625
21 16 61 21 45 0.00390625
21 16 62 21 45 0.00390625
21 16 63 21 46 0.00341796875
21 16 64 21 46 0.008544921875
21 16 65 21 46 0.001708984375
21 16 66 21 46 0.001708984375
21 16 67 21 46 0.005126953125
21 16 68 21 46 0.008544921875
21 16 69 21 46 0.008544921875
21 16 70 21 46 0.01025390625
21 16 71 21 46 0.01025390625
21 16 72 21 46 0.01025390625
21 16 73 21 46 0.01025390625
21 16 74 21 46 0.01025390625
21 16 75 21 46 0.01025390625
21 16 76 21 46 0.01025390625
21 16 77 21 47 0.017578125
21 16 78 21 47 0.009765625
21 16 79 21 47 0.015625
21 16 80 21 47 0.015625
21 16 81 21 47 0.0234375
21 16 82 21 47 0.0078125
21 16 83 21 47 0.0078125
21 16 84 21 47 0.00390625
21 16 85 21 47 0.00390625
21 16 86 21 47 0.00390625
21 16 87 21 47 0.00390625
21 16 88 21 47 0.00390625
21 16 89 21 47 0.00390625
21 16 90 21 47 0.00390625
21 16 91 21 48 0.021484375
21 16 92 21 48 0.009765625
21 16 93 21 48 0.015625
21 16 94 21 48 0.01171875
21 16 95 21 48 0.017578125
21 16 96 21 48 0.009765625
21 16 97 21 48 0.009765625
21 16 98 21 48 0.005859375
21 16 99 21 48 0.00390625
21 16 100 21 48 0.00390625
21 16 101 21 48 0.00390625
21 16 102 21 48 0.00390625
21 16 103 21 48 0.00390625
21 16 104 21 48 0.00390625
21 16 105 21 49 0.00341796875
21 16 106 21 49 0.008544921875
21 16 107 21 49 0.001708984375
21 16 108 21 49 0.001708984375
21 16 109 21 49 0.005126953125
21 16 110 21 49 0.008544921875
21 16 111 21 49 0.008544921875
21 16 112 21 49 0.01025390625
21 16 113 21 49 0.01025390625
21 16 114 21 49 0.01025390625
21 16 115 21 49 0.01025390625
21 16 116 21 49 0.01025390625
21 16 117 21 49 0.01025390625
21 16 118 21 49 0.01025390625
21 16 119 21 50 0.0029296875
21 16 120 21 50 0.00732421875
21 16 121 21 50 0.00146484375
21 16 122 21 50 0.00146484375
21 16 123 21 50 0.00439453125
21 16 124 21 50 0.00732421875
21 16 125 21 50 0.00732421875
21 16 126 21 50 0.0087890625
21 16 127 21 50 0.0087890625
21 16 128 21 50 0.0087890625
21 16 129 21 50 0.0087890625
21 16 130 21 50 0.0087890625
21 16 131 21 50 0.0087890625
21 16 132 21 50 0.0087890625
21 16 133 21 51 0.0029296875
21 16 134 21 51 0.00732421875
21 16 135 21 51 0.00146484375
21 16 136 21 51 0.00146484375
21 16 137 21 51 0.00439453125
21 16 138 21 51 0.00732421875
21 16 139 21 51 0.00732421875
21 16 140 21 51 0.0087890625
21 16 141 21 51 0.0087890625
21 16 142 21 51 0.0087890625
21 16 143 21 51 0.0087890625
21 16 144 21 51 0.0087890625
21 16 145 21 51 0.0087890625
21 16 146 21 51 0.0087890625
21 22 1 21 0 0.078125
21 22 2 21 75 0.0625
21 22 3 21 76 0.0625
21 22 5 21 74 0.0625
21 22 7 21 79 0.0625
21 22 8 21 77 0.0625
21 22 9 21 78 0.0625
21 22 10 21 73 0.046875
21 22 14 21 58 0.03125
21 22 15 21 1 0.078125
21 22 16 21 2 0.078125
21 22 17 21 3 0.078125
21 22 18 21 4 0.078125
21 22 19 21 5 0.078125
21 22 20 21 45 0.015625
21 22 21 21 46 0.015625
21 22 22 21 47 0.015625
21 22 24 21 49 0.015625
21 22 25 21 50 0.015625
22 12 0 22 75 0.00634765625
22 12 1 22 75 0.005859375
22 12 2 22 75 9.765625E-4
22 12 3 22 75 9.765625E-4
22 12 4 22 75 0.00634765625
22 12 5 22 75 0.00537109375
22 12 6 22 75 0.00537109375
22 12 7 22 76 0.00634765625
22 12 8 22 76 0.005859375
22 12 9 22 76 9.765625E-4
22 12 10 22 76 9.765625E-4
22 12 11 22 76 0.00634765625
22 12 12 22 76 0.00537109375
22 12 13 22 76 0.00537109375
22 12 14 22 74 0.00634765625
22 12 15 22 74 0.005859375
22 12 16 22 74 9.765625E-4
22 12 17 22 74 9.765625E-4
22 12 18 22 74 0.00634765625
22 12 19 22 74 0.00537109375
22 12 20 22 74 0.00537109375
22 12 21 22 79 0.00634765625
22 12 22 22 79 0.005859375
22 12 23 22 79 9.765625E-4
22 12 24 22 79 9.765625E-4
22 12 25 22 79 0.00634765625
22 12 26 22 79 0.00537109375
22 12 27 22 79 0.00537109375
22 12 28 22 77 0.00634765625
22 12 29 22 77 0.005859375
22 12 30 22 77 9.765625E-4
22 12 31 22 77 9.765625E-4
22 12 32 22 77 0.00634765625
22 12 33 22 77 0.00537109375
22 12 34 22 77 0.00537109375
22 12 35 22 78 0.00634765625
22 12 36 22 78 0.005859375
22 12 37 22 78 9.765625E-4
22 12 38 22 78 9.765625E-4
22 12 39 22 78 0.00634765625
22 12 40 22 78 0.00537109375
22 12 41 22 78 0.00537109375
22 12 42 22 73 0.00634765625
22 12 43 22 73 0.005859375
22 12 44 22 73 9.765625E-4
22 12 45 22 73 9.765625E-4
22 12 46 22 73 0.00634765625
22 12 47 22 73 0.00537109375
22 12 48 22 73 0.00537109375
22 12 49 22 45 0.021484375
22 12 50 22 45 0.0078125
22 12 51 22 45 0.015625
22 12 52 22 45 0.015625
22 12 53 22 45 0.021484375
22 12 54 22 45 0.0078125
22 12 55 22 45 0.0078125
22 12 56 22 45 0.00390625
22 12 57 22 45 0.00390625
22 12 58 22 45 0.00390625
22 12 59 22 45 0.00390625
22 12 60 22 45 0.00390625
22 12 61 22 45 0.00390625
22 12 62 22 45 0.00390625
22 12 63 22 46 0.005126953125
22 12 64 22 46 0.008544921875
22 12 65 22 46 0.001708984375
22 12 66 22 46 0.001708984375
22 12 67 22 46 0.005126953125
22 12 68 22 46 0.008544921875
22 12 69 22 46 0.008544921875
22 12 70 22 46 0.008544921875
22 12 71 22 46 0.01025390625
22 12 72 22 46 0.01025390625
22 12 73 22 46 0.01025390625
22 12 74 22 46 0.01025390625
22 12 75 22 46 0.01025390625
22 12 76 22 46 0.01025390625
22 12 77 22 47 0.017578125
22 12 78 22 47 0.0078125
22 12 79 22 47 0.017578125
22 12 80 22 47 0.015625
22 12 81 22 47 0.0234375
22 12 82 22 47 0.0078125
22 12 83 22 47 0.0078125
22 12 84 22 47 0.00390625
22 12 85 22 47 0.00390625
22 12 86 22 47 0.00390625
22 12 87 22 47 0.00390625
22 12 88 22 47 0.00390625
22 12 89 22 47 0.00390625
22 12 90 22 47 0.00390625
22 12 91 22 48 0.0234375
22 12 92 22 48 0.009765625
22 12 93 22 48 0.015625
22 12 94 22 48 0.01171875
22 12 95 22 48 0.017578125
22 12 96 22 48 0.009765625
22 12 97 22 48 0.009765625
22 12 98 22 48 0.00390625
22 12 99 22 48 0.00390625
22 12 100 22 48 0.00390625
22 12 101 22 48 0.00390625
22 12 102 22 48 0.00390625
22 12 103 22 48 0.00390625
22 12 104 22 48 0.00390625
22 12 105 22 49 0.005126953125
22 12 106 22 49 0.008544921875
22 12 107 22 49 0.001708984375
22 12 108 22 49 0.001708984375
22 12 109 22 49 0.005126953125
22 12 110 22 49 0.008544921875
22 12 111 22 49 0.008544921875
22 12 112 22 49 0.008544921875
22 12 113 22 49 0.01025390625
22 12 114 22 49 0.01025390625
22 12 115 22 49 0.01025390625
22 12 116 22 49 0.01025390625
22 12 117 22 49 0.01025390625
22 12 118 22 49 0.01025390625
22 12 119 22 50 0.00439453125
22 12 120 22 50 0.00732421875
22 12 121 22 50 0.00146484375
22 12 122 22 50 0.00146484375
22 12 123 22 50 0.00439453125
22 12 124 22 50 0.00732421875
22 12 125 22 50 0.00732421875
22 12 126 22 50 0.00732421875
22 12 127 22 50 0.0087890625
22 12 128 22 50 0.0087890625
22 12 129 22 50 0.0087890625
22 12 130 22 50 0.0087890625
22 12 131 22 50 0.0087890625
22 12 132 22 50 0.0087890625
22 12 133 22 51 0.00439453125
22 12 134 22 51 0.00732421875
22 12 135 22 51 0.00146484375
22 12 136 22 51 0.00146484375
22 12 137 22 51 0.00439453125
22 12 138 22 51 0.00732421875
22 12 139 22 51 0.00732421875
22 12 140 22 51 0.00732421875
22 12 141 22 51 0.0087890625
22 12 142 22 51 0.0087890625
22 12 143 22 51 0.0087890625
22 12 144 22 51 0.0087890625
22 12 145 22 51 0.0087890625
22 12 146 22 51 0.0087890625
22 23 1 22 0 0.078125
22 23 2 22 75 0.046875
22 23 3 22 76 0.046875
22 23 5 22 74 0.046875
22 23 7 22 79 0.0625
22 23 8 22 77 0.046875
22 23 9 22 78 0.0625
22 23 10 22 73 0.046875
22 23 14 22 58 0.078125
22 23 15 22 1 0.078125
22 23 16 22 2 0.078125
22 23 17 22 3 0.078125
22 23 18 22 4 0.078125
22 23 19 22 5 0.078125
22 23 20 22 45 0.015625
22 23 21 22 46 0.015625
22 23 22 22 47 0.015625
22 23 23 22 48 0.015625
22 23 24 22 49 0.015625
22 23 25 22 50 0.015625
23 24 1 23 0 0.125
23 24 6 23 57 0.140625
23 24 7 23 58 0.140625
23 24 8 23 1 0.125
23 24 9 23 2 0.140625
23 24 10 23 3 0.140625
23 24 11 23 4 0.140625
23 24 12 23 5 0.046875
24 25 1 24 0 0.015625
24 25 3 24 52 0.140625
24 25 6 24 57 0.140625
24 25 7 24 58 0.140625
24 25 8 24 1 0.125
24 25 9 24 2 0.125
24 25 10 24 3 0.125
24 25 11 24 4 0.140625
24 25 12 24 5 0.046875
25 26 1 25 0 0.015625
25 26 3 25 52 0.140625
25 26 6 25 57 0.140625
25 26 7 25 58 0.140625
25 26 8 25 1 0.125
25 26 9 25 2 0.125
25 26 10 25 3 0.125
25 26 11 25 4 0.140625
25 26 12 25 5 0.046875
26 27 1 26 0 0.015625
26 27 3 26 52 0.140625
26 27 6 26 57 0.140625
26 27 7 26 58 0.140625
26 27 8 26 1 0.125
26 27 9 26 2 0.125
26 27 10 26 3 0.125
26 27 11 26 4 0.140625
26 27 12 26 5 0.046875
27 28 3 27 52 0.140625
27 28 6 27 57 0.140625
27 28 7 27 58 0.140625
27 28 8 27 1 0.140625
27 28 9 27 2 0.140625
27 28 10 27 3 0.140625
27 28 11 27 4 0.140625
27 28 12 27 5 0.015625
28 19 0 28 55 0.046875
28 19 2 28 53 0.046875
28 19 3 28 52 0.046875
28 19 4 28 54 0.046875
28 19 5 28 56 0.171875
28 19 6 28 57 0.15625
28 19 7 28 58 0.15625
28 19 8 28 1 0.046875
28 19 9 28 2 0.046875
28 19 10 28 3 0.046875
28 19 11 28 4 0.046875
28 19 12 28 5 0.140625
28 29 0 28 55 0.0625
28 29 2 28 53 0.0625
28 29 3 28 52 0.0625
28 29 4 28 54 0.0625
28 29 8 28 1 0.078125
28 29 9 28 2 0.078125
28 29 10 28 3 0.078125
28 29 11 28 4 0.0625
28 29 12 28 5 0.015625
28 29 13 28 59 0.03125
28 29 14 28 60 0.03125
28 29 15 28 61 0.03125
28 29 16 28 62 0.03125
28 29 17 28 63 0.03125
28 29 18 28 64 0.03125
28 29 19 28 65 0.03125
28 29 20 28 31 0.03125
28 29 21 28 32 0.015625
28 29 22 28 33 0.03125
28 29 23 28 34 0.046875
28 29 24 28 35 0.046875
28 29 25 28 36 0.015625
28 29 26 28 37 0.03125
29 30 1 29 0 0.015625
29 30 6 29 57 0.15625
29 30 7 29 58 0.15625
29 30 8 29 1 0.15625
29 30 9 29 2 0.15625
29 30 10 29 3 0.15625
29 30 11 29 4 0.15625
29 30 12 29 5 0.046875
30 31 0 30 31 1.0
31 22 0 31 55 0.15625
31 22 1 31 53 0.15625
31 22 2 31 52 0.125
31 22 3 31 54 0.15625
31 22 4 31 56 0.140625
31 22 5 31 57 0.140625
31 22 6 31 58 0.125
31 32 0 31 24 0.03125
31 32 1 31 25 0.03125
31 32 2 31 55 0.03125
31 32 3 31 27 0.03125
31 32 4 31 30 0.03125
31 32 5 31 29 0.03125
31 32 6 31 53 0.03125
31 32 7 31 52 0.03125
31 32 8 31 28 0.03125
31 32 9 31 26 0.03125
31 32 10 31 54 0.03125
31 32 11 31 56 0.015625
31 32 12 31 57 0.015625
31 32 13 31 58 0.03125
31 32 14 31 59 0.0625
31 32 15 31 60 0.0625
31 32 16 31 61 0.0625
31 32 17 31 62 0.0625
31 32 18 31 63 0.0625
31 32 19 31 64 0.0625
31 32 20 31 65 0.0625
31 32 22 31 7 0.046875
31 32 23 31 8 0.015625
31 32 24 31 9 0.015625
31 32 25 31 10 0.03125
31 32 26 31 11 0.046875
32 33 0 32 24 0.03125
32 33 1 32 25 0.03125
32 33 2 32 55 0.03125
32 33 3 32 27 0.03125
32 33 4 32 30 0.03125
32 33 5 32 29 0.03125
32 33 6 32 53 0.03125
32 33 7 32 52 0.03125
32 33 8 32 28 0.03125
32 33 9 32 26 0.03125
32 33 10 32 54 0.03125
32 33 11 32 56 0.03125
32 33 12 32 57 0.03125
32 33 13 32 58 0.03125
32 33 14 32 59 0.078125
32 33 15 32 60 0.078125
32 33 16 32 61 0.078125
32 33 17 32 62 0.078125
32 33 18 32 63 0.078125
32 33 19 32 64 0.0625
32 33 20 32 65 0.078125
32 33 22 32 7 0.015625
32 33 24 32 9 0.015625
33 34 14 33 59 0.140625
33 34 15 33 60 0.140625
33 34 16 33 61 0.140625
33 34 17 33 62 0.140625
33 34 18 33 63 0.140625
33 34 19 33 64 0.15625
33 34 20 33 65 0.140625
34 35 14 34 59 0.140625
34 35 15 34 60 0.140625
34 35 16 34 61 0.140625
34 35 17 34 62 0.140625
34 35 18 34 63 0.140625
34 35 19 34 64 0.15625
34 35 20 34 65 0.140625
35 36 14 35 59 0.140625
35 36 15 35 60 0.140625
35 36 16 35 61 0.140625
35 36 17 35 62 0.140625
35 36 18 35 63 0.140625
35 36 19 35 64 0.15625
35 36 20 35 65 0.140625
36 29 0 36 29 1.0
36 37 0 36 24 0.03125
36 37 1 36 25 0.03125
36 37 2 36 55 0.03125
36 37 3 36 27 0.03125
36 37 4 36 30 0.03125
36 37 5 36 29 0.015625
36 37 6 36 53 0.03125
36 37 7 36 52 0.03125
36 37 8 36 28 0.03125
36 37 9 36 26 0.03125
36 37 10 36 54 0.03125
36 37 11 36 56 0.03125
36 37 12 36 57 0.03125
36 37 13 36 58 0.03125
36 37 14 36 59 0.078125
36 37 15 36 60 0.078125
36 37 16 36 61 0.078125
36 37 17 36 62 0.078125
36 37 18 36 63 0.078125
36 37 19 36 64 0.0625
36 37 20 36 65 0.078125
36 37 22 36 7 0.015625
36 37 24 36 9 0.015625
36 37 26 36 11 0.015625
37 32 0 37 24 0.046875
37 32 1 37 25 0.046875
37 32 2 37 55 0.03125
37 32 3 37 27 0.046875
37 32 4 37 30 0.046875
37 32 5 37 29 0.03125
37 32 6 37 53 0.03125
37 32 7 37 52 0.046875
37 32 8 37 28 0.03125
37 32 9 37 26 0.046875
37 32 10 37 54 0.03125
37 32 11 37 56 0.03125
37 32 12 37 57 0.03125
37 32 13 37 58 0.046875
37 32 14 37 59 0.0625
37 32 15 37 60 0.0625
37 32 16 37 61 0.0625
37 32 17 37 62 0.046875
37 32 18 37 63 0.046875
37 32 19 37 64 0.0625
37 32 20 37 65 0.0625
37 32 22 37 7 0.015625
37 32 25 37 10 0.015625
37 32 26 37 11 0.015625
37 38 0 37 59 0.01171875
37 38 1 37 59 0.009521484375
37 38 2 37 59 0.00732421875
37 38 3 37 59 0.00732421875
37 38 4 37 59 0.006591796875
37 38 5 37 59 0.00439453125
37 38 6 37 60 0.01171875
37 38 7 37 60 0.009521484375
37 38 8 37 60 0.00732421875
37 38 9 37 60 0.00732421875
37 38 10 37 60 0.006591796875
37 38 11 37 60 0.00439453125
37 38 12 37 61 0.0078125
37 38 13 37 61 0.00634765625
37 38 14 37 61 0.0048828125
37 38 15 37 61 0.0048828125
37 38 16 37 61 0.00439453125
37 38 17 37 61 0.0029296875
37 38 18 37 62 0.0078125
37 38 19 37 62 0.00634765625
37 38 20 37 62 0.0048828125
37 38 21 37 62 0.0048828125
37 38 22 37 62 0.00439453125
37 38 23 37 62 0.0029296875
37 38 24 37 63 0.0078125
37 38 25 37 63 0.00634765625
37 38 26 37 63 0.0048828125
37 38 27 37 63 0.0048828125
37 38 28 37 63 0.00439453125
37 38 29 37 63 0.0029296875
37 38 30 37 64 0.01171875
37 38 31 37 64 0.009521484375
37 38 32 37 64 0.00732421875
37 38 33 37 64 0.00732421875
37 38 34 37 64 0.006591796875
37 38 35 37 64 0.00439453125
37 38 36 37 65 0.01171875
37 38 37 37 65 0.009521484375
37 38 38 37 65 0.00732421875
37 38 39 37 65 0.00732421875
37 38 40 37 65 0.006591796875
37 38 41 37 65 0.00439453125
37 38 42 37 6 0.010986328125
37 38 43 37 6 0.013427734375
37 38 44 37 6 0.009765625
37 38 45 37 6 0.009765625
37 38 46 37 6 0.0146484375
37 38 47 37 6 0.010986328125
37 38 48 37 6 0.001220703125
37 38 49 37 6 0.001220703125
37 38 50 37 6 0.001220703125
37 38 51 37 6 0.001220703125
37 38 52 37 6 0.001220703125
37 38 53 37 6 0.001220703125
37 38 54 37 6 0.001220703125
37 38 55 37 7 0.021484375
37 38 56 37 7 0.01953125
37 38 57 37 7 0.015625
37 38 58 37 7 0.015625
37 38 59 37 7 0.013671875
37 38 60 37 7 0.009765625
37 38 61 37 7 0.005859375
37 38 62 37 7 0.00390625
37 38 63 37 7 0.00390625
37 38 64 37 7 0.00390625
37 38 65 37 7 0.00390625
37 38 66 37 7 0.00390625
37 38 67 37 7 0.00390625
37 38 68 37 8 0.0146484375
37 38 69 37 8 0.01953125
37 38 70 37 8 0.01708984375
37 38 71 37 8 0.01708984375
37 38 72 37 8 0.02685546875
37 38 73 37 8 0.0146484375
37 38 74 37 8 0.0048828125
37 38 75 37 8 0.0048828125
37 38 76 37 8 0.00732421875
37 38 77 37 8 0.00732421875
37 38 78 37 8 0.00732421875
37 38 79 37 8 0.00732421875
37 38 80 37 8 0.00732421875
37 38 81 37 9 0.017578125
37 38 82 37 9 0.019775390625
37 38 83 37 9 0.015380859375
37 38 84 37 9 0.015380859375
37 38 85 37 9 0.019775390625
37 38 86 37 9 0.015380859375
37 38 87 37 9 0.00439453125
37 38 88 37 9 0.00439453125
37 38 89 37 9 0.00439453125
37 38 90 37 9 0.00439453125
37 38 91 37 9 0.006591796875
37 38 92 37 9 0.006591796875
37 38 93 37 9 0.006591796875
37 38 94 37 10 0.01708984375
37 38 95 37 10 0.013427734375
37 38 96 37 10 0.01220703125
37 38 97 37 10 0.01220703125
37 38 98 37 10 0.008544921875
37 38 99 37 10 0.006103515625
37 38 100 37 10 0.001220703125
37 38 101 37 10 0.001220703125
37 38 102 37 10 0.001220703125
37 38 103 37 10 0.001220703125
37 38 104 37 10 0.001220703125
37 38 105 37 10 0.001220703125
37 38 106 37 10 0.001220703125
37 38 107 37 11 0.017578125
37 38 108 37 11 0.010986328125
37 38 109 37 11 0.017578125
37 38 110 37 11 0.017578125
37 38 111 37 11 0.02197265625
37 38 112 37 11 0.017578125
37 38 113 37 11 0.006591796875
37 38 114 37 11 0.006591796875
37 38 115 37 11 0.006591796875
37 38 116 37 11 0.00439453125
37 38 117 37 11 0.00439453125
37 38 118 37 11 0.00439453125
37 38 119 37 11 0.00439453125
38 39 20 38 66 0.15625
38 39 21 38 67 0.140625
38 39 22 38 68 0.140625
38 39 23 38 69 0.140625
38 39 24 38 70 0.140625
38 39 25 38 71 0.140625
38 39 26 38 72 0.140625
39 40 20 39 66 0.15625
39 40 21 39 67 0.140625
39 40 22 39 68 0.140625
39 40 23 39 69 0.140625
39 40 24 39 70 0.140625
39 40 25 39 71 0.140625
39 40 26 39 72 0.140625
40 33 0 40 16 0.00146484375
40 33 1 40 16 0.00146484375
40 33 2 40 16 0.00146484375
40 33 3 40 16 0.00146484375
40 33 4 40 16 0.00146484375
40 33 6 40 16 0.00146484375
40 33 7 40 16 0.0146484375
40 33 8 40 16 0.01318359375
40 33 9 40 16 0.0146484375
40 33 10 40 16 0.01171875
40 33 11 40 16 0.0146484375
40 33 12 40 16 0.01611328125
40 33 13 40 12 0.001708984375
40 33 14 40 12 0.001708984375
40 33 15 40 12 0.001708984375
40 33 16 40 12 0.001708984375
40 33 17 40 12 0.001708984375
40 33 18 40 12 0.001708984375
40 33 19 40 12 0.001708984375
40 33 20 40 12 0.01708984375
40 33 21 40 12 0.015380859375
40 33 22 40 12 0.01708984375
40 33 23 40 12 0.011962890625
40 33 24 40 12 0.01708984375
40 33 25 40 12 0.018798828125
40 33 26 40 13 0.009765625
40 33 27 40 13 0.009765625
40 33 28 40 13 0.009765625
40 33 29 40 13 0.009765625
40 33 30 40 13 0.009765625
40 33 31 40 13 0.00732421875
40 33 32 40 13 0.009765625
40 33 33 40 13 0.01220703125
40 33 34 40 13 0.01708984375
40 33 35 40 13 0.01220703125
40 33 36 40 13 0.01220703125
40 33 37 40 13 0.01953125
40 33 38 40 13 0.01708984375
40 33 39 40 14 0.009765625
40 33 40 40 14 0.009765625
40 33 41 40 14 0.009765625
40 33 42 40 14 0.009765625
40 33 43 40 14 0.009765625
40 33 44 40 14 0.00732421875
40 33 45 40 14 0.009765625
40 33 46 40 14 0.01220703125
40 33 47 40 14 0.01708984375
40 33 48 40 14 0.01220703125
40 33 49 40 14 0.01220703125
40 33 50 40 14 0.01953125
40 33 51 40 14 0.01708984375
40 33 52 40 15 0.0107421875
40 33 53 40 15 0.0107421875
40 33 54 40 15 0.0107421875
40 33 55 40 15 0.0107421875
40 33 56 40 15 0.0107421875
40 33 57 40 15 0.0107421875
40 33 58 40 15 0.0107421875
40 33 59 40 15 0.01611328125
40 33 60 40 15 0.013427734375
40 33 61 40 15 0.01611328125
40 33 62 40 15 0.0107421875
40 33 63 40 15 0.018798828125
40 33 64 40 15 0.021484375
40 33 65 40 17 0.00537109375
40 33 66 40 17 0.00537109375
40 33 67 40 17 0.008056640625
40 33 68 40 17 0.008056640625
40 33 69 40 17 0.008056640625
40 33 70 40 17 0.00537109375
40 33 71 40 17 0.00537109375
40 33 72 40 17 0.021484375
40 33 73 40 17 0.018798828125
40 33 74 40 17 0.021484375
40 33 75 40 17 0.01611328125
40 33 76 40 17 0.021484375
40 33 77 40 17 0.02685546875
40 33 78 40 66 9.765625E-4
40 33 79 40 66 0.01025390625
40 33 80 40 66 0.00244140625
40 33 81 40 66 0.0029296875
40 33 82 40 66 0.01025390625
40 33 83 40 66 0.00439453125
40 33 84 40 67 9.765625E-4
40 33 85 40 67 0.01025390625
40 33 86 40 67 0.00244140625
40 33 87 40 67 0.0029296875
40 33 88 40 67 0.01025390625
40 33 89 40 67 0.00439453125
40 33 90 40 68 4.8828125E-4
40 33 91 40 68 0.005126953125
40 33 92 40 68 0.001220703125
40 33 93 40 68 0.00146484375
40 33 94 40 68 0.005126953125
40 33 95 40 68 0.002197265625
40 33 96 40 69 4.8828125E-4
40 33 97 40 69 0.005126953125
40 33 98 40 69 0.001220703125
40 33 99 40 69 0.00146484375
40 33 100 40 69 0.005126953125
40 33 101 40 69 0.002197265625
40 33 102 40 70 4.8828125E-4
40 33 103 40 70 0.005126953125
40 33 104 40 70 0.001220703125
40 33 105 40 70 0.00146484375
40 33 106 40 70 0.005126953125
40 33 107 40 70 0.002197265625
40 33 108 40 71 4.8828125E-4
40 33 109 40 71 0.005126953125
40 33 110 40 71 0.001220703125
40 33 111 40 71 0.00146484375
40 33 112 40 71 0.005126953125
40 33 113 40 71 0.002197265625
40 33 114 40 72 4.8828125E-4
40 33 115 40 72 0.005126953125
40 33 116 40 72 0.001220703125
40 33 117 40 72 0.00146484375
40 33 118 40 72 0.005126953125
40 33 119 40 72 0.002197265625
40 41 7 40 16 0.015625
40 41 15 40 12 0.015625
40 41 16 40 13 0.046875
40 41 17 40 14 0.046875
40 41 20 40 66 0.125
40 41 21 40 67 0.125
40 41 22 40 68 0.125
40 41 23 40 69 0.125
40 41 24 40 70 0.125
40 41 25 40 71 0.125
40 41 26 40 72 0.125
41 37 0 41 16 0.001708984375
41 37 1 41 16 0.001708984375
41 37 2 41 16 0.001708984375
41 37 3 41 16 0.001708984375
41 37 4 41 16 0.001708984375
41 37 6 41 16 0.001708984375
41 37 7 41 16 0.01708984375
41 37 8 41 16 0.015380859375
41 37 9 41 16 0.01708984375
41 37 10 41 16 0.013671875
41 37 11 41 16 0.015380859375
41 37 12 41 16 0.0205078125
41 37 13 41 12 0.001708984375
41 37 14 41 12 0.001708984375
41 37 15 41 12 0.001708984375
41 37 16 41 12 0.001708984375
41 37 17 41 12 0.001708984375
41 37 18 41 12 0.001708984375
41 37 19 41 12 0.001708984375
41 37 20 41 12 0.01708984375
41 37 21 41 12 0.015380859375
41 37 22 41 12 0.01708984375
41 37 23 41 12 0.011962890625
41 37 24 41 12 0.015380859375
41 37 25 41 12 0.0205078125
41 37 26 41 13 0.00732421875
41 37 27 41 13 0.009765625
41 37 28 41 13 0.009765625
41 37 29 41 13 0.009765625
41 37 30 41 13 0.009765625
41 37 31 41 13 0.00732421875
41 37 32 41 13 0.00732421875
41 37 33 41 13 0.0146484375
41 37 34 41 13 0.01708984375
41 37 35 41 13 0.01220703125
41 37 36 41 13 0.01220703125
41 37 37 41 13 0.01953125
41 37 38 41 13 0.01953125
41 37 39 41 14 0.00732421875
41 37 40 41 14 0.009765625
41 37 41 41 14 0.009765625
41 37 42 41 14 0.009765625
41 37 43 41 14 0.009765625
41 37 44 41 14 0.00732421875
41 37 45 41 14 0.00732421875
41 37 46 41 14 0.0146484375
41 37 47 41 14 0.01708984375
41 37 48 41 14 0.01220703125
41 37 49 41 14 0.01220703125
41 37 50 41 14 0.01953125
41 37 51 41 14 0.01953125
41 37 52 41 15 0.0107421875
41 37 53 41 15 0.0107421875
41 37 54 41 15 0.0107421875
41 37 55 41 15 0.0107421875
41 37 56 41 15 0.0107421875
41 37 57 41 15 0.0107421875
41 37 58 41 15 0.0107421875
41 37 59 41 15 0.018798828125
41 37 60 41 15 0.013427734375
41 37 61 41 15 0.01611328125
41 37 62 41 15 0.0107421875
41 37 63 41 15 0.01611328125
41 37 64 41 15 0.021484375
41 37 65 41 17 0.00537109375
41 37 66 41 17 0.00537109375
41 37 67 41 17 0.00537109375
41 37 68 41 17 0.00537109375
41 37 69 41 17 0.00537109375
41 37 70 41 17 0.008056640625
41 37 71 41 17 0.008056640625
41 37 72 41 17 0.021484375
41 37 73 41 17 0.018798828125
41 37 74 41 17 0.021484375
41 37 75 41 17 0.01611328125
41 37 76 41 17 0.021484375
41 37 77 41 17 0.029541015625
41 37 78 41 66 0.00146484375
41 37 79 41 66 0.009765625
41 37 80 41 66 0.001953125
41 37 81 41 66 0.00244140625
41 37 82 41 66 0.01025390625
41 37 83 41 66 0.00537109375
41 37 84 41 67 7.32421875E-4
41 37 85 41 67 0.0048828125
41 37 86 41 67 9.765625E-4
41 37 87 41 67 0.001220703125
41 37 88 41 67 0.005126953125
41 37 89 41 67 0.002685546875
41 37 90 41 68 7.32421875E-4
41 37 91 41 68 0.0048828125
41 37 92 41 68 9.765625E-4
41 37 93 41 68 0.001220703125
41 37 94 41 68 0.005126953125
41 37 95 41 68 0.002685546875
41 37 96 41 69 7.32421875E-4
41 37 97 41 69 0.0048828125
41 37 98 41 69 9.765625E-4
41 37 99 41 69 0.001220703125
41 37 100 41 69 0.005126953125
41 37 101 41 69 0.002685546875
41 37 102 41 70 7.32421875E-4
41 37 103 41 70 0.0048828125
41 37 104 41 70 9.765625E-4
41 37 105 41 70 0.001220703125
41 37 106 41 70 0.005126953125
41 37 107 41 70 0.002685546875
41 37 108 41 71 7.32421875E-4
41 37 109 41 71 0.0048828125
41 37 110 41 71 9.765625E-4
41 37 111 41 71 0.001220703125
41 37 112 41 71 0.005126953125
41 37 113 41 71 0.002685546875
41 37 114 41 72 7.32421875E-4
41 37 115 41 72 0.0048828125
41 37 116 41 72 9.765625E-4
41 37 117 41 72 0.001220703125
41 37 118 41 72 0.005126953125
41 37 119 41 72 0.002685546875
41 42 7 41 16 0.015625
41 42 15 41 12 0.015625
41 42 16 41 13 0.046875
41 42 17 41 14 0.046875
41 42 20 41 66 0.125
41 42 21 41 67 0.125
41 42 22 41 68 0.125
41 42 23 41 69 0.125
41 42 24 41 70 0.125
41 42 25 41 71 0.125
41 42 26 41 72 0.125
42 43 20 42 66 0.15625
42 43 21 42 67 0.140625
42 43 22 42 68 0.140625
42 43 23 42 69 0.140625
42 43 24 42 70 0.140625
42 43 25 42 71 0.140625
42 43 26 42 72 0.140625
43 44 20 43 66 0.15625
43 44 21 43 67 0.140625
43 44 22 43 68 0.140625
43 44 23 43 69 0.140625
43 44 24 43 70 0.140625
43 44 25 43 71 0.140625
43 44 26 43 72 0.140625
44 45 0 44 45 1.0
45 46 0 45 75 0.125
45 46 1 45 76 0.125
45 46 2 45 74 0.125
45 46 3 45 79 0.125
45 46 4 45 77 0.125
45 46 5 45 78 0.125
45 46 6 45 73 0.140625
45 46 12 45 23 0.109375
46 47 0 46 75 0.140625
46 47 1 46 76 0.140625
46 47 2 46 74 0.140625
46 47 3 46 79 0.140625
46 47 4 46 77 0.140625
46 47 5 46 78 0.140625
46 47 6 46 73 0.15625
47 38 0 47 38 1.0
47 48 0 47 75 0.140625
47 48 1 47 76 0.140625
47 48 2 47 74 0.140625
47 48 3 47 79 0.140625
47 48 4 47 77 0.140625
47 48 5 47 78 0.140625
47 48 6 47 73 0.15625
48 41 0 48 41 1.0
48 42 0 48 42 1.0
48 49 0 48 75 0.125
48 49 1 48 76 0.125
48 49 2 48 74 0.125
48 49 3 48 79 0.125
48 49 4 48 77 0.125
48 49 5 48 78 0.125
48 49 6 48 73 0.140625
48 49 12 48 23 0.109375
49 50 0 49 75 0.125
49 50 1 49 76 0.125
49 50 2 49 74 0.140625
49 50 3 49 79 0.125
49 50 4 49 77 0.125
49 50 5 49 78 0.125
49 50 6 49 73 0.140625
49 50 12 49 23 0.09375
50 51 0 50 75 0.125
50 51 1 50 76 0.125
50 51 2 50 74 0.140625
50 51 3 50 79 0.125
50 51 4 50 77 0.125
50 51 5 50 78 0.125
50 51 6 50 73 0.140625
50 51 12 50 23 0.09375
51 52 1 51 19 0.34375
51 52 2 51 20 0.328125
51 52 3 51 21 0.328125
52 53 2 52 0 0.015625
52 53 4 52 30 0.109375
52 53 8 52 18 0.0625
52 53 9 52 19 0.078125
52 53 10 52 20 0.109375
52 53 11 52 21 0.109375
52 53 14 52 1 0.109375
52 53 15 52 2 0.109375
52 53 16 52 3 0.109375
52 53 17 52 4 0.109375
52 53 18 52 5 0.078125
53 54 2 53 0 0.015625
53 54 4 53 30 0.109375
53 54 8 53 18 0.0625
53 54 9 53 19 0.078125
53 54 10 53 20 0.109375
53 54 11 53 21 0.109375
53 54 14 53 1 0.109375
53 54 15 53 2 0.109375
53 54 16 53 3 0.109375
53 54 17 53 4 0.109375
53 54 18 53 5 0.078125
54 55 2 54 0 0.015625
54 55 4 54 30 0.109375
54 55 8 54 18 0.0625
54 55 9 54 19 0.078125
54 55 10 54 20 0.109375
54 55 11 54 21 0.109375
54 55 14 54 1 0.109375
54 55 15 54 2 0.109375
54 55 16 54 3 0.109375
54 55 17 54 4 0.109375
54 55 18 54 5 0.078125
55 56 2 55 0 0.015625
55 56 4 55 30 0.109375
55 56 8 55 18 0.0625
55 56 9 55 19 0.078125
55 56 10 55 20 0.109375
55 56 11 55 21 0.109375
55 56 14 55 1 0.109375
55 56 15 55 2 0.109375
55 56 16 55 3 0.109375
55 56 17 55 4 0.109375
55 56 18 55 5 0.078125
56 48 0 56 18 0.3125
56 48 2 56 20 0.3125
56 48 3 56 21 0.0625
56 48 5 56 23 0.3125
56 57 2 56 0 0.03125
56 57 4 56 30 0.171875
56 57 14 56 1 0.171875
56 57 15 56 2 0.171875
56 57 16 56 3 0.171875
56 57 17 56 4 0.171875
56 57 18 56 5 0.109375
57 47 0 57 18 0.328125
57 47 2 57 20 0.328125
57 47 5 57 23 0.34375
