7_0_0_100_0_0 25 75 0.557587 0.112491 0.565372 10.0673 163.849 2.57209
7_0_0_100_0_0 25 75 50 129516 4462380000 34454.3 2590.32 89247600 4.46855e+08
7_0_0_100_1_1 25 75 0.557587 0.112491 0.565372 10.0673 163.849 2.57209
7_0_0_100_1_1 25 75 50 129516 4462380000 34454.3 2590.32 89247600 4.46855e+08
7_0_0_100_2_2 25 75 0.511824 0.10969 0.565277 9.78045 169.387 2.5378
7_0_0_100_2_2 25 75 50 128918 4482340500 34768.9 2578.36 89646810 4.00898e+08
7_0_0_100_3_3 25 75 0.500267 0.110436 0.559579 9.42391 122.597 2.46649
7_0_0_100_3_3 25 75 50 128995 4483147500 34754.4 2579.9 89662950 4.30116e+08
7_0_0_100_4_4 25 75 0.502452 0.113186 0.602991 9.93471 114.09 2.84175
7_0_0_100_4_4 25 75 50 128795 4546920000 35303.5 2575.9 90938400 4.8056e+08
7_0_0_100_5_5 25 75 0.554703 0.108112 0.545864 9.51984 170.836 2.45801
7_0_0_100_5_5 25 75 50 128882 4452744000 34549 2577.64 89054880 4.12704e+08
7_0_0_100_6_6 25 75 0.418819 0.108974 0.540305 8.67641 140.339 2.13886
7_0_0_100_6_6 25 75 50 128955 4421838000 34289.8 2579.1 88436760 3.66162e+08
7_0_0_100_7_7 25 75 0.430167 0.109296 0.514187 8.32376 102.048 1.90587
7_0_0_100_7_7 25 75 50 129054 4470064500 34637.2 2581.08 89401290 4.12585e+08
7_0_0_100_8_8 25 75 0.448997 0.11228 0.557103 9.38997 110.354 2.43232
7_0_0_100_8_8 25 75 50 128904 4573782000 35482.1 2578.08 91475640 4.71755e+08
7_0_0_100_9_9 25 75 0.474557 0.113024 0.587886 9.44706 139.315 2.72314
7_0_0_100_9_9 25 75 50 128765 4520653500 35107.8 2575.3 90413070 4.42364e+08
