50_0_0_1000_50_99 250 750 12.6078 9.49417 30.5015 59.2368 2519.9 38.5192
50_0_0_1000_50_99 250 750 500 2885900 87206412000 30218.1 5771.8 174412824 4.13297e+09
50_0_0_1000_100_149 250 750 12.6458 9.49331 30.2931 60.4051 3200.99 38.3097
50_0_0_1000_100_149 250 750 500 2873600 87684172500 30513.7 5747.2 175368345 4.30224e+09
50_0_0_1000_150_199 250 750 12.548 9.51835 30.4681 60.4279 2360 38.7236
50_0_0_1000_150_199 250 750 500 2880150 89147770500 30952.5 5760.3 178295541 4.48201e+09
50_0_0_1000_200_249 250 750 12.4941 9.5003 30.3213 58.4307 2939.9 38.0792
50_0_0_1000_200_249 250 750 500 2887600 87399400500 30267.1 5775.2 174798801 4.32209e+09
50_0_0_1000_250_299 250 750 12.4246 9.48604 30.2818 60.011 2069.85 38.2017
50_0_0_1000_250_299 250 750 500 2818151 86628313500 30739.4 5636.3 173256627 4.35381e+09
50_0_0_1000_300_349 250 750 12.5894 9.51389 30.334 59.8135 2149.92 38.2875
50_0_0_1000_300_349 250 750 500 2871050 87251299500 30390 5742.1 174502599 4.31807e+09
50_0_0_1000_350_399 250 750 12.6504 9.5536 30.4333 59.6202 3799.91 38.5469
50_0_0_1000_350_399 250 750 500 2893350 87114478500 30108.5 5786.7 174228957 4.11419e+09
50_0_0_1000_400_449 250 750 12.7131 9.51329 30.5005 63.3076 2269.85 39.2109
50_0_0_1000_400_449 250 750 500 2884550 89151508500 30906.6 5769.1 178303017 4.57052e+09
50_0_0_1000_450_499 250 750 12.5894 9.52981 30.4269 60.0558 2139.83 38.5057
50_0_0_1000_450_499 250 750 500 2857050 88772646000 31071.4 5714.1 177545292 4.79074e+09
