56_25_100_200_0_49 50 150 0.516377 0.113903 0.56665 10.1835 226.568 2.88996
56_25_100_200_0_49 50 150 100 1820935 63324474000 34775.8 18209.3 633244740 3.5922e+09
56_25_100_200_50_99 50 150 0.485837 0.113313 0.549794 9.88969 200.881 2.66678
56_25_100_200_50_99 50 150 100 1821580 63449265000 34832 18215.8 634492650 3.48023e+09
56_25_100_200_100_149 50 150 0.511971 0.113382 0.558392 10.114 218.946 2.80843
56_25_100_200_100_149 50 150 100 1821396 63366612000 34790.1 18214 633666120 3.50159e+09
56_25_100_200_150_199 50 150 0.501749 0.113776 0.556237 10.0251 198.672 2.76469
56_25_100_200_150_199 50 150 100 1822675 63653745000 34923.3 18226.8 636537450 3.63759e+09
56_25_100_200_200_249 50 150 0.520295 0.11469 0.567784 10.2175 210.816 2.88941
56_25_100_200_200_249 50 150 100 1823324 63751222500 34964.3 18233.2 637512225 3.52346e+09
56_25_100_200_250_299 50 150 0.483838 0.114119 0.561223 9.94497 209.827 2.76231
56_25_100_200_250_299 50 150 100 1821996 63526587000 34866.5 18220 635265870 3.33365e+09
56_25_100_200_300_349 50 150 0.472378 0.113855 0.546657 9.76955 203.259 2.62153
56_25_100_200_300_349 50 150 100 1823863 63421021500 34772.9 18238.6 634210215 3.38759e+09
56_25_100_200_350_399 50 150 0.49729 0.113793 0.560001 10.0161 211.81 2.80944
56_25_100_200_350_399 50 150 100 1823694 63564861000 34855 18236.9 635648610 3.42823e+09
56_25_100_200_400_449 50 150 0.4837 0.114082 0.557952 9.90711 222.51 2.74211
56_25_100_200_400_449 50 150 100 1824034 63632080500 34885.4 18240.3 636320805 3.34164e+09
56_25_100_200_450_499 50 150 0.49694 0.113753 0.56091 9.95279 216.865 2.75058
56_25_100_200_450_499 50 150 100 1823508 63145821000 34628.8 18235.1 631458210 3.21895e+09
