10_625_1000_640_0_0 160 480 2.01551 0.0781 0.437416 10.271 1250.01 2.05925
10_625_1000_640_0_0 160 480 320 440485 15332431500 34808.1 1376.52 4.79138e+07 5.01276e+08
10_625_1000_640_1_1 160 480 2.01551 0.0781 0.437416 10.271 1250.01 2.05925
10_625_1000_640_1_1 160 480 320 440485 15332431500 34808.1 1376.52 4.79138e+07 5.01276e+08
10_625_1000_640_2_2 160 480 1.93191 0.0783525 0.448812 10.1585 1172.72 2.13867
10_625_1000_640_2_2 160 480 320 440948 15334537500 34776.3 1377.96 4.79204e+07 5.10896e+08
10_625_1000_640_3_3 160 480 1.9915 0.079519 0.457329 10.4786 1159.74 2.28561
10_625_1000_640_3_3 160 480 320 440943 15494152500 35138.7 1377.95 4.84192e+07 5.04595e+08
10_625_1000_640_4_4 160 480 1.86439 0.0795093 0.466826 11.1994 1187.79 2.57896
10_625_1000_640_4_4 160 480 320 440634 15450762000 35064.8 1376.98 4.82836e+07 5.91752e+08
10_625_1000_640_5_5 160 480 2.06449 0.0780055 0.439004 10.3875 1141.26 2.14784
10_625_1000_640_5_5 160 480 320 440791 15293541000 34695.7 1377.47 4.77923e+07 5.69155e+08
10_625_1000_640_6_6 160 480 2.03738 0.0787278 0.438239 10.1828 1191.59 2.04574
10_625_1000_640_6_6 160 480 320 440371 15437928000 35056.6 1376.16 48243525 5.31485e+08
10_625_1000_640_7_7 160 480 1.94566 0.0792889 0.450017 10.1172 1117.67 2.07838
10_625_1000_640_7_7 160 480 320 439907 15360741000 34918.2 1374.71 4.80023e+07 5.06814e+08
10_625_1000_640_8_8 160 480 1.72251 0.0787463 0.448867 9.86641 1130.19 2.09809
10_625_1000_640_8_8 160 480 320 439517 15401119500 35041 1373.49 4.81285e+07 4.82823e+08
10_625_1000_640_9_9 160 480 1.86714 0.0792318 0.45117 10.3031 1103.77 2.20953
10_625_1000_640_9_9 160 480 320 440141 15350272500 34875.8 1375.44 4.79696e+07 4.83961e+08
