14_5_10_640_0_0 160 480 0.40762 0.111285 0.513875 8.62494 452.064 2.16829
14_5_10_640_0_0 160 480 320 601862 21015777000 34917.9 1880.82 6.56743e+07 3.66038e+08
14_5_10_640_1_1 160 480 0.40762 0.111285 0.513875 8.62494 452.064 2.16829
14_5_10_640_1_1 160 480 320 601862 21015777000 34917.9 1880.82 6.56743e+07 3.66038e+08
14_5_10_640_2_2 160 480 0.508322 0.112578 0.547542 9.57543 585.044 2.61833
14_5_10_640_2_2 160 480 320 601756 20928900000 34779.7 1880.49 6.54028e+07 3.85899e+08
14_5_10_640_3_3 160 480 0.69942 0.114094 0.581194 10.1352 684.305 2.95462
14_5_10_640_3_3 160 480 320 601835 21132159000 35112.9 1880.73 6.6038e+07 5.41359e+08
14_5_10_640_4_4 160 480 0.558548 0.113223 0.55338 9.65892 615.284 2.65306
14_5_10_640_4_4 160 480 320 601360 21145852500 35163.4 1879.25 6.60808e+07 4.74606e+08
14_5_10_640_5_5 160 480 0.482792 0.112518 0.531819 9.16734 619.115 2.41815
14_5_10_640_5_5 160 480 320 601877 20975101500 34849.5 1880.87 6.55472e+07 3.86162e+08
14_5_10_640_6_6 160 480 0.601268 0.112595 0.546893 9.23764 620.847 2.49925
14_5_10_640_6_6 160 480 320 601098 21028959000 34984.2 1878.43 6.57155e+07 4.50611e+08
14_5_10_640_7_7 160 480 0.545126 0.111085 0.518233 8.80043 700.217 2.21144
14_5_10_640_7_7 160 480 320 600645 20949634500 34878.6 1877.02 6.54676e+07 4.06221e+08
14_5_10_640_8_8 160 480 0.652187 0.115379 0.605719 10.4272 611.568 3.19546
14_5_10_640_8_8 160 480 320 600245 21059664000 35085.1 1875.77 65811450 5.16979e+08
14_5_10_640_9_9 160 480 0.599761 0.113216 0.554511 9.71086 726.76 2.64497
14_5_10_640_9_9 160 480 320 601008 20969815500 34891.1 1878.15 6.55307e+07 4.36575e+08
