0_221875_1000000_100_0_0 25 75 0.618291 0.272305 1.27596 9.91403 103.275 4.28757
0_221875_1000000_100_0_0 25 75 50 906576 31807824000 35085.7 18131.5 636156480 4.65375e+09
0_221875_1000000_100_1_1 25 75 0.618291 0.272305 1.27596 9.91403 103.275 4.28757
0_221875_1000000_100_1_1 25 75 50 906576 31807824000 35085.7 18131.5 636156480 4.65375e+09
0_221875_1000000_100_2_2 25 75 0.619284 0.270946 1.26445 9.99231 101.006 4.31014
0_221875_1000000_100_2_2 25 75 50 904201 31464874500 34798.5 18084 629297490 4.44036e+09
0_221875_1000000_100_3_3 25 75 0.612238 0.271284 1.24193 9.97731 109.994 4.22146
0_221875_1000000_100_3_3 25 75 50 904518 31482216000 34805.5 18090.4 629644320 4.45022e+09
0_221875_1000000_100_4_4 25 75 0.589565 0.264248 1.16117 9.67261 172.027 3.94697
0_221875_1000000_100_4_4 25 75 50 905583 31489251000 34772.4 18111.7 629785020 4.36332e+09
0_221875_1000000_100_5_5 25 75 0.615903 0.269576 1.25655 9.91086 210.003 4.24504
0_221875_1000000_100_5_5 25 75 50 905881 31672615500 34963.3 18117.6 633452310 4.53428e+09
0_221875_1000000_100_6_6 25 75 0.604875 0.268589 1.2279 9.80067 90.0705 4.13253
0_221875_1000000_100_6_6 25 75 50 903059 31558092000 34945.8 18061.2 631161840 4.5107e+09
0_221875_1000000_100_7_7 25 75 0.610571 0.271025 1.26372 9.84969 140.084 4.24201
0_221875_1000000_100_7_7 25 75 50 906843 31771299000 35035.1 18136.9 635425980 4.45949e+09
0_221875_1000000_100_8_8 25 75 0.614351 0.269358 1.24844 9.95432 114.765 4.26431
0_221875_1000000_100_8_8 25 75 50 906702 31668105000 34926.7 18134 633362100 4.41119e+09
0_221875_1000000_100_9_9 25 75 0.60816 0.270399 1.24107 9.88734 93.767 4.19446
0_221875_1000000_100_9_9 25 75 50 906375 31642555500 34911.1 18127.5 632851110 4.45531e+09
