6_125_1000_100_0_0 25 75 0.595962 0.0988561 0.492205 9.59548 170.605 2.09543
6_125_1000_100_0_0 25 75 50 113239 3907273500 34504.7 2264.78 78145470 3.17517e+08
6_125_1000_100_1_1 25 75 0.595962 0.0988561 0.492205 9.59548 170.605 2.09543
6_125_1000_100_1_1 25 75 50 113239 3907273500 34504.7 2264.78 78145470 3.17517e+08
6_125_1000_100_2_2 25 75 0.538047 0.0967906 0.481333 8.55639 191.981 1.91979
6_125_1000_100_2_2 25 75 50 112780 3893386500 34522 2255.6 77867730 3.46689e+08
6_125_1000_100_3_3 25 75 0.622119 0.0964386 0.496673 10.1046 182.968 2.25287
6_125_1000_100_3_3 25 75 50 112821 3926211000 34800.4 2256.42 78524220 3.45868e+08
6_125_1000_100_4_4 25 75 0.686508 0.10016 0.509382 9.81079 183.04 2.30007
6_125_1000_100_4_4 25 75 50 112661 3979896000 35326.3 2253.22 79597920 3.88156e+08
6_125_1000_100_5_5 25 75 0.634098 0.0958715 0.496495 9.57307 206.887 2.19376
6_125_1000_100_5_5 25 75 50 112876 3915345000 34687.1 2257.52 78306900 4.06402e+08
6_125_1000_100_6_6 25 75 0.612773 0.0955348 0.504588 10.0309 180.374 2.33641
6_125_1000_100_6_6 25 75 50 112833 3845991000 34085.7 2256.66 76919820 3.4181e+08
6_125_1000_100_7_7 25 75 0.650234 0.0961778 0.498797 10.0333 169.572 2.30762
6_125_1000_100_7_7 25 75 50 112774 3881905500 34422 2255.48 77638110 3.77061e+08
6_125_1000_100_8_8 25 75 0.76415 0.0983879 0.512819 10.7128 179.994 2.54302
6_125_1000_100_8_8 25 75 50 112782 3969183000 35193.4 2255.64 79383660 3.92922e+08
6_125_1000_100_9_9 25 75 0.676078 0.100623 0.550551 10.233 179.245 2.68444
6_125_1000_100_9_9 25 75 50 112793 3972502500 35219.4 2255.86 79450050 3.90295e+08
