0_490625_1000000_200_0 50 150 0.330425 0.174421 0.621047 4.84632 93.1203 1.35293
0_490625_1000000_200_0 50 150 100 2189395 76444771500 34915.9 21894 764447715 2.9594e+09
0_490625_1000000_200_1 50 150 0.330425 0.174421 0.621047 4.84632 93.1203 1.35293
0_490625_1000000_200_1 50 150 100 2189395 76444771500 34915.9 21894 764447715 2.9594e+09
0_490625_1000000_200_2 50 150 0.328058 0.172738 0.61574 4.77221 82.3047 1.33197
0_490625_1000000_200_2 50 150 100 2189432 76358767500 34876.1 21894.3 763587675 2.91528e+09
0_490625_1000000_200_3 50 150 0.332421 0.174631 0.623964 5.00766 89.7373 1.36956
0_490625_1000000_200_3 50 150 100 2190816 76440658500 34891.4 21908.2 764406585 2.94654e+09
0_490625_1000000_200_4 50 150 0.332628 0.17457 0.624171 4.95931 86.3984 1.37058
0_490625_1000000_200_4 50 150 100 2190138 76615086000 34981.9 21901.4 766150860 3.00013e+09
0_490625_1000000_200_5 50 150 0.331047 0.174483 0.619609 4.87206 73.8319 1.3493
0_490625_1000000_200_5 50 150 100 2188431 76515832500 34963.8 21884.3 765158325 2.94832e+09
0_490625_1000000_200_6 50 150 0.329625 0.17327 0.618777 4.9173 88.0938 1.3555
0_490625_1000000_200_6 50 150 100 2189431 76376751000 34884.3 21894.3 763767510 2.86941e+09
0_490625_1000000_200_7 50 150 0.334981 0.17593 0.625872 5.00528 79.8512 1.38838
0_490625_1000000_200_7 50 150 100 2189230 76564996500 34973.5 21892.3 765649965 3.0527e+09
0_490625_1000000_200_8 50 150 0.330221 0.174143 0.621224 4.85372 94.3766 1.35506
0_490625_1000000_200_8 50 150 100 2191482 76293642000 34813.7 21914.8 762936420 2.89865e+09
0_490625_1000000_200_9 50 150 0.328973 0.1739 0.615425 4.80115 90.7571 1.32757
0_490625_1000000_200_9 50 150 100 2189751 76266126000 34828.7 21897.5 762661260 2.93426e+09
