39_375_1000_200_0_49 50 150 0.439583 0.126201 0.743772 9.77349 168.177 3.77919
39_375_1000_200_0_49 50 150 100 1274337 45036960000 35341.5 12743.4 450369600 1.80572e+09
39_375_1000_200_50_99 50 150 0.441511 0.126094 0.733263 9.78396 179.409 3.77752
39_375_1000_200_50_99 50 150 100 1274779 45155871000 35422.5 12747.8 451558710 1.88198e+09
39_375_1000_200_100_149 50 150 0.436444 0.125294 0.716293 9.74758 342.035 3.67679
39_375_1000_200_100_149 50 150 100 1275420 44937930000 35233.8 12754.2 449379300 1.89227e+09
39_375_1000_200_150_199 50 150 0.44932 0.128543 0.768093 9.90027 117.619 3.89483
39_375_1000_200_150_199 50 150 100 1275296 45228880500 35465.4 12753 452288805 1.8402e+09
39_375_1000_200_200_249 50 150 0.459109 0.126711 0.767723 9.95196 114.556 3.91771
39_375_1000_200_200_249 50 150 100 1276082 45243696000 35455.2 12760.8 452436960 2.00163e+09
39_375_1000_200_250_299 50 150 0.444666 0.126651 0.754044 9.76519 216.445 3.83641
39_375_1000_200_250_299 50 150 100 1275220 45156675000 35410.9 12752.2 451566750 1.85455e+09
39_375_1000_200_300_349 50 150 0.428207 0.125155 0.720697 9.61805 247.232 3.65079
39_375_1000_200_300_349 50 150 100 1276042 45055680000 35308.9 12760.4 450556800 1.79165e+09
39_375_1000_200_350_399 50 150 0.439948 0.125565 0.746355 9.74333 172.41 3.78157
39_375_1000_200_350_399 50 150 100 1275702 45049821000 35313.7 12757 450498210 1.83333e+09
39_375_1000_200_400_449 50 150 0.455592 0.126222 0.747676 9.86818 400.054 3.81987
39_375_1000_200_400_449 50 150 100 1276321 45099765000 35335.8 12763.2 450997650 1.95137e+09
39_375_1000_200_450_499 50 150 0.419127 0.123292 0.696159 9.47554 142.046 3.49716
39_375_1000_200_450_499 50 150 100 1276184 44623662000 34966.5 12761.8 446236620 1.70973e+09
