40_0_0_200_0_49 50 150 0.468349 0.130226 0.804074 10.0818 132.256 4.12906
40_0_0_200_0_49 50 150 100 1294459 45581680500 35212.9 12944.6 455816805 1.97999e+09
40_0_0_200_50_99 50 150 0.466177 0.130776 0.801069 10.0416 377.048 4.11126
40_0_0_200_50_99 50 150 100 1294947 45665244000 35264.2 12949.5 456652440 1.97499e+09
40_0_0_200_100_149 50 150 0.470923 0.129276 0.785269 10.0536 293.48 4.09645
40_0_0_200_100_149 50 150 100 1295522 45510400500 35129 12955.2 455104005 2.04925e+09
40_0_0_200_150_199 50 150 0.46378 0.131445 0.810184 9.95333 202.741 4.09577
40_0_0_200_150_199 50 150 100 1295597 45834028500 35376.8 12956 458340285 1.96461e+09
40_0_0_200_200_249 50 150 0.456353 0.131378 0.805488 9.91278 130.483 4.03388
40_0_0_200_200_249 50 150 100 1296372 45816114000 35341.8 12963.7 458161140 1.93469e+09
40_0_0_200_250_299 50 150 0.469217 0.130638 0.797775 10.0854 138.83 4.11131
40_0_0_200_250_299 50 150 100 1295465 45756441000 35320.5 12954.6 457564410 2.0146e+09
40_0_0_200_300_349 50 150 0.455105 0.129194 0.778722 9.9408 127.23 3.98176
40_0_0_200_300_349 50 150 100 1296366 45630069000 35198.4 12963.7 456300690 1.92681e+09
40_0_0_200_350_399 50 150 0.464949 0.129986 0.807842 10.0016 140.248 4.09451
40_0_0_200_350_399 50 150 100 1296087 45581158500 35168.3 12960.9 455811585 1.96563e+09
40_0_0_200_400_449 50 150 0.477969 0.130668 0.801657 10.0747 177.176 4.10369
40_0_0_200_400_449 50 150 100 1296621 45669667500 35222.1 12966.2 456696675 2.02513e+09
40_0_0_200_450_499 50 150 0.447818 0.12826 0.757557 9.80453 249.952 3.84346
40_0_0_200_450_499 50 150 100 1296557 45207180000 34867.1 12965.6 452071800 1.84617e+09
