7_75_100_1000_0_0 250 750 0.578114 0.119027 1.83126 10.1224 459.713 5.5533
7_75_100_1000_0_0 250 750 500 573156 20154045000 35163.3 1146.31 40308090 3.37117e+08
7_75_100_1000_1_1 250 750 0.578114 0.119027 1.83126 10.1224 459.713 5.5533
7_75_100_1000_1_1 250 750 500 573156 20154045000 35163.3 1146.31 40308090 3.37117e+08
7_75_100_1000_2_2 250 750 0.524519 0.118589 1.64872 9.74762 235.584 5.11578
7_75_100_1000_2_2 250 750 500 571723 19751271000 34546.9 1143.45 39502542 2.83903e+08
7_75_100_1000_3_3 250 750 0.547681 0.118875 1.75407 9.95779 129.15 5.36142
7_75_100_1000_3_3 250 750 500 571577 19692370500 34452.7 1143.15 39384741 2.94882e+08
7_75_100_1000_4_4 250 750 0.583161 0.120055 1.90798 10.0937 272.471 5.65027
7_75_100_1000_4_4 250 750 500 570665 20206081500 35408 1141.33 40412163 3.40053e+08
7_75_100_1000_5_5 250 750 0.543326 0.11963 1.762 9.98751 95.2417 5.38709
7_75_100_1000_5_5 250 750 500 570155 20044777500 35156.7 1140.31 40089555 3.08443e+08
7_75_100_1000_6_6 250 750 0.543184 0.119235 1.74587 9.86568 159.961 5.27321
7_75_100_1000_6_6 250 750 500 570458 19733644500 34592.6 1140.92 39467289 3.14843e+08
7_75_100_1000_7_7 250 750 0.523563 0.11838 1.58066 9.77722 567.756 5.12112
7_75_100_1000_7_7 250 750 500 571240 19812823500 34683.9 1142.48 39625647 3.02693e+08
7_75_100_1000_8_8 250 750 0.54701 0.119617 1.68483 9.99871 2439.91 5.27432
7_75_100_1000_8_8 250 750 500 572948 19892923500 34720.3 1145.9 39785847 2.92438e+08
7_75_100_1000_9_9 250 750 0.537008 0.118675 1.6818 9.86609 209.577 5.23647
7_75_100_1000_9_9 250 750 500 570115 19760641500 34660.8 1140.23 39521283 2.91326e+08
