1375_0_0_44_0_0 11 33 0.555859 0.209676 1.04149 10.158 113.337 4.80958
1375_0_0_44_0_0 11 33 22 1357897 47713087500 35137.5 61722.6 2.16878e+09 1.15668e+10
1375_0_0_44_1_1 11 33 0.555859 0.209676 1.04149 10.158 113.337 4.80958
1375_0_0_44_1_1 11 33 22 1357897 47713087500 35137.5 61722.6 2.16878e+09 1.15668e+10
1375_0_0_44_2_2 11 33 0.551403 0.209041 1.01132 10.1321 99.825 4.76186
1375_0_0_44_2_2 11 33 22 1356829 47491141500 35001.6 61674 2158688250 1.14145e+10
1375_0_0_44_3_3 11 33 0.544917 0.209981 1.01372 10.0765 70.0443 4.66457
1375_0_0_44_3_3 11 33 22 1358282 47627509500 35064.5 61740.1 2.16489e+09 1.16205e+10
1375_0_0_44_4_4 11 33 0.548474 0.20862 1.00617 10.1001 104.944 4.67842
1375_0_0_44_4_4 11 33 22 1357206 47661736500 35117.5 61691.2 2.16644e+09 1.15062e+10
1375_0_0_44_5_5 11 33 0.539252 0.207787 0.976115 9.99015 99.9925 4.57772
1375_0_0_44_5_5 11 33 22 1357079 47373493500 34908.4 61685.4 2.15334e+09 1.12214e+10
1375_0_0_44_6_6 11 33 0.549991 0.209907 1.01503 10.0979 113.844 4.7072
1375_0_0_44_6_6 11 33 22 1356960 47637181500 35105.8 61680 2.16533e+09 1.14808e+10
1375_0_0_44_7_7 11 33 0.549634 0.209361 1.02049 10.0725 100.069 4.73528
1375_0_0_44_7_7 11 33 22 1356786 47596812000 35080.6 61672.1 2.16349e+09 1.15317e+10
1375_0_0_44_8_8 11 33 0.54039 0.207654 0.976308 10.0502 102.659 4.60928
1375_0_0_44_8_8 11 33 22 1357347 47471793000 34974 61697.6 2.15781e+09 1.13036e+10
1375_0_0_44_9_9 11 33 0.555327 0.209549 1.04823 10.1487 112.497 4.79774
1375_0_0_44_9_9 11 33 22 1357079 47626341000 35094.7 61685.4 2.16483e+09 1.15756e+10
