30_0_0_200_0_49 50 150 0.442875 0.110942 0.763731 10.0175 159.587 3.97026
30_0_0_200_0_49 50 150 100 970998 33804526500 34814.2 9709.98 338045265 1.16107e+09
30_0_0_200_50_99 50 150 0.431481 0.111418 0.749059 9.84611 110.729 3.84371
30_0_0_200_50_99 50 150 100 971104 33960774000 34971.3 9711.04 339607740 1.15793e+09
30_0_0_200_100_149 50 150 0.434658 0.111561 0.760186 9.84716 109.584 3.88879
30_0_0_200_100_149 50 150 100 971564 33877381500 34868.9 9715.64 338773815 1.13396e+09
30_0_0_200_150_199 50 150 0.435908 0.113622 0.791822 9.88115 185.078 4.00023
30_0_0_200_150_199 50 150 100 971447 34056184500 35057.2 9714.47 340561845 1.15963e+09
30_0_0_200_200_249 50 150 0.431052 0.113273 0.76486 9.81355 116.385 3.87678
30_0_0_200_200_249 50 150 100 972167 34048887000 35023.7 9721.67 340488870 1.16496e+09
30_0_0_200_250_299 50 150 0.437278 0.112896 0.782993 9.84256 219.251 3.9657
30_0_0_200_250_299 50 150 100 971609 33979074000 34972 9716.09 339790740 1.14701e+09
30_0_0_200_300_349 50 150 0.442813 0.11156 0.773259 9.96315 170.087 3.97664
30_0_0_200_300_349 50 150 100 972059 33804895500 34776.6 9720.59 338048955 1.14011e+09
30_0_0_200_350_399 50 150 0.436049 0.111417 0.755388 9.86738 237.144 3.87468
30_0_0_200_350_399 50 150 100 972257 33832888500 34798.3 9722.57 338328885 1.16943e+09
30_0_0_200_400_449 50 150 0.424973 0.110834 0.733363 9.72401 106.029 3.7468
30_0_0_200_400_449 50 150 100 971929 33867666000 34845.8 9719.29 338676660 1.10863e+09
30_0_0_200_450_499 50 150 0.417396 0.109595 0.728617 9.56773 105.079 3.68291
30_0_0_200_450_499 50 150 100 972370 33600999000 34555.8 9723.7 336009990 1.0697e+09
