14 65 0 14 65 0.5
14 65 28 14 59 0.28125
14 65 30 14 61 0.21875
14 66 0 14 66 0.09375
14 66 1 14 38 0.0625
14 66 2 14 39 0.0625
14 66 4 14 41 0.09375
14 66 6 14 43 0.109375
14 66 7 14 44 0.109375
14 66 9 14 7 0.109375
14 66 11 14 9 0.109375
14 66 13 14 11 0.109375
14 66 21 14 6 0.09375
14 66 29 14 39 0.046875
14 67 0 14 67 1.0
15 65 0 15 65 0.640625
15 65 30 15 61 0.359375
15 66 0 15 66 0.125
15 66 1 15 38 0.0625
15 66 2 15 39 0.0625
15 66 3 15 40 0.125
15 66 5 15 42 0.125
15 66 8 15 6 0.140625
15 66 10 15 8 0.140625
15 66 12 15 10 0.140625
15 66 28 15 38 0.078125
15 67 0 15 67 1.0
