0 1 0 0 18 0.0625
0 1 2 0 20 0.0625
0 1 3 0 21 0.0625
0 1 4 0 22 0.03125
0 1 7 0 25 0.03125
0 1 8 0 26 0.0625
0 1 9 0 27 0.0625
0 1 10 0 28 0.0625
0 1 11 0 29 0.015625
0 1 12 0 30 0.046875
0 1 13 0 52 0.015625
0 1 14 0 53 0.0625
0 1 16 0 55 0.0625
0 1 17 0 56 0.0625
0 1 18 0 57 0.0625
0 1 19 0 58 0.0625
0 1 21 0 74 0.046875
0 1 22 0 75 0.0625
0 1 23 0 76 0.015625
0 1 24 0 77 0.046875
1 2 1 1 19 0.03125
1 2 2 1 20 0.0625
1 2 3 1 21 0.0625
1 2 4 1 22 0.0625
1 2 5 1 23 0.015625
1 2 7 1 25 0.03125
1 2 9 1 27 0.015625
1 2 10 1 28 0.046875
1 2 12 1 30 0.015625
1 2 14 1 53 0.03125
1 2 15 1 54 0.0625
1 2 16 1 55 0.0625
1 2 17 1 56 0.0625
1 2 18 1 57 0.0625
1 2 19 1 58 0.0625
1 2 22 1 75 0.0625
1 2 23 1 76 0.0625
1 2 24 1 77 0.0625
1 2 25 1 78 0.0625
1 2 26 1 79 0.0625
2 3 0 2 18 0.046875
2 3 2 2 20 0.0625
2 3 3 2 21 0.0625
2 3 4 2 22 0.0625
2 3 8 2 26 0.046875
2 3 9 2 27 0.015625
2 3 10 2 28 0.03125
2 3 11 2 29 0.046875
2 3 14 2 53 0.03125
2 3 15 2 54 0.03125
2 3 16 2 55 0.0625
2 3 17 2 56 0.0625
2 3 18 2 57 0.0625
2 3 19 2 58 0.0625
2 3 20 2 73 0.046875
2 3 21 2 74 0.015625
2 3 23 2 76 0.0625
2 3 24 2 77 0.0625
2 3 25 2 78 0.0625
2 3 26 2 79 0.0625
3 4 3 3 21 0.0625
3 4 4 3 22 0.0625
3 4 7 3 25 0.015625
3 4 8 3 26 0.046875
3 4 9 3 27 0.0625
3 4 10 3 28 0.0625
3 4 11 3 29 0.03125
3 4 12 3 30 0.03125
3 4 15 3 54 0.03125
3 4 16 3 55 0.0625
3 4 17 3 56 0.0625
3 4 18 3 57 0.0625
3 4 19 3 58 0.0625
3 4 20 3 73 0.0625
3 4 21 3 74 0.0625
3 4 22 3 75 0.03125
3 4 24 3 77 0.0625
3 4 25 3 78 0.0625
3 4 26 3 79 0.0625
4 5 0 4 18 0.0625
4 5 2 4 20 0.03125
4 5 4 4 22 0.0625
4 5 8 4 26 0.046875
4 5 9 4 27 0.046875
4 5 10 4 28 0.0625
4 5 11 4 29 0.0625
4 5 12 4 30 0.03125
4 5 14 4 53 0.03125
4 5 16 4 55 0.0625
4 5 17 4 56 0.0625
4 5 18 4 57 0.0625
4 5 19 4 58 0.0625
4 5 20 4 73 0.0625
4 5 21 4 74 0.0625
4 5 22 4 75 0.0625
4 5 25 4 78 0.0625
4 5 26 4 79 0.0625
5 6 2 5 54 0.03125
5 6 3 5 55 0.03125
5 6 4 5 56 0.03125
5 6 6 5 58 0.0625
5 6 8 5 25 0.0625
5 6 9 5 26 0.0625
5 6 10 5 27 0.0625
5 6 11 5 28 0.0625
5 6 12 5 29 0.0625
5 6 13 5 30 0.0625
5 6 14 5 73 0.0625
5 6 15 5 74 0.0625
5 6 16 5 75 0.0625
5 6 17 5 76 0.0625
5 6 19 5 78 0.046875
5 6 20 5 79 0.0625
5 6 23 5 20 0.015625
5 6 24 5 21 0.03125
5 6 26 5 23 0.0625
6 7 0 6 12 0.015625
6 7 1 6 13 0.0625
6 7 2 6 14 0.0625
6 7 3 6 15 0.046875
6 7 4 6 16 0.03125
6 7 5 6 17 0.03125
6 7 6 6 31 0.03125
6 7 10 6 35 0.03125
6 7 13 6 59 0.0625
6 7 14 6 60 0.0625
6 7 15 6 61 0.0625
6 7 16 6 62 0.0625
6 7 17 6 63 0.0625
6 7 18 6 64 0.0625
6 7 19 6 65 0.0625
6 7 20 6 66 0.0625
6 7 22 6 68 0.0625
6 7 23 6 69 0.03125
6 7 24 6 70 0.03125
6 7 26 6 72 0.0625
7 8 0 7 12 0.0625
7 8 1 7 13 0.046875
7 8 2 7 14 0.0625
7 8 3 7 15 0.015625
7 8 4 7 16 0.03125
7 8 5 7 17 0.03125
7 8 13 7 59 0.0625
7 8 14 7 60 0.0625
7 8 15 7 61 0.0625
7 8 16 7 62 0.0625
7 8 17 7 63 0.0625
7 8 18 7 64 0.0625
7 8 19 7 65 0.0625
7 8 20 7 66 0.0625
7 8 23 7 69 0.0625
7 8 24 7 70 0.0625
7 8 25 7 71 0.0625
7 8 26 7 72 0.0625
8 0 0 8 59 0.046875
8 0 2 8 61 0.046875
8 0 3 8 62 0.0625
8 0 4 8 63 0.0625
8 0 5 8 64 0.046875
8 0 7 8 31 0.03125
8 0 10 8 34 0.109375
8 0 11 8 35 0.09375
8 0 12 8 36 0.03125
8 0 15 8 67 0.046875
8 0 17 8 69 0.1875
8 0 18 8 70 0.046875
8 0 19 8 71 0.015625
8 0 22 8 14 0.125
8 0 24 8 16 0.03125
8 0 26 8 72 0.015625
8 9 0 8 12 0.03125
8 9 1 8 13 0.09375
8 9 5 8 17 0.078125
8 9 13 8 59 0.0625
8 9 14 8 60 0.09375
8 9 15 8 61 0.0625
8 9 16 8 62 0.0625
8 9 17 8 63 0.0625
8 9 18 8 64 0.0625
8 9 19 8 65 0.078125
8 9 20 8 66 0.078125
8 9 21 8 67 0.0625
8 9 24 8 70 0.015625
8 9 25 8 71 0.078125
8 9 26 8 72 0.078125
9 0 0 9 59 0.0625
9 0 2 9 61 0.0625
9 0 3 9 62 0.0625
9 0 4 9 63 0.0625
9 0 5 9 64 0.046875
9 0 9 9 33 0.078125
9 0 10 9 34 0.03125
9 0 11 9 35 0.046875
9 0 12 9 36 0.078125
9 0 13 9 37 0.09375
9 0 15 9 67 0.0625
9 0 16 9 68 0.09375
9 0 18 9 70 0.078125
9 0 20 9 12 0.046875
9 0 22 9 14 0.015625
9 0 26 9 72 0.078125
9 10 1 9 13 0.0625
9 10 2 9 14 0.140625
9 10 5 9 17 0.015625
9 10 13 9 59 0.046875
9 10 14 9 60 0.1875
9 10 15 9 61 0.046875
9 10 16 9 62 0.0625
9 10 17 9 63 0.0625
9 10 18 9 64 0.078125
9 10 19 9 65 0.03125
9 10 20 9 66 0.03125
9 10 21 9 67 0.046875
9 10 25 9 71 0.171875
9 10 26 9 72 0.015625
10 11 2 10 14 0.03125
10 11 3 10 15 0.0625
10 11 5 10 17 0.046875
10 11 13 10 59 0.0625
10 11 14 10 60 0.0625
10 11 15 10 61 0.078125
10 11 16 10 62 0.078125
10 11 17 10 63 0.078125
10 11 18 10 64 0.03125
10 11 19 10 65 0.078125
10 11 20 10 66 0.078125
10 11 21 10 67 0.078125
10 11 22 10 68 0.078125
10 11 23 10 69 0.078125
10 11 26 10 72 0.078125
11 12 0 11 12 0.0625
11 12 1 11 59 0.03125
11 12 2 11 60 0.0625
11 12 3 11 61 0.0625
11 12 4 11 62 0.0625
11 12 5 11 63 0.046875
11 12 6 11 64 0.0625
11 12 7 11 65 0.0625
11 12 8 11 66 0.0625
11 12 9 11 67 0.015625
11 12 10 11 68 0.0625
11 12 12 11 70 0.046875
11 12 14 11 72 0.0625
11 12 15 11 31 0.046875
11 12 17 11 33 0.046875
11 12 19 11 35 0.03125
11 12 22 11 15 0.0625
11 12 23 11 16 0.046875
11 12 24 11 17 0.0625
12 13 3 12 9 0.03125
12 13 4 12 10 0.0625
12 13 5 12 11 0.0625
12 13 7 12 39 0.0625
12 13 8 12 40 0.0625
12 13 9 12 41 0.0625
12 13 10 12 42 0.046875
12 13 11 12 43 0.0625
12 13 15 12 61 0.0625
12 13 17 12 63 0.046875
12 13 20 12 66 0.0625
12 13 21 12 67 0.0625
12 13 22 12 68 0.0625
12 13 23 12 69 0.0625
12 13 24 12 70 0.0625
12 13 25 12 71 0.0625
12 13 26 12 72 0.0625
13 14 4 13 10 0.03125
13 14 5 13 11 0.0625
13 14 7 13 39 0.046875
13 14 9 13 41 0.03125
13 14 10 13 42 0.03125
13 14 11 13 43 0.046875
13 14 13 13 59 0.0625
13 14 16 13 62 0.0625
13 14 17 13 63 0.0625
13 14 18 13 64 0.0625
13 14 19 13 65 0.0625
13 14 20 13 66 0.0625
13 14 21 13 67 0.0625
13 14 22 13 68 0.0625
13 14 23 13 69 0.0625
13 14 24 13 70 0.0625
13 14 25 13 71 0.0625
13 14 26 13 72 0.0625
14 15 3 14 9 0.0625
14 15 4 14 10 0.015625
14 15 7 14 39 0.0625
14 15 8 14 40 0.046875
14 15 10 14 42 0.03125
14 15 11 14 43 0.03125
14 15 12 14 44 0.046875
14 15 13 14 59 0.0625
14 15 14 14 60 0.0625
14 15 17 14 63 0.0625
14 15 18 14 64 0.0625
14 15 19 14 65 0.0625
14 15 20 14 66 0.015625
14 15 21 14 67 0.0625
14 15 22 14 68 0.0625
14 15 23 14 69 0.0625
14 15 24 14 70 0.0625
14 15 25 14 71 0.0625
14 15 26 14 72 0.0625
15 16 1 15 7 0.015625
15 16 2 15 8 0.046875
15 16 3 15 9 0.0625
15 16 4 15 10 0.0625
15 16 7 15 39 0.0625
15 16 9 15 41 0.046875
15 16 10 15 42 0.0625
15 16 11 15 43 0.0625
15 16 12 15 44 0.0625
15 16 15 15 61 0.015625
15 16 19 15 65 0.0625
15 16 20 15 66 0.0625
15 16 21 15 67 0.0625
15 16 22 15 68 0.0625
15 16 23 15 69 0.0625
15 16 24 15 70 0.0625
15 16 25 15 71 0.0625
15 16 26 15 72 0.0625
16 11 0 16 11 0.1875
16 11 1 16 59 0.046875
16 11 2 16 60 0.03125
16 11 3 16 61 0.03125
16 11 4 16 62 0.03125
16 11 5 16 63 0.03125
16 11 6 16 64 0.125
16 11 7 16 65 0.03125
16 11 8 16 66 0.03125
16 11 9 16 67 0.03125
16 11 10 16 68 0.03125
16 11 11 16 69 0.03125
16 11 12 16 70 0.1875
16 11 14 16 72 0.03125
16 11 17 16 40 0.015625
16 11 19 16 42 0.078125
16 11 20 16 6 0.046875
16 17 0 16 6 0.03125
16 17 1 16 7 0.015625
16 17 2 16 8 0.015625
16 17 3 16 9 0.046875
16 17 4 16 10 0.015625
16 17 7 16 39 0.0625
16 17 8 16 40 0.0625
16 17 10 16 42 0.03125
16 17 11 16 43 0.0625
16 17 12 16 44 0.0625
16 17 13 16 59 0.046875
16 17 14 16 60 0.046875
16 17 15 16 61 0.046875
16 17 16 16 62 0.046875
16 17 17 16 63 0.046875
16 17 18 16 64 0.015625
16 17 19 16 65 0.046875
16 17 20 16 66 0.046875
16 17 21 16 67 0.046875
16 17 22 16 68 0.046875
16 17 23 16 69 0.046875
16 17 25 16 71 0.0625
16 17 26 16 72 0.046875
17 18 0 17 66 0.0625
17 18 1 17 67 0.0625
17 18 2 17 68 0.0625
17 18 3 17 69 0.046875
17 18 4 17 70 0.0625
17 18 5 17 71 0.0625
17 18 6 17 72 0.015625
17 18 7 17 38 0.03125
17 18 8 17 39 0.0625
17 18 9 17 40 0.0625
17 18 10 17 41 0.0625
17 18 12 17 43 0.0625
17 18 13 17 44 0.0625
17 18 15 17 61 0.0625
17 18 17 17 63 0.0625
17 18 19 17 65 0.0625
17 18 21 17 7 0.015625
17 18 22 17 8 0.015625
17 18 24 17 10 0.0625
18 9 0 18 52 0.15625
18 9 1 18 53 0.140625
18 9 2 18 54 0.0625
18 9 3 18 55 0.078125
18 9 4 18 56 0.015625
18 9 5 18 57 0.1875
18 9 7 18 45 0.03125
18 9 8 18 46 0.015625
18 9 9 18 47 0.03125
18 9 11 18 49 0.171875
18 9 13 18 51 0.015625
18 9 18 18 77 0.03125
18 9 19 18 78 0.015625
18 9 22 18 2 0.015625
18 9 26 18 79 0.03125
18 10 4 18 56 0.078125
18 10 7 18 45 0.15625
18 10 8 18 46 0.046875
18 10 9 18 47 0.15625
18 10 10 18 48 0.015625
18 10 13 18 51 0.15625
18 10 18 18 77 0.15625
18 10 20 18 0 0.015625
18 10 22 18 2 0.0625
18 10 26 18 79 0.15625
18 19 16 18 55 0.046875
18 19 17 18 56 0.078125
18 19 19 18 58 0.09375
18 19 20 18 73 0.046875
18 19 21 18 74 0.1875
18 19 22 18 75 0.1875
18 19 23 18 76 0.1875
18 19 25 18 78 0.171875
19 20 3 19 3 0.0625
19 20 4 19 4 0.03125
19 20 5 19 5 0.03125
19 20 7 19 46 0.03125
19 20 8 19 47 0.046875
19 20 9 19 48 0.046875
19 20 10 19 49 0.0625
19 20 16 19 55 0.0625
19 20 17 19 56 0.0625
19 20 18 19 57 0.0625
19 20 19 19 58 0.0625
19 20 20 19 73 0.0625
19 20 21 19 74 0.0625
19 20 22 19 75 0.0625
19 20 23 19 76 0.0625
19 20 24 19 77 0.0625
19 20 25 19 78 0.0625
19 20 26 19 79 0.0625
20 21 4 20 4 0.046875
20 21 5 20 5 0.03125
20 21 8 20 47 0.046875
20 21 9 20 48 0.0625
20 21 10 20 49 0.0625
20 21 11 20 50 0.0625
20 21 16 20 55 0.0625
20 21 17 20 56 0.0625
20 21 18 20 57 0.0625
20 21 19 20 58 0.0625
20 21 20 20 73 0.0625
20 21 21 20 74 0.0625
20 21 22 20 75 0.0625
20 21 23 20 76 0.0625
20 21 24 20 77 0.0625
20 21 25 20 78 0.0625
20 21 26 20 79 0.0625
21 22 5 21 5 0.046875
21 22 7 21 46 0.046875
21 22 9 21 48 0.0625
21 22 10 21 49 0.0625
21 22 11 21 50 0.0625
21 22 14 21 53 0.03125
21 22 16 21 55 0.0625
21 22 17 21 56 0.0625
21 22 18 21 57 0.0625
21 22 19 21 58 0.0625
21 22 20 21 73 0.0625
21 22 21 21 74 0.0625
21 22 22 21 75 0.0625
21 22 23 21 76 0.0625
21 22 24 21 77 0.0625
21 22 25 21 78 0.0625
21 22 26 21 79 0.0625
22 23 1 22 1 0.015625
22 23 8 22 47 0.046875
22 23 10 22 49 0.0625
22 23 11 22 50 0.0625
22 23 12 22 51 0.0625
22 23 14 22 53 0.0625
22 23 16 22 55 0.0625
22 23 17 22 56 0.0625
22 23 18 22 57 0.0625
22 23 19 22 58 0.0625
22 23 20 22 73 0.0625
22 23 21 22 74 0.0625
22 23 22 22 75 0.0625
22 23 23 22 76 0.0625
22 23 24 22 77 0.0625
22 23 25 22 78 0.0625
22 23 26 22 79 0.0625
23 24 0 23 0 0.046875
23 24 1 23 1 0.0625
23 24 2 23 2 0.03125
23 24 3 23 3 0.0625
23 24 4 23 4 0.0625
23 24 5 23 5 0.0625
23 24 6 23 52 0.0625
23 24 7 23 53 0.0625
23 24 8 23 54 0.0625
23 24 9 23 55 0.0625
23 24 10 23 56 0.0625
23 24 11 23 57 0.0625
23 24 12 23 58 0.0625
23 24 13 23 78 0.015625
23 24 19 23 79 0.0625
23 24 21 23 46 0.046875
23 24 23 23 48 0.046875
23 24 25 23 50 0.0625
24 16 0 24 59 0.15625
24 16 1 24 60 0.1875
24 16 2 24 61 0.109375
24 16 3 24 62 0.1875
24 16 4 24 63 0.03125
24 16 5 24 64 0.1875
24 16 7 24 31 0.0625
24 16 8 24 32 0.046875
24 16 15 24 2 0.03125
24 19 2 24 2 0.125
24 19 3 24 3 0.015625
24 19 4 24 4 0.0625
24 19 7 24 53 0.125
24 19 8 24 54 0.078125
24 19 9 24 55 0.125
24 19 10 24 56 0.0625
24 19 11 24 57 0.1875
24 19 12 24 58 0.09375
24 19 20 24 31 0.125
24 25 4 24 4 0.125
24 25 13 24 52 0.125
24 25 14 24 53 0.046875
24 25 15 24 54 0.109375
24 25 16 24 55 0.046875
24 25 17 24 56 0.125
24 25 19 24 58 0.09375
24 25 24 24 63 0.140625
24 25 26 24 65 0.1875
25 19 0 25 0 0.1875
25 19 1 25 1 0.09375
25 19 2 25 2 0.0625
25 19 3 25 3 0.171875
25 19 4 25 4 0.125
25 19 5 25 5 0.1875
25 19 10 25 56 0.03125
25 19 16 25 61 0.140625
25 26 6 25 31 0.046875
25 26 7 25 32 0.0625
25 26 9 25 34 0.03125
25 26 10 25 35 0.03125
25 26 11 25 36 0.0625
25 26 12 25 37 0.046875
25 26 13 25 52 0.046875
25 26 14 25 53 0.0625
25 26 15 25 54 0.0625
25 26 16 25 55 0.0625
25 26 17 25 56 0.046875
25 26 18 25 57 0.0625
25 26 19 25 58 0.0625
25 26 20 25 59 0.0625
25 26 23 25 62 0.0625
25 26 24 25 63 0.0625
25 26 25 25 64 0.0625
25 26 26 25 65 0.0625
26 27 2 26 2 0.046875
26 27 6 26 31 0.046875
26 27 7 26 32 0.0625
26 27 8 26 33 0.0625
26 27 10 26 35 0.015625
26 27 11 26 36 0.0625
26 27 13 26 52 0.03125
26 27 14 26 53 0.046875
26 27 15 26 54 0.0625
26 27 16 26 55 0.0625
26 27 17 26 56 0.0625
26 27 18 26 57 0.0625
26 27 19 26 58 0.0625
26 27 20 26 59 0.0625
26 27 21 26 60 0.0625
26 27 24 26 63 0.0625
26 27 25 26 64 0.0625
26 27 26 26 65 0.0625
27 28 2 27 2 0.03125
27 28 6 27 31 0.046875
27 28 7 27 32 0.046875
27 28 8 27 33 0.0625
27 28 9 27 34 0.0625
27 28 11 27 36 0.015625
27 28 12 27 37 0.0625
27 28 13 27 52 0.015625
27 28 14 27 53 0.03125
27 28 15 27 54 0.0625
27 28 16 27 55 0.0625
27 28 17 27 56 0.0625
27 28 18 27 57 0.0625
27 28 19 27 58 0.0625
27 28 20 27 59 0.0625
27 28 21 27 60 0.0625
27 28 22 27 61 0.0625
27 28 25 27 64 0.0625
27 28 26 27 65 0.0625
28 29 2 28 2 0.015625
28 29 3 28 3 0.015625
28 29 6 28 31 0.0625
28 29 7 28 32 0.046875
28 29 8 28 33 0.046875
28 29 9 28 34 0.0625
28 29 10 28 35 0.0625
28 29 12 28 37 0.015625
28 29 13 28 52 0.046875
28 29 14 28 53 0.015625
28 29 15 28 54 0.03125
28 29 16 28 55 0.0625
28 29 17 28 56 0.0625
28 29 18 28 57 0.0625
28 29 19 28 58 0.0625
28 29 20 28 59 0.0625
28 29 21 28 60 0.0625
28 29 22 28 61 0.0625
28 29 23 28 62 0.0625
28 29 25 28 64 0.015625
28 29 26 28 65 0.0625
29 30 1 29 1 0.046875
29 30 2 29 2 0.03125
29 30 3 29 3 0.015625
29 30 4 29 4 0.015625
29 30 6 29 31 0.015625
29 30 7 29 32 0.0625
29 30 8 29 33 0.0625
29 30 9 29 34 0.046875
29 30 10 29 35 0.0625
29 30 11 29 36 0.0625
29 30 14 29 53 0.0625
29 30 15 29 54 0.015625
29 30 16 29 55 0.0625
29 30 17 29 56 0.03125
29 30 18 29 57 0.0625
29 30 19 29 58 0.0625
29 30 20 29 59 0.046875
29 30 21 29 60 0.0625
29 30 22 29 61 0.03125
29 30 23 29 62 0.0625
29 30 24 29 63 0.046875
29 30 26 29 65 0.03125
30 25 0 30 0 0.0625
30 25 1 30 1 0.03125
30 25 2 30 2 0.125
30 25 3 30 3 0.140625
30 25 4 30 4 0.046875
30 25 8 30 33 0.078125
30 25 9 30 34 0.09375
30 25 11 30 36 0.171875
30 25 12 30 37 0.1875
30 25 13 30 52 0.0625
30 31 0 30 31 0.0625
30 31 2 30 53 0.0625
30 31 3 30 54 0.0625
30 31 4 30 55 0.0625
30 31 5 30 56 0.0625
30 31 6 30 57 0.0625
30 31 7 30 58 0.0625
30 31 8 30 59 0.0625
30 31 9 30 60 0.0625
30 31 10 30 61 0.0625
30 31 11 30 62 0.0625
30 31 12 30 63 0.0625
30 31 13 30 64 0.0625
30 31 15 30 32 0.015625
30 31 16 30 33 0.03125
30 31 17 30 34 0.03125
30 31 18 30 35 0.046875
30 31 24 30 4 0.015625
30 31 26 30 0 0.046875
31 25 0 31 25 0.1875
31 25 2 31 53 0.109375
31 25 3 31 54 0.078125
31 25 4 31 55 0.125
31 25 5 31 56 0.015625
31 25 7 31 58 0.09375
31 25 11 31 62 0.15625
31 25 12 31 63 0.03125
31 25 13 31 64 0.1875
31 25 23 31 8 0.015625
31 32 1 31 7 0.046875
31 32 2 31 8 0.046875
31 32 3 31 9 0.015625
31 32 4 31 10 0.09375
31 32 5 31 11 0.015625
31 32 6 31 24 0.0625
31 32 9 31 27 0.015625
31 32 10 31 28 0.015625
31 32 12 31 30 0.0625
31 32 15 31 54 0.015625
31 32 16 31 55 0.015625
31 32 18 31 57 0.09375
31 32 19 31 58 0.046875
31 32 20 31 59 0.09375
31 32 21 31 60 0.09375
31 32 22 31 61 0.09375
31 32 23 31 62 0.015625
31 32 24 31 63 0.0625
31 32 26 31 65 0.09375
32 33 1 32 7 0.046875
32 33 2 32 8 0.0625
32 33 3 32 9 0.015625
32 33 4 32 10 0.0625
32 33 5 32 11 0.015625
32 33 6 32 24 0.046875
32 33 7 32 25 0.0625
32 33 16 32 55 0.0625
32 33 17 32 56 0.0625
32 33 18 32 57 0.0625
32 33 19 32 58 0.0625
32 33 20 32 59 0.0625
32 33 21 32 60 0.0625
32 33 22 32 61 0.0625
32 33 23 32 62 0.0625
32 33 24 32 63 0.0625
32 33 25 32 64 0.0625
32 33 26 32 65 0.0625
33 34 0 33 6 0.015625
33 34 1 33 7 0.03125
33 34 2 33 8 0.015625
33 34 3 33 9 0.03125
33 34 4 33 10 0.0625
33 34 5 33 11 0.0625
33 34 6 33 24 0.0625
33 34 7 33 25 0.03125
33 34 8 33 26 0.0625
33 34 17 33 56 0.0625
33 34 18 33 57 0.0625
33 34 19 33 58 0.0625
33 34 20 33 59 0.0625
33 34 21 33 60 0.0625
33 34 22 33 61 0.0625
33 34 23 33 62 0.0625
33 34 24 33 63 0.0625
33 34 25 33 64 0.0625
33 34 26 33 65 0.0625
34 35 1 34 7 0.0625
34 35 2 34 8 0.03125
34 35 3 34 9 0.03125
34 35 4 34 10 0.0625
34 35 5 34 11 0.03125
34 35 6 34 24 0.0625
34 35 7 34 25 0.015625
34 35 8 34 26 0.03125
34 35 9 34 27 0.0625
34 35 13 34 52 0.015625
34 35 15 34 54 0.03125
34 35 18 34 57 0.0625
34 35 19 34 58 0.0625
34 35 20 34 59 0.0625
34 35 21 34 60 0.0625
34 35 22 34 61 0.0625
34 35 23 34 62 0.0625
34 35 24 34 63 0.0625
34 35 25 34 64 0.0625
34 35 26 34 65 0.0625
35 25 0 35 25 0.1875
35 25 2 35 53 0.015625
35 25 6 35 57 0.1875
35 25 8 35 59 0.1875
35 25 9 35 60 0.171875
35 25 10 35 61 0.1875
35 25 11 35 62 0.03125
35 25 17 35 26 0.03125
35 36 1 35 7 0.046875
35 36 2 35 8 0.03125
35 36 5 35 11 0.078125
35 36 6 35 24 0.09375
35 36 9 35 27 0.046875
35 36 10 35 28 0.09375
35 36 13 35 52 0.046875
35 36 14 35 53 0.015625
35 36 16 35 55 0.09375
35 36 19 35 58 0.09375
35 36 23 35 62 0.078125
35 36 24 35 63 0.09375
35 36 25 35 64 0.09375
35 36 26 35 65 0.09375
36 37 1 36 7 0.0625
36 37 2 36 8 0.0625
36 37 4 36 10 0.046875
36 37 5 36 11 0.0625
36 37 6 36 24 0.0625
36 37 10 36 28 0.03125
36 37 11 36 29 0.0625
36 37 14 36 53 0.03125
36 37 15 36 54 0.015625
36 37 16 36 55 0.0625
36 37 17 36 56 0.0625
36 37 20 36 59 0.0625
36 37 21 36 60 0.0625
36 37 22 36 61 0.0625
36 37 23 36 62 0.0625
36 37 24 36 63 0.0625
36 37 25 36 64 0.0625
36 37 26 36 65 0.0625
37 30 0 37 30 0.1875
37 30 1 37 52 0.1875
37 30 2 37 53 0.015625
37 30 3 37 54 0.109375
37 30 4 37 55 0.015625
37 30 5 37 56 0.109375
37 30 8 37 59 0.046875
37 30 10 37 61 0.09375
37 30 12 37 63 0.03125
37 30 13 37 64 0.09375
37 30 14 37 65 0.078125
37 30 15 37 29 0.015625
37 30 18 37 26 0.015625
37 38 0 37 59 0.046875
37 38 1 37 60 0.09375
37 38 2 37 61 0.015625
37 38 3 37 62 0.09375
37 38 4 37 63 0.0625
37 38 5 37 64 0.046875
37 38 7 37 7 0.09375
37 38 8 37 8 0.09375
37 38 9 37 9 0.09375
37 38 10 37 10 0.09375
37 38 11 37 11 0.09375
37 38 15 37 55 0.078125
37 38 17 37 57 0.09375
38 39 6 38 45 0.0625
38 39 7 38 46 0.0625
38 39 8 38 47 0.046875
38 39 9 38 48 0.046875
38 39 10 38 49 0.0625
38 39 11 38 50 0.0625
38 39 12 38 51 0.0625
38 39 14 38 67 0.0625
38 39 15 38 68 0.0625
38 39 16 38 69 0.0625
38 39 17 38 70 0.0625
38 39 18 38 71 0.0625
38 39 19 38 72 0.0625
38 39 21 38 74 0.046875
38 39 23 38 76 0.0625
38 39 24 38 77 0.046875
38 39 25 38 78 0.0625
39 40 2 39 14 0.015625
39 40 7 39 46 0.015625
39 40 8 39 47 0.015625
39 40 9 39 48 0.03125
39 40 10 39 49 0.046875
39 40 11 39 50 0.046875
39 40 12 39 51 0.03125
39 40 13 39 66 0.0625
39 40 14 39 67 0.0625
39 40 15 39 68 0.0625
39 40 16 39 69 0.0625
39 40 17 39 70 0.0625
39 40 18 39 71 0.0625
39 40 19 39 72 0.0625
39 40 20 39 73 0.046875
39 40 22 39 75 0.0625
39 40 23 39 76 0.0625
39 40 24 39 77 0.0625
39 40 25 39 78 0.0625
39 40 26 39 79 0.0625
40 41 2 40 14 0.046875
40 41 3 40 15 0.015625
40 41 8 40 47 0.015625
40 41 9 40 48 0.015625
40 41 10 40 49 0.03125
40 41 11 40 50 0.046875
40 41 12 40 51 0.046875
40 41 13 40 66 0.0625
40 41 14 40 67 0.0625
40 41 15 40 68 0.0625
40 41 16 40 69 0.0625
40 41 17 40 70 0.0625
40 41 18 40 71 0.0625
40 41 19 40 72 0.0625
40 41 20 40 73 0.0625
40 41 21 40 74 0.0625
40 41 23 40 76 0.03125
40 41 24 40 77 0.0625
40 41 25 40 78 0.0625
40 41 26 40 79 0.0625
41 32 1 41 67 0.078125
41 32 2 41 68 0.09375
41 32 3 41 69 0.15625
41 32 5 41 71 0.15625
41 32 9 41 15 0.15625
41 32 10 41 16 0.03125
41 32 11 41 17 0.1875
41 32 22 41 48 0.046875
41 32 25 41 51 0.09375
41 42 0 41 12 0.015625
41 42 2 41 14 0.03125
41 42 6 41 45 0.0625
41 42 10 41 49 0.03125
41 42 11 41 50 0.046875
41 42 13 41 66 0.09375
41 42 14 41 67 0.046875
41 42 16 41 69 0.015625
41 42 17 41 70 0.09375
41 42 18 41 71 0.015625
41 42 19 41 72 0.09375
41 42 20 41 73 0.0625
41 42 21 41 74 0.09375
41 42 22 41 75 0.078125
41 42 24 41 77 0.046875
41 42 25 41 78 0.078125
41 42 26 41 79 0.09375
42 43 1 42 13 0.015625
42 43 2 42 14 0.03125
42 43 6 42 45 0.046875
42 43 7 42 46 0.015625
42 43 8 42 47 0.046875
42 43 11 42 50 0.015625
42 43 12 42 51 0.015625
42 43 13 42 66 0.0625
42 43 14 42 67 0.0625
42 43 15 42 68 0.0625
42 43 16 42 69 0.0625
42 43 17 42 70 0.0625
42 43 18 42 71 0.0625
42 43 19 42 72 0.0625
42 43 20 42 73 0.0625
42 43 21 42 74 0.0625
42 43 22 42 75 0.0625
42 43 23 42 76 0.0625
42 43 24 42 77 0.0625
42 43 26 42 79 0.0625
43 44 0 43 12 0.0625
43 44 6 43 45 0.0625
43 44 7 43 46 0.046875
43 44 9 43 48 0.046875
43 44 12 43 51 0.015625
43 44 13 43 66 0.0625
43 44 14 43 67 0.0625
43 44 15 43 68 0.0625
43 44 16 43 69 0.0625
43 44 17 43 70 0.0625
43 44 18 43 71 0.0625
43 44 19 43 72 0.0625
43 44 20 43 73 0.015625
43 44 21 43 74 0.0625
43 44 22 43 75 0.0625
43 44 23 43 76 0.0625
43 44 24 43 77 0.0625
43 44 26 43 79 0.0625
44 36 1 44 67 0.09375
44 36 2 44 68 0.078125
44 36 3 44 69 0.03125
44 36 4 44 70 0.1875
44 36 5 44 71 0.03125
44 36 6 44 12 0.1875
44 36 7 44 13 0.1875
44 36 8 44 14 0.171875
44 36 9 44 15 0.03125
44 38 6 44 45 0.1875
44 38 7 44 46 0.171875
44 38 8 44 47 0.125
44 38 9 44 48 0.015625
44 38 10 44 49 0.15625
44 38 12 44 51 0.15625
44 38 13 44 66 0.1875
44 45 6 44 71 0.15625
44 45 7 44 72 0.171875
44 45 8 44 73 0.140625
44 45 9 44 74 0.078125
44 45 10 44 75 0.171875
44 45 11 44 76 0.0625
44 45 12 44 77 0.171875
44 45 13 44 78 0.046875
45 46 8 45 40 0.078125
45 46 9 45 41 0.078125
45 46 10 45 42 0.015625
45 46 11 45 43 0.015625
45 46 15 45 68 0.09375
45 46 16 45 69 0.0625
45 46 17 45 70 0.046875
45 46 18 45 71 0.078125
45 46 20 45 73 0.046875
45 46 21 45 74 0.09375
45 46 22 45 75 0.0625
45 46 23 45 76 0.09375
45 46 24 45 77 0.046875
45 46 25 45 78 0.09375
45 46 26 45 79 0.09375
46 42 0 46 42 0.171875
46 42 3 46 68 0.171875
46 42 4 46 69 0.140625
46 42 6 46 71 0.15625
46 42 8 46 73 0.046875
46 42 10 46 75 0.046875
46 42 11 46 76 0.171875
46 42 12 46 77 0.078125
46 42 13 46 78 0.015625
46 47 5 46 23 0.03125
46 47 8 46 40 0.0625
46 47 9 46 41 0.078125
46 47 11 46 43 0.046875
46 47 12 46 44 0.03125
46 47 13 46 66 0.09375
46 47 16 46 69 0.015625
46 47 17 46 70 0.09375
46 47 18 46 71 0.015625
46 47 19 46 72 0.09375
46 47 20 46 73 0.0625
46 47 21 46 74 0.09375
46 47 22 46 75 0.0625
46 47 24 46 77 0.046875
46 47 25 46 78 0.078125
46 47 26 46 79 0.09375
47 48 4 47 22 0.046875
47 48 6 47 38 0.015625
47 48 8 47 40 0.046875
47 48 9 47 41 0.046875
47 48 10 47 42 0.0625
47 48 11 47 43 0.015625
47 48 12 47 44 0.046875
47 48 13 47 66 0.015625
47 48 14 47 67 0.0625
47 48 16 47 69 0.015625
47 48 17 47 70 0.0625
47 48 18 47 71 0.0625
47 48 19 47 72 0.0625
47 48 20 47 73 0.0625
47 48 21 47 74 0.0625
47 48 22 47 75 0.0625
47 48 23 47 76 0.0625
47 48 24 47 77 0.0625
47 48 25 47 78 0.0625
47 48 26 47 79 0.0625
48 49 5 48 23 0.046875
48 49 7 48 39 0.015625
48 49 8 48 40 0.03125
48 49 9 48 41 0.046875
48 49 10 48 42 0.046875
48 49 11 48 43 0.0625
48 49 13 48 66 0.0625
48 49 14 48 67 0.0625
48 49 15 48 68 0.0625
48 49 18 48 71 0.0625
48 49 19 48 72 0.0625
48 49 20 48 73 0.0625
48 49 21 48 74 0.0625
48 49 22 48 75 0.0625
48 49 23 48 76 0.0625
48 49 24 48 77 0.0625
48 49 25 48 78 0.0625
48 49 26 48 79 0.0625
49 50 1 49 19 0.0625
49 50 8 49 40 0.015625
49 50 9 49 41 0.03125
49 50 10 49 42 0.03125
49 50 11 49 43 0.046875
49 50 12 49 44 0.0625
49 50 13 49 66 0.0625
49 50 14 49 67 0.0625
49 50 15 49 68 0.0625
49 50 16 49 69 0.0625
49 50 19 49 72 0.0625
49 50 20 49 73 0.0625
49 50 21 49 74 0.0625
49 50 22 49 75 0.0625
49 50 23 49 76 0.0625
49 50 24 49 77 0.0625
49 50 25 49 78 0.0625
49 50 26 49 79 0.0625
50 51 1 50 19 0.0625
50 51 2 50 20 0.0625
50 51 9 50 41 0.015625
50 51 10 50 42 0.03125
50 51 11 50 43 0.03125
50 51 12 50 44 0.015625
50 51 13 50 66 0.0625
50 51 14 50 67 0.0625
50 51 15 50 68 0.0625
50 51 16 50 69 0.0625
50 51 17 50 70 0.0625
50 51 19 50 72 0.03125
50 51 20 50 73 0.0625
50 51 21 50 74 0.0625
50 51 22 50 75 0.0625
50 51 23 50 76 0.0625
50 51 24 50 77 0.0625
50 51 25 50 78 0.0625
50 51 26 50 79 0.0625
51 52 1 51 19 0.0625
51 52 2 51 20 0.0625
51 52 3 51 21 0.0625
51 52 4 51 22 0.0625
51 52 6 51 78 0.046875
51 52 7 51 73 0.0625
51 52 8 51 74 0.0625
51 52 9 51 75 0.0625
51 52 10 51 76 0.0625
51 52 11 51 77 0.0625
51 52 14 51 67 0.0625
51 52 15 51 68 0.0625
51 52 16 51 69 0.03125
51 52 17 51 70 0.03125
51 52 18 51 71 0.0625
51 52 22 51 40 0.03125
51 52 23 51 41 0.015625
51 52 24 51 42 0.0625
51 52 25 51 43 0.03125
52 45 1 52 19 0.1875
52 45 2 52 20 0.109375
52 45 3 52 21 0.09375
52 45 4 52 22 0.171875
52 45 6 52 1 0.046875
52 45 7 52 2 0.109375
52 45 9 52 4 0.109375
52 45 11 52 0 0.140625
52 45 24 52 29 0.03125
52 53 1 52 1 0.046875
52 53 2 52 2 0.03125
52 53 3 52 3 0.09375
52 53 4 52 4 0.03125
52 53 5 52 5 0.09375
52 53 6 52 18 0.015625
52 53 8 52 20 0.03125
52 53 9 52 21 0.046875
52 53 14 52 26 0.015625
52 53 15 52 27 0.046875
52 53 16 52 28 0.0625
52 53 20 52 32 0.09375
52 53 21 52 33 0.09375
52 53 22 52 34 0.09375
52 53 23 52 35 0.0625
52 53 24 52 36 0.046875
52 53 25 52 37 0.09375
53 54 0 53 0 0.09375
53 54 2 53 2 0.046875
53 54 3 53 3 0.03125
53 54 4 53 4 0.09375
53 54 5 53 5 0.03125
53 54 6 53 18 0.0625
53 54 7 53 19 0.03125
53 54 8 53 20 0.09375
53 54 9 53 21 0.09375
53 54 10 53 22 0.046875
53 54 16 53 28 0.046875
53 54 17 53 29 0.0625
53 54 20 53 32 0.015625
53 54 21 53 33 0.015625
53 54 22 53 34 0.046875
53 54 23 53 35 0.09375
53 54 24 53 36 0.0625
53 54 25 53 37 0.03125
54 46 0 54 18 0.125
54 46 1 54 19 0.09375
54 46 2 54 20 0.15625
54 46 3 54 21 0.015625
54 46 4 54 22 0.140625
54 46 5 54 23 0.046875
54 46 6 54 1 0.09375
54 46 8 54 3 0.046875
54 46 10 54 5 0.09375
54 46 11 54 0 0.015625
54 46 15 54 34 0.0625
54 46 16 54 35 0.09375
54 46 17 54 36 0.015625
54 47 1 54 19 0.015625
54 47 2 54 20 0.03125
54 47 3 54 21 0.171875
54 47 4 54 22 0.03125
54 47 5 54 23 0.125
54 47 6 54 1 0.0625
54 47 8 54 3 0.046875
54 47 9 54 4 0.0625
54 47 10 54 5 0.09375
54 47 11 54 0 0.03125
54 47 13 54 32 0.140625
54 47 15 54 34 0.03125
54 47 17 54 36 0.15625
