0_77_100_200_0_0 50 150 0.586038 0.25697 1.23117 9.71473 180.026 4.22402
0_77_100_200_0_0 50 150 100 3631892 126693027000 34883.5 36318.9 1266930270 9.14759e+09
0_77_100_200_1_1 50 150 0.586038 0.25697 1.23117 9.71473 180.026 4.22402
0_77_100_200_1_1 50 150 100 3631892 126693027000 34883.5 36318.9 1266930270 9.14759e+09
0_77_100_200_2_2 50 150 0.585367 0.256667 1.23214 9.70291 222.446 4.20746
0_77_100_200_2_2 50 150 100 3631836 126822814500 34919.8 36318.4 1268228145 9.36981e+09
0_77_100_200_3_3 50 150 0.590363 0.25788 1.24792 9.73461 180.046 4.26192
0_77_100_200_3_3 50 150 100 3633894 127001236500 34949.1 36338.9 1270012365 9.48256e+09
0_77_100_200_4_4 50 150 0.576284 0.255184 1.20036 9.62087 223.29 4.1062
0_77_100_200_4_4 50 150 100 3630642 126686100000 34893.6 36306.4 1266861000 9.08646e+09
0_77_100_200_5_5 50 150 0.58371 0.255576 1.22688 9.69254 220.01 4.19197
0_77_100_200_5_5 50 150 100 3632638 126388716000 34792.5 36326.4 1263887160 9.13303e+09
0_77_100_200_6_6 50 150 0.576443 0.254605 1.19196 9.6098 360.002 4.09147
0_77_100_200_6_6 50 150 100 3630602 126621345000 34876.1 36306 1266213450 9.07954e+09
0_77_100_200_7_7 50 150 0.585577 0.256312 1.22868 9.71776 161.377 4.20125
0_77_100_200_7_7 50 150 100 3630241 126619294500 34879 36302.4 1266192945 9.30562e+09
0_77_100_200_8_8 50 150 0.586452 0.257144 1.24242 9.71685 309.991 4.22803
0_77_100_200_8_8 50 150 100 3631312 126797515500 34917.8 36313.1 1267975155 9.35143e+09
0_77_100_200_9_9 50 150 0.587507 0.257047 1.2371 9.73069 230.028 4.22975
0_77_100_200_9_9 50 150 100 3631984 127092342000 34992.5 36319.8 1270923420 9.35585e+09
