112_5_10_200_0_49 50 150 0.511688 0.161859 0.89083 10.0797 187.607 4.05193
112_5_10_200_0_49 50 150 100 3645185 126789607500 34782.8 36451.8 1267896075 7.66352e+09
112_5_10_200_50_99 50 150 0.504399 0.161017 0.872658 9.99806 162.364 3.93128
112_5_10_200_50_99 50 150 100 3645004 126677893500 34753.8 36450 1266778935 7.50042e+09
112_5_10_200_100_149 50 150 0.503532 0.160565 0.860323 9.99437 161.845 3.89136
112_5_10_200_100_149 50 150 100 3643666 126510787500 34720.7 36436.7 1265107875 7.53331e+09
112_5_10_200_150_199 50 150 0.521073 0.162156 0.90393 10.1088 412.904 4.11709
112_5_10_200_150_199 50 150 100 3644740 127050330000 34858.5 36447.4 1270503300 8.10285e+09
112_5_10_200_200_249 50 150 0.513969 0.160496 0.879011 10.0924 164.981 4.00061
112_5_10_200_200_249 50 150 100 3645744 127051650000 34849.3 36457.4 1270516500 7.88274e+09
112_5_10_200_250_299 50 150 0.51299 0.160827 0.870117 10.0974 257.253 3.98573
112_5_10_200_250_299 50 150 100 3644678 126655695000 34750.9 36446.8 1266556950 7.78312e+09
112_5_10_200_300_349 50 150 0.517474 0.161883 0.901873 10.0843 159.698 4.10195
112_5_10_200_300_349 50 150 100 3646095 126908509500 34806.7 36460.9 1269085095 7.7862e+09
112_5_10_200_350_399 50 150 0.513361 0.161827 0.885581 10.0634 252.436 4.0267
112_5_10_200_350_399 50 150 100 3647573 126866514000 34781.1 36475.7 1268665140 7.86389e+09
112_5_10_200_400_449 50 150 0.509521 0.160983 0.871575 10.0349 211.453 3.95255
112_5_10_200_400_449 50 150 100 3646609 126813057000 34775.6 36466.1 1268130570 7.74258e+09
112_5_10_200_450_499 50 150 0.504431 0.160309 0.862423 9.96766 338.469 3.88446
112_5_10_200_450_499 50 150 100 3645798 126372223500 34662.4 36458 1263722235 7.53115e+09
