22_0_0_100_0_0 25 75 0.451183 0.0923217 0.469602 9.83489 92.3149 2.23267
22_0_0_100_0_0 25 75 50 25369 883821000 34838.6 507.38 17676420 7.01158e+07
22_0_0_100_1_1 25 75 0.451183 0.0923217 0.469602 9.83489 92.3149 2.23267
22_0_0_100_1_1 25 75 50 25369 883821000 34838.6 507.38 17676420 7.01158e+07
22_0_0_100_2_2 25 75 0.624526 0.0938839 0.548612 10.77 110.044 3.04002
22_0_0_100_2_2 25 75 50 25296 884350500 34960.1 505.92 17687010 7.82108e+07
22_0_0_100_3_3 25 75 0.568198 0.0908063 0.538461 11.5557 122.913 3.09209
22_0_0_100_3_3 25 75 50 25305 862924500 34100.9 506.1 17258490 8.25427e+07
22_0_0_100_4_4 25 75 0.334927 0.0956266 0.516877 7.92846 64.4967 2.02755
22_0_0_100_4_4 25 75 50 25353 917812500 36201.3 507.06 18356250 6.16084e+07
22_0_0_100_5_5 25 75 0.753288 0.0935847 0.60103 15.3599 119.195 3.89063
22_0_0_100_5_5 25 75 50 25308 931135500 36792.1 506.16 18622710 1.35021e+08
22_0_0_100_6_6 25 75 0.486504 0.0936192 0.519793 10.8904 72.8594 2.91219
22_0_0_100_6_6 25 75 50 25385 884070000 34826.5 507.7 17681400 7.32424e+07
22_0_0_100_7_7 25 75 0.562619 0.0990591 0.571532 12.0774 98.065 3.44181
22_0_0_100_7_7 25 75 50 25366 918670500 36216.6 507.32 18373410 7.62845e+07
22_0_0_100_8_8 25 75 0.711784 0.0978322 0.605789 14.6764 110.073 3.9605
22_0_0_100_8_8 25 75 50 25508 877053000 34383.4 510.16 17541060 6.89201e+07
22_0_0_100_9_9 25 75 0.469769 0.0922907 0.476485 10.1261 97.9253 2.37269
22_0_0_100_9_9 25 75 50 25177 847219500 33650.5 503.54 16944390 5.51852e+07
