1_41875_100000_100_0_0 25 75 0.47484 0.106081 0.544149 9.74423 164.47 2.61991
1_41875_100000_100_0_0 25 75 50 418919 14688310500 35062.4 8378.38 293766210 1.37902e+09
1_41875_100000_100_1_1 25 75 0.47484 0.106081 0.544149 9.74423 164.47 2.61991
1_41875_100000_100_1_1 25 75 50 418919 14688310500 35062.4 8378.38 293766210 1.37902e+09
1_41875_100000_100_2_2 25 75 0.472436 0.104548 0.54318 9.55468 125.025 2.55198
1_41875_100000_100_2_2 25 75 50 419174 14553627000 34719.8 8383.48 291072540 1.2362e+09
1_41875_100000_100_3_3 25 75 0.490158 0.104216 0.548725 9.7661 133.338 2.60923
1_41875_100000_100_3_3 25 75 50 418827 14744641500 35204.6 8376.54 294892830 1.42377e+09
1_41875_100000_100_4_4 25 75 0.462021 0.106805 0.553882 9.71055 112.627 2.63506
1_41875_100000_100_4_4 25 75 50 418348 14729749500 35209.3 8366.96 294594990 1.31798e+09
1_41875_100000_100_5_5 25 75 0.438572 0.104748 0.540227 9.27864 129.441 2.50838
1_41875_100000_100_5_5 25 75 50 419064 14617587000 34881.5 8381.28 292351740 1.29742e+09
1_41875_100000_100_6_6 25 75 0.464532 0.105858 0.56506 9.75727 121.174 2.751
1_41875_100000_100_6_6 25 75 50 418085 14632716000 34999.4 8361.7 292654320 1.30966e+09
1_41875_100000_100_7_7 25 75 0.423178 0.104288 0.531307 9.05207 110.013 2.332
1_41875_100000_100_7_7 25 75 50 418407 14483994000 34617 8368.14 289679880 1.17457e+09
1_41875_100000_100_8_8 25 75 0.464843 0.10603 0.545763 9.63669 170.108 2.56898
1_41875_100000_100_8_8 25 75 50 418075 14675233500 35101.9 8361.5 293504670 1.38599e+09
1_41875_100000_100_9_9 25 75 0.452128 0.105938 0.541537 9.18972 135.138 2.47294
1_41875_100000_100_9_9 25 75 50 418051 14573100000 34859.6 8361.02 291462000 1.29159e+09
