0 1 2 0 55 0.171875
0 1 17 0 54 0.15625
0 1 18 0 56 0.171875
0 1 19 0 57 0.171875
0 1 20 0 58 0.171875
0 1 21 0 18 0.15625
1 2 2 1 55 0.1875
1 2 17 1 54 0.0625
1 2 18 1 56 0.1875
1 2 19 1 57 0.1875
1 2 20 1 58 0.1875
1 2 21 1 18 0.1875
2 3 2 2 55 0.1875
2 3 17 2 54 0.0625
2 3 18 2 56 0.1875
2 3 19 2 57 0.1875
2 3 20 2 58 0.1875
2 3 21 2 18 0.1875
3 4 2 3 55 0.1875
3 4 17 3 54 0.0625
3 4 18 3 56 0.1875
3 4 19 3 57 0.1875
3 4 20 3 58 0.1875
3 4 21 3 18 0.1875
4 5 2 4 55 0.171875
4 5 10 4 52 0.125
4 5 17 4 54 0.0625
4 5 18 4 56 0.15625
4 5 19 4 57 0.15625
4 5 20 4 58 0.15625
4 5 21 4 18 0.171875
5 6 0 5 24 0.001953125
5 6 1 5 24 0.001953125
5 6 2 5 24 9.765625E-4
5 6 3 5 24 9.765625E-4
5 6 4 5 24 9.765625E-4
5 6 5 5 24 0.001953125
5 6 6 5 24 0.001953125
5 6 7 5 24 0.0068359375
5 6 8 5 24 0.009765625
5 6 9 5 24 0.0107421875
5 6 10 5 24 0.00390625
5 6 11 5 24 0.00390625
5 6 12 5 24 0.0048828125
5 6 13 5 24 0.01171875
5 6 14 5 25 0.00732421875
5 6 15 5 25 0.00732421875
5 6 16 5 25 0.00732421875
5 6 17 5 25 0.00732421875
5 6 18 5 25 0.00732421875
5 6 19 5 25 0.00732421875
5 6 20 5 25 0.00732421875
5 6 21 5 25 0.00244140625
5 6 22 5 25 0.0048828125
5 6 23 5 25 0.0048828125
5 6 24 5 25 0.003662109375
5 6 25 5 25 0.003662109375
5 6 26 5 25 0.00244140625
5 6 27 5 25 0.0048828125
5 6 28 5 55 0.00732421875
5 6 29 5 55 0.006591796875
5 6 30 5 55 0.006591796875
5 6 31 5 55 0.00732421875
5 6 32 5 55 0.00732421875
5 6 33 5 55 0.005859375
5 6 34 5 55 0.005859375
5 6 35 5 27 0.00732421875
5 6 36 5 27 0.00732421875
5 6 37 5 27 0.00732421875
5 6 38 5 27 0.00732421875
5 6 39 5 27 0.00732421875
5 6 40 5 27 0.00732421875
5 6 41 5 27 0.00732421875
5 6 42 5 27 0.00244140625
5 6 43 5 27 0.0048828125
5 6 44 5 27 0.0048828125
5 6 45 5 27 0.003662109375
5 6 46 5 27 0.003662109375
5 6 47 5 27 0.00244140625
5 6 48 5 27 0.0048828125
5 6 49 5 30 0.00439453125
5 6 50 5 30 0.00439453125
5 6 51 5 30 0.005859375
5 6 52 5 30 0.005859375
5 6 53 5 30 0.005859375
5 6 54 5 30 0.00439453125
5 6 55 5 30 0.00439453125
5 6 57 5 30 0.0087890625
5 6 58 5 30 0.0087890625
5 6 59 5 30 0.0087890625
5 6 60 5 30 0.0087890625
5 6 61 5 30 0.0146484375
5 6 62 5 30 0.0087890625
5 6 63 5 29 0.00732421875
5 6 64 5 29 0.00732421875
5 6 65 5 29 0.00732421875
5 6 66 5 29 0.00732421875
5 6 67 5 29 0.00732421875
5 6 68 5 29 0.00732421875
5 6 69 5 29 0.00732421875
5 6 70 5 29 0.00244140625
5 6 71 5 29 0.0048828125
5 6 72 5 29 0.0048828125
5 6 73 5 29 0.003662109375
5 6 74 5 29 0.003662109375
5 6 75 5 29 0.00244140625
5 6 76 5 29 0.0048828125
5 6 77 5 53 0.017578125
5 6 78 5 53 0.01171875
5 6 79 5 53 0.01318359375
5 6 80 5 53 0.01025390625
5 6 81 5 53 0.01025390625
5 6 82 5 53 0.017578125
5 6 83 5 53 0.01318359375
5 6 84 5 52 0.013427734375
5 6 85 5 52 0.010986328125
5 6 86 5 52 0.010986328125
5 6 87 5 52 0.008544921875
5 6 88 5 52 0.008544921875
5 6 89 5 52 0.013427734375
5 6 90 5 52 0.01220703125
5 6 91 5 28 0.00732421875
5 6 92 5 28 0.00732421875
5 6 93 5 28 0.00732421875
5 6 94 5 28 0.00732421875
5 6 95 5 28 0.00732421875
5 6 96 5 28 0.00732421875
5 6 97 5 28 0.00732421875
5 6 98 5 28 0.00244140625
5 6 99 5 28 0.0048828125
5 6 100 5 28 0.0048828125
5 6 101 5 28 0.003662109375
5 6 102 5 28 0.003662109375
5 6 103 5 28 0.00244140625
5 6 104 5 28 0.0048828125
5 6 105 5 26 0.00732421875
5 6 106 5 26 0.00732421875
5 6 107 5 26 0.00732421875
5 6 108 5 26 0.00732421875
5 6 109 5 26 0.00732421875
5 6 110 5 26 0.00732421875
5 6 111 5 26 0.00732421875
5 6 112 5 26 0.00244140625
5 6 113 5 26 0.0048828125
5 6 114 5 26 0.0048828125
5 6 115 5 26 0.003662109375
5 6 116 5 26 0.003662109375
5 6 117 5 26 0.00244140625
5 6 118 5 26 0.0048828125
5 6 119 5 54 0.017578125
5 6 120 5 54 0.01171875
5 6 121 5 54 0.01318359375
5 6 122 5 54 0.01025390625
5 6 123 5 54 0.01025390625
5 6 124 5 54 0.01611328125
5 6 125 5 54 0.0146484375
5 6 126 5 56 0.00732421875
5 6 127 5 56 0.006591796875
5 6 128 5 56 0.006591796875
5 6 129 5 56 0.00732421875
5 6 130 5 56 0.00732421875
5 6 131 5 56 0.005859375
5 6 132 5 56 0.005859375
5 6 133 5 57 0.00732421875
5 6 134 5 57 0.006591796875
5 6 135 5 57 0.006591796875
5 6 136 5 57 0.00732421875
5 6 137 5 57 0.00732421875
5 6 138 5 57 0.005859375
5 6 139 5 57 0.005859375
5 6 140 5 58 0.00732421875
5 6 141 5 58 0.006591796875
5 6 142 5 58 0.006591796875
5 6 143 5 58 0.00732421875
5 6 144 5 58 0.00732421875
5 6 145 5 58 0.005859375
5 6 146 5 58 0.005859375
6 0 0 6 59 0.001953125
6 0 1 6 59 0.005859375
6 0 2 6 59 0.00537109375
6 0 3 6 59 0.001953125
6 0 4 6 59 0.00537109375
6 0 5 6 59 0.00537109375
6 0 6 6 59 0.00537109375
6 0 7 6 60 0.001953125
6 0 8 6 60 0.005859375
6 0 9 6 60 0.00537109375
6 0 10 6 60 0.001953125
6 0 11 6 60 0.00537109375
6 0 12 6 60 0.00537109375
6 0 13 6 60 0.00537109375
6 0 14 6 61 0.001953125
6 0 15 6 61 0.005859375
6 0 16 6 61 0.00537109375
6 0 17 6 61 0.001953125
6 0 18 6 61 0.00537109375
6 0 19 6 61 0.00537109375
6 0 20 6 61 0.00537109375
6 0 21 6 62 0.001953125
6 0 22 6 62 0.005859375
6 0 23 6 62 0.00537109375
6 0 24 6 62 0.001953125
6 0 25 6 62 0.00537109375
6 0 26 6 62 0.00537109375
6 0 27 6 62 0.00537109375
6 0 28 6 63 0.001953125
6 0 29 6 63 0.005859375
6 0 30 6 63 0.00537109375
6 0 31 6 63 0.001953125
6 0 32 6 63 0.00537109375
6 0 33 6 63 0.00537109375
6 0 34 6 63 0.00537109375
6 0 35 6 64 0.001953125
6 0 36 6 64 0.005859375
6 0 37 6 64 0.00537109375
6 0 38 6 64 0.001953125
6 0 39 6 64 0.00537109375
6 0 40 6 64 0.00537109375
6 0 41 6 64 0.00537109375
6 0 42 6 65 0.001953125
6 0 43 6 65 0.005859375
6 0 44 6 65 0.00537109375
6 0 45 6 65 0.001953125
6 0 46 6 65 0.00537109375
6 0 47 6 65 0.00537109375
6 0 48 6 65 0.00537109375
6 0 49 6 31 0.013671875
6 0 50 6 31 0.0078125
6 0 51 6 31 0.0078125
6 0 52 6 31 0.005859375
6 0 53 6 31 0.013671875
6 0 54 6 31 0.005859375
6 0 55 6 31 0.01171875
6 0 56 6 31 0.01171875
6 0 57 6 31 0.005859375
6 0 58 6 31 0.005859375
6 0 59 6 31 0.01171875
6 0 60 6 31 0.0078125
6 0 61 6 31 0.0078125
6 0 62 6 31 0.0078125
6 0 63 6 32 0.01171875
6 0 64 6 32 0.00390625
6 0 65 6 32 0.0078125
6 0 66 6 32 0.005859375
6 0 67 6 32 0.013671875
6 0 68 6 32 0.005859375
6 0 69 6 32 0.013671875
6 0 70 6 32 0.013671875
6 0 71 6 32 0.005859375
6 0 72 6 32 0.005859375
6 0 73 6 32 0.013671875
6 0 74 6 32 0.0078125
6 0 75 6 32 0.0078125
6 0 76 6 32 0.0078125
6 0 77 6 33 0.010986328125
6 0 78 6 33 0.00244140625
6 0 79 6 33 0.00244140625
6 0 80 6 33 0.00244140625
6 0 81 6 33 0.010986328125
6 0 82 6 33 0.001220703125
6 0 83 6 33 0.01220703125
6 0 84 6 33 0.01220703125
6 0 85 6 33 0.001220703125
6 0 86 6 33 0.00244140625
6 0 87 6 33 0.01220703125
6 0 88 6 33 0.00244140625
6 0 89 6 33 0.00244140625
6 0 90 6 33 0.00244140625
6 0 91 6 34 0.008544921875
6 0 92 6 34 0.005126953125
6 0 93 6 34 0.01025390625
6 0 94 6 34 0.005126953125
6 0 95 6 34 0.0068359375
6 0 96 6 34 0.005126953125
6 0 97 6 34 0.008544921875
6 0 98 6 34 0.01025390625
6 0 99 6 34 0.005126953125
6 0 100 6 34 0.005126953125
6 0 101 6 34 0.008544921875
6 0 102 6 34 0.01025390625
6 0 103 6 34 0.01025390625
6 0 104 6 34 0.01025390625
6 0 105 6 35 0.009765625
6 0 106 6 35 0.005859375
6 0 107 6 35 0.01171875
6 0 108 6 35 0.005859375
6 0 109 6 35 0.0078125
6 0 110 6 35 0.005859375
6 0 111 6 35 0.009765625
6 0 112 6 35 0.01171875
6 0 113 6 35 0.005859375
6 0 114 6 35 0.005859375
6 0 115 6 35 0.009765625
6 0 116 6 35 0.01171875
6 0 117 6 35 0.01171875
6 0 118 6 35 0.01171875
6 0 119 6 36 0.010986328125
6 0 120 6 36 0.006591796875
6 0 121 6 36 0.0087890625
6 0 122 6 36 0.0087890625
6 0 123 6 36 0.01318359375
6 0 124 6 36 0.0087890625
6 0 125 6 36 0.01318359375
6 0 126 6 36 0.01318359375
6 0 127 6 36 0.0087890625
6 0 128 6 36 0.0087890625
6 0 129 6 36 0.01318359375
6 0 130 6 36 0.0087890625
6 0 131 6 36 0.0087890625
6 0 132 6 36 0.0087890625
6 0 133 6 37 0.01220703125
6 0 134 6 37 0.001220703125
6 0 135 6 37 0.00244140625
6 0 136 6 37 0.001220703125
6 0 137 6 37 0.01220703125
6 0 138 6 37 0.001220703125
6 0 139 6 37 0.013427734375
6 0 140 6 37 0.01220703125
6 0 141 6 37 0.001220703125
6 0 142 6 37 0.001220703125
6 0 143 6 37 0.01220703125
6 0 144 6 37 0.00244140625
6 0 145 6 37 0.00244140625
6 0 146 6 37 0.00244140625
6 7 0 6 16 0.03125
6 7 1 6 59 0.046875
6 7 2 6 60 0.046875
6 7 3 6 61 0.046875
6 7 4 6 62 0.046875
6 7 5 6 63 0.046875
6 7 6 6 64 0.046875
6 7 7 6 65 0.046875
6 7 8 6 31 0.015625
6 7 9 6 32 0.015625
6 7 11 6 34 0.015625
6 7 12 6 35 0.015625
6 7 13 6 36 0.015625
6 7 15 6 12 0.03125
6 7 16 6 13 0.015625
6 7 17 6 14 0.03125
6 7 18 6 15 0.03125
6 7 19 6 17 0.015625
6 7 20 6 66 0.0625
6 7 21 6 67 0.0625
6 7 22 6 68 0.0625
6 7 23 6 69 0.0625
6 7 24 6 70 0.0625
6 7 25 6 71 0.0625
6 7 26 6 72 0.0625
7 8 1 7 59 0.125
7 8 2 7 60 0.125
7 8 3 7 61 0.125
7 8 4 7 62 0.125
7 8 5 7 63 0.125
7 8 6 7 64 0.125
7 8 7 7 65 0.125
7 8 8 7 31 0.125
8 0 0 8 59 0.001953125
8 0 1 8 59 0.005859375
8 0 2 8 59 0.00537109375
8 0 3 8 59 0.001953125
8 0 4 8 59 0.00537109375
8 0 5 8 59 0.00537109375
8 0 6 8 59 0.00537109375
8 0 7 8 60 0.001953125
8 0 8 8 60 0.005859375
8 0 9 8 60 0.00537109375
8 0 10 8 60 0.001953125
8 0 11 8 60 0.00537109375
8 0 12 8 60 0.00537109375
8 0 13 8 60 0.00537109375
8 0 14 8 61 0.001953125
8 0 15 8 61 0.005859375
8 0 16 8 61 0.00537109375
8 0 17 8 61 0.001953125
8 0 18 8 61 0.00537109375
8 0 19 8 61 0.00537109375
8 0 20 8 61 0.00537109375
8 0 21 8 62 0.001953125
8 0 22 8 62 0.005859375
8 0 23 8 62 0.00537109375
8 0 24 8 62 0.001953125
8 0 25 8 62 0.00537109375
8 0 26 8 62 0.00537109375
8 0 27 8 62 0.00537109375
8 0 28 8 63 0.001953125
8 0 29 8 63 0.005859375
8 0 30 8 63 0.00537109375
8 0 31 8 63 0.001953125
8 0 32 8 63 0.00537109375
8 0 33 8 63 0.00537109375
8 0 34 8 63 0.00537109375
8 0 35 8 64 0.001953125
8 0 36 8 64 0.005859375
8 0 37 8 64 0.00537109375
8 0 38 8 64 0.001953125
8 0 39 8 64 0.00537109375
8 0 40 8 64 0.00537109375
8 0 41 8 64 0.00537109375
8 0 42 8 65 0.001953125
8 0 43 8 65 0.005859375
8 0 44 8 65 0.00537109375
8 0 45 8 65 0.001953125
8 0 46 8 65 0.00537109375
8 0 47 8 65 0.00537109375
8 0 48 8 65 0.00537109375
8 0 49 8 31 0.015380859375
8 0 50 8 31 0.0087890625
8 0 51 8 31 0.0087890625
8 0 52 8 31 0.006591796875
8 0 53 8 31 0.015380859375
8 0 54 8 31 0.006591796875
8 0 55 8 31 0.01318359375
8 0 56 8 31 0.01318359375
8 0 57 8 31 0.006591796875
8 0 58 8 31 0.006591796875
8 0 59 8 31 0.01318359375
8 0 60 8 31 0.0087890625
8 0 61 8 31 0.0087890625
8 0 62 8 31 0.0087890625
8 0 63 8 32 0.0087890625
8 0 64 8 32 0.0029296875
8 0 65 8 32 0.005859375
8 0 66 8 32 0.00439453125
8 0 67 8 32 0.01025390625
8 0 68 8 32 0.00439453125
8 0 69 8 32 0.01025390625
8 0 70 8 32 0.01025390625
8 0 71 8 32 0.00439453125
8 0 72 8 32 0.00439453125
8 0 73 8 32 0.01025390625
8 0 74 8 32 0.005859375
8 0 75 8 32 0.005859375
8 0 76 8 32 0.005859375
8 0 77 8 33 0.010986328125
8 0 78 8 33 0.00244140625
8 0 79 8 33 0.00244140625
8 0 80 8 33 0.00244140625
8 0 81 8 33 0.010986328125
8 0 82 8 33 0.001220703125
8 0 83 8 33 0.01220703125
8 0 84 8 33 0.01220703125
8 0 85 8 33 0.001220703125
8 0 86 8 33 0.00244140625
8 0 87 8 33 0.01220703125
8 0 88 8 33 0.00244140625
8 0 89 8 33 0.00244140625
8 0 90 8 33 0.00244140625
8 0 91 8 34 0.009765625
8 0 92 8 34 0.005859375
8 0 93 8 34 0.01171875
8 0 94 8 34 0.005859375
8 0 95 8 34 0.0078125
8 0 96 8 34 0.005859375
8 0 97 8 34 0.009765625
8 0 98 8 34 0.01171875
8 0 99 8 34 0.005859375
8 0 100 8 34 0.005859375
8 0 101 8 34 0.009765625
8 0 102 8 34 0.01171875
8 0 103 8 34 0.01171875
8 0 104 8 34 0.01171875
8 0 105 8 35 0.009765625
8 0 106 8 35 0.005859375
8 0 107 8 35 0.01171875
8 0 108 8 35 0.005859375
8 0 109 8 35 0.0078125
8 0 110 8 35 0.005859375
8 0 111 8 35 0.009765625
8 0 112 8 35 0.01171875
8 0 113 8 35 0.005859375
8 0 114 8 35 0.005859375
8 0 115 8 35 0.009765625
8 0 116 8 35 0.01171875
8 0 117 8 35 0.01171875
8 0 118 8 35 0.01171875
8 0 119 8 36 0.010986328125
8 0 120 8 36 0.006591796875
8 0 121 8 36 0.0087890625
8 0 122 8 36 0.0087890625
8 0 123 8 36 0.01318359375
8 0 124 8 36 0.0087890625
8 0 125 8 36 0.01318359375
8 0 126 8 36 0.01318359375
8 0 127 8 36 0.0087890625
8 0 128 8 36 0.0087890625
8 0 129 8 36 0.01318359375
8 0 130 8 36 0.0087890625
8 0 131 8 36 0.0087890625
8 0 132 8 36 0.0087890625
8 0 133 8 37 0.01220703125
8 0 134 8 37 0.001220703125
8 0 135 8 37 0.00244140625
8 0 136 8 37 0.001220703125
8 0 137 8 37 0.01220703125
8 0 138 8 37 0.001220703125
8 0 139 8 37 0.013427734375
8 0 140 8 37 0.01220703125
8 0 141 8 37 0.001220703125
8 0 142 8 37 0.001220703125
8 0 143 8 37 0.01220703125
8 0 144 8 37 0.00244140625
8 0 145 8 37 0.00244140625
8 0 146 8 37 0.00244140625
8 9 0 8 16 0.015625
8 9 1 8 59 0.046875
8 9 2 8 60 0.046875
8 9 3 8 61 0.046875
8 9 4 8 62 0.046875
8 9 5 8 63 0.046875
8 9 6 8 64 0.0625
8 9 7 8 65 0.0625
8 9 8 8 31 0.015625
8 9 9 8 32 0.015625
8 9 11 8 34 0.015625
8 9 12 8 35 0.015625
8 9 13 8 36 0.015625
8 9 15 8 12 0.03125
8 9 16 8 13 0.015625
8 9 17 8 14 0.03125
8 9 18 8 15 0.015625
8 9 19 8 17 0.015625
8 9 20 8 66 0.0625
8 9 21 8 67 0.0625
8 9 22 8 68 0.0625
8 9 23 8 69 0.0625
8 9 24 8 70 0.0625
8 9 25 8 71 0.0625
8 9 26 8 72 0.0625
9 10 1 9 59 0.125
9 10 2 9 60 0.140625
9 10 3 9 61 0.140625
9 10 4 9 62 0.140625
9 10 5 9 63 0.140625
9 10 6 9 64 0.125
9 10 7 9 65 0.125
9 10 8 9 31 0.0625
10 11 1 10 59 0.125
10 11 2 10 60 0.140625
10 11 3 10 61 0.140625
10 11 4 10 62 0.140625
10 11 5 10 63 0.140625
10 11 6 10 64 0.125
10 11 7 10 65 0.125
10 11 8 10 31 0.0625
11 12 0 11 12 1.0
12 13 0 12 59 0.046875
12 13 1 12 60 0.046875
12 13 2 12 61 0.046875
12 13 3 12 62 0.046875
12 13 4 12 63 0.046875
12 13 5 12 64 0.046875
12 13 6 12 65 0.046875
12 13 7 12 38 0.015625
12 13 8 12 39 0.015625
12 13 9 12 40 0.015625
12 13 10 12 41 0.03125
12 13 11 12 42 0.03125
12 13 12 12 43 0.015625
12 13 13 12 44 0.015625
12 13 14 12 6 0.015625
12 13 15 12 7 0.03125
12 13 16 12 8 0.015625
12 13 17 12 9 0.03125
12 13 18 12 10 0.046875
12 13 19 12 11 0.046875
12 13 20 12 66 0.0625
12 13 21 12 67 0.046875
12 13 22 12 68 0.046875
12 13 23 12 69 0.046875
12 13 24 12 70 0.046875
12 13 25 12 71 0.046875
12 13 26 12 72 0.046875
13 8 0 13 8 1.0
13 14 13 13 44 0.125
13 14 20 13 66 0.125
13 14 21 13 67 0.125
13 14 22 13 68 0.125
13 14 23 13 69 0.125
13 14 24 13 70 0.125
13 14 25 13 71 0.125
13 14 26 13 72 0.125
14 6 0 14 6 1.0
14 15 0 14 59 0.046875
14 15 1 14 60 0.046875
14 15 2 14 61 0.046875
14 15 3 14 62 0.046875
14 15 4 14 63 0.046875
14 15 5 14 64 0.046875
14 15 6 14 65 0.046875
14 15 8 14 39 0.015625
14 15 9 14 40 0.015625
14 15 10 14 41 0.03125
14 15 11 14 42 0.03125
14 15 13 14 44 0.015625
14 15 14 14 6 0.015625
14 15 15 14 7 0.03125
14 15 16 14 8 0.015625
14 15 17 14 9 0.03125
14 15 18 14 10 0.046875
14 15 19 14 11 0.046875
14 15 20 14 66 0.0625
14 15 21 14 67 0.0625
14 15 22 14 68 0.0625
14 15 23 14 69 0.046875
14 15 24 14 70 0.046875
14 15 25 14 71 0.046875
14 15 26 14 72 0.046875
15 16 13 15 44 0.125
15 16 20 15 66 0.125
15 16 21 15 67 0.125
15 16 22 15 68 0.125
15 16 23 15 69 0.125
15 16 24 15 70 0.125
15 16 25 15 71 0.125
15 16 26 15 72 0.125
16 9 0 16 9 1.0
16 17 0 16 59 0.0625
16 17 1 16 60 0.0625
16 17 2 16 61 0.0625
16 17 3 16 62 0.0625
16 17 4 16 63 0.0625
16 17 5 16 64 0.046875
16 17 6 16 65 0.0625
16 17 8 16 39 0.015625
16 17 9 16 40 0.015625
16 17 10 16 41 0.015625
16 17 11 16 42 0.015625
16 17 13 16 44 0.015625
16 17 14 16 6 0.015625
16 17 15 16 7 0.03125
16 17 16 16 8 0.015625
16 17 17 16 9 0.015625
16 17 18 16 10 0.046875
16 17 19 16 11 0.046875
16 17 20 16 66 0.046875
16 17 21 16 67 0.046875
16 17 22 16 68 0.046875
16 17 23 16 69 0.046875
16 17 24 16 70 0.046875
16 17 25 16 71 0.046875
16 17 26 16 72 0.046875
17 18 0 17 38 0.0068359375
17 18 1 17 38 0.0068359375
17 18 2 17 38 0.005126953125
17 18 3 17 38 0.0068359375
17 18 4 17 38 0.0068359375
17 18 5 17 38 0.0068359375
17 18 6 17 38 0.005126953125
17 18 7 17 38 0.015380859375
17 18 8 17 38 0.015380859375
17 18 9 17 38 0.0068359375
17 18 10 17 38 0.0068359375
17 18 11 17 38 0.0068359375
17 18 12 17 38 0.0068359375
17 18 13 17 38 0.0068359375
17 18 14 17 39 0.008544921875
17 18 15 17 39 0.008544921875
17 18 16 17 39 0.008544921875
17 18 17 17 39 0.008544921875
17 18 18 17 39 0.008544921875
17 18 19 17 39 0.008544921875
17 18 20 17 39 0.008544921875
17 18 21 17 39 0.018798828125
17 18 22 17 39 0.011962890625
17 18 23 17 39 0.00341796875
17 18 24 17 39 0.00341796875
17 18 25 17 39 0.00341796875
17 18 26 17 39 0.00341796875
17 18 27 17 39 0.005126953125
17 18 28 17 40 0.00732421875
17 18 29 17 40 0.00732421875
17 18 30 17 40 0.006103515625
17 18 31 17 40 0.00732421875
17 18 32 17 40 0.00732421875
17 18 33 17 40 0.00732421875
17 18 34 17 40 0.006103515625
17 18 35 17 40 0.006103515625
17 18 36 17 40 0.0048828125
17 18 37 17 40 0.003662109375
17 18 38 17 40 0.003662109375
17 18 39 17 40 0.003662109375
17 18 40 17 40 0.003662109375
17 18 41 17 40 0.003662109375
17 18 42 17 41 0.00732421875
17 18 43 17 41 0.00732421875
17 18 44 17 41 0.006103515625
17 18 45 17 41 0.00732421875
17 18 46 17 41 0.00732421875
17 18 47 17 41 0.00732421875
17 18 48 17 41 0.006103515625
17 18 49 17 41 0.006103515625
17 18 50 17 41 0.0048828125
17 18 51 17 41 0.003662109375
17 18 52 17 41 0.003662109375
17 18 53 17 41 0.003662109375
17 18 54 17 41 0.003662109375
17 18 55 17 41 0.003662109375
17 18 56 17 42 0.00732421875
17 18 57 17 42 0.00732421875
17 18 58 17 42 0.006103515625
17 18 59 17 42 0.00732421875
17 18 60 17 42 0.00732421875
17 18 61 17 42 0.00732421875
17 18 62 17 42 0.006103515625
17 18 63 17 42 0.006103515625
17 18 64 17 42 0.0048828125
17 18 65 17 42 0.003662109375
17 18 66 17 42 0.003662109375
17 18 67 17 42 0.003662109375
17 18 68 17 42 0.003662109375
17 18 69 17 42 0.003662109375
17 18 70 17 43 0.005859375
17 18 71 17 43 0.005859375
17 18 72 17 43 0.005859375
17 18 73 17 43 0.00439453125
17 18 74 17 43 0.005859375
17 18 75 17 43 0.00439453125
17 18 76 17 43 0.005859375
17 18 77 17 43 0.0205078125
17 18 78 17 43 0.01318359375
17 18 79 17 43 0.00439453125
17 18 80 17 43 0.00439453125
17 18 81 17 43 0.00439453125
17 18 82 17 43 0.00439453125
17 18 83 17 43 0.00439453125
17 18 84 17 44 0.005859375
17 18 85 17 44 0.005859375
17 18 86 17 44 0.005859375
17 18 87 17 44 0.005859375
17 18 88 17 44 0.005859375
17 18 89 17 44 0.005859375
17 18 90 17 44 0.005859375
17 18 92 17 44 0.0263671875
17 18 93 17 44 0.00439453125
17 18 94 17 44 0.00439453125
17 18 95 17 44 0.005859375
17 18 96 17 44 0.005859375
17 18 97 17 44 0.005859375
17 18 98 17 66 0.0048828125
17 18 99 17 66 0.00390625
17 18 100 17 66 0.0107421875
17 18 101 17 66 0.0107421875
17 18 102 17 66 0.0107421875
17 18 103 17 66 0.0107421875
17 18 104 17 66 0.0107421875
17 18 105 17 67 0.0048828125
17 18 106 17 67 0.00390625
17 18 107 17 67 0.0107421875
17 18 108 17 67 0.0107421875
17 18 109 17 67 0.0107421875
17 18 110 17 67 0.0107421875
17 18 111 17 67 0.0107421875
17 18 112 17 68 0.003662109375
17 18 113 17 68 0.0029296875
17 18 114 17 68 0.008056640625
17 18 115 17 68 0.008056640625
17 18 116 17 68 0.008056640625
17 18 117 17 68 0.008056640625
17 18 118 17 68 0.008056640625
17 18 119 17 69 0.003662109375
17 18 120 17 69 0.0029296875
17 18 121 17 69 0.008056640625
17 18 122 17 69 0.008056640625
17 18 123 17 69 0.008056640625
17 18 124 17 69 0.008056640625
17 18 125 17 69 0.008056640625
17 18 126 17 70 0.003662109375
17 18 127 17 70 0.0029296875
17 18 128 17 70 0.008056640625
17 18 129 17 70 0.008056640625
17 18 130 17 70 0.008056640625
17 18 131 17 70 0.008056640625
17 18 132 17 70 0.008056640625
17 18 133 17 71 0.003662109375
17 18 134 17 71 0.0029296875
17 18 135 17 71 0.008056640625
17 18 136 17 71 0.008056640625
17 18 137 17 71 0.008056640625
17 18 138 17 71 0.008056640625
17 18 139 17 71 0.008056640625
17 18 140 17 72 0.003662109375
17 18 141 17 72 0.0029296875
17 18 142 17 72 0.008056640625
17 18 143 17 72 0.008056640625
17 18 144 17 72 0.008056640625
17 18 145 17 72 0.008056640625
17 18 146 17 72 0.008056640625
18 19 0 18 55 0.09375
18 19 1 18 0 0.09375
18 19 2 18 75 0.078125
18 19 3 18 76 0.078125
18 19 5 18 74 0.078125
18 19 7 18 79 0.078125
18 19 8 18 77 0.078125
18 19 9 18 78 0.078125
18 19 10 18 73 0.078125
18 19 12 18 56 0.09375
18 19 13 18 57 0.09375
18 19 14 18 58 0.078125
19 20 0 19 55 0.078125
19 20 1 19 0 0.078125
19 20 2 19 75 0.078125
19 20 3 19 76 0.078125
19 20 5 19 74 0.078125
19 20 7 19 79 0.078125
19 20 8 19 77 0.078125
19 20 9 19 78 0.078125
19 20 10 19 73 0.0625
19 20 12 19 56 0.078125
19 20 13 19 57 0.078125
19 20 14 19 58 0.078125
19 20 19 19 5 0.078125
20 21 0 20 55 0.078125
20 21 1 20 0 0.078125
20 21 2 20 75 0.078125
20 21 3 20 76 0.078125
20 21 5 20 74 0.078125
20 21 7 20 79 0.078125
20 21 8 20 77 0.078125
20 21 9 20 78 0.078125
20 21 10 20 73 0.0625
20 21 12 20 56 0.078125
20 21 13 20 57 0.078125
20 21 14 20 58 0.078125
20 21 19 20 5 0.078125
21 22 0 21 55 0.03125
21 22 1 21 0 0.0625
21 22 2 21 75 0.046875
21 22 3 21 76 0.046875
21 22 5 21 74 0.046875
21 22 7 21 79 0.046875
21 22 8 21 77 0.046875
21 22 9 21 78 0.046875
21 22 10 21 73 0.046875
21 22 12 21 56 0.03125
21 22 13 21 57 0.03125
21 22 14 21 58 0.03125
21 22 15 21 1 0.0625
21 22 16 21 2 0.046875
21 22 17 21 3 0.046875
21 22 18 21 4 0.046875
21 22 19 21 5 0.046875
21 22 20 21 45 0.046875
21 22 22 21 47 0.046875
21 22 23 21 48 0.046875
21 22 24 21 49 0.046875
21 22 25 21 50 0.046875
22 13 0 22 75 0.00146484375
22 13 1 22 75 0.006591796875
22 13 2 22 75 0.0087890625
22 13 3 22 75 0.0087890625
22 13 4 22 75 0.0087890625
22 13 5 22 75 0.00146484375
22 13 6 22 75 0.010986328125
22 13 7 22 76 0.00146484375
22 13 8 22 76 0.006591796875
22 13 9 22 76 0.0087890625
22 13 10 22 76 0.0087890625
22 13 11 22 76 0.0087890625
22 13 12 22 76 0.00146484375
22 13 13 22 76 0.010986328125
22 13 14 22 74 0.00146484375
22 13 15 22 74 0.006591796875
22 13 16 22 74 0.0087890625
22 13 17 22 74 0.0087890625
22 13 18 22 74 0.0087890625
22 13 19 22 74 0.00146484375
22 13 20 22 74 0.010986328125
22 13 21 22 79 0.00146484375
22 13 22 22 79 0.006591796875
22 13 23 22 79 0.0087890625
22 13 24 22 79 0.0087890625
22 13 25 22 79 0.0087890625
22 13 26 22 79 0.00146484375
22 13 27 22 79 0.010986328125
22 13 28 22 77 0.00146484375
22 13 29 22 77 0.006591796875
22 13 30 22 77 0.0087890625
22 13 31 22 77 0.0087890625
22 13 32 22 77 0.0087890625
22 13 33 22 77 0.00146484375
22 13 34 22 77 0.010986328125
22 13 35 22 78 0.00146484375
22 13 36 22 78 0.006591796875
22 13 37 22 78 0.0087890625
22 13 38 22 78 0.0087890625
22 13 39 22 78 0.0087890625
22 13 40 22 78 0.00146484375
22 13 41 22 78 0.010986328125
22 13 42 22 73 0.00146484375
22 13 43 22 73 0.006591796875
22 13 44 22 73 0.0087890625
22 13 45 22 73 0.0087890625
22 13 46 22 73 0.0087890625
22 13 47 22 73 0.00146484375
22 13 48 22 73 0.010986328125
22 13 49 22 45 0.018798828125
22 13 50 22 45 0.01708984375
22 13 51 22 45 0.013671875
22 13 52 22 45 0.015380859375
22 13 53 22 45 0.015380859375
22 13 54 22 45 0.0205078125
22 13 55 22 45 0.008544921875
22 13 63 22 46 0.008544921875
22 13 64 22 46 0.01708984375
22 13 65 22 46 0.025634765625
22 13 66 22 46 0.015380859375
22 13 67 22 46 0.015380859375
22 13 68 22 46 0.018798828125
22 13 69 22 46 0.008544921875
22 13 77 22 47 0.00244140625
22 13 78 22 47 0.00732421875
22 13 79 22 47 0.008544921875
22 13 80 22 47 0.006103515625
22 13 81 22 47 0.006103515625
22 13 82 22 47 0.00244140625
22 13 83 22 47 0.010986328125
22 13 84 22 47 0.0048828125
22 13 85 22 47 0.0048828125
22 13 86 22 47 0.0048828125
22 13 87 22 47 0.0048828125
22 13 88 22 47 0.0048828125
22 13 89 22 47 0.0048828125
22 13 90 22 47 0.0048828125
22 13 91 22 48 0.0029296875
22 13 92 22 48 0.0087890625
22 13 93 22 48 0.01025390625
22 13 94 22 48 0.00732421875
22 13 95 22 48 0.00732421875
22 13 96 22 48 0.0029296875
22 13 97 22 48 0.01318359375
22 13 98 22 48 0.005859375
22 13 99 22 48 0.005859375
22 13 100 22 48 0.005859375
22 13 101 22 48 0.005859375
22 13 102 22 48 0.005859375
22 13 103 22 48 0.005859375
22 13 104 22 48 0.005859375
22 13 105 22 49 0.0029296875
22 13 106 22 49 0.0087890625
22 13 107 22 49 0.01025390625
22 13 108 22 49 0.00732421875
22 13 109 22 49 0.00732421875
22 13 110 22 49 0.0029296875
22 13 111 22 49 0.01318359375
22 13 112 22 49 0.005859375
22 13 113 22 49 0.005859375
22 13 114 22 49 0.005859375
22 13 115 22 49 0.005859375
22 13 116 22 49 0.005859375
22 13 117 22 49 0.005859375
22 13 118 22 49 0.005859375
22 13 119 22 50 0.0029296875
22 13 120 22 50 0.0087890625
22 13 121 22 50 0.01025390625
22 13 122 22 50 0.00732421875
22 13 123 22 50 0.00732421875
22 13 124 22 50 0.0029296875
22 13 125 22 50 0.01318359375
22 13 126 22 50 0.005859375
22 13 127 22 50 0.005859375
22 13 128 22 50 0.005859375
22 13 129 22 50 0.005859375
22 13 130 22 50 0.005859375
22 13 131 22 50 0.005859375
22 13 132 22 50 0.005859375
22 13 133 22 51 0.0029296875
22 13 134 22 51 0.0087890625
22 13 135 22 51 0.01025390625
22 13 136 22 51 0.00732421875
22 13 137 22 51 0.00732421875
22 13 138 22 51 0.0029296875
22 13 139 22 51 0.01318359375
22 13 140 22 51 0.005859375
22 13 141 22 51 0.005859375
22 13 142 22 51 0.005859375
22 13 143 22 51 0.005859375
22 13 144 22 51 0.005859375
22 13 145 22 51 0.005859375
22 13 146 22 51 0.005859375
22 15 0 22 75 0.00146484375
22 15 1 22 75 0.006591796875
22 15 2 22 75 0.009521484375
22 15 3 22 75 0.0087890625
22 15 4 22 75 0.0087890625
22 15 5 22 75 7.32421875E-4
22 15 6 22 75 0.010986328125
22 15 7 22 76 0.00146484375
22 15 8 22 76 0.006591796875
22 15 9 22 76 0.009521484375
22 15 10 22 76 0.0087890625
22 15 11 22 76 0.0087890625
22 15 12 22 76 7.32421875E-4
22 15 13 22 76 0.010986328125
22 15 14 22 74 0.00146484375
22 15 15 22 74 0.006591796875
22 15 16 22 74 0.009521484375
22 15 17 22 74 0.0087890625
22 15 18 22 74 0.0087890625
22 15 19 22 74 7.32421875E-4
22 15 20 22 74 0.010986328125
22 15 21 22 79 0.00146484375
22 15 22 22 79 0.006591796875
22 15 23 22 79 0.009521484375
22 15 24 22 79 0.0087890625
22 15 25 22 79 0.0087890625
22 15 26 22 79 7.32421875E-4
22 15 27 22 79 0.010986328125
22 15 28 22 77 0.00146484375
22 15 29 22 77 0.006591796875
22 15 30 22 77 0.009521484375
22 15 31 22 77 0.0087890625
22 15 32 22 77 0.0087890625
22 15 33 22 77 7.32421875E-4
22 15 34 22 77 0.010986328125
22 15 35 22 78 0.00146484375
22 15 36 22 78 0.006591796875
22 15 37 22 78 0.009521484375
22 15 38 22 78 0.0087890625
22 15 39 22 78 0.0087890625
22 15 40 22 78 7.32421875E-4
22 15 41 22 78 0.010986328125
22 15 42 22 73 0.00146484375
22 15 43 22 73 0.006591796875
22 15 44 22 73 0.009521484375
22 15 45 22 73 0.0087890625
22 15 46 22 73 0.0087890625
22 15 47 22 73 7.32421875E-4
22 15 48 22 73 0.010986328125
22 15 49 22 45 0.018798828125
22 15 50 22 45 0.01708984375
22 15 51 22 45 0.013671875
22 15 52 22 45 0.015380859375
22 15 53 22 45 0.015380859375
22 15 54 22 45 0.0205078125
22 15 55 22 45 0.008544921875
22 15 63 22 46 0.008544921875
22 15 64 22 46 0.01708984375
22 15 65 22 46 0.025634765625
22 15 66 22 46 0.015380859375
22 15 67 22 46 0.015380859375
22 15 68 22 46 0.018798828125
22 15 69 22 46 0.008544921875
22 15 77 22 47 0.00244140625
22 15 78 22 47 0.00732421875
22 15 79 22 47 0.008544921875
22 15 80 22 47 0.006103515625
22 15 81 22 47 0.006103515625
22 15 82 22 47 0.00244140625
22 15 83 22 47 0.010986328125
22 15 84 22 47 0.0048828125
22 15 85 22 47 0.0048828125
22 15 86 22 47 0.0048828125
22 15 87 22 47 0.0048828125
22 15 88 22 47 0.0048828125
22 15 89 22 47 0.0048828125
22 15 90 22 47 0.0048828125
22 15 91 22 48 0.0029296875
22 15 92 22 48 0.0087890625
22 15 93 22 48 0.01025390625
22 15 94 22 48 0.00732421875
22 15 95 22 48 0.00732421875
22 15 96 22 48 0.0029296875
22 15 97 22 48 0.01318359375
22 15 98 22 48 0.005859375
22 15 99 22 48 0.005859375
22 15 100 22 48 0.005859375
22 15 101 22 48 0.005859375
22 15 102 22 48 0.005859375
22 15 103 22 48 0.005859375
22 15 104 22 48 0.005859375
22 15 105 22 49 0.0029296875
22 15 106 22 49 0.0087890625
22 15 107 22 49 0.01025390625
22 15 108 22 49 0.00732421875
22 15 109 22 49 0.00732421875
22 15 110 22 49 0.0029296875
22 15 111 22 49 0.01318359375
22 15 112 22 49 0.005859375
22 15 113 22 49 0.005859375
22 15 114 22 49 0.005859375
22 15 115 22 49 0.005859375
22 15 116 22 49 0.005859375
22 15 117 22 49 0.005859375
22 15 118 22 49 0.005859375
22 15 119 22 50 0.0029296875
22 15 120 22 50 0.0087890625
22 15 121 22 50 0.01025390625
22 15 122 22 50 0.00732421875
22 15 123 22 50 0.00732421875
22 15 124 22 50 0.0029296875
22 15 125 22 50 0.01318359375
22 15 126 22 50 0.005859375
22 15 127 22 50 0.005859375
22 15 128 22 50 0.005859375
22 15 129 22 50 0.005859375
22 15 130 22 50 0.005859375
22 15 131 22 50 0.005859375
22 15 132 22 50 0.005859375
22 15 133 22 51 0.0029296875
22 15 134 22 51 0.0087890625
22 15 135 22 51 0.01025390625
22 15 136 22 51 0.00732421875
22 15 137 22 51 0.00732421875
22 15 138 22 51 0.0029296875
22 15 139 22 51 0.01318359375
22 15 140 22 51 0.005859375
22 15 141 22 51 0.005859375
22 15 142 22 51 0.005859375
22 15 143 22 51 0.005859375
22 15 144 22 51 0.005859375
22 15 145 22 51 0.005859375
22 15 146 22 51 0.005859375
22 23 0 22 55 0.046875
22 23 1 22 0 0.078125
22 23 2 22 75 0.046875
22 23 3 22 76 0.046875
22 23 5 22 74 0.046875
22 23 7 22 79 0.03125
22 23 8 22 77 0.03125
22 23 9 22 78 0.03125
22 23 10 22 73 0.046875
22 23 12 22 56 0.046875
22 23 13 22 57 0.046875
22 23 14 22 58 0.046875
22 23 15 22 1 0.078125
22 23 16 22 2 0.078125
22 23 17 22 3 0.078125
22 23 18 22 4 0.078125
22 23 19 22 5 0.078125
22 23 22 22 47 0.015625
22 23 23 22 48 0.015625
22 23 24 22 49 0.015625
22 23 25 22 50 0.015625
23 17 0 23 75 9.765625E-4
23 17 1 23 75 0.0048828125
23 17 2 23 75 0.00537109375
23 17 3 23 75 0.00634765625
23 17 4 23 75 0.005859375
23 17 5 23 75 4.8828125E-4
23 17 6 23 75 0.00732421875
23 17 7 23 76 9.765625E-4
23 17 8 23 76 0.0048828125
23 17 9 23 76 0.00537109375
23 17 10 23 76 0.00634765625
23 17 11 23 76 0.005859375
23 17 12 23 76 4.8828125E-4
23 17 13 23 76 0.00732421875
23 17 14 23 74 9.765625E-4
23 17 15 23 74 0.0048828125
23 17 16 23 74 0.00537109375
23 17 17 23 74 0.00634765625
23 17 18 23 74 0.005859375
23 17 19 23 74 4.8828125E-4
23 17 20 23 74 0.00732421875
23 17 21 23 79 9.765625E-4
23 17 22 23 79 0.0048828125
23 17 23 23 79 0.00537109375
23 17 24 23 79 0.00634765625
23 17 25 23 79 0.005859375
23 17 26 23 79 4.8828125E-4
23 17 27 23 79 0.00732421875
23 17 28 23 77 9.765625E-4
23 17 29 23 77 0.0048828125
23 17 30 23 77 0.00537109375
23 17 31 23 77 0.00634765625
23 17 32 23 77 0.005859375
23 17 33 23 77 4.8828125E-4
23 17 34 23 77 0.00732421875
23 17 35 23 78 9.765625E-4
23 17 36 23 78 0.0048828125
23 17 37 23 78 0.00537109375
23 17 38 23 78 0.00634765625
23 17 39 23 78 0.005859375
23 17 40 23 78 4.8828125E-4
23 17 41 23 78 0.00732421875
23 17 42 23 73 9.765625E-4
23 17 43 23 73 0.0048828125
23 17 44 23 73 0.00537109375
23 17 45 23 73 0.00634765625
23 17 46 23 73 0.005859375
23 17 47 23 73 4.8828125E-4
23 17 48 23 73 0.00732421875
23 17 49 23 45 0.019775390625
23 17 50 23 45 0.015380859375
23 17 51 23 45 0.015380859375
23 17 52 23 45 0.017578125
23 17 53 23 45 0.017578125
23 17 54 23 45 0.019775390625
23 17 55 23 45 0.01318359375
23 17 56 23 45 0.00439453125
23 17 57 23 45 0.00439453125
23 17 58 23 45 0.00439453125
23 17 59 23 45 0.002197265625
23 17 60 23 45 0.002197265625
23 17 61 23 45 0.002197265625
23 17 62 23 45 0.002197265625
23 17 63 23 46 0.010986328125
23 17 64 23 46 0.015380859375
23 17 65 23 46 0.0263671875
23 17 66 23 46 0.017578125
23 17 67 23 46 0.017578125
23 17 68 23 46 0.019775390625
23 17 69 23 46 0.01318359375
23 17 70 23 46 0.00439453125
23 17 71 23 46 0.00439453125
23 17 72 23 46 0.002197265625
23 17 73 23 46 0.002197265625
23 17 74 23 46 0.002197265625
23 17 75 23 46 0.002197265625
23 17 76 23 46 0.002197265625
23 17 77 23 47 0.00341796875
23 17 78 23 47 0.008544921875
23 17 79 23 47 0.01025390625
23 17 80 23 47 0.0068359375
23 17 81 23 47 0.0068359375
23 17 82 23 47 0.001708984375
23 17 83 23 47 0.011962890625
23 17 84 23 47 0.008544921875
23 17 85 23 47 0.008544921875
23 17 86 23 47 0.008544921875
23 17 87 23 47 0.008544921875
23 17 88 23 47 0.008544921875
23 17 89 23 47 0.008544921875
23 17 90 23 47 0.008544921875
23 17 91 23 48 0.00341796875
23 17 92 23 48 0.008544921875
23 17 93 23 48 0.01025390625
23 17 94 23 48 0.0068359375
23 17 95 23 48 0.0068359375
23 17 96 23 48 0.001708984375
23 17 97 23 48 0.011962890625
23 17 98 23 48 0.008544921875
23 17 99 23 48 0.008544921875
23 17 100 23 48 0.008544921875
23 17 101 23 48 0.008544921875
23 17 102 23 48 0.008544921875
23 17 103 23 48 0.008544921875
23 17 104 23 48 0.008544921875
23 17 105 23 49 0.0029296875
23 17 106 23 49 0.00732421875
23 17 107 23 49 0.0087890625
23 17 108 23 49 0.005859375
23 17 109 23 49 0.005859375
23 17 110 23 49 0.00146484375
23 17 111 23 49 0.01025390625
23 17 112 23 49 0.00732421875
23 17 113 23 49 0.00732421875
23 17 114 23 49 0.00732421875
23 17 115 23 49 0.00732421875
23 17 116 23 49 0.00732421875
23 17 117 23 49 0.00732421875
23 17 118 23 49 0.00732421875
23 17 119 23 50 0.0029296875
23 17 120 23 50 0.00732421875
23 17 121 23 50 0.0087890625
23 17 122 23 50 0.005859375
23 17 123 23 50 0.005859375
23 17 124 23 50 0.00146484375
23 17 125 23 50 0.01025390625
23 17 126 23 50 0.00732421875
23 17 127 23 50 0.00732421875
23 17 128 23 50 0.00732421875
23 17 129 23 50 0.00732421875
23 17 130 23 50 0.00732421875
23 17 131 23 50 0.00732421875
23 17 132 23 50 0.00732421875
23 17 133 23 51 0.0029296875
23 17 134 23 51 0.00732421875
23 17 135 23 51 0.0087890625
23 17 136 23 51 0.005859375
23 17 137 23 51 0.005859375
23 17 138 23 51 0.00146484375
23 17 139 23 51 0.01025390625
23 17 140 23 51 0.00732421875
23 17 141 23 51 0.00732421875
23 17 142 23 51 0.00732421875
23 17 143 23 51 0.00732421875
23 17 144 23 51 0.00732421875
23 17 145 23 51 0.00732421875
23 17 146 23 51 0.00732421875
23 24 0 23 55 0.109375
23 24 1 23 0 0.15625
23 24 5 23 56 0.109375
23 24 6 23 57 0.109375
23 24 7 23 58 0.109375
23 24 9 23 2 0.125
23 24 10 23 3 0.125
23 24 11 23 4 0.109375
23 24 12 23 5 0.046875
24 25 0 24 55 0.203125
24 25 4 24 54 0.1875
24 25 5 24 56 0.203125
24 25 6 24 57 0.203125
24 25 7 24 58 0.203125
25 26 0 25 55 0.25
25 26 5 25 56 0.25
25 26 6 25 57 0.25
25 26 7 25 58 0.25
26 27 0 26 55 0.25
26 27 5 26 56 0.25
26 27 6 26 57 0.25
26 27 7 26 58 0.25
27 28 0 27 55 0.25
27 28 5 27 56 0.25
27 28 6 27 57 0.25
27 28 7 27 58 0.25
28 29 0 28 55 0.25
28 29 5 28 56 0.25
28 29 6 28 57 0.25
28 29 7 28 58 0.25
29 30 0 29 55 0.203125
29 30 3 29 52 0.1875
29 30 5 29 56 0.203125
29 30 6 29 57 0.203125
29 30 7 29 58 0.203125
30 24 0 30 55 0.03125
30 24 2 30 53 0.09375
30 24 3 30 52 0.09375
30 24 4 30 54 0.09375
30 24 5 30 56 0.03125
30 24 6 30 57 0.03125
30 24 7 30 58 0.03125
30 24 8 30 1 0.09375
30 24 9 30 2 0.03125
30 24 10 30 3 0.03125
30 24 11 30 4 0.03125
30 24 12 30 5 0.015625
30 24 13 30 59 0.03125
30 24 14 30 60 0.03125
30 24 15 30 61 0.03125
30 24 16 30 62 0.03125
30 24 17 30 63 0.03125
30 24 18 30 64 0.03125
30 24 19 30 65 0.03125
30 24 21 30 32 0.015625
30 24 22 30 33 0.03125
30 24 23 30 34 0.03125
30 24 24 30 35 0.03125
30 24 25 30 36 0.03125
30 24 26 30 37 0.03125
30 31 0 30 31 1.0
31 22 0 31 55 0.171875
31 22 1 31 53 0.078125
31 22 2 31 52 0.140625
31 22 3 31 54 0.140625
31 22 4 31 56 0.15625
31 22 5 31 57 0.15625
31 22 6 31 58 0.15625
31 23 0 31 55 0.171875
31 23 1 31 53 0.078125
31 23 2 31 52 0.140625
31 23 3 31 54 0.140625
31 23 4 31 56 0.15625
31 23 5 31 57 0.15625
31 23 6 31 58 0.15625
31 32 0 31 24 0.03125
31 32 1 31 25 0.03125
31 32 2 31 55 0.015625
31 32 3 31 27 0.03125
31 32 4 31 30 0.03125
31 32 5 31 29 0.03125
31 32 6 31 53 0.03125
31 32 7 31 52 0.03125
31 32 8 31 28 0.03125
31 32 9 31 26 0.03125
31 32 10 31 54 0.03125
31 32 11 31 56 0.015625
31 32 12 31 57 0.015625
31 32 13 31 58 0.015625
31 32 14 31 59 0.0625
31 32 15 31 60 0.0625
31 32 16 31 61 0.0625
31 32 17 31 62 0.0625
31 32 18 31 63 0.0625
31 32 19 31 64 0.0625
31 32 20 31 65 0.0625
31 32 22 31 7 0.03125
31 32 24 31 9 0.03125
31 32 25 31 10 0.0625
31 32 26 31 11 0.0625
32 33 0 32 24 0.03125
32 33 1 32 25 0.03125
32 33 2 32 55 0.03125
32 33 3 32 27 0.03125
32 33 4 32 30 0.015625
32 33 5 32 29 0.03125
32 33 6 32 53 0.03125
32 33 7 32 52 0.03125
32 33 8 32 28 0.03125
32 33 9 32 26 0.03125
32 33 10 32 54 0.03125
32 33 11 32 56 0.03125
32 33 12 32 57 0.03125
32 33 13 32 58 0.03125
32 33 14 32 59 0.078125
32 33 15 32 60 0.078125
32 33 16 32 61 0.078125
32 33 17 32 62 0.078125
32 33 18 32 63 0.078125
32 33 19 32 64 0.0625
32 33 20 32 65 0.0625
32 33 22 32 7 0.015625
32 33 24 32 9 0.015625
32 33 25 32 10 0.015625
32 33 26 32 11 0.015625
33 34 14 33 59 0.125
33 34 15 33 60 0.125
33 34 16 33 61 0.125
33 34 17 33 62 0.125
33 34 18 33 63 0.125
33 34 19 33 64 0.125
33 34 20 33 65 0.125
33 34 26 33 11 0.125
34 35 14 34 59 0.125
34 35 15 34 60 0.125
34 35 16 34 61 0.125
34 35 17 34 62 0.125
34 35 18 34 63 0.125
34 35 19 34 64 0.125
34 35 20 34 65 0.125
34 35 26 34 11 0.125
35 36 14 35 59 0.125
35 36 15 35 60 0.125
35 36 16 35 61 0.125
35 36 17 35 62 0.125
35 36 18 35 63 0.125
35 36 19 35 64 0.125
35 36 20 35 65 0.125
35 36 26 35 11 0.125
36 32 0 36 24 0.015625
36 32 1 36 25 0.03125
36 32 2 36 55 0.03125
36 32 3 36 27 0.03125
36 32 4 36 30 0.03125
36 32 5 36 29 0.03125
36 32 6 36 53 0.03125
36 32 7 36 52 0.03125
36 32 8 36 28 0.03125
36 32 9 36 26 0.03125
36 32 10 36 54 0.03125
36 32 11 36 56 0.03125
36 32 12 36 57 0.03125
36 32 13 36 58 0.03125
36 32 14 36 59 0.046875
36 32 15 36 60 0.046875
36 32 16 36 61 0.046875
36 32 17 36 62 0.046875
36 32 18 36 63 0.046875
36 32 19 36 64 0.046875
36 32 20 36 65 0.046875
36 32 22 36 7 0.046875
36 32 23 36 8 0.03125
36 32 24 36 9 0.046875
36 32 25 36 10 0.0625
36 32 26 36 11 0.0625
36 37 0 36 24 0.03125
36 37 1 36 25 0.046875
36 37 2 36 55 0.046875
36 37 3 36 27 0.046875
36 37 4 36 30 0.03125
36 37 5 36 29 0.046875
36 37 6 36 53 0.046875
36 37 7 36 52 0.046875
36 37 8 36 28 0.046875
36 37 9 36 26 0.046875
36 37 10 36 54 0.046875
36 37 11 36 56 0.046875
36 37 12 36 57 0.046875
36 37 13 36 58 0.046875
36 37 14 36 59 0.046875
36 37 15 36 60 0.046875
36 37 16 36 61 0.046875
36 37 17 36 62 0.046875
36 37 18 36 63 0.046875
36 37 19 36 64 0.03125
36 37 20 36 65 0.03125
36 37 22 36 7 0.015625
36 37 23 36 8 0.015625
36 37 24 36 9 0.015625
36 37 25 36 10 0.015625
36 37 26 36 11 0.015625
37 38 100 37 10 0.078125
37 38 101 37 10 0.0703125
37 38 102 37 10 0.0703125
37 38 103 37 10 0.0703125
37 38 104 37 10 0.0703125
37 38 105 37 10 0.0703125
37 38 106 37 10 0.0703125
37 38 113 37 11 0.078125
37 38 114 37 11 0.0703125
37 38 115 37 11 0.0703125
37 38 116 37 11 0.0703125
37 38 117 37 11 0.0703125
37 38 118 37 11 0.0703125
37 38 119 37 11 0.0703125
38 33 0 38 16 0.0048828125
38 33 1 38 16 0.0048828125
38 33 2 38 16 0.0048828125
38 33 3 38 16 0.0048828125
38 33 4 38 16 0.0048828125
38 33 5 38 16 0.0048828125
38 33 6 38 16 0.0048828125
38 33 7 38 16 0.01708984375
38 33 8 38 16 0.02197265625
38 33 9 38 16 0.01708984375
38 33 10 38 16 0.01220703125
38 33 11 38 16 0.02685546875
38 33 12 38 16 0.02685546875
38 33 13 38 12 0.0048828125
38 33 14 38 12 0.0048828125
38 33 15 38 12 0.0048828125
38 33 16 38 12 0.0048828125
38 33 17 38 12 0.0048828125
38 33 18 38 12 0.0048828125
38 33 19 38 12 0.0048828125
38 33 20 38 12 0.01708984375
38 33 21 38 12 0.01953125
38 33 22 38 12 0.01708984375
38 33 23 38 12 0.01953125
38 33 24 38 12 0.0244140625
38 33 25 38 12 0.0244140625
38 33 26 38 13 0.001953125
38 33 27 38 13 0.001953125
38 33 28 38 13 0.001953125
38 33 29 38 13 0.001953125
38 33 30 38 13 0.001953125
38 33 31 38 13 0.001953125
38 33 32 38 13 0.001953125
38 33 33 38 13 0.01953125
38 33 34 38 13 0.01953125
38 33 35 38 13 0.005859375
38 33 36 38 13 0.01953125
38 33 37 38 13 0.0234375
38 33 38 38 13 0.0234375
38 33 39 38 14 0.0048828125
38 33 40 38 14 0.0048828125
38 33 41 38 14 0.0048828125
38 33 42 38 14 0.0048828125
38 33 43 38 14 0.0048828125
38 33 44 38 14 0.0048828125
38 33 45 38 14 0.0048828125
38 33 46 38 14 0.00732421875
38 33 47 38 14 0.02197265625
38 33 48 38 14 0.01708984375
38 33 49 38 14 0.02197265625
38 33 50 38 14 0.02685546875
38 33 51 38 14 0.02685546875
38 33 54 38 15 0.001953125
38 33 55 38 15 0.001953125
38 33 56 38 15 0.001953125
38 33 59 38 15 0.01953125
38 33 60 38 15 0.017578125
38 33 61 38 15 0.017578125
38 33 62 38 15 0.017578125
38 33 63 38 15 0.0234375
38 33 64 38 15 0.0234375
38 33 65 38 17 0.001953125
38 33 66 38 17 0.001953125
38 33 67 38 17 0.001953125
38 33 68 38 17 0.001953125
38 33 69 38 17 0.001953125
38 33 71 38 17 0.001953125
38 33 72 38 17 0.017578125
38 33 73 38 17 0.017578125
38 33 74 38 17 0.017578125
38 33 75 38 17 0.017578125
38 33 76 38 17 0.021484375
38 33 77 38 17 0.021484375
38 33 78 38 66 9.765625E-4
38 33 79 38 66 0.0068359375
38 33 80 38 66 0.00146484375
38 33 81 38 66 0.00732421875
38 33 82 38 66 0.00732421875
38 33 83 38 66 0.00732421875
38 33 84 38 67 9.765625E-4
38 33 85 38 67 0.0068359375
38 33 86 38 67 0.00146484375
38 33 87 38 67 0.00732421875
38 33 88 38 67 0.00732421875
38 33 89 38 67 0.00732421875
38 33 90 38 68 9.765625E-4
38 33 91 38 68 0.0068359375
38 33 92 38 68 0.00146484375
38 33 93 38 68 0.00732421875
38 33 94 38 68 0.00732421875
38 33 95 38 68 0.00732421875
38 33 96 38 69 4.8828125E-4
38 33 97 38 69 0.00341796875
38 33 98 38 69 7.32421875E-4
38 33 99 38 69 0.003662109375
38 33 100 38 69 0.003662109375
38 33 101 38 69 0.003662109375
38 33 102 38 70 4.8828125E-4
38 33 103 38 70 0.00341796875
38 33 104 38 70 7.32421875E-4
38 33 105 38 70 0.003662109375
38 33 106 38 70 0.003662109375
38 33 107 38 70 0.003662109375
38 33 108 38 71 4.8828125E-4
38 33 109 38 71 0.00341796875
38 33 110 38 71 7.32421875E-4
38 33 111 38 71 0.003662109375
38 33 112 38 71 0.003662109375
38 33 113 38 71 0.003662109375
38 33 114 38 72 4.8828125E-4
38 33 115 38 72 0.00341796875
38 33 116 38 72 7.32421875E-4
38 33 117 38 72 0.003662109375
38 33 118 38 72 0.003662109375
38 33 119 38 72 0.003662109375
38 39 0 38 75 0.03125
38 39 1 38 76 0.03125
38 39 2 38 74 0.03125
38 39 3 38 79 0.03125
38 39 4 38 77 0.03125
38 39 5 38 78 0.03125
38 39 6 38 73 0.03125
38 39 7 38 16 0.015625
38 39 8 38 45 0.03125
38 39 9 38 46 0.03125
38 39 10 38 47 0.03125
38 39 11 38 48 0.03125
38 39 12 38 49 0.03125
38 39 13 38 50 0.03125
38 39 14 38 51 0.03125
38 39 15 38 12 0.015625
38 39 17 38 14 0.015625
38 39 20 38 66 0.0625
38 39 21 38 67 0.0625
38 39 22 38 68 0.078125
38 39 23 38 69 0.078125
38 39 24 38 70 0.078125
38 39 25 38 71 0.078125
38 39 26 38 72 0.078125
39 30 0 39 75 0.0146484375
39 30 1 39 75 0.0146484375
39 30 2 39 75 0.0146484375
39 30 3 39 75 0.0146484375
39 30 4 39 75 0.0146484375
39 30 5 39 75 0.0048828125
39 30 6 39 76 0.0146484375
39 30 7 39 76 0.0146484375
39 30 8 39 76 0.0146484375
39 30 9 39 76 0.0146484375
39 30 10 39 76 0.0146484375
39 30 11 39 76 0.0048828125
39 30 12 39 74 0.0146484375
39 30 13 39 74 0.0146484375
39 30 14 39 74 0.0146484375
39 30 15 39 74 0.0146484375
39 30 16 39 74 0.0146484375
39 30 17 39 74 0.0048828125
39 30 18 39 79 0.0146484375
39 30 19 39 79 0.0146484375
39 30 20 39 79 0.0146484375
39 30 21 39 79 0.0146484375
39 30 22 39 79 0.0146484375
39 30 23 39 79 0.0048828125
39 30 24 39 77 0.0146484375
39 30 25 39 77 0.0146484375
39 30 26 39 77 0.0146484375
39 30 27 39 77 0.0146484375
39 30 28 39 77 0.0146484375
39 30 29 39 77 0.0048828125
39 30 30 39 78 0.0146484375
39 30 31 39 78 0.0146484375
39 30 32 39 78 0.0146484375
39 30 33 39 78 0.0146484375
39 30 34 39 78 0.0146484375
39 30 35 39 78 0.0048828125
39 30 36 39 73 0.0146484375
39 30 37 39 73 0.0146484375
39 30 38 39 73 0.0146484375
39 30 39 39 73 0.0146484375
39 30 40 39 73 0.0146484375
39 30 41 39 73 0.0048828125
39 30 42 39 16 0.017578125
39 30 43 39 16 0.017578125
39 30 44 39 16 0.017578125
39 30 45 39 16 0.017578125
39 30 46 39 16 0.017578125
39 30 47 39 16 0.01953125
39 30 48 39 16 0.017578125
39 30 49 39 12 0.017578125
39 30 50 39 12 0.017578125
39 30 51 39 12 0.017578125
39 30 52 39 12 0.017578125
39 30 53 39 12 0.017578125
39 30 54 39 12 0.01953125
39 30 55 39 12 0.017578125
39 30 56 39 13 0.00439453125
39 30 57 39 13 0.00439453125
39 30 58 39 13 0.00439453125
39 30 59 39 13 0.00439453125
39 30 60 39 13 0.00439453125
39 30 61 39 13 0.0048828125
39 30 62 39 13 0.00439453125
39 30 63 39 14 0.017578125
39 30 64 39 14 0.017578125
39 30 65 39 14 0.017578125
39 30 66 39 14 0.017578125
39 30 67 39 14 0.017578125
39 30 68 39 14 0.01953125
39 30 69 39 14 0.017578125
39 30 70 39 15 0.00439453125
39 30 71 39 15 0.00439453125
39 30 72 39 15 0.00439453125
39 30 73 39 15 0.00439453125
39 30 74 39 15 0.00439453125
39 30 75 39 15 0.0048828125
39 30 76 39 15 0.00439453125
39 30 77 39 17 0.002197265625
39 30 78 39 17 0.002197265625
39 30 79 39 17 0.002197265625
39 30 80 39 17 0.002197265625
39 30 81 39 17 0.002197265625
39 30 82 39 17 0.00244140625
39 30 83 39 17 0.002197265625
39 40 20 39 66 0.15625
39 40 21 39 67 0.140625
39 40 22 39 68 0.140625
39 40 23 39 69 0.140625
39 40 24 39 70 0.140625
39 40 25 39 71 0.140625
39 40 26 39 72 0.140625
40 41 15 40 12 0.078125
40 41 20 40 66 0.140625
40 41 21 40 67 0.140625
40 41 22 40 68 0.140625
40 41 23 40 69 0.125
40 41 24 40 70 0.125
40 41 25 40 71 0.125
40 41 26 40 72 0.125
41 42 15 41 12 0.078125
41 42 20 41 66 0.140625
41 42 21 41 67 0.140625
41 42 22 41 68 0.140625
41 42 23 41 69 0.125
41 42 24 41 70 0.125
41 42 25 41 71 0.125
41 42 26 41 72 0.125
42 43 15 42 12 0.125
42 43 20 42 66 0.125
42 43 21 42 67 0.125
42 43 22 42 68 0.125
42 43 23 42 69 0.125
42 43 24 42 70 0.125
42 43 25 42 71 0.125
42 43 26 42 72 0.125
43 37 0 43 16 0.008056640625
43 37 1 43 16 0.00537109375
43 37 2 43 16 0.00537109375
43 37 3 43 16 0.00537109375
43 37 4 43 16 0.00537109375
43 37 5 43 16 0.008056640625
43 37 6 43 16 0.008056640625
43 37 7 43 16 0.018798828125
43 37 8 43 16 0.024169921875
43 37 9 43 16 0.01611328125
43 37 10 43 16 0.013427734375
43 37 11 43 16 0.02685546875
43 37 12 43 16 0.02685546875
43 37 13 43 12 0.005859375
43 37 14 43 12 0.005859375
43 37 15 43 12 0.005859375
43 37 16 43 12 0.005859375
43 37 17 43 12 0.005859375
43 37 18 43 12 0.005859375
43 37 19 43 12 0.005859375
43 37 20 43 12 0.0205078125
43 37 21 43 12 0.0263671875
43 37 22 43 12 0.017578125
43 37 23 43 12 0.0263671875
43 37 24 43 12 0.0263671875
43 37 25 43 12 0.029296875
43 37 27 43 13 0.001708984375
43 37 28 43 13 0.001708984375
43 37 29 43 13 0.001708984375
43 37 30 43 13 0.001708984375
43 37 33 43 13 0.018798828125
43 37 34 43 13 0.018798828125
43 37 35 43 13 0.005126953125
43 37 36 43 13 0.018798828125
43 37 37 43 13 0.0205078125
43 37 38 43 13 0.0205078125
43 37 39 43 14 0.008056640625
43 37 40 43 14 0.00537109375
43 37 41 43 14 0.00537109375
43 37 42 43 14 0.00537109375
43 37 43 43 14 0.00537109375
43 37 44 43 14 0.008056640625
43 37 45 43 14 0.008056640625
43 37 46 43 14 0.008056640625
43 37 47 43 14 0.024169921875
43 37 48 43 14 0.01611328125
43 37 49 43 14 0.024169921875
43 37 50 43 14 0.02685546875
43 37 51 43 14 0.02685546875
43 37 57 43 15 0.001953125
43 37 58 43 15 0.001953125
43 37 59 43 15 0.01953125
43 37 60 43 15 0.017578125
43 37 61 43 15 0.017578125
43 37 62 43 15 0.01953125
43 37 63 43 15 0.0234375
43 37 64 43 15 0.0234375
43 37 70 43 17 0.001953125
43 37 72 43 17 0.01953125
43 37 73 43 17 0.01953125
43 37 74 43 17 0.017578125
43 37 75 43 17 0.01953125
43 37 76 43 17 0.0234375
43 37 77 43 17 0.0234375
43 37 78 43 66 4.8828125E-4
43 37 79 43 66 0.00341796875
43 37 80 43 66 4.8828125E-4
43 37 81 43 66 0.00390625
43 37 82 43 66 0.003662109375
43 37 83 43 66 0.003662109375
43 37 84 43 67 4.8828125E-4
43 37 85 43 67 0.00341796875
43 37 86 43 67 4.8828125E-4
43 37 87 43 67 0.00390625
43 37 88 43 67 0.003662109375
43 37 89 43 67 0.003662109375
43 37 90 43 68 4.8828125E-4
43 37 91 43 68 0.00341796875
43 37 92 43 68 4.8828125E-4
43 37 93 43 68 0.00390625
43 37 94 43 68 0.003662109375
43 37 95 43 68 0.003662109375
43 37 96 43 69 4.8828125E-4
43 37 97 43 69 0.00341796875
43 37 98 43 69 4.8828125E-4
43 37 99 43 69 0.00390625
43 37 100 43 69 0.003662109375
43 37 101 43 69 0.003662109375
43 37 102 43 70 4.8828125E-4
43 37 103 43 70 0.00341796875
43 37 104 43 70 4.8828125E-4
43 37 105 43 70 0.00390625
43 37 106 43 70 0.003662109375
43 37 107 43 70 0.003662109375
43 37 108 43 71 4.8828125E-4
43 37 109 43 71 0.00341796875
43 37 110 43 71 4.8828125E-4
43 37 111 43 71 0.00390625
43 37 112 43 71 0.003662109375
43 37 113 43 71 0.003662109375
43 37 114 43 72 4.8828125E-4
43 37 115 43 72 0.00341796875
43 37 116 43 72 4.8828125E-4
43 37 117 43 72 0.00390625
43 37 118 43 72 0.003662109375
43 37 119 43 72 0.003662109375
43 44 16 43 13 0.015625
43 44 20 43 66 0.140625
43 44 21 43 67 0.140625
43 44 22 43 68 0.140625
43 44 23 43 69 0.140625
43 44 24 43 70 0.140625
43 44 25 43 71 0.140625
43 44 26 43 72 0.140625
44 45 0 44 45 1.0
45 40 0 45 40 1.0
45 46 0 45 75 0.140625
45 46 1 45 76 0.140625
45 46 2 45 74 0.140625
45 46 3 45 79 0.140625
45 46 4 45 77 0.140625
45 46 5 45 78 0.140625
45 46 6 45 73 0.15625
46 38 0 46 38 1.0
46 47 0 46 75 0.140625
46 47 1 46 76 0.140625
46 47 2 46 74 0.140625
46 47 3 46 79 0.140625
46 47 4 46 77 0.140625
46 47 5 46 78 0.140625
46 47 6 46 73 0.15625
47 48 0 47 75 0.140625
47 48 1 47 76 0.140625
47 48 2 47 74 0.140625
47 48 3 47 79 0.140625
47 48 4 47 77 0.140625
47 48 5 47 78 0.140625
47 48 6 47 73 0.15625
48 49 0 48 75 0.140625
48 49 1 48 76 0.140625
48 49 2 48 74 0.140625
48 49 3 48 79 0.140625
48 49 4 48 77 0.140625
48 49 5 48 78 0.140625
48 49 6 48 73 0.15625
49 50 0 49 75 0.140625
49 50 1 49 76 0.140625
49 50 2 49 74 0.140625
49 50 3 49 79 0.140625
49 50 4 49 77 0.140625
49 50 5 49 78 0.140625
49 50 6 49 73 0.15625
50 51 0 50 75 0.140625
50 51 1 50 76 0.140625
50 51 2 50 74 0.140625
50 51 3 50 79 0.140625
50 51 4 50 77 0.140625
50 51 5 50 78 0.140625
50 51 6 50 73 0.15625
51 52 0 51 18 0.078125
51 52 1 51 19 0.296875
51 52 2 51 20 0.3125
51 52 3 51 21 0.3125
52 53 1 52 25 0.078125
52 53 3 52 27 0.078125
52 53 5 52 29 0.078125
52 53 6 52 28 0.078125
52 53 7 52 26 0.078125
52 53 8 52 18 0.078125
52 53 9 52 19 0.078125
52 53 10 52 20 0.078125
52 53 11 52 21 0.078125
52 53 14 52 1 0.0625
52 53 15 52 2 0.0625
52 53 16 52 3 0.078125
52 53 17 52 4 0.078125
52 53 18 52 5 0.015625
53 44 0 53 0 0.002197265625
53 44 1 53 0 0.002197265625
53 44 2 53 0 0.002197265625
53 44 3 53 0 0.002197265625
53 44 4 53 0 0.002197265625
53 44 5 53 0 0.002197265625
53 44 6 53 0 0.00244140625
53 44 7 53 18 0.00341796875
53 44 8 53 18 0.00341796875
53 44 9 53 18 0.00341796875
53 44 10 53 18 0.00341796875
53 44 11 53 18 0.00341796875
53 44 12 53 18 0.00341796875
53 44 13 53 18 0.00341796875
53 44 14 53 18 0.025634765625
53 44 15 53 18 0.025634765625
53 44 16 53 18 0.0068359375
53 44 17 53 18 0.0068359375
53 44 18 53 18 0.0068359375
53 44 19 53 18 0.0068359375
53 44 20 53 18 0.0068359375
53 44 21 53 19 0.005126953125
53 44 22 53 19 0.005126953125
53 44 23 53 19 0.005126953125
53 44 24 53 19 0.005126953125
53 44 25 53 19 0.005126953125
53 44 26 53 19 0.005126953125
53 44 27 53 19 0.005126953125
53 44 28 53 19 0.015380859375
53 44 29 53 19 0.015380859375
53 44 30 53 19 0.008544921875
53 44 31 53 19 0.008544921875
53 44 32 53 19 0.008544921875
53 44 33 53 19 0.008544921875
53 44 34 53 19 0.008544921875
53 44 35 53 20 0.005126953125
53 44 36 53 20 0.005126953125
53 44 37 53 20 0.005126953125
53 44 38 53 20 0.005126953125
53 44 39 53 20 0.005126953125
53 44 40 53 20 0.005126953125
53 44 41 53 20 0.005126953125
53 44 42 53 20 0.015380859375
53 44 43 53 20 0.015380859375
53 44 44 53 20 0.008544921875
53 44 45 53 20 0.008544921875
53 44 46 53 20 0.008544921875
53 44 47 53 20 0.008544921875
53 44 48 53 20 0.008544921875
53 44 49 53 21 0.005126953125
53 44 50 53 21 0.005126953125
53 44 51 53 21 0.005126953125
53 44 52 53 21 0.005126953125
53 44 53 53 21 0.005126953125
53 44 54 53 21 0.005126953125
53 44 55 53 21 0.005126953125
53 44 56 53 21 0.015380859375
53 44 57 53 21 0.015380859375
53 44 58 53 21 0.008544921875
53 44 59 53 21 0.008544921875
53 44 60 53 21 0.008544921875
53 44 61 53 21 0.008544921875
53 44 62 53 21 0.008544921875
53 44 63 53 22 0.0068359375
53 44 64 53 22 0.0068359375
53 44 65 53 22 0.0068359375
53 44 66 53 22 0.008544921875
53 44 67 53 22 0.008544921875
53 44 68 53 22 0.008544921875
53 44 69 53 22 0.0068359375
53 44 70 53 22 0.0068359375
53 44 71 53 22 0.0068359375
53 44 72 53 22 0.008544921875
53 44 73 53 22 0.008544921875
53 44 74 53 22 0.008544921875
53 44 75 53 22 0.008544921875
53 44 76 53 22 0.008544921875
53 44 77 53 23 0.0078125
53 44 78 53 23 0.0078125
53 44 79 53 23 0.0078125
53 44 80 53 23 0.005859375
53 44 81 53 23 0.005859375
53 44 82 53 23 0.005859375
53 44 83 53 23 0.0078125
53 44 84 53 23 0.013671875
53 44 85 53 23 0.013671875
53 44 86 53 23 0.009765625
53 44 87 53 23 0.009765625
53 44 88 53 23 0.009765625
53 44 89 53 23 0.009765625
53 44 90 53 23 0.009765625
53 44 91 53 1 0.0087890625
53 44 92 53 1 0.0087890625
53 44 93 53 1 0.0087890625
53 44 94 53 1 0.0087890625
53 44 95 53 1 0.0087890625
53 44 96 53 1 0.0087890625
53 44 97 53 1 0.009765625
53 44 98 53 2 0.0087890625
53 44 99 53 2 0.0087890625
53 44 100 53 2 0.0087890625
53 44 101 53 2 0.0087890625
53 44 102 53 2 0.0087890625
53 44 103 53 2 0.0087890625
53 44 104 53 2 0.009765625
53 44 105 53 3 0.0087890625
53 44 106 53 3 0.0087890625
53 44 107 53 3 0.0087890625
53 44 108 53 3 0.0087890625
53 44 109 53 3 0.0087890625
53 44 110 53 3 0.0087890625
53 44 111 53 3 0.009765625
53 44 112 53 4 0.0087890625
53 44 113 53 4 0.0087890625
53 44 114 53 4 0.0087890625
53 44 115 53 4 0.0087890625
53 44 116 53 4 0.0087890625
53 44 117 53 4 0.0087890625
53 44 118 53 4 0.009765625
53 44 119 53 5 0.0087890625
53 44 120 53 5 0.0087890625
53 44 121 53 5 0.0087890625
53 44 122 53 5 0.0087890625
53 44 123 53 5 0.0087890625
53 44 124 53 5 0.0087890625
53 44 125 53 5 0.009765625
53 54 1 53 25 0.109375
53 54 3 53 27 0.109375
53 54 5 53 29 0.109375
53 54 6 53 28 0.109375
53 54 7 53 26 0.109375
53 54 8 53 18 0.046875
53 54 9 53 19 0.046875
53 54 10 53 20 0.046875
53 54 14 53 1 0.078125
53 54 15 53 2 0.078125
53 54 16 53 3 0.078125
53 54 17 53 4 0.078125
54 46 0 54 18 0.234375
54 46 1 54 19 0.265625
54 46 2 54 20 0.25
54 46 3 54 21 0.25
