8_125_1000_1000_0_0 250 750 0.579971 0.120509 2.21325 10.1255 489.893 5.93382
8_125_1000_1000_0_0 250 750 500 600745 21093792000 35112.7 1201.49 42187584 3.36024e+08
8_125_1000_1000_1_1 250 750 0.579971 0.120509 2.21325 10.1255 489.893 5.93382
8_125_1000_1000_1_1 250 750 500 600745 21093792000 35112.7 1201.49 42187584 3.36024e+08
8_125_1000_1000_2_2 250 750 0.560142 0.120441 2.11533 10.0248 96.2017 5.78423
8_125_1000_1000_2_2 250 750 500 599317 20671878000 34492.4 1198.63 41343756 3.00855e+08
8_125_1000_1000_3_3 250 750 0.558967 0.120106 2.05585 10.0003 87.8335 5.72236
8_125_1000_1000_3_3 250 750 500 599096 20630253000 34435.6 1198.19 41260506 3.04962e+08
8_125_1000_1000_4_4 250 750 0.582362 0.121057 2.2453 10.0372 505 5.9357
8_125_1000_1000_4_4 250 750 500 598382 21176122500 35389 1196.76 42352245 3.4323e+08
8_125_1000_1000_5_5 250 750 0.57464 0.120639 2.13077 10.1506 1189.87 5.81999
8_125_1000_1000_5_5 250 750 500 597843 21027283500 35171.9 1195.69 42054567 3.26606e+08
8_125_1000_1000_6_6 250 750 0.568394 0.120349 2.13857 10.0063 368.072 5.78916
8_125_1000_1000_6_6 250 750 500 597995 20704563000 34623.3 1195.99 41409126 3.31051e+08
8_125_1000_1000_7_7 250 750 0.56046 0.120144 1.96425 10.0358 507.723 5.71271
8_125_1000_1000_7_7 250 750 500 599054 20767608000 34667.3 1198.11 41535216 3.23735e+08
8_125_1000_1000_8_8 250 750 0.564663 0.120822 2.10937 10.0193 194.662 5.79306
8_125_1000_1000_8_8 250 750 500 600655 20822892000 34667 1201.31 41645784 3.07597e+08
8_125_1000_1000_9_9 250 750 0.562575 0.120243 2.11064 10.0075 676.632 5.74616
8_125_1000_1000_9_9 250 750 500 597666 20712828000 34656.2 1195.33 41425656 3.09967e+08
