14_0_0_100_0_0 25 75 0.292402 0.0744696 0.363259 6.59121 40.5911 1.17364
14_0_0_100_0_0 25 75 50 16146 559137000 34630.1 322.92 11182740 1.86526e+07
14_0_0_100_1_1 25 75 0.292402 0.0744696 0.363259 6.59121 40.5911 1.17364
14_0_0_100_1_1 25 75 50 16146 559137000 34630.1 322.92 11182740 1.86526e+07
14_0_0_100_2_2 25 75 0.392032 0.0752025 0.380812 9.63978 71.4681 1.72685
14_0_0_100_2_2 25 75 50 16182 575712000 35577.3 323.64 11514240 3.4498e+07
14_0_0_100_3_3 25 75 0.506542 0.0735252 0.359471 10.5209 112.836 1.64965
14_0_0_100_3_3 25 75 50 16143 541429500 33539.6 322.86 10828590 3.69804e+07
14_0_0_100_4_4 25 75 0.456548 0.0743496 0.398552 10.5441 90.5028 2.23218
14_0_0_100_4_4 25 75 50 16035 596505000 37200.2 320.7 11930100 5.14269e+07
14_0_0_100_5_5 25 75 0.486833 0.0743558 0.382005 11.3153 102.957 1.86859
14_0_0_100_5_5 25 75 50 16239 589281000 36288 324.78 11785620 4.08828e+07
14_0_0_100_6_6 25 75 0.527191 0.072618 0.364701 10.8566 124.896 1.719
14_0_0_100_6_6 25 75 50 16204 571089000 35243.7 324.08 11421780 5.92839e+07
14_0_0_100_7_7 25 75 0.601931 0.0745831 0.408137 11.7382 100.157 2.37326
14_0_0_100_7_7 25 75 50 16192 597697500 36913.1 323.84 11953950 5.80639e+07
14_0_0_100_8_8 25 75 0.240877 0.0724201 0.319868 2.3929 54.9836 0.597931
14_0_0_100_8_8 25 75 50 16180 549489000 33961 323.6 10989780 2.41803e+07
14_0_0_100_9_9 25 75 0.321348 0.0735724 0.366168 8.81933 84.931 1.46374
14_0_0_100_9_9 25 75 50 15945 544225500 34131.4 318.9 10884510 2.4186e+07
