44_0_0_200_0_0 50 150 0.650011 0.100296 0.504265 10.0701 297.206 2.55924
44_0_0_200_0_0 50 150 100 405347 14053338000 34669.9 4053.47 140533380 7.77082e+08
44_0_0_200_1_1 50 150 0 0   0 0
44_0_0_200_1_1 50 150 100 0 0 0 0 0 0
44_0_0_200_2_2 50 150 0 0   0 0
44_0_0_200_2_2 50 150 100 0 0 0 0 0 0
44_0_0_200_3_3 50 150 0 0   0 0
44_0_0_200_3_3 50 150 100 0 0 0 0 0 0
44_0_0_200_4_4 50 150 0 0   0 0
44_0_0_200_4_4 50 150 100 0 0 0 0 0 0
44_0_0_200_5_5 50 150 0 0   0 0
44_0_0_200_5_5 50 150 100 0 0 0 0 0 0
44_0_0_200_6_6 50 150 0 0   0 0
44_0_0_200_6_6 50 150 100 0 0 0 0 0 0
44_0_0_200_7_7 50 150 0 0   0 0
44_0_0_200_7_7 50 150 100 0 0 0 0 0 0
44_0_0_200_8_8 50 150 0 0   0 0
44_0_0_200_8_8 50 150 100 0 0 0 0 0 0
44_0_0_200_9_9 50 150 0 0   0 0
44_0_0_200_9_9 50 150 100 0 0 0 0 0 0
