7_125_1000_640_0_0 160 480 0.482914 0.0739509 0.377359 8.58943 579.491 1.61403
7_125_1000_640_0_0 160 480 320 295795 10282272000 34761.5 924.359 32132100 1.29913e+08
7_125_1000_640_1_1 160 480 0.482914 0.0739509 0.377359 8.58943 579.491 1.61403
7_125_1000_640_1_1 160 480 320 295795 10282272000 34761.5 924.359 32132100 1.29913e+08
7_125_1000_640_2_2 160 480 0.657137 0.0739509 0.404887 10.3843 688.991 2.26265
7_125_1000_640_2_2 160 480 320 295512 10298082000 34848.3 923.475 3.21815e+07 1.94539e+08
7_125_1000_640_3_3 160 480 0.560339 0.0748297 0.413323 10.4108 573.994 2.36156
7_125_1000_640_3_3 160 480 320 295900 10364029500 35025.4 924.688 3.23876e+07 1.70288e+08
7_125_1000_640_4_4 160 480 0.709961 0.074781 0.439839 11.5597 620.3 2.84944
7_125_1000_640_4_4 160 480 320 295635 10342989000 34985.7 923.859 3.23218e+07 1.83898e+08
7_125_1000_640_5_5 160 480 0.854654 0.0746346 0.448967 13.8685 639.283 2.99135
7_125_1000_640_5_5 160 480 320 295421 10240195500 34663.1 923.191 3.20006e+07 2.58796e+08
7_125_1000_640_6_6 160 480 0.432021 0.0736479 0.37739 7.80375 673.013 1.49094
7_125_1000_640_6_6 160 480 320 295476 10287132000 34815.5 923.362 3.21473e+07 1.45813e+08
7_125_1000_640_7_7 160 480 0.533005 0.0745389 0.399626 9.3298 370.373 1.9746
7_125_1000_640_7_7 160 480 320 295176 10358839500 35093.8 922.425 3.23714e+07 1.51392e+08
7_125_1000_640_8_8 160 480 0.42771 0.0750684 0.404019 9.4992 559.434 2.02689
7_125_1000_640_8_8 160 480 320 295015 10378399500 35179.2 921.922 3.24325e+07 1.25783e+08
7_125_1000_640_9_9 160 480 0.634938 0.0748452 0.411542 10.4874 657.543 2.32341
7_125_1000_640_9_9 160 480 320 295469 10346809500 35018.3 923.341 3.23338e+07 1.75698e+08
