11_75_100_1000_0_0 250 750 0.63941 0.11794 4.95012 10.0226 720.01 7.47792
11_75_100_1000_0_0 250 750 500 3700463 48835015500 13197 7400.93 97670031 1.00556e+08
11_75_100_1000_1_1 250 750 0.63941 0.11794 4.95012 10.0226 720.01 7.47792
11_75_100_1000_1_1 250 750 500 3700463 48835015500 13197 7400.93 97670031 1.00556e+08
11_75_100_1000_2_2 250 750 0.642936 0.117929 4.99588 10.0475 610.047 7.50857
11_75_100_1000_2_2 250 750 500 3700998 48842043000 13197 7402 97684086 1.00937e+08
11_75_100_1000_3_3 250 750 0.640929 0.117976 4.97922 10.0346 750.027 7.49466
11_75_100_1000_3_3 250 750 500 3700679 48830503500 13195 7401.36 97661007 1.01022e+08
11_75_100_1000_4_4 250 750 0.644522 0.117927 4.97057 10.0266 1489.99 7.47701
11_75_100_1000_4_4 250 750 500 3701143 48842761500 13196.7 7402.29 97685523 1.01128e+08
11_75_100_1000_5_5 250 750 0.638999 0.117928 4.93732 10.0151 310.047 7.45105
11_75_100_1000_5_5 250 750 500 3700735 48838219500 13196.9 7401.47 97676439 1.0061e+08
11_75_100_1000_6_6 250 750 0.64157 0.11791 5.0078 10.042 600.057 7.50095
11_75_100_1000_6_6 250 750 500 3700837 48840457500 13197.1 7401.67 97680915 1.00764e+08
11_75_100_1000_7_7 250 750 0.633875 0.117986 4.89112 10.0012 140.073 7.44677
11_75_100_1000_7_7 250 750 500 3314004 43770289500 13207.7 6628.01 87540579 8.96936e+07
11_75_100_1000_8_8 250 750 0.639789 0.118057 4.91694 10.015 910.013 7.45851
11_75_100_1000_8_8 250 750 500 3700544 48833520000 13196.3 7401.09 97667040 1.00435e+08
11_75_100_1000_9_9 250 750 0.644029 0.117944 5.02777 10.0273 629.997 7.51836
11_75_100_1000_9_9 250 750 500 3700544 48835279500 13196.8 7401.09 97670559 1.01477e+08
