55_0_0_1000_50_99 250 750 12.4077 9.39104 30.4793 59.3163 4559.98 38.4136
55_0_0_1000_50_99 250 750 500 3174495 95914704000 30214.2 6348.99 191829408 4.64461e+09
55_0_0_1000_100_149 250 750 12.3558 9.3806 30.4252 59.8352 4040.1 38.2853
55_0_0_1000_100_149 250 750 500 3160965 96452590500 30513.7 6321.93 192905181 4.80359e+09
55_0_0_1000_150_199 250 750 12.4693 9.43362 30.5943 61.7064 2359.91 39.135
55_0_0_1000_150_199 250 750 500 3168170 98060437500 30951.8 6336.34 196120875 5.06573e+09
55_0_0_1000_200_249 250 750 12.2525 9.37591 30.376 59.0749 2259.91 38.109
55_0_0_1000_200_249 250 750 500 3176365 96146448000 30269.3 6352.73 192292896 4.71804e+09
55_0_0_1000_250_299 250 750 12.2753 9.38751 30.4739 60.0886 3229.98 38.5382
55_0_0_1000_250_299 250 750 500 3099971 95290875000 30739.3 6199.94 190581750 4.90642e+09
55_0_0_1000_300_349 250 750 12.3867 9.38859 30.4688 58.9473 3369.8 38.2811
55_0_0_1000_300_349 250 750 500 3158160 95980765500 30391.4 6316.32 191961531 4.78223e+09
55_0_0_1000_350_399 250 750 12.4054 9.43946 30.4793 58.7423 4300.24 38.2374
55_0_0_1000_350_399 250 750 500 3182690 95823589500 30107.7 6365.38 191647179 4.6043e+09
55_0_0_1000_400_449 250 750 12.504 9.37841 30.5746 63.0906 2659.89 39.2068
55_0_0_1000_400_449 250 750 500 3173010 98066670000 30906.5 6346.02 196133340 5.08132e+09
55_0_0_1000_450_499 250 750 12.3988 9.4279 30.4889 60.1746 2289.99 38.6666
55_0_0_1000_450_499 250 750 500 3142760 97641849000 31068.8 6285.52 195283698 5.41163e+09
