1_53125_100000_100_0_0 25 75 0.519915 0.156579 0.819308 10.1143 112.738 3.69208
1_53125_100000_100_0_0 25 75 50 452078 15771156000 34885.9 9041.56 315423120 1.75967e+09
1_53125_100000_100_1_1 25 75 0.519915 0.156579 0.819308 10.1143 112.738 3.69208
1_53125_100000_100_1_1 25 75 50 452078 15771156000 34885.9 9041.56 315423120 1.75967e+09
1_53125_100000_100_2_2 25 75 0.509411 0.15575 0.806674 10.0174 113.048 3.63147
1_53125_100000_100_2_2 25 75 50 452707 15621708000 34507.3 9054.14 312434160 1.77943e+09
1_53125_100000_100_3_3 25 75 0.502056 0.157303 0.79289 9.9709 160.072 3.54959
1_53125_100000_100_3_3 25 75 50 451811 15938154000 35276.2 9036.22 318763080 1.84206e+09
1_53125_100000_100_4_4 25 75 0.547037 0.158889 0.850555 10.3805 108.802 3.92762
1_53125_100000_100_4_4 25 75 50 451352 15764682000 34927.7 9027.04 315293640 1.80916e+09
1_53125_100000_100_5_5 25 75 0.495538 0.154889 0.782479 9.92175 109.909 3.50092
1_53125_100000_100_5_5 25 75 50 452194 15759430500 34851 9043.88 315188610 1.65672e+09
1_53125_100000_100_6_6 25 75 0.504431 0.15911 0.808794 10.0576 150.01 3.60794
1_53125_100000_100_6_6 25 75 50 451400 15842625000 35096.6 9028 316852500 1.69626e+09
1_53125_100000_100_7_7 25 75 0.526267 0.155249 0.80545 10.1774 220.065 3.6394
1_53125_100000_100_7_7 25 75 50 451815 15642673500 34621.9 9036.3 312853470 1.7099e+09
1_53125_100000_100_8_8 25 75 0.508848 0.155361 0.794582 10.0161 115.746 3.59343
1_53125_100000_100_8_8 25 75 50 451241 15772927500 34954.6 9024.82 315458550 1.79295e+09
1_53125_100000_100_9_9 25 75 0.529139 0.155975 0.816983 10.1532 121.484 3.76246
1_53125_100000_100_9_9 25 75 50 451172 15680574000 34755.2 9023.44 313611480 1.78544e+09
