3 5 0 3 5 1.0
3 13 1 3 63 0.125
3 13 2 3 45 0.078125
3 13 3 3 15 0.109375
3 13 4 3 33 0.15625
3 13 5 3 62 0.078125
3 13 8 3 24 0.109375
3 13 9 3 60 0.078125
3 13 11 3 4 0.15625
3 13 12 3 48 0.109375
3 29 1 3 63 0.1875
3 29 2 3 72 0.265625
3 29 4 3 34 0.09375
3 29 5 3 76 0.140625
3 29 6 3 65 0.1875
3 29 7 3 48 0.125
3 47 0 3 47 1.0
7 5 0 7 5 1.0
7 13 0 7 77 0.171875
7 13 1 7 62 0.21875
7 13 3 7 68 0.15625
7 13 4 7 24 0.234375
7 13 5 7 60 0.21875
7 29 0 7 58 0.046875
7 29 1 7 14 0.0625
7 29 2 7 77 0.046875
7 29 3 7 55 0.09375
7 29 5 7 64 0.453125
7 29 6 7 39 0.109375
7 29 7 7 68 0.046875
7 29 8 7 76 0.0625
7 29 9 7 65 0.078125
7 47 0 7 58 0.078125
7 47 1 7 27 0.15625
7 47 3 7 68 0.09375
7 47 4 7 24 0.09375
7 47 5 7 76 0.140625
7 47 6 7 65 0.125
7 47 7 7 51 0.3125
9 5 0 9 5 1.0
9 13 0 9 13 1.0
9 29 0 9 58 0.078125
9 29 2 9 14 0.109375
9 29 3 9 23 0.265625
9 29 4 9 11 0.15625
9 29 6 9 66 0.15625
9 29 7 9 31 0.109375
9 29 8 9 65 0.125
9 47 0 9 58 0.25
9 47 2 9 31 0.328125
9 47 3 9 65 0.421875
12 5 0 12 5 1.0
12 13 0 12 0 0.109375
12 13 2 12 6 0.203125
12 13 3 12 77 0.125
12 13 5 12 66 0.21875
12 13 7 12 68 0.125
12 13 8 12 48 0.21875
12 29 0 12 58 0.078125
12 29 1 12 0 0.125
12 29 3 12 77 0.09375
12 29 5 12 66 0.109375
12 29 6 12 34 0.09375
12 29 7 12 31 0.140625
12 29 8 12 68 0.078125
12 29 9 12 76 0.140625
12 29 10 12 48 0.140625
12 47 0 12 47 1.0
16 5 0 16 5 1.0
16 13 0 16 13 1.0
16 29 0 16 58 0.078125
16 29 1 16 49 0.234375
16 29 2 16 46 0.109375
16 29 3 16 55 0.1875
16 29 5 16 34 0.09375
16 29 6 16 68 0.09375
16 29 7 16 48 0.203125
16 47 0 16 58 0.078125
16 47 1 16 27 0.15625
16 47 2 16 49 0.140625
16 47 4 16 22 0.171875
16 47 5 16 46 0.21875
16 47 8 16 68 0.109375
16 47 9 16 24 0.125
18 5 0 18 58 0.09375
18 5 1 18 1 0.140625
18 5 2 18 33 0.140625
18 5 4 18 69 0.203125
18 5 5 18 51 0.140625
18 5 6 18 48 0.15625
18 5 7 18 73 0.125
18 13 0 18 13 1.0
18 29 0 18 58 0.0625
18 29 1 18 10 0.34375
18 29 2 18 0 0.09375
18 29 3 18 55 0.15625
18 29 4 18 39 0.15625
18 29 5 18 68 0.078125
18 29 6 18 48 0.109375
18 47 0 18 58 0.078125
18 47 2 18 0 0.140625
18 47 4 18 22 0.15625
18 47 5 18 45 0.21875
18 47 7 18 68 0.109375
18 47 8 18 24 0.125
18 47 9 18 51 0.171875
28 5 3 28 33 0.140625
28 5 4 28 66 0.125
28 5 5 28 74 0.375
28 5 7 28 60 0.234375
28 5 8 28 73 0.125
28 13 0 28 13 1.0
28 29 1 28 77 0.28125
28 29 2 28 66 0.28125
28 29 3 28 31 0.265625
28 29 4 28 68 0.171875
28 47 0 28 78 0.21875
28 47 1 28 27 0.265625
28 47 4 28 31 0.125
28 47 5 28 68 0.171875
28 47 6 28 24 0.21875
30 5 3 30 1 0.171875
30 5 4 30 33 0.15625
30 5 5 30 60 0.328125
30 5 6 30 48 0.1875
30 5 7 30 73 0.15625
30 13 0 30 13 1.0
30 29 0 30 49 0.171875
30 29 1 30 17 0.109375
30 29 3 30 14 0.09375
30 29 4 30 23 0.1875
30 29 5 30 72 0.171875
30 29 6 30 31 0.09375
30 29 7 30 76 0.078125
30 29 8 30 48 0.09375
30 47 0 30 27 0.09375
30 47 1 30 49 0.09375
30 47 4 30 59 0.453125
30 47 5 30 45 0.140625
30 47 6 30 31 0.0625
30 47 7 30 24 0.078125
30 47 8 30 76 0.078125
35 5 0 35 58 0.140625
35 5 4 35 1 0.125
35 5 7 35 66 0.140625
35 5 8 35 36 0.25
35 5 9 35 51 0.34375
35 13 1 35 1 0.3125
35 13 2 35 45 0.203125
35 13 3 35 15 0.28125
35 13 6 35 66 0.203125
35 29 0 35 58 0.078125
35 29 1 35 17 0.15625
35 29 4 35 46 0.15625
35 29 5 35 55 0.203125
35 29 6 35 66 0.09375
35 29 7 35 39 0.21875
35 29 8 35 34 0.09375
35 47 0 35 47 1.0
37 5 0 37 5 1.0
37 13 0 37 61 0.3125
37 13 1 37 0 0.109375
37 13 2 37 45 0.125
37 13 3 37 6 0.265625
37 13 6 37 60 0.1875
37 29 0 37 58 0.109375
37 29 1 37 0 0.140625
37 29 2 37 14 0.1875
37 29 3 37 11 0.296875
37 29 4 37 2 0.265625
37 47 0 37 58 0.140625
37 47 1 37 78 0.28125
37 47 3 37 0 0.25
37 47 5 37 45 0.328125
40 5 0 40 5 1.0
40 13 1 40 49 0.234375
40 13 2 40 0 0.046875
40 13 3 40 1 0.171875
40 13 4 40 63 0.21875
40 13 5 40 6 0.078125
40 13 6 40 77 0.0625
40 13 8 40 60 0.0625
40 13 10 40 48 0.125
40 29 0 40 29 1.0
40 47 0 40 78 0.140625
40 47 1 40 49 0.1875
40 47 2 40 0 0.15625
40 47 3 40 53 0.390625
40 47 6 40 31 0.125
41 5 0 41 61 0.234375
41 5 1 41 58 0.140625
41 5 4 41 69 0.4375
41 5 6 41 36 0.1875
41 13 0 41 13 1.0
41 29 0 41 58 0.09375
41 29 1 41 2 0.25
41 29 2 41 77 0.171875
41 29 3 41 34 0.140625
41 29 4 41 31 0.171875
41 29 5 41 76 0.171875
41 47 0 41 58 0.0625
41 47 1 41 78 0.125
41 47 4 41 22 0.15625
41 47 7 41 31 0.09375
41 47 9 41 36 0.4375
41 47 10 41 76 0.125
42 5 0 42 61 0.09375
42 5 4 42 20 0.5
42 5 5 42 74 0.15625
42 5 6 42 51 0.125
42 5 7 42 4 0.125
42 13 0 42 61 0.140625
42 13 1 42 77 0.109375
42 13 2 42 62 0.125
42 13 4 42 74 0.375
42 13 5 42 68 0.09375
42 13 6 42 4 0.15625
42 29 1 42 23 0.203125
42 29 2 42 46 0.078125
42 29 3 42 2 0.125
42 29 4 42 77 0.078125
42 29 5 42 72 0.1875
42 29 6 42 34 0.078125
42 29 7 42 68 0.0625
42 29 8 42 76 0.078125
42 29 9 42 65 0.109375
42 47 1 42 22 0.109375
42 47 2 42 46 0.140625
42 47 3 42 53 0.203125
42 47 4 42 68 0.0625
42 47 5 42 76 0.078125
42 47 6 42 65 0.078125
42 47 7 42 51 0.109375
42 47 8 42 4 0.21875
43 5 0 43 5 1.0
43 13 0 43 0 0.109375
43 13 2 43 45 0.171875
43 13 3 43 77 0.125
43 13 4 43 15 0.203125
43 13 5 43 33 0.390625
43 29 0 43 17 0.09375
43 29 1 43 10 0.21875
43 29 2 43 0 0.0625
43 29 3 43 14 0.0625
43 29 5 43 46 0.09375
43 29 6 43 11 0.09375
43 29 7 43 2 0.09375
43 29 8 43 77 0.0625
43 29 10 43 39 0.109375
43 29 11 43 65 0.109375
43 47 0 43 47 1.0
50 5 0 50 61 0.125
50 5 1 50 1 0.125
50 5 3 50 63 0.296875
50 5 4 50 33 0.109375
50 5 6 50 66 0.125
50 5 8 50 4 0.21875
50 13 0 50 13 1.0
50 29 0 50 14 0.140625
50 29 2 50 11 0.1875
50 29 3 50 63 0.328125
50 29 4 50 66 0.140625
50 29 5 50 34 0.109375
50 29 6 50 68 0.09375
50 47 0 50 47 1.0
54 5 0 54 61 0.15625
54 5 1 54 58 0.15625
54 5 4 54 36 0.28125
54 5 5 54 4 0.21875
54 5 6 54 73 0.1875
54 13 0 54 61 0.171875
54 13 1 54 0 0.109375
54 13 4 54 62 0.15625
54 13 5 54 68 0.125
54 13 6 54 24 0.25
54 13 8 54 4 0.1875
54 29 0 54 58 0.109375
54 29 1 54 17 0.3125
54 29 2 54 0 0.1875
54 29 4 54 46 0.265625
54 29 5 54 68 0.125
54 47 0 54 47 1.0
