63_0_0_200_0_49 50 150 0.480567 0.134393 0.688284 9.89073 188.225 3.29917
63_0_0_200_0_49 50 150 100 2040233 70719001500 34662.2 20402.3 707190015 3.74514e+09
63_0_0_200_50_99 50 150 0.48589 0.133892 0.684532 9.92582 196.55 3.30021
63_0_0_200_50_99 50 150 100 2040403 70878210000 34737.4 20404 708782100 3.81144e+09
63_0_0_200_100_149 50 150 0.493361 0.133952 0.684235 9.92766 200.179 3.32851
63_0_0_200_100_149 50 150 100 2040094 70740976500 34675.4 20400.9 707409765 3.86619e+09
63_0_0_200_150_199 50 150 0.506581 0.134934 0.705354 9.99353 191.594 3.40712
63_0_0_200_150_199 50 150 100 2041278 71141695500 34851.5 20412.8 711416955 4.02927e+09
63_0_0_200_200_249 50 150 0.509088 0.135868 0.712526 10.0651 189.61 3.44514
63_0_0_200_200_249 50 150 100 2042070 71242629000 34887.5 20420.7 712426290 4.0659e+09
63_0_0_200_250_299 50 150 0.501682 0.135712 0.709054 10.006 248.631 3.45498
63_0_0_200_250_299 50 150 100 2000151 69606096000 34800.4 20001.5 696060960 3.8692e+09
63_0_0_200_300_349 50 150 0.497046 0.13385 0.680529 9.8676 220.068 3.26691
63_0_0_200_300_349 50 150 100 2041940 70933143000 34738.1 20419.4 709331430 3.8704e+09
63_0_0_200_350_399 50 150 0.487167 0.135147 0.693291 9.79153 180.133 3.27441
63_0_0_200_350_399 50 150 100 2042591 71058780000 34788.6 20425.9 710587800 3.74896e+09
63_0_0_200_400_449 50 150 0.491737 0.134997 0.696285 9.90865 264.681 3.32734
63_0_0_200_400_449 50 150 100 2043521 71044684500 34765.8 20435.2 710446845 3.99059e+09
63_0_0_200_450_499 50 150 0.497192 0.133894 0.692268 9.90965 293.403 3.3226
63_0_0_200_450_499 50 150 100 2042086 70587003000 34566.1 20420.9 705870030 3.76285e+09
