17_0_0_640_0_0 160 480 0.553161 0.121949 0.634526 10.0792 611.726 3.14206
17_0_0_640_0_0 160 480 320 705641 24605580000 34869.8 2205.13 7.68924e+07 4.55703e+08
17_0_0_640_1_1 160 480 0.553161 0.121949 0.634526 10.0792 611.726 3.14206
17_0_0_640_1_1 160 480 320 705641 24605580000 34869.8 2205.13 7.68924e+07 4.55703e+08
17_0_0_640_2_2 160 480 0.588044 0.121441 0.627161 9.8636 710.013 3.03982
17_0_0_640_2_2 160 480 320 705637 24620754000 34891.5 2205.12 7.69399e+07 5.19034e+08
17_0_0_640_3_3 160 480 0.61204 0.123537 0.642614 9.89119 711.457 3.09311
17_0_0_640_3_3 160 480 320 705324 24665419500 34970.3 2204.14 7.70794e+07 5.46885e+08
17_0_0_640_4_4 160 480 0.563916 0.122817 0.633979 9.7269 629.473 3.05494
17_0_0_640_4_4 160 480 320 705403 24734901000 35064.9 2204.38 7.72966e+07 5.33588e+08
17_0_0_640_5_5 160 480 0.610269 0.122639 0.646545 9.96875 658.918 3.16832
17_0_0_640_5_5 160 480 320 705221 24542749500 34801.5 2203.82 7.66961e+07 5.1929e+08
17_0_0_640_6_6 160 480 0.591909 0.121671 0.617451 9.43028 691.053 2.86604
17_0_0_640_6_6 160 480 320 704761 24588148500 34888.6 2202.38 7.6838e+07 5.05178e+08
17_0_0_640_7_7 160 480 0.522713 0.123658 0.627728 9.77901 600.017 2.97377
17_0_0_640_7_7 160 480 320 704430 24650668500 34993.8 2201.34 7.70333e+07 5.06972e+08
17_0_0_640_8_8 160 480 0.439742 0.121539 0.618308 9.47105 371.085 2.88531
17_0_0_640_8_8 160 480 320 704443 24559689000 34864 2201.38 7.6749e+07 3.66825e+08
17_0_0_640_9_9 160 480 0.562308 0.121778 0.62888 9.93534 690.446 3.04631
17_0_0_640_9_9 160 480 320 705003 24604756500 34900.2 2203.13 7.68899e+07 5.02214e+08
