1_48438_100000_100_0_0 25 75 0.613797 0.273784 1.31841 9.76885 250.006 4.32006
1_48438_100000_100_0_0 25 75 50 1746856 60923946000 34876.3 34937.1 1218478920 8.90575e+09
1_48438_100000_100_1_1 25 75 0.613797 0.273784 1.31841 9.76885 250.006 4.32006
1_48438_100000_100_1_1 25 75 50 1746856 60923946000 34876.3 34937.1 1218478920 8.90575e+09
1_48438_100000_100_2_2 25 75 0.614322 0.272343 1.30481 9.86785 144.443 4.3249
1_48438_100000_100_2_2 25 75 50 1747309 61125118500 34982.4 34946.2 1222502370 9.21346e+09
1_48438_100000_100_3_3 25 75 0.619037 0.272608 1.31434 9.87022 180.003 4.35362
1_48438_100000_100_3_3 25 75 50 1748803 61078399500 34925.8 34976.1 1221567990 9.26908e+09
1_48438_100000_100_4_4 25 75 0.617021 0.270947 1.31437 9.94081 140.052 4.38018
1_48438_100000_100_4_4 25 75 50 1748223 61221987000 35019.6 34964.5 1224439740 9.20281e+09
1_48438_100000_100_5_5 25 75 0.609047 0.27085 1.29187 9.86459 220.039 4.2828
1_48438_100000_100_5_5 25 75 50 1749803 60806317500 34750.4 34996.1 1216126350 8.90979e+09
1_48438_100000_100_6_6 25 75 0.613594 0.271729 1.30131 9.86488 222.762 4.30763
1_48438_100000_100_6_6 25 75 50 1747935 61036366500 34919.1 34958.7 1220727330 9.0072e+09
1_48438_100000_100_7_7 25 75 0.614144 0.271806 1.31957 9.83924 140.036 4.3421
1_48438_100000_100_7_7 25 75 50 1747453 60749745000 34764.7 34949.1 1214994900 9.02371e+09
1_48438_100000_100_8_8 25 75 0.615151 0.271647 1.32127 9.84687 240.025 4.34937
1_48438_100000_100_8_8 25 75 50 1748490 60926574000 34845.3 34969.8 1218531480 9.17797e+09
1_48438_100000_100_9_9 25 75 0.606487 0.269811 1.28148 9.77509 173.08 4.23918
1_48438_100000_100_9_9 25 75 50 1747936 60988969500 34892 34958.7 1219779390 9.00936e+09
