23_25_100_100_0_0 25 75 0.573095 0.108471 0.564648 10.4321 118.778 3.02785
23_25_100_100_0_0 25 75 50 209905 7243552500 34508.7 4198.1 144871050 6.34015e+08
23_25_100_100_1_1 25 75 0.573095 0.108471 0.564648 10.4321 118.778 3.02785
23_25_100_100_1_1 25 75 50 209905 7243552500 34508.7 4198.1 144871050 6.34015e+08
23_25_100_100_2_2 25 75 0.520169 0.107674 0.543056 9.96304 113.072 2.70287
23_25_100_100_2_2 25 75 50 209484 7284693000 34774.5 4189.68 145693860 6.70688e+08
23_25_100_100_3_3 25 75 0.566948 0.110465 0.579054 10.5094 114.747 3.12494
23_25_100_100_3_3 25 75 50 209938 7291102500 34729.8 4198.76 145822050 7.2968e+08
23_25_100_100_4_4 25 75 0.521284 0.110342 0.563214 10.0682 111.478 2.87809
23_25_100_100_4_4 25 75 50 209663 7360602000 35106.8 4193.26 147212040 7.04469e+08
23_25_100_100_5_5 25 75 0.478008 0.109489 0.536921 9.54607 102.72 2.51827
23_25_100_100_5_5 25 75 50 209358 7272243000 34735.9 4187.16 145444860 6.3716e+08
23_25_100_100_6_6 25 75 0.53414 0.107641 0.529786 10.0934 168.62 2.66017
23_25_100_100_6_6 25 75 50 209752 7245318000 34542.3 4195.04 144906360 6.21696e+08
23_25_100_100_7_7 25 75 0.557562 0.110984 0.557758 10.1308 112.563 2.7847
23_25_100_100_7_7 25 75 50 209567 7347045000 35058.2 4191.34 146940900 7.16193e+08
23_25_100_100_8_8 25 75 0.516717 0.111076 0.57129 10.0061 120.242 2.86131
23_25_100_100_8_8 25 75 50 209293 7336638000 35054.4 4185.86 146732760 6.68766e+08
23_25_100_100_9_9 25 75 0.526771 0.110413 0.553172 9.79827 112.241 2.74844
23_25_100_100_9_9 25 75 50 209475 7308661500 34890.4 4189.5 146173230 7.02683e+08
