107_5_10_200_0_49 50 150 0.504916 0.154506 0.915059 10.0903 189.2 4.2048
107_5_10_200_0_49 50 150 100 3482951 121143747000 34781.9 34829.5 1211437470 7.34012e+09
107_5_10_200_50_99 50 150 0.496867 0.152755 0.899918 9.99973 187.389 4.09543
107_5_10_200_50_99 50 150 100 3483057 120957477000 34727.4 34830.6 1209574770 7.14866e+09
107_5_10_200_100_149 50 150 0.489588 0.153276 0.887141 9.92675 219.999 4.01399
107_5_10_200_100_149 50 150 100 3481521 120868536000 34717.2 34815.2 1208685360 6.79367e+09
107_5_10_200_150_199 50 150 0.496642 0.153614 0.905715 10.0071 209.882 4.11829
107_5_10_200_150_199 50 150 100 3482749 121351776000 34843.7 34827.5 1213517760 7.09544e+09
107_5_10_200_200_249 50 150 0.488209 0.153104 0.892625 9.91701 145.112 4.02873
107_5_10_200_200_249 50 150 100 3483193 121372264500 34845.1 34831.9 1213722645 6.95181e+09
107_5_10_200_250_299 50 150 0.49789 0.153625 0.903353 10.0107 194.185 4.12452
107_5_10_200_250_299 50 150 100 3412897 118567597500 34741 34129 1185675975 6.84039e+09
107_5_10_200_300_349 50 150 0.4944 0.153746 0.897723 9.95015 279.658 4.07323
107_5_10_200_300_349 50 150 100 3484612 121396651500 34837.9 34846.1 1213966515 7.19239e+09
107_5_10_200_350_399 50 150 0.493782 0.154226 0.910238 9.9504 287.534 4.10795
107_5_10_200_350_399 50 150 100 3485326 121120809000 34751.6 34853.3 1211208090 6.98187e+09
107_5_10_200_400_449 50 150 0.494982 0.153183 0.899823 9.9884 148.284 4.12104
107_5_10_200_400_449 50 150 100 3485025 121037154000 34730.6 34850.2 1210371540 6.93254e+09
107_5_10_200_450_499 50 150 0.487819 0.152557 0.887942 9.88232 217.179 4.01171
107_5_10_200_450_499 50 150 100 3483850 120670938000 34637.2 34838.5 1206709380 6.80976e+09
