0 1 1 0 25 0.03125
0 1 4 0 28 0.046875
0 1 5 0 29 0.015625
0 1 6 0 30 0.015625
0 1 7 0 73 0.046875
0 1 8 0 74 0.0625
0 1 9 0 75 0.03125
0 1 10 0 76 0.046875
0 1 11 0 77 0.0625
0 1 12 0 78 0.0625
0 1 13 0 79 0.046875
0 1 14 0 52 0.0625
0 1 15 0 53 0.0625
0 1 16 0 54 0.0625
0 1 17 0 55 0.0625
0 1 18 0 56 0.0625
0 1 19 0 57 0.0625
0 1 20 0 58 0.0625
0 1 21 0 18 0.046875
0 1 25 0 22 0.03125
0 1 26 0 23 0.015625
1 2 1 1 25 0.03125
1 2 2 1 26 0.015625
1 2 4 1 28 0.046875
1 2 5 1 29 0.0625
1 2 6 1 30 0.046875
1 2 7 1 73 0.015625
1 2 8 1 74 0.046875
1 2 9 1 75 0.015625
1 2 10 1 76 0.046875
1 2 11 1 77 0.015625
1 2 12 1 78 0.03125
1 2 13 1 79 0.0625
1 2 14 1 52 0.0625
1 2 15 1 53 0.0625
1 2 16 1 54 0.0625
1 2 17 1 55 0.0625
1 2 18 1 56 0.0625
1 2 19 1 57 0.0625
1 2 20 1 58 0.03125
1 2 21 1 18 0.03125
1 2 22 1 19 0.046875
1 2 26 1 23 0.03125
1 2 27 1 74 0.015625
1 2 45 1 73 0.015625
1 2 50 1 78 0.015625
2 3 1 2 25 0.046875
2 3 2 2 26 0.015625
2 3 3 2 27 0.015625
2 3 4 2 28 0.046875
2 3 5 2 29 0.0625
2 3 6 2 30 0.015625
2 3 8 2 74 0.03125
2 3 9 2 75 0.0625
2 3 10 2 76 0.015625
2 3 12 2 78 0.0625
2 3 13 2 79 0.03125
2 3 14 2 52 0.0625
2 3 15 2 53 0.0625
2 3 16 2 54 0.0625
2 3 17 2 55 0.03125
2 3 18 2 56 0.0625
2 3 19 2 57 0.0625
2 3 20 2 58 0.0625
2 3 21 2 18 0.03125
2 3 22 2 19 0.03125
2 3 23 2 20 0.046875
2 3 25 2 22 0.03125
2 3 26 2 23 0.015625
2 3 56 2 76 0.03125
3 4 1 3 25 0.0625
3 4 2 3 26 0.046875
3 4 4 3 28 0.03125
3 4 5 3 29 0.0625
3 4 7 3 73 0.046875
3 4 8 3 74 0.03125
3 4 9 3 75 0.0625
3 4 11 3 77 0.0625
3 4 12 3 78 0.046875
3 4 13 3 79 0.03125
3 4 14 3 52 0.0625
3 4 15 3 53 0.0625
3 4 16 3 54 0.0625
3 4 17 3 55 0.0625
3 4 18 3 56 0.0625
3 4 19 3 57 0.0625
3 4 20 3 58 0.03125
3 4 22 3 19 0.03125
3 4 23 3 20 0.03125
3 4 26 3 23 0.03125
3 4 47 3 74 0.015625
4 0 4 4 28 0.0625
4 0 6 4 30 0.09375
4 0 7 4 73 0.171875
4 0 8 4 74 0.171875
4 0 9 4 75 0.171875
4 0 10 4 76 0.09375
4 0 11 4 77 0.0625
4 0 13 4 79 0.046875
4 0 17 4 55 0.09375
4 0 53 4 77 0.015625
4 0 58 4 79 0.015625
4 5 2 4 26 0.0625
4 5 4 4 28 0.0625
4 5 5 4 29 0.078125
4 5 11 4 77 0.046875
4 5 12 4 78 0.0625
4 5 13 4 79 0.046875
4 5 14 4 52 0.09375
4 5 15 4 53 0.09375
4 5 16 4 54 0.09375
4 5 17 4 55 0.03125
4 5 18 4 56 0.09375
4 5 19 4 57 0.078125
4 5 20 4 58 0.09375
4 5 23 4 20 0.0625
5 0 1 5 25 0.03125
5 0 4 5 28 0.03125
5 0 5 5 29 0.078125
5 0 6 5 30 0.015625
5 0 10 5 76 0.03125
5 0 12 5 78 0.09375
5 0 13 5 79 0.0625
5 0 14 5 52 0.09375
5 0 15 5 53 0.09375
5 0 16 5 54 0.09375
5 0 17 5 55 0.046875
5 0 18 5 56 0.09375
5 0 19 5 57 0.09375
5 0 20 5 58 0.09375
5 0 21 5 18 0.015625
5 0 26 5 23 0.03125
5 6 8 5 25 0.03125
5 6 10 5 26 0.078125
5 6 14 5 27 0.0625
5 6 17 5 27 0.046875
5 6 19 5 28 0.015625
5 6 21 5 28 0.0625
5 6 24 5 29 0.015625
5 6 26 5 30 0.0625
5 6 32 5 52 0.015625
5 6 47 5 73 0.046875
5 6 48 5 73 0.078125
5 6 53 5 74 0.015625
5 6 55 5 74 0.140625
5 6 59 5 75 0.15625
5 6 61 5 76 0.015625
5 6 64 5 77 0.15625
6 0 0 6 59 0.390625
6 0 3 6 61 0.375
6 0 12 6 64 0.234375
6 7 0 6 59 0.046875
6 7 1 6 60 0.125
6 7 2 6 61 0.046875
6 7 3 6 62 0.09375
6 7 4 6 63 0.125
6 7 5 6 64 0.0625
6 7 6 6 65 0.109375
6 7 15 6 67 0.046875
6 7 16 6 68 0.0625
6 7 18 6 70 0.125
6 7 20 6 72 0.03125
6 7 21 6 12 0.046875
6 7 49 6 67 0.046875
6 7 57 6 72 0.03125
7 8 0 7 59 0.0625
7 8 1 7 60 0.0625
7 8 2 7 61 0.0625
7 8 3 7 62 0.0625
7 8 4 7 63 0.0625
7 8 5 7 64 0.0625
7 8 6 7 65 0.0625
7 8 8 7 32 0.015625
7 8 9 7 33 0.046875
7 8 10 7 34 0.015625
7 8 11 7 35 0.015625
7 8 14 7 66 0.0625
7 8 15 7 67 0.03125
7 8 16 7 68 0.046875
7 8 17 7 69 0.015625
7 8 18 7 70 0.03125
7 8 19 7 71 0.015625
7 8 20 7 72 0.0625
7 8 21 7 12 0.0625
7 8 22 7 13 0.0625
7 8 23 7 14 0.015625
7 8 24 7 15 0.015625
7 8 25 7 16 0.015625
7 8 48 7 67 0.015625
7 8 52 7 68 0.015625
8 9 0 8 59 0.0625
8 9 1 8 60 0.03125
8 9 2 8 61 0.0625
8 9 3 8 62 0.0625
8 9 4 8 63 0.0625
8 9 5 8 64 0.03125
8 9 6 8 65 0.0625
8 9 8 8 32 0.015625
8 9 9 8 33 0.03125
8 9 11 8 35 0.0625
8 9 12 8 36 0.03125
8 9 14 8 66 0.046875
8 9 16 8 68 0.046875
8 9 17 8 69 0.0625
8 9 18 8 70 0.0625
8 9 19 8 71 0.0625
8 9 20 8 72 0.03125
8 9 21 8 12 0.0625
8 9 22 8 13 0.015625
8 9 23 8 14 0.015625
8 9 24 8 15 0.03125
8 9 25 8 16 0.03125
8 9 57 8 72 0.015625
9 10 0 9 59 0.046875
9 10 1 9 60 0.0625
9 10 2 9 61 0.0625
9 10 3 9 62 0.015625
9 10 4 9 63 0.0625
9 10 5 9 64 0.0625
9 10 6 9 65 0.0625
9 10 9 9 33 0.03125
9 10 10 9 34 0.03125
9 10 12 9 36 0.046875
9 10 14 9 66 0.015625
9 10 15 9 67 0.03125
9 10 16 9 68 0.03125
9 10 17 9 69 0.03125
9 10 18 9 70 0.046875
9 10 19 9 71 0.03125
9 10 20 9 72 0.015625
9 10 21 9 12 0.0625
9 10 22 9 13 0.0625
9 10 23 9 14 0.015625
9 10 24 9 15 0.015625
9 10 25 9 16 0.046875
9 10 42 9 66 0.015625
9 10 45 9 67 0.015625
9 10 49 9 68 0.03125
9 10 52 9 69 0.03125
9 10 53 9 70 0.015625
10 6 1 10 60 0.3125
10 6 2 10 61 0.078125
10 6 3 10 62 0.25
10 6 5 10 64 0.140625
10 6 45 10 66 0.015625
10 6 54 10 72 0.203125
10 11 0 10 59 0.078125
10 11 2 10 61 0.0625
10 11 3 10 62 0.015625
10 11 4 10 63 0.078125
10 11 5 10 64 0.046875
10 11 6 10 65 0.03125
10 11 8 10 32 0.03125
10 11 9 10 33 0.078125
10 11 10 10 34 0.0625
10 11 11 10 35 0.015625
10 11 12 10 36 0.03125
10 11 13 10 37 0.0625
10 11 15 10 67 0.03125
10 11 16 10 68 0.03125
10 11 18 10 70 0.046875
10 11 19 10 71 0.046875
10 11 20 10 72 0.015625
10 11 21 10 12 0.0625
10 11 22 10 13 0.078125
10 11 23 10 14 0.078125
10 11 26 10 17 0.015625
11 7 0 11 59 0.015625
11 7 2 11 61 0.078125
11 7 3 11 62 0.03125
11 7 5 11 64 0.0625
11 7 7 11 31 0.078125
11 7 8 11 32 0.078125
11 7 9 11 33 0.109375
11 7 10 11 34 0.09375
11 7 12 11 36 0.125
11 7 13 11 37 0.03125
11 7 16 11 68 0.046875
11 7 17 11 69 0.046875
11 7 22 11 13 0.046875
11 7 23 11 14 0.0625
11 7 25 11 16 0.015625
11 7 26 11 17 0.015625
11 7 54 11 70 0.0625
11 12 0 11 12 0.0625
11 12 1 11 59 0.0625
11 12 2 11 60 0.0625
11 12 3 11 61 0.03125
11 12 4 11 62 0.046875
11 12 5 11 63 0.03125
11 12 6 11 64 0.03125
11 12 7 11 65 0.0625
11 12 8 11 66 0.0625
11 12 9 11 67 0.0625
11 12 10 11 68 0.03125
11 12 11 11 69 0.03125
11 12 12 11 70 0.015625
11 12 13 11 71 0.0625
11 12 14 11 72 0.046875
11 12 18 11 63 0.046875
11 12 29 11 34 0.015625
11 12 54 11 13 0.015625
11 12 58 11 13 0.015625
11 12 61 11 15 0.046875
11 12 63 11 15 0.03125
11 12 66 11 16 0.03125
11 12 67 11 16 0.015625
11 12 96 11 68 0.015625
11 12 99 11 69 0.015625
11 12 103 11 70 0.015625
11 12 106 11 71 0.015625
11 12 108 11 72 0.015625
12 5 8 12 61 0.015625
12 5 21 12 65 0.046875
12 5 29 12 39 0.0625
12 5 33 12 41 0.03125
12 5 36 12 42 0.046875
12 5 38 12 43 0.140625
12 5 59 12 7 0.109375
12 5 71 12 38 0.015625
12 5 72 12 40 0.015625
12 5 75 12 40 0.015625
12 5 79 12 44 0.03125
12 5 90 12 68 0.1875
12 5 96 12 70 0.140625
12 5 98 12 72 0.140625
12 13 0 12 59 0.0625
12 13 1 12 60 0.03125
12 13 2 12 61 0.046875
12 13 3 12 62 0.046875
12 13 4 12 63 0.046875
12 13 5 12 64 0.03125
12 13 6 12 65 0.0625
12 13 7 12 6 0.09375
12 13 15 12 40 0.0625
12 13 16 12 41 0.0625
12 13 17 12 42 0.078125
12 13 18 12 43 0.03125
12 13 20 12 66 0.09375
12 13 21 12 67 0.046875
12 13 23 12 69 0.09375
12 13 25 12 71 0.046875
12 13 26 12 72 0.015625
12 13 78 12 71 0.046875
13 12 16 13 41 0.34375
13 12 18 13 43 0.40625
13 12 19 13 44 0.25
13 14 1 13 60 0.046875
13 14 2 13 61 0.03125
13 14 3 13 62 0.046875
13 14 4 13 63 0.046875
13 14 5 13 64 0.015625
13 14 6 13 65 0.0625
13 14 7 13 6 0.046875
13 14 8 13 7 0.03125
13 14 10 13 9 0.046875
13 14 13 13 38 0.046875
13 14 14 13 39 0.046875
13 14 15 13 40 0.046875
13 14 16 13 41 0.03125
13 14 17 13 42 0.03125
13 14 18 13 43 0.03125
13 14 19 13 44 0.03125
13 14 20 13 66 0.03125
13 14 21 13 67 0.03125
13 14 22 13 68 0.03125
13 14 23 13 69 0.0625
13 14 24 13 70 0.0625
13 14 25 13 71 0.0625
13 14 26 13 72 0.046875
13 14 69 13 66 0.015625
13 14 70 13 67 0.015625
14 15 0 14 59 0.03125
14 15 1 14 60 0.046875
14 15 2 14 61 0.015625
14 15 3 14 62 0.046875
14 15 4 14 63 0.03125
14 15 5 14 64 0.015625
14 15 6 14 65 0.03125
14 15 7 14 6 0.046875
14 15 8 14 7 0.015625
14 15 9 14 8 0.015625
14 15 10 14 9 0.015625
14 15 11 14 10 0.03125
14 15 13 14 38 0.046875
14 15 14 14 39 0.046875
14 15 15 14 40 0.046875
14 15 16 14 41 0.046875
14 15 17 14 42 0.046875
14 15 18 14 43 0.046875
14 15 19 14 44 0.046875
14 15 20 14 66 0.046875
14 15 21 14 67 0.046875
14 15 22 14 68 0.046875
14 15 23 14 69 0.046875
14 15 24 14 70 0.046875
14 15 25 14 71 0.046875
14 15 26 14 72 0.046875
15 11 0 15 11 0.109375
15 11 2 15 60 0.09375
15 11 3 15 61 0.03125
15 11 4 15 62 0.046875
15 11 6 15 64 0.046875
15 11 7 15 65 0.0625
15 11 8 15 66 0.015625
15 11 9 15 67 0.0625
15 11 10 15 68 0.0625
15 11 11 15 69 0.109375
15 11 12 15 70 0.03125
15 11 13 15 71 0.03125
15 11 14 15 72 0.0625
15 11 29 15 7 0.046875
15 11 30 15 7 0.015625
15 11 35 15 9 0.03125
15 11 48 15 40 0.015625
15 11 54 15 44 0.03125
15 11 63 15 71 0.046875
15 11 91 15 44 0.046875
15 16 0 15 59 0.078125
15 16 2 15 61 0.046875
15 16 3 15 62 0.03125
15 16 4 15 63 0.078125
15 16 5 15 64 0.046875
15 16 6 15 65 0.03125
15 16 7 15 6 0.0625
15 16 8 15 7 0.03125
15 16 9 15 8 0.046875
15 16 10 15 9 0.015625
15 16 11 15 10 0.046875
15 16 13 15 38 0.046875
15 16 14 15 39 0.078125
15 16 15 15 40 0.03125
15 16 16 15 41 0.0625
15 16 18 15 43 0.078125
15 16 20 15 66 0.046875
15 16 21 15 67 0.03125
15 16 24 15 70 0.046875
15 16 25 15 71 0.015625
15 16 26 15 72 0.03125
15 16 61 15 44 0.015625
16 14 0 16 59 0.1875
16 14 1 16 60 0.015625
16 14 2 16 61 0.09375
16 14 3 16 62 0.046875
16 14 5 16 64 0.15625
16 14 9 16 8 0.125
16 14 12 16 11 0.09375
16 14 14 16 39 0.015625
16 14 17 16 42 0.0625
16 14 18 16 43 0.109375
16 14 19 16 44 0.0625
16 14 20 16 66 0.015625
16 14 61 16 66 0.015625
16 17 1 16 60 0.03125
16 17 3 16 62 0.046875
16 17 5 16 64 0.015625
16 17 6 16 65 0.0625
16 17 7 16 6 0.0625
16 17 8 16 7 0.046875
16 17 9 16 8 0.015625
16 17 10 16 9 0.03125
16 17 11 16 10 0.015625
16 17 12 16 11 0.03125
16 17 14 16 39 0.0625
16 17 15 16 40 0.0625
16 17 16 16 41 0.0625
16 17 17 16 42 0.015625
16 17 18 16 43 0.03125
16 17 19 16 44 0.046875
16 17 20 16 66 0.0625
16 17 21 16 67 0.0625
16 17 22 16 68 0.046875
16 17 23 16 69 0.03125
16 17 24 16 70 0.046875
16 17 25 16 71 0.03125
16 17 26 16 72 0.0625
16 17 62 16 68 0.015625
17 18 0 17 38 0.046875
17 18 2 17 39 0.046875
17 18 4 17 40 0.015625
17 18 6 17 40 0.015625
17 18 8 17 41 0.03125
17 18 12 17 42 0.015625
17 18 15 17 42 0.03125
17 18 16 17 43 0.015625
17 18 17 17 43 0.015625
17 18 20 17 44 0.015625
17 18 22 17 44 0.03125
17 18 25 17 66 0.03125
17 18 26 17 66 0.015625
17 18 28 17 67 0.046875
17 18 31 17 68 0.03125
17 18 32 17 69 0.03125
17 18 34 17 70 0.015625
17 18 35 17 70 0.015625
17 18 36 17 71 0.03125
17 18 37 17 71 0.015625
17 18 38 17 59 0.03125
17 18 42 17 60 0.015625
17 18 43 17 60 0.015625
17 18 47 17 61 0.03125
17 18 50 17 61 0.015625
17 18 51 17 62 0.015625
17 18 52 17 62 0.015625
17 18 56 17 63 0.015625
17 18 61 17 64 0.015625
17 18 63 17 65 0.015625
17 18 68 17 65 0.015625
17 18 72 17 6 0.015625
17 18 73 17 6 0.015625
17 18 74 17 6 0.015625
17 18 77 17 7 0.015625
17 18 78 17 8 0.015625
17 18 79 17 9 0.015625
17 18 81 17 9 0.015625
17 18 84 17 10 0.03125
17 18 87 17 11 0.015625
17 18 93 17 41 0.015625
17 18 95 17 69 0.015625
17 18 112 17 7 0.03125
17 18 114 17 8 0.015625
17 18 147 17 70 0.015625
17 18 150 17 72 0.03125
18 19 0 18 0 0.03125
18 19 2 18 2 0.015625
18 19 3 18 3 0.015625
18 19 4 18 4 0.03125
18 19 5 18 5 0.03125
18 19 6 18 73 0.046875
18 19 7 18 74 0.03125
18 19 8 18 75 0.046875
18 19 9 18 76 0.046875
18 19 10 18 77 0.046875
18 19 11 18 78 0.03125
18 19 12 18 79 0.046875
18 19 13 18 52 0.046875
18 19 14 18 53 0.046875
18 19 15 18 54 0.046875
18 19 16 18 55 0.046875
18 19 17 18 56 0.046875
18 19 18 18 57 0.03125
18 19 19 18 58 0.03125
18 19 20 18 45 0.03125
18 19 21 18 46 0.046875
18 19 22 18 47 0.046875
18 19 23 18 48 0.03125
18 19 24 18 49 0.046875
18 19 25 18 50 0.046875
18 19 26 18 51 0.03125
19 20 0 19 0 0.03125
19 20 1 19 1 0.03125
19 20 3 19 3 0.015625
19 20 4 19 4 0.015625
19 20 5 19 5 0.03125
19 20 6 19 73 0.03125
19 20 7 19 74 0.03125
19 20 8 19 75 0.046875
19 20 9 19 76 0.046875
19 20 10 19 77 0.03125
19 20 11 19 78 0.046875
19 20 12 19 79 0.03125
19 20 13 19 52 0.046875
19 20 14 19 53 0.046875
19 20 15 19 54 0.046875
19 20 16 19 55 0.046875
19 20 17 19 56 0.046875
19 20 18 19 57 0.046875
19 20 19 19 58 0.046875
19 20 20 19 45 0.03125
19 20 21 19 46 0.046875
19 20 22 19 47 0.046875
19 20 23 19 48 0.046875
19 20 24 19 49 0.046875
19 20 25 19 50 0.03125
19 20 26 19 51 0.03125
20 13 0 20 73 0.03125
20 13 4 20 76 0.03125
20 13 6 20 76 0.03125
20 13 7 20 77 0.078125
20 13 10 20 78 0.03125
20 13 11 20 78 0.015625
20 13 19 20 46 0.015625
20 13 21 20 47 0.078125
20 13 22 20 47 0.03125
20 13 27 20 49 0.046875
20 13 30 20 49 0.0625
20 13 31 20 50 0.046875
20 13 34 20 51 0.03125
20 13 35 20 51 0.078125
20 13 40 20 0 0.015625
20 13 42 20 0 0.046875
20 13 47 20 1 0.015625
20 13 62 20 52 0.046875
20 13 74 20 54 0.078125
20 13 87 20 58 0.03125
20 13 89 20 58 0.078125
20 13 99 20 50 0.03125
20 13 107 20 2 0.03125
20 13 153 20 50 0.015625
20 21 0 20 0 0.03125
20 21 1 20 1 0.046875
20 21 2 20 2 0.046875
20 21 3 20 3 0.015625
20 21 4 20 4 0.03125
20 21 5 20 5 0.015625
20 21 6 20 73 0.046875
20 21 7 20 74 0.0625
20 21 8 20 75 0.0625
20 21 9 20 76 0.03125
20 21 10 20 77 0.015625
20 21 11 20 78 0.03125
20 21 12 20 79 0.0625
20 21 13 20 52 0.03125
20 21 14 20 53 0.0625
20 21 15 20 54 0.015625
20 21 16 20 55 0.0625
20 21 17 20 56 0.0625
20 21 18 20 57 0.0625
20 21 20 20 45 0.0625
20 21 21 20 46 0.0625
20 21 23 20 48 0.0625
20 21 25 20 50 0.015625
21 16 1 21 75 0.078125
21 16 7 21 78 0.046875
21 16 11 21 79 0.109375
21 16 13 21 45 0.03125
21 16 14 21 45 0.09375
21 16 18 21 46 0.0625
21 16 22 21 47 0.015625
21 16 23 21 47 0.015625
21 16 32 21 50 0.015625
21 16 33 21 50 0.015625
21 16 34 21 50 0.078125
21 16 37 21 51 0.03125
21 16 38 21 51 0.09375
21 16 39 21 51 0.015625
21 16 42 21 0 0.046875
21 16 44 21 0 0.03125
21 16 50 21 2 0.046875
21 16 78 21 53 0.0625
21 16 94 21 57 0.015625
21 16 108 21 2 0.03125
21 16 125 21 74 0.0625
21 22 0 21 0 0.015625
21 22 1 21 1 0.046875
21 22 2 21 2 0.03125
21 22 3 21 3 0.046875
21 22 4 21 4 0.046875
21 22 5 21 5 0.046875
21 22 6 21 73 0.046875
21 22 7 21 74 0.03125
21 22 8 21 75 0.03125
21 22 9 21 76 0.046875
21 22 10 21 77 0.046875
21 22 11 21 78 0.03125
21 22 12 21 79 0.015625
21 22 13 21 52 0.046875
21 22 14 21 53 0.03125
21 22 15 21 54 0.046875
21 22 16 21 55 0.046875
21 22 17 21 56 0.046875
21 22 18 21 57 0.046875
21 22 19 21 58 0.046875
21 22 20 21 45 0.015625
21 22 21 21 46 0.03125
21 22 22 21 47 0.046875
21 22 23 21 48 0.046875
21 22 24 21 49 0.046875
21 22 25 21 50 0.015625
22 23 0 22 0 0.015625
22 23 1 22 1 0.015625
22 23 2 22 2 0.03125
22 23 3 22 3 0.03125
22 23 4 22 4 0.046875
22 23 5 22 5 0.03125
22 23 6 22 73 0.046875
22 23 7 22 74 0.046875
22 23 8 22 75 0.046875
22 23 9 22 76 0.046875
22 23 10 22 77 0.046875
22 23 11 22 78 0.046875
22 23 12 22 79 0.046875
22 23 13 22 52 0.015625
22 23 14 22 53 0.015625
22 23 15 22 54 0.046875
22 23 16 22 55 0.046875
22 23 17 22 56 0.015625
22 23 19 22 58 0.03125
22 23 20 22 45 0.046875
22 23 21 22 46 0.046875
22 23 22 22 47 0.046875
22 23 23 22 48 0.046875
22 23 24 22 49 0.046875
22 23 25 22 50 0.046875
22 23 26 22 51 0.046875
23 24 0 23 0 0.03125
23 24 1 23 1 0.03125
23 24 2 23 2 0.015625
23 24 3 23 3 0.03125
23 24 4 23 4 0.03125
23 24 5 23 5 0.046875
23 24 6 23 52 0.046875
23 24 7 23 53 0.015625
23 24 8 23 54 0.046875
23 24 9 23 55 0.046875
23 24 10 23 56 0.046875
23 24 11 23 57 0.046875
23 24 12 23 58 0.046875
23 24 13 23 75 0.015625
23 24 14 23 76 0.015625
23 24 16 23 76 0.015625
23 24 20 23 53 0.03125
23 24 54 23 79 0.03125
23 24 83 23 51 0.03125
23 24 87 23 73 0.015625
23 24 89 23 74 0.015625
23 24 90 23 74 0.015625
23 24 94 23 75 0.015625
23 24 95 23 75 0.015625
23 24 100 23 76 0.015625
23 24 102 23 77 0.046875
23 24 104 23 78 0.015625
23 24 117 23 45 0.015625
23 24 119 23 46 0.015625
23 24 123 23 47 0.03125
23 24 125 23 47 0.015625
23 24 129 23 48 0.015625
23 24 131 23 48 0.03125
23 24 141 23 51 0.015625
23 24 146 23 73 0.03125
23 24 153 23 78 0.015625
23 24 157 23 79 0.015625
23 24 170 23 50 0.015625
24 17 0 24 59 0.109375
24 17 1 24 60 0.0625
24 17 2 24 61 0.109375
24 17 3 24 62 0.046875
24 17 4 24 63 0.109375
24 17 5 24 64 0.09375
24 17 10 24 31 0.046875
24 17 11 24 31 0.015625
24 17 16 24 33 0.015625
24 17 17 24 33 0.046875
24 17 20 24 34 0.09375
24 17 25 24 35 0.046875
24 17 32 24 1 0.015625
24 17 33 24 2 0.09375
24 17 39 24 3 0.0625
24 17 49 24 60 0.03125
24 25 1 24 1 0.03125
24 25 2 24 2 0.015625
24 25 4 24 4 0.078125
24 25 7 24 60 0.015625
24 25 9 24 62 0.015625
24 25 11 24 64 0.015625
24 25 12 24 65 0.078125
24 25 13 24 52 0.046875
24 25 14 24 53 0.078125
24 25 15 24 54 0.015625
24 25 16 24 55 0.046875
24 25 17 24 56 0.078125
24 25 18 24 57 0.078125
24 25 19 24 58 0.078125
24 25 20 24 31 0.03125
24 25 21 24 32 0.0625
24 25 22 24 33 0.046875
24 25 23 24 34 0.015625
24 25 24 24 35 0.046875
24 25 25 24 36 0.078125
24 25 26 24 37 0.046875
25 26 0 25 0 0.03125
25 26 1 25 1 0.03125
25 26 2 25 2 0.015625
25 26 5 25 5 0.015625
25 26 6 25 59 0.0625
25 26 7 25 60 0.0625
25 26 8 25 61 0.046875
25 26 9 25 62 0.03125
25 26 10 25 63 0.0625
25 26 11 25 64 0.015625
25 26 12 25 65 0.046875
25 26 13 25 52 0.03125
25 26 14 25 53 0.0625
25 26 15 25 54 0.046875
25 26 16 25 55 0.0625
25 26 17 25 56 0.03125
25 26 18 25 57 0.046875
25 26 19 25 58 0.0625
25 26 21 25 32 0.03125
25 26 22 25 33 0.03125
25 26 23 25 34 0.03125
25 26 24 25 35 0.046875
25 26 25 25 36 0.03125
25 26 26 25 37 0.046875
25 26 28 25 52 0.015625
26 27 0 26 0 0.046875
26 27 1 26 1 0.046875
26 27 2 26 2 0.03125
26 27 3 26 3 0.03125
26 27 4 26 4 0.015625
26 27 5 26 5 0.015625
26 27 6 26 59 0.03125
26 27 7 26 60 0.046875
26 27 8 26 61 0.0625
26 27 9 26 62 0.046875
26 27 10 26 63 0.03125
26 27 11 26 64 0.046875
26 27 12 26 65 0.03125
26 27 13 26 52 0.046875
26 27 14 26 53 0.0625
26 27 15 26 54 0.046875
26 27 16 26 55 0.0625
26 27 17 26 56 0.0625
26 27 18 26 57 0.03125
26 27 19 26 58 0.046875
26 27 21 26 32 0.015625
26 27 22 26 33 0.046875
26 27 24 26 35 0.015625
26 27 25 26 36 0.046875
26 27 26 26 37 0.03125
27 21 0 27 0 0.046875
27 21 1 27 1 0.015625
27 21 2 27 2 0.03125
27 21 3 27 3 0.078125
27 21 4 27 4 0.046875
27 21 5 27 5 0.0625
27 21 6 27 52 0.03125
27 21 12 27 58 0.09375
27 21 14 27 1 0.078125
27 21 16 27 4 0.046875
27 21 17 27 5 0.015625
27 21 26 27 37 0.078125
27 21 32 27 0 0.03125
27 21 34 27 2 0.03125
27 21 38 27 2 0.03125
27 21 100 27 59 0.015625
27 21 103 27 60 0.03125
27 21 116 27 63 0.03125
27 21 117 27 64 0.015625
27 21 119 27 64 0.015625
27 21 130 27 32 0.0625
27 21 140 27 34 0.015625
27 21 145 27 35 0.015625
27 21 147 27 35 0.03125
27 21 152 27 36 0.046875
27 22 8 27 54 0.078125
27 22 21 27 33 0.265625
27 22 28 27 36 0.03125
27 22 30 27 37 0.0625
27 22 33 27 0 0.078125
27 22 112 27 64 0.078125
27 22 124 27 32 0.171875
27 22 139 27 35 0.15625
27 22 144 27 36 0.015625
27 22 191 27 33 0.0625
27 28 6 27 59 0.0625
27 28 7 27 60 0.046875
27 28 8 27 61 0.09375
27 28 9 27 62 0.09375
27 28 10 27 63 0.046875
27 28 11 27 64 0.015625
27 28 12 27 65 0.078125
27 28 13 27 52 0.03125
27 28 14 27 53 0.078125
27 28 15 27 54 0.078125
27 28 16 27 55 0.09375
27 28 17 27 56 0.09375
27 28 18 27 57 0.078125
27 28 23 27 34 0.046875
27 28 24 27 35 0.03125
27 28 25 27 36 0.03125
28 29 6 28 59 0.078125
28 29 7 28 60 0.0625
28 29 8 28 61 0.0625
28 29 9 28 62 0.078125
28 29 10 28 63 0.078125
28 29 11 28 64 0.078125
28 29 12 28 65 0.03125
28 29 13 28 52 0.078125
28 29 14 28 53 0.078125
28 29 15 28 54 0.078125
28 29 16 28 55 0.015625
28 29 17 28 56 0.078125
28 29 18 28 57 0.078125
28 29 19 28 58 0.078125
28 29 21 28 32 0.015625
28 29 26 28 37 0.03125
29 25 6 29 59 0.15625
29 25 7 29 60 0.140625
29 25 8 29 61 0.0625
29 25 9 29 62 0.03125
29 25 10 29 63 0.15625
29 25 11 29 64 0.140625
29 25 12 29 65 0.015625
29 25 13 29 52 0.0625
29 25 16 29 55 0.046875
29 25 20 29 31 0.03125
29 25 23 29 34 0.046875
29 25 25 29 36 0.015625
29 25 26 29 37 0.015625
29 25 57 29 56 0.078125
29 30 9 29 62 0.109375
29 30 11 29 64 0.03125
29 30 12 29 65 0.109375
29 30 13 29 52 0.078125
29 30 14 29 53 0.140625
29 30 15 29 54 0.140625
29 30 16 29 55 0.09375
29 30 17 29 56 0.0625
29 30 18 29 57 0.140625
29 30 19 29 58 0.078125
29 30 21 29 32 0.015625
30 31 0 30 31 0.0625
30 31 1 30 59 0.046875
30 31 2 30 60 0.0625
30 31 3 30 61 0.03125
30 31 4 30 62 0.046875
30 31 5 30 63 0.046875
30 31 6 30 64 0.015625
30 31 7 30 65 0.0625
30 31 8 30 52 0.046875
30 31 9 30 53 0.046875
30 31 10 30 54 0.0625
30 31 11 30 55 0.015625
30 31 12 30 56 0.0625
30 31 13 30 57 0.046875
30 31 14 30 58 0.046875
30 31 17 30 1 0.015625
30 31 21 30 2 0.015625
30 31 26 30 4 0.015625
30 31 27 30 5 0.03125
30 31 28 30 5 0.03125
30 31 34 30 64 0.046875
30 31 41 30 55 0.03125
30 31 47 30 32 0.015625
30 31 50 30 33 0.015625
30 31 55 30 34 0.03125
30 31 64 30 35 0.015625
30 31 71 30 37 0.015625
30 31 72 30 37 0.015625
31 27 0 31 27 0.1875
31 27 1 31 52 0.015625
31 27 6 31 57 0.0625
31 27 8 31 59 0.015625
31 27 9 31 60 0.015625
31 27 16 31 24 0.0625
31 27 19 31 25 0.015625
31 27 21 31 26 0.015625
31 27 22 31 26 0.015625
31 27 25 31 28 0.03125
31 27 26 31 28 0.015625
31 27 30 31 30 0.078125
31 27 47 31 56 0.015625
31 27 60 31 63 0.015625
31 27 67 31 7 0.015625
31 27 69 31 8 0.078125
31 27 73 31 10 0.09375
31 27 78 31 11 0.125
31 27 99 31 24 0.0625
31 27 140 31 9 0.015625
31 27 166 31 10 0.046875
31 28 1 31 52 0.125
31 28 7 31 58 0.46875
31 28 18 31 25 0.078125
31 28 20 31 26 0.078125
31 28 67 31 8 0.25
31 32 0 31 24 0.015625
31 32 1 31 25 0.015625
31 32 2 31 26 0.046875
31 32 4 31 28 0.046875
31 32 5 31 29 0.046875
31 32 6 31 30 0.03125
31 32 7 31 52 0.03125
31 32 8 31 53 0.0625
31 32 9 31 54 0.046875
31 32 10 31 55 0.0625
31 32 11 31 56 0.046875
31 32 12 31 57 0.03125
31 32 13 31 58 0.015625
31 32 14 31 59 0.046875
31 32 15 31 60 0.046875
31 32 16 31 61 0.0625
31 32 17 31 62 0.0625
31 32 18 31 63 0.046875
31 32 19 31 64 0.0625
31 32 20 31 65 0.0625
31 32 21 31 6 0.0625
31 32 22 31 7 0.015625
31 32 24 31 9 0.015625
31 32 26 31 11 0.015625
32 33 1 32 25 0.015625
32 33 3 32 27 0.03125
32 33 4 32 28 0.046875
32 33 5 32 29 0.046875
32 33 6 32 30 0.046875
32 33 7 32 52 0.046875
32 33 8 32 53 0.046875
32 33 9 32 54 0.046875
32 33 10 32 55 0.046875
32 33 11 32 56 0.046875
32 33 12 32 57 0.03125
32 33 13 32 58 0.046875
32 33 14 32 59 0.046875
32 33 15 32 60 0.0625
32 33 16 32 61 0.0625
32 33 17 32 62 0.0625
32 33 18 32 63 0.046875
32 33 19 32 64 0.0625
32 33 20 32 65 0.0625
32 33 21 32 6 0.046875
32 33 22 32 7 0.015625
32 33 24 32 9 0.03125
33 34 1 33 25 0.03125
33 34 2 33 26 0.015625
33 34 4 33 28 0.046875
33 34 5 33 29 0.03125
33 34 6 33 30 0.03125
33 34 7 33 52 0.046875
33 34 8 33 53 0.03125
33 34 9 33 54 0.0625
33 34 10 33 55 0.046875
33 34 11 33 56 0.0625
33 34 12 33 57 0.046875
33 34 13 33 58 0.03125
33 34 14 33 59 0.0625
33 34 15 33 60 0.0625
33 34 16 33 61 0.046875
33 34 17 33 62 0.046875
33 34 18 33 63 0.0625
33 34 19 33 64 0.0625
33 34 20 33 65 0.0625
33 34 21 33 6 0.046875
33 34 23 33 8 0.015625
33 34 24 33 9 0.015625
33 34 29 33 24 0.03125
34 35 2 34 26 0.03125
34 35 4 34 28 0.03125
34 35 5 34 29 0.046875
34 35 6 34 30 0.03125
34 35 7 34 52 0.046875
34 35 8 34 53 0.046875
34 35 9 34 54 0.046875
34 35 10 34 55 0.0625
34 35 11 34 56 0.046875
34 35 12 34 57 0.0625
34 35 13 34 58 0.0625
34 35 14 34 59 0.046875
34 35 15 34 60 0.046875
34 35 16 34 61 0.0625
34 35 17 34 62 0.0625
34 35 18 34 63 0.0625
34 35 19 34 64 0.0625
34 35 20 34 65 0.0625
34 35 21 34 6 0.03125
34 35 24 34 9 0.046875
35 36 1 35 25 0.015625
35 36 4 35 28 0.03125
35 36 5 35 29 0.046875
35 36 6 35 30 0.046875
35 36 7 35 52 0.0625
35 36 8 35 53 0.015625
35 36 9 35 54 0.015625
35 36 10 35 55 0.046875
35 36 11 35 56 0.0625
35 36 12 35 57 0.046875
35 36 13 35 58 0.046875
35 36 14 35 59 0.0625
35 36 15 35 60 0.0625
35 36 16 35 61 0.0625
35 36 17 35 62 0.0625
35 36 18 35 63 0.0625
35 36 19 35 64 0.0625
35 36 20 35 65 0.046875
35 36 21 35 6 0.03125
35 36 22 35 7 0.046875
35 36 23 35 8 0.03125
35 36 25 35 10 0.03125
36 37 2 36 26 0.015625
36 37 4 36 28 0.03125
36 37 5 36 29 0.046875
36 37 6 36 30 0.03125
36 37 7 36 52 0.046875
36 37 8 36 53 0.046875
36 37 9 36 54 0.0625
36 37 10 36 55 0.046875
36 37 11 36 56 0.0625
36 37 12 36 57 0.03125
36 37 13 36 58 0.0625
36 37 14 36 59 0.0625
36 37 15 36 60 0.046875
36 37 16 36 61 0.046875
36 37 17 36 62 0.0625
36 37 18 36 63 0.0625
36 37 19 36 64 0.0625
36 37 20 36 65 0.046875
36 37 21 36 6 0.015625
36 37 23 36 8 0.046875
36 37 24 36 9 0.03125
36 37 26 36 11 0.03125
37 38 1 37 59 0.015625
37 38 3 37 60 0.03125
37 38 4 37 61 0.03125
37 38 10 37 64 0.03125
37 38 12 37 6 0.03125
37 38 13 37 6 0.015625
37 38 14 37 6 0.015625
37 38 16 37 7 0.015625
37 38 17 37 7 0.03125
37 38 19 37 8 0.046875
37 38 20 37 8 0.015625
37 38 29 37 10 0.015625
37 38 31 37 24 0.015625
37 38 33 37 25 0.015625
37 38 37 37 28 0.015625
37 38 40 37 29 0.03125
37 38 45 37 52 0.046875
37 38 50 37 53 0.046875
37 38 52 37 55 0.015625
37 38 53 37 55 0.03125
37 38 63 37 57 0.046875
37 38 64 37 58 0.015625
37 38 68 37 59 0.03125
37 38 72 37 65 0.046875
37 38 77 37 9 0.015625
37 38 79 37 9 0.03125
37 38 80 37 10 0.03125
37 38 100 37 28 0.015625
37 38 114 37 56 0.03125
37 38 116 37 58 0.015625
37 38 118 37 59 0.015625
37 38 123 37 61 0.015625
37 38 130 37 62 0.015625
37 38 131 37 62 0.03125
37 38 133 37 63 0.03125
37 38 136 37 64 0.015625
37 38 137 37 64 0.015625
37 38 173 37 58 0.03125
37 38 178 37 60 0.03125
38 39 1 38 74 0.0625
38 39 2 38 75 0.0625
38 39 3 38 76 0.046875
38 39 5 38 78 0.0625
38 39 6 38 79 0.0625
38 39 7 38 12 0.03125
38 39 13 38 66 0.046875
38 39 14 38 67 0.046875
38 39 15 38 68 0.046875
38 39 16 38 69 0.0625
38 39 17 38 70 0.0625
38 39 18 38 71 0.046875
38 39 19 38 72 0.03125
38 39 20 38 45 0.03125
38 39 21 38 46 0.046875
38 39 22 38 47 0.0625
38 39 23 38 48 0.015625
38 39 24 38 49 0.0625
38 39 25 38 50 0.046875
38 39 26 38 51 0.0625
39 40 0 39 73 0.046875
39 40 1 39 74 0.046875
39 40 2 39 75 0.03125
39 40 3 39 76 0.03125
39 40 5 39 78 0.03125
39 40 6 39 79 0.046875
39 40 7 39 12 0.015625
39 40 13 39 66 0.046875
39 40 14 39 67 0.0625
39 40 15 39 68 0.0625
39 40 16 39 69 0.0625
39 40 17 39 70 0.0625
39 40 18 39 71 0.046875
39 40 19 39 72 0.0625
39 40 20 39 45 0.046875
39 40 21 39 46 0.046875
39 40 22 39 47 0.03125
39 40 23 39 48 0.0625
39 40 24 39 49 0.046875
39 40 25 39 50 0.0625
39 40 26 39 51 0.046875
40 41 0 40 73 0.015625
40 41 1 40 74 0.0625
40 41 2 40 75 0.03125
40 41 3 40 76 0.046875
40 41 4 40 77 0.046875
40 41 5 40 78 0.03125
40 41 6 40 79 0.0625
40 41 13 40 66 0.046875
40 41 14 40 67 0.0625
40 41 15 40 68 0.0625
40 41 16 40 69 0.046875
40 41 17 40 70 0.0625
40 41 18 40 71 0.046875
40 41 19 40 72 0.0625
40 41 20 40 45 0.015625
40 41 21 40 46 0.046875
40 41 22 40 47 0.046875
40 41 23 40 48 0.03125
40 41 24 40 49 0.0625
40 41 25 40 50 0.0625
40 41 26 40 51 0.046875
41 42 0 41 73 0.046875
41 42 1 41 74 0.046875
41 42 2 41 75 0.0625
41 42 4 41 77 0.0625
41 42 5 41 78 0.046875
41 42 13 41 66 0.046875
41 42 14 41 67 0.0625
41 42 15 41 68 0.046875
41 42 16 41 69 0.015625
41 42 17 41 70 0.0625
41 42 18 41 71 0.0625
41 42 19 41 72 0.0625
41 42 20 41 45 0.046875
41 42 21 41 46 0.0625
41 42 22 41 47 0.0625
41 42 23 41 48 0.046875
41 42 24 41 49 0.046875
41 42 25 41 50 0.046875
41 42 26 41 51 0.0625
42 43 0 42 73 0.046875
42 43 2 42 75 0.0625
42 43 3 42 76 0.046875
42 43 4 42 77 0.0625
42 43 5 42 78 0.046875
42 43 6 42 79 0.015625
42 43 13 42 66 0.046875
42 43 14 42 67 0.0625
42 43 15 42 68 0.0625
42 43 16 42 69 0.046875
42 43 17 42 70 0.0625
42 43 18 42 71 0.046875
42 43 19 42 72 0.0625
42 43 20 42 45 0.0625
42 43 21 42 46 0.046875
42 43 22 42 47 0.046875
42 43 23 42 48 0.0625
42 43 24 42 49 0.015625
42 43 25 42 50 0.046875
42 43 26 42 51 0.015625
42 43 27 42 74 0.03125
43 44 0 43 73 0.0625
43 44 1 43 74 0.046875
43 44 2 43 75 0.03125
43 44 3 43 76 0.015625
43 44 5 43 78 0.03125
43 44 6 43 79 0.046875
43 44 13 43 66 0.0625
43 44 14 43 67 0.0625
43 44 15 43 68 0.0625
43 44 16 43 69 0.046875
43 44 17 43 70 0.0625
43 44 18 43 71 0.0625
43 44 19 43 72 0.046875
43 44 20 43 45 0.046875
43 44 21 43 46 0.0625
43 44 22 43 47 0.046875
43 44 23 43 48 0.046875
43 44 24 43 49 0.0625
43 44 25 43 50 0.046875
43 44 26 43 51 0.046875
44 31 0 44 12 0.046875
44 31 1 44 12 0.046875
44 31 3 44 13 0.03125
44 31 4 44 13 0.078125
44 31 23 44 67 0.015625
44 31 24 44 67 0.015625
44 31 25 44 67 0.078125
44 31 28 44 68 0.015625
44 31 30 44 68 0.046875
44 31 31 44 69 0.125
44 31 33 44 71 0.03125
44 31 34 44 71 0.09375
44 31 37 44 72 0.109375
44 31 67 44 46 0.015625
44 31 81 44 51 0.078125
44 31 83 44 74 0.03125
44 31 126 44 46 0.015625
44 31 139 44 49 0.015625
44 31 140 44 49 0.015625
44 31 147 44 51 0.0625
44 31 183 44 47 0.03125
44 45 0 44 45 0.0625
44 45 1 44 73 0.0625
44 45 2 44 74 0.015625
44 45 3 44 75 0.09375
44 45 4 44 76 0.078125
44 45 5 44 77 0.09375
44 45 6 44 78 0.09375
44 45 7 44 79 0.015625
44 45 8 44 66 0.0625
44 45 9 44 67 0.015625
44 45 10 44 68 0.046875
44 45 11 44 69 0.015625
44 45 12 44 70 0.09375
44 45 14 44 72 0.03125
44 45 33 44 66 0.015625
44 45 45 44 47 0.015625
44 45 52 44 48 0.03125
44 45 55 44 49 0.078125
44 45 59 44 50 0.0625
44 45 85 44 46 0.015625
45 30 0 45 73 0.0625
45 30 5 45 76 0.03125
45 30 6 45 76 0.046875
45 30 7 45 77 0.0625
45 30 8 45 77 0.03125
45 30 25 45 22 0.015625
45 30 35 45 78 0.03125
45 30 40 45 22 0.046875
45 30 41 45 66 0.015625
45 30 45 45 67 0.046875
45 30 46 45 68 0.015625
45 30 48 45 68 0.015625
45 30 49 45 68 0.015625
45 30 52 45 69 0.046875
45 30 54 45 70 0.03125
45 30 55 45 70 0.015625
45 30 56 45 71 0.046875
45 30 57 45 71 0.046875
45 30 66 45 39 0.046875
45 30 67 45 40 0.015625
45 30 71 45 41 0.015625
45 30 72 45 41 0.046875
45 30 76 45 42 0.015625
45 30 86 45 74 0.046875
45 30 88 45 74 0.046875
45 30 108 45 79 0.046875
45 30 109 45 79 0.015625
45 30 167 45 67 0.046875
45 30 176 45 72 0.03125
