0_23125_100000_100_0_0 25 75 0.663455 0.290217 1.45795 10.2282 190.183 4.72535
0_23125_100000_100_0_0 25 75 50 943553 33151024500 35134.2 18871.1 663020490 5.23818e+09
0_23125_100000_100_1_1 25 75 0.663455 0.290217 1.45795 10.2282 190.183 4.72535
0_23125_100000_100_1_1 25 75 50 943553 33151024500 35134.2 18871.1 663020490 5.23818e+09
0_23125_100000_100_2_2 25 75 0.652774 0.288824 1.42497 10.0898 100.163 4.58709
0_23125_100000_100_2_2 25 75 50 943116 32943414000 34930.4 18862.3 658868280 5.03026e+09
0_23125_100000_100_3_3 25 75 0.643836 0.285297 1.38905 10.0612 130.154 4.51528
0_23125_100000_100_3_3 25 75 50 944003 32648734500 34585.4 18880.1 652974690 4.84789e+09
0_23125_100000_100_4_4 25 75 0.658586 0.287885 1.42408 10.2183 141.897 4.68288
0_23125_100000_100_4_4 25 75 50 944731 32865088500 34787.8 18894.6 657301770 4.96123e+09
0_23125_100000_100_5_5 25 75 0.654427 0.287777 1.42482 10.187 112.444 4.68319
0_23125_100000_100_5_5 25 75 50 944011 32819446500 34766 18880.2 656388930 4.88427e+09
0_23125_100000_100_6_6 25 75 0.655698 0.284822 1.42993 10.1638 175.554 4.67464
0_23125_100000_100_6_6 25 75 50 942386 32774883000 34778.6 18847.7 655497660 5.0945e+09
0_23125_100000_100_7_7 25 75 0.643106 0.286089 1.3807 10.0289 152.452 4.51037
0_23125_100000_100_7_7 25 75 50 942951 32948701500 34942.1 18859 658974030 4.9284e+09
0_23125_100000_100_8_8 25 75 0.649362 0.289071 1.42058 10.0857 200.023 4.6065
0_23125_100000_100_8_8 25 75 50 943132 32839719000 34819.9 18862.6 656794380 4.82175e+09
0_23125_100000_100_9_9 25 75 0.646026 0.289623 1.40815 9.99228 110.06 4.53167
0_23125_100000_100_9_9 25 75 50 942662 32838418500 34835.8 18853.2 656768370 4.8632e+09
