1_2_10_100_0_0 25 75 0.645645 0.230499 0.982497 9.97339 177.061 3.59343
1_2_10_100_0_0 25 75 50 1715231 44781838500 26108.3 34304.6 895636770 3.01396e+09
1_2_10_100_1_1 25 75 0.645645 0.230499 0.982497 9.97339 177.061 3.59343
1_2_10_100_1_1 25 75 50 1715231 44781838500 26108.3 34304.6 895636770 3.01396e+09
1_2_10_100_2_2 25 75 0.611921 0.230375 0.980129 9.85793 180.278 3.56652
1_2_10_100_2_2 25 75 50 1715231 44781378000 26108.1 34304.6 895627560 2.93548e+09
1_2_10_100_3_3 25 75 0.640539 0.229162 0.985904 10.1267 177.745 3.69918
1_2_10_100_3_3 25 75 50 1715231 44782158000 26108.5 34304.6 895643160 3.03314e+09
1_2_10_100_4_4 25 75 0.631949 0.231266 0.990316 9.94083 182.825 3.63211
1_2_10_100_4_4 25 75 50 1715230 44782012500 26108.5 34304.6 895640250 2.94949e+09
1_2_10_100_5_5 25 75 0.631575 0.229822 0.981776 10.0252 185.243 3.62639
1_2_10_100_5_5 25 75 50 1715232 44782134000 26108.5 34304.6 895642680 2.99446e+09
1_2_10_100_6_6 25 75 0.631964 0.231222 0.998048 10.0323 174.986 3.68642
1_2_10_100_6_6 25 75 50 1715232 44782162500 26108.5 34304.6 895643250 3.00458e+09
1_2_10_100_7_7 25 75 0.616946 0.230092 0.968605 9.83889 175.451 3.50101
1_2_10_100_7_7 25 75 50 1715230 44782059000 26108.5 34304.6 895641180 2.95271e+09
1_2_10_100_8_8 25 75 0.634806 0.229115 0.965269 9.90502 181.392 3.53446
1_2_10_100_8_8 25 75 50 1715232 44782140000 26108.5 34304.6 895642800 3.02046e+09
1_2_10_100_9_9 25 75 0.616109 0.229172 0.982962 9.96521 180.507 3.61007
1_2_10_100_9_9 25 75 50 1715231 44782141500 26108.5 34304.6 895642830 2.99e+09
