110_0_0_200_0_49 50 150 0.494795 0.152735 0.884107 9.99743 152.884 4.04717
110_0_0_200_0_49 50 150 100 3564124 123789438000 34732.1 35641.2 1237894380 7.15632e+09
110_0_0_200_50_99 50 150 0.509033 0.15296 0.903683 10.1285 198.635 4.16875
110_0_0_200_50_99 50 150 100 3563727 123713292000 34714.6 35637.3 1237132920 7.38768e+09
110_0_0_200_100_149 50 150 0.500275 0.152252 0.890302 10.0406 161.412 4.09314
110_0_0_200_100_149 50 150 100 3562598 123508003500 34668 35626 1235080035 7.28959e+09
110_0_0_200_150_199 50 150 0.511657 0.153846 0.91811 10.1123 229.637 4.23381
110_0_0_200_150_199 50 150 100 3563723 124006195500 34796.8 35637.2 1240061955 7.53305e+09
110_0_0_200_200_249 50 150 0.514089 0.152818 0.91463 10.1663 289.64 4.21484
110_0_0_200_200_249 50 150 100 3564347 124118070000 34822.1 35643.5 1241180700 7.63986e+09
110_0_0_200_250_299 50 150 0.496735 0.152851 0.887126 10.0021 329.052 4.07322
110_0_0_200_250_299 50 150 100 3492559 121233162000 34711.8 34925.6 1212331620 7.0719e+09
110_0_0_200_300_349 50 150 0.506818 0.153004 0.902268 10.0865 300.058 4.16323
110_0_0_200_300_349 50 150 100 3565293 123998482500 34779.3 35652.9 1239984825 7.53609e+09
110_0_0_200_350_399 50 150 0.502426 0.153267 0.903268 10.0106 180.003 4.12251
110_0_0_200_350_399 50 150 100 3566364 123884764500 34737 35663.6 1238847645 7.35002e+09
110_0_0_200_400_449 50 150 0.50878 0.153043 0.90456 10.1021 340.038 4.18405
110_0_0_200_400_449 50 150 100 3565897 123815365500 34722.1 35659 1238153655 7.56023e+09
110_0_0_200_450_499 50 150 0.498964 0.151641 0.889182 10.0132 279.846 4.06323
110_0_0_200_450_499 50 150 100 3564661 123372238500 34609.8 35646.6 1233722385 7.25166e+09
