7_625_1000_1000_0_0 250 750 0.54983 0.115243 1.94882 10.0236 120.17 5.64115
7_625_1000_1000_0_0 250 750 500 563765 19815411000 35148.4 1127.53 39630822 3.0001e+08
7_625_1000_1000_1_1 250 750 0.54983 0.115243 1.94882 10.0236 120.17 5.64115
7_625_1000_1000_1_1 250 750 500 563765 19815411000 35148.4 1127.53 39630822 3.0001e+08
7_625_1000_1000_2_2 250 750 0.538131 0.115209 1.87061 9.93092 106.2 5.48405
7_625_1000_1000_2_2 250 750 500 562679 19436952000 34543.6 1125.36 38873904 2.70526e+08
7_625_1000_1000_3_3 250 750 0.541367 0.114805 1.86305 9.92448 429.523 5.46386
7_625_1000_1000_3_3 250 750 500 562310 19320519000 34359.2 1124.62 38641038 2.69092e+08
7_625_1000_1000_4_4 250 750 0.553661 0.115879 1.97881 9.8879 157.939 5.68827
7_625_1000_1000_4_4 250 750 500 561526 19877268000 35398.7 1123.05 39754536 3.00568e+08
7_625_1000_1000_5_5 250 750 0.556271 0.115531 2.01443 10.1935 87.6081 5.77477
7_625_1000_1000_5_5 250 750 500 561175 19747939500 35190.3 1122.35 39495879 2.89816e+08
7_625_1000_1000_6_6 250 750 0.556675 0.115042 1.92942 9.98359 1138.53 5.60735
7_625_1000_1000_6_6 250 750 500 561009 19454065500 34676.9 1122.02 38908131 2.95507e+08
7_625_1000_1000_7_7 250 750 0.540888 0.114997 1.81523 9.95874 297.839 5.49122
7_625_1000_1000_7_7 250 750 500 562075 19509163500 34709.2 1124.15 39018327 2.87024e+08
7_625_1000_1000_8_8 250 750 0.539668 0.115567 1.90409 9.89817 196.218 5.53491
7_625_1000_1000_8_8 250 750 500 563554 19551877500 34693.9 1127.11 39103755 2.7105e+08
7_625_1000_1000_9_9 250 750 0.539187 0.114997 1.83152 9.85736 656.595 5.45458
7_625_1000_1000_9_9 250 750 500 560690 19415532000 34627.9 1121.38 38831064 2.73743e+08
