19_6875_10000_200_0_49 50 150 0.472594 0.127738 0.775821 9.99609 257.527 3.83712
19_6875_10000_200_0_49 50 150 100 636530 22619638500 35535.9 6365.3 226196385 9.36729e+08
19_6875_10000_200_50_99 50 150 0.493031 0.129967 0.849232 10.3305 264.883 4.30217
19_6875_10000_200_50_99 50 150 100 636992 22648896000 35556 6369.92 226488960 9.75874e+08
19_6875_10000_200_100_149 50 150 0.473368 0.127527 0.77184 10.0419 189.049 3.89434
19_6875_10000_200_100_149 50 150 100 637684 22725448500 35637.5 6376.84 227254485 9.84261e+08
19_6875_10000_200_150_199 50 150 0.496044 0.131934 0.872551 10.2804 116.031 4.31436
19_6875_10000_200_150_199 50 150 100 637022 22925598000 35988.7 6370.22 229255980 9.9797e+08
19_6875_10000_200_200_249 50 150 0.489469 0.129684 0.841252 10.2384 199.539 4.19486
19_6875_10000_200_200_249 50 150 100 639009 22838200500 35740 6390.09 228382005 9.63203e+08
19_6875_10000_200_250_299 50 150 0.499022 0.129751 0.852223 10.2404 142.265 4.26376
19_6875_10000_200_250_299 50 150 100 637746 22734484500 35648.2 6377.46 227344845 1.04062e+09
19_6875_10000_200_300_349 50 150 0.452159 0.126389 0.747749 9.9119 104.579 3.72308
19_6875_10000_200_300_349 50 150 100 637430 22618884000 35484.5 6374.3 226188840 8.95095e+08
19_6875_10000_200_350_399 50 150 0.46911 0.128165 0.776879 9.99415 276.804 3.81074
19_6875_10000_200_350_399 50 150 100 637948 22600617000 35427.1 6379.48 226006170 8.96657e+08
19_6875_10000_200_400_449 50 150 0.48323 0.127281 0.809273 10.1752 370.039 4.04715
19_6875_10000_200_400_449 50 150 100 637334 22603305000 35465.4 6373.34 226033050 9.36183e+08
19_6875_10000_200_450_499 50 150 0.473606 0.125718 0.774073 10.0232 174.997 3.87795
19_6875_10000_200_450_499 50 150 100 638586 22411054500 35094.8 6385.86 224110545 9.0658e+08
