12 58 0 12 58 0.046875
12 58 1 12 5 0.015625
12 58 2 12 6 0.015625
12 58 3 12 54 0.046875
12 58 4 12 47 0.03125
12 58 5 12 37 0.015625
12 58 6 12 20 0.015625
12 58 7 12 35 0.046875
12 58 8 12 68 0.015625
12 58 9 12 31 0.03125
12 58 10 12 41 0.015625
12 58 11 12 76 0.03125
12 58 12 12 73 0.015625
12 58 13 12 34 0.046875
12 58 14 12 75 0.015625
12 58 16 12 5 0.015625
12 58 18 12 20 0.015625
12 58 21 12 66 0.015625
12 58 24 12 76 0.015625
12 58 26 12 51 0.03125
12 58 27 12 51 0.015625
12 58 29 12 48 0.015625
12 58 31 12 73 0.015625
12 58 34 12 25 0.015625
12 58 37 12 0 0.015625
12 58 38 12 5 0.015625
12 58 39 12 6 0.015625
12 58 43 12 47 0.015625
12 58 47 12 20 0.015625
12 58 49 12 59 0.015625
12 58 53 12 30 0.015625
12 58 57 12 66 0.015625
12 58 59 12 68 0.015625
12 58 61 12 31 0.015625
12 58 69 12 41 0.015625
12 58 71 12 38 0.015625
12 58 74 12 48 0.015625
12 58 81 12 67 0.015625
12 58 84 12 75 0.015625
12 58 87 12 25 0.015625
12 58 89 12 6 0.015625
12 58 90 12 37 0.015625
12 58 92 12 59 0.015625
12 58 93 12 59 0.015625
12 58 94 12 30 0.015625
12 58 101 12 48 0.015625
12 58 103 12 67 0.015625
12 58 105 12 0 0.015625
12 58 106 12 0 0.015625
12 58 108 12 30 0.015625
12 58 110 12 38 0.015625
12 58 112 12 73 0.015625
