17_0_0_640_0_0 160 480 0.52629 0.146547 0.676138 9.66688 591.981 2.97142
17_0_0_640_0_0 160 480 320 705641 24604797000 34868.7 2205.13 7.689e+07 5.48059e+08
17_0_0_640_1_1 160 480 0.52629 0.146547 0.676138 9.66688 591.981 2.97142
17_0_0_640_1_1 160 480 320 705641 24604797000 34868.7 2205.13 7.689e+07 5.48059e+08
17_0_0_640_2_2 160 480 0.620259 0.148725 0.721574 10.3178 650.676 3.39255
17_0_0_640_2_2 160 480 320 705637 24620728500 34891.5 2205.12 7.69398e+07 6.33809e+08
17_0_0_640_3_3 160 480 0.537663 0.148124 0.702327 9.9903 608.652 3.19904
17_0_0_640_3_3 160 480 320 705324 24665485500 34970.4 2204.14 7.70796e+07 5.67301e+08
17_0_0_640_4_4 160 480 0.636782 0.151461 0.757086 10.4018 695.7 3.58687
17_0_0_640_4_4 160 480 320 705403 24734410500 35064.2 2204.38 7.7295e+07 6.99396e+08
17_0_0_640_5_5 160 480 0.529375 0.149146 0.719665 9.97109 438.602 3.28625
17_0_0_640_5_5 160 480 320 705221 24542748000 34801.5 2203.82 7.66961e+07 5.67541e+08
17_0_0_640_6_6 160 480 0.606622 0.146078 0.664497 9.79149 596.848 2.90686
17_0_0_640_6_6 160 480 320 704761 24588382500 34889 2202.38 7.68387e+07 5.78341e+08
17_0_0_640_7_7 160 480 0.551082 0.149198 0.715414 10.1545 501.123 3.30435
17_0_0_640_7_7 160 480 320 704430 24650644500 34993.7 2201.34 7.70333e+07 5.74407e+08
17_0_0_640_8_8 160 480 0.46872 0.146675 0.661396 9.3788 464.54 2.80516
17_0_0_640_8_8 160 480 320 704443 24558027000 34861.6 2201.38 7.67438e+07 4.96256e+08
17_0_0_640_9_9 160 480 0.510929 0.147787 0.694916 9.78456 599.211 3.05604
17_0_0_640_9_9 160 480 320 705003 24606306000 34902.4 2203.13 7.68947e+07 5.22528e+08
