0_235_1000_200_0_0 50 150 0.590592 0.245812 1.04799 9.66525 219.997 3.51005
0_235_1000_200_0_0 50 150 100 1107705 38799459000 35026.9 11077 387994590 2.97484e+09
0_235_1000_200_1_1 50 150 0.590592 0.245812 1.04799 9.66525 219.997 3.51005
0_235_1000_200_1_1 50 150 100 1107705 38799459000 35026.9 11077 387994590 2.97484e+09
0_235_1000_200_2_2 50 150 0.618399 0.249613 1.10093 10.0676 194.897 3.85161
0_235_1000_200_2_2 50 150 100 1109897 38796003000 34954.6 11099 387960030 2.94378e+09
0_235_1000_200_3_3 50 150 0.577715 0.244092 1.02573 9.5855 168.475 3.44172
0_235_1000_200_3_3 50 150 100 1108495 38787184500 34990.9 11085 387871845 2.80202e+09
0_235_1000_200_4_4 50 150 0.609961 0.245665 1.07324 10.0835 220.042 3.75795
0_235_1000_200_4_4 50 150 100 1106874 38612125500 34883.9 11068.7 386121255 2.95525e+09
0_235_1000_200_5_5 50 150 0.578894 0.240567 1.02572 9.79642 172.15 3.51279
0_235_1000_200_5_5 50 150 100 1108415 38338720500 34588.8 11084.1 383387205 2.66374e+09
0_235_1000_200_6_6 50 150 0.582912 0.244815 1.03196 9.73423 175.995 3.51437
0_235_1000_200_6_6 50 150 100 1108420 38651415000 34870.7 11084.2 386514150 2.83065e+09
0_235_1000_200_7_7 50 150 0.585062 0.242478 1.02308 9.83491 391.185 3.54594
0_235_1000_200_7_7 50 150 100 1106981 38552112000 34826.4 11069.8 385521120 2.78381e+09
0_235_1000_200_8_8 50 150 0.602697 0.244503 1.05254 9.90786 198.489 3.63059
0_235_1000_200_8_8 50 150 100 1107774 38805640500 35030.3 11077.7 388056405 3.02423e+09
0_235_1000_200_9_9 50 150 0.578171 0.244064 1.04011 9.65981 176.082 3.51758
0_235_1000_200_9_9 50 150 100 1109740 38497783500 34690.8 11097.4 384977835 2.74085e+09
