0_635_1000_200_0_0 50 150 0.672442 0.296255 1.58261 10.1694 300.006 4.87219
0_635_1000_200_0_0 50 150 100 2835183 99463444500 35081.8 28351.8 994634445 8.7726e+09
0_635_1000_200_1_1 50 150 0.672442 0.296255 1.58261 10.1694 300.006 4.87219
0_635_1000_200_1_1 50 150 100 2835183 99463444500 35081.8 28351.8 994634445 8.7726e+09
0_635_1000_200_2_2 50 150 0.663218 0.295043 1.52713 10.0735 250.051 4.76231
0_635_1000_200_2_2 50 150 100 2833473 98702964000 34834.6 28334.7 987029640 8.46832e+09
0_635_1000_200_3_3 50 150 0.657989 0.293091 1.50328 10.0297 175.119 4.7012
0_635_1000_200_3_3 50 150 100 2832508 98728684500 34855.6 28325.1 987286845 8.454e+09
0_635_1000_200_4_4 50 150 0.67761 0.299751 1.59629 10.1651 390.022 4.88211
0_635_1000_200_4_4 50 150 100 2835541 99877719000 35223.5 28355.4 998777190 8.96547e+09
0_635_1000_200_5_5 50 150 0.662654 0.293631 1.53142 10.1046 279.99 4.76619
0_635_1000_200_5_5 50 150 100 2833393 98855406000 34889.4 28333.9 988554060 8.46213e+09
0_635_1000_200_6_6 50 150 0.659162 0.294096 1.5191 10.0371 240.054 4.72056
0_635_1000_200_6_6 50 150 100 2830767 99177696000 35035.6 28307.7 991776960 8.54039e+09
0_635_1000_200_7_7 50 150 0.666058 0.295683 1.55141 10.1084 250.024 4.80846
0_635_1000_200_7_7 50 150 100 2829943 99053179500 35001.8 28299.4 990531795 8.6154e+09
0_635_1000_200_8_8 50 150 0.667626 0.296161 1.54634 10.0948 480.039 4.7794
0_635_1000_200_8_8 50 150 100 2833708 99379870500 35070.6 28337.1 993798705 8.89456e+09
0_635_1000_200_9_9 50 150 0.663279 0.294195 1.53067 10.0801 252.084 4.75607
0_635_1000_200_9_9 50 150 100 2832272 98900142000 34919 28322.7 989001420 8.64045e+09
