0_5_10_200_0 50 150 0.335277 0.176264 0.618387 5.15268 79.1299 1.40206
0_5_10_200_0 50 150 100 2231188 78218902500 35057.1 22311.9 782189025 3.05886e+09
0_5_10_200_1 50 150 0.335277 0.176264 0.618387 5.15268 79.1299 1.40206
0_5_10_200_1 50 150 100 2231188 78218902500 35057.1 22311.9 782189025 3.05886e+09
0_5_10_200_2 50 150 0.331659 0.174475 0.613339 5.01996 74.2403 1.37955
0_5_10_200_2 50 150 100 2231401 77855281500 34890.8 22314 778552815 2.96688e+09
0_5_10_200_3 50 150 0.331143 0.174223 0.611342 4.99803 74.5684 1.37182
0_5_10_200_3 50 150 100 2231428 77669350500 34807 22314.3 776693505 2.94138e+09
0_5_10_200_4 50 150 0.333592 0.175863 0.616961 5.03804 85.3034 1.38477
0_5_10_200_4 50 150 100 2232192 78436311000 35138.7 22321.9 784363110 3.08335e+09
0_5_10_200_5 50 150 0.327867 0.172092 0.605 4.88388 76.1082 1.34041
0_5_10_200_5 50 150 100 2231892 77404302000 34681 22318.9 774043020 2.91509e+09
0_5_10_200_6 50 150 0.331 0.174554 0.610099 4.98852 85.4211 1.36427
0_5_10_200_6 50 150 100 2229520 78027892500 34997.6 22295.2 780278925 3.0621e+09
0_5_10_200_7 50 150 0.334092 0.174986 0.61377 5.13491 82.3401 1.38919
0_5_10_200_7 50 150 100 2231274 77816758500 34875.5 22312.7 778167585 3.03672e+09
0_5_10_200_8 50 150 0.328724 0.173706 0.609527 4.89343 83.691 1.34712
0_5_10_200_8 50 150 100 2231399 77670919500 34808.2 22314 776709195 2.99552e+09
0_5_10_200_9 50 150 0.335914 0.176448 0.619187 5.08623 250.063 1.39819
0_5_10_200_9 50 150 100 2232155 78355347000 35103 22321.5 783553470 3.16134e+09
