0_2_10_200_0_0 50 150 0.686364 0.132603 0.618193 8.78308 357.777 1.99383
0_2_10_200_0_0 50 150 100 892647 31515477000 35305.6 8926.47 315154770 1.82487e+09
0_2_10_200_1_1 50 150 0.686364 0.132603 0.618193 8.78308 357.777 1.99383
0_2_10_200_1_1 50 150 100 892647 31515477000 35305.6 8926.47 315154770 1.82487e+09
0_2_10_200_2_2 50 150 0.749176 0.131975 0.626307 9.14041 351.329 2.14362
0_2_10_200_2_2 50 150 100 891621 30922278000 34681 8916.21 309222780 1.80985e+09
0_2_10_200_3_3 50 150 0.817653 0.130187 0.642354 10.1128 559.919 2.42223
0_2_10_200_3_3 50 150 100 892379 30992620500 34730.3 8923.79 309926205 1.80339e+09
0_2_10_200_4_4 50 150 0.714084 0.131653 0.631693 9.4352 354.382 2.19942
0_2_10_200_4_4 50 150 100 894158 31302408000 35007.7 8941.58 313024080 1.83684e+09
0_2_10_200_5_5 50 150 0.694344 0.128943 0.618049 9.0655 359.512 2.05889
0_2_10_200_5_5 50 150 100 893419 30820761000 34497.5 8934.19 308207610 1.57361e+09
0_2_10_200_6_6 50 150 0.738093 0.128715 0.599343 8.52523 362.172 1.87858
0_2_10_200_6_6 50 150 100 891000 31019916000 34814.7 8910 310199160 1.65e+09
0_2_10_200_7_7 50 150 0.742947 0.130688 0.61968 9.15321 360.725 2.0837
0_2_10_200_7_7 50 150 100 894257 31269331500 34966.8 8942.57 312693315 1.83375e+09
0_2_10_200_8_8 50 150 0.752108 0.130081 0.627299 9.59803 354.25 2.21478
0_2_10_200_8_8 50 150 100 891976 31072719000 34835.8 8919.76 310727190 1.89099e+09
0_2_10_200_9_9 50 150 0.761701 0.132394 0.628594 9.61022 357.249 2.22395
0_2_10_200_9_9 50 150 100 892887 31501449000 35280.4 8928.87 315014490 1.76531e+09
