13_75_100_640_0_0 160 480 0.506233 0.107578 0.543717 9.99419 1409.11 2.79684
13_75_100_640_0_0 160 480 320 570532 19936185000 34943.1 1782.91 6.23006e+07 4.00344e+08
13_75_100_640_1_1 160 480 0.506233 0.107578 0.543717 9.99419 1409.11 2.79684
13_75_100_640_1_1 160 480 320 570532 19936185000 34943.1 1782.91 6.23006e+07 4.00344e+08
13_75_100_640_2_2 160 480 0.635624 0.107529 0.560506 10.3602 652.443 3.03191
13_75_100_640_2_2 160 480 320 570656 19903374000 34878.1 1783.3 6.2198e+07 4.63735e+08
13_75_100_640_3_3 160 480 0.627575 0.110207 0.603869 10.8952 719.863 3.43004
13_75_100_640_3_3 160 480 320 570599 20000700000 35052.1 1783.12 6.25022e+07 4.6428e+08
13_75_100_640_4_4 160 480 0.69956 0.110647 0.594044 10.6607 652.649 3.3032
13_75_100_640_4_4 160 480 320 570091 20067600000 35200.7 1781.53 62711250 5.17502e+08
13_75_100_640_5_5 160 480 0.486942 0.108086 0.564379 9.78752 396.227 2.85613
13_75_100_640_5_5 160 480 320 570506 19886803500 34858.2 1782.83 6.21463e+07 3.64673e+08
13_75_100_640_6_6 160 480 0.600014 0.108796 0.564279 10.1744 614.83 2.91181
13_75_100_640_6_6 160 480 320 569882 19942663500 34994.4 1780.88 6.23208e+07 4.57782e+08
13_75_100_640_7_7 160 480 0.547399 0.108439 0.554753 10.0245 607.013 2.87486
13_75_100_640_7_7 160 480 320 569630 19885759500 34910 1780.09 6.2143e+07 4.68333e+08
13_75_100_640_8_8 160 480 0.519329 0.108983 0.556914 9.97227 560.046 2.81208
13_75_100_640_8_8 160 480 320 569281 20046874500 35214.4 1779 6.26465e+07 4.51451e+08
13_75_100_640_9_9 160 480 0.56898 0.106677 0.546259 10.1889 579.823 2.84741
13_75_100_640_9_9 160 480 320 569852 19848243000 34830.5 1780.79 6.20258e+07 4.14889e+08
