10_7812_10000_1000_0_0 250 750 0.592911 0.110976 4.4215 9.89509 210.084 7.15158
10_7812_10000_1000_0_0 250 750 500 3395833 44812782000 13196.4 6791.67 89625564 8.6453e+07
10_7812_10000_1000_1_1 250 750 0.592911 0.110976 4.4215 9.89509 210.084 7.15158
10_7812_10000_1000_1_1 250 750 500 3395833 44812782000 13196.4 6791.67 89625564 8.6453e+07
10_7812_10000_1000_2_2 250 750 0.591617 0.110863 4.41893 9.87548 83.1984 7.14766
10_7812_10000_1000_2_2 250 750 500 3395509 44806563000 13195.8 6791.02 89613126 8.57616e+07
10_7812_10000_1000_3_3 250 750 0.589403 0.111001 4.33482 9.8458 160.023 7.09983
10_7812_10000_1000_3_3 250 750 500 3395828 44817280500 13197.7 6791.66 89634561 8.57759e+07
10_7812_10000_1000_4_4 250 750 0.590721 0.110878 4.37609 9.87157 1060.02 7.10609
10_7812_10000_1000_4_4 250 750 500 3395697 44818378500 13198.6 6791.39 89636757 8.58258e+07
10_7812_10000_1000_5_5 250 750 0.58818 0.110927 4.33263 9.85556 360.022 7.08062
10_7812_10000_1000_5_5 250 750 500 3395967 44815333500 13196.6 6791.93 89630667 8.5504e+07
10_7812_10000_1000_6_6 250 750 0.591302 0.110795 4.42444 9.88623 420.047 7.13727
10_7812_10000_1000_6_6 250 750 500 3395491 44805141000 13195.5 6790.98 89610282 8.58187e+07
10_7812_10000_1000_7_7 250 750 0.595705 0.110914 4.43752 9.90856 169.988 7.19056
10_7812_10000_1000_7_7 250 750 500 3395959 44822668500 13198.8 6791.92 89645337 8.70018e+07
10_7812_10000_1000_8_8 250 750 0.591385 0.111061 4.34821 9.88356 189.997 7.11392
10_7812_10000_1000_8_8 250 750 500 3395580 44812482000 13197.3 6791.16 89624964 8.59818e+07
10_7812_10000_1000_9_9 250 750 0.593978 0.110926 4.42703 9.88319 270.006 7.16167
10_7812_10000_1000_9_9 250 750 500 3395844 44810389500 13195.7 6791.69 89620779 8.66845e+07
