1325_0_0_43_0_0 10 32 0.526816 0.203511 0.919447 10.0029 111.795 4.46786
1325_0_0_43_0_0 10 32 22 1339109 47008036500 35104 60868.6 2.13673e+09 1.08248e+10
1325_0_0_43_1_1 10 32 0.526816 0.203511 0.919447 10.0029 111.795 4.46786
1325_0_0_43_1_1 10 32 22 1339109 47008036500 35104 60868.6 2.13673e+09 1.08248e+10
1325_0_0_43_2_2 10 32 0.528552 0.204194 0.919379 10.0025 80.0213 4.49258
1325_0_0_43_2_2 10 32 22 1338001 46835706000 35004.2 60818.2 2.1289e+09 1.08299e+10
1325_0_0_43_3_3 10 32 0.521679 0.203744 0.905661 9.93113 112.422 4.37065
1325_0_0_43_3_3 10 32 22 1339234 46955905500 35061.8 60874.3 2.13436e+09 1.09509e+10
1325_0_0_43_4_4 10 32 0.522575 0.203354 0.904316 9.99114 109.867 4.41105
1325_0_0_43_4_4 10 32 22 1338356 46949527500 35080 60834.4 2.13407e+09 1.08305e+10
1325_0_0_43_5_5 10 32 0.522116 0.202589 0.898197 9.97 84.5656 4.37709
1325_0_0_43_5_5 10 32 22 1337606 46600434000 34838.7 60800.3 2.1182e+09 1.05871e+10
1325_0_0_43_6_6 10 32 0.523555 0.204199 0.91264 9.98697 105.202 4.36859
1325_0_0_43_6_6 10 32 22 1337949 47007669000 35134.1 60815.9 2.13671e+09 1.08754e+10
1325_0_0_43_7_7 10 32 0.52527 0.203883 0.910001 9.9732 75.1203 4.4187
1325_0_0_43_7_7 10 32 22 1337441 46842838500 35024.2 60792.8 2.12922e+09 1.09057e+10
1325_0_0_43_8_8 10 32 0.520795 0.202873 0.892708 9.9868 102.539 4.37131
1325_0_0_43_8_8 10 32 22 1338251 46782733500 34958.1 60829.6 2.12649e+09 1.07012e+10
1325_0_0_43_9_9 10 32 0.52268 0.203814 0.904107 9.98678 109.985 4.38124
1325_0_0_43_9_9 10 32 22 1338257 46984176000 35108.5 60829.9 2.13564e+09 1.08008e+10
