17_75_100_640_0_0 160 480 0.46503 0.169731 0.775539 9.3654 509.676 3.23144
17_75_100_640_0_0 160 480 320 736627 25742634000 34946.6 2301.96 8.04457e+07 4.48911e+08
17_75_100_640_1_1 160 480 0.46503 0.169731 0.775539 9.3654 509.676 3.23144
17_75_100_640_1_1 160 480 320 736627 25742634000 34946.6 2301.96 8.04457e+07 4.48911e+08
17_75_100_640_2_2 160 480 0.531986 0.172397 0.833431 9.9294 568.509 3.64264
17_75_100_640_2_2 160 480 320 736720 25768341000 34977.1 2302.25 8.05261e+07 5.77575e+08
17_75_100_640_3_3 160 480 0.500005 0.17157 0.808359 9.64043 764.238 3.42132
17_75_100_640_3_3 160 480 320 736437 25767843000 34989.9 2301.37 8.05245e+07 5.6323e+08
17_75_100_640_4_4 160 480 0.507539 0.173991 0.845739 9.714 300.583 3.57551
17_75_100_640_4_4 160 480 320 736730 25842820500 35077.7 2302.28 8.07588e+07 5.19487e+08
17_75_100_640_5_5 160 480 0.475467 0.1698 0.784529 9.33408 463.828 3.27736
17_75_100_640_5_5 160 480 320 736274 25649913000 34837.5 2300.86 8.0156e+07 4.77151e+08
17_75_100_640_6_6 160 480 0.484972 0.170647 0.786077 9.34395 369.952 3.24473
17_75_100_640_6_6 160 480 320 735716 25725900000 34967.2 2299.11 8.03934e+07 5.04606e+08
17_75_100_640_7_7 160 480 0.513836 0.172696 0.80649 9.74522 389.77 3.44819
17_75_100_640_7_7 160 480 320 735629 25795548000 35066 2298.84 8.06111e+07 5.36213e+08
17_75_100_640_8_8 160 480 0.52421 0.172129 0.835544 9.92198 357.62 3.63524
17_75_100_640_8_8 160 480 320 735531 25670916000 34901.2 2298.53 8.02216e+07 5.40167e+08
17_75_100_640_9_9 160 480 0.485032 0.169034 0.751647 9.38753 555.729 3.10021
17_75_100_640_9_9 160 480 320 736258 25735267500 34954.1 2300.81 8.04227e+07 4.86535e+08
