5_54688_100000_200_0_0 50 150 0.986554 0.0861509 0.381092 8.72633 582.877 1.01335
5_54688_100000_200_0_0 50 150 100 1032388 21425703000 20753.5 10323.9 214257030 4.55011e+08
5_54688_100000_200_1_1 50 150 0.986554 0.0861509 0.381092 8.72633 582.877 1.01335
5_54688_100000_200_1_1 50 150 100 1032388 21425703000 20753.5 10323.9 214257030 4.55011e+08
5_54688_100000_200_2_2 50 150 1.18961 0.0863684 0.389741 10.2668 590.746 1.30649
5_54688_100000_200_2_2 50 150 100 1032387 21425506500 20753.4 10323.9 214255065 5.34408e+08
5_54688_100000_200_3_3 50 150 1.14741 0.08623 0.389967 10.5015 599.254 1.34249
5_54688_100000_200_3_3 50 150 100 1032387 21425574000 20753.4 10323.9 214255740 5.31207e+08
5_54688_100000_200_4_4 50 150 1.01029 0.0859065 0.381783 9.80224 570.263 1.10587
5_54688_100000_200_4_4 50 150 100 1032389 21425670000 20753.5 10323.9 214256700 4.53766e+08
5_54688_100000_200_5_5 50 150 1.07193 0.0859002 0.382538 9.75828 579.867 1.15026
5_54688_100000_200_5_5 50 150 100 1032386 21425614500 20753.5 10323.9 214256145 5.00864e+08
5_54688_100000_200_6_6 50 150 1.18877 0.0863127 0.385633 9.73915 1078.74 1.15911
5_54688_100000_200_6_6 50 150 100 1032386 21425421000 20753.3 10323.9 214254210 5.15157e+08
5_54688_100000_200_7_7 50 150 1.11788 0.0859559 0.375723 9.17077 604.237 1.02277
5_54688_100000_200_7_7 50 150 100 1032384 21425389500 20753.3 10323.8 214253895 4.94078e+08
5_54688_100000_200_8_8 50 150 1.23553 0.0860107 0.385693 10.1383 595.54 1.24976
5_54688_100000_200_8_8 50 150 100 1032384 21425497500 20753.4 10323.8 214254975 5.43752e+08
5_54688_100000_200_9_9 50 150 1.04162 0.0862579 0.384951 9.40909 596.338 1.07769
5_54688_100000_200_9_9 50 150 100 1032387 21425680500 20753.5 10323.9 214256805 4.54995e+08
