9_4375_10000_640_0_0 160 480 1.17823 0.0713284 0.401928 9.93767 750.86 1.82833
9_4375_10000_640_0_0 160 480 320 391464 13578504000 34686.5 1223.33 42432825 3.21797e+08
9_4375_10000_640_1_1 160 480 1.17823 0.0713284 0.401928 9.93767 750.86 1.82833
9_4375_10000_640_1_1 160 480 320 391464 13578504000 34686.5 1223.33 42432825 3.21797e+08
9_4375_10000_640_2_2 160 480 1.17146 0.0710833 0.398233 9.49088 1079.98 1.70513
9_4375_10000_640_2_2 160 480 320 391348 13583661000 34709.9 1222.96 4.24489e+07 3.84723e+08
9_4375_10000_640_3_3 160 480 1.18632 0.0719269 0.394181 9.502 783.638 1.64368
9_4375_10000_640_3_3 160 480 320 391610 13758346500 35132.8 1223.78 4.29948e+07 3.7745e+08
9_4375_10000_640_4_4 160 480 1.18823 0.0717929 0.408274 10.0089 1079.98 1.87366
9_4375_10000_640_4_4 160 480 320 391472 13768362000 35170.7 1223.35 4.30261e+07 3.99355e+08
9_4375_10000_640_5_5 160 480 1.20462 0.0715821 0.395739 8.98315 761.31 1.61805
9_4375_10000_640_5_5 160 480 320 391356 13631622000 34831.8 1222.99 4.25988e+07 3.84046e+08
9_4375_10000_640_6_6 160 480 1.01072 0.0718503 0.414225 10.1395 757.798 2.01012
9_4375_10000_640_6_6 160 480 320 390985 13656009000 34927.2 1221.83 4.2675e+07 3.25751e+08
9_4375_10000_640_7_7 160 480 1.21468 0.0718717 0.408712 9.9987 1090.4 1.88233
9_4375_10000_640_7_7 160 480 320 390866 13633815000 34881 1221.46 4.26057e+07 4.04059e+08
9_4375_10000_640_8_8 160 480 1.0839 0.0714673 0.403911 9.68347 754.117 1.83457
9_4375_10000_640_8_8 160 480 320 390155 13716214500 35155.8 1219.23 4.28632e+07 3.85383e+08
9_4375_10000_640_9_9 160 480 1.15918 0.0718673 0.402687 9.42635 1082.14 1.76883
9_4375_10000_640_9_9 160 480 320 390954 13638817500 34886 1221.73 4.26213e+07 3.59637e+08
