6_0_0_100_0_0 25 75 0.491873 0.096925 0.568056 10.3092 113.674 2.91522
6_0_0_100_0_0 25 75 50 110935 3817378500 34410.9 2218.7 76347570 3.11354e+08
6_0_0_100_1_1 25 75 0.491873 0.096925 0.568056 10.3092 113.674 2.91522
6_0_0_100_1_1 25 75 50 110935 3817378500 34410.9 2218.7 76347570 3.11354e+08
6_0_0_100_2_2 25 75 0.509713 0.0945392 0.542116 9.77208 124.918 2.57155
6_0_0_100_2_2 25 75 50 110417 3808135500 34488.7 2208.34 76162710 3.47552e+08
6_0_0_100_3_3 25 75 0.475844 0.0971874 0.54788 9.66268 119.019 2.51815
6_0_0_100_3_3 25 75 50 110519 3843151500 34773.7 2210.38 76863030 3.28802e+08
6_0_0_100_4_4 25 75 0.505284 0.0982933 0.610999 10.3873 113.661 3.33131
6_0_0_100_4_4 25 75 50 110378 3883935000 35187.6 2207.56 77678700 3.95834e+08
6_0_0_100_5_5 25 75 0.488985 0.0932756 0.536543 9.63002 168.871 2.56437
6_0_0_100_5_5 25 75 50 110500 3836107500 34715.9 2210 76722150 3.33574e+08
6_0_0_100_6_6 25 75 0.424531 0.0927695 0.535808 9.09658 110.304 2.43289
6_0_0_100_6_6 25 75 50 110551 3751669500 33936.1 2211.02 75033390 2.96654e+08
6_0_0_100_7_7 25 75 0.544556 0.0948049 0.589839 10.5623 129.92 3.21485
6_0_0_100_7_7 25 75 50 110510 3799168500 34378.5 2210.2 75983370 3.67984e+08
6_0_0_100_8_8 25 75 0.494057 0.0949097 0.575675 9.85108 131.838 2.90609
6_0_0_100_8_8 25 75 50 110579 3905731500 35320.7 2211.58 78114630 4.08811e+08
6_0_0_100_9_9 25 75 0.515703 0.0973828 0.565976 9.91158 183.298 2.86703
6_0_0_100_9_9 25 75 50 110482 3881313000 35130.7 2209.64 77626260 3.87194e+08
