0_48125_100000_100_0_0 25 75 0.552632 0.0914668 0.562706 9.50168 302.094 1.82808
0_48125_100000_100_0_0 25 75 50 1144941 26319138000 22987.3 22898.8 526382760 1.04642e+09
0_48125_100000_100_1_1 25 75 0.552632 0.0914668 0.562706 9.50168 302.094 1.82808
0_48125_100000_100_1_1 25 75 50 1144941 26319138000 22987.3 22898.8 526382760 1.04642e+09
0_48125_100000_100_2_2 25 75 0.590738 0.091157 0.566282 9.71122 222.732 1.90049
0_48125_100000_100_2_2 25 75 50 1144940 26319123000 22987.3 22898.8 526382460 1.0776e+09
0_48125_100000_100_3_3 25 75 0.539855 0.0918078 0.564248 9.65225 183.765 1.86429
0_48125_100000_100_3_3 25 75 50 1144940 26319136500 22987.3 22898.8 526382730 9.81569e+08
0_48125_100000_100_4_4 25 75 0.545518 0.0918743 0.567534 9.61133 183.164 1.87176
0_48125_100000_100_4_4 25 75 50 1144941 26319142500 22987.3 22898.8 526382850 1.02373e+09
0_48125_100000_100_5_5 25 75 0.564622 0.0915398 0.570896 9.90673 202.905 2.02939
0_48125_100000_100_5_5 25 75 50 1144939 26319132000 22987.4 22898.8 526382640 1.05802e+09
0_48125_100000_100_6_6 25 75 0.558365 0.0918074 0.569394 9.73592 199.894 1.92664
0_48125_100000_100_6_6 25 75 50 1144941 26319135000 22987.3 22898.8 526382700 1.04024e+09
0_48125_100000_100_7_7 25 75 0.574218 0.0915064 0.558149 9.79232 203.762 1.86978
0_48125_100000_100_7_7 25 75 50 1144941 26318985000 22987.2 22898.8 526379700 1.04872e+09
0_48125_100000_100_8_8 25 75 0.55182 0.0919609 0.568811 9.9026 294.044 1.98121
0_48125_100000_100_8_8 25 75 50 1144941 26319145500 22987.3 22898.8 526382910 1.02493e+09
0_48125_100000_100_9_9 25 75 0.587863 0.0916399 0.559639 9.80118 229.255 1.86267
0_48125_100000_100_9_9 25 75 50 1144939 26319118500 22987.4 22898.8 526382370 1.04535e+09
