0 1 0 0 1 1.0
1 2 0 1 2 1.0
2 0 0 2 40 0.25
2 0 3 2 46 0.25
2 0 5 2 1 0.25
2 0 9 2 29 0.25
2 3 3 2 72 0.328125
2 3 4 2 34 0.34375
2 3 6 2 24 0.328125
3 4 0 3 4 1.0
4 5 0 4 5 1.0
5 6 1 5 58 0.09375
5 6 2 5 40 0.09375
5 6 4 5 1 0.109375
5 6 6 5 63 0.09375
5 6 7 5 52 0.09375
5 6 8 5 33 0.109375
5 6 9 5 64 0.109375
5 6 10 5 74 0.09375
5 6 11 5 51 0.109375
5 6 12 5 4 0.09375
6 7 0 6 58 0.140625
6 7 2 6 37 0.140625
6 7 3 6 62 0.140625
6 7 4 6 64 0.15625
6 7 5 6 57 0.140625
6 7 6 6 76 0.140625
6 7 7 6 51 0.140625
7 0 3 7 70 1.0
7 8 0 7 8 1.0
8 3 5 8 28 0.328125
8 3 7 8 51 0.34375
8 3 8 8 4 0.328125
8 9 0 8 61 0.5
8 9 4 8 73 0.5
9 10 0 9 40 0.140625
9 10 2 9 23 0.140625
9 10 4 9 52 0.140625
9 10 6 9 19 0.15625
9 10 7 9 75 0.140625
9 10 8 9 60 0.140625
9 10 9 9 71 0.140625
10 11 2 10 63 0.328125
10 11 7 10 75 0.34375
10 11 8 10 76 0.328125
11 2 0 11 2 1.0
11 9 0 11 9 1.0
11 12 4 11 66 0.15625
11 12 5 11 69 0.171875
11 12 6 11 75 0.171875
11 12 7 11 76 0.171875
11 12 8 11 51 0.15625
11 12 9 11 73 0.171875
12 13 0 12 0 0.125
12 13 1 12 47 0.125
12 13 3 12 77 0.125
12 13 4 12 30 0.125
12 13 5 12 66 0.125
12 13 6 12 41 0.125
12 13 7 12 68 0.125
12 13 8 12 48 0.125
13 14 0 13 61 0.25
13 14 4 13 77 0.25
13 14 5 13 30 0.25
13 14 6 13 50 0.25
14 11 7 14 50 0.5
14 11 8 14 65 0.5
14 12 2 14 59 0.25
14 12 4 14 77 0.25
14 12 6 14 34 0.25
14 12 8 14 48 0.25
14 15 4 14 71 1.0
15 16 0 15 9 0.09375
15 16 1 15 49 0.109375
15 16 2 15 79 0.09375
15 16 3 15 13 0.09375
15 16 4 15 46 0.09375
15 16 5 15 1 0.109375
15 16 6 15 35 0.09375
15 16 7 15 19 0.109375
15 16 8 15 68 0.09375
15 16 10 15 32 0.109375
16 8 0 16 61 0.25
16 8 2 16 79 0.25
16 8 4 16 1 0.25
16 8 5 16 70 0.25
16 17 0 16 38 0.203125
16 17 3 16 46 0.203125
16 17 6 16 55 0.203125
16 17 7 16 34 0.203125
16 17 10 16 48 0.1875
17 18 0 17 67 0.203125
17 18 1 17 54 0.203125
17 18 5 17 55 0.203125
17 18 6 17 68 0.203125
17 18 9 17 48 0.1875
18 19 0 18 58 0.109375
18 19 1 18 67 0.109375
18 19 2 18 54 0.109375
18 19 3 18 10 0.109375
18 19 4 18 1 0.125
18 19 5 18 21 0.109375
18 19 6 18 70 0.109375
18 19 8 18 39 0.109375
18 19 9 18 51 0.109375
19 20 0 19 38 0.5
19 20 1 19 58 0.5
20 14 6 20 34 1.0
20 21 0 20 21 1.0
21 22 0 21 67 0.5
21 22 7 21 41 0.5
22 17 0 22 17 1.0
22 23 1 22 49 0.25
22 23 2 22 79 0.25
22 23 4 22 59 0.25
22 23 5 22 20 0.25
23 22 2 23 79 0.5
23 22 6 23 52 0.5
23 24 3 23 31 0.5
23 24 4 23 76 0.5
24 16 0 24 16 1.0
24 25 0 24 61 0.25
24 25 2 24 54 0.25
24 25 7 24 64 0.25
24 25 8 24 39 0.25
25 23 0 25 78 0.328125
25 23 2 25 77 0.328125
25 23 5 25 69 0.34375
25 26 0 25 17 0.25
25 26 1 25 18 0.25
25 26 2 25 33 0.25
25 26 3 25 48 0.25
26 21 0 26 21 1.0
26 27 2 26 20 0.203125
26 27 6 26 76 0.203125
26 27 7 26 71 0.203125
26 27 8 26 48 0.1875
26 27 9 26 73 0.203125
27 26 2 27 20 0.1875
27 26 4 27 6 0.203125
27 26 6 27 76 0.203125
27 26 7 27 71 0.203125
27 26 9 27 73 0.203125
27 28 0 27 28 1.0
28 29 0 28 40 0.203125
28 29 1 28 77 0.203125
28 29 2 28 66 0.1875
28 29 3 28 31 0.203125
28 29 4 28 68 0.203125
29 30 0 29 49 0.140625
29 30 1 29 17 0.140625
29 30 2 29 40 0.140625
29 30 5 29 72 0.140625
29 30 6 29 31 0.140625
29 30 7 29 76 0.140625
29 30 8 29 48 0.15625
30 31 0 30 31 1.0
31 32 0 31 32 1.0
32 27 0 32 27 1.0
32 33 0 32 78 0.109375
32 33 1 32 10 0.109375
32 33 2 32 43 0.109375
32 33 3 32 15 0.109375
32 33 4 32 72 0.109375
32 33 5 32 75 0.109375
32 33 6 32 3 0.109375
32 33 7 32 28 0.109375
32 33 8 32 65 0.125
33 24 0 33 13 0.203125
33 24 1 33 18 0.1875
33 24 2 33 70 0.203125
33 24 6 33 74 0.203125
33 24 8 33 28 0.203125
33 34 1 33 69 0.25
33 34 2 33 75 0.25
33 34 4 33 71 0.25
33 34 5 33 65 0.25
34 35 0 34 35 1.0
35 36 0 35 36 1.0
36 37 0 36 61 0.140625
36 37 1 36 54 0.140625
36 37 3 36 70 0.140625
36 37 4 36 52 0.140625
36 37 5 36 35 0.15625
36 37 7 36 69 0.140625
36 37 8 36 41 0.140625
37 38 0 37 61 0.109375
37 38 1 37 78 0.109375
37 38 2 37 54 0.109375
37 38 7 37 70 0.109375
37 38 8 37 69 0.125
37 38 9 37 75 0.109375
37 38 10 37 57 0.109375
37 38 11 37 60 0.109375
37 38 12 37 28 0.109375
38 39 0 38 61 0.203125
38 39 2 38 72 0.203125
38 39 3 38 19 0.1875
38 39 4 38 75 0.203125
38 39 5 38 73 0.203125
39 40 0 39 40 1.0
40 41 0 40 78 0.140625
40 41 2 40 77 0.140625
40 41 3 40 35 0.140625
40 41 4 40 42 0.140625
40 41 5 40 34 0.15625
40 41 6 40 31 0.140625
40 41 7 40 28 0.140625
41 42 0 41 42 1.0
42 43 2 42 46 0.203125
42 43 4 42 53 0.203125
42 43 6 42 77 0.203125
42 43 8 42 65 0.1875
42 43 9 42 51 0.203125
43 44 0 43 44 1.0
44 27 0 44 27 1.0
44 45 3 44 43 0.203125
44 45 5 44 55 0.203125
44 45 6 44 50 0.203125
44 45 7 44 39 0.203125
44 45 9 44 65 0.1875
45 32 0 45 78 0.171875
45 32 2 45 23 0.171875
45 32 3 45 43 0.171875
45 32 4 45 35 0.171875
45 32 5 45 64 0.15625
45 32 7 45 65 0.15625
