91_0_0_200_0_49 50 150 0.49609 0.146455 0.752241 9.93258 200.036 3.44659
91_0_0_200_0_49 50 150 100 2947617 102543475500 34788.6 29476.2 1025434755 5.99834e+09
91_0_0_200_50_99 50 150 0.489332 0.146883 0.752866 9.80982 212.647 3.41536
91_0_0_200_50_99 50 150 100 2948023 102338293500 34714.2 29480.2 1023382935 5.80552e+09
91_0_0_200_100_149 50 150 0.505972 0.146718 0.763504 10.0348 181.303 3.5579
91_0_0_200_100_149 50 150 100 2946801 102239596500 34695.1 29468 1022395965 6.10587e+09
91_0_0_200_150_199 50 150 0.490267 0.147383 0.752795 9.86887 179.755 3.46565
91_0_0_200_150_199 50 150 100 2948428 102728533500 34841.8 29484.3 1027285335 5.8812e+09
91_0_0_200_200_249 50 150 0.492301 0.146857 0.754583 9.86719 236.012 3.42185
91_0_0_200_200_249 50 150 100 2948263 102749943000 34851 29482.6 1027499430 6.00179e+09
91_0_0_200_250_299 50 150 0.499251 0.145974 0.756765 9.94908 291.831 3.51169
91_0_0_200_250_299 50 150 100 2888901 100258381500 34704.7 28889 1002583815 6.03185e+09
91_0_0_200_300_349 50 150 0.488133 0.147367 0.753316 9.83088 293.695 3.44619
91_0_0_200_300_349 50 150 100 2949929 102597586500 34779.7 29499.3 1025975865 6.00497e+09
91_0_0_200_350_399 50 150 0.501914 0.148076 0.766097 9.9633 167.685 3.53085
91_0_0_200_350_399 50 150 100 2950389 102601948500 34775.7 29503.9 1026019485 5.92665e+09
91_0_0_200_400_449 50 150 0.48623 0.147151 0.750133 9.79337 170.25 3.40444
91_0_0_200_400_449 50 150 100 2950596 102618774000 34779 29506 1026187740 5.85119e+09
91_0_0_200_450_499 50 150 0.471655 0.145815 0.731722 9.59178 189.498 3.27186
91_0_0_200_450_499 50 150 100 2949791 102291877500 34677.7 29497.9 1022918775 5.59923e+09
