11 51 0 11 66 0.015625
11 51 1 11 67 0.015625
11 51 2 11 68 0.015625
11 51 3 11 69 0.015625
11 51 4 11 70 0.015625
11 51 5 11 71 0.015625
11 51 6 11 72 0.015625
11 51 7 11 12 0.00244140625
11 51 8 11 12 0.00244140625
11 51 9 11 12 0.00244140625
11 51 10 11 12 0.00244140625
11 51 11 11 12 0.00244140625
11 51 12 11 12 0.003662109375
11 51 13 11 12 0.00244140625
11 51 14 11 12 0.008544921875
11 51 15 11 12 0.008544921875
11 51 16 11 12 0.008544921875
11 51 17 11 12 0.008544921875
11 51 18 11 12 0.008544921875
11 51 19 11 12 0.008544921875
11 51 20 11 12 0.008544921875
11 51 21 11 13 0.00244140625
11 51 22 11 13 0.00244140625
11 51 23 11 13 0.00244140625
11 51 24 11 13 0.00244140625
11 51 25 11 13 0.00244140625
11 51 26 11 13 0.003662109375
11 51 27 11 13 0.00244140625
11 51 28 11 13 0.008544921875
11 51 29 11 13 0.008544921875
11 51 30 11 13 0.008544921875
11 51 31 11 13 0.008544921875
11 51 32 11 13 0.008544921875
11 51 33 11 13 0.008544921875
11 51 34 11 13 0.008544921875
11 51 35 11 14 0.00244140625
11 51 36 11 14 0.00244140625
11 51 37 11 14 0.00244140625
11 51 38 11 14 0.00244140625
11 51 39 11 14 0.00244140625
11 51 40 11 14 0.003662109375
11 51 41 11 14 0.00244140625
11 51 42 11 14 0.008544921875
11 51 43 11 14 0.008544921875
11 51 44 11 14 0.008544921875
11 51 45 11 14 0.008544921875
11 51 46 11 14 0.008544921875
11 51 47 11 14 0.008544921875
11 51 48 11 14 0.008544921875
11 51 49 11 15 0.00244140625
11 51 50 11 15 0.00244140625
11 51 51 11 15 0.00244140625
11 51 52 11 15 0.00244140625
11 51 53 11 15 0.00244140625
11 51 54 11 15 0.003662109375
11 51 55 11 15 0.00244140625
11 51 56 11 15 0.008544921875
11 51 57 11 15 0.008544921875
11 51 58 11 15 0.008544921875
11 51 59 11 15 0.008544921875
11 51 60 11 15 0.008544921875
11 51 61 11 15 0.008544921875
11 51 62 11 15 0.008544921875
11 51 63 11 16 0.00244140625
11 51 64 11 16 0.00244140625
11 51 65 11 16 0.00244140625
11 51 66 11 16 0.00244140625
11 51 67 11 16 0.00244140625
11 51 68 11 16 0.003662109375
11 51 69 11 16 0.00244140625
11 51 70 11 16 0.008544921875
11 51 71 11 16 0.008544921875
11 51 72 11 16 0.008544921875
11 51 73 11 16 0.008544921875
11 51 74 11 16 0.008544921875
11 51 75 11 16 0.008544921875
11 51 76 11 16 0.008544921875
11 51 77 11 17 0.00244140625
11 51 78 11 17 0.00244140625
11 51 79 11 17 0.00244140625
11 51 80 11 17 0.00244140625
11 51 81 11 17 0.00244140625
11 51 82 11 17 0.003662109375
11 51 83 11 17 0.00244140625
11 51 84 11 17 0.008544921875
11 51 85 11 17 0.008544921875
11 51 86 11 17 0.008544921875
11 51 87 11 17 0.008544921875
11 51 88 11 17 0.008544921875
11 51 89 11 17 0.008544921875
11 51 90 11 17 0.008544921875
11 51 91 11 66 0.0087890625
11 51 92 11 66 0.0087890625
11 51 93 11 66 0.0087890625
11 51 94 11 66 0.0087890625
11 51 95 11 66 0.0087890625
11 51 96 11 66 0.009765625
11 51 97 11 66 0.0087890625
11 51 98 11 67 0.0087890625
11 51 99 11 67 0.0087890625
11 51 100 11 67 0.0087890625
11 51 101 11 67 0.0087890625
11 51 102 11 67 0.0087890625
11 51 103 11 67 0.009765625
11 51 104 11 67 0.0087890625
11 51 105 11 68 0.0087890625
11 51 106 11 68 0.0087890625
11 51 107 11 68 0.0087890625
11 51 108 11 68 0.0087890625
11 51 109 11 68 0.0087890625
11 51 110 11 68 0.009765625
11 51 111 11 68 0.0087890625
11 51 112 11 69 0.006591796875
11 51 113 11 69 0.006591796875
11 51 114 11 69 0.006591796875
11 51 115 11 69 0.006591796875
11 51 116 11 69 0.006591796875
11 51 117 11 69 0.00732421875
11 51 118 11 69 0.006591796875
11 51 119 11 70 0.0087890625
11 51 120 11 70 0.0087890625
11 51 121 11 70 0.0087890625
11 51 122 11 70 0.0087890625
11 51 123 11 70 0.0087890625
11 51 124 11 70 0.009765625
11 51 125 11 70 0.0087890625
11 51 126 11 71 0.0087890625
11 51 127 11 71 0.0087890625
11 51 128 11 71 0.0087890625
11 51 129 11 71 0.0087890625
11 51 130 11 71 0.0087890625
11 51 131 11 71 0.009765625
11 51 132 11 71 0.0087890625
11 51 133 11 72 0.0087890625
11 51 134 11 72 0.0087890625
11 51 135 11 72 0.0087890625
11 51 136 11 72 0.0087890625
11 51 137 11 72 0.0087890625
11 51 138 11 72 0.009765625
11 51 139 11 72 0.0087890625
