1_625_1000_240_0_0 60 180 0.574679 0.158074 0.707874 9.81925 435.839 2.60732
1_625_1000_240_0_0 60 180 120 4356786 119418337500 27409.7 36306.6 9.95153e+08 3.32176e+09
1_625_1000_240_1_1 60 180 0.574679 0.158074 0.707874 9.81925 435.839 2.60732
1_625_1000_240_1_1 60 180 120 4356786 119418337500 27409.7 36306.6 9.95153e+08 3.32176e+09
1_625_1000_240_2_2 60 180 0.567303 0.157739 0.706965 9.77995 457.213 2.60476
1_625_1000_240_2_2 60 180 120 4356789 119418132000 27409.7 36306.6 995151100 3.28698e+09
1_625_1000_240_3_3 60 180 0.574269 0.158178 0.709058 9.92917 427.479 2.63888
1_625_1000_240_3_3 60 180 120 4356796 119418349500 27409.7 36306.6 9.95153e+08 3.31277e+09
1_625_1000_240_4_4 60 180 0.558584 0.158423 0.70598 9.73161 457.283 2.56619
1_625_1000_240_4_4 60 180 120 4356788 119417904000 27409.6 36306.6 995149200 3.25849e+09
1_625_1000_240_5_5 60 180 0.570497 0.158326 0.710737 9.90844 475.501 2.63017
1_625_1000_240_5_5 60 180 120 4356793 119418208500 27409.7 36306.6 9.95152e+08 3.33024e+09
1_625_1000_240_6_6 60 180 0.568353 0.158225 0.706601 9.77219 457.173 2.58205
1_625_1000_240_6_6 60 180 120 4356786 119417934000 27409.6 36306.6 995149450 3.31438e+09
1_625_1000_240_7_7 60 180 0.565526 0.158276 0.70828 9.81772 457.06 2.60808
1_625_1000_240_7_7 60 180 120 4356800 119418534000 27409.7 36306.7 995154450 3.3199e+09
1_625_1000_240_8_8 60 180 0.567137 0.158235 0.709167 9.78924 447.846 2.60552
1_625_1000_240_8_8 60 180 120 4356787 119418373500 27409.7 36306.6 9.95153e+08 3.31648e+09
1_625_1000_240_9_9 60 180 0.568078 0.158123 0.70373 9.80557 448.308 2.56269
1_625_1000_240_9_9 60 180 120 4356797 119418499500 27409.7 36306.6 9.95154e+08 3.27862e+09
