0_27_100_200_0_0 50 150 0.714164 0.253895 1.11912 10.4966 295.9 4.01705
0_27_100_200_0_0 50 150 100 1273959 44230293000 34718.8 12739.6 442302930 3.47062e+09
0_27_100_200_1_1 50 150 0.714164 0.253895 1.11912 10.4966 295.9 4.01705
0_27_100_200_1_1 50 150 100 1273959 44230293000 34718.8 12739.6 442302930 3.47062e+09
0_27_100_200_2_2 50 150 0.664842 0.256217 1.13391 10.3741 364.823 4.01731
0_27_100_200_2_2 50 150 100 1272785 44488027500 34953.3 12727.9 444880275 3.64576e+09
0_27_100_200_3_3 50 150 0.661543 0.258807 1.14294 10.1694 294.766 3.98091
0_27_100_200_3_3 50 150 100 1274157 44676034500 35063.2 12741.6 446760345 3.47922e+09
0_27_100_200_4_4 50 150 0.682708 0.251369 1.06731 10.2294 306.494 3.73895
0_27_100_200_4_4 50 150 100 1271688 44398719000 34913.2 12716.9 443987190 3.46645e+09
0_27_100_200_5_5 50 150 0.716064 0.257927 1.18342 10.6574 299.94 4.26501
0_27_100_200_5_5 50 150 100 1274512 44404782000 34840.6 12745.1 444047820 3.60246e+09
0_27_100_200_6_6 50 150 0.657291 0.251448 1.07344 10.1253 297.024 3.74925
0_27_100_200_6_6 50 150 100 1272232 44217780000 34756.1 12722.3 442177800 3.37028e+09
0_27_100_200_7_7 50 150 0.685719 0.251361 1.06872 10.2057 300.137 3.74702
0_27_100_200_7_7 50 150 100 1272871 44142615000 34679.6 12728.7 441426150 3.44715e+09
0_27_100_200_8_8 50 150 0.671732 0.251262 1.09623 10.322 229.991 3.87292
0_27_100_200_8_8 50 150 100 1272387 44125726500 34679.5 12723.9 441257265 3.40452e+09
0_27_100_200_9_9 50 150 0.711031 0.255395 1.15352 10.5887 420.15 4.13284
0_27_100_200_9_9 50 150 100 1273938 44604610500 35013.2 12739.4 446046105 3.58477e+09
