22_0_0_200_0_0 50 150 0.597765 0.229543 1.11558 10.116 220.005 4.41123
22_0_0_200_0_0 50 150 100 2752400 71652036000 26032.6 27524 716520360 1.64602e+09
22_0_0_200_1_1 50 150 0.597765 0.229543 1.11558 10.116 220.005 4.41123
22_0_0_200_1_1 50 150 100 2752400 71652036000 26032.6 27524 716520360 1.64602e+09
22_0_0_200_2_2 50 150 0.596118 0.229644 1.12598 10.1863 209.988 4.47764
22_0_0_200_2_2 50 150 100 2752394 71651950500 26032.6 27523.9 716519505 1.64424e+09
22_0_0_200_3_3 50 150 0.601018 0.229974 1.14003 10.1915 189.787 4.48486
22_0_0_200_3_3 50 150 100 2752395 71652067500 26032.6 27524 716520675 1.67932e+09
22_0_0_200_4_4 50 150 0.617556 0.231036 1.1797 10.2948 188.88 4.65012
22_0_0_200_4_4 50 150 100 2752396 71651991000 26032.6 27524 716519910 1.7233e+09
22_0_0_200_5_5 50 150 0.606156 0.230577 1.15523 10.194 190.07 4.54521
22_0_0_200_5_5 50 150 100 2752398 71652097500 26032.6 27524 716520975 1.68313e+09
22_0_0_200_6_6 50 150 0.609637 0.230428 1.15167 10.2607 220.304 4.59133
22_0_0_200_6_6 50 150 100 2752386 71652033000 26032.7 27523.9 716520330 1.7155e+09
22_0_0_200_7_7 50 150 0.596435 0.230025 1.1394 10.1632 269.813 4.50783
22_0_0_200_7_7 50 150 100 2752398 71651967000 26032.6 27524 716519670 1.64881e+09
22_0_0_200_8_8 50 150 0.614576 0.230587 1.15162 10.3034 220.04 4.58383
22_0_0_200_8_8 50 150 100 2752391 71651979000 26032.6 27523.9 716519790 1.68205e+09
22_0_0_200_9_9 50 150 0.597159 0.230171 1.14528 10.1823 210.036 4.50251
22_0_0_200_9_9 50 150 100 2752392 71651919000 26032.6 27523.9 716519190 1.66404e+09
