1_525_1000_240_0_0 60 180 0.591035 0.177419 0.759162 9.79076 476.064 2.74347
1_525_1000_240_0_0 60 180 120 4119471 112138402500 27221.6 34328.9 9.34487e+08 2.90692e+09
1_525_1000_240_1_1 60 180 0.591035 0.177419 0.759162 9.79076 476.064 2.74347
1_525_1000_240_1_1 60 180 120 4119471 112138402500 27221.6 34328.9 9.34487e+08 2.90692e+09
1_525_1000_240_2_2 60 180 0.585924 0.17749 0.750313 9.68449 464.519 2.67438
1_525_1000_240_2_2 60 180 120 4119482 112138614000 27221.5 34329 934488450 2.83672e+09
1_525_1000_240_3_3 60 180 0.596445 0.178348 0.759616 9.78607 456.036 2.73873
1_525_1000_240_3_3 60 180 120 4119481 112138662000 27221.6 34329 934488850 2.82778e+09
1_525_1000_240_4_4 60 180 0.40681 0.175133 0.702803 7.28395 94.8577 1.90053
1_525_1000_240_4_4 60 180 120 3985590 105191782500 26393 33213.2 8.76598e+08 1.5723e+09
1_525_1000_240_5_5 60 180 0.362307 0.159226 0.651831 6.7803 70.0822 1.67031
1_525_1000_240_5_5 60 180 120 3113511 81330199500 26121.7 25945.9 6.77752e+08 9.36646e+08
1_525_1000_240_6_6 60 180 0.596712 0.177921 0.754723 9.82422 456.566 2.727
1_525_1000_240_6_6 60 180 120 4119477 112138579500 27221.6 34329 9.34488e+08 2.86487e+09
1_525_1000_240_7_7 60 180 0.578573 0.177947 0.75309 9.65525 475.425 2.68542
1_525_1000_240_7_7 60 180 120 4119480 112138845000 27221.6 34329 934490375 2.8212e+09
1_525_1000_240_8_8 60 180 0.58583 0.178123 0.756968 9.6918 476.707 2.70755
1_525_1000_240_8_8 60 180 120 4119477 112138738500 27221.6 34329 9.34489e+08 2.84019e+09
1_525_1000_240_9_9 60 180 0.597922 0.177849 0.759312 9.75101 436.381 2.73982
1_525_1000_240_9_9 60 180 120 4119479 112138675500 27221.6 34329 9.34489e+08 2.8675e+09
