8_0_0_1000_0_0 250 750 0.558924 0.119237 1.89848 10.0011 310.001 5.61262
8_0_0_1000_0_0 250 750 500 591687 20780007000 35119.9 1183.37 41560014 3.31324e+08
8_0_0_1000_1_1 250 750 0.558924 0.119237 1.89848 10.0011 310.001 5.61262
8_0_0_1000_1_1 250 750 500 591687 20780007000 35119.9 1183.37 41560014 3.31324e+08
8_0_0_1000_2_2 250 750 0.543283 0.118855 1.79887 9.87895 189.322 5.44052
8_0_0_1000_2_2 250 750 500 590047 20370232500 34523.1 1180.09 40740465 2.99516e+08
8_0_0_1000_3_3 250 750 0.534787 0.118706 1.8058 9.82141 127.81 5.35565
8_0_0_1000_3_3 250 750 500 589919 20316561000 34439.6 1179.84 40633122 2.96894e+08
8_0_0_1000_4_4 250 750 0.54951 0.11965 1.867 9.91094 130.026 5.55028
8_0_0_1000_4_4 250 750 500 589111 20851099500 35394.2 1178.22 41702199 3.30982e+08
8_0_0_1000_5_5 250 750 0.553823 0.119266 1.89905 10.007 1119.85 5.55726
8_0_0_1000_5_5 250 750 500 588711 20714967000 35187 1177.42 41429934 3.15179e+08
8_0_0_1000_6_6 250 750 0.546938 0.118792 1.85507 9.8978 149.802 5.48496
8_0_0_1000_6_6 250 750 500 588775 20372895000 34602.2 1177.55 40745790 3.22119e+08
8_0_0_1000_7_7 250 750 0.543209 0.118587 1.73647 9.87687 727.736 5.37977
8_0_0_1000_7_7 250 750 500 589815 20463345000 34694.5 1179.63 40926690 3.20154e+08
8_0_0_1000_8_8 250 750 0.542742 0.119472 1.90224 9.86906 98.8435 5.49219
8_0_0_1000_8_8 250 750 500 591375 20526810000 34710.3 1182.75 41053620 3.01938e+08
8_0_0_1000_9_9 250 750 0.545339 0.118851 1.80355 9.85348 1899.81 5.40394
8_0_0_1000_9_9 250 750 500 588359 20386372500 34649.5 1176.72 40772745 3.01379e+08
