62 29
58 19
0 24
47 69
62 8
49 20
20 77
30 63
18 48
44 14
61 30
42 12
17 44
18 77
30 56
40 78
71 38
43 47
35 7
41 15
33 10
30 1
55 2
62 31
12 7
52 18
79 38
76 21
61 24
37 61
68 7
59 15
71 42
48 76
10 71
16 71
37 29
69 17
37 28
48 69
12 40
42 77
50 66
75 41
24 57
31 57
19 76
50 39
9 63
43 12
50 71
42 69
72 49
69 7
35 63
42 74
49 18
72 10
18 73
78 0
27 65
25 62
68 6
38 46
77 43
19 49
39 14
36 28
54 31
5 52
62 17
25 36
1 79
48 70
28 64
3 56
38 74
51 66
24 54
21 76
51 70
70 47
8 59
34 59
25 56
49 39
50 22
38 69
42 17
25 52
56 21
25 53
16 64
23 78
65 12
73 51
10 14
48 68
28 34
32 28
44 51
76 49
45 76
38 73
53 3
43 74
55 35
8 13
13 63
34 54
20 47
5 20
79 4
28 33
0 22
69 51
2 78
37 7
27 57
11 16
60 31
69 48
27 55
16 43
2 73
26 35
67 14
20 57
47 79
23 0
64 31
54 25
37 6
53 32
11 34
16 39
65 13
25 63
64 16
71 49
47 68
34 29
53 20
76 41
69 8
45 44
51 19
56 4
25 54
17 72
75 49
0 29
2 20
14 9
51 71
50 79
45 73
18 0
44 13
35 10
76 0
75 50
11 17
29 37
14 7
3 53
44 50
51 44
7 36
68 9
59 28
4 73
1 19
40 48
29 32
3 79
9 31
73 19
75 47
52 23
1 21
66 44
6 69
34 64
62 28
0 27
62 25
45 67
27 32
21 46
37 30
5 74
67 6
11 72
5 23
66 17
39 70
53 28
22 2
77 21
43 16
19 57
32 60
66 39
39 46
30 0
57 18
31 25
24 2
61 33
44 73
54 27
11 60
