46 68
19 45
76 50
8 64
62 29
5 26
21 74
14 40
74 19
27 1
4 75
8 68
59 7
21 52
34 29
38 79
45 23
26 63
76 0
61 27
72 49
24 33
14 44
0 73
77 19
63 11
29 54
24 62
38 45
13 70
10 72
30 62
75 42
59 27
20 5
25 57
11 68
74 40
36 10
65 8
9 36
39 79
77 22
72 7
25 0
1 23
36 52
50 19
36 29
59 32
44 45
37 24
38 15
65 17
5 28
53 21
17 10
37 11
59 17
58 34
26 36
58 22
2 21
0 21
31 27
22 78
60 32
11 32
23 4
22 45
32 29
2 57
70 13
75 5
40 72
30 32
21 50
75 43
74 41
0 23
49 75
47 67
29 53
43 70
28 59
39 16
4 28
28 1
4 57
33 30
66 40
72 45
60 25
21 55
22 53
72 43
25 32
57 26
11 15
29 62
25 56
29 55
62 25
47 69
25 1
64 37
63 31
47 68
19 5
70 49
53 1
3 20
52 34
1 21
2 20
52 29
1 76
68 41
54 19
57 22
5 24
57 35
75 1
53 27
43 69
52 33
21 47
60 6
51 76
11 69
60 11
61 25
16 67
42 13
49 72
13 10
78 22
50 21
43 67
45 67
8 71
9 63
55 27
30 59
62 16
76 21
36 7
58 29
69 17
41 79
28 36
38 14
34 53
43 45
68 46
59 31
28 55
19 0
26 61
74 43
50 41
66 10
40 50
48 41
8 34
42 78
75 19
57 0
54 24
50 70
62 30
51 43
70 50
21 75
56 5
37 26
65 14
65 32
79 4
79 18
14 41
34 26
44 72
12 10
16 42
30 31
56 29
58 36
69 45
21 0
52 18
25 5
39 78
23 50
11 63
10 67
37 28
32 56
68 48
62 35
5 78
7 16
7 72
10 69
33 59
70 42
64 30
51 44
36 57
65 7
1 75
24 4
68 49
