0_4125_10000_100_0_0 25 75 0.637179 0.284605 1.42578 10.0262 160.042 4.64443
0_4125_10000_100_0_0 25 75 50 1491797 51482508000 34510.4 29835.9 1029650160 7.488e+09
0_4125_10000_100_1_1 25 75 0.637179 0.284605 1.42578 10.0262 160.042 4.64443
0_4125_10000_100_1_1 25 75 50 1491797 51482508000 34510.4 29835.9 1029650160 7.488e+09
0_4125_10000_100_2_2 25 75 0.63914 0.284887 1.44866 9.97125 110.035 4.68015
0_4125_10000_100_2_2 25 75 50 1488371 51768127500 34781.7 29767.4 1035362550 7.9134e+09
0_4125_10000_100_3_3 25 75 0.637858 0.285784 1.43924 9.99485 150.024 4.64772
0_4125_10000_100_3_3 25 75 50 1488957 51768816000 34768.5 29779.1 1035376320 7.7669e+09
0_4125_10000_100_4_4 25 75 0.639763 0.284863 1.44363 10.0172 191.765 4.67207
0_4125_10000_100_4_4 25 75 50 1489142 51820626000 34799 29782.8 1036412520 7.86602e+09
0_4125_10000_100_5_5 25 75 0.639499 0.283613 1.44752 10.0148 110.095 4.68344
0_4125_10000_100_5_5 25 75 50 1489711 51796893000 34769.8 29794.2 1035937860 7.82232e+09
0_4125_10000_100_6_6 25 75 0.647451 0.287606 1.4786 10.0976 160.04 4.74841
0_4125_10000_100_6_6 25 75 50 1489674 52149976500 35007.6 29793.5 1042999530 8.0369e+09
0_4125_10000_100_7_7 25 75 0.634374 0.282356 1.40308 10.0025 180.053 4.59468
0_4125_10000_100_7_7 25 75 50 1491227 52006921500 34875.3 29824.5 1040138430 7.88165e+09
0_4125_10000_100_8_8 25 75 0.63095 0.281824 1.38596 9.97925 162.254 4.55827
0_4125_10000_100_8_8 25 75 50 1489873 51842208000 34796.4 29797.5 1036844160 7.84823e+09
0_4125_10000_100_9_9 25 75 0.640858 0.285041 1.44149 10.0688 153.763 4.69352
0_4125_10000_100_9_9 25 75 50 1490687 51942004500 34844.3 29813.7 1038840090 7.87793e+09
