10_875_1000_100_0_0 25 75 0.620058 0.266151 1.28779 10.2137 150.009 4.86738
10_875_1000_100_0_0 25 75 50 1613393 37639773000 23329.6 32267.9 752795460 1.27923e+09
10_875_1000_100_1_1 25 75 0.620058 0.266151 1.28779 10.2137 150.009 4.86738
10_875_1000_100_1_1 25 75 50 1613393 37639773000 23329.6 32267.9 752795460 1.27923e+09
10_875_1000_100_2_2 25 75 0.617428 0.266716 1.29893 10.1651 149.993 4.82791
10_875_1000_100_2_2 25 75 50 1613165 37608178500 23313.3 32263.3 752163570 1.26373e+09
10_875_1000_100_3_3 25 75 0.606036 0.265131 1.22829 10.1053 150.017 4.62198
10_875_1000_100_3_3 25 75 50 1613445 37633722000 23325.1 32268.9 752674440 1.24952e+09
10_875_1000_100_4_4 25 75 0.618253 0.267228 1.29863 10.1689 134.795 4.84146
10_875_1000_100_4_4 25 75 50 1613528 37611466500 23310.1 32270.6 752229330 1.28853e+09
10_875_1000_100_5_5 25 75 0.623019 0.266723 1.31037 10.2636 150.017 4.91901
10_875_1000_100_5_5 25 75 50 1613102 37604248500 23311.8 32262 752084970 1.29341e+09
10_875_1000_100_6_6 25 75 0.614057 0.266792 1.27866 10.1718 154.593 4.77133
10_875_1000_100_6_6 25 75 50 1613199 37618927500 23319.5 32264 752378550 1.25454e+09
10_875_1000_100_7_7 25 75 0.616697 0.26574 1.27673 10.1954 150.017 4.81203
10_875_1000_100_7_7 25 75 50 1613188 37617198000 23318.5 32263.8 752343960 1.27506e+09
10_875_1000_100_8_8 25 75 0.614525 0.266362 1.26957 10.1694 140.053 4.78035
10_875_1000_100_8_8 25 75 50 1613513 37626997500 23319.9 32270.3 752539950 1.25369e+09
10_875_1000_100_9_9 25 75 0.617018 0.266383 1.27951 10.1843 150.033 4.79838
10_875_1000_100_9_9 25 75 50 1613108 37626685500 23325.6 32262.2 752533710 1.28222e+09
