30_5_10_200_0_0 50 150 0.531692 0.186516 1.14875 9.97403 103.971 4.59797
30_5_10_200_0_0 50 150 100 562202 19630072500 34916.4 5622.02 196300725 1.22397e+09
30_5_10_200_1_1 50 150 0.531692 0.186516 1.14875 9.97403 103.971 4.59797
30_5_10_200_1_1 50 150 100 562202 19630072500 34916.4 5622.02 196300725 1.22397e+09
30_5_10_200_2_2 50 150 0.542302 0.186052 1.19726 10.0607 120.254 4.75428
30_5_10_200_2_2 50 150 100 562299 19601206500 34859 5622.99 196012065 1.29657e+09
30_5_10_200_3_3 50 150 0.543181 0.184458 1.16645 10.0786 311.584 4.68824
30_5_10_200_3_3 50 150 100 562380 19629330000 34904 5623.8 196293300 1.37862e+09
30_5_10_200_4_4 50 150 0.547055 0.188235 1.23254 10.0655 139.942 4.77441
30_5_10_200_4_4 50 150 100 561877 19763140500 35173.4 5618.77 197631405 1.368e+09
30_5_10_200_5_5 50 150 0.534708 0.186252 1.18183 9.90569 112.606 4.63585
30_5_10_200_5_5 50 150 100 561958 19601770500 34881.2 5619.58 196017705 1.28151e+09
30_5_10_200_6_6 50 150 0.547977 0.187635 1.26729 9.99304 189.933 4.81592
30_5_10_200_6_6 50 150 100 561488 19659547500 35013.3 5614.88 196595475 1.33921e+09
30_5_10_200_7_7 50 150 0.532629 0.184196 1.1634 9.93604 95.2372 4.64941
30_5_10_200_7_7 50 150 100 561195 19500231000 34747.7 5611.95 195002310 1.23492e+09
30_5_10_200_8_8 50 150 0.545141 0.187493 1.21505 9.97196 124.96 4.73389
30_5_10_200_8_8 50 150 100 561091 19707211500 35123 5610.91 197072115 1.37406e+09
30_5_10_200_9_9 50 150 0.533055 0.185352 1.18163 9.85939 102.219 4.60245
30_5_10_200_9_9 50 150 100 561564 19490898000 34708.2 5615.64 194908980 1.26656e+09
