7_0_0_1000_0_0 250 750 0.522649 0.105789 1.69021 9.94961 175.191 5.30777
7_0_0_1000_0_0 250 750 500 517726 18177684000 35110.6 1035.45 36355368 2.49887e+08
7_0_0_1000_1_1 250 750 0.522649 0.105789 1.69021 9.94961 175.191 5.30777
7_0_0_1000_1_1 250 750 500 517726 18177684000 35110.6 1035.45 36355368 2.49887e+08
7_0_0_1000_2_2 250 750 0.534332 0.10538 1.7561 10.0157 735.277 5.43733
7_0_0_1000_2_2 250 750 500 516291 17823963000 34523.1 1032.58 35647926 2.24542e+08
7_0_0_1000_3_3 250 750 0.523439 0.105174 1.72801 9.88697 73.0923 5.29753
7_0_0_1000_3_3 250 750 500 516179 17776516500 34438.7 1032.36 35553033 2.29087e+08
7_0_0_1000_4_4 250 750 0.529206 0.106057 1.81027 9.85889 75.8578 5.48684
7_0_0_1000_4_4 250 750 500 515472 18246706500 35398.1 1030.94 36493413 2.52645e+08
7_0_0_1000_5_5 250 750 0.537373 0.106057 1.85227 10.119 88.8306 5.52677
7_0_0_1000_5_5 250 750 500 515122 18125595000 35187 1030.24 36251190 2.40247e+08
7_0_0_1000_6_6 250 750 0.542518 0.105291 1.79499 10.1557 88.7981 5.49563
7_0_0_1000_6_6 250 750 500 515178 17815989000 34582.2 1030.36 35631978 2.43487e+08
7_0_0_1000_7_7 250 750 0.522404 0.105182 1.61311 9.94205 507.733 5.24271
7_0_0_1000_7_7 250 750 500 516088 17905423500 34694.5 1032.18 35810847 2.42394e+08
7_0_0_1000_8_8 250 750 0.536415 0.105884 1.661 10.0163 102.567 5.32293
7_0_0_1000_8_8 250 750 500 517453 17960920500 34710.2 1034.91 35921841 2.26847e+08
7_0_0_1000_9_9 250 750 0.517191 0.105285 1.65659 9.98325 84.8354 5.26607
7_0_0_1000_9_9 250 750 500 514814 17830405500 34634.7 1029.63 35660811 2.26947e+08
