2_8_10_320_0_0 80 240 0.653668 0.283746 1.5025 10.1528 320.029 4.80423
2_8_10_320_0_0 80 240 160 4922655 144794332500 29413.9 30766.6 9.04965e+08 4.65819e+09
2_8_10_320_1_1 80 240 0.653668 0.283746 1.5025 10.1528 320.029 4.80423
2_8_10_320_1_1 80 240 160 4922655 144794332500 29413.9 30766.6 9.04965e+08 4.65819e+09
2_8_10_320_2_2 80 240 0.650691 0.283884 1.4855 10.1028 320.22 4.74328
2_8_10_320_2_2 80 240 160 4922650 144794266500 29413.9 30766.6 9.04964e+08 4.63528e+09
2_8_10_320_3_3 80 240 0.65559 0.283606 1.5036 10.1752 323.596 4.82077
2_8_10_320_3_3 80 240 160 4922650 144793965000 29413.8 30766.6 9.04962e+08 4.74064e+09
2_8_10_320_4_4 80 240 0.651272 0.283865 1.49396 10.1407 323.384 4.77826
2_8_10_320_4_4 80 240 160 4922651 144794227500 29413.9 30766.6 9.04964e+08 4.61723e+09
2_8_10_320_5_5 80 240 0.651252 0.282801 1.49473 10.1295 323.966 4.76899
2_8_10_320_5_5 80 240 160 4922645 144793881000 29413.8 30766.5 9.04962e+08 4.6905e+09
2_8_10_320_6_6 80 240 0.653859 0.284325 1.50743 10.147 324.041 4.80204
2_8_10_320_6_6 80 240 160 4922646 144794035500 29413.9 30766.5 9.04963e+08 4.68128e+09
2_8_10_320_7_7 80 240 0.651892 0.283433 1.50106 10.127 311.959 4.80133
2_8_10_320_7_7 80 240 160 4922646 144794178000 29413.9 30766.5 9.04964e+08 4.64891e+09
2_8_10_320_8_8 80 240 0.648507 0.283165 1.48289 10.0849 321.742 4.75321
2_8_10_320_8_8 80 240 160 4922643 144793948500 29413.9 30766.5 9.04962e+08 4.64889e+09
2_8_10_320_9_9 80 240 0.649097 0.283363 1.4696 10.1022 312.488 4.73805
2_8_10_320_9_9 80 240 160 4922651 144794131500 29413.9 30766.6 9.04963e+08 4.61315e+09
