62_0_0_200_0_49 50 150 0.451722 0.112049 0.568036 9.56198 210.82 2.77289
62_0_0_200_0_49 50 150 100 2007781 69854353500 34791.8 20077.8 698543535 3.29638e+09
62_0_0_200_50_99 50 150 0.4615 0.111504 0.56489 9.60365 293.117 2.7529
62_0_0_200_50_99 50 150 100 2008004 70060207500 34890.5 20080 700602075 3.39943e+09
62_0_0_200_100_149 50 150 0.457525 0.111241 0.567944 9.60388 207.895 2.79592
62_0_0_200_100_149 50 150 100 2007536 69815574000 34776.7 20075.4 698155740 3.41816e+09
62_0_0_200_150_199 50 150 0.447338 0.113087 0.574147 9.4919 211.666 2.77973
62_0_0_200_150_199 50 150 100 2008860 70321363500 35005.6 20088.6 703213635 3.29973e+09
62_0_0_200_200_249 50 150 0.456766 0.112592 0.573618 9.72011 195.274 2.83812
62_0_0_200_200_249 50 150 100 2009541 70312393500 34989.3 20095.4 703123935 3.46291e+09
62_0_0_200_250_299 50 150 0.453188 0.112186 0.577711 9.66728 217.919 2.87706
62_0_0_200_250_299 50 150 100 1968211 68802154500 34956.7 19682.1 688021545 3.28806e+09
62_0_0_200_300_349 50 150 0.474504 0.111685 0.571364 9.70759 210.005 2.84267
62_0_0_200_300_349 50 150 100 2009792 70067967000 34863.3 20097.9 700679670 3.52807e+09
62_0_0_200_350_399 50 150 0.470568 0.111957 0.569717 9.6514 207.646 2.81818
62_0_0_200_350_399 50 150 100 2010184 70143808500 34894.2 20101.8 701438085 3.29577e+09
62_0_0_200_400_449 50 150 0.463685 0.112294 0.57118 9.64573 179.653 2.81667
62_0_0_200_400_449 50 150 100 2010974 70172881500 34895 20109.7 701728815 3.59706e+09
62_0_0_200_450_499 50 150 0.447279 0.111223 0.562409 9.51296 189.988 2.72015
62_0_0_200_450_499 50 150 100 2009592 69738892500 34703 20095.9 697388925 3.30633e+09
