7_71875_100000_200_0_0 50 150 0.681814 0.214062 0.733103 10.0689 301.021 2.70934
7_71875_100000_200_0_0 50 150 100 1283846 28160644500 21934.6 12838.5 281606445 5.00086e+08
7_71875_100000_200_1_1 50 150 0.681814 0.214062 0.733103 10.0689 301.021 2.70934
7_71875_100000_200_1_1 50 150 100 1283846 28160644500 21934.6 12838.5 281606445 5.00086e+08
7_71875_100000_200_2_2 50 150 0.655872 0.215863 0.742585 10.0179 229.306 2.72597
7_71875_100000_200_2_2 50 150 100 1283851 28160467500 21934.4 12838.5 281604675 4.75294e+08
7_71875_100000_200_3_3 50 150 0.647083 0.214918 0.733295 9.81225 214.546 2.56461
7_71875_100000_200_3_3 50 150 100 1283848 28160670000 21934.6 12838.5 281606700 4.63593e+08
7_71875_100000_200_4_4 50 150 0.656631 0.214154 0.72444 9.79224 219.101 2.52533
7_71875_100000_200_4_4 50 150 100 1283850 28160704500 21934.6 12838.5 281607045 4.6406e+08
7_71875_100000_200_5_5 50 150 0.640194 0.213895 0.728686 9.75387 260.159 2.56591
7_71875_100000_200_5_5 50 150 100 1283849 28160731500 21934.6 12838.5 281607315 4.56962e+08
7_71875_100000_200_6_6 50 150 0.638438 0.214457 0.729279 9.74615 312.684 2.58697
7_71875_100000_200_6_6 50 150 100 1283852 28160656500 21934.5 12838.5 281606565 4.5492e+08
7_71875_100000_200_7_7 50 150 0.614738 0.213773 0.721302 9.73437 220.083 2.49762
7_71875_100000_200_7_7 50 150 100 1283851 28160721000 21934.6 12838.5 281607210 4.3988e+08
7_71875_100000_200_8_8 50 150 0.622198 0.213633 0.714421 9.50465 221.217 2.39585
7_71875_100000_200_8_8 50 150 100 1283850 28160745000 21934.6 12838.5 281607450 4.4336e+08
7_71875_100000_200_9_9 50 150 0.627616 0.213878 0.726819 9.77322 255.826 2.56156
7_71875_100000_200_9_9 50 150 100 1283849 28160719500 21934.6 12838.5 281607195 4.50766e+08
