15 74 68 15 11 0.21875
15 74 75 15 40 0.125
15 74 95 15 72 0.28125
15 74 97 15 59 0.21875
15 74 145 15 63 0.046875
15 74 165 15 38 0.0625
15 74 171 15 66 0.046875
15 75 0 15 38 0.09375
15 75 21 15 71 0.09375
15 75 42 15 63 0.078125
15 75 69 15 11 0.03125
15 75 77 15 40 0.0625
15 75 93 15 70 0.109375
15 75 119 15 8 0.03125
15 75 125 15 10 0.109375
15 75 130 15 67 0.109375
15 75 142 15 59 0.03125
15 75 148 15 63 0.03125
15 75 169 15 66 0.09375
15 75 173 15 71 0.015625
15 75 180 15 6 0.109375
16 74 15 16 67 0.109375
16 74 28 16 59 0.015625
16 74 31 16 59 0.109375
16 74 42 16 64 0.140625
16 74 58 16 8 0.03125
16 74 61 16 9 0.140625
16 74 75 16 40 0.078125
16 74 81 16 43 0.125
16 74 114 16 8 0.109375
16 74 136 16 60 0.109375
16 74 177 16 72 0.03125
16 75 2 16 40 0.03125
16 75 3 16 41 0.046875
16 75 4 16 42 0.046875
16 75 6 16 44 0.03125
16 75 19 16 69 0.0625
16 75 22 16 70 0.03125
16 75 25 16 71 0.03125
16 75 35 16 60 0.015625
16 75 48 16 65 0.015625
16 75 53 16 6 0.0625
16 75 68 16 11 0.015625
16 75 69 16 11 0.03125
16 75 71 16 38 0.015625
16 75 72 16 38 0.046875
16 75 92 16 61 0.03125
16 75 121 16 44 0.03125
16 75 122 16 66 0.046875
16 75 123 16 67 0.015625
16 75 130 16 70 0.015625
16 75 132 16 71 0.03125
16 75 133 16 72 0.046875
16 75 139 16 61 0.015625
16 75 142 16 63 0.0625
16 75 148 16 65 0.03125
16 75 164 16 39 0.0625
16 75 169 16 66 0.015625
16 75 178 16 62 0.0625
16 75 191 16 68 0.046875
