1250_0_0_40_0_0 10 30 0.533526 0.206237 0.967504 10.2162 89.3153 4.48819
1250_0_0_40_0_0 10 30 20 1234292 43379293500 35145.1 61714.6 2168964675 1.09475e+10
1250_0_0_40_1_1 10 30 0.533526 0.206237 0.967504 10.2162 89.3153 4.48819
1250_0_0_40_1_1 10 30 20 1234292 43379293500 35145.1 61714.6 2168964675 1.09475e+10
1250_0_0_40_2_2 10 30 0.526732 0.206141 0.955243 10.1487 86.1537 4.38861
1250_0_0_40_2_2 10 30 20 1233735 43209598500 35023.4 61686.8 2160479925 1.07981e+10
1250_0_0_40_3_3 10 30 0.525487 0.206697 0.947891 10.0951 79.9762 4.35814
1250_0_0_40_3_3 10 30 20 1234502 43289503500 35066.4 61725.1 2164475175 1.09539e+10
1250_0_0_40_4_4 10 30 0.525684 0.205802 0.951953 10.1518 92.9155 4.37367
1250_0_0_40_4_4 10 30 20 1233835 43300821000 35094.5 61691.8 2165041050 1.08557e+10
1250_0_0_40_5_5 10 30 0.521155 0.205082 0.929913 10.0403 73.2345 4.30887
1250_0_0_40_5_5 10 30 20 1233469 43077562500 34923.9 61673.4 2153878125 1.063e+10
1250_0_0_40_6_6 10 30 0.529152 0.206812 0.976688 10.1411 87.2736 4.45552
1250_0_0_40_6_6 10 30 20 1233578 43305627000 35105.7 61678.9 2165281350 1.08042e+10
1250_0_0_40_7_7 10 30 0.52571 0.206606 0.954519 10.1378 86.4832 4.34764
1250_0_0_40_7_7 10 30 20 1233671 43281615000 35083.6 61683.6 2164080750 1.0887e+10
1250_0_0_40_8_8 10 30 0.520521 0.205228 0.949713 10.0567 111.838 4.32273
1250_0_0_40_8_8 10 30 20 1233434 43224648000 35044.2 61671.7 2161232400 1.0771e+10
1250_0_0_40_9_9 10 30 0.522567 0.20616 0.943713 10.0952 112.94 4.31441
1250_0_0_40_9_9 10 30 20 1233483 43315047000 35116 61674.2 2165752350 1.08351e+10
