7_5_10_1000_0_0 250 750 0.538461 0.113879 1.82808 9.97046 109.922 5.49112
7_5_10_1000_0_0 250 750 500 554591 19474377000 35114.8 1109.18 38948754 2.91393e+08
7_5_10_1000_1_1 250 750 0.538461 0.113879 1.82808 9.97046 109.922 5.49112
7_5_10_1000_1_1 250 750 500 554591 19474377000 35114.8 1109.18 38948754 2.91393e+08
7_5_10_1000_2_2 250 750 0.534656 0.113909 1.76032 9.92476 229.953 5.4224
7_5_10_1000_2_2 250 750 500 553155 19125226500 34574.8 1106.31 38250453 2.66472e+08
7_5_10_1000_3_3 250 750 0.528998 0.113495 1.7504 9.8505 538.03 5.32184
7_5_10_1000_3_3 250 750 500 553159 19075524000 34484.7 1106.32 38151048 2.6587e+08
7_5_10_1000_4_4 250 750 0.53761 0.114401 1.81339 9.82301 193.529 5.48689
7_5_10_1000_4_4 250 750 500 552446 19597758000 35474.5 1104.89 39195516 2.92489e+08
7_5_10_1000_5_5 250 750 0.532496 0.114088 1.78051 9.93134 168.708 5.43944
7_5_10_1000_5_5 250 750 500 551875 19370529000 35099.5 1103.75 38741058 2.73906e+08
7_5_10_1000_6_6 250 750 0.527765 0.113686 1.70145 9.78924 649.952 5.29382
7_5_10_1000_6_6 250 750 500 552154 19080586500 34556.6 1104.31 38161173 2.77805e+08
7_5_10_1000_7_7 250 750 0.531145 0.11367 1.6726 9.8993 169.293 5.29903
7_5_10_1000_7_7 250 750 500 552940 19216387500 34753.1 1105.88 38432775 2.87184e+08
7_5_10_1000_8_8 250 750 0.521204 0.114195 1.66167 9.81933 786.18 5.20473
7_5_10_1000_8_8 250 750 500 554284 19210933500 34659 1108.57 38421867 2.59366e+08
7_5_10_1000_9_9 250 750 0.52831 0.113657 1.64706 9.78066 686.565 5.17447
7_5_10_1000_9_9 250 750 500 551613 19105201500 34635.2 1103.23 38210403 2.64099e+08
