114_0_0_200_0_49 50 150 0.532425 0.166661 0.958424 10.1997 170.479 4.28244
114_0_0_200_0_49 50 150 100 3693547 128372545500 34755.9 36935.5 1283725455 8.16552e+09
114_0_0_200_50_99 50 150 0.534576 0.165941 0.949403 10.2104 167.788 4.24507
114_0_0_200_50_99 50 150 100 3693663 128336185500 34745 36936.6 1283361855 8.14009e+09
114_0_0_200_100_149 50 150 0.523754 0.165687 0.928763 10.1234 269.972 4.14355
114_0_0_200_100_149 50 150 100 3692202 128116045500 34699.1 36922 1281160455 7.95617e+09
114_0_0_200_150_199 50 150 0.538428 0.167204 0.965896 10.2324 187.703 4.31259
114_0_0_200_150_199 50 150 100 3693219 128595877500 34819.5 36932.2 1285958775 8.33989e+09
114_0_0_200_200_249 50 150 0.540629 0.165628 0.950229 10.2947 517.856 4.28043
114_0_0_200_200_249 50 150 100 3694586 128712072000 34838 36945.9 1287120720 8.50927e+09
114_0_0_200_250_299 50 150 0.538465 0.166315 0.964226 10.2546 160.899 4.34353
114_0_0_200_250_299 50 150 100 3619795 125709784500 34728.4 36197.9 1257097845 8.10084e+09
114_0_0_200_300_349 50 150 0.532003 0.166581 0.948373 10.2106 290.095 4.2479
114_0_0_200_300_349 50 150 100 3694524 128543352000 34792.9 36945.2 1285433520 8.17061e+09
114_0_0_200_350_399 50 150 0.549674 0.167262 0.974732 10.369 449.97 4.41155
114_0_0_200_350_399 50 150 100 3696162 128595568500 34791.6 36961.6 1285955685 8.4297e+09
114_0_0_200_400_449 50 150 0.538728 0.165454 0.944916 10.2559 210.06 4.28706
114_0_0_200_400_449 50 150 100 3695298 128459433000 34762.9 36953 1284594330 8.25153e+09
114_0_0_200_450_499 50 150 0.539511 0.166115 0.974486 10.2392 404.29 4.33408
114_0_0_200_450_499 50 150 100 3694528 128004724500 34647.1 36945.3 1280047245 8.1755e+09
