19_5_10_200_0_0 50 150 0.601303 0.220516 1.02345 10.2775 250.029 4.21435
19_5_10_200_0_0 50 150 100 2862488 73594314000 25709.9 28624.9 735943140 1.53069e+09
19_5_10_200_1_1 50 150 0.601303 0.220516 1.02345 10.2775 250.029 4.21435
19_5_10_200_1_1 50 150 100 2862488 73594314000 25709.9 28624.9 735943140 1.53069e+09
19_5_10_200_2_2 50 150 0.608882 0.22056 1.03205 10.3092 230.115 4.24676
19_5_10_200_2_2 50 150 100 2862494 73594176000 25709.8 28624.9 735941760 1.53778e+09
19_5_10_200_3_3 50 150 0.598841 0.220039 1.01014 10.328 250.014 4.18304
19_5_10_200_3_3 50 150 100 2862490 73594252500 25709.9 28624.9 735942525 1.56759e+09
19_5_10_200_4_4 50 150 0.595261 0.220732 1.02061 10.236 293.632 4.19644
19_5_10_200_4_4 50 150 100 2862489 73594182000 25709.9 28624.9 735941820 1.51981e+09
19_5_10_200_5_5 50 150 0.621511 0.220404 1.02854 10.4534 250.073 4.28945
19_5_10_200_5_5 50 150 100 2862497 73594327500 25709.8 28625 735943275 1.603e+09
19_5_10_200_6_6 50 150 0.609036 0.219433 1.0089 10.3013 240.072 4.17126
19_5_10_200_6_6 50 150 100 2862494 73594230000 25709.8 28624.9 735942300 1.57071e+09
19_5_10_200_7_7 50 150 0.611029 0.219962 1.02135 10.4197 228.147 4.23996
19_5_10_200_7_7 50 150 100 2862493 73594159500 25709.8 28624.9 735941595 1.547e+09
19_5_10_200_8_8 50 150 0.588445 0.219801 1.00161 10.2014 212.125 4.10222
19_5_10_200_8_8 50 150 100 2862490 73594146000 25709.8 28624.9 735941460 1.48314e+09
19_5_10_200_9_9 50 150 0.598465 0.220297 1.02183 10.2401 250.041 4.21371
19_5_10_200_9_9 50 150 100 2862494 73594296000 25709.9 28624.9 735942960 1.5146e+09
