0_174218_1000000_200_0 50 150 0.365565 0.205593 0.678067 4.59404 122.627 1.36439
0_174218_1000000_200_0 50 150 100 778554 27072235500 34772.5 7785.54 270722355 1.1699e+09
0_174218_1000000_200_1 50 150 0.365565 0.205593 0.678067 4.59404 122.627 1.36439
0_174218_1000000_200_1 50 150 100 778554 27072235500 34772.5 7785.54 270722355 1.1699e+09
0_174218_1000000_200_2 50 150 0.386896 0.212314 0.71294 5.39635 98.4529 1.5551
0_174218_1000000_200_2 50 150 100 777267 27232605000 35036.4 7772.67 272326050 1.2533e+09
0_174218_1000000_200_3 50 150 0.380398 0.209796 0.699349 5.06006 160.909 1.47317
0_174218_1000000_200_3 50 150 100 779476 27178825500 34868.1 7794.76 271788255 1.25091e+09
0_174218_1000000_200_4 50 150 0.36908 0.20579 0.683554 4.76817 95.6372 1.41224
0_174218_1000000_200_4 50 150 100 777244 26941665000 34663.1 7772.44 269416650 1.10864e+09
0_174218_1000000_200_5 50 150 0.366553 0.205247 0.678871 4.7142 93.3851 1.38724
0_174218_1000000_200_5 50 150 100 777157 26803365000 34489 7771.57 268033650 1.09197e+09
0_174218_1000000_200_6 50 150 0.38484 0.213075 0.714923 5.34989 94.3762 1.56401
0_174218_1000000_200_6 50 150 100 776475 27026490000 34806.6 7764.75 270264900 1.15314e+09
0_174218_1000000_200_7 50 150 0.396702 0.216503 0.729016 5.69472 93.6241 1.63433
0_174218_1000000_200_7 50 150 100 776972 27524226000 35425 7769.72 275242260 1.35484e+09
0_174218_1000000_200_8 50 150 0.366293 0.206682 0.683319 4.63421 95.579 1.394
0_174218_1000000_200_8 50 150 100 778428 26996844000 34681.2 7784.28 269968440 1.10972e+09
0_174218_1000000_200_9 50 150 0.379802 0.209404 0.701434 5.16422 81.7813 1.50128
0_174218_1000000_200_9 50 150 100 777474 27157780500 34930.8 7774.74 271577805 1.22652e+09
