108_0_0_200_0_49 50 150 0.471683 0.149784 0.82819 9.75693 209.958 3.74023
108_0_0_200_0_49 50 150 100 3499198 121641828000 34762.8 34992 1216418280 6.46347e+09
108_0_0_200_50_99 50 150 0.480939 0.150133 0.83801 9.88343 449.931 3.85306
108_0_0_200_50_99 50 150 100 3498985 121455895500 34711.8 34989.8 1214558955 6.5747e+09
108_0_0_200_100_149 50 150 0.46761 0.148997 0.817263 9.71381 340.069 3.70488
108_0_0_200_100_149 50 150 100 3497680 121357308000 34696.5 34976.8 1213573080 6.47805e+09
108_0_0_200_150_199 50 150 0.479491 0.15062 0.84785 9.83516 290.025 3.83091
108_0_0_200_150_199 50 150 100 3498947 121881799500 34833.9 34989.5 1218817995 6.83491e+09
108_0_0_200_200_249 50 150 0.482552 0.149678 0.83919 9.88051 319.657 3.8248
108_0_0_200_200_249 50 150 100 3499298 121894129500 34833.9 34993 1218941295 6.79547e+09
108_0_0_200_250_299 50 150 0.466724 0.149171 0.814332 9.69675 300.986 3.68555
108_0_0_200_250_299 50 150 100 3428936 119085154500 34729.5 34289.4 1190851545 6.42116e+09
108_0_0_200_300_349 50 150 0.475287 0.150334 0.836678 9.79146 144.944 3.80848
108_0_0_200_300_349 50 150 100 3500781 121933789500 34830.5 35007.8 1219337895 6.65393e+09
108_0_0_200_350_399 50 150 0.481095 0.150145 0.844802 9.83095 409.462 3.83528
108_0_0_200_350_399 50 150 100 3501573 121683549000 34751.1 35015.7 1216835490 6.68448e+09
108_0_0_200_400_449 50 150 0.480739 0.149882 0.83603 9.85916 210.136 3.83053
108_0_0_200_400_449 50 150 100 3501221 121582272000 34725.7 35012.2 1215822720 6.74614e+09
108_0_0_200_450_499 50 150 0.475845 0.149586 0.834427 9.75698 179.923 3.78443
108_0_0_200_450_499 50 150 100 3500062 121243836000 34640.5 35000.6 1212438360 6.65291e+09
