30_5_10_200_0_0 50 150 0.533604 0.183032 1.14751 10.0434 134.564 4.63382
30_5_10_200_0_0 50 150 100 562215 19630714500 34916.7 5622.15 196307145 1.31609e+09
30_5_10_200_1_1 50 150 0.533604 0.183032 1.14751 10.0434 134.564 4.63382
30_5_10_200_1_1 50 150 100 562215 19630714500 34916.7 5622.15 196307145 1.31609e+09
30_5_10_200_2_2 50 150 0.528796 0.184575 1.14881 9.88947 115.136 4.56031
30_5_10_200_2_2 50 150 100 562314 19598344500 34853 5623.14 195983445 1.26391e+09
30_5_10_200_3_3 50 150 0.538818 0.183893 1.17532 10.0218 119.749 4.69756
30_5_10_200_3_3 50 150 100 562394 19625380500 34896.1 5623.94 196253805 1.32932e+09
30_5_10_200_4_4 50 150 0.548008 0.187126 1.22751 10.0744 111.301 4.79847
30_5_10_200_4_4 50 150 100 561889 19769500500 35184 5618.89 197695005 1.39446e+09
30_5_10_200_5_5 50 150 0.548142 0.18612 1.19774 10.1101 139.792 4.76274
30_5_10_200_5_5 50 150 100 561974 19596297000 34870.5 5619.74 195962970 1.29942e+09
30_5_10_200_6_6 50 150 0.560882 0.189271 1.31255 10.1218 134.07 5.00764
30_5_10_200_6_6 50 150 100 561504 19661833500 35016.4 5615.04 196618335 1.36591e+09
30_5_10_200_7_7 50 150 0.544251 0.185862 1.21688 10.0704 129.954 4.78734
30_5_10_200_7_7 50 150 100 561214 19487416500 34723.7 5612.14 194874165 1.28343e+09
30_5_10_200_8_8 50 150 0.549259 0.188577 1.26355 10.0192 192.885 4.82656
30_5_10_200_8_8 50 150 100 561106 19713715500 35133.7 5611.06 197137155 1.30134e+09
30_5_10_200_9_9 50 150 0.534827 0.184912 1.1539 9.93605 107.738 4.59202
30_5_10_200_9_9 50 150 100 561577 19500432000 34724.4 5615.77 195004320 1.30757e+09
