0_875_1000_100_0_0 25 75 0.554221 0.212658 1.00899 9.9838 200.005 3.88848
0_875_1000_100_0_0 25 75 50 569165 20099394000 35313.8 11383.3 401987880 2.60097e+09
0_875_1000_100_1_1 25 75 0.554221 0.212658 1.00899 9.9838 200.005 3.88848
0_875_1000_100_1_1 25 75 50 569165 20099394000 35313.8 11383.3 401987880 2.60097e+09
0_875_1000_100_2_2 25 75 0.551662 0.209898 1.0064 9.99546 94.9309 3.88429
0_875_1000_100_2_2 25 75 50 567920 19953780000 35134.8 11358.4 399075600 2.50575e+09
0_875_1000_100_3_3 25 75 0.550463 0.21177 1.01656 9.97279 98.591 3.90407
0_875_1000_100_3_3 25 75 50 568997 19928863500 35024.5 11379.9 398577270 2.48617e+09
0_875_1000_100_4_4 25 75 0.548542 0.212426 1.01072 9.92651 99.8848 3.91286
0_875_1000_100_4_4 25 75 50 567939 19841139000 34935.3 11358.8 396822780 2.40776e+09
0_875_1000_100_5_5 25 75 0.566037 0.211939 1.00986 10.0137 104.49 3.93882
0_875_1000_100_5_5 25 75 50 568045 20035029000 35270.1 11360.9 400700580 2.69185e+09
0_875_1000_100_6_6 25 75 0.555359 0.212114 1.01576 9.98801 140.062 3.91303
0_875_1000_100_6_6 25 75 50 568954 19954447500 35072.2 11379.1 399088950 2.62567e+09
0_875_1000_100_7_7 25 75 0.560534 0.212649 0.999411 10.0109 128.466 3.86073
0_875_1000_100_7_7 25 75 50 569454 20065626000 35236.6 11389.1 401312520 2.70257e+09
0_875_1000_100_8_8 25 75 0.568845 0.214775 1.06246 10.1352 130.062 4.09005
0_875_1000_100_8_8 25 75 50 568818 19963239000 35096 11376.4 399264780 2.62914e+09
0_875_1000_100_9_9 25 75 0.558177 0.210365 1.01281 9.99307 103.973 3.94667
0_875_1000_100_9_9 25 75 50 568930 19850373000 34890.7 11378.6 397007460 2.53626e+09
