17_5_10_640_0_0 160 480 0.49624 0.163681 0.755992 9.74503 434.407 3.26894
17_5_10_640_0_0 160 480 320 726378 25369312500 34925.8 2269.93 7.92791e+07 5.21433e+08
17_5_10_640_1_1 160 480 0.49624 0.163681 0.755992 9.74503 434.407 3.26894
17_5_10_640_1_1 160 480 320 726378 25369312500 34925.8 2269.93 7.92791e+07 5.21433e+08
17_5_10_640_2_2 160 480 0.526496 0.162398 0.767837 9.86326 558.058 3.3446
17_5_10_640_2_2 160 480 320 726384 25411425000 34983.5 2269.95 7.94107e+07 5.84961e+08
17_5_10_640_3_3 160 480 0.511266 0.164633 0.77712 9.81713 559.85 3.38527
17_5_10_640_3_3 160 480 320 725962 25431495000 35031.4 2268.63 7.94734e+07 5.51713e+08
17_5_10_640_4_4 160 480 0.571395 0.165163 0.804122 10.1951 452.719 3.60844
17_5_10_640_4_4 160 480 320 726306 25513749000 35128.1 2269.71 7.97305e+07 6.94638e+08
17_5_10_640_5_5 160 480 0.522606 0.162753 0.760048 9.78842 563.349 3.27955
17_5_10_640_5_5 160 480 320 725704 25270666500 34822.3 2267.82 7.89708e+07 5.42387e+08
17_5_10_640_6_6 160 480 0.561576 0.164271 0.783321 10.1798 435.884 3.50137
17_5_10_640_6_6 160 480 320 725535 25350264000 34940.1 2267.3 79219575 5.75956e+08
17_5_10_640_7_7 160 480 0.507734 0.164073 0.759407 9.67894 409.654 3.27091
17_5_10_640_7_7 160 480 320 725207 25383027000 35001.1 2266.27 7.9322e+07 5.32062e+08
17_5_10_640_8_8 160 480 0.556196 0.163826 0.760192 9.8451 652.191 3.29904
17_5_10_640_8_8 160 480 320 725093 25317381000 34916 2265.92 7.91168e+07 5.65974e+08
17_5_10_640_9_9 160 480 0.537359 0.163119 0.768725 9.95708 477.272 3.3643
17_5_10_640_9_9 160 480 320 725884 25416646500 35014.7 2268.39 7.9427e+07 6.13375e+08
