0_6375_10000_100_0_0 25 75 0.511222 0.158492 0.635179 9.49885 249.353 2.26517
0_6375_10000_100_0_0 25 75 50 2025748 48932128500 24155.1 40515 978642570 2.09113e+09
0_6375_10000_100_1_1 25 75 0.511222 0.158492 0.635179 9.49885 249.353 2.26517
0_6375_10000_100_1_1 25 75 50 2025748 48932128500 24155.1 40515 978642570 2.09113e+09
0_6375_10000_100_2_2 25 75 0.532674 0.158488 0.633951 9.66097 248.591 2.31129
0_6375_10000_100_2_2 25 75 50 2025568 48931315500 24156.8 40511.4 978626310 2.11232e+09
0_6375_10000_100_3_3 25 75 0.517592 0.158133 0.633532 9.47705 211.592 2.28987
0_6375_10000_100_3_3 25 75 50 2025382 48889174500 24138.2 40507.6 977783490 2.09111e+09
0_6375_10000_100_4_4 25 75 0.524666 0.158388 0.640076 9.60521 248.548 2.33645
0_6375_10000_100_4_4 25 75 50 2025678 48919293000 24149.6 40513.6 978385860 2.1102e+09
0_6375_10000_100_5_5 25 75 0.519584 0.157671 0.631404 9.5792 242.868 2.27142
0_6375_10000_100_5_5 25 75 50 2025432 48905287500 24145.6 40508.6 978105750 2.11576e+09
0_6375_10000_100_6_6 25 75 0.528501 0.159112 0.640822 9.61976 212.386 2.33229
0_6375_10000_100_6_6 25 75 50 2025847 48966838500 24171 40516.9 979336770 2.11159e+09
0_6375_10000_100_7_7 25 75 0.515769 0.158174 0.636333 9.57021 248.909 2.30177
0_6375_10000_100_7_7 25 75 50 2025859 48921079500 24148.3 40517.2 978421590 2.0718e+09
0_6375_10000_100_8_8 25 75 0.521591 0.158167 0.636852 9.57583 219.273 2.29971
0_6375_10000_100_8_8 25 75 50 2025886 48933124500 24153.9 40517.7 978662490 2.09223e+09
0_6375_10000_100_9_9 25 75 0.52365 0.158475 0.638542 9.57017 203.02 2.31405
0_6375_10000_100_9_9 25 75 50 2025930 48935352000 24154.5 40518.6 978707040 2.08995e+09
