11_125_1000_1000_0_0 250 750 0.63197 0.114995 4.90525 9.97817 370.006 7.43949
11_125_1000_1000_0_0 250 750 500 3402339 44130763500 12970.7 6804.68 88261527 8.89839e+07
11_125_1000_1000_1_1 250 750 0.63197 0.114995 4.90525 9.97817 370.006 7.43949
11_125_1000_1000_1_1 250 750 500 3402339 44130763500 12970.7 6804.68 88261527 8.89839e+07
11_125_1000_1000_2_2 250 750 0.632682 0.114877 4.89921 10.0249 460.042 7.45781
11_125_1000_1000_2_2 250 750 500 3402244 44135140500 12972.4 6804.49 88270281 8.9744e+07
11_125_1000_1000_3_3 250 750 0.629702 0.114997 4.87137 9.97957 520.032 7.40919
11_125_1000_1000_3_3 250 750 500 3402396 44137279500 12972.4 6804.79 88274559 8.90698e+07
11_125_1000_1000_4_4 250 750 0.633047 0.114931 4.89538 9.96483 1180.05 7.42263
11_125_1000_1000_4_4 250 750 500 3402477 44131749000 12970.5 6804.95 88263498 8.95895e+07
11_125_1000_1000_5_5 250 750 0.631611 0.11489 4.88612 9.98191 269.998 7.42742
11_125_1000_1000_5_5 250 750 500 3402527 44135190000 12971.3 6805.05 88270380 8.90393e+07
11_125_1000_1000_6_6 250 750 0.630177 0.114997 4.87036 9.98469 140.019 7.41572
11_125_1000_1000_6_6 250 750 500 3402160 44133366000 12972.2 6804.32 88266732 8.89036e+07
11_125_1000_1000_7_7 250 750 0.629062 0.114876 4.87157 9.9682 719.98 7.41918
11_125_1000_1000_7_7 250 750 500 3402456 44127330000 12969.3 6804.91 88254660 8.89142e+07
11_125_1000_1000_8_8 250 750 0.631315 0.114997 4.84145 9.95753 1090.02 7.4038
11_125_1000_1000_8_8 250 750 500 3402403 44136091500 12972 6804.81 88272183 8.90732e+07
11_125_1000_1000_9_9 250 750 0.628511 0.114961 4.87357 9.94937 450.022 7.39975
11_125_1000_1000_9_9 250 750 500 3402403 44131087500 12970.6 6804.81 88262175 8.87106e+07
