5_1875_10000_100_0_0 25 75 0.590054 0.231466 1.33945 9.96275 141.301 4.71359
5_1875_10000_100_0_0 25 75 50 857884 30159190500 35155.3 17157.7 603183810 4.44926e+09
5_1875_10000_100_1_1 25 75 0.590054 0.231466 1.33945 9.96275 141.301 4.71359
5_1875_10000_100_1_1 25 75 50 857884 30159190500 35155.3 17157.7 603183810 4.44926e+09
5_1875_10000_100_2_2 25 75 0.577779 0.230204 1.31235 9.89732 109.943 4.57052
5_1875_10000_100_2_2 25 75 50 857316 30052162500 35053.8 17146.3 601043250 4.35387e+09
5_1875_10000_100_3_3 25 75 0.588853 0.232099 1.32022 10.0072 211.522 4.69327
5_1875_10000_100_3_3 25 75 50 858293 30280008000 35279.3 17165.9 605600160 4.50951e+09
5_1875_10000_100_4_4 25 75 0.583969 0.230137 1.31707 9.97413 160.063 4.66706
5_1875_10000_100_4_4 25 75 50 857886 30085915500 35069.8 17157.7 601718310 4.35159e+09
5_1875_10000_100_5_5 25 75 0.589062 0.22973 1.32861 9.99987 170.069 4.6944
5_1875_10000_100_5_5 25 75 50 857153 30055569000 35064.4 17143.1 601111380 4.51117e+09
5_1875_10000_100_6_6 25 75 0.585935 0.232542 1.34358 9.92026 189.842 4.62397
5_1875_10000_100_6_6 25 75 50 857074 30119146500 35141.8 17141.5 602382930 4.43298e+09
5_1875_10000_100_7_7 25 75 0.586693 0.230452 1.32565 9.9317 172.327 4.67276
5_1875_10000_100_7_7 25 75 50 857173 30119584500 35138.3 17143.5 602391690 4.57669e+09
5_1875_10000_100_8_8 25 75 0.580673 0.228618 1.3012 9.97849 88.7466 4.59676
5_1875_10000_100_8_8 25 75 50 857031 29815588500 34789.4 17140.6 596311770 4.28268e+09
5_1875_10000_100_9_9 25 75 0.588221 0.232744 1.33682 9.98328 210.054 4.69201
5_1875_10000_100_9_9 25 75 50 857447 30129070500 35138.1 17148.9 602581410 4.33972e+09
