63_0_0_200_0_49 50 150 0.527694 0.132678 0.767769 10.32 200.049 3.89055
63_0_0_200_0_49 50 150 100 2040233 70740567000 34672.8 20402.3 707405670 4.21207e+09
63_0_0_200_50_99 50 150 0.520915 0.13367 0.775921 10.2862 272.504 3.91493
63_0_0_200_50_99 50 150 100 2040403 70862898000 34729.9 20404 708628980 4.16864e+09
63_0_0_200_100_149 50 150 0.513872 0.130453 0.739426 10.2332 184.348 3.76589
63_0_0_200_100_149 50 150 100 2040094 70711000500 34660.7 20400.9 707110005 4.1371e+09
63_0_0_200_150_199 50 150 0.49493 0.133412 0.751891 10.1032 197.451 3.72674
63_0_0_200_150_199 50 150 100 2041278 71132737500 34847.2 20412.8 711327375 4.02271e+09
63_0_0_200_200_249 50 150 0.50066 0.13258 0.744215 10.0509 203.992 3.67683
63_0_0_200_200_249 50 150 100 2042070 71233699500 34883.1 20420.7 712336995 4.12865e+09
63_0_0_200_250_299 50 150 0.510326 0.133498 0.756266 10.1792 206.679 3.79081
63_0_0_200_250_299 50 150 100 2000151 69632127000 34813.4 20001.5 696321270 4.06378e+09
63_0_0_200_300_349 50 150 0.499707 0.132593 0.74728 10.1228 195.774 3.71756
63_0_0_200_300_349 50 150 100 2041940 70923924000 34733.6 20419.4 709239240 4.07183e+09
63_0_0_200_350_399 50 150 0.515612 0.132909 0.752241 10.2083 172.863 3.76868
63_0_0_200_350_399 50 150 100 2042591 71078362500 34798.1 20425.9 710783625 4.20128e+09
63_0_0_200_400_449 50 150 0.506735 0.131801 0.744144 10.1801 226.703 3.73274
63_0_0_200_400_449 50 150 100 2043521 71022952500 34755.2 20435.2 710229525 4.13161e+09
63_0_0_200_450_499 50 150 0.482172 0.132181 0.741256 9.91982 324.151 3.62453
63_0_0_200_450_499 50 150 100 2042086 70586416500 34565.8 20420.9 705864165 3.89218e+09
