0_45_100_100_0_0 25 75 0.540513 0.188303 0.889724 10.1154 172.784 3.81885
0_45_100_100_0_0 25 75 50 1174355 41013375000 34924.2 23487.1 820267500 4.70737e+09
0_45_100_100_1_1 25 75 0.540513 0.188303 0.889724 10.1154 172.784 3.81885
0_45_100_100_1_1 25 75 50 1174355 41013375000 34924.2 23487.1 820267500 4.70737e+09
0_45_100_100_2_2 25 75 0.554734 0.189231 0.91699 10.2304 200.02 3.99837
0_45_100_100_2_2 25 75 50 1172705 41126320500 35069.6 23454.1 822526410 4.95612e+09
0_45_100_100_3_3 25 75 0.527974 0.18596 0.854732 9.9051 130.145 3.67074
0_45_100_100_3_3 25 75 50 1173740 41144749500 35054.4 23474.8 822894990 4.91865e+09
0_45_100_100_4_4 25 75 0.527247 0.185582 0.865827 9.96767 123.539 3.70368
0_45_100_100_4_4 25 75 50 1173470 41141134500 35059.4 23469.4 822822690 4.81274e+09
0_45_100_100_5_5 25 75 0.51471 0.186388 0.857361 9.83689 116.083 3.63105
0_45_100_100_5_5 25 75 50 1174400 41028412500 34935.6 23488 820568250 4.73254e+09
0_45_100_100_6_6 25 75 0.532813 0.18772 0.871337 10.0046 120.155 3.71627
0_45_100_100_6_6 25 75 50 1172409 41006773500 34976.5 23448.2 820135470 4.86917e+09
0_45_100_100_7_7 25 75 0.523451 0.185067 0.844234 9.96274 120.006 3.63497
0_45_100_100_7_7 25 75 50 1173070 40932789000 34893.7 23461.4 818655780 4.79368e+09
0_45_100_100_8_8 25 75 0.535753 0.186746 0.87162 10.0636 223.101 3.76749
0_45_100_100_8_8 25 75 50 1174492 41191764000 35072 23489.8 823835280 4.83871e+09
0_45_100_100_9_9 25 75 0.513828 0.187647 0.861366 9.76881 129.95 3.59461
0_45_100_100_9_9 25 75 50 1175237 41042848500 34923 23504.7 820856970 4.73446e+09
