1_35_100_240_0_0 60 180 0.622203 0.159021 0.682893 10.1377 537.125 2.88182
1_35_100_240_0_0 60 180 120 4079490 104654649000 25653.9 33995.8 872122075 2.54259e+09
1_35_100_240_1_1 60 180 0.622203 0.159021 0.682893 10.1377 537.125 2.88182
1_35_100_240_1_1 60 180 120 4079490 104654649000 25653.9 33995.8 872122075 2.54259e+09
1_35_100_240_2_2 60 180 0.624292 0.159696 0.687006 10.0988 530.067 2.88882
1_35_100_240_2_2 60 180 120 4078637 104711398500 25673.1 33988.6 8.72595e+08 2.47835e+09
1_35_100_240_3_3 60 180 0.623406 0.159263 0.681875 10.1243 509.627 2.86138
1_35_100_240_3_3 60 180 120 4081324 104591025000 25626.7 34011 871591875 2.51345e+09
1_35_100_240_4_4 60 180 0.628898 0.159341 0.679457 10.0925 530.041 2.84577
1_35_100_240_4_4 60 180 120 4079823 104651083500 25650.9 33998.5 8.72092e+08 2.5166e+09
1_35_100_240_5_5 60 180 0.602957 0.159268 0.678045 10.0235 510.102 2.79434
1_35_100_240_5_5 60 180 120 4079151 104607040500 25644.3 33992.9 8.71725e+08 2.42582e+09
1_35_100_240_6_6 60 180 0.627998 0.159984 0.684216 10.0962 509.802 2.8641
1_35_100_240_6_6 60 180 120 4081600 104807160000 25678 34013.3 873393000 2.53912e+09
1_35_100_240_7_7 60 180 0.620494 0.1593 0.679551 10.0837 538.421 2.84464
1_35_100_240_7_7 60 180 120 4079865 104556064500 25627.3 33998.9 8.71301e+08 2.46728e+09
1_35_100_240_8_8 60 180 0.620731 0.159666 0.684588 10.1096 537.953 2.87024
1_35_100_240_8_8 60 180 120 4079920 104634420000 25646.2 33999.3 871953500 2.51515e+09
1_35_100_240_9_9 60 180 0.628864 0.159605 0.68911 10.212 509.872 2.9329
1_35_100_240_9_9 60 180 120 4079199 104769597000 25683.9 33993.3 873079975 2.57623e+09
