36_25_100_200_0_49 50 150 0.451107 0.125428 0.713501 9.77568 209.538 3.45974
36_25_100_200_0_49 50 150 100 1173254 41111259000 35040.4 11732.5 411112590 1.80134e+09
36_25_100_200_50_99 50 150 0.450695 0.125523 0.724232 9.78635 139.91 3.49781
36_25_100_200_50_99 50 150 100 1173595 41154664500 35067.2 11736 411546645 1.7999e+09
36_25_100_200_100_149 50 150 0.448712 0.124359 0.707743 9.68799 169.398 3.44717
36_25_100_200_100_149 50 150 100 1174300 41092479000 34993.2 11743 410924790 1.80643e+09
36_25_100_200_150_199 50 150 0.450327 0.126768 0.725006 9.73994 159.239 3.5039
36_25_100_200_150_199 50 150 100 1173479 41233440000 35137.8 11734.8 412334400 1.87324e+09
36_25_100_200_200_249 50 150 0.453956 0.126638 0.740263 9.87572 224.007 3.60299
36_25_100_200_200_249 50 150 100 1174530 41348551500 35204.3 11745.3 413485515 1.89784e+09
36_25_100_200_250_299 50 150 0.444816 0.126576 0.724992 9.62997 161.097 3.4906
36_25_100_200_250_299 50 150 100 1173884 41180475000 35080.5 11738.8 411804750 1.92166e+09
36_25_100_200_300_349 50 150 0.452108 0.125956 0.714078 9.72225 233.871 3.48176
36_25_100_200_300_349 50 150 100 1174804 41100597000 34985.1 11748 411005970 1.86625e+09
36_25_100_200_350_399 50 150 0.458351 0.126046 0.743312 9.72759 164.653 3.58784
36_25_100_200_350_399 50 150 100 1174776 41151769500 35029.5 11747.8 411517695 1.92604e+09
36_25_100_200_400_449 50 150 0.445184 0.125411 0.718502 9.69656 137.001 3.46332
36_25_100_200_400_449 50 150 100 1174859 41131029000 35009.3 11748.6 411310290 1.79144e+09
36_25_100_200_450_499 50 150 0.439938 0.122592 0.69144 9.66972 125.475 3.37568
36_25_100_200_450_499 50 150 100 1174901 40750083000 34683.8 11749 407500830 1.78351e+09
