7_375_1000_100_0_0 25 75 0.501242 0.121241 0.642896 10.168 112.5 3.01297
7_375_1000_100_0_0 25 75 50 136507 4714333500 34535.5 2730.14 94286670 4.44847e+08
7_375_1000_100_1_1 25 75 0.501242 0.121241 0.642896 10.168 112.5 3.01297
7_375_1000_100_1_1 25 75 50 136507 4714333500 34535.5 2730.14 94286670 4.44847e+08
7_375_1000_100_2_2 25 75 0.472333 0.119499 0.6289 9.93324 105.886 2.98096
7_375_1000_100_2_2 25 75 50 135860 4723984500 34771 2717.2 94479690 4.62753e+08
7_375_1000_100_3_3 25 75 0.648747 0.120409 0.680995 11.1915 143.983 3.7461
7_375_1000_100_3_3 25 75 50 135891 4707907500 34644.7 2717.82 94158150 5.90565e+08
7_375_1000_100_4_4 25 75 0.551271 0.12397 0.706223 10.5452 97.2976 3.5388
7_375_1000_100_4_4 25 75 50 135780 4807408500 35405.9 2715.6 96148170 5.56553e+08
7_375_1000_100_5_5 25 75 0.556079 0.119285 0.639115 10.0595 122.964 3.03184
7_375_1000_100_5_5 25 75 50 135779 4709964000 34688.5 2715.58 94199280 4.73397e+08
7_375_1000_100_6_6 25 75 0.619068 0.117783 0.657999 10.5214 150.762 3.28878
7_375_1000_100_6_6 25 75 50 135897 4665688500 34332.5 2717.94 93313770 4.67448e+08
7_375_1000_100_7_7 25 75 0.511677 0.120864 0.627079 9.60963 120.754 2.93224
7_375_1000_100_7_7 25 75 50 135854 4725058500 34780.4 2717.08 94501170 4.5667e+08
7_375_1000_100_8_8 25 75 0.599154 0.122273 0.665655 10.2573 134.154 3.15143
7_375_1000_100_8_8 25 75 50 135768 4824067500 35531.7 2715.36 96481350 5.60279e+08
7_375_1000_100_9_9 25 75 0.676448 0.121638 0.691696 11.0389 123.445 3.55931
7_375_1000_100_9_9 25 75 50 135695 4760994000 35086 2713.9 95219880 5.551e+08
