54_5_10_1000_50_99 250 750 12.6509 9.68543 30.7137 60.1241 3140.08 38.9814
54_5_10_1000_50_99 250 750 500 3145781 95041000500 30212.2 6291.56 190082001 4.60056e+09
54_5_10_1000_100_149 250 750 12.6064 9.64526 30.613 60.0615 1799.95 38.6774
54_5_10_1000_100_149 250 750 500 3132030 95576139000 30515.7 6264.06 191152278 4.74868e+09
54_5_10_1000_150_199 250 750 12.7329 9.69198 30.8152 62.9518 2610.02 39.5423
54_5_10_1000_150_199 250 750 500 3139320 97160830500 30949.6 6278.64 194321661 5.05072e+09
54_5_10_1000_200_249 250 750 12.5486 9.62969 30.491 59.6155 2249.86 38.4513
54_5_10_1000_200_249 250 750 500 3147439 95280450000 30272.4 6294.88 190560900 4.72517e+09
54_5_10_1000_250_299 250 750 12.5232 9.66872 30.6355 60.2444 2409.91 38.7823
54_5_10_1000_250_299 250 750 500 3071862 94441036500 30743.9 6143.72 188882073 4.83098e+09
54_5_10_1000_300_349 250 750 12.6823 9.6575 30.7082 60.1866 3569.93 39.0001
54_5_10_1000_300_349 250 750 500 3129476 95126454000 30396.9 6258.95 190252908 4.73999e+09
54_5_10_1000_350_399 250 750 12.5805 9.70254 30.6533 59.0642 3639.88 38.614
54_5_10_1000_350_399 250 750 500 3153812 94951024500 30106.7 6307.62 189902049 4.5404e+09
54_5_10_1000_400_449 250 750 12.8258 9.65968 30.7962 62.1892 4570.05 39.5179
54_5_10_1000_400_449 250 750 500 3144100 97170861000 30905.8 6288.2 194341722 5.12972e+09
54_5_10_1000_450_499 250 750 12.5973 9.71804 30.7747 60.0055 2329.91 39.0039
54_5_10_1000_450_499 250 750 500 3114162 96738291000 31064 6228.32 193476582 5.27395e+09
