7_25_100_1000_0_0 250 750 0.533516 0.118138 1.68451 9.92591 239.694 5.28051
7_25_100_1000_0_0 250 750 500 536310 18822087000 35095.5 1072.62 37644174 2.66359e+08
7_25_100_1000_1_1 250 750 0.533516 0.118138 1.68451 9.92591 239.694 5.28051
7_25_100_1000_1_1 250 750 500 536310 18822087000 35095.5 1072.62 37644174 2.66359e+08
7_25_100_1000_2_2 250 750 0.525869 0.117889 1.66136 9.8138 290.018 5.15831
7_25_100_1000_2_2 250 750 500 534743 18461118000 34523.3 1069.49 36922236 2.44614e+08
7_25_100_1000_3_3 250 750 0.527305 0.117489 1.73143 9.70819 429.531 5.20027
7_25_100_1000_3_3 250 750 500 534738 18394621500 34399.3 1069.48 36789243 2.45465e+08
7_25_100_1000_4_4 250 750 0.536419 0.118535 1.76576 9.85975 83.1985 5.37293
7_25_100_1000_4_4 250 750 500 533881 18894007500 35389.9 1067.76 37788015 2.71926e+08
7_25_100_1000_5_5 250 750 0.549336 0.118433 1.85198 10.167 80.3156 5.5269
7_25_100_1000_5_5 250 750 500 533345 18786823500 35224.5 1066.69 37573647 2.64436e+08
7_25_100_1000_6_6 250 750 0.543378 0.117734 1.74049 9.98799 140.002 5.35726
7_25_100_1000_6_6 250 750 500 533679 18459675000 34589.5 1067.36 36919350 2.68068e+08
7_25_100_1000_7_7 250 750 0.519802 0.117569 1.59522 9.75533 119.12 5.1287
7_25_100_1000_7_7 250 750 500 534288 18522559500 34667.7 1068.58 37045119 2.60366e+08
7_25_100_1000_8_8 250 750 0.524202 0.118477 1.6733 9.77469 209.884 5.1909
7_25_100_1000_8_8 250 750 500 536026 18642597000 34779.3 1072.05 37285194 2.50938e+08
7_25_100_1000_9_9 250 750 0.534661 0.117676 1.71302 9.93086 126.031 5.29639
7_25_100_1000_9_9 250 750 500 533308 18491583000 34673.4 1066.62 36983166 2.50377e+08
