6_625_1000_1000_0_0 250 750 0.491844 0.101668 1.41553 9.78284 68.2399 4.89754
6_625_1000_1000_0_0 250 750 500 489804 17217483000 35151.8 979.608 34434966 2.25611e+08
6_625_1000_1000_1_1 250 750 0.491844 0.101668 1.41553 9.78284 68.2399 4.89754
6_625_1000_1000_1_1 250 750 500 489804 17217483000 35151.8 979.608 34434966 2.25611e+08
6_625_1000_1000_2_2 250 750 0.482667 0.101588 1.41259 9.71813 75.5613 4.81292
6_625_1000_1000_2_2 250 750 500 488923 16882923000 34530.8 977.846 33765846 2.0204e+08
6_625_1000_1000_3_3 250 750 0.485805 0.101587 1.4211 9.60925 119.944 4.79998
6_625_1000_1000_3_3 250 750 500 488570 16780410000 34346 977.14 33560820 1.98516e+08
6_625_1000_1000_4_4 250 750 0.501018 0.102468 1.47812 9.6904 73.3819 5.01028
6_625_1000_1000_4_4 250 750 500 487887 17270107500 35397.8 975.774 34540215 2.27221e+08
6_625_1000_1000_5_5 250 750 0.499465 0.101971 1.484 9.90717 91.4045 5.02135
6_625_1000_1000_5_5 250 750 500 487586 17158555500 35190.8 975.172 34317111 2.18371e+08
6_625_1000_1000_6_6 250 750 0.504952 0.101592 1.47804 9.80803 82.7788 4.98804
6_625_1000_1000_6_6 250 750 500 487412 16907457000 34688.2 974.824 33814914 2.25152e+08
6_625_1000_1000_7_7 250 750 0.482085 0.101587 1.3552 9.73353 150.016 4.77556
6_625_1000_1000_7_7 250 750 500 488348 16951242000 34711.4 976.696 33902484 2.12354e+08
6_625_1000_1000_8_8 250 750 0.495262 0.101881 1.40497 9.86372 257.735 4.87103
6_625_1000_1000_8_8 250 750 500 489632 16992564000 34704.8 979.264 33985128 2.04394e+08
6_625_1000_1000_9_9 250 750 0.488601 0.101587 1.40596 9.82655 87.1996 4.8596
6_625_1000_1000_9_9 250 750 500 487145 16859566500 34608.9 974.29 33719133 2.04765e+08
