0_9125_10000_320_0_0 80 240 0.791495 0.168498 0.74923 10.5429 423.689 2.77093
0_9125_10000_320_0_0 80 240 160 2118774 55284481500 26092.7 13242.3 3.45528e+08 1.20518e+09
0_9125_10000_320_1_1 80 240 0.791495 0.168498 0.74923 10.5429 423.689 2.77093
0_9125_10000_320_1_1 80 240 160 2118774 55284481500 26092.7 13242.3 3.45528e+08 1.20518e+09
0_9125_10000_320_2_2 80 240 0.760993 0.16894 0.751469 10.4305 560.583 2.8036
0_9125_10000_320_2_2 80 240 160 2118938 55281025500 26089 13243.4 3.45506e+08 1.13405e+09
0_9125_10000_320_3_3 80 240 0.754444 0.169193 0.752151 10.4453 562.389 2.79693
0_9125_10000_320_3_3 80 240 160 2119008 55357971000 26124.5 13243.8 3.45987e+08 1.09184e+09
0_9125_10000_320_4_4 80 240 0.731465 0.167554 0.742118 10.3981 426.051 2.73702
0_9125_10000_320_4_4 80 240 160 2119217 55222939500 26058.2 13245.1 3.45143e+08 1.12531e+09
0_9125_10000_320_5_5 80 240 0.786203 0.16838 0.745457 10.5865 402.277 2.79226
0_9125_10000_320_5_5 80 240 160 2119780 55263496500 26070.4 13248.6 3.45397e+08 1.1954e+09
0_9125_10000_320_6_6 80 240 0.847857 0.167696 0.744495 10.8365 429.823 2.85869
0_9125_10000_320_6_6 80 240 160 2118843 55234969500 26068.5 13242.8 3.45219e+08 1.26938e+09
0_9125_10000_320_7_7 80 240 0.743597 0.168405 0.746625 10.3866 559.569 2.75465
0_9125_10000_320_7_7 80 240 160 2119198 55348003500 26117.4 13245 3.45925e+08 1.10309e+09
0_9125_10000_320_8_8 80 240 0.757193 0.168677 0.748135 10.6755 469.07 2.83993
0_9125_10000_320_8_8 80 240 160 2119008 55229293500 26063.7 13243.8 3.45183e+08 1.15677e+09
0_9125_10000_320_9_9 80 240 0.709348 0.167878 0.73909 10.3103 407.599 2.6932
0_9125_10000_320_9_9 80 240 160 2118812 55272294000 26086.5 13242.6 3.45452e+08 1.0767e+09
