7_25_100_1000_0_0 250 750 0.548294 0.117809 1.8435 10.0074 139.909 5.48029
7_25_100_1000_0_0 250 750 500 536310 18822087000 35095.5 1072.62 37644174 2.69614e+08
7_25_100_1000_1_1 250 750 0.548294 0.117809 1.8435 10.0074 139.909 5.48029
7_25_100_1000_1_1 250 750 500 536310 18822087000 35095.5 1072.62 37644174 2.69614e+08
7_25_100_1000_2_2 250 750 0.535056 0.1176 1.74936 9.95352 84.6106 5.33547
7_25_100_1000_2_2 250 750 500 534743 18453372000 34508.9 1069.49 36906744 2.4441e+08
7_25_100_1000_3_3 250 750 0.536916 0.11747 1.76174 9.76785 631.654 5.26521
7_25_100_1000_3_3 250 750 500 534738 18396610500 34403 1069.48 36793221 2.42334e+08
7_25_100_1000_4_4 250 750 0.542572 0.118262 1.87491 9.86607 127.921 5.51742
7_25_100_1000_4_4 250 750 500 533881 18894007500 35389.9 1067.76 37788015 2.73683e+08
7_25_100_1000_5_5 250 750 0.551 0.118193 1.91469 10.1395 80.0706 5.61549
7_25_100_1000_5_5 250 750 500 533345 18781749000 35215 1066.69 37563498 2.65636e+08
7_25_100_1000_6_6 250 750 0.538748 0.1175 1.7612 9.88262 119.997 5.32981
7_25_100_1000_6_6 250 750 500 533679 18449385000 34570.2 1067.36 36898770 2.66604e+08
7_25_100_1000_7_7 250 750 0.53901 0.11747 1.71123 9.96615 1098.81 5.36792
7_25_100_1000_7_7 250 750 500 534288 18522322500 34667.3 1068.58 37044645 2.60923e+08
7_25_100_1000_8_8 250 750 0.530747 0.11818 1.71237 9.86067 92.7498 5.28291
7_25_100_1000_8_8 250 750 500 536026 18649171500 34791.5 1072.05 37298343 2.51916e+08
7_25_100_1000_9_9 250 750 0.540797 0.11747 1.77859 10.0016 145.299 5.39185
7_25_100_1000_9_9 250 750 500 533308 18491583000 34673.4 1066.62 36983166 2.49403e+08
