39_5_10_200_0_49 50 150 0.454983 0.127735 0.792773 9.87488 157.377 3.93541
39_5_10_200_0_49 50 150 100 1278439 45160285500 35324.6 12784.4 451602855 1.80533e+09
39_5_10_200_50_99 50 150 0.474911 0.127701 0.810198 10.0826 167.584 4.11596
39_5_10_200_50_99 50 150 100 1278720 45278674500 35409.4 12787.2 452786745 1.88171e+09
39_5_10_200_100_149 50 150 0.45286 0.126244 0.788332 9.93598 250.011 3.98496
39_5_10_200_100_149 50 150 100 1279155 45004126500 35182.7 12791.5 450041265 1.85729e+09
39_5_10_200_150_199 50 150 0.485535 0.130364 0.858896 10.172 263.931 4.33259
39_5_10_200_150_199 50 150 100 1279322 45428602500 35509.9 12793.2 454286025 1.96622e+09
39_5_10_200_200_249 50 150 0.462131 0.127313 0.820207 10.0021 412.171 4.07863
39_5_10_200_200_249 50 150 100 1280006 45371586000 35446.4 12800.1 453715860 1.89753e+09
39_5_10_200_250_299 50 150 0.472245 0.128538 0.822486 10.112 390.061 4.16002
39_5_10_200_250_299 50 150 100 1279117 45337609500 35444.5 12791.2 453376095 1.95796e+09
39_5_10_200_300_349 50 150 0.45991 0.126804 0.805559 9.97012 130.784 4.04595
39_5_10_200_300_349 50 150 100 1280009 45154905000 35277 12800.1 451549050 1.79786e+09
39_5_10_200_350_399 50 150 0.455328 0.126713 0.791492 9.92421 168.968 4.00268
39_5_10_200_350_399 50 150 100 1279736 45140196000 35273.1 12797.4 451401960 1.7922e+09
39_5_10_200_400_449 50 150 0.477466 0.12754 0.817502 10.0911 192.063 4.12026
39_5_10_200_400_449 50 150 100 1280547 45280332000 35360.1 12805.5 452803320 1.91475e+09
39_5_10_200_450_499 50 150 0.452869 0.125393 0.784357 9.90099 120.182 3.9585
39_5_10_200_450_499 50 150 100 1280192 44813982000 35005.7 12801.9 448139820 1.76894e+09
