23_25_100_640_0_0 160 480 0.509394 0.163179 0.929575 9.98935 429.861 4.20912
23_25_100_640_0_0 160 480 320 964974 33885201000 35115.1 3015.54 1.05891e+08 7.12025e+08
23_25_100_640_1_1 160 480 0.509394 0.163179 0.929575 9.98935 429.861 4.20912
23_25_100_640_1_1 160 480 320 964974 33885201000 35115.1 3015.54 1.05891e+08 7.12025e+08
23_25_100_640_2_2 160 480 0.503632 0.162096 0.939575 9.98386 237.738 4.21043
23_25_100_640_2_2 160 480 320 964365 33730750500 34977.2 3013.64 1.05409e+08 6.47721e+08
23_25_100_640_3_3 160 480 0.484763 0.161859 0.895848 9.79774 289.898 3.99604
23_25_100_640_3_3 160 480 320 965065 33903906000 35131.2 3015.83 1.0595e+08 6.27885e+08
23_25_100_640_4_4 160 480 0.52359 0.164368 0.949726 10.0869 909.971 4.33352
23_25_100_640_4_4 160 480 320 964577 33876421500 35120.5 3014.3 1.05864e+08 6.89748e+08
23_25_100_640_5_5 160 480 0.505484 0.16128 0.930415 9.97481 459.957 4.21017
23_25_100_640_5_5 160 480 320 964348 33661564500 34906 3013.59 1.05192e+08 6.63746e+08
23_25_100_640_6_6 160 480 0.495391 0.162697 0.917856 9.87655 340.384 4.10889
23_25_100_640_6_6 160 480 320 963998 33757476000 35018.2 3012.49 1.05492e+08 6.43641e+08
23_25_100_640_7_7 160 480 0.488001 0.161875 0.895228 9.84368 191.326 4.01211
23_25_100_640_7_7 160 480 320 963927 33827295000 35093.2 3012.27 1.0571e+08 6.35998e+08
23_25_100_640_8_8 160 480 0.508335 0.164401 0.949823 10.0279 397.993 4.2745
23_25_100_640_8_8 160 480 320 963807 33682458000 34947.3 3011.9 1.05258e+08 6.46678e+08
23_25_100_640_9_9 160 480 0.503119 0.162708 0.949093 9.95215 190.174 4.23431
23_25_100_640_9_9 160 480 320 963969 33826344000 35090.7 3012.4 105707325 6.47722e+08
