31_0_0_100_0_0 25 75 0.507558 0.173237 1.07571 9.89787 90.0546 4.48172
31_0_0_100_0_0 25 75 50 140238 4833070500 34463.3 2804.76 96661410 5.48992e+08
31_0_0_100_1_1 25 75 0.507558 0.173237 1.07571 9.89787 90.0546 4.48172
31_0_0_100_1_1 25 75 50 140238 4833070500 34463.3 2804.76 96661410 5.48992e+08
31_0_0_100_2_2 25 75 0.546601 0.171598 1.20128 10.2212 69.2318 4.93565
31_0_0_100_2_2 25 75 50 139732 4871106000 34860.3 2794.64 97422120 6.49486e+08
31_0_0_100_3_3 25 75 0.53941 0.175219 1.17947 9.97753 101.878 4.74189
31_0_0_100_3_3 25 75 50 139725 4846431000 34685.5 2794.5 96928620 6.37279e+08
31_0_0_100_4_4 25 75 0.566762 0.176291 1.27631 10.3313 120.048 5.2051
31_0_0_100_4_4 25 75 50 139565 4944658500 35429.1 2791.3 98893170 6.99167e+08
31_0_0_100_5_5 25 75 0.537872 0.173416 1.21755 10.1066 74.5436 4.85189
31_0_0_100_5_5 25 75 50 139780 4861947000 34782.9 2795.6 97238940 6.01324e+08
31_0_0_100_6_6 25 75 0.516279 0.167362 1.06412 10.0503 78.3997 4.56929
31_0_0_100_6_6 25 75 50 139889 4780452000 34173.2 2797.78 95609040 5.75132e+08
31_0_0_100_7_7 25 75 0.522412 0.169677 1.13353 9.97148 77.2014 4.58685
31_0_0_100_7_7 25 75 50 139930 4853856000 34687.7 2798.6 97077120 6.61545e+08
31_0_0_100_8_8 25 75 0.535967 0.174618 1.19302 10.1225 86.9908 4.84921
31_0_0_100_8_8 25 75 50 139897 4937518500 35294 2797.94 98750370 6.48444e+08
31_0_0_100_9_9 25 75 0.548205 0.175021 1.24924 10.0983 79.5513 4.98988
31_0_0_100_9_9 25 75 50 139490 4883352000 35008.6 2789.8 97667040 6.19063e+08
