95_75_100_200_0_49 50 150 0.558209 0.161873 0.882033 10.2801 216.479 4.00785
95_75_100_200_0_49 50 150 100 3101593 107905092000 34790.2 31015.9 1079050920 6.84109e+09
95_75_100_200_50_99 50 150 0.538497 0.161735 0.871155 10.1926 201.113 3.93134
95_75_100_200_50_99 50 150 100 3101879 107810173500 34756.4 31018.8 1078101735 6.46691e+09
95_75_100_200_100_149 50 150 0.551484 0.161044 0.874192 10.226 450.737 3.95124
95_75_100_200_100_149 50 150 100 3100868 107574484500 34691.7 31008.7 1075744845 6.80832e+09
95_75_100_200_150_199 50 150 0.556386 0.162912 0.894805 10.2289 240.287 4.02621
95_75_100_200_150_199 50 150 100 3102049 108042765000 34829.5 31020.5 1080427650 6.89449e+09
95_75_100_200_200_249 50 150 0.555339 0.161591 0.874505 10.2451 359.993 3.94857
95_75_100_200_200_249 50 150 100 3102488 108083316000 34837.6 31024.9 1080833160 6.85871e+09
95_75_100_200_250_299 50 150 0.544752 0.16062 0.864551 10.1078 301.722 3.86501
95_75_100_200_250_299 50 150 100 3040126 105522961500 34710.1 30401.3 1055229615 6.75442e+09
95_75_100_200_300_349 50 150 0.539145 0.16202 0.882857 10.1193 296.547 3.96001
95_75_100_200_300_349 50 150 100 3103944 107989005000 34790.9 31039.4 1079890050 6.64305e+09
95_75_100_200_350_399 50 150 0.57067 0.163232 0.903945 10.3589 233.277 4.12518
95_75_100_200_350_399 50 150 100 3104059 108007362000 34795.5 31040.6 1080073620 6.82494e+09
95_75_100_200_400_449 50 150 0.518168 0.161833 0.857637 9.95513 239.037 3.77496
95_75_100_200_400_449 50 150 100 3104699 107860324500 34741 31047 1078603245 6.47519e+09
95_75_100_200_450_499 50 150 0.536642 0.161865 0.86764 10.1191 239.5 3.88196
95_75_100_200_450_499 50 150 100 3103531 107549503500 34653.9 31035.3 1075495035 6.53415e+09
