19_25_100_640_0_0 160 480 0.561267 0.178354 0.90511 10.1755 353.741 3.9797
19_25_100_640_0_0 160 480 320 799091 28006647000 35048.1 2497.16 8.75208e+07 7.24104e+08
19_25_100_640_1_1 160 480 0.561267 0.178354 0.90511 10.1755 353.741 3.9797
19_25_100_640_1_1 160 480 320 799091 28006647000 35048.1 2497.16 8.75208e+07 7.24104e+08
19_25_100_640_2_2 160 480 0.530933 0.17942 0.893715 10.062 280.004 3.85338
19_25_100_640_2_2 160 480 320 798806 27927682500 34961.8 2496.27 8.7274e+07 5.93914e+08
19_25_100_640_3_3 160 480 0.520125 0.177655 0.865247 9.95368 501.426 3.71439
19_25_100_640_3_3 160 480 320 798948 28065220500 35127.7 2496.71 8.77038e+07 6.25864e+08
19_25_100_640_4_4 160 480 0.507427 0.177776 0.844857 9.74823 285.558 3.59897
19_25_100_640_4_4 160 480 320 798806 28009023000 35063.6 2496.27 8.75282e+07 5.38068e+08
19_25_100_640_5_5 160 480 0.514798 0.177777 0.874492 9.80111 256.455 3.73183
19_25_100_640_5_5 160 480 320 798318 27835084500 34867.2 2494.74 8.69846e+07 5.99454e+08
19_25_100_640_6_6 160 480 0.493788 0.17705 0.82929 9.5884 240.436 3.45449
19_25_100_640_6_6 160 480 320 797923 27903361500 34970 2493.51 8.7198e+07 5.34108e+08
19_25_100_640_7_7 160 480 0.556573 0.18025 0.90264 10.2139 341.783 3.97861
19_25_100_640_7_7 160 480 320 797831 28009362000 35106.9 2493.22 8.75293e+07 7.00111e+08
19_25_100_640_8_8 160 480 0.524844 0.177577 0.864584 9.91796 216.34 3.72636
19_25_100_640_8_8 160 480 320 797716 27816633000 34870.3 2492.86 8.6927e+07 5.80586e+08
19_25_100_640_9_9 160 480 0.494116 0.176585 0.822214 9.56453 430.684 3.41347
19_25_100_640_9_9 160 480 320 798498 28005784500 35073.1 2495.31 8.75181e+07 5.67058e+08
