7_375_1000_1000_0_0 250 750 0.526317 0.11547 1.60174 9.8856 138.388 5.21043
7_375_1000_1000_0_0 250 750 500 545268 19120443000 35066.1 1090.54 38240886 2.79432e+08
7_375_1000_1000_1_1 250 750 0.526317 0.11547 1.60174 9.8856 138.388 5.21043
7_375_1000_1000_1_1 250 750 500 545268 19120443000 35066.1 1090.54 38240886 2.79432e+08
7_375_1000_1000_2_2 250 750 0.516052 0.115383 1.54494 9.81805 879.953 5.0583
7_375_1000_1000_2_2 250 750 500 543995 18775989000 34515 1087.99 37551978 2.57509e+08
7_375_1000_1000_3_3 250 750 0.543613 0.115166 1.64858 10.0009 279.837 5.27242
7_375_1000_1000_3_3 250 750 500 543877 18702115500 34386.7 1087.75 37404231 2.75017e+08
7_375_1000_1000_4_4 250 750 0.534611 0.11597 1.61679 9.87764 278.182 5.20542
7_375_1000_1000_4_4 250 750 500 543096 19252428000 35449.4 1086.19 38504856 2.86364e+08
7_375_1000_1000_5_5 250 750 0.523623 0.115675 1.59376 9.92846 98.8394 5.20075
7_375_1000_1000_5_5 250 750 500 542621 19112418000 35222.4 1085.24 38224836 2.71891e+08
7_375_1000_1000_6_6 250 750 0.583338 0.115707 1.69101 10.2265 306.35 5.42591
7_375_1000_1000_6_6 250 750 500 542675 18800526000 34644.2 1085.35 37601052 3.07618e+08
7_375_1000_1000_7_7 250 750 0.506838 0.114858 1.49161 9.76169 113.42 4.95706
7_375_1000_1000_7_7 250 750 500 543860 18856399500 34671.4 1087.72 37712799 2.64162e+08
7_375_1000_1000_8_8 250 750 0.52823 0.115814 1.54437 9.86248 218.158 5.10738
7_375_1000_1000_8_8 250 750 500 545221 18898275000 34661.7 1090.44 37796550 2.64017e+08
7_375_1000_1000_9_9 250 750 0.535509 0.115406 1.58302 9.92279 359.994 5.14762
7_375_1000_1000_9_9 250 750 500 542460 18772614000 34606.4 1084.92 37545228 2.62336e+08
