3_225_1000_200_0_0 50 150 1.89167 0.0608194 0.309734 10.2211 1089.17 0.836353
3_225_1000_200_0_0 50 150 100 661150 12048235500 18223.1 6611.5 120482355 3.80573e+08
3_225_1000_200_1_1 50 150 1.89167 0.0608194 0.309734 10.2211 1089.17 0.836353
3_225_1000_200_1_1 50 150 100 661150 12048235500 18223.1 6611.5 120482355 3.80573e+08
3_225_1000_200_2_2 50 150 1.95699 0.060784 0.306911 10.0371 1090.03 0.783914
3_225_1000_200_2_2 50 150 100 661147 12048247500 18223.3 6611.47 120482475 3.86978e+08
3_225_1000_200_3_3 50 150 1.89485 0.0608717 0.306181 9.38229 1091.4 0.722553
3_225_1000_200_3_3 50 150 100 661146 12048216000 18223.2 6611.46 120482160 3.62416e+08
3_225_1000_200_4_4 50 150 1.93949 0.0607779 0.313262 9.59062 1090.7 0.773382
3_225_1000_200_4_4 50 150 100 661146 12048237000 18223.3 6611.46 120482370 3.91772e+08
3_225_1000_200_5_5 50 150 1.79815 0.0608281 0.307082 9.47991 616.399 0.729574
3_225_1000_200_5_5 50 150 100 661149 12048427500 18223.5 6611.49 120484275 3.54361e+08
3_225_1000_200_6_6 50 150 1.96281 0.060797 0.303511 8.41324 1080.5 0.638471
3_225_1000_200_6_6 50 150 100 661145 12048168000 18223.2 6611.45 120481680 3.85912e+08
3_225_1000_200_7_7 50 150 2.13323 0.0608452 0.309729 9.4968 1097.72 0.720688
3_225_1000_200_7_7 50 150 100 661145 12048351000 18223.5 6611.45 120483510 4.32192e+08
3_225_1000_200_8_8 50 150 1.9902 0.0608161 0.316181 10.4433 1081.65 0.943047
3_225_1000_200_8_8 50 150 100 661150 12048423000 18223.4 6611.5 120484230 4.02324e+08
3_225_1000_200_9_9 50 150 1.51679 0.060773 0.295952 2.68962 633.623 0.465217
3_225_1000_200_9_9 50 150 100 661147 12048280500 18223.3 6611.47 120482805 2.97445e+08
