7_0_0_100_0_0 25 75 0.700142 0.164095 0.617493 10.5732 183.779 2.86709
7_0_0_100_0_0 25 75 50 1127146 24440979000 21684 22542.9 488819580 8.73792e+08
7_0_0_100_1_1 25 75 0.700142 0.164095 0.617493 10.5732 183.779 2.86709
7_0_0_100_1_1 25 75 50 1127146 24440979000 21684 22542.9 488819580 8.73792e+08
7_0_0_100_2_2 25 75 0.670305 0.163943 0.615201 10.5715 294.812 2.83259
7_0_0_100_2_2 25 75 50 1127146 24442554000 21685.3 22542.9 488851080 8.55555e+08
7_0_0_100_3_3 25 75 0.699847 0.164554 0.619356 10.7106 295.072 2.94888
7_0_0_100_3_3 25 75 50 1127146 24442135500 21685 22542.9 488842710 8.64607e+08
7_0_0_100_4_4 25 75 0.648349 0.164273 0.614915 10.4888 191.199 2.80817
7_0_0_100_4_4 25 75 50 1127145 24442284000 21685.1 22542.9 488845680 8.32273e+08
7_0_0_100_5_5 25 75 0.668518 0.165929 0.629468 10.6742 189.889 2.99553
7_0_0_100_5_5 25 75 50 1127145 24442483500 21685.3 22542.9 488849670 8.30396e+08
7_0_0_100_6_6 25 75 0.669552 0.163922 0.608079 10.525 191.045 2.82769
7_0_0_100_6_6 25 75 50 1127146 24442551000 21685.3 22542.9 488851020 8.28818e+08
7_0_0_100_7_7 25 75 0.655893 0.164667 0.614717 10.4015 210.02 2.83794
7_0_0_100_7_7 25 75 50 1127145 24442435500 21685.3 22542.9 488848710 8.16676e+08
7_0_0_100_8_8 25 75 0.661318 0.164684 0.619075 10.5398 174.258 2.87459
7_0_0_100_8_8 25 75 50 1127145 24442545000 21685.4 22542.9 488850900 8.13776e+08
7_0_0_100_9_9 25 75 0.69452 0.164695 0.618588 10.6 180.778 2.86491
7_0_0_100_9_9 25 75 50 1127145 24442542000 21685.4 22542.9 488850840 8.61624e+08
