23_0_0_640_0_0 160 480 0.518914 0.158268 0.914647 10.1205 308.81 4.25496
23_0_0_640_0_0 160 480 320 954601 33500391000 35093.6 2983.13 1.04689e+08 6.69824e+08
23_0_0_640_1_1 160 480 0.518914 0.158268 0.914647 10.1205 308.81 4.25496
23_0_0_640_1_1 160 480 320 954601 33500391000 35093.6 2983.13 1.04689e+08 6.69824e+08
23_0_0_640_2_2 160 480 0.545992 0.157677 0.956325 10.3674 289.423 4.52871
23_0_0_640_2_2 160 480 320 954005 33332391000 34939.4 2981.27 1.04164e+08 7.26102e+08
23_0_0_640_3_3 160 480 0.52436 0.15977 0.955979 10.1292 210.067 4.40243
23_0_0_640_3_3 160 480 320 954597 33539593500 35134.8 2983.12 1.04811e+08 7.07329e+08
23_0_0_640_4_4 160 480 0.523692 0.159614 0.955882 10.1328 283.717 4.39993
23_0_0_640_4_4 160 480 320 954303 33462486000 35064.8 2982.2 1.0457e+08 6.94721e+08
23_0_0_640_5_5 160 480 0.519913 0.157807 0.942967 10.0687 192.025 4.37021
23_0_0_640_5_5 160 480 320 953896 33261928500 34869.6 2980.93 1.03944e+08 6.51331e+08
23_0_0_640_6_6 160 480 0.524087 0.159091 0.954684 10.1766 174.941 4.38944
23_0_0_640_6_6 160 480 320 953596 33414456000 35040.5 2979.99 104420175 6.96156e+08
23_0_0_640_7_7 160 480 0.547942 0.160363 0.979674 10.3912 343.901 4.58665
23_0_0_640_7_7 160 480 320 953435 33459615000 35093.8 2979.48 1.04561e+08 7.41126e+08
23_0_0_640_8_8 160 480 0.539261 0.157791 0.959622 10.2434 367.037 4.45413
23_0_0_640_8_8 160 480 320 953461 33268012500 34891.8 2979.57 1.03963e+08 7.05227e+08
23_0_0_640_9_9 160 480 0.546164 0.158442 0.978918 10.3736 440.025 4.57205
23_0_0_640_9_9 160 480 320 953517 33434149500 35064 2979.74 1.04482e+08 7.33467e+08
