1_75_100_100_0_0 25 75 0.490864 0.151616 0.746008 9.93339 110.043 3.40088
1_75_100_100_0_0 25 75 50 423338 14844837000 35066.2 8466.76 296896740 1.59974e+09
1_75_100_100_1_1 25 75 0.490864 0.151616 0.746008 9.93339 110.043 3.40088
1_75_100_100_1_1 25 75 50 423338 14844837000 35066.2 8466.76 296896740 1.59974e+09
1_75_100_100_2_2 25 75 0.487165 0.151615 0.750525 9.71496 161.147 3.31995
1_75_100_100_2_2 25 75 50 424087 14814070500 34931.7 8481.74 296281410 1.63735e+09
1_75_100_100_3_3 25 75 0.481962 0.152016 0.751815 9.79899 210.016 3.33628
1_75_100_100_3_3 25 75 50 423694 14768079000 34855.5 8473.88 295361580 1.62618e+09
1_75_100_100_4_4 25 75 0.536913 0.154014 0.811488 10.3151 220.052 3.76896
1_75_100_100_4_4 25 75 50 423401 14910156000 35215.2 8468.02 298203120 1.7437e+09
1_75_100_100_5_5 25 75 0.514377 0.155542 0.801309 10.1384 120.807 3.6688
1_75_100_100_5_5 25 75 50 423104 14977795500 35399.8 8462.08 299555910 1.76944e+09
1_75_100_100_6_6 25 75 0.559891 0.158042 0.862152 10.4657 116.091 4.00221
1_75_100_100_6_6 25 75 50 422787 14954461500 35371.1 8455.74 299089230 1.7929e+09
1_75_100_100_7_7 25 75 0.519685 0.152923 0.786015 10.2539 104.511 3.66537
1_75_100_100_7_7 25 75 50 423039 14777989500 34932.9 8460.78 295559790 1.64826e+09
1_75_100_100_8_8 25 75 0.528679 0.152741 0.796216 10.2387 121.191 3.67503
1_75_100_100_8_8 25 75 50 422835 14726037000 34826.9 8456.7 294520740 1.66819e+09
1_75_100_100_9_9 25 75 0.473268 0.149001 0.741521 9.66628 210.008 3.26143
1_75_100_100_9_9 25 75 50 423120 14730186000 34813.3 8462.4 294603720 1.44872e+09
