6_75_100_1000_0_0 250 750 0.518659 0.103312 1.57368 10.0838 112.073 5.26328
6_75_100_1000_0_0 250 750 500 499195 17548314000 35153.2 998.39 35096628 2.37809e+08
6_75_100_1000_1_1 250 750 0.518659 0.103312 1.57368 10.0838 112.073 5.26328
6_75_100_1000_1_1 250 750 500 499195 17548314000 35153.2 998.39 35096628 2.37809e+08
6_75_100_1000_2_2 250 750 0.496227 0.103113 1.51947 9.7928 335.32 5.05486
6_75_100_1000_2_2 250 750 500 497967 17197243500 34534.9 995.934 34394487 2.08683e+08
6_75_100_1000_3_3 250 750 0.503789 0.102805 1.48341 9.80133 85.8856 4.95619
6_75_100_1000_3_3 250 750 500 497837 17152261500 34453.6 995.674 34304523 2.10544e+08
6_75_100_1000_4_4 250 750 0.511678 0.103822 1.61354 9.82931 278.172 5.22461
6_75_100_1000_4_4 250 750 500 497026 17599050000 35408.7 994.052 35198100 2.32609e+08
6_75_100_1000_5_5 250 750 0.512621 0.103822 1.58942 9.98927 182.555 5.2189
6_75_100_1000_5_5 250 750 500 496566 17452795500 35147 993.132 34905591 2.21138e+08
6_75_100_1000_6_6 250 750 0.522812 0.103049 1.5942 9.97426 202.896 5.20572
6_75_100_1000_6_6 250 750 500 496861 17176800000 34570.6 993.722 34353600 2.28878e+08
6_75_100_1000_7_7 250 750 0.499303 0.102846 1.4406 9.82072 447.719 4.96208
6_75_100_1000_7_7 250 750 500 497513 17254902000 34682.3 995.026 34509804 2.23846e+08
6_75_100_1000_8_8 250 750 0.507431 0.103346 1.47545 9.85898 93.7126 4.99969
6_75_100_1000_8_8 250 750 500 499026 17326989000 34721.6 998.052 34653978 2.11509e+08
6_75_100_1000_9_9 250 750 0.502654 0.102889 1.49056 9.91039 73.8034 5.04047
6_75_100_1000_9_9 250 750 500 496570 17212344000 34662.5 993.14 34424688 2.19958e+08
