10_0_0_640_0_0 160 480 0.956651 0.076747 0.422863 9.89931 1079.68 2.0204
10_0_0_640_0_0 160 480 320 414734 14398633500 34717.8 1296.04 4.49957e+07 3.23864e+08
10_0_0_640_1_1 160 480 0.956651 0.076747 0.422863 9.89931 1079.68 2.0204
10_0_0_640_1_1 160 480 320 414734 14398633500 34717.8 1296.04 4.49957e+07 3.23864e+08
10_0_0_640_2_2 160 480 1.31026 0.0766734 0.429624 10.512 1080.11 2.15118
10_0_0_640_2_2 160 480 320 414916 14431699500 34782.2 1296.61 4.50991e+07 4.2594e+08
10_0_0_640_3_3 160 480 1.46556 0.0776436 0.449285 11.3663 1098.73 2.50969
10_0_0_640_3_3 160 480 320 415098 14570739000 35101.9 1297.18 4.55336e+07 5.41654e+08
10_0_0_640_4_4 160 480 1.50584 0.0780224 0.44643 11.1684 1081.28 2.47222
10_0_0_640_4_4 160 480 320 414691 14547361500 35080 1295.91 4.54605e+07 4.78312e+08
10_0_0_640_5_5 160 480 1.37559 0.0778058 0.452335 11.8348 1071.86 2.61755
10_0_0_640_5_5 160 480 320 414616 14414751000 34766.5 1295.67 4.50461e+07 4.51398e+08
10_0_0_640_6_6 160 480 1.69234 0.0774993 0.451915 13.0332 1137.68 2.65113
10_0_0_640_6_6 160 480 320 414362 14515660500 35031.4 1294.88 4.53614e+07 5.05358e+08
10_0_0_640_7_7 160 480 1.19994 0.0778687 0.448877 10.4553 1083.67 2.34841
10_0_0_640_7_7 160 480 320 414264 14451610500 34885 1294.58 4.51613e+07 4.18983e+08
10_0_0_640_8_8 160 480 1.408 0.0779734 0.446633 10.6761 893.716 2.4009
10_0_0_640_8_8 160 480 320 413625 14530807500 35130.4 1292.58 4.54088e+07 4.2192e+08
10_0_0_640_9_9 160 480 1.33729 0.077271 0.448639 11.4353 1079.99 2.46779
10_0_0_640_9_9 160 480 320 414136 14446533000 34883.5 1294.17 4.51454e+07 4.0867e+08
