0_415_1000_100_0_0 25 75 0.6148 0.250101 1.32616 10.1817 140.021 4.64487
0_415_1000_100_0_0 25 75 50 1694113 58895019000 34764.5 33882.3 1177900380 8.00905e+09
0_415_1000_100_1_1 25 75 0.6148 0.250101 1.32616 10.1817 140.021 4.64487
0_415_1000_100_1_1 25 75 50 1694113 58895019000 34764.5 33882.3 1177900380 8.00905e+09
0_415_1000_100_2_2 25 75 0.604372 0.247743 1.28607 10.1218 104.845 4.54976
0_415_1000_100_2_2 25 75 50 1693514 59002147500 34840.1 33870.3 1180042950 8.35426e+09
0_415_1000_100_3_3 25 75 0.615669 0.25067 1.34014 10.1908 110.122 4.70476
0_415_1000_100_3_3 25 75 50 1693352 58944567000 34809.4 33867 1178891340 8.14451e+09
0_415_1000_100_4_4 25 75 0.600949 0.248239 1.27501 10.0735 114.851 4.50949
0_415_1000_100_4_4 25 75 50 1691330 58658140500 34681.7 33826.6 1173162810 7.98114e+09
0_415_1000_100_5_5 25 75 0.608708 0.248979 1.31073 10.1176 170.05 4.58808
0_415_1000_100_5_5 25 75 50 1691677 58908945000 34822.8 33833.5 1178178900 8.29947e+09
0_415_1000_100_6_6 25 75 0.606907 0.248702 1.28836 10.091 190.268 4.53783
0_415_1000_100_6_6 25 75 50 1690850 58907557500 34839 33817 1178151150 8.41043e+09
0_415_1000_100_7_7 25 75 0.607474 0.249748 1.3029 10.1048 169.976 4.58849
0_415_1000_100_7_7 25 75 50 1692974 58914171000 34799.2 33859.5 1178283420 8.12283e+09
0_415_1000_100_8_8 25 75 0.612346 0.249474 1.31172 10.1625 170.021 4.63399
0_415_1000_100_8_8 25 75 50 1693351 59010661500 34848.5 33867 1180213230 8.32223e+09
0_415_1000_100_9_9 25 75 0.607863 0.248376 1.29456 10.0976 215.154 4.56256
0_415_1000_100_9_9 25 75 50 1694073 58892949000 34764.1 33881.5 1177858980 8.22423e+09
