0_41_100_100_0_0 25 75 0.581044 0.243208 1.19735 9.86759 220.028 4.26687
0_41_100_100_0_0 25 75 50 1674814 58544854500 34956 33496.3 1170897090 7.89634e+09
0_41_100_100_1_1 25 75 0.581044 0.243208 1.19735 9.86759 220.028 4.26687
0_41_100_100_1_1 25 75 50 1674814 58544854500 34956 33496.3 1170897090 7.89634e+09
0_41_100_100_2_2 25 75 0.585202 0.243141 1.21197 9.90814 244.162 4.3154
0_41_100_100_2_2 25 75 50 1672619 58595583000 35032.2 33452.4 1171911660 8.0961e+09
0_41_100_100_3_3 25 75 0.5727 0.240399 1.1502 9.78935 180.056 4.15212
0_41_100_100_3_3 25 75 50 1672398 58276018500 34845.8 33448 1165520370 7.87651e+09
0_41_100_100_4_4 25 75 0.581817 0.241857 1.18512 9.9061 211.276 4.26331
0_41_100_100_4_4 25 75 50 1672295 58173012000 34786.3 33445.9 1163460240 7.88747e+09
0_41_100_100_5_5 25 75 0.564363 0.239402 1.1332 9.72439 285.604 4.06368
0_41_100_100_5_5 25 75 50 1671163 58358896500 34921.1 33423.3 1167177930 7.53666e+09
0_41_100_100_6_6 25 75 0.582555 0.242514 1.1908 9.90976 180.007 4.26635
0_41_100_100_6_6 25 75 50 1669940 58159557000 34827.3 33398.8 1163191140 7.96371e+09
0_41_100_100_7_7 25 75 0.586608 0.24339 1.20675 9.96335 170.043 4.34404
0_41_100_100_7_7 25 75 50 1672009 58326124500 34883.9 33440.2 1166522490 7.78853e+09
0_41_100_100_8_8 25 75 0.566637 0.240017 1.13415 9.7805 110.097 4.08626
0_41_100_100_8_8 25 75 50 1670241 57911620500 34672.6 33404.8 1158232410 7.52105e+09
0_41_100_100_9_9 25 75 0.575961 0.240257 1.16388 9.88148 229.999 4.20216
0_41_100_100_9_9 25 75 50 1672592 58348516500 34885.1 33451.8 1166970330 7.92062e+09
