31_5_10_200_0_0 50 150 0.544049 0.184633 1.18273 10.0967 139.77 4.74948
31_5_10_200_0_0 50 150 100 553783 19281729000 34818.2 5537.83 192817290 1.2698e+09
31_5_10_200_1_1 50 150 0.544049 0.184633 1.18273 10.0967 139.77 4.74948
31_5_10_200_1_1 50 150 100 553783 19281729000 34818.2 5537.83 192817290 1.2698e+09
31_5_10_200_2_2 50 150 0.544042 0.185364 1.20385 9.98953 129.583 4.72772
31_5_10_200_2_2 50 150 100 553920 19264138500 34777.8 5539.2 192641385 1.3156e+09
31_5_10_200_3_3 50 150 0.549689 0.188105 1.20187 10.0931 121.129 4.74966
31_5_10_200_3_3 50 150 100 553925 19322650500 34883.2 5539.25 193226505 1.35878e+09
31_5_10_200_4_4 50 150 0.566239 0.190931 1.30853 10.2127 114.951 5.01148
31_5_10_200_4_4 50 150 100 553532 19455540000 35148 5535.32 194555400 1.41499e+09
31_5_10_200_5_5 50 150 0.538766 0.184908 1.17826 9.95879 94.8814 4.65139
31_5_10_200_5_5 50 150 100 553426 19272598500 34824.2 5534.26 192725985 1.31041e+09
31_5_10_200_6_6 50 150 0.572875 0.189668 1.33606 10.1609 138.768 5.05633
31_5_10_200_6_6 50 150 100 553099 19361239500 35005 5530.99 193612395 1.43059e+09
31_5_10_200_7_7 50 150 0.545929 0.186729 1.2266 10.1028 124.46 4.80533
31_5_10_200_7_7 50 150 100 552787 19213333500 34757.2 5527.87 192133335 1.29096e+09
31_5_10_200_8_8 50 150 0.567874 0.190982 1.35399 10.1895 117.962 5.08948
31_5_10_200_8_8 50 150 100 552664 19412367000 35125.1 5526.64 194123670 1.34922e+09
31_5_10_200_9_9 50 150 0.545437 0.187476 1.23187 10.0162 127.385 4.77205
31_5_10_200_9_9 50 150 100 553270 19201081500 34704.7 5532.7 192010815 1.27147e+09
