0_9_10_100_0_0 25 75 0.588676 0.207025 1.04284 10.3739 111.679 4.16584
0_9_10_100_0_0 25 75 50 585932 20855979000 35594.5 11718.6 417119580 2.88406e+09
0_9_10_100_1_1 25 75 0.588676 0.207025 1.04284 10.3739 111.679 4.16584
0_9_10_100_1_1 25 75 50 585932 20855979000 35594.5 11718.6 417119580 2.88406e+09
0_9_10_100_2_2 25 75 0.591345 0.206149 1.03242 10.3174 230.029 4.15333
0_9_10_100_2_2 25 75 50 585647 20693185500 35333.9 11712.9 413863710 2.88134e+09
0_9_10_100_3_3 25 75 0.571125 0.203521 1.00927 10.2779 162.704 4.05848
0_9_10_100_3_3 25 75 50 585380 20539270500 35087.1 11707.6 410785410 2.5963e+09
0_9_10_100_4_4 25 75 0.577383 0.205311 1.02339 10.1907 110.001 4.1117
0_9_10_100_4_4 25 75 50 586258 20852469000 35568.8 11725.2 417049380 2.74429e+09
0_9_10_100_5_5 25 75 0.550547 0.206599 1.00565 9.99395 114.173 3.96683
0_9_10_100_5_5 25 75 50 585704 20611428000 35190.9 11714.1 412228560 2.48486e+09
0_9_10_100_6_6 25 75 0.591656 0.20235 1.02248 10.3578 250.033 4.18266
0_9_10_100_6_6 25 75 50 586524 20503458000 34957.6 11730.5 410069160 2.658e+09
0_9_10_100_7_7 25 75 0.583189 0.20536 1.01813 10.2952 105.833 4.08465
0_9_10_100_7_7 25 75 50 586246 20574930000 35096.1 11724.9 411498600 2.65756e+09
0_9_10_100_8_8 25 75 0.572152 0.202922 0.972762 10.1371 103.504 3.92319
0_9_10_100_8_8 25 75 50 586348 20704231500 35310.5 11727 414084630 2.70144e+09
0_9_10_100_9_9 25 75 0.574516 0.203813 1.01438 10.2211 161.547 4.04406
0_9_10_100_9_9 25 75 50 585780 20674834500 35294.5 11715.6 413496690 2.65099e+09
