0 1 0 0 1 0.078125
0 1 1 0 13 0.0625
0 1 2 0 22 0.03125
0 1 3 0 18 0.015625
0 1 4 0 59 0.03125
0 1 5 0 40 0.0625
0 1 6 0 79 0.015625
0 1 7 0 53 0.0625
0 1 10 0 10 0.015625
0 1 11 0 10 0.03125
0 1 18 0 25 0.015625
0 1 19 0 25 0.03125
0 1 20 0 25 0.015625
0 1 22 0 12 0.03125
0 1 26 0 54 0.03125
0 1 27 0 59 0.046875
0 1 29 0 37 0.015625
0 1 33 0 63 0.03125
0 1 35 0 63 0.015625
0 1 36 0 70 0.015625
0 1 39 0 45 0.046875
0 1 40 0 45 0.015625
0 1 44 0 46 0.015625
0 1 45 0 46 0.015625
0 1 46 0 46 0.03125
0 1 47 0 14 0.015625
0 1 56 0 11 0.015625
0 1 58 0 11 0.015625
0 1 68 0 47 0.046875
0 1 70 0 37 0.015625
0 1 72 0 37 0.015625
0 1 75 0 79 0.015625
0 1 79 0 63 0.015625
0 1 89 0 43 0.015625
0 1 90 0 43 0.03125
0 1 98 0 12 0.015625
1 2 0 1 2 0.0625
1 2 1 1 72 0.015625
1 2 2 1 56 0.046875
1 2 3 1 55 0.046875
1 2 4 1 40 0.0625
1 2 7 1 0 0.015625
1 2 12 1 77 0.015625
1 2 13 1 77 0.015625
1 2 14 1 52 0.03125
1 2 15 1 13 0.015625
1 2 17 1 13 0.03125
1 2 19 1 15 0.015625
1 2 20 1 15 0.03125
1 2 22 1 79 0.03125
1 2 24 1 35 0.03125
1 2 25 1 18 0.015625
1 2 26 1 72 0.015625
1 2 28 1 72 0.015625
1 2 29 1 62 0.015625
1 2 30 1 62 0.046875
1 2 32 1 59 0.046875
1 2 33 1 59 0.015625
1 2 34 1 30 0.015625
1 2 35 1 53 0.03125
1 2 36 1 53 0.03125
1 2 39 1 16 0.015625
1 2 42 1 50 0.03125
1 2 43 1 50 0.03125
1 2 45 1 64 0.015625
1 2 46 1 64 0.03125
1 2 55 1 13 0.015625
1 2 65 1 22 0.015625
1 2 68 1 79 0.015625
1 2 69 1 79 0.015625
1 2 71 1 35 0.015625
1 2 72 1 35 0.015625
1 2 85 1 59 0.015625
1 2 96 1 66 0.015625
1 2 99 1 66 0.03125
2 3 1 2 34 0.046875
2 3 2 2 43 0.03125
2 3 3 2 63 0.046875
2 3 4 2 41 0.03125
2 3 5 2 24 0.03125
2 3 6 2 45 0.046875
2 3 7 2 1 0.015625
2 3 8 2 1 0.015625
2 3 11 2 39 0.03125
2 3 12 2 46 0.046875
2 3 14 2 56 0.015625
2 3 15 2 56 0.015625
2 3 17 2 42 0.03125
2 3 18 2 42 0.015625
2 3 20 2 72 0.015625
2 3 22 2 55 0.0625
2 3 24 2 40 0.03125
2 3 27 2 20 0.03125
2 3 35 2 29 0.015625
2 3 36 2 25 0.015625
2 3 39 2 34 0.015625
2 3 40 2 69 0.046875
2 3 42 2 75 0.03125
2 3 44 2 75 0.015625
2 3 45 2 31 0.015625
2 3 48 2 41 0.015625
2 3 50 2 74 0.015625
2 3 51 2 68 0.015625
2 3 52 2 68 0.015625
2 3 54 2 37 0.03125
2 3 56 2 11 0.015625
2 3 57 2 11 0.015625
2 3 66 2 56 0.015625
2 3 69 2 72 0.03125
2 3 78 2 44 0.015625
2 3 83 2 75 0.015625
2 3 85 2 31 0.015625
2 3 93 2 74 0.03125
2 3 94 2 74 0.015625
2 3 99 2 11 0.015625
3 4 0 3 4 0.0625
3 4 1 3 57 0.03125
3 4 2 3 60 0.046875
3 4 3 3 45 0.046875
3 4 4 3 50 0.046875
3 4 6 3 71 0.046875
3 4 7 3 33 0.046875
3 4 8 3 47 0.015625
3 4 9 3 41 0.03125
3 4 14 3 36 0.015625
3 4 15 3 36 0.046875
3 4 16 3 57 0.03125
3 4 17 3 15 0.015625
3 4 18 3 62 0.015625
3 4 20 3 63 0.03125
3 4 22 3 76 0.015625
3 4 23 3 76 0.015625
3 4 25 3 24 0.015625
3 4 26 3 32 0.015625
3 4 27 3 32 0.046875
3 4 28 3 43 0.015625
3 4 30 3 72 0.046875
3 4 31 3 28 0.03125
3 4 32 3 45 0.015625
3 4 36 3 52 0.015625
3 4 39 3 65 0.03125
3 4 41 3 65 0.015625
3 4 42 3 33 0.015625
3 4 43 3 47 0.03125
3 4 45 3 47 0.015625
3 4 47 3 51 0.015625
3 4 48 3 48 0.03125
3 4 62 3 63 0.015625
3 4 63 3 76 0.015625
3 4 64 3 76 0.015625
3 4 65 3 76 0.015625
3 4 66 3 76 0.015625
4 1 0 4 56 0.015625
4 1 1 4 22 0.09375
4 1 3 4 50 0.03125
4 1 4 4 6 0.015625
4 1 5 4 13 0.03125
4 1 6 4 55 0.015625
4 1 7 4 8 0.109375
4 1 10 4 3 0.015625
4 1 11 4 46 0.015625
4 1 13 4 73 0.015625
4 1 14 4 73 0.015625
4 1 15 4 57 0.015625
4 1 16 4 57 0.03125
4 1 19 4 25 0.015625
4 1 20 4 25 0.015625
4 1 21 4 25 0.015625
4 1 22 4 42 0.015625
4 1 23 4 42 0.015625
4 1 24 4 42 0.0625
4 1 25 4 23 0.015625
4 1 26 4 71 0.015625
4 1 27 4 71 0.015625
4 1 28 4 71 0.015625
4 1 33 4 10 0.015625
4 1 34 4 10 0.015625
4 1 38 4 68 0.015625
4 1 39 4 47 0.015625
4 1 40 4 47 0.015625
4 1 41 4 60 0.015625
4 1 42 4 60 0.015625
4 1 45 4 38 0.015625
4 1 50 4 45 0.015625
4 1 57 4 3 0.015625
4 1 59 4 56 0.015625
4 1 61 4 46 0.015625
4 1 63 4 22 0.015625
4 1 70 4 23 0.015625
4 1 72 4 71 0.015625
4 1 74 4 50 0.03125
4 1 78 4 21 0.015625
4 1 84 4 47 0.015625
4 1 86 4 60 0.015625
4 1 92 4 31 0.015625
4 1 96 4 31 0.015625
4 1 102 4 8 0.015625
4 1 115 4 71 0.015625
4 5 0 4 5 0.046875
4 5 1 4 3 0.03125
4 5 2 4 73 0.046875
4 5 4 4 33 0.046875
4 5 5 4 3 0.015625
4 5 8 4 56 0.015625
4 5 10 4 56 0.015625
4 5 11 4 46 0.046875
4 5 13 4 25 0.015625
4 5 14 4 25 0.015625
4 5 16 4 25 0.015625
4 5 17 4 42 0.03125
4 5 19 4 23 0.015625
4 5 21 4 71 0.015625
4 5 22 4 71 0.015625
4 5 23 4 6 0.046875
4 5 26 4 13 0.03125
4 5 27 4 21 0.03125
4 5 30 4 10 0.015625
4 5 31 4 10 0.015625
4 5 32 4 10 0.015625
4 5 33 4 68 0.03125
4 5 34 4 68 0.015625
4 5 35 4 47 0.015625
4 5 36 4 47 0.015625
4 5 37 4 60 0.015625
4 5 38 4 60 0.015625
4 5 39 4 55 0.03125
4 5 40 4 55 0.015625
4 5 42 4 38 0.015625
4 5 43 4 38 0.015625
4 5 44 4 54 0.046875
4 5 45 4 31 0.015625
4 5 48 4 45 0.015625
4 5 49 4 45 0.015625
4 5 50 4 8 0.015625
4 5 51 4 8 0.015625
4 5 60 4 22 0.015625
4 5 65 4 23 0.015625
4 5 67 4 71 0.015625
4 5 69 4 50 0.015625
4 5 70 4 50 0.015625
4 5 71 4 13 0.015625
4 5 79 4 10 0.015625
4 5 87 4 31 0.015625
4 5 99 4 50 0.015625
5 0 0 5 1 0.015625
5 0 1 5 20 0.0625
5 0 2 5 29 0.015625
5 0 3 5 12 0.015625
5 0 4 5 37 0.125
5 0 5 5 40 0.015625
5 0 6 5 43 0.03125
5 0 7 5 63 0.046875
5 0 9 5 4 0.015625
5 0 10 5 74 0.015625
5 0 11 5 74 0.015625
5 0 12 5 74 0.015625
5 0 13 5 61 0.015625
5 0 14 5 61 0.015625
5 0 15 5 61 0.015625
5 0 17 5 36 0.015625
5 0 18 5 36 0.015625
5 0 19 5 58 0.015625
5 0 21 5 58 0.015625
5 0 22 5 58 0.015625
5 0 23 5 52 0.015625
5 0 24 5 52 0.015625
5 0 25 5 16 0.015625
5 0 27 5 16 0.015625
5 0 29 5 51 0.015625
5 0 37 5 66 0.015625
5 0 39 5 40 0.015625
5 0 40 5 43 0.015625
5 0 43 5 73 0.03125
5 0 44 5 73 0.046875
5 0 46 5 69 0.015625
5 0 49 5 60 0.015625
5 0 56 5 3 0.015625
5 0 62 5 74 0.015625
5 0 71 5 51 0.015625
5 0 74 5 48 0.015625
5 0 77 5 7 0.015625
5 0 81 5 7 0.015625
5 0 82 5 33 0.015625
5 0 83 5 33 0.015625
5 0 84 5 33 0.015625
5 0 91 5 43 0.015625
5 0 93 5 73 0.015625
5 0 96 5 69 0.015625
5 0 98 5 60 0.015625
5 0 99 5 3 0.015625
5 0 102 5 58 0.015625
5 0 110 5 60 0.015625
5 6 0 5 1 0.046875
5 6 1 5 74 0.015625
5 6 2 5 9 0.03125
5 6 3 5 58 0.03125
5 6 4 5 52 0.046875
5 6 5 5 51 0.03125
5 6 6 5 12 0.046875
5 6 7 5 33 0.046875
5 6 8 5 64 0.03125
5 6 9 5 37 0.03125
5 6 10 5 40 0.03125
5 6 11 5 63 0.015625
5 6 13 5 3 0.03125
5 6 14 5 4 0.03125
5 6 16 5 20 0.015625
5 6 17 5 20 0.015625
5 6 20 5 29 0.015625
5 6 22 5 36 0.015625
5 6 23 5 36 0.015625
5 6 24 5 16 0.015625
5 6 25 5 16 0.015625
5 6 26 5 51 0.015625
5 6 28 5 48 0.015625
5 6 31 5 66 0.015625
5 6 33 5 43 0.015625
5 6 34 5 63 0.015625
5 6 35 5 73 0.015625
5 6 36 5 69 0.03125
5 6 38 5 60 0.015625
5 6 48 5 74 0.015625
5 6 49 5 61 0.015625
5 6 50 5 61 0.015625
5 6 51 5 29 0.03125
5 6 54 5 9 0.015625
5 6 55 5 36 0.015625
5 6 63 5 7 0.015625
5 6 64 5 7 0.015625
5 6 66 5 7 0.015625
5 6 72 5 66 0.015625
5 6 73 5 66 0.015625
5 6 75 5 66 0.015625
5 6 79 5 43 0.015625
5 6 83 5 73 0.015625
5 6 87 5 69 0.015625
5 6 96 5 48 0.015625
5 6 101 5 60 0.015625
6 0 0 6 1 0.015625
6 0 1 6 13 0.046875
6 0 2 6 37 0.03125
6 0 3 6 40 0.046875
6 0 4 6 12 0.03125
6 0 5 6 63 0.015625
6 0 6 6 10 0.0625
6 0 7 6 21 0.046875
6 0 8 6 79 0.0625
6 0 10 6 26 0.046875
6 0 11 6 64 0.015625
6 0 12 6 76 0.046875
6 0 14 6 58 0.015625
6 0 18 6 58 0.015625
6 0 22 6 51 0.03125
6 0 25 6 74 0.015625
6 0 27 6 74 0.015625
6 0 28 6 12 0.015625
6 0 31 6 78 0.0625
6 0 32 6 63 0.015625
6 0 33 6 50 0.015625
6 0 34 6 52 0.03125
6 0 35 6 52 0.015625
6 0 36 6 67 0.015625
6 0 37 6 10 0.015625
6 0 42 6 27 0.015625
6 0 44 6 57 0.015625
6 0 46 6 62 0.0625
6 0 48 6 26 0.015625
6 0 53 6 33 0.015625
6 0 54 6 33 0.015625
6 0 55 6 33 0.015625
6 0 59 6 72 0.015625
6 0 60 6 72 0.015625
6 0 75 6 12 0.015625
6 0 85 6 67 0.015625
6 0 89 6 21 0.015625
6 0 92 6 79 0.015625
6 7 0 6 64 0.046875
6 7 1 6 76 0.046875
6 7 2 6 58 0.046875
6 7 3 6 51 0.015625
6 7 4 6 37 0.046875
6 7 5 6 27 0.0625
6 7 6 6 57 0.0625
6 7 7 6 62 0.015625
6 7 8 6 1 0.03125
6 7 9 6 1 0.03125
6 7 10 6 4 0.015625
6 7 11 6 26 0.03125
6 7 16 6 51 0.03125
6 7 17 6 72 0.015625
6 7 19 6 72 0.03125
6 7 21 6 13 0.03125
6 7 22 6 9 0.015625
6 7 23 6 40 0.015625
6 7 24 6 40 0.03125
6 7 27 6 74 0.03125
6 7 30 6 12 0.03125
6 7 34 6 63 0.03125
6 7 36 6 63 0.015625
6 7 37 6 50 0.046875
6 7 39 6 52 0.046875
6 7 40 6 67 0.015625
6 7 46 6 21 0.015625
6 7 58 6 33 0.015625
6 7 59 6 33 0.015625
6 7 60 6 33 0.015625
6 7 62 6 72 0.015625
6 7 74 6 74 0.015625
6 7 87 6 67 0.015625
6 7 94 6 79 0.015625
6 7 107 6 50 0.015625
6 7 115 6 67 0.015625
7 8 0 7 8 0.0625
7 8 1 7 73 0.046875
7 8 2 7 70 0.046875
7 8 3 7 42 0.046875
7 8 4 7 64 0.03125
7 8 5 7 51 0.046875
7 8 6 7 65 0.03125
7 8 7 7 39 0.03125
7 8 8 7 28 0.03125
7 8 9 7 77 0.03125
7 8 10 7 35 0.046875
7 8 11 7 68 0.046875
7 8 14 7 58 0.015625
7 8 16 7 37 0.015625
7 8 18 7 57 0.03125
7 8 19 7 27 0.015625
7 8 21 7 44 0.03125
7 8 22 7 44 0.015625
7 8 23 7 32 0.015625
7 8 24 7 55 0.03125
7 8 28 7 76 0.015625
7 8 29 7 62 0.046875
7 8 31 7 60 0.015625
7 8 33 7 39 0.015625
7 8 34 7 77 0.015625
7 8 35 7 77 0.015625
7 8 42 7 37 0.015625
7 8 43 7 37 0.015625
7 8 47 7 14 0.03125
7 8 48 7 64 0.015625
7 8 57 7 32 0.03125
7 8 61 7 24 0.015625
7 8 67 7 62 0.015625
7 8 69 7 60 0.015625
7 8 70 7 60 0.015625
7 8 80 7 16 0.015625
7 8 88 7 57 0.015625
8 9 0 8 11 0.046875
8 9 1 8 73 0.046875
8 9 2 8 52 0.046875
8 9 3 8 65 0.03125
8 9 4 8 61 0.046875
8 9 6 8 1 0.015625
8 9 10 8 7 0.015625
8 9 12 8 63 0.015625
8 9 13 8 25 0.03125
8 9 15 8 28 0.015625
8 9 17 8 28 0.015625
8 9 19 8 78 0.015625
8 9 20 8 78 0.015625
8 9 23 8 52 0.015625
8 9 24 8 39 0.015625
8 9 25 8 68 0.015625
8 9 26 8 68 0.03125
8 9 27 8 35 0.015625
8 9 28 8 35 0.015625
8 9 31 8 20 0.015625
8 9 32 8 70 0.03125
8 9 33 8 77 0.015625
8 9 34 8 77 0.015625
8 9 36 8 33 0.03125
8 9 39 8 41 0.015625
8 9 40 8 41 0.015625
8 9 43 8 42 0.015625
8 9 46 8 51 0.015625
8 9 47 8 0 0.015625
8 9 59 8 73 0.015625
8 9 63 8 78 0.015625
8 9 66 8 39 0.015625
8 9 73 8 35 0.015625
8 9 75 8 70 0.015625
8 9 78 8 77 0.015625
8 9 79 8 33 0.015625
8 9 84 8 65 0.03125
8 9 91 8 79 0.015625
8 9 92 8 79 0.015625
8 9 94 8 41 0.015625
8 9 95 8 42 0.03125
8 9 98 8 64 0.015625
8 9 99 8 64 0.03125
8 9 102 8 51 0.015625
8 9 103 8 51 0.015625
8 9 104 8 0 0.03125
8 9 110 8 68 0.015625
9 4 1 9 6 0.046875
9 4 2 9 31 0.09375
9 4 3 9 56 0.015625
9 4 4 9 73 0.046875
9 4 5 9 13 0.0625
9 4 6 9 60 0.015625
9 4 7 9 71 0.03125
9 4 8 9 57 0.0625
9 4 9 9 23 0.078125
9 4 12 9 61 0.015625
9 4 13 9 61 0.078125
9 4 15 9 31 0.015625
9 4 18 9 65 0.015625
9 4 19 9 65 0.015625
9 4 20 9 65 0.015625
9 4 24 9 14 0.015625
9 4 26 9 30 0.015625
9 4 27 9 11 0.046875
9 4 29 9 66 0.0625
9 4 30 9 66 0.015625
9 4 31 9 13 0.015625
9 4 36 9 19 0.015625
9 4 37 9 71 0.03125
9 4 45 9 40 0.015625
9 4 47 9 58 0.03125
9 4 48 9 58 0.015625
9 4 52 9 67 0.015625
9 4 63 9 56 0.015625
9 4 65 9 14 0.015625
9 4 69 9 30 0.015625
9 4 74 9 11 0.015625
9 4 87 9 57 0.015625
9 4 102 9 52 0.015625
9 10 1 9 52 0.046875
9 10 2 9 14 0.0625
9 10 3 9 60 0.046875
9 10 4 9 19 0.0625
9 10 5 9 71 0.046875
9 10 6 9 15 0.046875
9 10 8 9 75 0.03125
9 10 9 9 40 0.0625
9 10 12 9 61 0.015625
9 10 15 9 65 0.015625
9 10 16 9 65 0.015625
9 10 17 9 65 0.015625
9 10 19 9 56 0.015625
9 10 21 9 73 0.015625
9 10 22 9 11 0.03125
9 10 23 9 66 0.015625
9 10 25 9 69 0.03125
9 10 28 9 40 0.015625
9 10 31 9 58 0.03125
9 10 32 9 26 0.015625
9 10 33 9 26 0.03125
9 10 35 9 67 0.046875
9 10 43 9 31 0.015625
9 10 46 9 52 0.015625
9 10 55 9 30 0.0625
9 10 58 9 73 0.015625
9 10 59 9 73 0.015625
9 10 60 9 11 0.015625
9 10 65 9 66 0.015625
9 10 66 9 66 0.015625
9 10 69 9 13 0.015625
9 10 70 9 13 0.015625
9 10 71 9 60 0.015625
9 10 72 9 69 0.015625
9 10 73 9 69 0.015625
9 10 82 9 57 0.015625
9 10 91 9 67 0.015625
10 5 1 10 52 0.0625
10 5 2 10 64 0.03125
10 5 3 10 60 0.015625
10 5 4 10 48 0.109375
10 5 5 10 29 0.078125
10 5 6 10 33 0.046875
10 5 7 10 63 0.0625
10 5 8 10 43 0.03125
10 5 9 10 40 0.078125
10 5 13 10 2 0.015625
10 5 20 10 53 0.015625
10 5 21 10 52 0.015625
10 5 22 10 76 0.03125
10 5 23 10 49 0.0625
10 5 25 10 60 0.015625
10 5 31 10 59 0.015625
10 5 32 10 59 0.015625
10 5 34 10 14 0.015625
10 5 35 10 71 0.015625
10 5 37 10 71 0.015625
10 5 42 10 18 0.015625
10 5 46 10 15 0.03125
10 5 47 10 75 0.015625
10 5 49 10 75 0.015625
10 5 50 10 0 0.015625
10 5 57 10 53 0.03125
10 5 64 10 76 0.015625
10 5 66 10 49 0.03125
10 5 73 10 21 0.015625
10 5 78 10 33 0.015625
10 5 80 10 14 0.015625
10 5 83 10 14 0.015625
10 5 86 10 71 0.015625
10 7 0 10 76 0.046875
10 7 1 10 64 0.015625
10 7 2 10 60 0.0625
10 7 3 10 32 0.171875
10 7 4 10 14 0.046875
10 7 11 10 53 0.015625
10 7 13 10 52 0.046875
10 7 14 10 52 0.015625
10 7 15 10 52 0.015625
10 7 16 10 76 0.015625
10 7 17 10 76 0.015625
10 7 18 10 76 0.03125
10 7 19 10 49 0.015625
10 7 21 10 48 0.015625
10 7 28 10 59 0.015625
10 7 29 10 33 0.03125
10 7 30 10 14 0.015625
10 7 31 10 14 0.015625
10 7 32 10 14 0.015625
10 7 34 10 71 0.015625
10 7 35 10 71 0.03125
10 7 42 10 63 0.015625
10 7 43 10 18 0.015625
10 7 44 10 18 0.015625
10 7 47 10 18 0.015625
10 7 48 10 43 0.015625
10 7 51 10 15 0.015625
10 7 52 10 75 0.015625
10 7 53 10 75 0.015625
10 7 54 10 75 0.078125
10 7 59 10 0 0.015625
10 7 69 10 53 0.015625
10 7 84 10 59 0.015625
10 7 87 10 14 0.015625
10 7 90 10 71 0.046875
10 7 110 10 59 0.015625
10 11 0 10 0 0.03125
10 11 2 10 76 0.046875
10 11 4 10 63 0.03125
10 11 5 10 43 0.03125
10 11 6 10 15 0.03125
10 11 7 10 75 0.03125
10 11 8 10 40 0.015625
10 11 10 10 2 0.015625
10 11 13 10 53 0.015625
10 11 14 10 52 0.015625
10 11 15 10 52 0.015625
10 11 16 10 52 0.015625
10 11 18 10 76 0.03125
10 11 19 10 64 0.015625
10 11 20 10 60 0.015625
10 11 21 10 32 0.015625
10 11 23 10 21 0.015625
10 11 26 10 29 0.015625
10 11 27 10 29 0.015625
10 11 29 10 59 0.015625
10 11 30 10 14 0.015625
10 11 31 10 14 0.015625
10 11 32 10 14 0.015625
10 11 33 10 71 0.015625
10 11 35 10 71 0.046875
10 11 38 10 23 0.015625
10 11 39 10 63 0.015625
10 11 40 10 18 0.015625
10 11 43 10 18 0.015625
10 11 45 10 0 0.015625
10 11 46 10 0 0.015625
10 11 53 10 52 0.015625
10 11 54 10 52 0.015625
10 11 56 10 49 0.015625
10 11 57 10 49 0.015625
10 11 70 10 33 0.015625
10 11 71 10 33 0.015625
10 11 72 10 33 0.015625
10 11 73 10 14 0.015625
10 11 74 10 14 0.015625
10 11 75 10 71 0.015625
10 11 76 10 71 0.03125
10 11 77 10 71 0.015625
10 11 79 10 23 0.015625
10 11 84 10 18 0.015625
10 11 85 10 18 0.015625
10 11 86 10 43 0.015625
10 11 87 10 15 0.015625
10 11 88 10 75 0.015625
10 11 89 10 75 0.015625
10 11 90 10 75 0.015625
10 11 106 10 14 0.015625
10 11 117 10 18 0.015625
11 12 0 11 0 0.015625
11 12 1 11 73 0.078125
11 12 2 11 76 0.03125
11 12 3 11 37 0.046875
11 12 4 11 75 0.046875
11 12 5 11 38 0.015625
11 12 6 11 66 0.125
11 12 7 11 51 0.0625
11 12 15 11 36 0.015625
11 12 16 11 36 0.015625
11 12 17 11 36 0.03125
11 12 19 11 15 0.015625
11 12 25 11 75 0.046875
11 12 26 11 65 0.015625
11 12 27 11 65 0.0625
11 12 28 11 65 0.03125
11 12 29 11 57 0.015625
11 12 31 11 40 0.03125
11 12 34 11 55 0.015625
11 12 35 11 55 0.015625
11 12 37 11 66 0.015625
11 12 39 11 63 0.03125
11 12 40 11 63 0.03125
11 12 45 11 25 0.015625
11 12 46 11 0 0.015625
11 12 52 11 8 0.015625
11 12 57 11 36 0.015625
11 12 65 11 69 0.015625
11 12 68 11 75 0.015625
11 12 69 11 65 0.015625
11 12 72 11 57 0.015625
11 12 78 11 43 0.015625
11 12 80 11 43 0.015625
11 12 84 11 66 0.015625
11 12 109 11 50 0.015625
12 13 0 12 0 0.015625
12 13 2 12 47 0.015625
12 13 3 12 30 0.03125
12 13 4 12 66 0.09375
12 13 5 12 68 0.046875
12 13 6 12 41 0.015625
12 13 7 12 48 0.03125
12 13 8 12 77 0.03125
12 13 13 12 54 0.015625
12 13 14 12 47 0.015625
12 13 16 12 37 0.015625
12 13 20 12 59 0.015625
12 13 22 12 35 0.015625
12 13 24 12 30 0.015625
12 13 25 12 31 0.015625
12 13 26 12 69 0.015625
12 13 29 12 76 0.015625
12 13 30 12 76 0.046875
12 13 31 12 76 0.078125
12 13 32 12 38 0.046875
12 13 33 12 38 0.015625
12 13 35 12 58 0.015625
12 13 36 12 51 0.0625
12 13 37 12 51 0.046875
12 13 41 12 67 0.015625
12 13 42 12 34 0.015625
12 13 44 12 75 0.015625
12 13 48 12 77 0.015625
12 13 54 12 47 0.015625
12 13 55 12 37 0.015625
12 13 57 12 59 0.015625
12 13 60 12 59 0.015625
12 13 65 12 66 0.015625
12 13 71 12 69 0.015625
12 13 76 12 58 0.015625
12 13 83 12 73 0.015625
12 13 87 12 67 0.015625
12 13 96 12 77 0.015625
12 13 99 12 47 0.015625
12 13 113 12 77 0.03125
13 14 0 13 0 0.046875
13 14 2 13 48 0.109375
13 14 3 13 45 0.0625
13 14 4 13 68 0.046875
13 14 5 13 61 0.03125
13 14 6 13 60 0.0625
13 14 7 13 77 0.03125
13 14 8 13 30 0.09375
13 14 9 13 50 0.125
13 14 10 13 74 0.0625
13 14 21 13 47 0.015625
13 14 22 13 47 0.015625
13 14 27 13 45 0.015625
13 14 28 13 45 0.03125
13 14 31 13 60 0.015625
13 14 37 13 30 0.015625
13 14 38 13 30 0.015625
13 14 39 13 50 0.015625
13 14 42 13 49 0.015625
13 14 44 13 18 0.015625
13 14 46 13 33 0.015625
13 14 48 13 33 0.015625
13 14 49 13 33 0.015625
13 14 64 13 47 0.015625
13 14 67 13 47 0.015625
13 14 68 13 47 0.015625
13 14 80 13 28 0.015625
13 14 86 13 30 0.015625
13 14 93 13 49 0.015625
13 14 101 13 74 0.015625
14 10 0 14 10 0.015625
14 10 1 14 0 0.03125
14 10 2 14 71 0.015625
14 10 3 14 48 0.015625
14 10 4 14 59 0.03125
14 10 5 14 60 0.015625
14 10 6 14 53 0.171875
14 10 7 14 21 0.015625
14 10 8 14 40 0.015625
14 10 10 14 7 0.015625
14 10 12 14 9 0.015625
14 10 13 14 9 0.015625
14 10 16 14 61 0.015625
14 10 17 14 61 0.015625
14 10 18 14 70 0.015625
14 10 19 14 53 0.015625
14 10 20 14 39 0.015625
14 10 21 14 39 0.015625
14 10 22 14 39 0.015625
14 10 23 14 45 0.015625
14 10 24 14 45 0.015625
14 10 25 14 65 0.015625
14 10 26 14 65 0.015625
14 10 27 14 65 0.015625
14 10 29 14 37 0.015625
14 10 30 14 74 0.015625
14 10 31 14 74 0.03125
14 10 33 14 34 0.015625
14 10 34 14 77 0.015625
14 10 35 14 38 0.015625
14 10 37 14 29 0.015625
14 10 39 14 7 0.015625
14 10 45 14 71 0.015625
14 10 47 14 48 0.015625
14 10 49 14 43 0.015625
14 10 52 14 43 0.015625
14 10 54 14 59 0.015625
14 10 63 14 40 0.015625
14 10 64 14 40 0.015625
14 10 67 14 39 0.015625
14 10 68 14 39 0.015625
14 10 69 14 39 0.015625
14 10 75 14 37 0.015625
14 10 76 14 37 0.015625
14 10 79 14 30 0.015625
14 10 82 14 74 0.015625
14 10 85 14 77 0.015625
14 10 86 14 50 0.015625
14 10 87 14 50 0.015625
14 10 89 14 29 0.015625
14 10 107 14 34 0.015625
14 15 0 14 10 0.015625
14 15 1 14 71 0.0625
14 15 2 14 43 0.03125
14 15 3 14 68 0.046875
14 15 4 14 0 0.015625
14 15 5 14 7 0.015625
14 15 8 14 48 0.046875
14 15 10 14 48 0.015625
14 15 11 14 43 0.015625
14 15 12 14 43 0.015625
14 15 13 14 61 0.015625
14 15 14 14 61 0.015625
14 15 17 14 70 0.015625
14 15 18 14 60 0.015625
14 15 19 14 60 0.015625
14 15 20 14 53 0.015625
14 15 21 14 21 0.015625
14 15 23 14 40 0.03125
14 15 27 14 45 0.015625
14 15 30 14 65 0.03125
14 15 31 14 65 0.03125
14 15 33 14 37 0.015625
14 15 34 14 37 0.046875
14 15 35 14 30 0.015625
14 15 37 14 74 0.015625
14 15 41 14 34 0.015625
14 15 42 14 77 0.015625
14 15 43 14 77 0.015625
14 15 44 14 38 0.015625
14 15 45 14 38 0.015625
14 15 47 14 50 0.015625
14 15 48 14 50 0.046875
14 15 52 14 7 0.015625
14 15 67 14 59 0.03125
14 15 68 14 59 0.015625
14 15 71 14 70 0.03125
14 15 84 14 39 0.015625
14 15 85 14 39 0.015625
14 15 88 14 68 0.015625
14 15 90 14 37 0.015625
14 15 93 14 74 0.015625
14 15 94 14 74 0.015625
14 15 98 14 77 0.03125
14 15 100 14 50 0.015625
14 15 102 14 29 0.015625
14 15 110 14 60 0.015625
15 16 0 15 1 0.046875
15 16 1 15 9 0.03125
15 16 2 15 13 0.03125
15 16 3 15 35 0.046875
15 16 4 15 24 0.03125
15 16 5 15 68 0.046875
15 16 6 15 32 0.03125
15 16 7 15 46 0.015625
15 16 8 15 49 0.03125
15 16 9 15 19 0.03125
15 16 10 15 79 0.015625
15 16 16 15 35 0.015625
15 16 17 15 76 0.03125
15 16 19 15 64 0.0625
15 16 22 15 71 0.03125
15 16 23 15 71 0.03125
15 16 24 15 71 0.015625
15 16 25 15 41 0.015625
15 16 26 15 41 0.015625
15 16 28 15 17 0.015625
15 16 30 15 78 0.015625
15 16 36 15 33 0.015625
15 16 37 15 62 0.03125
15 16 39 15 49 0.015625
15 16 40 15 49 0.03125
15 16 42 15 43 0.015625
15 16 43 15 69 0.015625
15 16 44 15 69 0.03125
15 16 47 15 79 0.046875
15 16 48 15 72 0.015625
15 16 49 15 72 0.03125
15 16 54 15 11 0.015625
15 16 72 15 78 0.015625
15 16 87 15 62 0.015625
15 16 88 15 62 0.015625
15 16 95 15 43 0.03125
15 16 98 15 69 0.015625
15 16 101 15 72 0.015625
15 16 113 15 62 0.015625
16 17 0 16 68 0.0625
16 17 1 16 34 0.03125
16 17 2 16 38 0.046875
16 17 4 16 24 0.046875
16 17 5 16 25 0.015625
16 17 6 16 48 0.0625
16 17 7 16 22 0.046875
16 17 8 16 46 0.046875
16 17 9 16 55 0.03125
16 17 11 16 1 0.015625
16 17 12 16 1 0.015625
16 17 15 16 9 0.015625
16 17 16 16 13 0.015625
16 17 17 16 44 0.015625
16 17 18 16 44 0.03125
16 17 19 16 38 0.015625
16 17 21 16 61 0.015625
16 17 23 16 49 0.03125
16 17 30 16 58 0.046875
16 17 32 16 32 0.015625
16 17 33 16 32 0.015625
16 17 35 16 27 0.015625
16 17 39 16 50 0.046875
16 17 41 16 70 0.0625
16 17 43 16 79 0.015625
16 17 57 16 44 0.015625
16 17 63 16 49 0.015625
16 17 67 16 35 0.015625
16 17 71 16 35 0.015625
16 17 72 16 35 0.015625
16 17 73 16 25 0.015625
16 17 77 16 32 0.03125
16 17 79 16 48 0.015625
16 17 85 16 55 0.03125
16 17 87 16 70 0.015625
16 17 95 16 61 0.03125
17 18 0 17 48 0.046875
17 18 1 17 26 0.015625
17 18 2 17 22 0.03125
17 18 3 17 68 0.03125
17 18 4 17 67 0.015625
17 18 5 17 24 0.046875
17 18 6 17 25 0.015625
17 18 7 17 21 0.015625
17 18 8 17 55 0.046875
17 18 9 17 54 0.03125
17 18 11 17 48 0.015625
17 18 12 17 35 0.03125
17 18 14 17 43 0.015625
17 18 16 17 74 0.03125
17 18 18 17 74 0.03125
17 18 21 17 46 0.046875
17 18 22 17 38 0.015625
17 18 23 17 38 0.015625
17 18 24 17 68 0.015625
17 18 25 17 56 0.015625
17 18 26 17 56 0.015625
17 18 28 17 67 0.046875
17 18 29 17 64 0.015625
17 18 30 17 20 0.015625
17 18 35 17 78 0.03125
17 18 36 17 78 0.015625
17 18 37 17 30 0.015625
17 18 39 17 24 0.015625
17 18 40 17 25 0.046875
17 18 44 17 57 0.03125
17 18 47 17 34 0.03125
17 18 48 17 54 0.015625
17 18 49 17 54 0.015625
17 18 60 17 43 0.015625
17 18 64 17 43 0.015625
17 18 66 17 43 0.015625
17 18 75 17 56 0.015625
17 18 79 17 20 0.015625
17 18 84 17 30 0.015625
17 18 92 17 34 0.015625
17 18 93 17 34 0.015625
17 18 98 17 35 0.015625
17 18 107 17 57 0.015625
18 11 0 18 0 0.0625
18 11 1 18 75 0.015625
18 11 2 18 25 0.015625
18 11 3 18 73 0.046875
18 11 4 18 50 0.15625
18 11 5 18 69 0.125
18 11 6 18 51 0.015625
18 11 7 18 24 0.015625
18 11 8 18 79 0.03125
18 11 9 18 55 0.078125
18 11 20 18 75 0.015625
18 11 21 18 21 0.015625
18 11 24 18 25 0.015625
18 11 31 18 45 0.015625
18 11 32 18 45 0.015625
18 11 33 18 68 0.015625
18 11 34 18 68 0.015625
18 11 38 18 48 0.046875
18 11 39 18 79 0.015625
18 11 40 18 79 0.015625
18 11 42 18 70 0.015625
18 11 45 18 58 0.015625
18 11 46 18 39 0.015625
18 11 52 18 16 0.015625
18 11 55 18 75 0.015625
18 11 62 18 33 0.03125
18 11 65 18 33 0.015625
18 11 67 18 67 0.015625
18 11 73 18 54 0.015625
18 11 81 18 68 0.015625
18 11 87 18 55 0.015625
18 11 89 18 70 0.015625
18 11 90 18 58 0.015625
18 11 96 18 39 0.015625
18 11 106 18 51 0.015625
18 12 0 18 0 0.015625
18 12 1 18 75 0.015625
18 12 2 18 67 0.015625
18 12 3 18 25 0.015625
18 12 4 18 73 0.015625
18 12 5 18 54 0.015625
18 12 6 18 69 0.015625
18 12 7 18 51 0.015625
18 12 8 18 68 0.015625
18 12 9 18 48 0.046875
18 12 10 18 58 0.015625
18 12 15 18 10 0.015625
18 12 17 18 13 0.015625
18 12 18 18 13 0.015625
18 12 19 18 16 0.015625
18 12 20 18 75 0.015625
18 12 23 18 33 0.015625
18 12 24 18 67 0.015625
18 12 25 18 25 0.015625
18 12 26 18 25 0.015625
18 12 28 18 22 0.015625
18 12 29 18 22 0.015625
18 12 31 18 45 0.015625
18 12 32 18 45 0.015625
18 12 34 18 24 0.015625
18 12 36 18 24 0.015625
18 12 38 18 79 0.015625
18 12 39 18 79 0.015625
18 12 40 18 55 0.015625
18 12 41 18 55 0.015625
18 12 42 18 55 0.015625
18 12 43 18 70 0.015625
18 12 44 18 70 0.015625
18 12 45 18 58 0.015625
18 12 46 18 58 0.015625
18 12 48 18 39 0.015625
18 12 49 18 0 0.015625
18 12 56 18 16 0.015625
18 12 57 18 75 0.015625
18 12 58 18 75 0.015625
18 12 59 18 75 0.015625
18 12 60 18 21 0.015625
18 12 61 18 21 0.015625
18 12 62 18 21 0.015625
18 12 65 18 21 0.015625
18 12 68 18 33 0.015625
18 12 69 18 67 0.015625
18 12 71 18 25 0.015625
18 12 73 18 54 0.015625
18 12 74 18 54 0.015625
18 12 75 18 54 0.015625
18 12 77 18 22 0.015625
18 12 79 18 69 0.015625
18 12 80 18 45 0.015625
18 12 83 18 68 0.015625
18 12 84 18 24 0.015625
18 12 85 18 48 0.015625
18 12 87 18 79 0.015625
18 12 89 18 70 0.015625
18 12 92 18 39 0.015625
18 12 105 18 24 0.015625
18 12 107 18 26 0.015625
18 19 0 18 1 0.03125
18 19 1 18 10 0.046875
18 19 2 18 16 0.015625
18 19 3 18 21 0.015625
18 19 4 18 67 0.03125
18 19 5 18 54 0.03125
18 19 6 18 51 0.046875
18 19 7 18 70 0.046875
18 19 8 18 58 0.046875
18 19 9 18 39 0.03125
18 19 11 18 13 0.03125
18 19 12 18 16 0.015625
18 19 14 18 75 0.03125
18 19 16 18 75 0.03125
18 19 17 18 21 0.015625
18 19 19 18 33 0.03125
18 19 22 18 25 0.015625
18 19 25 18 73 0.015625
18 19 26 18 73 0.015625
18 19 27 18 54 0.015625
18 19 29 18 22 0.03125
18 19 33 18 45 0.046875
18 19 36 18 68 0.015625
18 19 37 18 68 0.015625
18 19 38 18 24 0.015625
18 19 41 18 26 0.015625
18 19 44 18 79 0.03125
18 19 46 18 55 0.015625
18 19 49 18 39 0.015625
18 19 51 18 0 0.015625
18 19 52 18 0 0.015625
18 19 53 18 13 0.015625
18 19 58 18 21 0.015625
18 19 65 18 67 0.03125
18 19 80 18 68 0.03125
18 19 82 18 24 0.015625
18 19 85 18 48 0.015625
18 19 86 18 48 0.03125
18 19 88 18 79 0.015625
18 19 89 18 55 0.015625
18 19 93 18 58 0.015625
19 14 1 19 10 0.015625
19 14 2 19 21 0.03125
19 14 3 19 39 0.03125
19 14 4 19 70 0.078125
19 14 5 19 77 0.078125
19 14 6 19 53 0.0625
19 14 7 19 43 0.015625
19 14 8 19 38 0.046875
19 14 15 19 16 0.015625
19 14 25 19 51 0.03125
19 14 27 19 56 0.03125
19 14 28 19 56 0.015625
19 14 29 19 53 0.015625
19 14 30 19 53 0.015625
19 14 32 19 43 0.015625
19 14 35 19 58 0.03125
19 14 36 19 58 0.03125
19 14 37 19 41 0.015625
19 14 39 19 46 0.046875
19 14 40 19 46 0.015625
19 14 42 19 63 0.03125
19 14 43 19 63 0.03125
19 14 46 19 42 0.015625
19 14 48 19 42 0.03125
19 14 49 19 78 0.015625
19 14 50 19 78 0.046875
19 14 51 19 54 0.03125
19 14 52 19 54 0.015625
19 14 53 19 54 0.015625
19 14 54 19 36 0.015625
19 14 55 19 36 0.03125
19 14 69 19 67 0.015625
19 14 73 19 56 0.015625
19 14 78 19 46 0.015625
19 14 96 19 62 0.015625
19 14 112 19 62 0.015625
19 18 0 19 1 0.078125
19 18 1 19 10 0.015625
19 18 2 19 16 0.015625
19 18 3 19 21 0.03125
19 18 4 19 39 0.015625
19 18 5 19 67 0.03125
19 18 6 19 51 0.078125
19 18 7 19 70 0.015625
19 18 8 19 58 0.03125
19 18 9 19 54 0.015625
19 18 10 19 9 0.015625
19 18 13 19 16 0.015625
19 18 14 19 16 0.015625
19 18 16 19 16 0.015625
19 18 18 19 17 0.015625
19 18 21 19 56 0.015625
19 18 22 19 56 0.015625
19 18 24 19 56 0.03125
19 18 26 19 77 0.015625
19 18 27 19 53 0.015625
19 18 30 19 41 0.015625
19 18 31 19 41 0.0625
19 18 32 19 46 0.015625
19 18 33 19 63 0.046875
19 18 34 19 28 0.015625
19 18 36 19 28 0.015625
19 18 39 19 42 0.015625
19 18 43 19 54 0.015625
19 18 44 19 54 0.015625
19 18 48 19 36 0.015625
19 18 49 19 62 0.015625
19 18 55 19 15 0.015625
19 18 56 19 15 0.015625
19 18 62 19 67 0.015625
19 18 64 19 51 0.015625
19 18 66 19 56 0.015625
19 18 69 19 53 0.015625
19 18 70 19 43 0.015625
19 18 73 19 43 0.015625
19 18 74 19 43 0.015625
19 18 77 19 46 0.015625
19 18 78 19 63 0.015625
19 18 85 19 78 0.015625
19 18 88 19 78 0.015625
19 18 89 19 54 0.015625
19 18 92 19 36 0.015625
19 18 108 19 36 0.015625
19 20 0 19 17 0.046875
19 20 2 19 43 0.078125
19 20 3 19 58 0.015625
19 20 4 19 42 0.03125
19 20 5 19 38 0.078125
19 20 7 19 1 0.015625
19 20 14 19 15 0.0625
19 20 15 19 15 0.015625
19 20 16 19 16 0.015625
19 20 19 19 17 0.015625
19 20 21 19 39 0.015625
19 20 22 19 39 0.078125
19 20 23 19 67 0.0625
19 20 25 19 67 0.015625
19 20 26 19 51 0.015625
19 20 28 19 70 0.015625
19 20 31 19 77 0.015625
19 20 38 19 43 0.015625
19 20 39 19 58 0.015625
19 20 40 19 41 0.015625
19 20 41 19 41 0.015625
19 20 42 19 46 0.03125
19 20 45 19 63 0.015625
19 20 46 19 63 0.03125
19 20 50 19 42 0.015625
19 20 52 19 54 0.015625
19 20 53 19 54 0.015625
19 20 54 19 54 0.015625
19 20 56 19 36 0.015625
19 20 57 19 36 0.03125
19 20 59 19 62 0.03125
19 20 60 19 62 0.046875
19 20 78 19 56 0.015625
19 20 80 19 53 0.015625
19 20 82 19 43 0.015625
19 20 95 19 78 0.015625
19 20 107 19 53 0.015625
20 21 0 20 21 0.078125
20 21 1 20 0 0.046875
20 21 2 20 17 0.046875
20 21 4 20 60 0.046875
20 21 7 20 44 0.046875
20 21 8 20 2 0.015625
20 21 9 20 2 0.015625
20 21 12 20 12 0.046875
20 21 13 20 12 0.015625
20 21 14 20 17 0.015625
20 21 20 20 48 0.046875
20 21 22 20 48 0.03125
20 21 23 20 74 0.015625
20 21 24 20 74 0.015625
20 21 26 20 58 0.015625
20 21 30 20 34 0.03125
20 21 31 20 42 0.015625
20 21 33 20 42 0.046875
20 21 34 20 72 0.0625
20 21 39 20 38 0.015625
20 21 40 20 43 0.015625
20 21 48 20 55 0.015625
20 21 67 20 60 0.015625
20 21 78 20 58 0.015625
20 21 79 20 44 0.03125
20 21 85 20 76 0.015625
20 21 87 20 37 0.015625
20 21 88 20 43 0.015625
20 21 92 20 68 0.046875
20 21 93 20 68 0.015625
20 21 94 20 45 0.015625
20 21 95 20 45 0.0625
20 21 105 20 68 0.015625
20 21 106 20 45 0.015625
20 21 113 20 55 0.015625
21 19 0 21 19 0.15625
21 19 1 21 10 0.015625
21 19 2 21 17 0.046875
21 19 3 21 67 0.015625
21 19 4 21 36 0.015625
21 19 5 21 63 0.078125
21 19 6 21 28 0.015625
21 19 7 21 41 0.0625
21 19 12 21 10 0.015625
21 19 13 21 14 0.015625
21 19 14 21 14 0.015625
21 19 15 21 17 0.015625
21 19 18 21 20 0.015625
21 19 21 21 44 0.03125
21 19 22 21 44 0.015625
21 19 23 21 67 0.015625
21 19 24 21 57 0.015625
21 19 28 21 49 0.015625
21 19 29 21 32 0.078125
21 19 31 21 31 0.03125
21 19 32 21 36 0.015625
21 19 33 21 36 0.015625
21 19 34 21 36 0.015625
21 19 36 21 66 0.015625
21 19 37 21 35 0.015625
21 19 39 21 60 0.015625
21 19 40 21 60 0.015625
21 19 41 21 60 0.015625
21 19 42 21 41 0.015625
21 19 43 21 41 0.015625
21 19 54 21 14 0.015625
21 19 61 21 69 0.015625
21 19 64 21 57 0.015625
21 19 69 21 32 0.015625
21 19 74 21 35 0.015625
21 19 76 21 35 0.015625
21 19 81 21 60 0.015625
21 19 82 21 63 0.015625
21 19 85 21 41 0.015625
21 19 91 21 49 0.015625
21 22 0 21 0 0.015625
21 22 2 21 17 0.03125
21 22 3 21 18 0.015625
21 22 4 21 20 0.03125
21 22 5 21 67 0.046875
21 22 6 21 49 0.03125
21 22 8 21 41 0.03125
21 22 9 21 26 0.03125
21 22 10 21 0 0.015625
21 22 17 21 10 0.015625
21 22 19 21 10 0.015625
21 22 28 21 44 0.03125
21 22 29 21 69 0.0625
21 22 30 21 69 0.015625
21 22 31 21 67 0.015625
21 22 35 21 23 0.015625
21 22 37 21 49 0.046875
21 22 38 21 49 0.015625
21 22 39 21 32 0.015625
21 22 41 21 36 0.015625
21 22 42 21 36 0.03125
21 22 43 21 36 0.015625
21 22 44 21 66 0.015625
21 22 45 21 66 0.046875
21 22 47 21 35 0.03125
21 22 48 21 35 0.015625
21 22 50 21 60 0.015625
21 22 51 21 60 0.046875
21 22 52 21 63 0.03125
21 22 53 21 28 0.015625
21 22 58 21 14 0.015625
21 22 63 21 44 0.015625
21 22 64 21 69 0.015625
21 22 67 21 67 0.015625
21 22 68 21 57 0.015625
21 22 72 21 49 0.015625
21 22 76 21 31 0.015625
21 22 79 21 36 0.015625
21 22 80 21 36 0.015625
21 22 85 21 35 0.015625
21 22 88 21 60 0.015625
21 22 90 21 63 0.015625
21 22 96 21 41 0.015625
21 22 103 21 57 0.015625
22 23 0 22 0 0.046875
22 23 2 22 20 0.046875
22 23 3 22 42 0.046875
22 23 5 22 52 0.046875
22 23 6 22 49 0.0625
22 23 7 22 79 0.015625
22 23 8 22 59 0.03125
22 23 11 22 1 0.015625
22 23 16 22 17 0.015625
22 23 22 22 70 0.03125
22 23 23 22 43 0.015625
22 23 24 22 43 0.015625
22 23 27 22 47 0.015625
22 23 28 22 47 0.046875
22 23 29 22 62 0.03125
22 23 30 22 62 0.015625
22 23 35 22 67 0.03125
22 23 36 22 67 0.03125
22 23 40 22 71 0.046875
22 23 41 22 71 0.015625
22 23 42 22 51 0.015625
22 23 44 22 51 0.015625
22 23 45 22 51 0.03125
22 23 46 22 59 0.015625
22 23 48 22 75 0.015625
22 23 49 22 75 0.03125
22 23 51 22 48 0.03125
22 23 58 22 16 0.015625
22 23 59 22 16 0.015625
22 23 67 22 70 0.015625
22 23 71 22 54 0.03125
22 23 72 22 54 0.015625
22 23 82 22 52 0.015625
22 23 84 22 41 0.03125
22 23 85 22 79 0.015625
22 23 93 22 48 0.015625
22 23 94 22 48 0.015625
22 23 101 22 62 0.015625
22 23 107 22 59 0.015625
23 20 0 23 20 0.109375
23 20 1 23 0 0.09375
23 20 3 23 34 0.0625
23 20 4 23 45 0.015625
23 20 5 23 76 0.03125
23 20 6 23 42 0.046875
23 20 8 23 55 0.0625
23 20 9 23 44 0.046875
23 20 13 23 9 0.015625
23 20 20 23 59 0.015625
23 20 21 23 32 0.109375
23 20 22 23 77 0.015625
23 20 24 23 69 0.015625
23 20 26 23 76 0.015625
23 20 27 23 76 0.015625
23 20 28 23 29 0.015625
23 20 30 23 29 0.015625
23 20 33 23 79 0.03125
23 20 35 23 30 0.015625
23 20 38 23 56 0.03125
23 20 39 23 56 0.015625
23 20 40 23 56 0.015625
23 20 50 23 9 0.015625
23 20 56 23 21 0.015625
23 20 68 23 52 0.015625
23 20 71 23 29 0.015625
23 20 72 23 29 0.015625
23 20 77 23 79 0.015625
23 20 78 23 79 0.015625
23 20 82 23 44 0.015625
23 20 89 23 78 0.015625
23 20 96 23 49 0.015625
23 20 100 23 27 0.015625
23 20 106 23 79 0.015625
23 24 0 23 59 0.015625
23 24 1 23 45 0.0625
23 24 2 23 76 0.03125
23 24 3 23 30 0.046875
23 24 4 23 31 0.046875
23 24 8 23 9 0.015625
23 24 10 23 10 0.015625
23 24 11 23 10 0.015625
23 24 12 23 10 0.015625
23 24 13 23 10 0.015625
23 24 25 23 34 0.015625
23 24 27 23 59 0.046875
23 24 31 23 77 0.03125
23 24 33 23 77 0.015625
23 24 34 23 69 0.03125
23 24 36 23 52 0.03125
23 24 37 23 52 0.03125
23 24 38 23 29 0.015625
23 24 40 23 29 0.015625
23 24 41 23 53 0.03125
23 24 42 23 53 0.03125
23 24 43 23 42 0.015625
23 24 44 23 42 0.015625
23 24 45 23 42 0.03125
23 24 49 23 55 0.03125
23 24 52 23 79 0.03125
23 24 53 23 79 0.015625
23 24 54 23 44 0.015625
23 24 55 23 44 0.015625
23 24 59 23 56 0.015625
23 24 60 23 78 0.046875
23 24 71 23 9 0.015625
23 24 72 23 21 0.03125
23 24 81 23 49 0.046875
23 24 87 23 69 0.015625
23 24 94 23 29 0.015625
23 24 100 23 30 0.015625
23 24 104 23 56 0.015625
23 24 108 23 78 0.015625
23 24 113 23 9 0.015625
24 25 0 24 2 0.03125
24 25 1 24 11 0.015625
24 25 2 24 16 0.015625
24 25 3 24 17 0.015625
24 25 4 24 18 0.015625
24 25 5 24 61 0.046875
24 25 6 24 64 0.046875
24 25 7 24 54 0.046875
24 25 8 24 39 0.046875
24 25 9 24 2 0.015625
24 25 10 24 3 0.015625
24 25 11 24 3 0.015625
24 25 13 24 13 0.015625
24 25 14 24 15 0.046875
24 25 15 24 15 0.015625
24 25 18 24 36 0.03125
24 25 21 24 59 0.03125
24 25 22 24 30 0.015625
24 25 24 24 70 0.015625
24 25 25 24 70 0.046875
24 25 26 24 51 0.015625
24 25 28 24 51 0.015625
24 25 29 24 51 0.015625
24 25 31 24 28 0.03125
24 25 33 24 74 0.015625
24 25 34 24 74 0.03125
24 25 35 24 74 0.03125
24 25 36 24 61 0.015625
24 25 37 24 47 0.046875
24 25 38 24 47 0.015625
24 25 39 24 50 0.015625
24 25 40 24 45 0.015625
24 25 41 24 45 0.015625
24 25 42 24 54 0.015625
24 25 53 24 7 0.015625
24 25 56 24 13 0.03125
24 25 68 24 76 0.015625
24 25 72 24 26 0.015625
24 25 75 24 59 0.03125
24 25 81 24 30 0.03125
24 25 112 24 50 0.015625
25 19 1 25 17 0.015625
25 19 2 25 46 0.046875
25 19 3 25 42 0.015625
25 19 4 25 77 0.015625
25 19 5 25 78 0.15625
25 19 6 25 39 0.015625
25 19 7 25 54 0.015625
25 19 9 25 0 0.015625
25 19 10 25 2 0.015625
25 19 11 25 2 0.015625
25 19 14 25 8 0.015625
25 19 15 25 8 0.015625
25 19 17 25 8 0.015625
25 19 18 25 8 0.015625
25 19 19 25 11 0.015625
25 19 20 25 12 0.015625
25 19 21 25 12 0.015625
25 19 27 25 75 0.015625
25 19 28 25 48 0.015625
25 19 31 25 57 0.015625
25 19 32 25 57 0.015625
25 19 33 25 57 0.03125
25 19 36 25 64 0.015625
25 19 37 25 64 0.015625
25 19 38 25 77 0.015625
25 19 39 25 77 0.015625
25 19 42 25 37 0.015625
25 19 43 25 37 0.015625
25 19 44 25 78 0.015625
25 19 45 25 39 0.015625
25 19 48 25 68 0.015625
25 19 49 25 68 0.015625
25 19 50 25 68 0.015625
25 19 51 25 52 0.015625
25 19 52 25 52 0.015625
25 19 53 25 35 0.015625
25 19 57 25 2 0.015625
25 19 64 25 8 0.015625
25 19 65 25 11 0.015625
25 19 69 25 12 0.015625
25 19 73 25 17 0.015625
25 19 79 25 61 0.015625
25 19 81 25 61 0.015625
25 19 82 25 61 0.015625
25 19 84 25 64 0.015625
25 19 85 25 64 0.015625
25 19 93 25 39 0.015625
25 19 99 25 11 0.015625
25 19 100 25 12 0.015625
25 19 106 25 37 0.015625
25 19 108 25 68 0.015625
25 19 111 25 37 0.015625
25 26 0 25 17 0.046875
25 26 1 25 18 0.046875
25 26 2 25 48 0.03125
25 26 3 25 33 0.0625
25 26 4 25 0 0.015625
25 26 7 25 0 0.015625
25 26 8 25 2 0.015625
25 26 9 25 2 0.015625
25 26 13 25 8 0.015625
25 26 14 25 8 0.015625
25 26 17 25 12 0.015625
25 26 23 25 48 0.015625
25 26 24 25 46 0.015625
25 26 25 25 42 0.046875
25 26 31 25 61 0.046875
25 26 32 25 61 0.015625
25 26 34 25 77 0.015625
25 26 35 25 77 0.015625
25 26 36 25 69 0.015625
25 26 40 25 37 0.015625
25 26 41 25 37 0.015625
25 26 42 25 37 0.015625
25 26 43 25 78 0.015625
25 26 44 25 78 0.015625
25 26 45 25 39 0.015625
25 26 46 25 39 0.015625
25 26 47 25 39 0.015625
25 26 48 25 39 0.015625
25 26 50 25 54 0.03125
25 26 51 25 54 0.03125
25 26 52 25 68 0.015625
25 26 53 25 68 0.03125
25 26 54 25 68 0.015625
25 26 55 25 68 0.015625
25 26 57 25 52 0.015625
25 26 58 25 35 0.03125
25 26 59 25 35 0.015625
25 26 73 25 11 0.046875
25 26 82 25 46 0.046875
25 26 83 25 57 0.03125
25 26 88 25 64 0.015625
25 26 90 25 77 0.015625
25 26 96 25 78 0.015625
26 27 1 26 20 0.046875
26 27 2 26 21 0.03125
26 27 3 26 22 0.03125
26 27 4 26 44 0.046875
26 27 5 26 71 0.046875
26 27 6 26 73 0.046875
26 27 7 26 48 0.015625
26 27 8 26 45 0.015625
26 27 9 26 76 0.046875
26 27 14 26 9 0.015625
26 27 15 26 17 0.015625
26 27 21 26 24 0.03125
26 27 24 26 50 0.015625
26 27 26 26 65 0.015625
26 27 27 26 33 0.015625
26 27 28 26 66 0.015625
26 27 29 26 66 0.015625
26 27 31 26 58 0.015625
26 27 33 26 48 0.03125
26 27 34 26 55 0.03125
26 27 36 26 53 0.015625
26 27 37 26 53 0.015625
26 27 39 26 41 0.03125
26 27 41 26 3 0.015625
26 27 43 26 3 0.03125
26 27 52 26 17 0.03125
26 27 54 26 18 0.03125
26 27 64 26 50 0.015625
26 27 65 26 50 0.015625
26 27 66 26 65 0.015625
26 27 69 26 72 0.015625
26 27 70 26 72 0.03125
26 27 73 26 33 0.015625
26 27 75 26 66 0.015625
26 27 77 26 58 0.015625
26 27 83 26 49 0.015625
26 27 84 26 49 0.03125
26 27 88 26 63 0.015625
26 27 90 26 63 0.015625
26 27 91 26 63 0.03125
26 27 93 26 41 0.015625
26 27 99 26 58 0.015625
27 23 0 27 23 0.171875
27 23 1 27 20 0.015625
27 23 2 27 21 0.046875
27 23 3 27 32 0.015625
27 23 4 27 45 0.109375
27 23 5 27 31 0.0625
27 23 6 27 76 0.09375
27 23 7 27 44 0.015625
27 23 8 27 59 0.015625
27 23 9 27 78 0.015625
27 23 14 27 7 0.015625
27 23 18 27 22 0.015625
27 23 19 27 47 0.015625
27 23 22 27 48 0.0625
27 23 23 27 31 0.03125
27 23 24 27 76 0.03125
27 23 25 27 71 0.015625
27 23 26 27 71 0.015625
27 23 27 27 64 0.015625
27 23 35 27 46 0.015625
27 23 36 27 43 0.046875
27 23 37 27 51 0.015625
27 23 40 27 51 0.015625
27 23 47 27 11 0.03125
27 23 48 27 16 0.015625
27 23 50 27 22 0.015625
27 23 51 27 22 0.015625
27 23 70 27 64 0.03125
27 23 75 27 43 0.015625
27 28 0 27 28 0.0625
27 28 1 27 21 0.046875
27 28 2 27 75 0.046875
27 28 3 27 32 0.03125
27 28 4 27 73 0.046875
27 28 5 27 44 0.046875
27 28 6 27 78 0.046875
27 28 8 27 11 0.015625
27 28 9 27 11 0.015625
27 28 10 27 11 0.015625
27 28 11 27 16 0.03125
27 28 14 27 20 0.015625
27 28 15 27 20 0.03125
27 28 16 27 22 0.03125
27 28 18 27 47 0.015625
27 28 19 27 47 0.03125
27 28 20 27 32 0.015625
27 28 23 27 45 0.015625
27 28 24 27 48 0.03125
27 28 27 27 31 0.015625
27 28 28 27 76 0.015625
27 28 29 27 71 0.03125
27 28 30 27 71 0.03125
27 28 34 27 59 0.03125
27 28 36 27 46 0.046875
27 28 38 27 51 0.015625
27 28 47 27 16 0.015625
27 28 60 27 47 0.015625
27 28 63 27 75 0.015625
27 28 71 27 76 0.015625
27 28 77 27 64 0.015625
27 28 78 27 64 0.015625
27 28 86 27 59 0.015625
27 28 88 27 43 0.015625
27 28 92 27 30 0.046875
27 28 94 27 51 0.015625
27 28 102 27 45 0.015625
27 28 106 27 51 0.015625
28 29 0 28 77 0.03125
28 29 1 28 66 0.03125
28 29 2 28 68 0.0625
28 29 3 28 40 0.046875
28 29 5 28 3 0.015625
28 29 6 28 7 0.015625
28 29 8 28 7 0.015625
28 29 12 28 13 0.015625
28 29 14 28 15 0.015625
28 29 15 28 19 0.015625
28 29 16 28 21 0.015625
28 29 17 28 21 0.015625
28 29 18 28 24 0.015625
28 29 24 28 78 0.03125
28 29 27 28 60 0.03125
28 29 29 28 73 0.015625
28 29 30 28 73 0.015625
28 29 31 28 73 0.03125
28 29 32 28 66 0.015625
28 29 34 28 32 0.015625
28 29 35 28 32 0.03125
28 29 36 28 54 0.03125
28 29 37 28 54 0.03125
28 29 38 28 44 0.03125
28 29 42 28 37 0.015625
28 29 43 28 41 0.03125
28 29 45 28 74 0.015625
28 29 46 28 74 0.03125
28 29 47 28 38 0.015625
28 29 48 28 38 0.03125
28 29 53 28 75 0.03125
28 29 54 28 31 0.03125
28 29 55 28 31 0.015625
28 29 62 28 3 0.03125
28 29 69 28 13 0.015625
28 29 79 28 24 0.015625
28 29 81 28 78 0.015625
28 29 84 28 60 0.015625
28 29 91 28 77 0.03125
28 29 98 28 37 0.015625
28 29 100 28 41 0.015625
28 29 106 28 38 0.015625
28 29 122 28 44 0.015625
29 22 1 29 17 0.015625
29 22 2 29 49 0.03125
29 22 3 29 48 0.015625
29 22 4 29 47 0.03125
29 22 5 29 0 0.015625
29 22 7 29 0 0.046875
29 22 17 29 11 0.015625
29 22 26 29 68 0.046875
29 22 27 29 68 0.015625
29 22 29 29 46 0.015625
29 22 30 29 72 0.015625
29 22 31 29 72 0.015625
29 22 32 29 39 0.015625
29 22 33 29 39 0.03125
29 22 36 29 40 0.015625
29 22 37 29 34 0.03125
29 22 38 29 34 0.015625
29 22 39 29 34 0.03125
29 22 41 29 64 0.046875
29 22 43 29 65 0.015625
29 22 44 29 76 0.015625
29 22 47 29 76 0.046875
29 22 49 29 55 0.03125
29 22 51 29 49 0.015625
29 22 52 29 66 0.015625
29 22 53 29 66 0.046875
29 22 54 29 66 0.046875
29 22 58 29 77 0.015625
29 22 60 29 58 0.015625
29 22 61 29 58 0.046875
29 22 62 29 47 0.046875
29 22 63 29 47 0.015625
29 22 70 29 11 0.015625
29 22 72 29 14 0.015625
29 22 77 29 68 0.015625
29 22 82 29 39 0.015625
29 22 86 29 34 0.015625
29 22 92 29 49 0.015625
29 22 93 29 49 0.015625
29 22 95 29 66 0.015625
29 22 101 29 31 0.015625
29 22 105 29 31 0.015625
29 30 0 29 14 0.0625
29 30 1 29 17 0.03125
29 30 3 29 72 0.03125
29 30 4 29 40 0.046875
29 30 5 29 76 0.0625
29 30 6 29 49 0.015625
29 30 7 29 48 0.046875
29 30 8 29 31 0.046875
29 30 9 29 0 0.015625
29 30 11 29 2 0.015625
29 30 14 29 10 0.015625
29 30 19 29 11 0.015625
29 30 20 29 11 0.0625
29 30 21 29 14 0.015625
29 30 24 29 68 0.015625
29 30 26 29 46 0.0625
29 30 28 29 39 0.015625
29 30 29 29 39 0.015625
29 30 31 29 34 0.015625
29 30 34 29 64 0.015625
29 30 35 29 65 0.015625
29 30 36 29 65 0.03125
29 30 37 29 65 0.015625
29 30 40 29 55 0.015625
29 30 45 29 48 0.015625
29 30 48 29 77 0.03125
29 30 49 29 77 0.046875
29 30 51 29 58 0.015625
29 30 52 29 58 0.03125
29 30 57 29 0 0.015625
29 30 70 29 68 0.015625
29 30 73 29 72 0.015625
29 30 86 29 65 0.015625
29 30 89 29 49 0.015625
29 30 96 29 58 0.015625
29 30 98 29 47 0.03125
29 30 100 29 47 0.015625
29 30 106 29 68 0.015625
30 31 0 30 31 0.09375
30 31 2 30 12 0.015625
30 31 3 30 17 0.046875
30 31 5 30 24 0.015625
30 31 7 30 56 0.0625
30 31 8 30 60 0.03125
30 31 9 30 40 0.015625
30 31 10 30 38 0.03125
30 31 12 30 1 0.015625
30 31 16 30 12 0.015625
30 31 18 30 14 0.015625
30 31 19 30 14 0.015625
30 31 22 30 48 0.03125
30 31 23 30 70 0.015625
30 31 26 30 49 0.015625
30 31 29 30 76 0.015625
30 31 30 30 76 0.03125
30 31 31 30 40 0.03125
30 31 33 30 62 0.015625
30 31 35 30 59 0.015625
30 31 36 30 67 0.046875
30 31 37 30 67 0.015625
30 31 38 30 67 0.03125
30 31 39 30 45 0.015625
30 31 42 30 73 0.046875
30 31 43 30 73 0.015625
30 31 46 30 12 0.03125
30 31 52 30 48 0.015625
30 31 53 30 48 0.015625
30 31 59 30 33 0.015625
30 31 62 30 56 0.015625
30 31 63 30 49 0.03125
30 31 67 30 60 0.015625
30 31 68 30 57 0.03125
30 31 71 30 72 0.015625
30 31 78 30 59 0.015625
30 31 79 30 59 0.03125
30 31 80 30 59 0.015625
30 31 84 30 45 0.015625
30 31 88 30 38 0.015625
31 32 0 31 32 0.109375
31 32 3 31 28 0.015625
31 32 4 31 66 0.0625
31 32 5 31 60 0.0625
31 32 7 31 2 0.015625
31 32 8 31 9 0.03125
31 32 9 31 9 0.015625
31 32 10 31 9 0.015625
31 32 11 31 12 0.015625
31 32 13 31 17 0.03125
31 32 21 31 29 0.015625
31 32 24 31 55 0.015625
31 32 27 31 38 0.015625
31 32 30 31 52 0.015625
31 32 31 31 52 0.09375
31 32 33 31 34 0.015625
31 32 34 31 58 0.015625
31 32 36 31 58 0.03125
31 32 38 31 74 0.015625
31 32 41 31 47 0.015625
31 32 42 31 47 0.046875
31 32 43 31 47 0.015625
31 32 45 31 56 0.03125
31 32 46 31 56 0.015625
31 32 65 31 21 0.03125
31 32 78 31 40 0.015625
31 32 83 31 58 0.03125
31 32 85 31 74 0.015625
31 32 86 31 66 0.046875
31 32 88 31 47 0.015625
31 32 91 31 56 0.015625
31 32 93 31 56 0.03125
31 32 95 31 79 0.046875
31 32 96 31 79 0.015625
32 33 1 32 10 0.015625
32 33 2 32 15 0.0625
32 33 3 32 28 0.015625
32 33 4 32 78 0.015625
32 33 5 32 43 0.0625
32 33 6 32 65 0.046875
32 33 7 32 75 0.078125
32 33 8 32 72 0.09375
32 33 11 32 16 0.015625
32 33 20 32 57 0.015625
32 33 23 32 68 0.046875
32 33 24 32 36 0.03125
32 33 25 32 59 0.03125
32 33 27 32 60 0.046875
32 33 34 32 35 0.078125
32 33 35 32 67 0.03125
32 33 36 32 67 0.015625
32 33 38 32 72 0.015625
32 33 44 32 7 0.015625
32 33 63 32 46 0.015625
32 33 65 32 66 0.015625
32 33 66 32 66 0.046875
32 33 68 32 68 0.015625
32 33 72 32 36 0.015625
32 33 75 32 59 0.015625
32 33 76 32 59 0.0625
32 33 80 32 60 0.015625
32 33 89 32 67 0.015625
32 33 90 32 67 0.015625
32 33 95 32 65 0.015625
32 33 97 32 72 0.015625
33 34 0 33 3 0.015625
33 34 1 33 50 0.078125
33 34 2 33 69 0.046875
33 34 3 33 71 0.0625
33 34 5 33 65 0.0625
33 34 6 33 3 0.015625
33 34 22 33 13 0.015625
33 34 26 33 18 0.015625
33 34 37 33 43 0.015625
33 34 38 33 43 0.015625
33 34 40 33 74 0.015625
33 34 41 33 74 0.015625
33 34 42 33 74 0.046875
33 34 44 33 72 0.015625
33 34 45 33 72 0.078125
33 34 48 33 79 0.015625
33 34 49 33 79 0.03125
33 34 50 33 79 0.015625
33 34 51 33 79 0.03125
33 34 52 33 70 0.03125
33 34 53 33 69 0.046875
33 34 55 33 71 0.015625
33 34 57 33 44 0.03125
33 34 58 33 65 0.015625
33 34 59 33 77 0.015625
33 34 61 33 77 0.015625
33 34 62 33 77 0.03125
33 34 77 33 18 0.015625
33 34 87 33 43 0.015625
33 34 94 33 79 0.015625
33 34 95 33 70 0.015625
33 34 96 33 70 0.046875
33 34 97 33 69 0.015625
33 34 104 33 65 0.046875
33 34 105 33 77 0.015625
34 35 0 34 35 0.09375
34 35 1 34 12 0.03125
34 35 3 34 17 0.03125
34 35 4 34 46 0.078125
34 35 5 34 51 0.03125
34 35 6 34 71 0.0625
34 35 7 34 58 0.078125
34 35 8 34 50 0.0625
34 35 9 34 66 0.046875
34 35 10 34 40 0.0625
34 35 11 34 41 0.015625
34 35 12 34 36 0.015625
34 35 17 34 12 0.03125
34 35 26 34 46 0.03125
34 35 29 34 42 0.015625
34 35 30 34 75 0.015625
34 35 31 34 75 0.015625
34 35 32 34 50 0.015625
34 35 33 34 66 0.015625
34 35 37 34 65 0.0625
34 35 41 34 62 0.015625
34 35 45 34 12 0.015625
34 35 49 34 14 0.015625
34 35 61 34 31 0.015625
34 35 63 34 63 0.03125
34 35 65 34 46 0.015625
34 35 70 34 42 0.015625
34 35 71 34 42 0.015625
34 35 73 34 58 0.015625
34 35 79 34 66 0.015625
34 35 85 34 69 0.015625
35 36 0 35 36 0.09375
35 36 1 35 32 0.046875
35 36 2 35 34 0.015625
35 36 3 35 47 0.0625
35 36 4 35 39 0.015625
35 36 5 35 41 0.0625
35 36 6 35 1 0.015625
35 36 17 35 12 0.03125
35 36 18 35 15 0.015625
35 36 27 35 25 0.015625
35 36 28 35 25 0.015625
35 36 29 35 55 0.0625
35 36 31 35 71 0.015625
35 36 32 35 58 0.015625
35 36 33 35 58 0.015625
35 36 34 35 58 0.046875
35 36 35 35 47 0.015625
35 36 38 35 51 0.015625
35 36 39 35 51 0.046875
35 36 41 35 39 0.015625
35 36 42 35 39 0.015625
35 36 43 35 78 0.03125
35 36 44 35 46 0.046875
35 36 47 35 45 0.015625
35 36 48 35 66 0.046875
35 36 73 35 47 0.03125
35 36 79 35 50 0.03125
35 36 80 35 51 0.015625
35 36 84 35 78 0.03125
35 36 85 35 78 0.015625
35 36 86 35 46 0.015625
35 36 87 35 46 0.03125
35 36 91 35 66 0.015625
35 36 103 35 12 0.015625
36 37 1 36 11 0.0625
36 37 2 36 35 0.015625
36 37 3 36 69 0.046875
36 37 4 36 54 0.03125
36 37 5 36 52 0.109375
36 37 6 36 70 0.078125
36 37 7 36 61 0.078125
36 37 8 36 41 0.03125
36 37 21 36 32 0.015625
36 37 22 36 32 0.03125
36 37 26 36 34 0.015625
36 37 29 36 69 0.0625
36 37 32 36 79 0.015625
36 37 33 36 63 0.015625
36 37 38 36 39 0.015625
36 37 41 36 47 0.015625
36 37 42 36 47 0.015625
36 37 43 36 47 0.0625
36 37 44 36 47 0.015625
36 37 47 36 62 0.015625
36 37 48 36 59 0.015625
36 37 50 36 56 0.015625
36 37 51 36 56 0.015625
36 37 55 36 53 0.015625
36 37 56 36 53 0.0625
36 37 58 36 73 0.015625
36 37 77 36 63 0.015625
36 37 80 36 72 0.015625
36 37 81 36 72 0.015625
36 37 84 36 39 0.03125
36 37 86 36 70 0.015625
36 37 97 36 53 0.015625
37 38 0 37 11 0.046875
37 38 1 37 12 0.0625
37 38 2 37 14 0.015625
37 38 3 37 20 0.015625
37 38 4 37 28 0.015625
37 38 5 37 57 0.046875
37 38 6 37 60 0.03125
37 38 7 37 69 0.03125
37 38 8 37 75 0.046875
37 38 9 37 54 0.046875
37 38 10 37 78 0.09375
37 38 11 37 70 0.0625
37 38 12 37 61 0.078125
37 38 23 37 35 0.03125
37 38 25 37 57 0.046875
37 38 27 37 42 0.015625
37 38 28 37 42 0.03125
37 38 31 37 58 0.015625
37 38 32 37 60 0.015625
37 38 33 37 60 0.015625
37 38 34 37 75 0.015625
37 38 35 37 75 0.015625
37 38 37 37 50 0.03125
37 38 43 37 45 0.015625
37 38 45 37 52 0.046875
37 38 46 37 52 0.015625
37 38 61 37 11 0.015625
37 38 63 37 11 0.03125
37 38 65 37 12 0.015625
37 38 71 37 35 0.015625
37 38 82 37 45 0.015625
38 39 0 38 14 0.015625
38 39 2 38 75 0.078125
38 39 3 38 72 0.03125
38 39 4 38 73 0.09375
38 39 5 38 61 0.046875
38 39 10 38 12 0.0625
38 39 12 38 14 0.015625
38 39 13 38 14 0.015625
38 39 17 38 17 0.015625
38 39 18 38 17 0.015625
38 39 21 38 20 0.015625
38 39 23 38 20 0.015625
38 39 27 38 31 0.015625
38 39 29 38 56 0.015625
38 39 30 38 56 0.0625
38 39 31 38 66 0.015625
38 39 34 38 69 0.03125
38 39 37 38 65 0.015625
38 39 38 38 65 0.015625
38 39 39 38 72 0.03125
38 39 40 38 62 0.015625
38 39 41 38 62 0.03125
38 39 42 38 60 0.015625
38 39 43 38 73 0.015625
38 39 46 38 70 0.015625
38 39 49 38 54 0.0625
38 39 54 38 11 0.046875
38 39 57 38 12 0.015625
38 39 75 38 56 0.015625
38 39 77 38 66 0.015625
38 39 88 38 62 0.015625
38 39 89 38 62 0.03125
38 39 95 38 73 0.015625
38 39 97 38 57 0.03125
38 39 98 38 57 0.015625
38 39 101 38 61 0.015625
39 40 0 39 40 0.078125
39 40 1 39 2 0.03125
39 40 2 39 14 0.03125
39 40 4 39 35 0.078125
39 40 5 39 64 0.09375
39 40 6 39 49 0.0625
39 40 7 39 48 0.03125
39 40 8 39 53 0.03125
39 40 10 39 2 0.015625
39 40 26 39 36 0.015625
39 40 27 39 36 0.015625
39 40 30 39 73 0.0625
39 40 31 39 73 0.015625
39 40 33 39 46 0.0625
39 40 34 39 46 0.015625
39 40 36 39 74 0.03125
39 40 39 39 79 0.015625
39 40 41 39 45 0.015625
39 40 43 39 44 0.015625
39 40 46 39 61 0.015625
39 40 47 39 61 0.03125
39 40 50 39 7 0.015625
39 40 64 39 36 0.015625
39 40 68 39 72 0.015625
39 40 70 39 72 0.015625
39 40 79 39 74 0.015625
39 40 83 39 79 0.015625
39 40 84 39 79 0.03125
39 40 85 39 79 0.015625
39 40 87 39 48 0.03125
39 40 89 39 45 0.015625
39 40 90 39 75 0.015625
39 40 92 39 75 0.015625
39 40 98 39 72 0.015625
40 41 2 40 31 0.046875
40 41 3 40 34 0.0625
40 41 4 40 35 0.03125
40 41 5 40 77 0.03125
40 41 6 40 42 0.03125
40 41 7 40 78 0.09375
40 41 23 40 10 0.015625
40 41 27 40 10 0.015625
40 41 28 40 11 0.0625
40 41 29 40 14 0.015625
40 41 34 40 39 0.015625
40 41 38 40 63 0.0625
40 41 40 40 60 0.015625
40 41 41 40 60 0.03125
40 41 42 40 60 0.015625
40 41 43 40 64 0.015625
40 41 44 40 52 0.015625
40 41 45 40 52 0.046875
40 41 47 40 49 0.0625
40 41 48 40 48 0.046875
40 41 51 40 0 0.015625
40 41 54 40 0 0.015625
40 41 72 40 30 0.015625
40 41 85 40 39 0.015625
40 41 86 40 53 0.03125
40 41 87 40 53 0.015625
40 41 90 40 60 0.03125
40 41 91 40 64 0.03125
40 41 92 40 52 0.015625
40 41 93 40 49 0.015625
40 41 94 40 49 0.015625
40 41 107 40 53 0.03125
40 41 110 40 52 0.015625
41 42 0 41 42 0.109375
41 42 1 41 2 0.03125
41 42 4 41 34 0.0625
41 42 5 41 37 0.046875
41 42 6 41 76 0.09375
41 42 7 41 61 0.015625
41 42 8 41 77 0.015625
41 42 11 41 3 0.015625
41 42 12 41 12 0.015625
41 42 13 41 12 0.015625
41 42 15 41 13 0.078125
41 42 16 41 15 0.015625
41 42 27 41 35 0.015625
41 42 29 41 37 0.015625
41 42 31 41 75 0.015625
41 42 32 41 75 0.015625
41 42 33 41 58 0.015625
41 42 34 41 58 0.015625
41 42 35 41 58 0.015625
41 42 36 41 67 0.046875
41 42 37 41 67 0.015625
41 42 39 41 78 0.015625
41 42 40 41 78 0.046875
41 42 42 41 50 0.046875
41 42 43 41 77 0.078125
41 42 51 41 12 0.015625
41 42 58 41 21 0.015625
41 42 76 41 35 0.015625
41 42 78 41 35 0.015625
41 42 86 41 58 0.015625
41 42 89 41 69 0.015625
41 42 106 41 12 0.03125
42 43 1 42 8 0.015625
42 43 3 42 20 0.046875
42 43 4 42 22 0.015625
42 43 5 42 53 0.046875
42 43 6 42 77 0.09375
42 43 7 42 65 0.078125
42 43 8 42 51 0.09375
42 43 9 42 46 0.0625
42 43 20 42 25 0.03125
42 43 23 42 37 0.015625
42 43 26 42 40 0.015625
42 43 27 42 40 0.015625
42 43 35 42 56 0.015625
42 43 36 42 53 0.015625
42 43 37 42 53 0.03125
42 43 38 42 53 0.03125
42 43 39 42 77 0.015625
42 43 40 42 62 0.046875
42 43 41 42 62 0.015625
42 43 43 42 68 0.03125
42 43 44 42 68 0.03125
42 43 47 42 46 0.015625
42 43 48 42 76 0.015625
42 43 51 42 61 0.03125
42 43 52 42 54 0.015625
42 43 53 42 54 0.015625
42 43 68 42 25 0.015625
42 43 82 42 56 0.046875
42 43 84 42 65 0.015625
42 43 86 42 62 0.015625
42 43 92 42 54 0.03125
42 43 97 42 34 0.015625
43 27 0 43 27 0.1875
43 27 1 43 11 0.03125
43 27 2 43 20 0.015625
43 27 3 43 22 0.015625
43 27 4 43 32 0.046875
43 27 5 43 71 0.015625
43 27 6 43 44 0.015625
43 27 7 43 46 0.09375
43 27 8 43 47 0.015625
43 27 9 43 51 0.015625
43 27 11 43 0 0.015625
43 27 12 43 2 0.015625
43 27 13 43 3 0.015625
43 27 15 43 10 0.015625
43 27 17 43 11 0.015625
43 27 19 43 15 0.015625
43 27 21 43 17 0.015625
43 27 22 43 17 0.015625
43 27 24 43 19 0.015625
43 27 27 43 33 0.015625
43 27 29 43 39 0.015625
43 27 32 43 46 0.015625
43 27 33 43 47 0.015625
43 27 34 43 53 0.015625
43 27 35 43 53 0.015625
43 27 36 43 77 0.015625
43 27 37 43 77 0.03125
43 27 38 43 0 0.015625
43 27 41 43 2 0.015625
43 27 43 43 3 0.015625
43 27 53 43 8 0.03125
43 27 56 43 8 0.015625
43 27 57 43 11 0.015625
43 27 58 43 11 0.015625
43 27 61 43 15 0.015625
43 27 62 43 17 0.015625
43 27 69 43 32 0.015625
43 27 70 43 32 0.015625
43 27 74 43 39 0.015625
43 27 76 43 39 0.015625
43 27 78 43 65 0.015625
43 27 83 43 77 0.015625
43 27 94 43 46 0.015625
43 44 0 43 44 0.078125
43 44 1 43 2 0.03125
43 44 2 43 20 0.015625
43 44 4 43 33 0.015625
43 44 5 43 39 0.03125
43 44 6 43 65 0.09375
43 44 7 43 71 0.046875
43 44 8 43 53 0.046875
43 44 9 43 77 0.046875
43 44 11 43 0 0.03125
43 44 13 43 3 0.015625
43 44 20 43 11 0.015625
43 44 21 43 11 0.0625
43 44 34 43 39 0.015625
43 44 35 43 39 0.015625
43 44 36 43 47 0.078125
43 44 37 43 47 0.015625
43 44 38 43 51 0.03125
43 44 39 43 51 0.015625
43 44 40 43 51 0.046875
43 44 43 43 45 0.03125
43 44 56 43 8 0.015625
43 44 57 43 8 0.03125
43 44 58 43 8 0.015625
43 44 61 43 11 0.015625
43 44 71 43 32 0.046875
43 44 73 43 32 0.015625
43 44 83 43 47 0.015625
43 44 85 43 47 0.015625
43 44 86 43 47 0.015625
43 44 89 43 77 0.015625
43 44 91 43 51 0.015625
44 26 0 44 26 0.09375
44 26 1 44 20 0.015625
44 26 3 44 33 0.015625
44 26 4 44 50 0.03125
44 26 5 44 55 0.0625
44 26 6 44 73 0.046875
44 26 7 44 71 0.109375
44 26 8 44 53 0.0625
44 26 9 44 65 0.03125
44 26 24 44 36 0.015625
44 26 25 44 36 0.078125
44 26 28 44 50 0.015625
44 26 29 44 54 0.015625
44 26 30 44 54 0.015625
44 26 31 44 54 0.015625
44 26 34 44 55 0.046875
44 26 36 44 75 0.015625
44 26 39 44 52 0.015625
44 26 40 44 52 0.03125
44 26 43 44 62 0.015625
44 26 46 44 56 0.015625
44 26 47 44 53 0.015625
44 26 48 44 61 0.03125
44 26 49 44 61 0.015625
44 26 50 44 61 0.015625
44 26 58 44 16 0.015625
44 26 71 44 50 0.015625
44 26 73 44 54 0.015625
44 26 77 44 75 0.015625
44 26 82 44 62 0.015625
44 26 83 44 62 0.015625
44 26 84 44 62 0.015625
44 26 86 44 56 0.015625
44 26 93 44 61 0.015625
44 26 103 44 61 0.015625
