16_5_10_100_0_0 25 75 0.323162 0.0891428 0.49358 7.74558 37.7691 1.89867
16_5_10_100_0_0 25 75 50 19069 650724000 34124.7 381.38 13014480 3.19251e+07
16_5_10_100_1_1 25 75 0.323162 0.0891428 0.49358 7.74558 37.7691 1.89867
16_5_10_100_1_1 25 75 50 19069 650724000 34124.7 381.38 13014480 3.19251e+07
16_5_10_100_2_2 25 75 0.40554 0.0940169 0.539219 9.57338 74.3253 2.81785
16_5_10_100_2_2 25 75 50 19047 662176500 34765.4 380.94 13243530 4.86594e+07
16_5_10_100_3_3 25 75 0.475848 0.0973557 0.660905 10.1365 90.2842 3.63037
16_5_10_100_3_3 25 75 50 18989 626814000 33009.3 379.78 12536280 5.24417e+07
16_5_10_100_4_4 25 75 0.493405 0.0979376 0.723581 10.2952 70.1288 3.87476
16_5_10_100_4_4 25 75 50 18984 687618000 36220.9 379.68 13752360 6.44205e+07
16_5_10_100_5_5 25 75 0.485369 0.0893592 0.580386 10.4833 78.6538 3.45494
16_5_10_100_5_5 25 75 50 19001 676813500 35619.9 380.02 13536270 6.60863e+07
16_5_10_100_6_6 25 75 0.498829 0.10208 0.654829 11.2395 66.2921 4.07771
16_5_10_100_6_6 25 75 50 19079 666853500 34952.2 381.58 13337070 6.45928e+07
16_5_10_100_7_7 25 75 0.573782 0.0958037 0.811803 12.4909 85.5911 4.60739
16_5_10_100_7_7 25 75 50 19116 678406500 35488.9 382.32 13568130 7.14183e+07
16_5_10_100_8_8 25 75 0.45159 0.0930867 0.628681 9.71267 68.2496 3.47911
16_5_10_100_8_8 25 75 50 19032 648336000 34065.6 380.64 12966720 5.69005e+07
16_5_10_100_9_9 25 75 0.325952 0.0866012 0.479939 7.85862 40.7504 1.81356
16_5_10_100_9_9 25 75 50 18832 627094500 33299.4 376.64 12541890 3.02664e+07
