7_0_0_100_0_0 25 75 0.51979 0.10893 0.575977 9.6519 114.15 2.65494
7_0_0_100_0_0 25 75 50 129516 4462288500 34453.6 2590.32 89245770 3.854e+08
7_0_0_100_1_1 25 75 0.51979 0.10893 0.575977 9.6519 114.15 2.65494
7_0_0_100_1_1 25 75 50 129516 4462288500 34453.6 2590.32 89245770 3.854e+08
7_0_0_100_2_2 25 75 0.604647 0.107425 0.539591 9.48679 170.025 2.32728
7_0_0_100_2_2 25 75 50 128918 4481904000 34765.5 2578.36 89638080 4.57287e+08
7_0_0_100_3_3 25 75 0.570133 0.10593 0.586139 10.0444 168.492 2.81768
7_0_0_100_3_3 25 75 50 128995 4483152000 34754.5 2579.9 89663040 4.9408e+08
7_0_0_100_4_4 25 75 0.587865 0.108414 0.565864 9.80627 186.78 2.6406
7_0_0_100_4_4 25 75 50 128795 4547206500 35305.8 2575.9 90944130 4.59131e+08
7_0_0_100_5_5 25 75 0.537413 0.104679 0.517595 8.62403 173.561 2.1164
7_0_0_100_5_5 25 75 50 128882 4452156000 34544.4 2577.64 89043120 3.87916e+08
7_0_0_100_6_6 25 75 0.433128 0.105442 0.495717 7.60782 137.939 1.73475
7_0_0_100_6_6 25 75 50 128955 4421842500 34289.8 2579.1 88436850 3.46811e+08
7_0_0_100_7_7 25 75 0.570909 0.106993 0.558903 9.51243 174.573 2.42956
7_0_0_100_7_7 25 75 50 129054 4474293000 34669.9 2581.08 89485860 4.70418e+08
7_0_0_100_8_8 25 75 0.495588 0.109868 0.544628 8.05373 182.023 2.0902
7_0_0_100_8_8 25 75 50 128904 4574139000 35484.8 2578.08 91482780 4.09254e+08
7_0_0_100_9_9 25 75 0.662567 0.108618 0.56937 9.98959 181.426 2.6963
7_0_0_100_9_9 25 75 50 128765 4523808000 35132.3 2575.3 90476160 5.25234e+08
