0 1 0 0 1 1.0
0 2 1 0 10 1.0
0 3 3 0 45 1.0
0 4 0 0 54 1.0
0 5 7 0 43 1.0
0 6 0 0 79 1.0
0 7 3 0 70 1.0
0 8 0 0 8 1.0
0 9 3 0 23 1.0
0 10 0 0 10 1.0
0 11 0 0 11 1.0
0 13 0 0 13 1.0
0 14 0 0 14 1.0
0 15 1 0 10 1.0
0 18 0 0 18 1.0
0 19 6 0 53 1.0
0 20 0 0 20 1.0
0 21 0 0 21 1.0
0 22 0 0 22 1.0
0 23 0 0 23 1.0
0 24 0 0 54 1.0
0 25 0 0 25 1.0
0 26 5 0 53 1.0
0 29 0 0 29 1.0
0 30 3 0 12 0.265625
0 30 6 0 1 0.734375
0 31 2 0 47 1.0
0 35 6 0 1 1.0
0 39 9 0 43 1.0
0 40 0 0 40 1.0
0 41 0 0 8 1.0
0 42 9 0 53 1.0
0 43 0 0 43 1.0
0 44 5 0 43 1.0
0 47 0 0 47 1.0
0 49 1 0 10 1.0
0 50 6 0 1 1.0
0 51 9 0 43 1.0
0 52 1 0 10 1.0
0 54 0 0 54 1.0
0 55 1 0 23 1.0
0 56 1 0 23 1.0
0 59 0 0 59 1.0
0 60 2 0 10 1.0
0 61 6 0 53 1.0
0 62 4 0 1 1.0
0 63 0 0 63 1.0
0 65 6 0 43 1.0
0 66 1 0 12 1.0
0 67 5 0 53 1.0
0 68 8 0 46 1.0
0 69 5 0 59 1.0
0 70 0 0 70 1.0
0 71 0 0 79 1.0
0 72 3 0 63 1.0
0 75 1 0 10 1.0
0 76 1 0 10 1.0
0 77 6 0 23 1.0
0 78 4 0 23 1.0
0 79 0 0 79 1.0
1 0 0 1 0 1.0
1 2 0 1 2 1.0
1 3 5 1 50 1.0
1 4 3 1 6 1.0
1 5 0 1 5 1.0
1 6 0 1 6 1.0
1 7 4 1 16 1.0
1 8 0 1 8 1.0
1 9 8 1 16 1.0
1 10 1 1 0 0.4375
1 10 6 1 2 0.5625
1 11 3 1 0 1.0
1 12 2 1 6 1.0
1 13 0 1 13 1.0
1 14 1 1 0 1.0
1 15 0 1 15 1.0
1 17 4 1 19 1.0
1 18 0 1 18 1.0
1 19 0 1 19 1.0
1 20 3 1 2 1.0
1 21 2 1 6 1.0
1 22 0 1 22 1.0
1 23 6 1 56 1.0
1 24 6 1 16 1.0
1 25 3 1 2 1.0
1 26 3 1 6 1.0
1 27 2 1 6 1.0
1 28 5 1 19 1.0
1 29 2 1 2 1.0
1 30 0 1 30 1.0
1 31 2 1 2 1.0
1 32 4 1 16 1.0
1 33 4 1 6 1.0
1 34 1 1 2 1.0
1 35 0 1 35 1.0
1 36 9 1 5 1.0
1 37 1 1 6 1.0
1 38 3 1 19 1.0
1 39 5 1 2 1.0
1 40 0 1 40 1.0
1 41 3 1 2 1.0
1 42 4 1 2 1.0
1 43 1 1 0 0.046875
1 43 7 1 19 0.546875
1 43 8 1 5 0.40625
1 44 1 1 2 1.0
1 45 1 1 0 1.0
1 46 6 1 19 1.0
1 47 0 1 0 1.0
1 48 7 1 5 1.0
1 49 7 1 16 1.0
1 50 0 1 50 1.0
1 51 12 1 5 1.0
1 52 0 1 52 1.0
1 53 0 1 53 1.0
1 54 6 1 19 1.0
1 55 0 1 55 1.0
1 56 0 1 56 1.0
1 57 0 1 6 1.0
1 59 0 1 59 1.0
1 60 6 1 5 1.0
1 61 5 1 5 1.0
1 62 0 1 62 1.0
1 63 5 1 6 1.0
1 64 0 1 64 1.0
1 65 1 1 59 1.0
1 66 0 1 66 1.0
1 67 4 1 6 1.0
1 68 3 1 2 1.0
1 69 3 1 2 1.0
1 70 6 1 19 1.0
1 71 4 1 15 1.0
1 72 0 1 72 1.0
1 73 6 1 5 1.0
1 74 4 1 6 1.0
1 75 3 1 2 1.0
1 76 2 1 6 1.0
1 77 0 1 77 1.0
1 79 0 1 79 1.0
2 0 7 2 20 1.0
2 1 0 2 1 1.0
2 3 2 2 45 0.421875
2 3 3 2 72 0.578125
2 4 5 2 55 1.0
2 5 8 2 74 1.0
2 6 4 2 63 1.0
2 7 2 2 39 1.0
2 8 7 2 42 1.0
2 9 3 2 69 1.0
2 10 0 2 10 1.0
2 11 0 2 11 1.0
2 12 4 2 69 1.0
2 13 4 2 74 1.0
2 14 8 2 74 1.0
2 15 6 2 69 1.0
2 16 6 2 68 1.0
2 17 9 2 74 1.0
2 18 6 2 69 1.0
2 19 5 2 56 1.0
2 20 0 2 20 1.0
2 21 4 2 69 1.0
2 22 6 2 74 1.0
2 23 9 2 69 1.0
2 24 0 2 24 1.0
2 25 0 2 25 1.0
2 26 2 2 45 1.0
2 28 7 2 68 1.0
2 29 0 2 29 1.0
2 30 0 2 40 0.578125
2 30 4 2 56 0.421875
2 31 0 2 31 1.0
2 32 6 2 68 1.0
2 33 5 2 69 1.0
2 34 0 2 34 1.0
2 35 2 2 46 1.0
2 36 7 2 69 1.0
2 37 0 2 37 1.0
2 38 5 2 69 1.0
2 39 0 2 39 1.0
2 40 0 2 40 1.0
2 41 0 2 41 1.0
2 42 0 2 42 1.0
2 43 0 2 43 1.0
2 44 0 2 44 1.0
2 45 0 2 45 1.0
2 46 0 2 46 1.0
2 47 1 2 29 1.0
2 48 8 2 69 1.0
2 49 7 2 74 1.0
2 50 4 2 45 1.0
2 51 0 2 46 1.0
2 52 6 2 55 1.0
2 53 8 2 69 1.0
2 54 1 2 46 1.0
2 55 0 2 55 1.0
2 56 0 2 56 1.0
2 57 6 2 69 1.0
2 58 2 2 29 1.0
2 59 4 2 69 1.0
2 60 1 2 10 1.0
2 61 6 2 69 1.0
2 62 3 2 34 1.0
2 63 0 2 63 1.0
2 64 10 2 24 1.0
2 65 3 2 45 1.0
2 66 7 2 69 1.0
2 67 5 2 74 1.0
2 68 0 2 68 1.0
2 69 0 2 69 1.0
2 70 0 2 37 1.0
2 71 5 2 68 1.0
2 72 0 2 72 1.0
2 73 0 2 11 1.0
2 74 0 2 74 1.0
2 75 0 2 75 1.0
2 76 9 2 74 1.0
2 77 2 2 46 1.0
2 78 2 2 46 1.0
2 79 8 2 74 1.0
3 0 0 3 47 1.0
3 1 4 3 5 1.0
3 2 3 3 72 0.578125
3 2 4 3 34 0.421875
3 4 0 3 4 1.0
3 5 0 3 5 1.0
3 6 9 3 51 1.0
3 7 4 3 60 1.0
3 8 8 3 4 1.0
3 9 7 3 65 1.0
3 10 4 3 33 1.0
3 14 7 3 48 1.0
3 15 0 3 15 1.0
3 18 3 3 24 1.0
3 19 7 3 51 1.0
3 20 8 3 48 1.0
3 22 9 3 48 1.0
3 23 3 3 76 1.0
3 24 0 3 24 1.0
3 25 3 3 4 1.0
3 26 0 3 26 1.0
3 27 4 3 32 1.0
3 29 3 3 5 1.0
3 30 3 3 62 1.0
3 31 2 3 34 1.0
3 34 0 3 34 1.0
3 35 0 3 47 1.0
3 38 7 3 4 1.0
3 39 3 3 24 1.0
3 40 3 3 34 1.0
3 41 0 3 41 1.0
3 42 0 3 72 1.0
3 43 0 3 43 1.0
3 44 6 3 28 1.0
3 49 6 3 48 1.0
3 50 0 3 50 1.0
3 51 0 3 51 1.0
3 52 0 3 52 1.0
3 54 5 3 4 1.0
3 55 6 3 48 1.0
3 56 4 3 4 1.0
3 57 0 3 57 1.0
3 58 1 3 5 1.0
3 59 3 3 24 1.0
3 61 1 3 5 1.0
3 62 0 3 62 1.0
3 63 0 3 63 1.0
3 64 2 3 5 1.0
3 65 0 3 65 1.0
3 66 2 3 5 1.0
3 67 1 3 72 1.0
3 68 4 3 28 1.0
3 69 1 3 15 1.0
3 70 4 3 36 1.0
3 71 0 3 71 1.0
3 72 0 3 72 1.0
3 75 5 3 28 1.0
3 76 0 3 76 1.0
3 77 6 3 28 1.0
3 79 3 3 72 1.0
4 0 6 4 23 1.0
4 1 3 4 6 0.421875
4 1 6 4 5 0.578125
4 2 4 4 56 1.0
4 3 0 4 3 1.0
4 5 0 4 5 1.0
4 6 0 4 6 1.0
4 7 5 4 57 1.0
4 8 0 4 8 1.0
4 9 3 4 56 1.0
4 10 0 4 10 1.0
4 13 0 4 13 1.0
4 14 6 4 60 1.0
4 15 5 4 3 1.0
4 16 6 4 5 1.0
4 18 11 4 73 1.0
4 19 5 4 56 1.0
4 20 5 4 45 1.0
4 22 0 4 22 1.0
4 23 0 4 23 1.0
4 24 6 4 3 1.0
4 25 0 4 25 1.0
4 26 3 4 6 1.0
4 28 2 4 8 1.0
4 29 4 4 55 1.0
4 30 7 4 57 1.0
4 31 0 4 31 1.0
4 32 1 4 23 1.0
4 36 4 4 5 1.0
4 38 0 4 38 1.0
4 39 0 4 8 1.0
4 40 0 4 10 1.0
4 41 4 4 50 1.0
4 42 0 4 42 1.0
4 43 5 4 45 1.0
4 44 8 4 73 1.0
4 47 0 4 47 1.0
4 48 6 4 5 1.0
4 49 3 4 23 1.0
4 50 0 4 50 1.0
4 51 6 4 5 1.0
4 52 9 4 3 1.0
4 54 0 4 54 1.0
4 55 0 4 55 1.0
4 56 0 4 56 1.0
4 57 0 4 57 1.0
4 58 4 4 5 1.0
4 61 5 4 5 1.0
4 62 6 4 3 1.0
4 63 7 4 5 1.0
4 64 6 4 5 1.0
4 65 1 4 8 1.0
4 66 3 4 21 1.0
4 67 2 4 6 1.0
4 68 0 4 68 1.0
4 69 5 4 5 1.0
4 70 8 4 73 1.0
4 71 0 4 71 1.0
4 72 1 4 6 1.0
4 74 4 4 6 1.0
4 75 4 4 33 1.0
4 76 2 4 23 1.0
4 77 0 4 8 1.0
4 78 7 4 6 1.0
4 79 4 4 6 1.0
5 0 4 5 20 1.0
5 1 0 5 1 1.0
5 2 1 5 1 1.0
5 3 0 5 3 1.0
5 4 0 5 4 1.0
5 6 0 5 9 0.375
5 6 7 5 52 0.625
5 7 0 5 7 1.0
5 8 10 5 4 1.0
5 9 0 5 9 1.0
5 10 2 5 29 1.0
5 13 2 5 1 1.0
5 14 6 5 43 1.0
5 15 1 5 1 1.0
5 18 1 5 1 1.0
5 19 0 5 9 1.0
5 20 0 5 20 1.0
5 21 6 5 4 1.0
5 22 8 5 48 1.0
5 23 1 5 20 1.0
5 24 7 5 51 1.0
5 25 9 5 48 1.0
5 26 0 5 9 1.0
5 28 8 5 73 1.0
5 29 0 5 29 1.0
5 30 2 5 12 1.0
5 31 8 5 60 1.0
5 34 5 5 29 1.0
5 38 8 5 4 1.0
5 39 4 5 43 1.0
5 40 0 5 40 1.0
5 41 6 5 36 1.0
5 42 7 5 4 1.0
5 43 0 5 43 1.0
5 44 3 5 43 1.0
5 45 3 5 43 1.0
5 49 3 5 29 1.0
5 50 1 5 1 1.0
5 51 0 5 51 1.0
5 52 0 5 52 1.0
5 54 5 5 4 1.0
5 55 1 5 1 1.0
5 56 2 5 1 1.0
5 61 0 5 61 1.0
5 62 1 5 1 1.0
5 63 0 5 63 1.0
5 65 0 5 9 1.0
5 66 0 5 66 1.0
5 67 0 5 9 1.0
5 68 4 5 29 1.0
5 69 0 5 69 1.0
5 70 6 5 16 1.0
5 71 3 5 33 1.0
5 72 8 5 74 1.0
5 74 0 5 74 1.0
5 75 1 5 58 1.0
5 76 0 5 58 1.0
5 77 6 5 43 1.0
5 78 1 5 37 1.0
5 79 0 5 1 1.0
6 0 0 6 79 1.0
6 1 0 6 1 1.0
6 2 6 6 74 1.0
6 3 0 6 63 1.0
6 4 0 6 4 1.0
6 5 0 6 9 0.84375
6 5 4 6 1 0.15625
6 7 3 6 62 0.703125
6 7 4 6 64 0.296875
6 8 6 6 64 1.0
6 9 0 6 9 1.0
6 10 0 6 10 1.0
6 11 0 6 9 1.0
6 14 6 6 74 1.0
6 15 5 6 1 1.0
6 18 5 6 1 1.0
6 19 5 6 1 1.0
6 20 6 6 74 1.0
6 22 3 6 1 1.0
6 23 7 6 76 1.0
6 24 1 6 50 1.0
6 25 1 6 12 1.0
6 26 0 6 26 1.0
6 27 0 6 27 1.0
6 29 4 6 72 1.0
6 30 7 6 33 1.0
6 31 6 6 21 1.0
6 34 2 6 12 1.0
6 38 6 6 4 1.0
6 39 3 6 64 1.0
6 40 0 6 40 1.0
6 41 7 6 50 1.0
6 42 7 6 4 1.0
6 43 3 6 51 1.0
6 44 3 6 33 1.0
6 46 4 6 4 1.0
6 50 0 6 50 1.0
6 51 0 6 51 1.0
6 52 0 6 52 1.0
6 54 4 6 4 1.0
6 55 2 6 1 1.0
6 56 4 6 1 1.0
6 57 0 6 57 1.0
6 58 0 6 58 1.0
6 61 0 6 9 1.0
6 62 0 6 62 1.0
6 63 0 6 63 1.0
6 65 2 6 33 1.0
6 66 3 6 1 1.0
6 67 0 6 67 1.0
6 68 5 6 4 1.0
6 69 4 6 52 1.0
6 70 1 6 37 1.0
6 71 2 6 78 1.0
6 72 0 6 72 1.0
6 75 8 6 33 1.0
6 76 0 6 76 1.0
6 77 3 6 1 1.0
6 78 0 6 78 1.0
6 79 0 6 79 1.0
7 0 1 7 14 1.0
7 1 4 7 16 1.0
7 2 0 7 37 1.0
7 3 7 7 28 1.0
7 4 3 7 42 1.0
7 5 0 7 5 1.0
7 6 6 7 76 1.0
7 8 0 7 8 1.0
7 9 7 7 73 1.0
7 10 4 7 32 1.0
7 11 9 7 73 1.0
7 12 8 7 73 1.0
7 13 2 7 16 1.0
7 14 0 7 14 1.0
7 15 6 7 32 1.0
7 17 3 7 68 1.0
7 18 2 7 16 1.0
7 19 8 7 51 1.0
7 20 0 7 58 1.0
7 22 0 7 27 1.0
7 23 4 7 44 1.0
7 24 0 7 24 1.0
7 25 9 7 57 1.0
7 26 2 7 44 1.0
7 28 0 7 28 1.0
7 29 1 7 14 1.0
7 30 0 7 27 1.0
7 31 0 7 58 1.0
7 35 0 7 35 1.0
7 36 5 7 44 1.0
7 37 0 7 37 1.0
7 38 8 7 73 1.0
7 39 0 7 39 1.0
7 40 8 7 28 1.0
7 41 4 7 35 1.0
7 42 0 7 42 1.0
7 43 6 7 44 1.0
7 44 0 7 44 1.0
7 45 0 7 27 1.0
7 46 3 7 16 1.0
7 48 2 7 16 1.0
7 49 2 7 16 1.0
7 50 4 7 44 1.0
7 51 0 7 51 1.0
7 52 7 7 44 1.0
7 53 4 7 44 1.0
7 54 5 7 44 1.0
7 55 0 7 55 1.0
7 56 3 7 44 1.0
7 57 0 7 57 1.0
7 59 5 7 32 1.0
7 60 0 7 60 1.0
7 61 9 7 44 1.0
7 62 0 7 62 1.0
7 63 5 7 73 1.0
7 64 0 7 64 1.0
7 65 0 7 65 1.0
7 66 4 7 32 1.0
7 67 4 7 73 1.0
7 68 0 7 68 1.0
7 69 1 7 62 0.6875
7 69 4 7 76 0.3125
7 70 0 7 70 1.0
7 71 5 7 44 1.0
7 72 5 7 65 1.0
7 75 6 7 44 1.0
7 76 0 7 76 1.0
7 77 0 7 77 1.0
7 78 5 7 32 1.0
7 79 2 7 16 1.0
8 0 0 8 0 1.0
8 1 0 8 1 1.0
8 2 2 8 1 1.0
8 3 3 8 33 1.0
8 4 0 8 4 1.0
8 5 10 8 4 1.0
8 6 2 8 1 1.0
8 7 0 8 7 1.0
8 9 3 8 65 0.75
8 9 4 8 73 0.25
8 10 0 8 0 1.0
8 11 0 8 11 1.0
8 12 8 8 73 1.0
8 13 5 8 33 1.0
8 14 8 8 65 1.0
8 15 6 8 33 1.0
8 17 6 8 68 1.0
8 18 9 8 73 1.0
8 19 9 8 28 1.0
8 20 0 8 20 1.0
8 21 5 8 28 1.0
8 22 7 8 42 1.0
8 23 0 8 78 1.0
8 24 4 8 64 1.0
8 25 0 8 25 1.0
8 26 2 8 33 1.0
8 27 8 8 73 1.0
8 29 4 8 64 1.0
8 30 3 8 73 1.0
8 31 3 8 28 1.0
8 34 2 8 35 1.0
8 35 0 8 35 1.0
8 36 9 8 73 1.0
8 39 0 8 39 1.0
8 40 8 8 64 1.0
8 41 0 8 41 1.0
8 42 0 8 42 1.0
8 43 0 8 43 1.0
8 44 1 8 7 1.0
8 45 5 8 43 1.0
8 47 4 8 68 1.0
8 48 1 8 20 1.0
8 49 1 8 64 1.0
8 50 6 8 33 1.0
8 51 0 8 51 1.0
8 52 0 8 52 1.0
8 54 8 8 73 1.0
8 55 7 8 35 1.0
8 56 6 8 73 1.0
8 57 5 8 70 1.0
8 59 0 8 0 1.0
8 60 5 8 28 1.0
8 61 0 8 61 1.0
8 62 2 8 77 1.0
8 63 0 8 63 1.0
8 64 0 8 64 1.0
8 65 0 8 65 1.0
8 66 4 8 28 1.0
8 67 2 8 64 1.0
8 68 0 8 68 1.0
8 69 4 8 33 1.0
8 70 0 8 70 1.0
8 71 5 8 33 1.0
8 72 8 8 42 1.0
8 74 5 8 42 1.0
8 75 4 8 33 1.0
8 76 1 8 79 1.0
8 77 0 8 77 1.0
8 78 0 8 78 1.0
8 79 0 8 79 1.0
9 0 0 9 40 1.0
9 1 6 9 19 1.0
9 2 3 9 69 1.0
9 3 5 9 26 1.0
9 4 0 9 13 1.0
9 5 0 9 5 1.0
9 6 0 9 6 1.0
9 7 7 9 73 1.0
9 8 0 9 61 1.0
9 10 2 9 23 0.796875
9 10 3 9 6 0.203125
9 12 2 9 6 1.0
9 13 0 9 13 1.0
9 14 0 9 14 1.0
9 15 0 9 15 1.0
9 16 0 9 16 1.0
9 18 4 9 69 1.0
9 19 0 9 19 1.0
9 20 0 9 58 1.0
9 21 0 9 67 1.0
9 22 0 9 67 1.0
9 23 0 9 23 1.0
9 24 6 9 31 1.0
9 25 6 9 57 1.0
9 26 0 9 26 1.0
9 27 2 9 6 1.0
9 29 7 9 31 1.0
9 30 0 9 30 1.0
9 31 0 9 31 1.0
9 32 1 9 23 1.0
9 33 1 9 6 1.0
9 34 3 9 23 1.0
9 35 5 9 71 1.0
9 36 4 9 19 1.0
9 37 4 9 6 1.0
9 38 4 9 19 1.0
9 39 3 9 19 1.0
9 40 0 9 40 1.0
9 41 3 9 13 1.0
9 42 2 9 23 1.0
9 43 4 9 5 0.515625
9 43 5 9 71 0.484375
9 44 9 9 73 1.0
9 45 2 9 23 1.0
9 46 1 9 19 1.0
9 47 0 9 58 1.0
9 49 4 9 23 1.0
9 50 5 9 6 1.0
9 51 2 9 6 1.0
9 52 0 9 52 1.0
9 54 1 9 58 1.0
9 55 1 9 23 1.0
9 56 0 9 56 1.0
9 57 0 9 57 1.0
9 58 0 9 58 1.0
9 59 2 9 23 1.0
9 60 0 9 60 1.0
9 61 0 9 61 1.0
9 62 4 9 19 1.0
9 63 4 9 19 1.0
9 64 3 9 6 1.0
9 65 0 9 65 1.0
9 66 0 9 66 1.0
9 67 0 9 67 1.0
9 68 0 9 58 1.0
9 69 0 9 69 1.0
9 70 7 9 57 1.0
9 71 0 9 71 1.0
9 72 8 9 26 1.0
9 73 0 9 73 1.0
9 74 3 9 6 1.0
9 75 0 9 75 1.0
9 76 1 9 23 1.0
9 77 5 9 19 1.0
9 78 3 9 6 1.0
9 79 2 9 6 1.0
10 0 0 10 0 1.0
10 1 5 10 6 1.0
10 2 0 10 2 1.0
10 3 7 10 32 1.0
10 4 0 10 4 1.0
10 5 8 10 4 1.0
10 6 0 10 6 1.0
10 7 2 10 60 1.0
10 8 5 10 64 1.0
10 9 2 10 23 1.0
10 11 3 10 29 1.0
10 12 0 10 0 1.0
10 13 9 10 48 1.0
10 14 0 10 14 1.0
10 15 0 10 15 1.0
10 16 4 10 48 1.0
10 17 6 10 48 1.0
10 18 0 10 18 1.0
10 19 0 10 19 1.0
10 20 7 10 48 1.0
10 21 0 10 21 1.0
10 22 9 10 48 1.0
10 23 0 10 23 1.0
10 24 1 10 59 1.0
10 25 8 10 48 1.0
10 26 9 10 48 1.0
10 27 1 10 59 1.0
10 28 7 10 32 1.0
10 29 0 10 29 1.0
10 30 4 10 59 1.0
10 31 6 10 60 1.0
10 33 0 10 33 1.0
10 34 4 10 29 1.0
10 36 0 10 59 1.0
10 37 0 10 0 1.0
10 38 4 10 60 1.0
10 39 11 10 48 1.0
10 40 0 10 40 1.0
10 41 0 10 21 1.0
10 42 2 10 53 1.0
10 43 0 10 43 1.0
10 44 3 10 43 1.0
10 45 0 10 0 1.0
10 47 2 10 59 1.0
10 49 0 10 49 1.0
10 50 4 10 33 1.0
10 52 0 10 52 1.0
10 53 0 10 53 1.0
10 54 2 10 59 1.0
10 55 8 10 48 1.0
10 56 2 10 59 1.0
10 57 4 10 32 1.0
10 58 2 10 29 1.0
10 61 2 10 53 1.0
10 63 0 10 63 1.0
10 64 0 10 64 1.0
10 65 6 10 32 1.0
10 66 6 10 32 1.0
10 67 3 10 53 1.0
10 68 6 10 32 1.0
10 69 2 10 59 1.0
10 70 9 10 60 1.0
10 71 0 10 71 1.0
10 72 8 10 32 1.0
10 73 3 10 60 1.0
10 75 0 10 75 1.0
10 76 0 10 76 1.0
10 77 3 10 59 1.0
11 0 0 11 0 1.0
11 1 3 11 0 1.0
11 2 0 11 2 1.0
11 3 5 11 36 1.0
11 4 0 11 38 1.0
11 5 5 11 43 1.0
11 6 1 11 27 1.0
11 7 2 11 37 1.0
11 8 0 11 8 1.0
11 9 0 11 9 1.0
11 10 1 11 0 1.0
11 12 5 11 69 1.0
11 13 6 11 24 1.0
11 14 4 11 37 1.0
11 15 0 11 15 1.0
11 17 6 11 24 1.0
11 18 9 11 73 1.0
11 19 1 11 9 1.0
11 20 4 11 37 1.0
11 21 4 11 69 1.0
11 22 0 11 27 1.0
11 25 0 11 25 1.0
11 26 5 11 24 1.0
11 27 0 11 27 1.0
11 29 0 11 29 1.0
11 31 9 11 24 1.0
11 32 1 11 43 1.0
11 33 6 11 69 1.0
11 34 6 11 69 1.0
11 35 3 11 37 1.0
11 36 0 11 36 1.0
11 38 0 11 38 1.0
11 39 4 11 29 1.0
11 40 0 11 40 1.0
11 42 3 11 37 1.0
11 43 0 11 43 1.0
11 44 1 11 43 1.0
11 45 9 11 24 1.0
11 46 3 11 29 1.0
11 47 0 11 27 1.0
11 48 5 11 69 1.0
11 49 6 11 57 1.0
11 50 0 11 50 1.0
11 51 0 11 51 1.0
11 52 4 11 37 1.0
11 53 4 11 36 1.0
11 54 3 11 37 1.0
11 55 0 11 55 1.0
11 56 6 11 73 1.0
11 57 0 11 57 1.0
11 58 1 11 37 1.0
11 59 4 11 69 1.0
11 60 4 11 37 1.0
11 61 4 11 37 1.0
11 62 2 11 69 1.0
11 63 0 11 63 1.0
11 64 6 11 24 1.0
11 65 0 11 65 1.0
11 66 0 11 66 1.0
11 67 4 11 57 1.0
11 68 2 11 29 1.0
11 70 4 11 37 1.0
11 71 5 11 57 1.0
11 73 0 11 73 1.0
11 74 3 11 24 1.0
11 75 0 11 75 1.0
11 76 0 11 76 1.0
11 77 7 11 73 1.0
11 78 5 11 37 1.0
11 79 0 11 79 1.0
12 0 0 12 0 1.0
12 1 6 12 5 1.0
12 2 4 12 69 1.0
12 4 4 12 6 1.0
12 6 0 12 6 1.0
12 7 0 12 58 1.0
12 8 4 12 35 1.0
12 9 4 12 5 1.0
12 10 0 12 0 1.0
12 11 0 12 38 1.0
12 13 3 12 77 1.0
12 14 6 12 34 1.0
12 15 1 12 69 1.0
12 16 4 12 5 1.0
12 18 0 12 58 1.0
12 20 0 12 20 1.0
12 21 6 12 69 1.0
12 22 3 12 47 1.0
12 25 0 12 25 1.0
12 26 0 12 58 1.0
12 27 1 12 59 1.0
12 28 0 12 38 1.0
12 29 4 12 5 1.0
12 31 0 12 31 1.0
12 32 6 12 68 1.0
12 35 0 12 35 1.0
12 36 4 12 5 1.0
12 37 0 12 37 1.0
12 39 1 12 35 1.0
12 40 6 12 34 1.0
12 41 0 12 41 1.0
12 42 5 12 34 1.0
12 43 4 12 5 1.0
12 44 4 12 73 1.0
12 45 5 12 30 1.0
12 46 7 12 34 1.0
12 47 0 12 47 1.0
12 48 0 12 48 1.0
12 49 2 12 30 1.0
12 50 6 12 34 1.0
12 51 0 12 51 1.0
12 52 5 12 5 1.0
12 53 0 12 67 1.0
12 54 0 12 54 1.0
12 55 1 12 20 1.0
12 56 0 12 38 1.0
12 57 5 12 30 1.0
12 58 0 12 58 1.0
12 59 0 12 59 1.0
12 60 4 12 5 1.0
12 61 0 12 38 1.0
12 62 0 12 38 1.0
12 63 6 12 34 1.0
12 64 3 12 5 1.0
12 65 0 12 38 1.0
12 66 0 12 66 1.0
12 67 0 12 67 1.0
12 68 0 12 68 1.0
12 69 0 12 69 1.0
12 72 0 12 38 1.0
12 73 0 12 73 1.0
12 75 0 12 75 1.0
12 76 0 12 76 1.0
12 77 0 12 77 1.0
12 78 0 12 38 1.0
12 79 0 12 0 1.0
13 0 0 13 0 1.0
13 1 0 13 1 1.0
13 2 0 13 1 1.0
13 3 11 13 4 1.0
13 4 0 13 4 1.0
13 5 2 13 1 1.0
13 6 0 13 6 1.0
13 7 2 13 16 1.0
13 8 9 13 4 1.0
13 9 0 13 9 1.0
13 10 1 13 0 1.0
13 11 6 13 24 1.0
13 12 4 13 30 1.0
13 14 4 13 77 1.0
13 15 0 13 15 1.0
13 16 0 13 16 1.0
13 17 4 13 24 1.0
13 18 0 13 18 1.0
13 19 0 13 9 1.0
13 20 5 13 48 1.0
13 21 8 13 28 1.0
13 22 8 13 74 1.0
13 23 2 13 0 1.0
13 25 3 13 77 1.0
13 26 10 13 24 1.0
13 27 3 13 30 1.0
13 28 0 13 28 1.0
13 29 4 13 77 1.0
13 31 5 13 74 1.0
13 32 3 13 68 1.0
13 33 0 13 33 1.0
13 34 2 13 16 1.0
13 35 0 13 47 1.0
13 36 5 13 24 1.0
13 37 1 13 0 1.0
13 38 3 13 30 1.0
13 39 5 13 24 1.0
13 40 6 13 77 1.0
13 41 0 13 41 1.0
13 42 4 13 74 1.0
13 44 1 13 77 1.0
13 45 0 13 45 1.0
13 46 4 13 16 1.0
13 47 0 13 47 1.0
13 48 0 13 48 1.0
13 49 0 13 49 1.0
13 50 0 13 50 1.0
13 51 4 13 77 1.0
13 52 3 13 77 1.0
13 53 0 13 61 1.0
13 54 6 13 24 1.0
13 55 4 13 16 1.0
13 56 3 13 30 1.0
13 57 5 13 30 1.0
13 58 5 13 16 1.0
13 59 9 13 24 1.0
13 60 0 13 60 1.0
13 61 0 13 61 1.0
13 62 0 13 62 1.0
13 63 0 13 63 1.0
13 64 8 13 24 1.0
13 65 0 13 9 1.0
13 66 0 13 66 1.0
13 67 3 13 30 1.0
13 68 0 13 68 1.0
13 69 1 13 9 1.0
13 70 6 13 16 1.0
13 71 2 13 77 1.0
13 72 6 13 30 1.0
13 73 4 13 30 1.0
13 74 0 13 74 1.0
13 75 4 13 62 1.0
13 76 7 13 24 1.0
13 78 6 13 28 1.0
13 79 6 13 33 1.0
14 0 0 14 0 1.0
14 1 1 14 0 1.0
14 2 3 14 29 1.0
14 3 4 14 60 1.0
14 4 6 14 60 1.0
14 5 5 14 29 1.0
14 6 2 14 10 1.0
14 7 0 14 7 1.0
14 8 5 14 77 1.0
14 9 0 14 9 1.0
14 10 0 14 10 1.0
14 11 6 14 43 1.0
14 12 0 14 38 1.0
14 13 5 14 30 1.0
14 15 1 14 10 1.0
14 16 4 14 70 1.0
14 17 4 14 30 1.0
14 18 2 14 21 1.0
14 19 1 14 9 1.0
14 20 3 14 37 1.0
14 21 0 14 21 1.0
14 22 4 14 74 1.0
14 23 0 14 9 1.0
14 24 5 14 30 1.0
14 25 3 14 77 1.0
14 26 2 14 53 1.0
14 27 5 14 30 1.0
14 28 4 14 37 1.0
14 29 0 14 29 1.0
14 30 0 14 30 1.0
14 31 0 14 38 1.0
14 32 1 14 10 1.0
14 33 7 14 71 1.0
14 34 0 14 34 1.0
14 35 8 14 71 1.0
14 36 3 14 53 1.0
14 37 0 14 37 1.0
14 38 0 14 38 1.0
14 39 0 14 39 1.0
14 40 0 14 40 1.0
14 41 5 14 34 1.0
14 42 7 14 74 1.0
14 43 0 14 43 1.0
14 44 1 14 7 1.0
14 45 0 14 45 1.0
14 46 7 14 74 1.0
14 47 4 14 43 1.0
14 48 0 14 48 1.0
14 49 4 14 29 1.0
14 50 0 14 50 1.0
14 51 4 14 77 1.0
14 52 6 14 77 1.0
14 53 0 14 53 1.0
14 54 2 14 0 1.0
14 55 2 14 29 1.0
14 56 3 14 30 1.0
14 57 7 14 74 1.0
14 58 6 14 71 1.0
14 59 0 14 59 1.0
14 60 0 14 60 1.0
14 61 0 14 61 1.0
14 62 4 14 30 1.0
14 63 7 14 29 1.0
14 64 6 14 29 1.0
14 65 0 14 65 1.0
14 66 4 14 29 1.0
14 67 4 14 30 1.0
14 68 0 14 68 1.0
14 69 3 14 59 1.0
14 70 0 14 70 1.0
14 71 0 14 71 1.0
14 72 2 14 29 1.0
14 73 0 14 38 1.0
14 74 0 14 74 1.0
14 75 2 14 10 1.0
14 76 3 14 29 1.0
14 77 0 14 77 1.0
14 78 3 14 53 1.0
14 79 0 14 0 1.0
15 0 5 15 1 1.0
15 1 0 15 1 1.0
15 2 6 15 69 1.0
15 3 0 15 3 1.0
15 4 3 15 33 1.0
15 5 6 15 3 1.0
15 6 5 15 1 1.0
15 7 7 15 28 1.0
15 8 10 15 28 1.0
15 9 0 15 9 1.0
15 11 0 15 11 1.0
15 12 1 15 69 1.0
15 13 0 15 13 1.0
15 14 4 15 71 1.0
15 16 5 15 1 1.0
15 17 0 15 17 1.0
15 18 1 15 10 1.0
15 19 0 15 19 1.0
15 20 0 15 17 1.0
15 21 2 15 10 1.0
15 22 1 15 17 1.0
15 23 0 15 9 1.0
15 24 0 15 24 1.0
15 25 6 15 64 1.0
15 26 5 15 41 1.0
15 27 4 15 64 1.0
15 28 0 15 28 1.0
15 29 2 15 10 1.0
15 30 3 15 13 1.0
15 31 1 15 17 1.0
15 32 0 15 32 1.0
15 33 0 15 33 1.0
15 34 0 15 17 1.0
15 35 0 15 35 1.0
15 36 9 15 3 1.0
15 37 3 15 69 1.0
15 38 7 15 28 1.0
15 39 7 15 64 1.0
15 40 3 15 10 1.0
15 41 0 15 41 1.0
15 42 5 15 68 1.0
15 43 0 15 43 1.0
15 44 0 15 43 1.0
15 45 3 15 43 1.0
15 46 0 15 46 1.0
15 47 8 15 3 1.0
15 48 2 15 10 1.0
15 49 0 15 49 1.0
15 50 3 15 1 1.0
15 51 6 15 19 1.0
15 52 5 15 69 1.0
15 53 1 15 10 1.0
15 54 2 15 62 1.0
15 55 2 15 79 1.0
15 56 6 15 64 1.0
15 57 3 15 17 1.0
15 58 7 15 71 1.0
15 59 0 15 10 1.0
15 60 2 15 10 1.0
15 61 4 15 64 1.0
15 62 0 15 62 1.0
15 63 0 15 10 1.0
15 64 0 15 64 1.0
15 65 1 15 78 1.0
15 66 8 15 69 1.0
15 67 5 15 64 1.0
15 68 0 15 68 1.0
15 69 0 15 69 1.0
15 70 3 15 64 1.0
15 71 0 15 71 1.0
15 72 0 15 72 1.0
15 73 1 15 11 1.0
15 74 1 15 17 1.0
15 75 3 15 10 1.0
15 76 0 15 76 1.0
15 77 0 15 13 1.0
15 78 0 15 78 1.0
15 79 0 15 79 1.0
16 1 0 16 1 1.0
16 2 2 16 1 1.0
16 4 6 16 5 1.0
16 5 0 16 5 1.0
16 6 5 16 1 1.0
16 8 5 16 70 1.0
16 9 0 16 9 1.0
16 10 4 16 48 1.0
16 12 1 16 58 1.0
16 13 0 16 13 1.0
16 14 4 16 70 1.0
16 15 4 16 46 1.0
16 19 0 16 19 1.0
16 20 1 16 58 1.0
16 21 2 16 18 1.0
16 22 0 16 22 1.0
16 23 0 16 9 1.0
16 24 0 16 24 1.0
16 25 0 16 25 1.0
16 26 1 16 58 1.0
16 27 0 16 27 1.0
16 30 0 16 38 1.0
16 32 0 16 32 1.0
16 33 3 16 18 1.0
16 34 0 16 34 1.0
16 35 0 16 35 1.0
16 36 2 16 70 1.0
16 37 4 16 70 1.0
16 39 6 16 46 1.0
16 40 5 16 34 1.0
16 42 7 16 68 1.0
16 44 0 16 44 1.0
16 45 3 16 18 1.0
16 47 0 16 58 1.0
16 48 0 16 48 1.0
16 49 0 16 49 1.0
16 50 0 16 50 1.0
16 51 1 16 7 1.0
16 52 6 16 5 1.0
16 54 7 16 70 1.0
16 55 0 16 55 1.0
16 56 2 16 58 1.0
16 59 3 16 24 1.0
16 60 7 16 5 1.0
16 61 0 16 61 1.0
16 62 1 16 7 1.0
16 63 2 16 70 1.0
16 64 1 16 7 1.0
16 65 2 16 7 1.0
16 66 0 16 38 1.0
16 67 2 16 18 1.0
16 68 0 16 68 1.0
16 72 1 16 38 1.0
16 75 8 16 18 1.0
16 76 0 16 58 1.0
16 77 2 16 13 1.0
16 78 0 16 38 1.0
16 79 0 16 79 1.0
17 1 0 17 22 1.0
17 2 1 17 46 1.0
17 3 4 17 57 1.0
17 5 2 17 43 1.0
17 6 5 17 57 1.0
17 9 3 17 19 1.0
17 10 6 17 48 1.0
17 11 3 17 43 1.0
17 12 7 17 34 1.0
17 13 2 17 74 1.0
17 14 6 17 74 1.0
17 15 0 17 15 1.0
17 19 0 17 19 1.0
17 20 0 17 20 1.0
17 21 0 17 21 1.0
17 25 0 17 25 1.0
17 26 0 17 26 1.0
17 27 1 17 22 1.0
17 28 8 17 68 1.0
17 29 0 17 29 1.0
17 32 9 17 68 1.0
17 33 2 17 43 1.0
17 35 0 17 35 1.0
17 38 0 17 38 1.0
17 39 7 17 74 1.0
17 40 5 17 34 1.0
17 41 7 17 34 1.0
17 42 9 17 68 1.0
17 44 3 17 43 1.0
17 45 7 17 74 1.0
17 46 0 17 46 1.0
17 47 2 17 22 1.0
17 48 0 17 48 1.0
17 49 8 17 74 1.0
17 50 2 17 34 1.0
17 51 0 17 22 1.0
17 52 2 17 22 1.0
17 53 0 17 78 1.0
17 54 0 17 54 1.0
17 55 0 17 55 1.0
17 56 0 17 56 1.0
17 58 8 17 68 1.0
17 59 2 17 22 1.0
17 60 4 17 30 1.0
17 61 0 17 38 1.0
17 62 7 17 57 1.0
17 63 5 17 57 1.0
17 64 0 17 64 1.0
17 65 6 17 57 1.0
17 66 8 17 74 1.0
17 67 0 17 67 1.0
17 69 5 17 57 1.0
17 75 3 17 22 1.0
17 76 5 17 74 1.0
17 77 4 17 19 1.0
17 78 0 17 78 1.0
17 79 4 17 74 1.0
18 0 0 18 0 1.0
18 1 0 18 1 1.0
18 2 2 18 1 1.0
18 3 1 18 33 1.0
18 4 7 18 33 1.0
18 5 1 18 1 1.0
18 6 5 18 1 1.0
18 7 2 18 16 1.0
18 8 5 18 33 1.0
18 9 0 18 58 1.0
18 10 0 18 10 1.0
18 11 9 18 73 1.0
18 13 0 18 13 1.0
18 14 8 18 48 1.0
18 15 4 18 33 1.0
18 16 0 18 16 1.0
18 19 7 18 16 1.0
18 20 8 18 48 1.0
18 22 0 18 22 1.0
18 23 2 18 0 1.0
18 24 0 18 24 1.0
18 25 0 18 25 1.0
18 26 0 18 26 1.0
18 27 7 18 73 1.0
18 29 6 18 48 1.0
18 30 8 18 73 1.0
18 31 0 18 58 1.0
18 32 6 18 48 1.0
18 34 0 18 58 1.0
18 36 7 18 73 1.0
18 37 4 18 70 1.0
18 38 5 18 73 1.0
18 39 0 18 39 1.0
18 40 4 18 48 1.0
18 41 0 18 58 1.0
18 42 3 18 68 1.0
18 43 1 18 0 1.0
18 44 9 18 73 1.0
18 45 0 18 45 1.0
18 46 3 18 16 1.0
18 47 0 18 58 1.0
18 49 10 18 48 1.0
18 50 0 18 50 1.0
18 51 0 18 51 1.0
18 52 3 18 22 1.0
18 53 7 18 73 1.0
18 54 0 18 54 1.0
18 55 0 18 55 1.0
18 56 6 18 73 1.0
18 57 3 18 70 1.0
18 59 7 18 24 1.0
18 60 3 18 21 1.0
18 61 4 18 16 1.0
18 62 1 18 13 1.0
18 63 8 18 73 1.0
18 64 9 18 48 1.0
18 65 4 18 48 1.0
18 66 2 18 21 1.0
18 67 0 18 67 1.0
18 68 0 18 68 1.0
18 69 0 18 69 1.0
18 70 0 18 70 1.0
18 71 5 18 33 1.0
18 72 3 18 33 1.0
18 75 0 18 75 1.0
18 76 0 18 58 1.0
18 77 1 18 13 1.0
18 78 3 18 33 1.0
18 79 0 18 79 1.0
19 0 5 19 63 1.0
19 1 0 19 1 1.0
19 2 1 19 46 1.0
19 3 2 19 15 1.0
19 4 5 19 56 1.0
19 5 3 19 63 1.0
19 6 0 19 9 1.0
19 7 0 19 58 1.0
19 8 9 19 28 1.0
19 9 0 19 9 1.0
19 10 0 19 10 1.0
19 12 1 19 58 1.0
19 14 6 19 43 1.0
19 15 0 19 15 1.0
19 16 0 19 16 1.0
19 18 6 19 70 1.0
19 20 0 19 38 0.859375
19 20 4 19 43 0.140625
19 21 0 19 21 1.0
19 22 7 19 16 1.0
19 23 0 19 9 1.0
19 24 5 19 39 1.0
19 25 5 19 16 1.0
19 26 0 19 9 1.0
19 29 6 19 39 1.0
19 30 6 19 62 1.0
19 31 0 19 38 1.0
19 32 5 19 43 1.0
19 37 6 19 28 1.0
19 38 0 19 38 1.0
19 39 0 19 39 1.0
19 40 7 19 39 1.0
19 41 0 19 41 1.0
19 42 0 19 42 1.0
19 43 0 19 43 1.0
19 44 2 19 53 1.0
19 45 2 19 43 1.0
19 49 6 19 16 1.0
19 51 0 19 51 1.0
19 52 4 19 53 1.0
19 54 0 19 54 1.0
19 55 1 19 17 1.0
19 56 0 19 56 1.0
19 58 0 19 58 1.0
19 59 5 19 53 1.0
19 61 1 19 9 1.0
19 62 0 19 62 1.0
19 63 0 19 63 1.0
19 64 4 19 53 1.0
19 65 3 19 43 1.0
19 66 1 19 9 1.0
19 67 0 19 67 1.0
19 68 7 19 28 1.0
19 69 4 19 15 1.0
19 70 0 19 70 1.0
19 71 2 19 78 1.0
19 72 3 19 63 1.0
19 74 1 19 17 1.0
19 75 10 19 28 1.0
19 76 0 19 58 1.0
19 77 0 19 77 1.0
19 78 0 19 78 1.0
19 79 5 19 36 1.0
20 0 0 20 0 1.0
20 1 6 20 5 1.0
20 2 0 20 2 1.0
20 3 1 20 45 1.0
20 4 10 20 60 1.0
20 5 0 20 5 1.0
20 6 6 20 74 1.0
20 7 3 20 37 1.0
20 8 0 20 8 1.0
20 9 1 20 23 1.0
20 10 1 20 23 1.0
20 12 0 20 12 1.0
20 13 5 20 48 1.0
20 14 10 20 48 1.0
20 15 0 20 17 1.0
20 16 9 20 48 1.0
20 17 0 20 17 1.0
20 18 8 20 48 1.0
20 19 4 20 43 1.0
20 21 0 20 21 1.0
20 22 0 20 22 1.0
20 23 0 20 23 1.0
20 24 3 20 74 1.0
20 25 3 20 12 1.0
20 26 0 20 26 1.0
20 27 0 20 27 1.0
20 29 8 20 34 1.0
20 30 3 20 12 1.0
20 31 9 20 34 1.0
20 32 7 20 48 1.0
20 33 1 20 43 1.0
20 34 0 20 34 1.0
20 36 1 20 72 1.0
20 37 0 20 37 1.0
20 38 0 20 38 1.0
20 39 7 20 48 1.0
20 40 5 20 60 1.0
20 41 8 20 34 1.0
20 42 0 20 42 1.0
20 43 0 20 43 1.0
20 44 0 20 44 1.0
20 45 0 20 45 1.0
20 46 7 20 74 1.0
20 49 7 20 48 1.0
20 50 1 20 45 1.0
20 51 0 20 27 1.0
20 52 5 20 55 1.0
20 53 0 20 0 1.0
20 54 1 20 58 1.0
20 55 0 20 55 1.0
20 56 1 20 58 1.0
20 58 0 20 58 1.0
20 59 5 20 74 1.0
20 60 0 20 60 1.0
20 61 0 20 38 1.0
20 62 5 20 60 1.0
20 63 0 20 38 1.0
20 64 7 20 48 1.0
20 65 11 20 48 1.0
20 66 7 20 74 1.0
20 67 6 20 74 1.0
20 68 0 20 68 1.0
20 69 9 20 48 1.0
20 70 4 20 37 1.0
20 71 5 20 34 1.0
20 72 0 20 72 1.0
20 73 2 20 27 1.0
20 74 0 20 74 1.0
20 75 1 20 58 1.0
20 76 0 20 76 1.0
20 77 1 20 12 1.0
20 78 1 20 27 1.0
20 79 7 20 74 1.0
21 1 2 21 6 1.0
21 2 4 21 69 1.0
21 4 0 21 4 1.0
21 6 0 21 6 1.0
21 7 7 21 28 1.0
21 8 6 21 4 1.0
21 9 2 21 23 1.0
21 10 0 21 10 1.0
21 11 1 21 0 1.0
21 12 6 21 69 1.0
21 13 4 21 6 1.0
21 14 0 21 14 1.0
21 15 1 21 17 1.0
21 16 2 21 18 1.0
21 20 0 21 20 1.0
21 22 3 21 17 1.0
21 23 0 21 23 1.0
21 24 0 21 17 1.0
21 25 0 21 17 1.0
21 26 0 21 26 1.0
21 27 0 21 27 1.0
21 28 0 21 28 1.0
21 30 4 21 14 1.0
21 31 0 21 31 1.0
21 32 0 21 32 1.0
21 33 1 21 18 1.0
21 34 0 21 17 1.0
21 35 0 21 35 1.0
21 36 0 21 36 1.0
21 37 0 21 0 1.0
21 39 4 21 19 1.0
21 40 2 21 0 1.0
21 41 0 21 41 1.0
21 44 0 21 44 1.0
21 45 1 21 0 1.0
21 46 4 21 19 1.0
21 47 0 21 27 1.0
21 48 5 21 18 1.0
21 49 0 21 49 1.0
21 50 2 21 18 1.0
21 51 4 21 19 1.0
21 52 6 21 69 1.0
21 53 2 21 0 1.0
21 54 0 21 17 1.0
21 55 2 21 17 1.0
21 56 2 21 17 1.0
21 57 0 21 57 1.0
21 59 2 21 10 1.0
21 60 0 21 60 1.0
21 61 3 21 69 1.0
21 62 4 21 69 1.0
21 63 0 21 63 1.0
21 64 3 21 17 1.0
21 65 2 21 57 1.0
21 66 0 21 66 1.0
21 67 0 21 67 1.0
21 68 0 21 17 1.0
21 70 6 21 57 1.0
21 71 7 21 57 1.0
21 75 4 21 18 1.0
21 76 2 21 23 1.0
21 77 1 21 23 1.0
21 78 2 21 17 1.0
21 79 2 21 18 1.0
22 0 0 22 0 1.0
22 1 0 22 1 1.0
22 2 6 22 74 1.0
22 3 0 22 47 1.0
22 4 0 22 4 1.0
22 5 4 22 16 1.0
22 6 3 22 1 1.0
22 7 3 22 16 1.0
22 8 10 22 4 1.0
22 9 3 22 75 1.0
22 10 1 22 0 1.0
22 12 3 22 47 1.0
22 13 6 22 16 1.0
22 14 4 22 74 1.0
22 15 1 22 17 1.0
22 18 0 22 18 1.0
22 19 7 22 16 1.0
22 20 0 22 20 1.0
22 21 5 22 18 1.0
22 23 3 22 0 0.53125
22 23 5 22 20 0.46875
22 24 0 22 17 1.0
22 25 5 22 16 1.0
22 26 0 22 26 1.0
22 27 0 22 27 1.0
22 29 1 22 17 1.0
22 30 4 22 59 1.0
22 31 6 22 74 1.0
22 32 4 22 16 1.0
22 38 5 22 16 1.0
22 39 5 22 74 1.0
22 40 0 22 49 1.0
22 41 0 22 41 1.0
22 42 0 22 42 1.0
22 43 0 22 43 1.0
22 44 3 22 43 1.0
22 48 0 22 48 1.0
22 49 0 22 49 1.0
22 50 5 22 16 1.0
22 51 0 22 51 1.0
22 52 0 22 52 1.0
22 54 0 22 54 1.0
22 55 2 22 17 1.0
22 56 2 22 17 1.0
22 59 0 22 59 1.0
22 60 4 22 4 1.0
22 61 3 22 16 1.0
22 62 0 22 62 1.0
22 63 1 22 59 1.0
22 64 6 22 74 1.0
22 65 0 22 47 1.0
22 66 4 22 74 1.0
22 67 0 22 67 1.0
22 68 0 22 17 1.0
22 69 0 22 18 1.0
22 70 0 22 70 1.0
22 71 0 22 71 1.0
22 72 6 22 74 1.0
22 75 0 22 75 1.0
22 76 7 22 74 1.0
22 77 3 22 52 1.0
22 78 2 22 17 1.0
22 79 0 22 79 1.0
23 0 0 23 0 1.0
23 1 1 23 0 1.0
23 2 5 23 55 1.0
23 3 0 23 45 1.0
23 4 0 23 4 1.0
23 5 4 23 69 1.0
23 6 8 23 4 1.0
23 7 2 23 55 1.0
23 8 0 23 78 1.0
23 9 0 23 9 1.0
23 10 0 23 10 1.0
23 13 0 23 9 1.0
23 14 1 23 10 1.0
23 15 4 23 10 1.0
23 18 1 23 10 1.0
23 19 3 23 21 1.0
23 20 0 23 20 1.0
23 22 7 23 42 1.0
23 24 3 23 31 1.0
23 25 0 23 78 1.0
23 26 2 23 21 1.0
23 29 0 23 29 1.0
23 30 0 23 30 1.0
23 31 0 23 31 1.0
23 34 0 23 34 1.0
23 35 1 23 21 1.0
23 39 2 23 53 1.0
23 40 3 23 10 1.0
23 41 3 23 42 1.0
23 42 0 23 42 1.0
23 43 8 23 32 1.0
23 44 0 23 44 1.0
23 46 9 23 4 1.0
23 49 0 23 49 1.0
23 50 4 23 4 1.0
23 51 0 23 27 1.0
23 52 0 23 52 1.0
23 54 5 23 4 1.0
23 55 0 23 55 1.0
23 56 0 23 56 1.0
23 59 0 23 59 1.0
23 60 2 23 10 1.0
23 61 0 23 9 1.0
23 62 7 23 34 1.0
23 63 0 23 10 1.0
23 64 2 23 10 1.0
23 65 8 23 32 1.0
23 66 0 23 9 1.0
23 67 0 23 9 1.0
23 68 4 23 4 1.0
23 69 0 23 69 1.0
23 70 0 23 79 1.0
23 71 2 23 27 1.0
23 72 5 23 42 1.0
23 75 4 23 10 1.0
23 76 0 23 76 1.0
23 77 0 23 77 1.0
23 78 0 23 78 1.0
23 79 0 23 79 1.0
24 0 0 24 54 1.0
24 1 2 24 59 1.0
24 2 0 24 2 1.0
24 3 0 24 3 1.0
24 4 1 24 13 1.0
24 5 7 24 51 1.0
24 6 6 24 51 1.0
24 7 0 24 7 1.0
24 8 4 24 64 1.0
24 9 6 24 31 1.0
24 10 4 24 64 1.0
24 12 2 24 59 1.0
24 13 0 24 13 1.0
24 14 4 24 45 1.0
24 15 0 24 15 1.0
24 18 0 24 18 1.0
24 19 3 24 15 1.0
24 20 3 24 74 1.0
24 22 7 24 74 1.0
24 23 4 24 76 1.0
24 25 0 24 61 1.0
24 26 0 24 26 1.0
24 29 7 24 76 1.0
24 30 0 24 30 1.0
24 31 0 24 31 1.0
24 35 5 24 16 1.0
24 39 0 24 39 1.0
24 40 4 24 39 1.0
24 41 4 24 50 1.0
24 42 4 24 74 1.0
24 43 6 24 39 1.0
24 44 1 24 7 1.0
24 47 0 24 47 1.0
24 48 4 24 16 1.0
24 49 6 24 64 1.0
24 50 0 24 50 1.0
24 51 0 24 51 1.0
24 52 4 24 51 1.0
24 54 0 24 54 1.0
24 55 1 24 17 1.0
24 56 0 24 17 1.0
24 61 0 24 61 1.0
24 62 7 24 36 1.0
24 63 1 24 11 1.0
24 65 4 24 45 1.0
24 66 5 24 74 1.0
24 67 5 24 64 1.0
24 68 1 24 17 1.0
24 69 5 24 15 0.359375
24 69 6 24 36 0.640625
24 70 0 24 70 1.0
24 71 1 24 3 1.0
24 72 2 24 15 1.0
24 73 7 24 36 1.0
24 75 1 24 11 1.0
24 76 0 24 76 1.0
24 77 3 24 28 1.0
24 78 4 24 28 1.0
24 79 9 24 74 1.0
25 0 0 25 0 1.0
25 1 6 25 35 1.0
25 2 0 25 2 1.0
25 3 2 25 57 1.0
25 4 0 25 4 1.0
25 5 1 25 12 1.0
25 6 0 25 78 1.0
25 7 1 25 37 1.0
25 8 0 25 8 1.0
25 9 0 25 61 1.0
25 10 0 25 0 1.0
25 11 0 25 11 1.0
25 12 0 25 12 1.0
25 13 3 25 77 1.0
25 14 2 25 37 1.0
25 15 0 25 78 1.0
25 16 0 25 16 1.0
25 17 0 25 17 1.0
25 18 0 25 18 1.0
25 19 1 25 17 1.0
25 20 4 25 37 1.0
25 21 4 25 69 1.0
25 22 0 25 17 1.0
25 23 1 25 0 1.0
25 24 3 25 18 1.0
25 26 3 25 48 1.0
25 27 0 25 78 1.0
25 28 2 25 8 1.0
25 29 9 25 48 1.0
25 30 0 25 17 1.0
25 31 2 25 2 1.0
25 32 6 25 68 1.0
25 33 0 25 33 1.0
25 34 1 25 12 1.0
25 35 0 25 35 1.0
25 36 6 25 69 1.0
25 37 0 25 37 1.0
25 38 4 25 12 1.0
25 39 0 25 39 1.0
25 40 0 25 78 1.0
25 41 3 25 12 1.0
25 42 0 25 42 1.0
25 43 0 25 17 1.0
25 44 1 25 54 1.0
25 45 1 25 0 1.0
25 46 0 25 46 1.0
25 47 6 25 68 1.0
25 48 0 25 48 1.0
25 49 2 25 64 1.0
25 50 8 25 4 1.0
25 51 2 25 12 1.0
25 52 0 25 52 1.0
25 53 3 25 46 1.0
25 54 0 25 54 1.0
25 55 4 25 52 1.0
25 56 0 25 78 1.0
25 57 0 25 57 1.0
25 58 7 25 68 1.0
25 59 2 25 12 1.0
25 60 2 25 4 1.0
25 61 0 25 61 1.0
25 62 0 25 54 1.0
25 63 4 25 77 1.0
25 64 0 25 64 1.0
25 65 0 25 78 1.0
25 66 5 25 69 1.0
25 67 5 25 64 1.0
25 68 0 25 68 1.0
25 69 0 25 69 1.0
25 70 5 25 37 1.0
25 71 2 25 35 1.0
25 72 5 25 42 1.0
25 73 1 25 8 1.0
25 74 0 25 17 1.0
25 75 0 25 75 1.0
25 76 0 25 12 1.0
25 77 0 25 77 1.0
25 78 0 25 78 1.0
25 79 2 25 18 1.0
26 0 6 26 45 1.0
26 1 3 26 6 1.0
26 2 3 26 72 1.0
26 3 0 26 3 1.0
26 4 3 26 6 1.0
26 5 6 26 3 1.0
26 6 0 26 6 1.0
26 7 0 26 58 1.0
26 8 5 26 73 1.0
26 9 0 26 9 1.0
26 10 9 26 48 1.0
26 11 5 26 24 1.0
26 12 7 26 73 1.0
26 13 5 26 6 1.0
26 14 2 26 53 1.0
26 15 5 26 41 1.0
26 16 9 26 48 1.0
26 17 0 26 17 1.0
26 18 0 26 18 1.0
26 19 0 26 9 1.0
26 20 0 26 20 1.0
26 21 0 26 21 1.0
26 22 0 26 22 1.0
26 23 0 26 9 1.0
26 24 0 26 24 1.0
26 25 2 26 33 1.0
26 27 2 26 20 1.0
26 28 6 26 3 1.0
26 29 9 26 48 1.0
26 30 9 26 73 1.0
26 31 1 26 58 1.0
26 32 3 26 3 1.0
26 33 0 26 33 1.0
26 34 0 26 58 1.0
26 35 8 26 71 1.0
26 36 7 26 3 1.0
26 37 3 26 6 1.0
26 38 6 26 73 1.0
26 39 2 26 53 1.0
26 40 3 26 53 1.0
26 41 0 26 41 1.0
26 42 2 26 53 1.0
26 43 6 26 44 1.0
26 44 0 26 44 1.0
26 45 0 26 45 1.0
26 46 1 26 53 1.0
26 47 0 26 58 1.0
26 48 0 26 48 1.0
26 49 0 26 49 1.0
26 50 0 26 50 1.0
26 51 2 26 6 1.0
26 52 2 26 53 1.0
26 53 0 26 53 1.0
26 54 5 26 24 1.0
26 55 0 26 55 1.0
26 56 1 26 58 1.0
26 57 2 26 17 1.0
26 58 0 26 58 1.0
26 59 2 26 53 1.0
26 60 4 26 3 1.0
26 61 2 26 53 1.0
26 62 5 26 76 1.0
26 63 0 26 63 1.0
26 64 4 26 6 1.0
26 65 0 26 65 1.0
26 66 0 26 66 1.0
26 67 5 26 53 1.0
26 68 0 26 58 1.0
26 69 0 26 9 1.0
26 70 6 26 73 1.0
26 71 0 26 71 1.0
26 72 0 26 72 1.0
26 73 0 26 73 1.0
26 74 1 26 17 1.0
26 75 1 26 58 1.0
26 76 0 26 76 1.0
26 77 0 26 63 1.0
26 78 1 26 53 1.0
26 79 8 26 76 1.0
27 1 2 27 6 1.0
27 2 0 27 46 1.0
27 7 0 27 7 1.0
27 8 6 27 28 1.0
27 9 0 27 23 1.0
27 10 0 27 23 1.0
27 11 0 27 11 1.0
27 12 10 27 73 1.0
27 13 5 27 28 1.0
27 14 3 27 43 1.0
27 15 7 27 28 1.0
27 16 0 27 16 1.0
27 17 3 27 21 1.0
27 19 5 27 28 1.0
27 20 0 27 20 1.0
27 24 1 27 47 1.0
27 25 1 27 46 1.0
27 26 1 27 21 1.0
27 30 0 27 30 1.0
27 31 0 27 31 1.0
27 32 0 27 32 1.0
27 33 1 27 43 1.0
27 34 0 27 23 1.0
27 38 7 27 28 1.0
27 39 2 27 43 1.0
27 40 6 27 28 1.0
27 44 0 27 44 1.0
27 45 0 27 45 1.0
27 46 0 27 46 1.0
27 48 0 27 48 1.0
27 49 1 27 23 1.0
27 50 0 27 47 1.0
27 51 0 27 51 1.0
27 52 0 27 23 1.0
27 53 2 27 23 1.0
27 54 6 27 73 1.0
27 55 1 27 23 1.0
27 56 10 27 73 1.0
27 59 0 27 59 1.0
27 60 1 27 21 1.0
27 61 0 27 16 1.0
27 62 3 27 6 1.0
27 63 5 27 73 1.0
27 64 0 27 64 1.0
27 65 5 27 43 1.0
27 66 3 27 21 1.0
27 67 10 27 73 1.0
27 69 3 27 21 1.0
27 75 0 27 75 1.0
27 76 0 27 76 1.0
27 77 6 27 28 1.0
27 78 0 27 78 1.0
27 79 1 27 22 1.0
28 1 1 28 8 1.0
28 2 7 28 68 1.0
28 3 0 28 3 1.0
28 4 8 28 3 1.0
28 5 6 28 3 1.0
28 6 4 28 21 1.0
28 9 3 28 19 1.0
28 10 1 28 21 1.0
28 11 0 28 38 1.0
28 12 0 28 38 1.0
28 13 0 28 13 1.0
28 14 0 28 38 1.0
28 15 0 28 15 1.0
28 16 1 28 7 1.0
28 17 3 28 21 1.0
28 18 2 28 21 1.0
28 22 4 28 74 1.0
28 23 1 28 27 1.0
28 24 0 28 24 1.0
28 25 2 28 8 1.0
28 26 0 28 21 1.0
28 27 0 28 27 1.0
28 31 0 28 31 1.0
28 32 0 28 32 1.0
28 33 0 28 33 1.0
28 35 0 28 7 1.0
28 36 4 28 41 1.0
28 37 0 28 37 1.0
28 39 2 28 8 1.0
28 40 0 28 40 1.0
28 42 9 28 68 1.0
28 44 0 28 44 1.0
28 46 5 28 19 1.0
28 48 3 28 3 1.0
28 49 2 28 21 1.0
28 50 5 28 41 1.0
28 51 0 28 7 1.0
28 52 6 28 31 1.0
28 53 2 28 19 1.0
28 54 0 28 54 1.0
28 55 0 28 7 1.0
28 56 0 28 38 1.0
28 57 3 28 21 1.0
28 59 5 28 24 1.0
28 60 0 28 60 1.0
28 61 0 28 38 1.0
28 62 0 28 38 1.0
28 63 4 28 21 1.0
28 64 3 28 8 1.0
28 65 0 28 38 1.0
28 66 0 28 66 1.0
28 67 1 28 21 1.0
28 70 0 28 38 1.0
28 71 1 28 27 1.0
28 72 5 28 3 1.0
28 73 0 28 73 1.0
28 74 0 28 74 1.0
28 75 0 28 75 1.0
28 76 0 28 7 1.0
28 77 0 28 77 1.0
28 78 0 28 78 1.0
28 79 2 28 33 1.0
29 0 0 29 0 1.0
29 1 8 29 66 1.0
29 2 0 29 2 1.0
29 3 6 29 65 1.0
29 4 7 29 68 1.0
29 5 0 29 5 1.0
29 6 2 29 10 0.75
29 6 6 29 76 0.25
29 7 6 29 39 1.0
29 8 4 29 64 1.0
29 9 8 29 65 1.0
29 10 0 29 10 1.0
29 13 2 29 47 1.0
29 14 0 29 14 1.0
29 15 3 29 46 1.0
29 17 0 29 17 1.0
29 18 0 29 58 1.0
29 19 1 29 17 1.0
29 20 11 29 48 1.0
29 22 3 29 47 1.0
29 23 0 29 23 1.0
29 24 5 29 39 1.0
29 25 9 29 48 1.0
29 26 0 29 58 1.0
29 28 4 29 68 1.0
29 30 1 29 17 0.09375
29 30 3 29 14 0.90625
29 31 0 29 31 1.0
29 34 0 29 34 1.0
29 38 2 29 11 1.0
29 39 0 29 39 1.0
29 40 0 29 40 1.0
29 41 5 29 76 1.0
29 42 2 29 46 1.0
29 43 4 29 47 1.0
29 44 3 29 55 1.0
29 45 2 29 47 1.0
29 48 0 29 48 1.0
29 49 0 29 49 1.0
29 50 1 29 47 1.0
29 51 1 29 46 1.0
29 52 5 29 55 1.0
29 54 3 29 47 1.0
29 55 0 29 55 1.0
29 56 0 29 58 1.0
29 59 3 29 47 1.0
29 60 1 29 10 1.0
29 61 4 29 64 1.0
29 62 2 29 34 1.0
29 63 0 29 63 1.0
29 64 0 29 64 1.0
29 65 0 29 65 1.0
29 66 0 29 66 1.0
29 67 3 29 64 1.0
29 68 0 29 68 1.0
29 69 2 29 2 1.0
29 70 2 29 63 1.0
29 71 7 29 65 1.0
29 72 0 29 72 1.0
29 73 0 29 58 1.0
29 75 0 29 58 1.0
29 76 0 29 76 1.0
29 77 0 29 77 1.0
29 78 4 29 46 1.0
29 79 2 29 11 1.0
30 0 7 30 70 1.0
30 1 0 30 1 1.0
30 2 0 30 40 0.5625
30 2 2 30 45 0.4375
30 3 3 30 62 1.0
30 4 7 30 57 1.0
30 5 2 30 12 1.0
30 6 1 30 67 1.0
30 7 0 30 27 1.0
30 8 3 30 73 1.0
30 9 0 30 9 1.0
30 10 3 30 23 1.0
30 13 0 30 13 1.0
30 14 0 30 14 1.0
30 15 5 30 33 1.0
30 17 0 30 17 1.0
30 18 8 30 73 1.0
30 19 7 30 56 1.0
30 20 5 30 45 1.0
30 22 1 30 27 1.0
30 23 0 30 23 1.0
30 24 0 30 24 1.0
30 25 0 30 17 1.0
30 26 3 30 45 1.0
30 27 0 30 27 1.0
30 28 0 30 38 1.0
30 29 0 30 49 0.265625
30 29 3 30 14 0.734375
30 31 0 30 31 1.0
30 34 5 30 62 1.0
30 39 3 30 45 1.0
30 40 0 30 40 1.0
30 41 0 30 67 1.0
30 42 4 30 56 1.0
30 43 4 30 33 1.0
30 44 5 30 73 1.0
30 48 0 30 48 1.0
30 49 0 30 49 1.0
30 50 4 30 45 1.0
30 51 1 30 12 1.0
30 52 4 30 1 1.0
30 54 0 30 38 1.0
30 55 8 30 57 1.0
30 56 0 30 56 1.0
30 59 0 30 59 1.0
30 61 0 30 38 1.0
30 62 0 30 62 1.0
30 63 7 30 57 1.0
30 64 0 30 67 1.0
30 65 7 30 57 1.0
30 66 0 30 38 1.0
30 67 0 30 67 1.0
30 68 0 30 17 1.0
30 69 4 30 59 1.0
30 70 0 30 70 1.0
30 71 6 30 56 1.0
30 72 0 30 72 1.0
30 73 0 30 73 1.0
30 75 0 30 38 1.0
30 76 0 30 76 1.0
30 77 2 30 13 1.0
30 79 3 30 45 1.0
31 0 3 31 12 1.0
31 1 7 31 66 1.0
31 2 0 31 2 1.0
31 3 2 31 34 1.0
31 4 0 31 4 1.0
31 5 6 31 66 1.0
31 6 5 31 12 1.0
31 7 1 31 27 1.0
31 8 3 31 28 1.0
31 9 0 31 9 1.0
31 10 1 31 23 1.0
31 11 5 31 29 1.0
31 12 0 31 12 1.0
31 13 3 31 66 1.0
31 14 2 31 40 1.0
31 15 6 31 28 1.0
31 16 0 31 38 1.0
31 17 0 31 17 1.0
31 18 2 31 21 1.0
31 19 3 31 17 1.0
31 20 3 31 17 1.0
31 21 0 31 21 1.0
31 22 1 31 17 1.0
31 23 0 31 23 1.0
31 24 0 31 24 1.0
31 25 0 31 17 1.0
31 26 3 31 21 1.0
31 27 0 31 27 1.0
31 28 0 31 28 1.0
31 29 0 31 29 1.0
31 30 0 31 30 1.0
31 32 0 31 32 1.0
31 33 4 31 4 1.0
31 34 0 31 34 1.0
31 35 8 31 34 1.0
31 36 6 31 41 1.0
31 37 0 31 58 1.0
31 38 0 31 38 1.0
31 39 4 31 74 1.0
31 40 0 31 40 1.0
31 41 0 31 41 1.0
31 42 6 31 74 1.0
31 43 4 31 32 1.0
31 44 2 31 21 1.0
31 45 3 31 23 1.0
31 46 7 31 74 1.0
31 47 0 31 47 1.0
31 48 4 31 29 1.0
31 49 4 31 21 1.0
31 50 3 31 34 1.0
31 51 0 31 27 1.0
31 52 0 31 52 1.0
31 54 4 31 12 1.0
31 55 0 31 55 1.0
31 56 0 31 56 1.0
31 57 2 31 17 1.0
31 58 0 31 58 1.0
31 59 8 31 24 1.0
31 60 0 31 60 1.0
31 61 4 31 60 1.0
31 62 1 31 52 1.0
31 63 2 31 21 1.0
31 64 6 31 24 1.0
31 65 4 31 34 1.0
31 66 0 31 66 1.0
31 67 2 31 12 1.0
31 68 0 31 58 1.0
31 69 2 31 12 1.0
31 70 0 31 38 1.0
31 71 1 31 58 1.0
31 72 8 31 32 1.0
31 73 2 31 58 1.0
31 74 0 31 74 1.0
31 75 3 31 27 1.0
31 76 1 31 27 1.0
31 77 1 31 12 1.0
31 78 1 31 27 1.0
31 79 0 31 79 1.0
32 0 1 32 23 1.0
32 1 2 32 35 1.0
32 2 3 32 72 1.0
32 4 6 32 3 1.0
32 7 0 32 7 1.0
32 8 6 32 28 1.0
32 9 1 32 23 1.0
32 10 0 32 10 1.0
32 11 1 32 43 1.0
32 12 1 32 59 1.0
32 13 2 32 66 1.0
32 14 1 32 10 1.0
32 15 0 32 15 1.0
32 16 0 32 16 1.0
32 17 3 32 21 1.0
32 18 2 32 21 1.0
32 20 7 32 48 1.0
32 21 0 32 21 1.0
32 22 6 32 48 1.0
32 23 0 32 23 1.0
32 24 6 32 3 1.0
32 25 0 32 78 1.0
32 26 3 32 3 1.0
32 27 0 32 27 1.0
32 28 0 32 28 1.0
32 29 2 32 46 1.0
32 31 0 32 31 1.0
32 33 6 32 3 1.0
32 34 7 32 3 1.0
32 35 0 32 35 1.0
32 36 0 32 36 1.0
32 37 6 32 28 1.0
32 38 8 32 28 1.0
32 39 5 32 64 1.0
32 40 1 32 10 1.0
32 41 9 32 28 1.0
32 42 4 32 68 1.0
32 44 0 32 7 1.0
32 45 3 32 43 1.0
32 46 0 32 46 1.0
32 47 8 32 3 1.0
32 48 0 32 48 1.0
32 49 0 32 10 1.0
32 50 5 32 3 1.0
32 51 4 32 43 1.0
32 52 1 32 10 1.0
32 53 6 32 43 1.0
32 54 4 32 28 1.0
32 55 2 32 23 1.0
32 56 2 32 23 1.0
32 57 0 32 57 1.0
32 58 0 32 7 1.0
32 59 0 32 59 1.0
32 60 0 32 60 1.0
32 61 2 32 64 1.0
32 62 6 32 57 1.0
32 63 0 32 10 1.0
32 64 0 32 64 1.0
32 65 0 32 65 1.0
32 66 0 32 66 1.0
32 67 0 32 67 1.0
32 68 0 32 68 1.0
32 70 5 32 57 1.0
32 71 2 32 27 1.0
32 72 0 32 72 1.0
32 73 2 32 27 1.0
32 74 2 32 59 1.0
32 75 0 32 75 1.0
32 76 2 32 10 1.0
32 77 1 32 23 1.0
32 78 0 32 78 1.0
32 79 2 32 72 1.0
33 1 9 33 5 1.0
33 6 0 33 6 1.0
33 7 5 33 28 1.0
33 8 0 33 8 1.0
33 9 4 33 5 1.0
33 11 3 33 43 1.0
33 12 4 33 5 1.0
33 13 0 33 13 1.0
33 14 0 33 10 1.0
33 15 0 33 15 1.0
33 16 5 33 5 1.0
33 17 5 33 74 1.0
33 18 0 33 18 1.0
33 20 3 33 5 1.0
33 21 7 33 4 1.0
33 22 5 33 74 1.0
33 23 7 33 4 1.0
33 25 0 33 25 1.0
33 26 0 33 26 1.0
33 27 3 33 30 1.0
33 28 0 33 28 1.0
33 29 3 33 5 1.0
33 30 0 33 30 1.0
33 31 0 33 79 1.0
33 32 1 33 10 1.0
33 34 3 33 3 1.0
33 35 5 33 71 1.0
33 36 6 33 3 1.0
33 37 4 33 5 1.0
33 38 6 33 28 1.0
33 39 5 33 72 1.0
33 40 1 33 10 1.0
33 41 9 33 28 1.0
33 42 4 33 74 1.0
33 43 0 33 43 1.0
33 44 0 33 44 1.0
33 45 11 33 4 1.0
33 46 6 33 4 1.0
33 47 4 33 3 1.0
33 48 0 33 10 1.0
33 49 0 33 10 1.0
33 50 0 33 50 1.0
33 51 7 33 3 1.0
33 52 7 33 5 1.0
33 54 5 33 4 1.0
33 55 0 33 79 1.0
33 56 5 33 4 1.0
33 57 8 33 3 1.0
33 58 5 33 71 1.0
33 59 0 33 10 1.0
33 60 9 33 4 1.0
33 61 5 33 5 1.0
33 62 0 33 13 1.0
33 63 0 33 10 1.0
33 64 0 33 10 1.0
33 65 0 33 65 1.0
33 66 4 33 69 1.0
33 67 2 33 6 1.0
33 68 6 33 28 1.0
33 69 0 33 69 1.0
33 70 0 33 70 1.0
33 71 0 33 71 1.0
33 72 0 33 72 1.0
33 73 9 33 4 1.0
33 74 0 33 74 1.0
33 75 0 33 75 1.0
33 76 8 33 3 1.0
33 77 0 33 77 1.0
33 78 0 33 78 1.0
33 79 0 33 79 1.0
34 1 2 34 35 1.0
34 2 0 34 2 1.0
34 3 0 34 3 1.0
34 6 2 34 12 1.0
34 8 4 34 41 1.0
34 9 3 34 23 1.0
34 10 2 34 23 1.0
34 11 2 34 29 1.0
34 12 0 34 12 1.0
34 13 5 34 41 1.0
34 14 0 34 14 1.0
34 15 5 34 41 1.0
34 16 0 34 16 1.0
34 17 0 34 17 1.0
34 18 1 34 16 1.0
34 20 0 34 20 1.0
34 21 7 34 69 1.0
34 22 0 34 17 1.0
34 23 0 34 23 1.0
34 25 7 34 69 1.0
34 26 6 34 41 1.0
34 27 5 34 31 1.0
34 28 3 34 31 1.0
34 32 7 34 3 1.0
34 33 4 34 71 1.0
34 35 0 34 35 1.0
34 36 0 34 36 1.0
34 37 8 34 69 1.0
34 38 2 34 12 1.0
34 39 5 34 35 1.0
34 40 0 34 40 1.0
34 42 0 34 42 1.0
34 44 8 34 71 1.0
34 45 1 34 23 1.0
34 46 0 34 46 1.0
34 47 3 34 29 1.0
34 48 8 34 69 1.0
34 49 3 34 29 1.0
34 50 0 34 50 1.0
34 51 0 34 51 1.0
34 52 4 34 69 1.0
34 54 5 34 42 1.0
34 55 3 34 29 1.0
34 56 6 34 31 1.0
34 57 3 34 69 1.0
34 58 0 34 58 1.0
34 59 6 34 69 1.0
34 60 5 34 31 1.0
34 61 4 34 69 1.0
34 62 0 34 62 1.0
34 63 0 34 63 1.0
34 64 2 34 29 1.0
34 65 0 34 65 1.0
34 66 0 34 66 1.0
34 67 4 34 41 1.0
34 70 2 34 16 1.0
34 72 6 34 3 1.0
34 73 0 34 58 1.0
34 74 6 34 42 1.0
34 75 0 34 75 1.0
34 76 4 34 29 1.0
34 77 10 34 71 1.0
34 78 6 34 71 1.0
34 79 6 34 71 1.0
35 0 6 35 1 1.0
35 1 0 35 1 1.0
35 4 2 35 47 1.0
35 7 0 35 7 1.0
35 8 0 35 8 1.0
35 9 0 35 58 1.0
35 11 3 35 37 1.0
35 12 0 35 12 1.0
35 13 1 35 1 1.0
35 14 1 35 40 1.0
35 15 0 35 15 1.0
35 16 0 35 16 1.0
35 17 0 35 17 1.0
35 18 5 35 16 1.0
35 20 0 35 58 1.0
35 21 0 35 21 1.0
35 22 1 35 47 1.0
35 25 0 35 25 1.0
35 26 8 35 71 1.0
35 27 0 35 7 1.0
35 28 3 35 8 1.0
35 29 8 35 34 1.0
35 30 0 35 17 1.0
35 31 8 35 34 1.0
35 32 0 35 32 1.0
35 33 5 35 71 1.0
35 34 0 35 34 1.0
35 36 0 35 36 1.0
35 37 0 35 37 1.0
35 38 3 35 16 1.0
35 39 0 35 39 1.0
35 40 0 35 40 1.0
35 41 0 35 41 1.0
35 42 6 35 34 1.0
35 43 3 35 46 1.0
35 44 0 35 7 1.0
35 45 0 35 45 1.0
35 46 0 35 46 1.0
35 47 0 35 47 1.0
35 48 3 35 12 1.0
35 49 9 35 71 1.0
35 50 0 35 50 1.0
35 51 0 35 51 1.0
35 52 3 35 1 1.0
35 54 6 35 37 1.0
35 55 0 35 55 1.0
35 56 3 35 1 1.0
35 57 2 35 17 1.0
35 58 0 35 58 1.0
35 59 0 35 47 1.0
35 60 3 35 37 1.0
35 61 2 35 37 1.0
35 62 1 35 1 1.0
35 63 5 35 34 1.0
35 64 7 35 15 1.0
35 65 1 35 78 1.0
35 66 0 35 66 1.0
35 67 8 35 71 1.0
35 68 0 35 58 1.0
35 69 6 35 34 1.0
35 70 3 35 16 1.0
35 71 0 35 71 1.0
35 72 0 35 1 1.0
35 73 0 35 58 1.0
35 74 0 35 17 1.0
35 75 3 35 37 1.0
35 76 5 35 55 1.0
35 77 6 35 1 1.0
35 78 0 35 78 1.0
35 79 1 35 1 1.0
36 0 7 36 53 1.0
36 1 9 36 5 1.0
36 7 3 36 5 1.0
36 8 4 36 70 1.0
36 9 5 36 5 1.0
36 10 3 36 53 1.0
36 11 0 36 11 1.0
36 12 6 36 69 1.0
36 13 5 36 24 1.0
36 14 3 36 53 1.0
36 15 9 36 3 1.0
36 16 5 36 5 1.0
36 17 4 36 19 1.0
36 18 7 36 73 1.0
36 20 2 36 5 1.0
36 21 0 36 21 1.0
36 22 2 36 47 1.0
36 23 8 36 69 1.0
36 24 0 36 24 1.0
36 25 6 36 69 1.0
36 26 7 36 3 1.0
36 27 6 36 73 1.0
36 28 6 36 3 1.0
36 29 4 36 5 1.0
36 31 5 36 34 1.0
36 32 0 36 32 1.0
36 33 6 36 3 1.0
36 34 0 36 34 1.0
36 35 0 36 35 1.0
36 37 7 36 69 1.0
36 38 8 36 19 1.0
36 39 0 36 39 1.0
36 40 2 36 53 1.0
36 41 0 36 41 1.0
36 42 2 36 53 1.0
36 43 3 36 19 1.0
36 44 0 36 44 1.0
36 45 6 36 3 1.0
36 46 4 36 19 1.0
36 47 0 36 47 1.0
36 48 0 36 5 1.0
36 49 2 36 21 1.0
36 50 10 36 3 1.0
36 51 13 36 3 1.0
36 52 0 36 52 1.0
36 54 0 36 54 1.0
36 55 3 36 52 1.0
36 56 0 36 56 1.0
36 57 6 36 69 1.0
36 58 8 36 73 1.0
36 59 0 36 59 1.0
36 60 7 36 3 1.0
36 61 0 36 61 1.0
36 62 0 36 62 1.0
36 63 0 36 63 1.0
36 64 4 36 5 1.0
36 65 6 36 3 1.0
36 66 8 36 69 1.0
36 67 2 36 53 1.0
36 68 1 36 47 1.0
36 70 0 36 70 1.0
36 71 1 36 53 1.0
36 72 0 36 72 1.0
36 73 0 36 73 1.0
36 74 5 36 24 1.0
36 75 8 36 41 1.0
36 76 3 36 53 1.0
36 77 2 36 52 1.0
36 78 1 36 53 1.0
36 79 0 36 79 1.0
37 0 0 37 0 1.0
37 1 1 37 6 1.0
37 2 0 37 2 1.0
37 3 6 37 60 1.0
37 8 7 37 70 1.0
37 10 0 37 0 1.0
37 11 0 37 11 1.0
37 12 0 37 12 1.0
37 13 3 37 6 1.0
37 14 0 37 14 1.0
37 15 3 37 69 1.0
37 17 3 37 20 1.0
37 18 4 37 70 1.0
37 20 0 37 20 1.0
37 21 5 37 69 1.0
37 23 1 37 0 1.0
37 24 4 37 70 1.0
37 25 0 37 25 1.0
37 26 3 37 6 1.0
37 28 0 37 28 1.0
37 29 2 37 14 1.0
37 31 0 37 58 1.0
37 32 0 37 7 1.0
37 34 8 37 69 1.0
37 35 0 37 35 1.0
37 38 7 37 70 1.0
37 39 4 37 45 1.0
37 40 8 37 5 1.0
37 41 0 37 41 1.0
37 42 0 37 42 1.0
37 43 6 37 5 1.0
37 45 0 37 45 1.0
37 46 3 37 0 1.0
37 48 4 37 5 1.0
37 49 1 37 58 1.0
37 50 0 37 50 1.0
37 51 7 37 5 1.0
37 52 0 37 52 1.0
37 53 0 37 61 1.0
37 54 0 37 54 1.0
37 55 0 37 7 1.0
37 56 0 37 58 1.0
37 57 0 37 57 1.0
37 58 0 37 58 1.0
37 59 4 37 69 1.0
37 60 0 37 60 1.0
37 61 0 37 61 1.0
37 62 0 37 7 1.0
37 63 2 37 70 1.0
37 64 6 37 5 1.0
37 65 0 37 7 1.0
37 66 6 37 69 1.0
37 67 2 37 6 1.0
37 68 0 37 58 1.0
37 71 4 37 57 1.0
37 72 6 37 57 1.0
37 73 6 37 5 1.0
37 75 0 37 75 1.0
37 76 5 37 6 1.0
37 77 7 37 28 1.0
37 78 0 37 78 1.0
37 79 2 37 70 1.0
38 1 5 38 16 1.0
38 2 3 38 72 1.0
38 5 8 38 4 1.0
38 6 6 38 4 1.0
38 7 3 38 16 1.0
38 8 8 38 4 1.0
38 9 4 38 19 1.0
38 10 5 38 4 1.0
38 11 0 38 11 1.0
38 13 3 38 30 1.0
38 14 0 38 14 1.0
38 15 5 38 19 1.0
38 17 0 38 17 1.0
38 20 0 38 20 1.0
38 21 6 38 69 1.0
38 23 6 38 4 1.0
38 24 4 38 70 1.0
38 25 4 38 12 1.0
38 26 6 38 73 1.0
38 27 8 38 73 1.0
38 28 0 38 28 1.0
38 29 1 38 14 1.0
38 31 0 38 31 1.0
38 32 1 38 72 1.0
38 33 1 38 70 1.0
38 35 2 38 12 1.0
38 36 4 38 70 1.0
38 37 7 38 70 1.0
38 39 2 38 72 1.0
38 40 4 38 30 1.0
38 44 9 38 73 1.0
38 45 4 38 30 1.0
38 46 3 38 19 1.0
38 47 2 38 12 1.0
38 49 3 38 30 1.0
38 50 4 38 16 1.0
38 51 1 38 12 1.0
38 52 4 38 69 1.0
38 53 3 38 19 1.0
38 54 0 38 54 1.0
38 55 4 38 16 1.0
38 56 0 38 56 1.0
38 57 0 38 57 1.0
38 58 8 38 73 1.0
38 59 6 38 30 1.0
38 60 0 38 60 1.0
38 61 0 38 61 1.0
38 62 0 38 62 1.0
38 63 0 38 63 1.0
38 64 2 38 70 1.0
38 65 0 38 65 1.0
38 66 0 38 66 1.0
38 67 6 38 30 1.0
38 68 0 38 17 1.0
38 71 3 38 57 1.0
38 74 0 38 17 1.0
38 75 0 38 75 1.0
38 76 3 38 72 1.0
38 77 6 38 73 1.0
38 78 0 38 78 1.0
38 79 1 38 70 1.0
39 0 7 39 53 1.0
39 1 6 39 35 1.0
39 2 0 39 2 1.0
39 3 4 39 36 1.0
39 4 2 39 46 1.0
39 5 4 39 43 1.0
39 6 3 39 64 1.0
39 7 0 39 7 1.0
39 8 0 39 8 1.0
39 9 3 39 19 1.0
39 10 11 39 48 1.0
39 11 5 39 43 1.0
39 12 3 39 48 1.0
39 13 4 39 74 1.0
39 14 0 39 14 1.0
39 15 7 39 64 1.0
39 16 10 39 24 1.0
39 17 7 39 74 1.0
39 18 0 39 18 1.0
39 19 0 39 19 1.0
39 20 7 39 48 1.0
39 21 5 39 44 1.0
39 22 5 39 74 1.0
39 23 2 39 53 1.0
39 24 0 39 24 1.0
39 25 0 39 25 1.0
39 26 2 39 53 1.0
39 27 0 39 7 1.0
39 28 8 39 73 1.0
39 29 0 39 29 1.0
39 30 2 39 14 1.0
39 31 4 39 74 1.0
39 32 0 39 7 1.0
39 33 1 39 8 1.0
39 34 3 39 29 1.0
39 35 0 39 35 1.0
39 36 0 39 36 1.0
39 37 1 39 7 1.0
39 38 3 39 19 1.0
39 40 0 39 40 1.0
39 41 2 39 2 1.0
39 42 10 39 74 1.0
39 43 0 39 43 1.0
39 44 0 39 44 1.0
39 45 0 39 45 1.0
39 46 0 39 46 1.0
39 47 3 39 29 1.0
39 48 0 39 48 1.0
39 49 0 39 49 1.0
39 50 7 39 24 1.0
39 51 2 39 79 1.0
39 52 3 39 53 1.0
39 53 0 39 53 1.0
39 54 1 39 25 1.0
39 55 6 39 2 1.0
39 56 1 39 2 1.0
39 57 4 39 74 1.0
39 58 7 39 73 1.0
39 59 1 39 53 1.0
39 60 5 39 73 1.0
39 61 0 39 61 1.0
39 62 5 39 36 1.0
39 63 4 39 2 1.0
39 64 0 39 64 1.0
39 65 2 39 14 1.0
39 66 5 39 74 1.0
39 67 1 39 53 1.0
39 68 8 39 64 1.0
39 69 4 39 2 1.0
39 70 7 39 64 1.0
39 71 3 39 53 1.0
39 72 0 39 72 1.0
39 73 0 39 73 1.0
39 74 0 39 74 1.0
39 75 0 39 75 1.0
39 76 2 39 53 1.0
39 77 4 39 14 1.0
39 78 4 39 53 1.0
39 79 0 39 79 1.0
40 0 0 40 0 1.0
40 1 0 40 1 1.0
40 2 0 40 2 1.0
40 3 1 40 52 1.0
40 4 3 40 42 1.0
40 5 0 40 5 1.0
40 6 0 40 6 1.0
40 7 7 40 60 1.0
40 8 8 40 64 1.0
40 9 0 40 9 1.0
40 10 0 40 10 1.0
40 11 0 40 11 1.0
40 12 1 40 6 1.0
40 13 6 40 77 1.0
40 14 0 40 14 1.0
40 15 5 40 1 1.0
40 16 2 40 1 1.0
40 17 1 40 29 1.0
40 18 4 40 48 1.0
40 19 4 40 63 1.0
40 20 5 40 60 1.0
40 21 5 40 6 1.0
40 22 4 40 42 1.0
40 23 1 40 78 1.0
40 24 5 40 31 1.0
40 25 0 40 78 1.0
40 26 3 40 53 1.0
40 27 3 40 30 1.0
40 28 0 40 28 1.0
40 29 0 40 29 1.0
40 30 0 40 30 1.0
40 31 0 40 31 1.0
40 32 1 40 10 1.0
40 33 2 40 6 1.0
40 34 0 40 34 1.0
40 35 0 40 35 1.0
40 36 2 40 53 1.0
40 37 9 40 42 1.0
40 38 4 40 30 1.0
40 39 0 40 39 1.0
40 41 1 40 2 0.96875
40 41 5 40 34 0.03125
40 42 0 40 42 1.0
40 43 0 40 10 1.0
40 44 5 40 28 1.0
40 45 6 40 30 1.0
40 46 1 40 0 1.0
40 47 3 40 53 1.0
40 48 0 40 48 1.0
40 49 0 40 49 1.0
40 50 2 40 1 1.0
40 51 0 40 11 1.0
40 52 0 40 52 1.0
40 53 0 40 53 1.0
40 54 0 40 0 1.0
40 55 5 40 52 1.0
40 56 3 40 1 1.0
40 57 3 40 11 1.0
40 58 2 40 29 1.0
40 59 5 40 53 1.0
40 60 0 40 60 1.0
40 61 3 40 53 1.0
40 62 4 40 52 1.0
40 63 0 40 63 1.0
40 64 0 40 64 1.0
40 65 2 40 14 1.0
40 66 4 40 29 1.0
40 67 2 40 53 1.0
40 68 4 40 42 1.0
40 69 6 40 34 1.0
40 70 5 40 64 1.0
40 71 7 40 35 1.0
40 72 5 40 52 1.0
40 73 3 40 53 1.0
40 74 7 40 42 1.0
40 75 2 40 10 1.0
40 76 2 40 53 1.0
40 77 0 40 77 1.0
40 78 0 40 78 1.0
40 79 2 40 1 1.0
41 0 0 41 8 1.0
41 1 1 41 13 1.0
41 2 0 41 2 1.0
41 3 0 41 3 1.0
41 4 0 41 8 1.0
41 5 3 41 37 1.0
41 6 7 41 50 1.0
41 7 4 41 35 1.0
41 8 0 41 8 1.0
41 9 2 41 67 1.0
41 10 2 41 15 1.0
41 11 7 41 36 1.0
41 13 0 41 13 1.0
41 14 5 41 34 1.0
41 15 0 41 15 1.0
41 17 3 41 21 1.0
41 18 0 41 58 1.0
41 19 0 41 19 1.0
41 20 0 41 58 1.0
41 21 0 41 21 1.0
41 22 0 41 22 1.0
41 23 2 41 77 1.0
41 24 4 41 50 1.0
41 25 7 41 35 1.0
41 26 0 41 26 1.0
41 28 0 41 28 1.0
41 29 2 41 77 1.0
41 30 2 41 12 1.0
41 31 0 41 31 1.0
41 32 8 41 36 1.0
41 33 6 41 69 1.0
41 34 0 41 34 1.0
41 35 0 41 35 1.0
41 37 0 41 37 1.0
41 38 2 41 12 1.0
41 39 6 41 36 1.0
41 40 1 41 2 1.0
41 42 0 41 42 1.0
41 43 6 41 3 1.0
41 44 7 41 28 1.0
41 46 5 41 19 1.0
41 47 0 41 58 1.0
41 49 1 41 58 1.0
41 50 0 41 50 1.0
41 51 2 41 12 1.0
41 52 4 41 77 1.0
41 53 6 41 36 1.0
41 54 2 41 12 1.0
41 55 2 41 35 1.0
41 56 8 41 36 1.0
41 57 4 41 69 1.0
41 58 0 41 58 1.0
41 59 1 41 12 1.0
41 60 5 41 3 1.0
41 61 0 41 61 1.0
41 62 6 41 34 1.0
41 63 9 41 36 1.0
41 64 1 41 67 1.0
41 65 3 41 34 1.0
41 66 1 41 12 1.0
41 67 0 41 67 1.0
41 68 0 41 58 1.0
41 69 0 41 69 1.0
41 70 3 41 37 1.0
41 71 1 41 78 1.0
41 72 8 41 26 1.0
41 74 4 41 42 1.0
41 75 0 41 75 1.0
41 76 0 41 76 1.0
41 77 0 41 77 1.0
41 78 0 41 78 1.0
41 79 6 41 36 1.0
42 0 6 42 46 1.0
42 1 3 42 53 1.0
42 2 0 42 2 1.0
42 3 7 42 4 1.0
42 4 0 42 4 1.0
42 5 7 42 4 1.0
42 6 7 42 4 1.0
42 7 0 42 7 1.0
42 8 0 42 8 1.0
42 9 2 42 23 1.0
42 10 1 42 23 1.0
42 11 3 42 37 1.0
42 12 2 42 37 1.0
42 13 4 42 74 1.0
42 14 3 42 37 1.0
42 15 5 42 68 1.0
42 16 7 42 68 1.0
42 18 3 42 68 1.0
42 19 0 42 19 1.0
42 20 0 42 20 1.0
42 21 4 42 4 1.0
42 22 0 42 22 1.0
42 23 0 42 23 1.0
42 24 4 42 74 1.0
42 25 0 42 25 1.0
42 26 2 42 53 1.0
42 29 2 42 46 1.0
42 30 4 42 56 1.0
42 31 6 42 74 1.0
42 32 4 42 68 1.0
42 33 0 42 8 1.0
42 34 0 42 34 1.0
42 38 6 42 19 1.0
42 39 10 42 74 1.0
42 40 0 42 40 1.0
42 41 0 42 41 1.0
42 43 9 42 51 1.0
42 44 1 42 7 1.0
42 45 4 42 74 1.0
42 46 0 42 46 1.0
42 47 4 42 68 1.0
42 49 6 42 74 1.0
42 50 1 42 37 1.0
42 51 0 42 51 1.0
42 52 5 42 37 1.0
42 53 0 42 53 1.0
42 54 0 42 54 1.0
42 55 4 42 76 1.0
42 56 0 42 56 1.0
42 57 5 42 74 1.0
42 59 3 42 53 1.0
42 60 3 42 37 1.0
42 61 0 42 61 1.0
42 62 0 42 62 1.0
42 63 6 42 34 1.0
42 64 7 42 74 1.0
42 65 0 42 65 1.0
42 66 3 42 74 1.0
42 67 1 42 53 1.0
42 69 5 42 2 1.0
42 71 4 42 34 1.0
42 72 0 42 72 1.0
42 73 0 42 7 1.0
42 75 2 42 37 1.0
42 76 0 42 76 1.0
42 77 0 42 77 1.0
42 78 5 42 37 1.0
42 79 4 42 74 1.0
43 0 0 43 0 1.0
43 1 5 43 77 1.0
43 2 0 43 2 1.0
43 3 0 43 3 1.0
43 4 4 43 46 1.0
43 5 0 43 5 1.0
43 6 1 43 10 1.0
43 7 9 43 51 1.0
43 8 0 43 8 1.0
43 9 0 43 14 1.0
43 10 0 43 10 1.0
43 14 0 43 14 1.0
43 15 0 43 15 1.0
43 16 5 43 44 1.0
43 18 4 43 33 1.0
43 19 0 43 19 1.0
43 20 0 43 20 1.0
43 22 0 43 22 1.0
43 23 8 43 32 1.0
43 24 5 43 15 1.0
43 25 0 43 17 1.0
43 26 6 43 44 1.0
43 27 0 43 27 1.0
43 29 8 43 77 1.0
43 30 4 43 33 1.0
43 31 4 43 32 1.0
43 34 0 43 17 1.0
43 35 2 43 47 1.0
43 36 6 43 44 1.0
43 38 2 43 11 1.0
43 39 0 43 39 1.0
43 40 0 43 10 1.0
43 41 5 43 19 1.0
43 42 5 43 2 1.0
43 44 0 43 44 1.0
43 46 0 43 46 1.0
43 49 1 43 47 1.0
43 50 5 43 44 1.0
43 51 0 43 51 1.0
43 52 6 43 44 1.0
43 54 6 43 44 1.0
43 55 5 43 44 1.0
43 56 3 43 44 1.0
43 58 3 43 5 1.0
43 61 5 43 44 1.0
43 62 4 43 44 1.0
43 63 8 43 5 1.0
43 64 7 43 5 1.0
43 65 0 43 65 1.0
43 66 3 43 32 1.0
43 67 2 43 53 1.0
43 68 3 43 47 1.0
43 69 1 43 53 1.0
43 70 0 43 8 1.0
43 71 0 43 71 1.0
43 72 4 43 39 1.0
43 75 3 43 11 1.0
43 76 2 43 47 1.0
43 77 0 43 77 1.0
43 78 5 43 53 1.0
43 79 3 43 11 1.0
44 0 4 44 53 1.0
44 1 0 44 53 1.0
44 2 0 44 2 1.0
44 3 6 44 28 1.0
44 4 3 44 33 1.0
44 5 7 44 36 1.0
44 6 1 44 21 1.0
44 7 0 44 7 1.0
44 8 3 44 43 1.0
44 9 4 44 16 1.0
44 10 0 44 23 1.0
44 11 1 44 43 1.0
44 12 4 44 73 1.0
44 13 1 44 77 1.0
44 14 3 44 53 1.0
44 15 0 44 43 1.0
44 16 0 44 16 1.0
44 17 3 44 43 1.0
44 18 9 44 73 1.0
44 19 2 44 53 1.0
44 20 0 44 20 1.0
44 21 0 44 21 1.0
44 22 3 44 43 1.0
44 23 0 44 23 1.0
44 24 4 44 16 1.0
44 25 6 44 16 1.0
44 26 0 44 26 1.0
44 27 0 44 27 1.0
44 28 0 44 28 1.0
44 29 3 44 55 1.0
44 30 0 44 27 1.0
44 31 7 44 28 1.0
44 32 4 44 43 1.0
44 33 0 44 33 1.0
44 34 4 44 16 1.0
44 36 0 44 36 1.0
44 37 8 44 28 1.0
44 38 7 44 28 1.0
44 39 0 44 39 1.0
44 40 0 44 53 1.0
44 41 1 44 21 1.0
44 42 5 44 53 1.0
44 43 0 44 43 1.0
44 45 3 44 43 1.0
44 46 3 44 43 1.0
44 47 3 44 43 1.0
44 48 1 44 20 1.0
44 49 5 44 16 1.0
44 50 0 44 50 1.0
44 51 3 44 43 1.0
44 52 0 44 52 1.0
44 54 0 44 54 1.0
44 55 0 44 55 1.0
44 56 0 44 56 1.0
44 57 4 44 71 1.0
44 58 8 44 73 1.0
44 59 3 44 53 1.0
44 60 2 44 21 1.0
44 61 0 44 61 1.0
44 62 0 44 62 1.0
44 63 0 44 21 1.0
44 64 3 44 53 1.0
44 65 0 44 65 1.0
44 66 0 44 21 1.0
44 67 1 44 53 1.0
44 68 6 44 28 1.0
44 69 8 44 36 1.0
44 70 5 44 16 1.0
44 71 0 44 71 1.0
44 72 4 44 33 1.0
44 73 0 44 73 1.0
44 75 0 44 75 1.0
44 76 4 44 53 1.0
44 77 0 44 77 1.0
44 78 2 44 53 1.0
44 79 2 44 16 1.0
45 1 1 45 0 1.0
45 2 0 45 2 1.0
45 4 0 45 4 1.0
45 5 6 45 3 1.0
45 6 10 45 4 1.0
45 7 2 45 37 1.0
45 8 10 45 4 1.0
45 9 2 45 23 1.0
45 10 0 45 0 1.0
45 11 2 45 0 1.0
45 12 0 45 0 1.0
45 13 0 45 13 1.0
45 14 0 45 14 1.0
45 15 7 45 3 1.0
45 16 7 45 24 1.0
45 17 7 45 74 1.0
45 18 0 45 18 1.0
45 20 0 45 20 1.0
45 21 3 45 23 1.0
45 22 7 45 74 1.0
45 24 0 45 24 1.0
45 25 1 45 0 1.0
45 26 0 45 26 1.0
45 27 0 45 27 1.0
45 28 6 45 3 1.0
45 31 6 45 55 1.0
45 32 6 45 3 1.0
45 33 8 45 3 1.0
45 34 1 45 23 1.0
45 35 0 45 35 1.0
45 36 6 45 3 1.0
45 37 0 45 37 1.0
45 38 4 45 30 1.0
45 39 0 45 39 1.0
45 40 1 45 0 1.0
45 41 6 45 3 1.0
45 42 4 45 74 1.0
45 43 0 45 43 1.0
45 44 3 45 43 1.0
45 46 2 45 0 1.0
45 47 0 45 47 1.0
45 48 9 45 3 1.0
45 49 2 45 23 1.0
45 50 0 45 50 1.0
45 51 7 45 3 1.0
45 52 3 45 3 1.0
45 53 1 45 0 1.0
45 54 0 45 0 1.0
45 55 0 45 55 1.0
45 56 1 45 23 1.0
45 57 5 45 74 1.0
45 58 1 45 18 1.0
45 59 1 45 0 1.0
45 60 6 45 3 1.0
45 61 6 45 24 1.0
45 62 1 45 30 1.0
45 63 0 45 63 1.0
45 64 0 45 64 1.0
45 65 0 45 65 1.0
45 66 4 45 74 1.0
45 67 2 45 30 1.0
45 68 2 45 47 1.0
45 70 4 45 37 1.0
45 71 1 45 27 1.0
45 72 7 45 3 1.0
45 73 0 45 27 1.0
45 74 0 45 74 1.0
45 75 0 45 27 1.0
45 76 5 45 30 1.0
45 77 1 45 13 1.0
45 78 0 45 78 1.0
45 79 0 45 79 1.0
46 1 0 46 0 1.0
46 4 0 46 4 1.0
46 7 3 46 16 1.0
46 8 10 46 4 1.0
46 9 1 46 19 1.0
46 10 0 46 0 1.0
46 11 3 46 29 1.0
46 12 2 46 0 1.0
46 13 0 46 0 1.0
46 14 1 46 53 1.0
46 15 0 46 15 1.0
46 16 0 46 16 1.0
46 17 0 46 17 1.0
46 18 7 46 48 1.0
46 20 9 46 48 1.0
46 21 0 46 27 1.0
46 22 1 46 17 1.0
46 23 2 46 0 1.0
46 25 0 46 25 1.0
46 26 1 46 53 1.0
46 27 0 46 27 1.0
46 28 5 46 19 1.0
46 30 1 46 17 1.0
46 31 1 46 17 1.0
46 32 0 46 32 1.0
46 33 2 46 43 1.0
46 34 0 46 34 1.0
46 35 0 46 35 1.0
46 36 4 46 19 1.0
46 37 3 46 0 1.0
46 38 3 46 19 1.0
46 39 0 46 39 1.0
46 40 2 46 53 1.0
46 41 7 46 34 1.0
46 42 0 46 42 1.0
46 44 3 46 43 1.0
46 45 4 46 43 1.0
46 47 0 46 47 1.0
46 48 0 46 48 1.0
46 49 1 46 29 1.0
46 50 6 46 4 1.0
46 51 0 46 51 1.0
46 52 1 46 53 1.0
46 54 0 46 54 1.0
46 55 1 46 29 1.0
46 56 4 46 19 1.0
46 57 1 46 17 1.0
46 58 2 46 29 1.0
46 59 4 46 53 1.0
46 60 2 46 4 1.0
46 61 2 46 53 1.0
46 62 3 46 19 1.0
46 63 1 46 29 1.0
46 64 3 46 53 1.0
46 65 3 46 43 1.0
46 66 0 46 66 1.0
46 67 2 46 53 1.0
46 68 0 46 68 1.0
46 70 3 46 16 1.0
46 71 2 46 53 1.0
46 73 0 46 27 1.0
46 74 0 46 74 1.0
46 75 2 46 2 1.0
46 76 2 46 53 1.0
46 77 0 46 77 1.0
46 78 0 46 78 1.0
46 79 0 46 0 1.0
47 1 0 47 0 1.0
47 2 0 47 46 1.0
47 5 4 47 3 1.0
47 7 0 47 58 1.0
47 8 7 47 4 1.0
47 9 0 47 58 1.0
47 11 1 47 0 1.0
47 12 0 47 12 1.0
47 13 0 47 13 1.0
47 14 0 47 0 1.0
47 15 8 47 3 1.0
47 17 2 47 22 1.0
47 18 4 47 22 1.0
47 20 0 47 58 1.0
47 23 3 47 0 1.0
47 24 0 47 24 1.0
47 25 2 47 0 1.0
47 26 7 47 3 1.0
47 27 0 47 27 1.0
47 28 7 47 3 1.0
47 29 0 47 29 1.0
47 30 4 47 59 1.0
47 31 0 47 31 1.0
47 32 8 47 3 1.0
47 33 4 47 3 1.0
47 34 0 47 58 1.0
47 35 0 47 35 1.0
47 36 0 47 36 1.0
47 38 2 47 12 1.0
47 39 1 47 46 1.0
47 40 2 47 0 1.0
47 41 4 47 22 1.0
47 42 4 47 68 1.0
47 43 0 47 43 1.0
47 44 3 47 43 1.0
47 45 0 47 45 1.0
47 46 0 47 46 1.0
47 49 0 47 49 1.0
47 50 0 47 50 1.0
47 51 0 47 51 1.0
47 52 3 47 3 1.0
47 53 0 47 53 1.0
47 54 0 47 54 1.0
47 55 1 47 29 1.0
47 56 8 47 4 1.0
47 57 2 47 3 1.0
47 58 0 47 58 1.0
47 59 0 47 59 1.0
47 60 4 47 4 1.0
47 61 3 47 53 1.0
47 62 3 47 22 1.0
47 63 0 47 0 1.0
47 64 6 47 24 1.0
47 65 0 47 65 1.0
47 66 3 47 46 1.0
47 67 4 47 53 1.0
47 68 0 47 68 1.0
47 69 1 47 59 1.0
47 70 2 47 22 1.0
47 73 1 47 27 1.0
47 75 4 47 22 1.0
47 76 0 47 76 1.0
47 77 0 47 13 1.0
47 78 0 47 78 1.0
47 79 0 47 0 1.0
48 1 7 48 5 1.0
48 2 8 48 69 1.0
48 3 0 48 3 1.0
48 8 1 48 20 1.0
48 9 5 48 5 1.0
48 11 3 48 29 1.0
48 12 0 48 12 1.0
48 13 0 48 13 1.0
48 14 0 48 14 1.0
48 15 2 48 10 1.0
48 17 0 48 17 1.0
48 24 7 48 3 1.0
48 25 0 48 25 1.0
48 26 0 48 26 1.0
48 27 0 48 27 1.0
48 29 0 48 29 1.0
48 30 0 48 30 1.0
48 31 6 48 55 1.0
48 32 0 48 32 1.0
48 33 3 48 18 1.0
48 35 5 48 16 1.0
48 37 4 48 5 1.0
48 39 0 48 39 1.0
48 40 0 48 40 1.0
48 41 3 48 69 1.0
48 43 7 48 5 1.0
48 44 2 48 16 1.0
48 46 0 48 46 1.0
48 49 0 48 49 1.0
48 50 3 48 16 1.0
48 51 5 48 5 1.0
48 52 5 48 5 1.0
48 53 1 48 10 1.0
48 54 3 48 22 1.0
48 55 0 48 55 1.0
48 56 2 48 30 1.0
48 57 1 48 17 1.0
48 59 1 48 10 1.0
48 60 6 48 5 1.0
48 61 4 48 16 1.0
48 62 4 48 69 1.0
48 63 1 48 10 1.0
48 64 0 48 64 1.0
48 65 0 48 65 1.0
48 66 6 48 5 1.0
48 67 6 48 64 1.0
48 75 6 48 18 1.0
48 76 3 48 20 1.0
48 77 6 48 29 1.0
48 78 5 48 32 1.0
48 79 1 48 18 1.0
49 0 4 49 23 1.0
49 1 8 49 55 1.0
49 2 5 49 39 1.0
49 3 0 49 47 1.0
49 4 3 49 23 1.0
49 5 8 49 48 1.0
49 6 4 49 21 1.0
49 7 2 49 16 1.0
49 8 1 49 64 1.0
49 9 4 49 23 1.0
49 10 0 49 10 1.0
49 11 1 49 29 1.0
49 12 2 49 30 1.0
49 13 0 49 13 1.0
49 14 1 49 40 1.0
49 15 0 49 15 1.0
49 16 0 49 16 1.0
49 17 8 49 74 1.0
49 18 10 49 48 1.0
49 19 2 49 21 1.0
49 20 7 49 48 1.0
49 21 0 49 21 1.0
49 22 0 49 22 1.0
49 23 0 49 23 1.0
49 24 1 49 13 1.0
49 25 2 49 64 1.0
49 26 0 49 26 1.0
49 27 1 49 23 1.0
49 28 2 49 21 1.0
49 29 0 49 29 1.0
49 30 0 49 30 1.0
49 31 0 49 58 1.0
49 32 0 49 10 1.0
49 33 7 49 71 1.0
49 34 0 49 58 1.0
49 35 0 49 58 1.0
49 36 1 49 47 1.0
49 37 1 49 58 1.0
49 38 3 49 30 1.0
49 39 0 49 39 1.0
49 40 0 49 40 1.0
49 41 1 49 58 1.0
49 42 6 49 74 1.0
49 43 1 49 47 1.0
49 44 5 49 16 1.0
49 45 3 49 30 1.0
49 46 1 49 29 1.0
49 47 0 49 47 1.0
49 48 0 49 48 1.0
49 50 1 49 13 1.0
49 51 1 49 47 1.0
49 52 5 49 55 1.0
49 53 8 49 71 1.0
49 54 4 49 62 1.0
49 55 0 49 55 1.0
49 56 0 49 56 1.0
49 57 0 49 57 1.0
49 58 0 49 58 1.0
49 59 0 49 10 1.0
49 60 7 49 30 1.0
49 61 0 49 61 1.0
49 62 0 49 62 1.0
49 63 1 49 10 1.0
49 64 0 49 64 1.0
49 65 5 49 48 1.0
49 66 0 49 66 1.0
49 67 5 49 64 1.0
49 68 0 49 58 1.0
49 69 7 49 48 1.0
49 70 3 49 16 1.0
49 71 0 49 71 1.0
49 72 7 49 57 1.0
49 73 0 49 58 1.0
49 74 0 49 74 1.0
49 75 0 49 75 1.0
49 76 8 49 55 1.0
49 77 1 49 13 1.0
49 78 2 49 23 1.0
49 79 4 49 55 1.0
50 0 9 50 45 1.0
50 1 0 50 1 1.0
50 2 1 50 1 1.0
50 3 0 50 3 1.0
50 4 0 50 4 1.0
50 5 7 50 3 1.0
50 6 0 50 6 1.0
50 7 3 50 16 1.0
50 8 9 50 4 1.0
50 9 5 50 6 1.0
50 10 4 50 33 1.0
50 11 0 50 11 1.0
50 12 7 50 41 1.0
50 13 0 50 13 1.0
50 14 0 50 14 1.0
50 15 3 50 1 1.0
50 16 0 50 16 1.0
50 17 4 50 24 1.0
50 18 0 50 18 1.0
50 19 1 50 1 1.0
50 20 1 50 45 1.0
50 21 4 50 6 1.0
50 22 2 50 47 1.0
50 23 4 50 4 1.0
50 24 0 50 24 1.0
50 25 8 50 4 1.0
50 26 0 50 26 1.0
50 27 0 50 47 1.0
50 28 7 50 24 1.0
50 29 0 50 14 1.0
50 30 1 50 14 1.0
50 31 3 50 34 1.0
50 32 5 50 3 1.0
50 33 0 50 33 1.0
50 34 0 50 34 1.0
50 35 0 50 35 1.0
50 36 10 50 3 1.0
50 37 0 50 37 1.0
50 38 4 50 16 1.0
50 39 7 50 24 1.0
50 40 4 50 6 1.0
50 41 0 50 41 1.0
50 42 4 50 68 1.0
50 43 5 50 44 1.0
50 44 0 50 44 1.0
50 45 0 50 45 1.0
50 46 2 50 16 1.0
50 47 0 50 47 1.0
50 48 2 50 18 1.0
50 49 1 50 13 1.0
50 51 5 50 6 1.0
50 52 3 50 6 1.0
50 53 0 50 61 1.0
50 54 7 50 4 1.0
50 55 1 50 79 1.0
50 56 1 50 1 1.0
50 57 5 50 3 1.0
50 58 5 50 16 1.0
50 59 6 50 24 1.0
50 60 7 50 4 1.0
50 61 0 50 61 1.0
50 62 0 50 13 1.0
50 63 0 50 63 1.0
50 64 6 50 24 1.0
50 65 8 50 3 1.0
50 66 0 50 66 1.0
50 67 0 50 67 1.0
50 68 0 50 68 1.0
50 69 6 50 34 1.0
50 70 7 50 16 1.0
50 71 6 50 34 1.0
50 72 8 50 3 1.0
50 73 1 50 18 1.0
50 74 8 50 24 1.0
50 75 1 50 79 1.0
50 76 0 50 79 1.0
50 77 1 50 13 1.0
50 78 4 50 6 1.0
50 79 0 50 79 1.0
51 0 8 51 59 1.0
51 1 12 51 5 1.0
51 2 0 51 46 1.0
51 3 0 51 3 1.0
51 4 4 51 6 1.0
51 5 0 51 5 1.0
51 6 0 51 6 1.0
51 7 0 51 7 1.0
51 8 0 51 8 1.0
51 9 6 51 5 1.0
51 10 1 51 59 1.0
51 11 0 51 11 1.0
51 12 0 51 12 1.0
51 13 4 51 77 1.0
51 14 4 51 77 1.0
51 15 8 51 3 1.0
51 16 4 51 22 1.0
51 17 0 51 22 1.0
51 18 0 51 18 1.0
51 19 0 51 19 1.0
51 20 2 51 12 1.0
51 21 0 51 27 1.0
51 22 0 51 22 1.0
51 23 2 51 59 1.0
51 24 0 51 24 1.0
51 25 6 51 77 1.0
51 26 4 51 3 1.0
51 27 0 51 27 1.0
51 28 6 51 3 1.0
51 29 4 51 5 1.0
51 30 2 51 59 1.0
51 31 6 51 34 1.0
51 32 6 51 3 1.0
51 33 7 51 3 1.0
51 34 0 51 34 1.0
51 35 0 51 35 1.0
51 36 13 51 3 1.0
51 37 8 51 42 1.0
51 38 1 51 12 1.0
51 39 6 51 43 1.0
51 40 1 51 6 1.0
51 41 8 51 34 1.0
51 42 0 51 42 1.0
51 43 0 51 43 1.0
51 44 1 51 7 1.0
51 45 4 51 43 1.0
51 46 0 51 46 1.0
51 47 0 51 47 1.0
51 48 6 51 3 1.0
51 49 2 51 22 1.0
51 50 9 51 3 1.0
51 52 0 51 52 1.0
51 53 2 51 46 1.0
51 54 7 51 62 1.0
51 55 4 51 52 1.0
51 56 0 51 56 1.0
51 57 4 51 3 1.0
51 58 8 51 5 1.0
51 59 0 51 59 1.0
51 60 6 51 3 1.0
51 61 0 51 61 1.0
51 62 0 51 62 1.0
51 63 8 51 3 1.0
51 64 6 51 5 1.0
51 65 8 51 3 1.0
51 66 4 51 52 1.0
51 67 4 51 6 1.0
51 68 6 51 42 1.0
51 69 4 51 59 1.0
51 70 5 51 18 1.0
51 71 7 51 34 1.0
51 72 5 51 3 1.0
51 73 1 51 27 1.0
51 74 6 51 42 1.0
51 75 6 51 62 1.0
51 76 10 51 3 1.0
51 77 0 51 77 1.0
51 78 4 51 6 1.0
51 79 0 51 79 1.0
52 0 4 52 23 1.0
52 1 0 52 1 1.0
52 2 3 52 1 1.0
52 3 0 52 3 1.0
52 4 5 52 6 1.0
52 5 0 52 5 1.0
52 6 0 52 6 1.0
52 7 3 52 77 1.0
52 8 0 52 8 1.0
52 9 0 52 9 1.0
52 10 0 52 10 1.0
52 11 7 52 69 1.0
52 12 7 52 69 1.0
52 13 3 52 77 1.0
52 14 4 52 53 1.0
52 15 2 52 1 1.0
52 16 3 52 1 1.0
52 17 3 52 55 1.0
52 18 6 52 55 1.0
52 19 3 52 1 1.0
52 20 3 52 37 1.0
52 21 2 52 23 1.0
52 22 0 52 22 1.0
52 23 0 52 23 1.0
52 24 3 52 36 1.0
52 25 0 52 25 1.0
52 26 2 52 53 1.0
52 27 4 52 31 1.0
52 28 1 52 8 1.0
52 29 5 52 55 1.0
52 30 7 52 62 1.0
52 31 0 52 31 1.0
52 32 2 52 23 1.0
52 33 7 52 5 1.0
52 34 6 52 3 1.0
52 35 3 52 1 1.0
52 36 0 52 36 1.0
52 37 0 52 37 1.0
52 38 2 52 62 1.0
52 39 3 52 53 1.0
52 40 0 52 40 1.0
52 41 3 52 37 1.0
52 42 6 52 53 1.0
52 43 5 52 5 1.0
52 44 0 52 44 1.0
52 45 3 52 3 1.0
52 46 1 52 53 1.0
52 47 3 52 3 1.0
52 48 6 52 69 1.0
52 49 1 52 10 1.0
52 50 1 52 1 1.0
52 51 0 52 51 1.0
52 53 0 52 53 1.0
52 54 4 52 62 1.0
52 55 0 52 55 1.0
52 56 3 52 1 1.0
52 57 4 52 70 1.0
52 58 1 52 37 1.0
52 59 5 52 53 1.0
52 60 2 52 10 1.0
52 61 4 52 53 1.0
52 62 0 52 62 1.0
52 63 5 52 77 1.0
52 64 9 52 5 1.0
52 65 4 52 3 1.0
52 66 0 52 66 1.0
52 67 0 52 67 1.0
52 68 1 52 25 1.0
52 69 0 52 69 1.0
52 70 0 52 70 1.0
52 71 4 52 53 1.0
52 72 0 52 72 1.0
52 73 2 52 8 1.0
52 74 1 52 22 1.0
52 75 7 52 62 1.0
52 76 2 52 53 1.0
52 77 0 52 77 1.0
52 78 6 52 53 1.0
52 79 7 52 55 1.0
53 1 0 53 1 1.0
53 2 8 53 69 1.0
53 7 3 53 42 1.0
53 8 8 53 42 1.0
53 10 0 53 10 1.0
53 11 2 53 43 1.0
53 12 1 53 0 1.0
53 13 0 53 61 1.0
53 14 0 53 14 1.0
53 15 0 53 78 1.0
53 17 4 53 19 1.0
53 20 3 53 42 1.0
53 21 4 53 23 1.0
53 25 1 53 78 1.0
53 26 0 53 26 1.0
53 27 4 53 59 1.0
53 29 3 53 14 1.0
53 32 6 53 43 1.0
53 33 6 53 71 1.0
53 34 4 53 42 1.0
53 35 7 53 71 1.0
53 36 0 53 36 1.0
53 38 3 53 19 1.0
53 39 0 53 39 1.0
53 40 0 53 40 1.0
53 44 0 53 44 1.0
53 45 1 53 0 1.0
53 46 0 53 46 1.0
53 47 0 53 47 1.0
53 49 4 53 23 1.0
53 50 0 53 61 1.0
53 52 0 53 52 1.0
53 54 4 53 59 1.0
53 55 1 53 23 1.0
53 56 2 53 23 1.0
53 57 0 53 78 1.0
53 58 4 53 71 1.0
53 62 0 53 59 1.0
53 63 2 53 0 1.0
53 64 0 53 64 1.0
53 65 0 53 78 1.0
53 66 4 53 69 1.0
53 68 4 53 42 1.0
53 70 0 53 61 1.0
53 73 0 53 73 1.0
53 75 0 53 67 1.0
53 76 0 53 76 1.0
54 0 0 54 0 1.0
54 1 0 54 0 1.0
54 2 1 54 46 1.0
54 3 5 54 4 1.0
54 4 0 54 4 1.0
54 5 5 54 4 1.0
54 6 4 54 4 1.0
54 7 8 54 28 1.0
54 8 7 54 4 1.0
54 9 3 54 19 1.0
54 10 0 54 0 1.0
54 11 2 54 0 1.0
54 12 0 54 12 1.0
54 13 4 54 62 1.0
54 14 2 54 0 1.0
54 15 0 54 17 1.0
54 16 7 54 70 1.0
54 17 0 54 17 1.0
54 18 0 54 18 1.0
54 19 0 54 19 1.0
54 20 1 54 58 1.0
54 21 7 54 4 1.0
54 22 0 54 22 1.0
54 23 0 54 0 1.0
54 24 0 54 24 1.0
54 25 0 54 25 1.0
54 26 5 54 24 1.0
54 27 3 54 59 1.0
54 28 0 54 28 1.0
54 29 4 54 46 1.0
54 30 0 54 38 1.0
54 31 2 54 17 1.0
54 32 4 54 28 1.0
54 33 2 54 70 1.0
54 34 1 54 17 1.0
54 35 1 54 17 1.0
54 36 0 54 36 1.0
54 37 0 54 37 1.0
54 38 0 54 38 1.0
54 39 1 54 25 1.0
54 40 0 54 0 1.0
54 41 8 54 28 1.0
54 42 0 54 42 1.0
54 43 5 54 19 1.0
54 44 0 54 44 1.0
54 45 5 54 4 1.0
54 46 0 54 46 1.0
54 47 0 54 47 1.0
54 48 2 54 12 1.0
54 49 4 54 62 1.0
54 50 7 54 4 1.0
54 51 2 54 12 1.0
54 52 4 54 62 1.0
54 53 8 54 36 1.0
54 55 0 54 17 1.0
54 56 0 54 56 1.0
54 57 1 54 17 1.0
54 58 0 54 58 1.0
54 59 0 54 59 1.0
54 60 4 54 62 1.0
54 61 0 54 61 1.0
54 62 0 54 62 1.0
54 63 5 54 36 1.0
54 64 6 54 24 1.0
54 65 1 54 47 1.0
54 66 1 54 12 1.0
54 67 6 54 19 1.0
54 68 0 54 68 1.0
54 69 6 54 37 1.0
54 70 0 54 70 1.0
54 71 0 54 58 1.0
54 72 1 54 38 1.0
54 73 0 54 73 1.0
54 74 0 54 17 1.0
54 75 8 54 62 1.0
54 76 3 54 62 1.0
54 77 4 54 62 1.0
54 78 2 54 25 1.0
54 79 3 54 70 1.0
55 0 1 55 23 1.0
55 1 0 55 1 1.0
55 2 0 55 2 1.0
55 3 0 55 45 1.0
55 4 0 55 4 1.0
55 5 1 55 1 1.0
55 6 2 55 1 1.0
55 7 0 55 7 1.0
55 8 5 55 70 1.0
55 9 1 55 23 1.0
55 11 0 55 11 1.0
55 12 1 55 20 1.0
55 13 4 55 16 1.0
55 14 3 55 45 1.0
55 15 2 55 79 1.0
55 16 0 55 16 1.0
55 17 0 55 17 1.0
55 18 0 55 18 1.0
55 19 2 55 1 1.0
55 20 0 55 20 1.0
55 21 3 55 23 1.0
55 22 12 55 48 1.0
55 23 0 55 23 1.0
55 24 1 55 17 1.0
55 25 4 55 52 1.0
55 26 0 55 26 1.0
55 27 1 55 23 1.0
55 28 3 55 31 1.0
55 29 0 55 29 1.0
55 30 8 55 57 1.0
55 31 0 55 31 1.0
55 32 2 55 23 1.0
55 33 5 55 4 1.0
55 34 0 55 17 1.0
55 35 0 55 35 1.0
55 36 5 55 44 1.0
55 37 3 55 70 1.0
55 38 0 55 17 1.0
55 39 6 55 2 1.0
55 40 5 55 52 1.0
55 41 4 55 76 1.0
55 42 4 55 76 1.0
55 43 0 55 17 1.0
55 44 0 55 44 1.0
55 45 0 55 45 1.0
55 46 4 55 16 1.0
55 47 6 55 4 1.0
55 48 0 55 48 1.0
55 49 0 55 49 1.0
55 50 4 55 1 1.0
55 51 4 55 52 1.0
55 52 0 55 52 1.0
55 53 1 55 23 1.0
55 54 0 55 17 1.0
55 56 5 55 2 1.0
55 57 0 55 57 1.0
55 58 4 55 29 1.0
55 59 3 55 66 1.0
55 60 2 55 20 1.0
55 61 1 55 70 1.0
55 62 3 55 52 1.0
55 63 0 55 11 1.0
55 64 1 55 67 1.0
55 65 5 55 57 1.0
55 66 0 55 66 1.0
55 67 0 55 67 1.0
55 68 6 55 16 1.0
55 69 3 55 2 1.0
55 70 0 55 70 1.0
55 71 5 55 57 1.0
55 72 8 55 57 1.0
55 73 0 55 7 1.0
55 74 4 55 20 1.0
55 75 6 55 2 1.0
55 76 0 55 76 1.0
55 77 4 55 52 1.0
55 78 2 55 23 1.0
55 79 0 55 79 1.0
56 0 1 56 23 1.0
56 1 0 56 1 1.0
56 2 0 56 2 1.0
56 3 4 56 4 1.0
56 4 0 56 4 1.0
56 5 7 56 4 1.0
56 6 0 56 9 1.0
56 7 0 56 58 1.0
56 8 5 56 4 1.0
56 9 0 56 9 1.0
56 10 1 56 23 1.0
56 11 1 56 9 1.0
56 12 9 56 73 1.0
56 13 3 56 30 1.0
56 14 3 56 30 1.0
56 15 4 56 1 1.0
56 16 0 56 38 1.0
56 17 0 56 17 1.0
56 18 6 56 73 1.0
56 19 0 56 19 1.0
56 20 1 56 58 1.0
56 21 3 56 23 1.0
56 22 2 56 17 1.0
56 23 0 56 23 1.0
56 24 0 56 17 1.0
56 25 4 56 64 1.0
56 26 0 56 9 1.0
56 27 10 56 73 1.0
56 28 8 56 73 1.0
56 29 0 56 58 1.0
56 30 0 56 30 1.0
56 31 0 56 31 1.0
56 32 2 56 23 1.0
56 33 5 56 4 1.0
56 34 0 56 58 1.0
56 35 5 56 71 1.0
56 36 0 56 36 1.0
56 37 4 56 42 1.0
56 38 0 56 38 1.0
56 39 3 56 64 1.0
56 40 6 56 64 1.0
56 41 0 56 58 1.0
56 42 0 56 42 1.0
56 43 3 56 44 1.0
56 44 0 56 44 1.0
56 45 1 56 23 1.0
56 46 4 56 19 1.0
56 47 0 56 58 1.0
56 48 2 56 30 1.0
56 49 0 56 49 1.0
56 50 1 56 1 1.0
56 51 0 56 51 1.0
56 52 0 56 9 1.0
56 53 5 56 19 1.0
56 54 0 56 54 1.0
56 55 5 56 2 1.0
56 57 5 56 17 1.0
56 58 0 56 58 1.0
56 59 0 56 59 1.0
56 60 0 56 60 1.0
56 61 4 56 64 1.0
56 62 2 56 54 1.0
56 63 2 56 2 1.0
56 64 0 56 64 1.0
56 65 2 56 78 1.0
56 66 1 56 9 1.0
56 67 0 56 67 1.0
56 68 0 56 58 1.0
56 69 4 56 2 1.0
56 70 0 56 38 1.0
56 71 0 56 71 1.0
56 72 0 56 38 1.0
56 73 0 56 73 1.0
56 74 2 56 17 1.0
56 75 0 56 75 1.0
56 76 2 56 30 1.0
56 77 3 56 19 1.0
56 78 0 56 78 1.0
56 79 1 56 1 1.0
57 0 2 57 21 1.0
57 1 0 57 6 1.0
57 2 4 57 72 1.0
57 3 0 57 3 1.0
57 4 0 57 4 1.0
57 6 0 57 6 1.0
57 8 7 57 4 1.0
57 9 0 57 9 1.0
57 10 5 57 71 1.0
57 11 0 57 11 1.0
57 12 5 57 30 1.0
57 13 3 57 6 1.0
57 14 6 57 30 1.0
57 15 10 57 71 1.0
57 17 0 57 17 1.0
57 21 0 57 21 1.0
57 22 2 57 17 1.0
57 24 6 57 3 1.0
57 25 0 57 25 1.0
57 26 6 57 72 1.0
57 27 0 57 7 1.0
57 29 4 57 72 1.0
57 31 6 57 74 1.0
57 32 0 57 32 1.0
57 33 9 57 71 1.0
57 36 3 57 70 1.0
57 37 0 57 37 1.0
57 38 0 57 38 1.0
57 39 3 57 72 1.0
57 40 6 57 30 1.0
57 41 4 57 69 1.0
57 42 5 57 74 1.0
57 44 0 57 7 1.0
57 46 3 57 74 1.0
57 47 2 57 3 1.0
57 49 0 57 49 1.0
57 50 4 57 6 1.0
57 51 0 57 7 1.0
57 52 4 57 70 1.0
57 53 0 57 78 1.0
57 54 4 57 70 1.0
57 55 0 57 55 1.0
57 56 6 57 30 1.0
57 59 3 57 30 1.0
57 60 7 57 30 1.0
57 61 5 57 70 1.0
57 62 0 57 62 1.0
57 63 0 57 63 1.0
57 64 1 57 67 1.0
57 65 0 57 65 1.0
57 66 7 57 69 1.0
57 67 0 57 67 1.0
57 68 1 57 17 1.0
57 74 0 57 74 1.0
57 75 7 57 70 1.0
57 76 3 57 72 1.0
57 77 4 57 71 1.0
57 78 0 57 78 1.0
57 79 1 57 70 1.0
58 0 1 58 47 1.0
58 1 6 58 5 1.0
58 2 4 58 34 1.0
58 4 2 58 6 1.0
58 5 0 58 5 1.0
58 6 0 58 6 1.0
58 9 0 58 9 1.0
58 10 1 58 18 1.0
58 13 2 58 47 1.0
58 14 4 58 34 1.0
58 15 5 58 68 1.0
58 16 0 58 16 1.0
58 19 0 58 19 1.0
58 25 7 58 68 1.0
58 26 0 58 26 1.0
58 29 0 58 29 1.0
58 32 5 58 68 1.0
58 33 0 58 18 1.0
58 35 0 58 35 1.0
58 36 8 58 73 1.0
58 37 0 58 37 1.0
58 38 1 58 12 1.0
58 39 0 58 7 1.0
58 40 6 58 34 1.0
58 41 0 58 41 1.0
58 44 0 58 7 1.0
58 45 0 58 47 1.0
58 48 3 58 20 1.0
58 49 0 58 49 1.0
58 50 6 58 34 1.0
58 51 1 58 47 1.0
58 52 1 58 37 1.0
58 53 0 58 47 1.0
58 54 0 58 54 1.0
58 55 2 58 18 1.0
58 56 0 58 56 1.0
58 59 2 58 12 1.0
58 60 6 58 31 1.0
58 61 4 58 16 1.0
58 62 5 58 34 1.0
58 63 6 58 73 1.0
58 64 6 58 68 1.0
58 65 5 58 68 1.0
58 66 7 58 31 1.0
58 67 9 58 73 1.0
58 71 0 58 71 1.0
58 75 0 58 75 1.0
58 76 0 58 76 1.0
58 77 6 58 73 1.0
58 78 3 58 35 1.0
58 79 0 58 18 1.0
59 1 0 59 1 1.0
59 2 4 59 69 1.0
59 4 3 59 23 1.0
59 7 0 59 27 1.0
59 8 0 59 0 1.0
59 10 0 59 10 1.0
59 11 5 59 24 1.0
59 12 0 59 12 1.0
59 13 6 59 30 1.0
59 14 0 59 14 1.0
59 15 3 59 69 1.0
59 16 3 59 24 1.0
59 19 3 59 1 1.0
59 20 0 59 27 1.0
59 22 0 59 22 1.0
59 25 4 59 69 1.0
59 26 4 59 24 1.0
59 28 0 59 27 1.0
59 31 7 59 74 1.0
59 32 0 59 32 1.0
59 33 2 59 30 1.0
59 34 6 59 69 1.0
59 35 0 59 47 1.0
59 36 0 59 36 1.0
59 37 1 59 0 1.0
59 38 6 59 30 1.0
59 39 2 59 74 1.0
59 40 1 59 0 1.0
59 41 4 59 69 1.0
59 42 7 59 74 1.0
59 43 2 59 0 1.0
59 45 1 59 0 1.0
59 46 7 59 74 1.0
59 47 0 59 47 1.0
59 49 2 59 23 1.0
59 50 6 59 24 1.0
59 51 0 59 51 1.0
59 52 9 59 69 1.0
59 53 0 59 53 1.0
59 54 0 59 54 1.0
59 55 1 59 23 1.0
59 56 0 59 56 1.0
59 57 3 59 30 1.0
59 58 2 59 12 1.0
59 60 4 59 30 1.0
59 61 2 59 53 1.0
59 62 0 59 62 1.0
59 63 0 59 63 1.0
59 64 7 59 24 1.0
59 65 0 59 65 1.0
59 66 0 59 66 1.0
59 67 0 59 67 1.0
59 68 2 59 47 1.0
59 71 1 59 27 1.0
59 72 5 59 74 1.0
59 75 1 59 27 1.0
59 76 9 59 74 1.0
59 77 0 59 77 1.0
59 78 4 59 53 1.0
59 79 0 59 0 1.0
60 1 6 60 5 1.0
60 2 2 60 37 1.0
60 7 0 60 7 1.0
60 8 7 60 4 1.0
60 9 0 60 9 1.0
60 10 0 60 10 1.0
60 11 1 60 9 1.0
60 12 4 60 5 1.0
60 13 0 60 13 1.0
60 14 0 60 14 1.0
60 15 5 60 3 1.0
60 16 7 60 5 1.0
60 17 1 60 21 1.0
60 18 5 60 73 1.0
60 19 1 60 9 1.0
60 20 0 60 20 1.0
60 21 0 60 21 1.0
60 22 4 60 4 1.0
60 25 2 60 4 1.0
60 26 4 60 3 1.0
60 27 7 60 73 1.0
60 28 0 60 28 1.0
60 29 2 60 14 1.0
60 30 0 60 30 1.0
60 31 0 60 31 1.0
60 32 0 60 32 1.0
60 33 9 60 4 1.0
60 34 6 60 3 1.0
60 35 3 60 37 1.0
60 36 6 60 5 1.0
60 37 0 60 37 1.0
60 38 0 60 38 1.0
60 39 1 60 7 1.0
60 40 0 60 40 1.0
60 41 6 60 28 1.0
60 42 8 60 4 1.0
60 43 3 60 5 1.0
60 44 1 60 7 1.0
60 45 8 60 4 1.0
60 46 2 60 4 1.0
60 47 2 60 3 1.0
60 48 6 60 5 1.0
60 49 7 60 30 1.0
60 50 7 60 4 1.0
60 51 5 60 5 1.0
60 52 9 60 3 1.0
60 53 0 60 61 1.0
60 54 7 60 4 1.0
60 55 1 60 79 1.0
60 56 0 60 56 1.0
60 57 7 60 30 1.0
60 58 5 60 5 1.0
60 59 0 60 10 1.0
60 61 0 60 61 1.0
60 62 0 60 62 1.0
60 63 7 60 3 1.0
60 64 6 60 5 1.0
60 65 0 60 65 1.0
60 66 0 60 66 1.0
60 67 0 60 9 1.0
60 68 5 60 28 1.0
60 69 2 60 9 1.0
60 70 0 60 70 1.0
60 71 7 60 4 1.0
60 72 6 60 3 1.0
60 73 0 60 73 1.0
60 74 4 60 5 1.0
60 75 1 60 9 1.0
60 76 5 60 30 1.0
60 77 2 60 14 1.0
60 78 5 60 28 1.0
60 79 0 60 79 1.0
61 0 6 61 53 1.0
61 1 5 61 5 1.0
61 2 6 61 69 1.0
61 3 5 61 36 1.0
61 4 5 61 5 1.0
61 5 0 61 5 1.0
61 6 2 61 37 1.0
61 7 4 61 16 1.0
61 8 0 61 8 1.0
61 9 0 61 9 1.0
61 10 2 61 53 1.0
61 11 7 61 24 1.0
61 12 5 61 69 1.0
61 13 0 61 13 1.0
61 14 0 61 14 1.0
61 15 4 61 64 1.0
61 16 0 61 16 1.0
61 17 4 61 24 1.0
61 18 4 61 16 1.0
61 19 3 61 53 1.0
61 20 2 61 37 1.0
61 21 3 61 69 1.0
61 22 3 61 16 1.0
61 23 0 61 9 1.0
61 24 0 61 24 1.0
61 25 0 61 25 1.0
61 26 2 61 53 1.0
61 27 0 61 16 1.0
61 28 7 61 24 1.0
61 29 1 61 14 1.0
61 30 3 61 14 1.0
61 31 0 61 38 1.0
61 32 1 61 16 1.0
61 33 5 61 5 1.0
61 34 4 61 69 1.0
61 35 6 61 41 1.0
61 36 0 61 36 1.0
61 37 0 61 37 1.0
61 38 0 61 38 1.0
61 39 0 61 39 1.0
61 40 3 61 53 1.0
61 41 0 61 41 1.0
61 42 0 61 42 1.0
61 43 3 61 5 1.0
61 44 0 61 44 1.0
61 45 6 61 24 1.0
61 46 3 61 16 1.0
61 47 3 61 53 1.0
61 48 5 61 5 1.0
61 49 0 61 49 1.0
61 50 0 61 50 1.0
61 51 0 61 51 1.0
61 52 4 61 53 1.0
61 54 0 61 54 1.0
61 55 2 61 16 1.0
61 56 4 61 64 1.0
61 57 5 61 70 1.0
61 58 4 61 16 1.0
61 59 2 61 53 1.0
61 60 0 61 60 1.0
61 62 6 61 69 1.0
61 63 2 61 13 1.0
61 64 0 61 64 1.0
61 65 3 61 14 1.0
61 66 7 61 69 1.0
61 67 1 61 53 1.0
61 68 8 61 42 1.0
61 69 0 61 69 1.0
61 70 0 61 70 1.0
61 71 3 61 53 1.0
61 72 0 61 72 1.0
61 73 4 61 53 1.0
61 74 8 61 24 1.0
61 75 8 61 41 1.0
61 76 0 61 53 1.0
61 77 3 61 13 1.0
61 78 4 61 53 1.0
61 79 5 61 39 1.0
62 0 3 62 59 1.0
62 1 0 62 1 1.0
62 2 0 62 1 1.0
62 3 0 62 3 1.0
62 4 0 62 38 1.0
62 5 1 62 1 1.0
62 6 0 62 6 1.0
62 7 0 62 7 1.0
62 8 2 62 77 1.0
62 9 1 62 6 1.0
62 10 4 62 15 1.0
62 11 2 62 69 1.0
62 12 0 62 38 1.0
62 13 0 62 13 1.0
62 14 3 62 77 1.0
62 15 0 62 15 1.0
62 16 0 62 38 1.0
62 17 2 62 22 1.0
62 18 0 62 54 1.0
62 19 0 62 19 1.0
62 20 5 62 60 1.0
62 21 1 62 6 1.0
62 22 0 62 22 1.0
62 23 1 62 59 1.0
62 24 6 62 3 1.0
62 25 1 62 77 1.0
62 26 5 62 76 1.0
62 27 0 62 7 1.0
62 28 9 62 3 1.0
62 29 2 62 34 1.0
62 30 0 62 30 1.0
62 31 3 62 34 1.0
62 32 0 62 7 1.0
62 33 6 62 69 1.0
62 34 0 62 34 1.0
62 35 3 62 34 1.0
62 36 0 62 36 1.0
62 37 5 62 69 1.0
62 38 0 62 38 1.0
62 39 5 62 36 1.0
62 40 3 62 77 1.0
62 41 0 62 13 1.0
62 42 0 62 42 1.0
62 43 3 62 19 1.0
62 44 0 62 44 1.0
62 45 2 62 3 1.0
62 46 5 62 34 1.0
62 47 4 62 59 1.0
62 48 5 62 3 1.0
62 49 0 62 49 1.0
62 50 0 62 13 1.0
62 51 0 62 51 1.0
62 52 0 62 52 1.0
62 53 7 62 36 1.0
62 54 0 62 54 1.0
62 55 3 62 52 1.0
62 56 4 62 1 1.0
62 57 0 62 57 1.0
62 58 3 62 6 1.0
62 59 0 62 59 1.0
62 60 0 62 60 1.0
62 61 7 62 36 1.0
62 63 1 62 13 1.0
62 65 6 62 3 1.0
62 66 2 62 13 1.0
62 67 6 62 75 1.0
62 68 2 62 13 1.0
62 69 0 62 69 1.0
62 70 9 62 57 1.0
62 71 5 62 34 1.0
62 72 0 62 38 1.0
62 73 1 62 7 1.0
62 74 5 62 42 1.0
62 75 0 62 75 1.0
62 76 0 62 76 1.0
62 77 0 62 77 1.0
62 78 3 62 19 1.0
62 79 1 62 1 1.0
63 0 0 63 0 1.0
63 1 5 63 6 1.0
63 2 0 63 2 1.0
63 3 0 63 3 1.0
63 4 6 63 6 1.0
63 5 0 63 5 1.0
63 6 0 63 6 1.0
63 7 5 63 73 1.0
63 8 0 63 8 1.0
63 9 5 63 5 1.0
63 10 0 63 10 1.0
63 11 0 63 11 1.0
63 12 7 63 73 1.0
63 13 0 63 13 1.0
63 14 1 63 40 1.0
63 15 0 63 10 1.0
63 16 2 63 70 1.0
63 17 3 63 19 1.0
63 18 8 63 73 1.0
63 19 0 63 19 1.0
63 20 4 63 45 1.0
63 21 0 63 21 1.0
63 22 1 63 59 1.0
63 23 1 63 0 1.0
63 24 7 63 3 1.0
63 25 4 63 77 1.0
63 26 0 63 26 1.0
63 27 5 63 73 1.0
63 28 8 63 73 1.0
63 29 0 63 29 1.0
63 30 7 63 57 1.0
63 31 5 63 34 1.0
63 32 4 63 3 1.0
63 33 7 63 5 1.0
63 34 0 63 34 1.0
63 35 5 63 34 1.0
63 36 0 63 36 1.0
63 37 1 63 11 1.0
63 38 0 63 38 1.0
63 39 2 63 29 1.0
63 40 0 63 40 1.0
63 41 7 63 34 1.0
63 42 6 63 34 1.0
63 43 8 63 5 1.0
63 44 2 63 77 1.0
63 45 0 63 45 1.0
63 46 1 63 29 1.0
63 47 6 63 3 1.0
63 48 1 63 10 1.0
63 49 1 63 10 1.0
63 50 0 63 50 1.0
63 51 4 63 77 1.0
63 52 5 63 77 1.0
63 53 5 63 36 1.0
63 54 6 63 73 1.0
63 55 5 63 57 1.0
63 56 2 63 2 1.0
63 57 0 63 57 1.0
63 58 6 63 73 1.0
63 59 0 63 59 1.0
63 60 2 63 10 1.0
63 61 5 63 5 1.0
63 62 1 63 13 1.0
63 65 9 63 57 1.0
63 66 1 63 13 1.0
63 67 2 63 6 1.0
63 68 0 63 8 1.0
63 69 1 63 11 1.0
63 70 0 63 70 1.0
63 71 2 63 34 1.0
63 72 0 63 72 1.0
63 73 0 63 73 1.0
63 74 1 63 59 1.0
63 75 1 63 10 1.0
63 76 1 63 11 1.0
63 77 0 63 77 1.0
63 78 6 63 57 1.0
63 79 2 63 11 1.0
64 0 4 64 1 1.0
64 1 0 64 1 1.0
64 2 3 64 1 1.0
64 3 4 64 32 1.0
64 4 4 64 6 1.0
64 5 0 64 5 1.0
64 6 0 64 6 1.0
64 7 0 64 7 1.0
64 8 0 64 8 1.0
64 9 6 64 5 1.0
64 10 0 64 10 1.0
64 11 4 64 29 1.0
64 12 3 64 5 1.0
64 13 4 64 6 1.0
64 14 2 64 40 1.0
64 15 0 64 15 1.0
64 16 11 64 48 1.0
64 17 0 64 17 1.0
64 18 9 64 48 1.0
64 19 3 64 1 1.0
64 20 7 64 48 1.0
64 21 1 64 27 1.0
64 22 7 64 48 1.0
64 23 3 64 53 1.0
64 24 0 64 24 1.0
64 25 0 64 25 1.0
64 26 4 64 6 1.0
64 27 0 64 27 1.0
64 28 3 64 8 1.0
64 29 0 64 29 1.0
64 30 0 64 67 1.0
64 31 5 64 74 1.0
64 32 0 64 32 1.0
64 33 1 64 8 1.0
64 34 0 64 17 1.0
64 35 1 64 17 1.0
64 36 4 64 5 1.0
64 37 3 64 70 1.0
64 38 1 64 17 1.0
64 39 0 64 39 1.0
64 40 0 64 40 1.0
64 41 1 64 67 1.0
64 42 7 64 74 1.0
64 43 7 64 5 1.0
64 44 1 64 7 1.0
64 45 0 64 45 1.0
64 46 7 64 74 1.0
64 47 3 64 29 1.0
64 48 0 64 48 1.0
64 49 0 64 49 1.0
64 50 1 64 67 1.0
64 51 3 64 8 1.0
64 52 0 64 67 1.0
64 53 0 64 53 1.0
64 54 6 64 24 1.0
64 55 1 64 67 1.0
64 56 0 64 56 1.0
64 57 7 64 74 1.0
64 58 6 64 68 1.0
64 59 4 64 53 1.0
64 60 6 64 5 1.0
64 61 0 64 61 1.0
64 62 3 64 6 1.0
64 65 1 64 8 1.0
64 66 3 64 5 1.0
64 68 0 64 68 1.0
64 69 5 64 48 1.0
64 70 0 64 70 1.0
64 71 4 64 53 1.0
64 72 1 64 67 1.0
64 73 2 64 27 1.0
64 74 0 64 74 1.0
64 75 0 64 67 1.0
64 76 8 64 24 1.0
65 0 7 65 45 1.0
65 1 1 65 59 1.0
65 2 4 65 72 1.0
65 3 0 65 3 1.0
65 4 7 65 3 1.0
65 5 5 65 3 1.0
65 6 0 65 9 1.0
65 7 0 65 7 1.0
65 8 0 65 8 1.0
65 9 0 65 9 1.0
65 10 8 65 48 1.0
65 11 0 65 11 1.0
65 12 0 65 38 1.0
65 13 3 65 33 1.0
65 14 0 65 14 1.0
65 15 1 65 78 1.0
65 16 7 65 48 1.0
65 17 5 65 68 1.0
65 18 4 65 48 1.0
65 19 0 65 38 1.0
65 20 11 65 48 1.0
65 21 1 65 44 1.0
65 22 6 65 48 1.0
65 23 0 65 9 1.0
65 24 5 65 3 1.0
65 25 0 65 78 1.0
65 26 0 65 26 1.0
65 27 0 65 7 1.0
65 28 7 65 3 1.0
65 29 0 65 29 1.0
65 30 2 65 14 1.0
65 31 4 65 34 1.0
65 32 0 65 32 1.0
65 33 0 65 33 1.0
65 34 0 65 34 1.0
65 35 7 65 71 1.0
65 36 6 65 3 1.0
65 37 5 65 42 1.0
65 38 0 65 38 1.0
65 39 2 65 14 1.0
65 40 1 65 78 1.0
65 41 3 65 34 1.0
65 42 0 65 42 1.0
65 43 0 65 43 1.0
65 44 0 65 44 1.0
65 45 0 65 45 1.0
65 46 3 65 43 1.0
65 47 0 65 47 1.0
65 48 0 65 48 1.0
65 49 1 65 29 1.0
65 50 0 65 14 1.0
65 51 8 65 3 1.0
65 52 4 65 3 1.0
65 53 0 65 78 1.0
65 54 0 65 38 1.0
65 55 5 65 57 1.0
65 56 2 65 78 1.0
65 57 0 65 57 1.0
65 58 5 65 68 1.0
65 59 0 65 59 1.0
65 60 0 65 60 1.0
65 61 3 65 14 1.0
65 62 6 65 3 1.0
65 63 9 65 57 1.0
65 64 5 65 32 1.0
65 66 9 65 26 1.0
65 67 1 65 78 1.0
65 68 0 65 68 1.0
65 69 6 65 57 1.0
65 70 5 65 57 1.0
65 71 0 65 71 1.0
65 72 0 65 72 1.0
65 73 0 65 38 1.0
65 74 5 65 42 1.0
65 75 2 65 11 1.0
65 76 6 65 3 1.0
65 77 2 65 14 1.0
65 78 0 65 78 1.0
65 79 3 65 33 1.0
66 0 4 66 59 1.0
66 1 0 66 1 1.0
66 2 4 66 72 1.0
66 3 6 66 32 1.0
66 4 5 66 5 1.0
66 5 0 66 5 1.0
66 6 3 66 1 1.0
66 7 5 66 28 1.0
66 8 3 66 35 1.0
66 9 0 66 9 1.0
66 10 6 66 32 1.0
66 11 0 66 11 1.0
66 12 0 66 12 1.0
66 13 0 66 13 1.0
66 14 8 66 60 1.0
66 15 2 66 13 1.0
66 16 5 66 1 1.0
66 17 2 66 21 1.0
66 18 0 66 13 1.0
66 19 1 66 9 1.0
66 20 7 66 74 1.0
66 21 0 66 21 1.0
66 22 4 66 74 1.0
66 23 0 66 9 1.0
66 24 0 66 13 1.0
66 25 1 66 46 1.0
66 26 0 66 26 1.0
66 27 4 66 31 1.0
66 28 0 66 28 1.0
66 29 0 66 29 1.0
66 30 0 66 38 1.0
66 31 0 66 31 1.0
66 32 0 66 32 1.0
66 33 4 66 69 1.0
66 34 0 66 34 1.0
66 35 0 66 35 1.0
66 36 8 66 69 1.0
66 37 6 66 69 1.0
66 38 0 66 38 1.0
66 39 5 66 74 1.0
66 40 4 66 29 1.0
66 41 8 66 28 1.0
66 42 3 66 74 1.0
66 43 2 66 5 1.0
66 44 4 66 28 1.0
66 45 4 66 74 1.0
66 46 0 66 46 1.0
66 47 2 66 12 1.0
66 48 7 66 69 1.0
66 49 0 66 49 1.0
66 50 0 66 50 1.0
66 51 6 66 5 1.0
66 52 0 66 52 1.0
66 53 4 66 69 1.0
66 54 1 66 12 1.0
66 55 0 66 55 1.0
66 56 4 66 1 1.0
66 57 7 66 69 1.0
66 58 3 66 29 1.0
66 59 0 66 59 1.0
66 60 0 66 60 1.0
66 61 3 66 13 1.0
66 62 2 66 13 1.0
66 63 5 66 29 1.0
66 64 3 66 5 1.0
66 65 8 66 32 1.0
66 67 0 66 9 1.0
66 68 1 66 12 1.0
66 69 0 66 69 1.0
66 70 0 66 38 1.0
66 71 2 66 35 1.0
66 72 0 66 72 1.0
66 73 0 66 38 1.0
66 74 0 66 74 1.0
66 75 2 66 49 1.0
66 76 6 66 74 1.0
66 77 0 66 13 1.0
66 78 2 66 35 1.0
66 79 6 66 74 1.0
67 0 5 67 53 1.0
67 1 4 67 6 1.0
67 2 0 67 72 1.0
67 3 5 67 32 1.0
67 4 2 67 6 1.0
67 5 5 67 73 1.0
67 6 0 67 6 1.0
67 7 2 67 57 1.0
67 8 2 67 64 1.0
67 9 0 67 9 1.0
67 10 3 67 53 1.0
67 11 0 67 9 1.0
67 12 0 67 12 1.0
67 13 2 67 6 1.0
67 14 3 67 53 1.0
67 15 6 67 41 1.0
67 16 2 67 18 1.0
67 17 0 67 17 1.0
67 18 0 67 18 1.0
67 19 0 67 19 1.0
67 20 0 67 17 1.0
67 21 0 67 21 1.0
67 22 0 67 22 1.0
67 23 0 67 9 1.0
67 24 5 67 64 1.0
67 25 5 67 64 1.0
67 26 5 67 53 1.0
67 27 2 67 59 1.0
67 28 7 67 73 1.0
67 29 3 67 64 1.0
67 30 0 67 30 1.0
67 31 1 67 17 1.0
67 32 0 67 32 1.0
67 33 2 67 6 1.0
67 34 0 67 17 1.0
67 35 1 67 17 1.0
67 36 2 67 53 1.0
67 37 1 67 12 1.0
67 38 6 67 30 1.0
67 39 4 67 64 1.0
67 40 2 67 53 1.0
67 41 0 67 41 1.0
67 42 1 67 53 1.0
67 43 3 67 19 1.0
67 44 1 67 53 1.0
67 45 5 67 64 1.0
67 46 2 67 53 1.0
67 47 4 67 53 1.0
67 48 6 67 64 1.0
67 49 5 67 64 1.0
67 50 0 67 50 1.0
67 51 0 67 12 1.0
67 52 0 67 52 1.0
67 54 5 67 56 1.0
67 55 0 67 55 1.0
67 56 0 67 56 1.0
67 57 0 67 57 1.0
67 58 9 67 73 1.0
67 59 0 67 59 1.0
67 60 0 67 9 1.0
67 61 1 67 53 1.0
67 62 3 67 52 1.0
67 63 2 67 6 1.0
67 65 1 67 78 1.0
67 66 4 67 52 1.0
67 68 0 67 17 1.0
67 69 0 67 9 1.0
67 70 8 67 57 1.0
67 71 0 67 71 1.0
67 72 0 67 72 1.0
67 73 0 67 73 1.0
67 74 0 67 74 1.0
67 75 0 67 75 1.0
67 76 1 67 53 1.0
67 77 2 67 52 1.0
67 78 0 67 78 1.0
67 79 4 67 55 1.0
68 0 5 68 47 1.0
68 1 5 68 16 1.0
68 2 0 68 2 1.0
68 3 0 68 47 1.0
68 4 0 68 4 1.0
68 5 7 68 4 1.0
68 6 5 68 4 1.0
68 7 0 68 7 1.0
68 8 0 68 8 1.0
68 9 0 68 58 1.0
68 10 6 68 32 1.0
68 11 2 68 29 1.0
68 12 0 68 12 1.0
68 13 0 68 13 1.0
68 14 0 68 14 1.0
68 15 0 68 15 1.0
68 18 0 68 18 1.0
68 19 3 68 46 1.0
68 20 0 68 20 1.0
68 21 5 68 28 1.0
68 22 2 68 47 1.0
68 23 4 68 4 1.0
68 24 1 68 17 1.0
68 25 0 68 25 1.0
68 26 0 68 58 1.0
68 29 0 68 29 1.0
68 30 1 68 14 1.0
68 31 0 68 58 1.0
68 33 6 68 28 1.0
68 34 0 68 58 1.0
68 35 9 68 16 1.0
68 36 1 68 47 1.0
68 37 9 68 42 1.0
68 38 6 68 28 1.0
68 39 8 68 64 1.0
68 40 4 68 42 1.0
68 41 8 68 28 1.0
68 43 4 68 46 1.0
68 44 0 68 7 1.0
68 45 2 68 47 1.0
68 46 0 68 46 1.0
68 49 0 68 58 1.0
68 50 0 68 50 1.0
68 51 6 68 42 1.0
68 52 0 68 8 1.0
68 54 0 68 54 1.0
68 55 1 68 17 1.0
68 56 0 68 58 1.0
68 59 2 68 47 1.0
68 60 7 68 4 1.0
68 61 5 68 16 1.0
68 62 4 68 42 1.0
68 63 3 68 2 1.0
68 64 0 68 64 1.0
68 65 0 68 65 1.0
68 66 6 68 28 1.0
68 67 0 68 17 1.0
68 69 4 68 15 1.0
68 70 5 68 16 1.0
68 71 0 68 71 1.0
68 72 5 68 32 1.0
68 75 0 68 58 1.0
68 76 0 68 58 1.0
68 77 8 68 42 1.0
68 78 0 68 17 1.0
68 79 3 68 16 1.0
69 0 4 69 11 1.0
69 1 2 69 53 1.0
69 2 0 69 2 1.0
69 3 1 69 15 1.0
69 4 1 69 25 1.0
69 5 0 69 5 1.0
69 6 6 69 62 1.0
69 7 1 69 62 1.0
69 8 2 69 11 1.0
69 9 0 69 9 1.0
69 10 0 69 23 1.0
69 11 0 69 11 1.0
69 14 8 69 48 1.0
69 15 0 69 15 1.0
69 17 2 69 21 1.0
69 18 0 69 18 1.0
69 19 0 69 38 1.0
69 20 9 69 48 1.0
69 22 1 69 59 1.0
69 23 0 69 23 1.0
69 24 4 69 2 1.0
69 25 0 69 25 1.0
69 26 8 69 48 1.0
69 29 1 69 11 1.0
69 30 9 69 48 1.0
69 31 2 69 12 1.0
69 35 1 69 12 1.0
69 38 0 69 38 1.0
69 39 4 69 2 1.0
69 40 1 69 11 1.0
69 41 0 69 41 1.0
69 42 2 69 23 1.0
69 43 0 69 11 0.453125
69 43 1 69 53 0.546875
69 44 8 69 36 1.0
69 45 3 69 2 1.0
69 49 1 69 23 1.0
69 50 6 69 34 1.0
69 51 1 69 12 1.0
69 52 0 69 52 1.0
69 54 3 69 12 1.0
69 55 3 69 2 1.0
69 56 4 69 2 1.0
69 58 1 69 12 1.0
69 61 0 69 61 1.0
69 62 0 69 62 1.0
69 63 4 69 2 1.0
69 64 5 69 48 1.0
69 65 6 69 57 1.0
69 66 0 69 66 1.0
69 67 5 69 53 1.0
69 68 3 69 2 1.0
69 70 5 69 33 1.0
69 71 3 69 33 1.0
69 72 3 69 52 1.0
69 73 7 69 36 1.0
69 74 1 69 2 1.0
69 75 7 69 2 1.0
69 76 0 69 76 1.0
69 77 2 69 23 1.0
69 78 2 69 23 1.0
69 79 0 69 23 1.0
70 0 0 70 0 1.0
70 1 8 70 16 1.0
70 2 0 70 37 1.0
70 3 4 70 36 1.0
70 4 6 70 57 1.0
70 5 2 70 37 1.0
70 6 6 70 57 1.0
70 7 0 70 7 1.0
70 8 0 70 8 1.0
70 9 7 70 57 1.0
70 10 0 70 0 1.0
70 11 4 70 37 1.0
70 13 6 70 16 1.0
70 14 0 70 14 1.0
70 15 1 70 33 1.0
70 18 0 70 18 1.0
70 19 0 70 19 1.0
70 20 4 70 37 1.0
70 22 0 70 22 1.0
70 23 1 70 0 1.0
70 24 0 70 24 1.0
70 25 5 70 37 1.0
70 26 3 70 33 1.0
70 27 6 70 73 1.0
70 28 10 70 73 1.0
70 29 4 70 64 1.0
70 30 0 70 30 1.0
70 31 0 70 38 1.0
70 32 5 70 57 1.0
70 34 2 70 16 1.0
70 35 3 70 16 1.0
70 38 0 70 38 1.0
70 39 3 70 8 1.0
70 40 6 70 60 1.0
70 41 3 70 37 1.0
70 42 5 70 37 1.0
70 43 1 70 0 1.0
70 44 1 70 7 1.0
70 45 4 70 37 1.0
70 46 3 70 16 1.0
70 47 2 70 22 1.0
70 49 3 70 16 1.0
70 50 7 70 16 1.0
70 51 3 70 8 1.0
70 52 0 70 52 1.0
70 54 0 70 54 1.0
70 55 0 70 55 1.0
70 56 6 70 36 1.0
70 58 5 70 16 1.0
70 59 7 70 36 1.0
70 60 0 70 60 1.0
70 61 0 70 61 1.0
70 62 9 70 57 1.0
70 63 0 70 63 1.0
70 64 0 70 64 1.0
70 65 5 70 57 1.0
70 66 2 70 55 1.0
70 67 8 70 57 1.0
70 68 5 70 16 1.0
70 69 1 70 38 1.0
70 71 4 70 57 1.0
70 72 8 70 57 1.0
70 73 0 70 73 1.0
70 75 0 70 75 1.0
70 76 1 70 79 1.0
70 77 1 70 8 1.0
70 78 5 70 57 1.0
70 79 0 70 79 1.0
71 0 2 71 14 1.0
71 1 2 71 53 1.0
71 2 5 71 68 1.0
71 3 0 71 3 1.0
71 4 0 71 4 1.0
71 5 4 71 3 1.0
71 6 2 71 78 1.0
71 7 4 71 35 1.0
71 8 4 71 35 1.0
71 9 0 71 9 1.0
71 10 0 71 10 1.0
71 11 3 71 43 1.0
71 13 4 71 33 1.0
71 14 0 71 14 1.0
71 15 0 71 15 1.0
71 17 5 71 35 1.0
71 18 0 71 58 1.0
71 19 2 71 78 1.0
71 20 0 71 58 1.0
71 21 1 71 27 1.0
71 22 0 71 22 1.0
71 23 0 71 9 1.0
71 24 2 71 26 1.0
71 25 3 71 33 1.0
71 26 0 71 26 1.0
71 27 0 71 27 1.0
71 29 6 71 68 1.0
71 30 1 71 67 1.0
71 31 5 71 34 1.0
71 32 4 71 43 1.0
71 34 0 71 34 1.0
71 36 1 71 53 1.0
71 37 3 71 35 1.0
71 38 3 71 57 1.0
71 39 3 71 53 1.0
71 40 1 71 78 1.0
71 41 5 71 15 1.0
71 42 1 71 53 1.0
71 43 0 71 43 1.0
71 44 0 71 44 1.0
71 45 4 71 43 1.0
71 46 6 71 35 1.0
71 47 0 71 58 1.0
71 48 2 71 10 1.0
71 49 0 71 49 1.0
71 50 3 71 35 1.0
71 51 5 71 35 1.0
71 52 4 71 53 1.0
71 54 0 71 58 1.0
71 55 3 71 35 1.0
71 56 0 71 56 1.0
71 59 5 71 53 1.0
71 60 2 71 10 1.0
71 61 3 71 53 1.0
71 62 5 71 34 1.0
71 63 4 71 57 1.0
71 64 4 71 53 1.0
71 65 0 71 65 1.0
71 66 2 71 35 1.0
71 67 0 71 67 1.0
71 68 0 71 68 1.0
71 69 4 71 34 1.0
71 70 4 71 57 1.0
71 72 4 71 3 0.171875
71 72 6 71 26 0.828125
71 74 5 71 33 1.0
71 75 8 71 33 1.0
71 76 0 71 58 1.0
71 77 0 71 77 1.0
71 78 0 71 78 1.0
71 79 0 71 79 1.0
72 0 2 72 20 1.0
72 1 0 72 1 1.0
72 2 0 72 2 1.0
72 3 0 72 3 1.0
72 4 5 72 57 1.0
72 5 1 72 1 1.0
72 6 0 72 6 1.0
72 7 5 72 65 1.0
72 8 6 72 33 1.0
72 9 9 72 65 1.0
72 10 6 72 33 1.0
72 11 4 72 2 1.0
72 12 0 72 38 1.0
72 13 3 72 6 1.0
72 14 5 72 74 1.0
72 15 0 72 15 1.0
72 16 1 72 38 1.0
72 17 6 72 74 1.0
72 18 3 72 33 1.0
72 19 6 72 42 1.0
72 20 0 72 20 1.0
72 22 6 72 74 1.0
72 23 5 72 42 1.0
72 24 1 72 2 1.0
72 25 3 72 33 1.0
72 26 0 72 26 1.0
72 27 4 72 32 1.0
72 29 0 72 29 1.0
72 30 0 72 30 1.0
72 31 8 72 32 1.0
72 32 0 72 32 1.0
72 33 0 72 33 1.0
72 35 4 72 36 1.0
72 38 0 72 38 1.0
72 39 0 72 39 1.0
72 40 5 72 52 1.0
72 41 0 72 61 1.0
72 42 0 72 42 1.0
72 43 2 72 15 1.0
72 44 2 72 2 1.0
72 46 1 72 2 1.0
72 49 6 72 74 1.0
72 50 3 72 1 1.0
72 51 2 72 6 1.0
72 52 0 72 52 1.0
72 53 6 72 36 1.0
72 54 3 72 36 1.0
72 55 5 72 2 1.0
72 56 3 72 2 1.0
72 57 0 72 57 1.0
72 60 6 72 3 1.0
72 61 0 72 61 1.0
72 62 9 72 57 1.0
72 63 0 72 63 1.0
72 64 1 72 67 1.0
72 65 0 72 65 1.0
72 66 0 72 66 1.0
72 67 0 72 67 1.0
72 68 2 72 2 1.0
72 69 4 72 15 1.0
72 70 1 72 38 1.0
72 71 2 72 15 0.703125
72 71 4 72 3 0.296875
72 73 5 72 36 1.0
72 74 0 72 74 1.0
72 75 3 72 2 1.0
72 76 0 72 76 1.0
72 77 1 72 63 1.0
72 78 6 72 32 1.0
72 79 0 72 79 1.0
73 1 6 73 5 1.0
73 2 3 73 39 1.0
73 3 6 73 4 1.0
73 4 0 73 4 1.0
73 6 7 73 4 1.0
73 7 0 73 7 1.0
73 8 0 73 8 1.0
73 9 0 73 9 1.0
73 10 0 73 18 1.0
73 11 0 73 11 1.0
73 13 6 73 28 1.0
73 14 0 73 38 1.0
73 15 2 73 28 1.0
73 21 7 73 28 1.0
73 22 1 73 27 1.0
73 24 8 73 28 1.0
73 25 2 73 12 1.0
73 26 0 73 26 1.0
73 29 4 73 5 1.0
73 31 7 73 60 1.0
73 32 2 73 27 1.0
73 33 1 73 18 1.0
73 35 0 73 58 1.0
73 36 0 73 36 1.0
73 37 6 73 5 1.0
73 38 0 73 38 1.0
73 39 0 73 39 1.0
73 40 6 73 5 1.0
73 41 6 73 28 1.0
73 42 3 73 53 1.0
73 44 0 73 44 1.0
73 45 3 73 30 1.0
73 46 0 73 27 1.0
73 49 0 73 58 1.0
73 50 1 73 18 1.0
73 51 3 73 12 1.0
73 52 6 73 5 1.0
73 53 0 73 53 1.0
73 54 0 73 54 1.0
73 55 4 73 70 1.0
73 56 0 73 56 1.0
73 59 3 73 12 1.0
73 60 0 73 60 1.0
73 61 4 73 53 1.0
73 62 0 73 38 1.0
73 63 0 73 63 1.0
73 64 7 73 5 1.0
73 65 0 73 38 1.0
73 66 4 73 5 1.0
73 67 0 73 67 1.0
73 70 0 73 70 1.0
73 71 3 73 27 1.0
73 75 2 73 58 1.0
73 76 0 73 58 1.0
73 77 0 73 77 1.0
73 78 6 73 28 1.0
73 79 1 73 18 1.0
74 1 4 74 6 1.0
74 2 0 74 2 1.0
74 5 0 74 5 1.0
74 6 0 74 6 1.0
74 7 6 74 57 1.0
74 8 5 74 42 1.0
74 9 4 74 5 1.0
74 11 3 74 24 1.0
74 12 6 74 31 1.0
74 13 0 74 13 1.0
74 14 0 74 14 1.0
74 15 1 74 17 1.0
74 20 0 74 20 1.0
74 23 4 74 45 1.0
74 24 0 74 24 1.0
74 25 1 74 46 1.0
74 26 1 74 17 1.0
74 28 0 74 28 1.0
74 33 0 74 33 1.0
74 36 2 74 72 1.0
74 38 6 74 57 1.0
74 39 0 74 39 1.0
74 40 8 74 31 1.0
74 44 2 74 33 1.0
74 45 0 74 45 1.0
74 47 2 74 22 1.0
74 49 0 74 49 1.0
74 50 4 74 45 1.0
74 51 6 74 42 1.0
74 52 6 74 31 1.0
74 54 0 74 17 1.0
74 55 2 74 17 1.0
74 56 2 74 17 1.0
74 58 4 74 31 1.0
74 59 0 74 59 1.0
74 60 6 74 31 1.0
74 61 7 74 42 1.0
74 62 6 74 57 1.0
74 63 7 74 57 1.0
74 64 0 74 64 1.0
74 65 6 74 57 1.0
74 66 0 74 66 1.0
74 67 0 74 67 1.0
74 69 1 74 2 1.0
74 72 0 74 72 1.0
74 73 1 74 5 1.0
74 75 3 74 22 1.0
74 76 0 74 76 1.0
74 77 5 74 42 1.0
74 78 6 74 57 1.0
74 79 0 74 79 1.0
75 0 7 75 37 1.0
75 1 0 75 79 1.0
75 2 0 75 2 1.0
75 3 4 75 32 1.0
75 4 0 75 38 1.0
75 5 3 75 37 1.0
75 6 0 75 9 1.0
75 7 8 75 28 1.0
75 8 3 75 70 1.0
75 9 0 75 9 1.0
75 10 0 75 10 1.0
75 11 0 75 11 1.0
75 12 0 75 12 1.0
75 13 4 75 62 1.0
75 14 2 75 10 1.0
75 15 7 75 41 1.0
75 16 7 75 22 1.0
75 17 3 75 22 1.0
75 18 0 75 18 1.0
75 19 10 75 28 1.0
75 20 1 75 58 1.0
75 21 4 75 18 1.0
75 22 0 75 22 1.0
75 23 0 75 9 1.0
75 24 1 75 11 1.0
75 25 0 75 25 1.0
75 26 7 75 41 1.0
75 27 0 75 27 1.0
75 28 0 75 28 1.0
75 29 6 75 34 1.0
75 30 0 75 38 1.0
75 31 2 75 58 1.0
75 32 0 75 32 1.0
75 33 0 75 33 1.0
75 34 0 75 34 1.0
75 35 0 75 58 1.0
75 36 2 75 70 1.0
75 37 0 75 37 1.0
75 38 0 75 38 1.0
75 39 0 75 39 1.0
75 40 2 75 10 1.0
75 41 0 75 41 1.0
75 42 6 75 34 1.0
75 43 7 75 44 1.0
75 44 0 75 44 1.0
75 45 3 75 37 1.0
75 46 2 75 2 1.0
75 47 0 75 58 1.0
75 48 6 75 18 1.0
75 49 0 75 49 1.0
75 50 8 75 41 1.0
75 51 2 75 12 1.0
75 52 7 75 62 1.0
75 53 3 75 44 1.0
75 54 8 75 62 1.0
75 55 2 75 79 1.0
75 56 0 75 56 1.0
75 57 5 75 11 1.0
75 58 0 75 58 1.0
75 59 1 75 27 1.0
75 60 1 75 9 1.0
75 61 8 75 41 1.0
75 62 0 75 62 1.0
75 63 1 75 10 1.0
75 64 0 75 67 1.0
75 65 3 75 33 1.0
75 66 7 75 28 1.0
75 67 0 75 67 1.0
75 68 0 75 58 1.0
75 69 7 75 2 1.0
75 70 0 75 70 1.0
75 71 3 75 27 1.0
75 72 6 75 32 1.0
75 73 2 75 58 1.0
75 74 3 75 22 1.0
75 76 2 75 79 1.0
75 77 3 75 62 1.0
75 78 3 75 25 1.0
75 79 0 75 79 1.0
76 0 2 76 47 1.0
76 1 2 76 6 1.0
76 2 4 76 72 1.0
76 3 0 76 3 1.0
76 4 2 76 23 1.0
76 5 2 76 12 1.0
76 6 0 76 6 1.0
76 7 0 76 7 1.0
76 8 1 76 79 1.0
76 9 1 76 23 1.0
76 10 0 76 10 1.0
76 11 0 76 11 1.0
76 12 0 76 12 1.0
76 14 2 76 53 1.0
76 15 0 76 15 1.0
76 16 1 76 7 1.0
76 17 5 76 74 1.0
76 18 0 76 58 1.0
76 19 0 76 58 1.0
76 20 0 76 20 1.0
76 21 0 76 27 1.0
76 22 7 76 74 1.0
76 23 0 76 23 1.0
76 24 0 76 24 1.0
76 25 0 76 12 1.0
76 26 0 76 26 1.0
76 27 0 76 27 1.0
76 28 1 76 27 1.0
76 29 0 76 29 1.0
76 30 0 76 30 1.0
76 31 0 76 58 1.0
76 32 6 76 3 1.0
76 33 2 76 6 1.0
76 34 0 76 58 1.0
76 35 0 76 58 1.0
76 36 4 76 72 1.0
76 37 6 76 42 1.0
76 38 5 76 30 1.0
76 39 2 76 53 1.0
76 40 2 76 53 1.0
76 41 0 76 41 1.0
76 42 0 76 42 1.0
76 43 0 76 27 1.0
76 44 4 76 53 1.0
76 45 8 76 24 1.0
76 46 6 76 74 1.0
76 47 0 76 47 1.0
76 48 8 76 3 1.0
76 49 1 76 10 1.0
76 50 0 76 79 1.0
76 51 2 76 79 1.0
76 52 2 76 53 1.0
76 53 0 76 53 1.0
76 54 1 76 47 1.0
76 55 0 76 55 1.0
76 56 1 76 23 1.0
76 57 8 76 74 1.0
76 58 0 76 58 1.0
76 59 1 76 10 1.0
76 60 2 76 10 1.0
76 61 0 76 53 1.0
76 62 0 76 62 1.0
76 63 0 76 10 1.0
76 64 8 76 24 1.0
76 65 1 76 47 1.0
76 66 4 76 55 1.0
76 67 1 76 53 1.0
76 68 0 76 58 1.0
76 69 0 76 69 1.0
76 70 1 76 79 1.0
76 71 1 76 27 1.0
76 72 0 76 72 1.0
76 73 0 76 58 1.0
76 74 0 76 74 1.0
76 75 6 76 62 1.0
76 77 3 76 29 1.0
76 78 3 76 53 1.0
76 79 0 76 79 1.0
77 0 6 77 23 1.0
77 1 0 77 1 1.0
77 2 3 77 1 1.0
77 3 3 77 33 1.0
77 4 3 77 23 1.0
77 5 3 77 1 1.0
77 6 3 77 1 1.0
77 7 0 77 7 1.0
77 8 0 77 8 1.0
77 9 5 77 19 1.0
77 11 4 77 29 1.0
77 12 0 77 12 1.0
77 14 0 77 14 1.0
77 15 2 77 1 1.0
77 16 4 77 1 1.0
77 17 4 77 19 1.0
77 18 5 77 73 1.0
77 19 0 77 19 1.0
77 20 1 77 12 1.0
77 21 1 77 23 1.0
77 22 0 77 59 1.0
77 23 0 77 23 1.0
77 24 1 77 13 1.0
77 25 0 77 25 1.0
77 26 0 77 63 1.0
77 27 9 77 73 1.0
77 28 0 77 28 1.0
77 29 0 77 29 1.0
77 30 1 77 14 1.0
77 31 6 77 28 1.0
77 32 0 77 7 1.0
77 33 0 77 33 1.0
77 34 6 77 29 1.0
77 35 2 77 8 1.0
77 36 6 77 41 1.0
77 37 7 77 28 1.0
77 38 1 77 12 1.0
77 39 4 77 14 1.0
77 40 0 77 40 1.0
77 41 0 77 41 1.0
77 42 0 77 42 1.0
77 43 0 77 43 1.0
77 44 0 77 44 1.0
77 45 1 77 13 1.0
77 46 0 77 46 1.0
77 47 0 77 13 1.0
77 48 6 77 29 1.0
77 49 1 77 13 1.0
77 50 1 77 13 1.0
77 51 0 77 51 1.0
77 52 0 77 52 1.0
77 54 4 77 62 1.0
77 55 4 77 52 1.0
77 56 2 77 1 1.0
77 57 0 77 7 1.0
77 58 0 77 7 1.0
77 59 0 77 59 1.0
77 60 2 77 14 1.0
77 61 2 77 14 1.0
77 62 0 77 62 1.0
77 63 0 77 63 1.0
77 65 2 77 14 1.0
77 66 0 77 13 1.0
77 67 2 77 52 1.0
77 68 9 77 28 1.0
77 69 3 77 59 1.0
77 70 7 77 73 1.0
77 71 0 77 71 1.0
77 72 1 77 63 1.0
77 73 0 77 73 1.0
77 74 5 77 42 1.0
77 75 3 77 62 1.0
77 76 2 77 23 1.0
77 78 6 77 19 1.0
77 79 3 77 33 1.0
78 0 4 78 23 1.0
78 5 1 78 37 1.0
78 6 0 78 6 1.0
78 7 6 78 28 1.0
78 8 0 78 8 1.0
78 11 1 78 27 1.0
78 12 0 78 38 1.0
78 13 2 78 6 1.0
78 14 3 78 53 1.0
78 15 0 78 15 1.0
78 16 1 78 27 1.0
78 17 0 78 17 1.0
78 18 3 78 33 1.0
78 19 0 78 19 1.0
78 20 2 78 17 1.0
78 21 1 78 27 1.0
78 22 2 78 17 1.0
78 23 0 78 23 1.0
78 24 0 78 17 1.0
78 25 0 78 25 1.0
78 26 1 78 53 1.0
78 27 0 78 27 1.0
78 28 0 78 28 1.0
78 29 4 78 46 1.0
78 30 9 78 57 1.0
78 31 2 78 17 1.0
78 32 0 78 32 1.0
78 33 0 78 33 1.0
78 34 5 78 41 1.0
78 35 0 78 35 1.0
78 36 4 78 19 1.0
78 37 0 78 37 1.0
78 38 0 78 38 1.0
78 39 4 78 53 1.0
78 40 0 78 40 1.0
78 41 0 78 41 1.0
78 42 6 78 53 1.0
78 43 9 78 19 1.0
78 44 0 78 27 1.0
78 45 0 78 45 1.0
78 46 0 78 46 1.0
78 47 0 78 47 1.0
78 48 6 78 65 1.0
78 49 2 78 23 1.0
78 50 4 78 6 1.0
78 51 7 78 19 1.0
78 52 6 78 53 1.0
78 54 7 78 19 1.0
78 55 2 78 23 1.0
78 56 0 78 56 1.0
78 57 0 78 57 1.0
78 58 1 78 37 1.0
78 59 4 78 53 1.0
78 60 6 78 65 1.0
78 61 4 78 53 1.0
78 62 1 78 6 1.0
78 63 4 78 6 1.0
78 65 0 78 65 1.0
78 66 2 78 35 1.0
78 67 0 78 67 1.0
78 68 7 78 28 1.0
78 70 5 78 57 1.0
78 71 0 78 71 1.0
78 72 5 78 57 1.0
78 73 4 78 53 1.0
78 74 4 78 6 1.0
78 75 3 78 25 1.0
78 76 3 78 53 1.0
78 77 3 78 23 1.0
78 79 3 78 6 1.0
79 0 0 79 0 1.0
79 1 0 79 1 1.0
79 2 1 79 1 1.0
79 3 2 79 33 1.0
79 4 4 79 6 1.0
79 5 0 79 1 1.0
79 6 0 79 6 1.0
79 7 2 79 16 1.0
79 8 0 79 8 1.0
79 9 0 79 23 1.0
79 10 0 79 0 1.0
79 11 0 79 11 1.0
79 12 0 79 0 1.0
79 14 2 79 45 1.0
79 15 0 79 15 1.0
79 16 0 79 16 1.0
79 17 4 79 74 1.0
79 18 0 79 18 1.0
79 19 0 79 1 1.0
79 20 7 79 74 1.0
79 21 2 79 18 1.0
79 22 0 79 22 1.0
79 23 0 79 23 1.0
79 24 1 79 11 1.0
79 25 2 79 18 1.0
79 26 8 79 76 1.0
79 27 2 79 11 1.0
79 28 4 79 31 1.0
79 29 2 79 11 1.0
79 30 3 79 45 1.0
79 31 0 79 31 1.0
79 32 2 79 72 1.0
79 33 0 79 33 1.0
79 34 0 79 23 1.0
79 35 0 79 8 1.0
79 36 0 79 36 1.0
79 37 1 79 11 1.0
79 38 0 79 11 1.0
79 39 0 79 39 1.0
79 40 2 79 1 1.0
79 41 7 79 76 1.0
79 42 5 79 76 1.0
79 43 1 79 0 1.0
79 44 3 79 55 1.0
79 45 0 79 45 1.0
79 46 4 79 74 1.0
79 47 6 79 76 1.0
79 48 1 79 18 1.0
79 49 4 79 55 1.0
79 50 0 79 50 1.0
79 51 0 79 51 1.0
79 52 7 79 55 1.0
79 54 0 79 0 1.0
79 55 0 79 55 1.0
79 56 1 79 1 1.0
79 57 1 79 70 1.0
79 58 0 79 18 1.0
79 59 0 79 0 1.0
79 60 0 79 60 1.0
79 61 5 79 39 1.0
79 62 7 79 76 1.0
79 63 2 79 11 1.0
79 65 3 79 33 1.0
79 66 0 79 11 1.0
79 67 4 79 55 1.0
79 68 1 79 18 1.0
79 69 2 79 11 1.0
79 70 0 79 70 1.0
79 71 0 79 71 1.0
79 72 0 79 72 1.0
79 73 0 79 8 1.0
79 74 0 79 74 1.0
79 75 0 79 75 1.0
79 76 0 79 76 1.0
79 77 3 79 33 1.0
79 78 5 79 33 1.0
