11_625_1000_1000_0_0 250 750 0.634431 0.11682 4.9232 9.97778 550.019 7.44058
11_625_1000_1000_0_0 250 750 500 3555449 46117645500 12971 7110.9 92235291 9.40054e+07
11_625_1000_1000_1_1 250 750 0.634431 0.11682 4.9232 9.97778 550.019 7.44058
11_625_1000_1000_1_1 250 750 500 3555449 46117645500 12971 7110.9 92235291 9.40054e+07
11_625_1000_1000_2_2 250 750 0.636424 0.116663 4.93143 10.0089 200.025 7.47574
11_625_1000_1000_2_2 250 750 500 3555544 46117177500 12970.5 7111.09 92234355 9.47105e+07
11_625_1000_1000_3_3 250 750 0.633971 0.116791 4.89318 10.0101 310.35 7.4408
11_625_1000_1000_3_3 250 750 500 3555049 46113327000 12971.2 7110.1 92226654 9.43337e+07
11_625_1000_1000_4_4 250 750 0.634281 0.116772 4.91456 9.98617 1180.03 7.44221
11_625_1000_1000_4_4 250 750 500 3555241 46110522000 12969.7 7110.48 92221044 9.43426e+07
11_625_1000_1000_5_5 250 750 0.633646 0.116668 4.89026 10.0234 300.017 7.43885
11_625_1000_1000_5_5 250 750 500 3555430 46119121500 12971.5 7110.86 92238243 9.42847e+07
11_625_1000_1000_6_6 250 750 0.637817 0.116785 4.91093 10.0328 1100.03 7.45332
11_625_1000_1000_6_6 250 750 500 3555352 46110874500 12969.4 7110.7 92221749 9.50011e+07
11_625_1000_1000_7_7 250 750 0.635081 0.116616 4.93102 10.0101 250.048 7.46641
11_625_1000_1000_7_7 250 750 500 3555603 46116996000 12970.2 7111.21 92233992 9.43891e+07
11_625_1000_1000_8_8 250 750 0.637118 0.116789 4.89818 10.008 1200.05 7.45912
11_625_1000_1000_8_8 250 750 500 3555555 46116684000 12970.3 7111.11 92233368 9.45621e+07
11_625_1000_1000_9_9 250 750 0.634602 0.116712 4.95161 9.97658 180.044 7.44654
11_625_1000_1000_9_9 250 750 500 3555007 46106730000 12969.5 7110.01 92213460 9.43351e+07
