42_5_10_200_0_49 50 150 0.522413 0.0866207 0.478566 10.2963 211.77 2.54363
42_5_10_200_0_49 50 150 100 1375187 48402655500 35197.1 13751.9 484026555 2.29531e+09
42_5_10_200_50_99 50 150 0.492382 0.0869275 0.473366 10.1136 201.496 2.42892
42_5_10_200_50_99 50 150 100 1375876 48560019000 35293.9 13758.8 485600190 2.3052e+09
42_5_10_200_100_149 50 150 0.526886 0.0865757 0.476638 10.3483 194.907 2.57649
42_5_10_200_100_149 50 150 100 1376222 48317092500 35108.5 13762.2 483170925 2.16745e+09
42_5_10_200_150_199 50 150 0.501799 0.0871064 0.475016 10.2613 256.768 2.49109
42_5_10_200_150_199 50 150 100 1376502 48759043500 35422.4 13765 487590435 2.39307e+09
42_5_10_200_200_249 50 150 0.507777 0.087074 0.478233 10.2796 229.977 2.52449
42_5_10_200_200_249 50 150 100 1377301 48702561000 35360.9 13773 487025610 2.25318e+09
42_5_10_200_250_299 50 150 0.51937 0.0872971 0.477782 10.3173 209.372 2.53952
42_5_10_200_250_299 50 150 100 1376588 48609879000 35311.9 13765.9 486098790 2.18065e+09
42_5_10_200_300_349 50 150 0.559669 0.0869991 0.479325 10.7424 351.554 2.66316
42_5_10_200_300_349 50 150 100 1377229 48502878000 35217.7 13772.3 485028780 2.38222e+09
42_5_10_200_350_399 50 150 0.528316 0.087174 0.487272 10.4961 217.215 2.65599
42_5_10_200_350_399 50 150 100 1377328 48506797500 35218 13773.3 485067975 2.3316e+09
42_5_10_200_400_449 50 150 0.480579 0.0870997 0.465569 9.88046 200.871 2.31818
42_5_10_200_400_449 50 150 100 1377692 48544918500 35236.4 13776.9 485449185 2.07745e+09
42_5_10_200_450_499 50 150 0.537882 0.0866811 0.47087 10.278 299.353 2.46228
42_5_10_200_450_499 50 150 100 1377427 48059592000 34890.8 13774.3 480595920 2.30714e+09
