55_0_0_200_0_49 50 150 0.486492 0.125076 0.624701 9.95472 206.35 3.06245
55_0_0_200_0_49 50 150 100 1780657 62240878500 34953.9 17806.6 622408785 3.26353e+09
55_0_0_200_50_99 50 150 0.499874 0.125292 0.630379 10.023 192.557 3.11568
55_0_0_200_50_99 50 150 100 1780748 62407659000 35045.8 17807.5 624076590 3.32439e+09
55_0_0_200_100_149 50 150 0.485845 0.125851 0.634336 9.98423 188.821 3.12862
55_0_0_200_100_149 50 150 100 1780787 62290324500 34979.1 17807.9 622903245 3.452e+09
55_0_0_200_150_199 50 150 0.495057 0.126244 0.639812 9.88553 374.206 3.11668
55_0_0_200_150_199 50 150 100 1782101 62622087000 35139.5 17821 626220870 3.61107e+09
55_0_0_200_200_249 50 150 0.493148 0.12641 0.64035 10.0194 182.637 3.16557
55_0_0_200_200_249 50 150 100 1782955 62696328000 35164.3 17829.5 626963280 3.491e+09
55_0_0_200_250_299 50 150 0.49616 0.126011 0.634083 10.0642 224.108 3.16747
55_0_0_200_250_299 50 150 100 1781657 62471010000 35063.4 17816.6 624710100 3.47147e+09
55_0_0_200_300_349 50 150 0.496946 0.125218 0.633473 9.98976 200.859 3.14315
55_0_0_200_300_349 50 150 100 1783064 62362881000 34975.1 17830.6 623628810 3.36171e+09
55_0_0_200_350_399 50 150 0.501019 0.126787 0.644354 10.0369 226.848 3.19881
55_0_0_200_350_399 50 150 100 1782927 62471511000 35038.7 17829.3 624715110 3.49208e+09
55_0_0_200_400_449 50 150 0.507623 0.126341 0.655987 10.2424 168.068 3.34265
55_0_0_200_400_449 50 150 100 1783490 62565421500 35080.3 17834.9 625654215 3.42452e+09
55_0_0_200_450_499 50 150 0.49093 0.125782 0.632866 10.046 189.73 3.16019
55_0_0_200_450_499 50 150 100 1782840 62096592000 34830.2 17828.4 620965920 3.3772e+09
