23_5_10_200_0_0 50 150 0.718478 0.124698 0.59516 10.0196 340.918 2.72802
23_5_10_200_0_0 50 150 100 866704 30372571500 35043.8 8667.04 303725715 1.89173e+09
23_5_10_200_1_1 50 150 0 0   0 0
23_5_10_200_1_1 50 150 100 0 0 0 0 0 0
23_5_10_200_2_2 50 150 0 0   0 0
23_5_10_200_2_2 50 150 100 0 0 0 0 0 0
23_5_10_200_3_3 50 150 0 0   0 0
23_5_10_200_3_3 50 150 100 0 0 0 0 0 0
23_5_10_200_4_4 50 150 0 0   0 0
23_5_10_200_4_4 50 150 100 0 0 0 0 0 0
23_5_10_200_5_5 50 150 0 0   0 0
23_5_10_200_5_5 50 150 100 0 0 0 0 0 0
23_5_10_200_6_6 50 150 0 0   0 0
23_5_10_200_6_6 50 150 100 0 0 0 0 0 0
23_5_10_200_7_7 50 150 0 0   0 0
23_5_10_200_7_7 50 150 100 0 0 0 0 0 0
23_5_10_200_8_8 50 150 0 0   0 0
23_5_10_200_8_8 50 150 100 0 0 0 0 0 0
23_5_10_200_9_9 50 150 0 0   0 0
23_5_10_200_9_9 50 150 100 0 0 0 0 0 0
