5_875_1000_100_0_0 25 75 0.801826 0.091334 0.606159 14.4078 176.423 3.75072
5_875_1000_100_0_0 25 75 50 108642 3765124500 34656.3 2172.84 75302490 4.45408e+08
5_875_1000_100_1_1 25 75 0.801826 0.091334 0.606159 14.4078 176.423 3.75072
5_875_1000_100_1_1 25 75 50 108642 3765124500 34656.3 2172.84 75302490 4.45408e+08
5_875_1000_100_2_2 25 75 0.651651 0.0890951 0.597753 11.7554 167.731 3.53277
5_875_1000_100_2_2 25 75 50 108213 3727099500 34442.3 2164.26 74541990 3.97991e+08
5_875_1000_100_3_3 25 75 0.509953 0.0912799 0.541192 10.127 114.604 2.76496
5_875_1000_100_3_3 25 75 50 108237 3748116000 34628.8 2164.74 74962320 3.08075e+08
5_875_1000_100_4_4 25 75 0.539008 0.0926078 0.561141 10.5474 123.143 3.01001
5_875_1000_100_4_4 25 75 50 108110 3796155000 35113.8 2162.2 75923100 3.53214e+08
5_875_1000_100_5_5 25 75 0.586115 0.0911746 0.528966 10.2558 169.83 2.75305
5_875_1000_100_5_5 25 75 50 108205 3758832000 34738.1 2164.1 75176640 3.45699e+08
5_875_1000_100_6_6 25 75 0.515369 0.087406 0.495672 9.79159 118.509 2.26563
5_875_1000_100_6_6 25 75 50 108246 3704952000 34227.1 2164.92 74099040 3.18771e+08
5_875_1000_100_7_7 25 75 0.440836 0.0930329 0.532626 9.17203 109.583 2.50757
5_875_1000_100_7_7 25 75 50 108154 3697084500 34183.5 2163.08 73941690 3.22639e+08
5_875_1000_100_8_8 25 75 0.614198 0.0932759 0.600354 11.2661 115.357 3.43148
5_875_1000_100_8_8 25 75 50 108347 3817290000 35232.1 2166.94 76345800 4.35515e+08
5_875_1000_100_9_9 25 75 0.617896 0.0901011 0.53872 10.8058 120.656 3.02997
5_875_1000_100_9_9 25 75 50 108260 3769270500 34816.8 2165.2 75385410 3.90874e+08
