29_0_0_100_0_0 25 75 0.84085 0.152185 0.823389 10.1076 305.221 3.83671
29_0_0_100_0_0 25 75 50 261909 9100336500 34746.2 5238.18 182006730 1.07374e+09
29_0_0_100_1_1 25 75 0.84085 0.152185 0.823389 10.1076 305.221 3.83671
29_0_0_100_1_1 25 75 50 261909 9100336500 34746.2 5238.18 182006730 1.07374e+09
29_0_0_100_2_2 25 75 0.849469 0.157727 0.932638 10.305 186.785 4.18244
29_0_0_100_2_2 25 75 50 261553 9171117000 35064.1 5231.06 183422340 1.15733e+09
29_0_0_100_3_3 25 75 0.858214 0.155283 0.872792 10.4055 194.29 4.08475
29_0_0_100_3_3 25 75 50 261911 9151423500 34941 5238.22 183028470 1.21576e+09
29_0_0_100_4_4 25 75 0.828213 0.157274 0.914169 10.2725 204.703 4.18106
29_0_0_100_4_4 25 75 50 261443 9226144500 35289.3 5228.86 184522890 1.21769e+09
29_0_0_100_5_5 25 75 0.814161 0.156207 0.891735 10.1753 186.068 4.06301
29_0_0_100_5_5 25 75 50 261171 9106003500 34866.1 5223.42 182120070 1.09688e+09
29_0_0_100_6_6 25 75 0.763248 0.155589 0.844029 10.1998 195.3 3.95252
29_0_0_100_6_6 25 75 50 261880 9151441500 34945.2 5237.6 183028830 1.12821e+09
29_0_0_100_7_7 25 75 0.740966 0.156008 0.866165 9.93181 183.932 3.91212
29_0_0_100_7_7 25 75 50 261509 9190272000 35143.2 5230.18 183805440 1.16593e+09
29_0_0_100_8_8 25 75 0.765322 0.156063 0.867387 10.0501 293.139 3.97575
29_0_0_100_8_8 25 75 50 261269 9167601000 35088.7 5225.38 183352020 1.10887e+09
29_0_0_100_9_9 25 75 0.857647 0.155434 0.89994 10.3876 191.209 4.14223
29_0_0_100_9_9 25 75 50 261604 9132697500 34910.4 5232.08 182653950 1.1483e+09
