52_0_0_1000_50_99 250 750 13.472 10.5634 31.6501 60.9095 2500.09 40.0674
52_0_0_1000_50_99 250 750 500 3001338 90691924500 30217.2 6002.68 181383849 4.51842e+09
52_0_0_1000_100_149 250 750 13.4744 10.5075 31.4901 60.7342 2710.17 39.8289
52_0_0_1000_100_149 250 750 500 2988546 91190478000 30513.3 5977.09 182380956 4.66979e+09
52_0_0_1000_150_199 250 750 13.5289 10.5437 31.7171 63.6786 2610.01 40.5485
52_0_0_1000_150_199 250 750 500 2995358 92714943000 30952.9 5990.72 185429886 4.92158e+09
52_0_0_1000_200_249 250 750 13.4671 10.4823 31.3214 60.4007 3920.1 39.6789
52_0_0_1000_200_249 250 750 500 3003106 90899496000 30268.5 6006.21 181798992 4.56564e+09
52_0_0_1000_250_299 250 750 13.4295 10.5154 31.5156 61.4417 2289.97 40.0731
52_0_0_1000_250_299 250 750 500 2930879 90092794500 30739.2 5861.76 180185589 4.71594e+09
52_0_0_1000_300_349 250 750 13.4945 10.528 31.6644 61.2509 2880.08 40.1853
52_0_0_1000_300_349 250 750 500 2985894 90745845000 30391.5 5971.79 181491690 4.63245e+09
52_0_0_1000_350_399 250 750 13.4672 10.5285 31.6251 60.4785 4299.99 40.0546
52_0_0_1000_350_399 250 750 500 3009086 90600648000 30109 6018.17 181201296 4.45857e+09
52_0_0_1000_400_449 250 750 13.6619 10.516 31.7601 65.1044 3910.01 40.7158
52_0_0_1000_400_449 250 750 500 2999934 92717845500 30906.6 5999.87 185435691 4.95483e+09
52_0_0_1000_450_499 250 750 13.4821 10.5635 31.6931 60.3364 2329.92 40.0795
52_0_0_1000_450_499 250 750 500 2971334 92321430000 31070.7 5942.67 184642860 5.18753e+09
52_0_0_1000_0_49 250 750 13.3437 10.5006 31.5858 60.327 2480.62 39.9502
52_0_0_1000_0_49 250 750 500 2986414 91947903000 30788.7 5972.83 183895806 4.93379e+09
