1_55_100_240_0_0 60 180 0.599974 0.150411 0.723552 10.1985 500.065 2.78028
1_55_100_240_0_0 60 180 120 4183206 113968299000 27244.2 34860.1 949735825 2.92765e+09
1_55_100_240_1_1 60 180 0.599974 0.150411 0.723552 10.1985 500.065 2.78028
1_55_100_240_1_1 60 180 120 4183206 113968299000 27244.2 34860.1 949735825 2.92765e+09
1_55_100_240_2_2 60 180 0.603989 0.150228 0.715654 10.1343 477.296 2.7201
1_55_100_240_2_2 60 180 120 4183212 113968657500 27244.3 34860.1 9.49739e+08 2.94112e+09
1_55_100_240_3_3 60 180 0.602183 0.150188 0.719849 10.1841 433.765 2.76043
1_55_100_240_3_3 60 180 120 4183215 113968794000 27244.3 34860.1 949739950 2.92617e+09
1_55_100_240_4_4 60 180 0.602455 0.150082 0.716502 10.2523 484.828 2.74926
1_55_100_240_4_4 60 180 120 4183211 113968873500 27244.4 34860.1 9.49741e+08 2.92765e+09
1_55_100_240_5_5 60 180 0.612152 0.150152 0.719633 10.2895 500.032 2.79992
1_55_100_240_5_5 60 180 120 4183216 113968917000 27244.3 34860.1 949740975 2.95914e+09
1_55_100_240_6_6 60 180 0.606466 0.150144 0.716979 10.2087 456.429 2.74554
1_55_100_240_6_6 60 180 120 4183208 113968683000 27244.3 34860.1 949739025 2.94566e+09
1_55_100_240_7_7 60 180 0.592307 0.150168 0.713629 10.1099 467.049 2.69095
1_55_100_240_7_7 60 180 120 4183214 113968368000 27244.2 34860.1 949736400 2.90974e+09
1_55_100_240_8_8 60 180 0.60798 0.150555 0.720808 10.1747 500.058 2.75134
1_55_100_240_8_8 60 180 120 4183203 113968744500 27244.4 34860 9.4974e+08 2.89338e+09
1_55_100_240_9_9 60 180 0.604977 0.150529 0.720261 10.29 477.056 2.80186
1_55_100_240_9_9 60 180 120 4183206 113968827000 27244.4 34860.1 949740225 2.9286e+09
