7_5_10_1000_0_0 250 750 0.560117 0.11347 2.10889 10.131 89.6577 5.89849
7_5_10_1000_0_0 250 750 500 554591 19469982000 35106.9 1109.18 38939964 2.83852e+08
7_5_10_1000_1_1 250 750 0.560117 0.11347 2.10889 10.131 89.6577 5.89849
7_5_10_1000_1_1 250 750 500 554591 19469982000 35106.9 1109.18 38939964 2.83852e+08
7_5_10_1000_2_2 250 750 0.546588 0.113443 2.01442 9.9849 369.917 5.70983
7_5_10_1000_2_2 250 750 500 553155 19125226500 34574.8 1106.31 38250453 2.61316e+08
7_5_10_1000_3_3 250 750 0.546223 0.11334 2.00612 9.88305 127.798 5.66125
7_5_10_1000_3_3 250 750 500 553159 19071286500 34477 1106.32 38142573 2.61779e+08
7_5_10_1000_4_4 250 750 0.561578 0.114199 2.1831 10.0175 127.921 5.89312
7_5_10_1000_4_4 250 750 500 552446 19597758000 35474.5 1104.89 39195516 2.86751e+08
7_5_10_1000_5_5 250 750 0.552082 0.113751 2.04923 10.1516 279.808 5.82811
7_5_10_1000_5_5 250 750 500 551875 19377744000 35112.6 1103.75 38755488 2.6816e+08
7_5_10_1000_6_6 250 750 0.552314 0.113457 2.03856 9.96461 592.626 5.71561
7_5_10_1000_6_6 250 750 500 552154 19080579000 34556.6 1104.31 38161158 2.75582e+08
7_5_10_1000_7_7 250 750 0.550441 0.113246 1.92149 9.99707 608.89 5.70223
7_5_10_1000_7_7 250 750 500 552940 19226008500 34770.5 1105.88 38452017 2.80895e+08
7_5_10_1000_8_8 250 750 0.537588 0.113809 1.95676 9.92117 99.069 5.59522
7_5_10_1000_8_8 250 750 500 554284 19210897500 34658.9 1108.57 38421795 2.55121e+08
7_5_10_1000_9_9 250 750 0.544777 0.113424 2.00751 9.99233 139.382 5.70918
7_5_10_1000_9_9 250 750 500 551613 19097532000 34621.3 1103.23 38195064 2.59749e+08
