1850 1517 6000 30.3527
1850 1518 9000 36.4705
1850 1519 7500 41.4578
1850 1520 15000 35.8656
1850 1521 66000 4.82946
1850 1522 10500 15.2464
1850 1523 6000 22.5971
1850 1524 10500 26.7212
1850 1525 6000 30.1644
1850 1526 6000 28.0656
1850 1527 15000 36.0272
1850 1528 63000 29.9939
1850 1529 10500 46.1931
1850 1530 13500 9.35917
1850 1531 16500 41.1705
1850 1532 19500 44.3505
1850 1533 6000 29.3167
1850 1534 7500 11.9239
1850 1535 19500 1.40503
1850 1536 9000 35.2601
1850 1537 231000 11.5696
1850 1538 19500 47.4046
1850 1539 6000 27.7276
1850 1540 39000 43.8838
1850 1541 9000 28.45
1850 1542 10500 41.5162
1850 1543 7500 48.4264
1850 1544 6000 9.74575
1850 1545 43500 31.9362
1850 1546 6000 6.34996
1850 1547 10500 42.2672
1850 1548 7500 13.2889
1850 1549 10500 42.8205
1850 1550 6000 34.7249
1850 1551 6000 0.154526
1850 1552 9000 47.65
1850 1553 51000 0.971379
1850 518 9000 22.7517
1850 519 6000 25.3711
1850 520 21000 31.1358
1850 521 6000 1.81722
1850 522 15000 12.3983
1850 523 13500 12.1297
1850 524 18000 48.0103
1850 525 40500 21.7575
1850 526 7500 4.30015
1850 527 10500 43.3608
1850 528 30000 2.0742
1851 1517 28500 16.224
1851 1518 9000 44.7658
1851 1519 9000 37.3343
1851 1520 6000 27.7937
1851 1521 12000 43.1704
1851 1522 6000 16.0619
1851 1523 10500 22.6774
1851 1524 19500 22.6204
1851 1525 40500 8.57807
1851 1526 28500 22.1038
1851 1527 7500 32.3661
1851 1528 6000 40.5142
1851 1529 7500 28.4537
1851 1530 9000 25.6333
1851 1531 16500 4.80314
1851 1532 7500 22.2743
1851 1533 7500 11.3583
1851 1534 13500 4.95767
1851 1535 15000 20.9242
1851 1536 9000 12.3296
1851 1537 6000 27.7093
1851 1538 30000 46.2954
1851 1539 94500 43.4654
1851 1540 6000 29.5265
1851 1541 9000 9.69369
1851 1542 12000 6.59512
1851 1543 10500 28.5368
1851 1544 108000 31.4512
1851 1545 7500 10.8953
1851 1546 13500 22.8976
1851 1547 13500 33.5254
1851 1548 24000 27.1193
1851 1549 10500 18.6634
1851 1550 7500 21.8596
1851 1551 45000 5.91295
1851 1552 6000 12.8338
1851 1553 9000 37.9215
1851 518 39000 28.5904
1851 519 6000 35.4542
1851 520 9000 46.4996
1851 521 6000 1.69417
1851 522 9000 18.8203
1851 523 9000 38.0138
1851 524 63000 30.1479
1851 525 7500 44.4536
1851 526 48000 42.817
1851 527 33000 3.42217
1851 528 10500 6.81191
1852 1517 25500 47.7747
1852 1518 9000 24.3464
1852 1519 13500 19.1415
1852 1520 27000 26.484
1852 1521 16500 21.6417
1852 1522 93000 13.607
1852 1523 7500 7.01052
1852 1524 10500 31.3354
1852 1525 9000 20.2021
1852 1526 36000 35.5474
1852 1527 18000 13.7866
1852 1528 16500 31.0974
1852 1529 16500 9.44495
1852 1530 6000 47.312
1852 1531 10500 9.21667
1852 1532 6000 28.1083
1852 1533 10500 20.1717
1852 1534 15000 15.1296
1852 1535 52500 40.9421
1852 1536 40500 9.09322
1852 1537 6000 43.72
1852 1538 370500 27.3963
1852 1539 9000 6.59283
1852 1540 10500 45.4142
1852 1541 9000 46.2166
1852 1542 24000 44.6067
1852 1543 7500 26.5621
1852 1544 6000 41.6702
1852 1545 13500 38.4237
1852 1546 6000 29.9843
1852 1547 18000 48.4821
1852 1548 9000 37.1983
1852 1549 15000 5.33066
1852 1550 28500 18.6237
1852 1551 27000 14.6823
1852 1552 6000 26.9724
1852 1553 13500 32.2307
1852 518 7500 21.6928
1852 519 9000 9.30782
1852 520 81000 3.43278
1852 521 7500 8.24019
1852 522 7500 23.0944
1852 523 21000 34.5302
1852 524 7500 17.6851
1852 525 6000 21.4065
1852 526 240000 43.7468
1852 527 25500 45.7935
1852 528 9000 41.5782
1853 1517 6000 9.87646
1853 1518 6000 37.7356
1853 1519 7500 1.67138
1853 1520 6000 4.59646
1853 1521 13500 16.1318
1853 1522 22500 8.26421
1853 1523 19500 1.01064
1853 1524 13500 13.3484
1853 1525 12000 3.8709
1853 1526 7500 27.5727
1853 1527 6000 6.01867
1853 1528 10500 42.2946
1853 1529 12000 8.55701
1853 1530 16500 5.50081
1853 1531 6000 30.4929
1853 1532 33000 13.8877
1853 1533 12000 24.1245
1853 1534 7500 45.1752
1853 1535 10500 40.8601
1853 1536 12000 7.35518
1853 1537 9000 17.868
1853 1538 9000 1.16788
1853 1539 9000 10.788
1853 1540 9000 26.1082
1853 1541 6000 24.2623
1853 1542 7500 45.3181
1853 1543 15000 43.7934
1853 1544 18000 45.6688
1853 1545 78000 40.065
1853 1546 72000 40.5868
1853 1547 9000 38.247
1853 1548 15000 0.941425
1853 1549 12000 29.3224
1853 1550 6000 39.9183
1853 1551 7500 5.53789
1853 1552 10500 45.4543
1853 1553 6000 48.1826
1853 518 13500 6.54852
1853 519 54000 9.8027
1853 520 138000 3.05345
1853 521 30000 34.1213
1853 522 9000 15.8214
1853 523 6000 45.348
1853 524 16500 42.6783
1853 525 9000 21.3222
1853 526 19500 26.8409
1853 527 16500 7.56595
1853 528 19500 45.4467
1854 1517 6000 23.0161
1854 1518 6000 48.426
1854 1519 46500 3.80187
1854 1520 19500 40.8842
1854 1521 6000 0.5939
1854 1522 10500 14.5898
1854 1523 10500 17.9924
1854 1524 7500 24.8562
1854 1525 13500 10.908
1854 1526 16500 12.7857
1854 1527 7500 21.525
1854 1528 9000 1.97293
1854 1529 7500 4.37258
1854 1530 6000 10.772
1854 1531 21000 2.91436
1854 1532 6000 33.695
1854 1533 6000 1.69036
1854 1534 7500 8.45224
1854 1535 10500 30.1493
1854 1536 10500 0.872918
1854 1537 6000 15.0008
1854 1538 27000 39.952
1854 1539 12000 3.92637
1854 1540 7500 0.12203
1854 1541 303000 6.77332
1854 1542 6000 0.274395
1854 1543 6000 42.8003
1854 1544 10500 28.0955
1854 1545 18000 27.1153
1854 1546 10500 1.36626
1854 1547 6000 24.5422
1854 1548 6000 1.13143
1854 1549 13500 0.792272
1854 1550 6000 28.3441
1854 1551 93000 42.0156
1854 1552 28500 1.38617
1854 1553 7500 42.9339
1854 518 9000 11.008
1854 519 43500 26.2424
1854 520 19500 4.84185
1854 521 9000 23.7937
1854 522 15000 47.7675
1854 523 7500 6.81479
1854 524 10500 28.1663
1854 525 6000 9.53946
1854 526 9000 9.72914
1854 527 15000 12.8613
1854 528 28500 11.2298
1855 1517 154500 18.1814
1855 1518 6000 43.0105
1855 1519 21000 12.1027
1855 1520 7500 33.1822
1855 1521 21000 33.9625
1855 1522 19500 16.0291
1855 1523 15000 33.3042
1855 1524 6000 40.7358
1855 1525 7500 16.3035
1855 1526 13500 27.1045
1855 1527 9000 19.8313
1855 1528 7500 43.4188
1855 1529 6000 28.4707
1855 1530 6000 44.3735
1855 1531 15000 44.5503
1855 1532 84000 29.263
1855 1533 13500 23.7176
1855 1534 6000 37.5658
1855 1535 16500 30.6492
1855 1536 6000 17.6514
1855 1537 10500 48.5738
1855 1538 6000 7.8916
1855 1539 178500 22.4933
1855 1540 7500 23.3675
1855 1541 18000 6.65905
1855 1542 6000 29.3081
1855 1543 72000 2.5338
1855 1544 7500 16.1985
1855 1545 6000 39.0372
1855 1546 6000 15.3951
1855 1547 6000 27.4283
1855 1548 9000 8.21861
1855 1549 7500 9.40562
1855 1550 12000 39.5311
1855 1551 19500 41.4008
1855 1552 16500 43.3681
1855 1553 67500 6.56018
1855 518 7500 25.705
1855 519 9000 35.1039
1855 520 7500 22.8637
1855 521 9000 3.80945
1855 522 7500 5.93522
1855 523 7500 17.2825
1855 524 10500 32.2802
1855 525 33000 1.30872
1855 526 16500 12.8328
1855 527 9000 12.5432
1855 528 9000 25.0263
1856 1517 22500 1.39861
1856 1518 6000 43.1924
1856 1519 15000 42.6777
1856 1520 6000 0.972412
1856 1521 6000 2.08401
1856 1522 79500 16.171
1856 1523 12000 24.3399
1856 1524 7500 8.74305
1856 1525 10500 45.4791
1856 1526 28500 26.8737
1856 1527 7500 24.9416
1856 1528 13500 35.5163
1856 1529 6000 42.2688
1856 1530 21000 3.3699
1856 1531 10500 43.7349
1856 1532 7500 2.67444
1856 1533 6000 42.901
1856 1534 16500 36.1357
1856 1535 7500 46.0425
1856 1536 9000 0.461151
1856 1537 7500 12.8406
1856 1538 9000 32.1465
1856 1539 180000 23.3248
1856 1540 6000 16.6501
1856 1541 6000 38.0817
1856 1542 12000 40.6074
1856 1543 7500 48.9303
1856 1544 10500 39.3904
1856 1545 9000 4.44012
1856 1546 126000 12.4735
1856 1547 34500 15.4167
1856 1548 6000 5.83872
1856 1549 13500 6.66591
1856 1550 64500 9.09438
1856 1551 25500 6.81113
1856 1552 12000 8.74992
1856 1553 78000 25.2654
1856 518 6000 31.1511
1856 519 7500 17.493
1856 520 6000 21.7445
1856 521 6000 9.02479
1856 522 31500 42.4345
1856 523 15000 8.26078
1856 524 16500 2.29361
1856 525 6000 45.8044
1856 526 7500 2.9957
1856 527 6000 4.96805
1856 528 7500 39.7054
1857 1517 12000 39.1314
1857 1518 6000 2.0106
1857 1519 19500 40.1666
1857 1520 6000 2.97204
1857 1521 58500 34.1571
1857 1522 9000 14.4914
1857 1523 27000 19.6221
1857 1524 12000 23.2387
1857 1525 10500 6.09875
1857 1526 6000 19.5524
1857 1527 12000 13.6291
1857 1528 10500 10.5389
1857 1529 15000 32.0259
1857 1530 10500 29.0458
1857 1531 15000 16.3776
1857 1532 12000 38.6918
1857 1533 9000 38.1402
1857 1534 10500 23.1887
1857 1535 6000 47.4418
1857 1536 10500 14.4056
1857 1537 6000 5.33978
1857 1538 6000 15.9347
1857 1539 10500 36.15
1857 1540 12000 14.3646
1857 1541 21000 9.36927
1857 1542 10500 44.4108
1857 1543 16500 16.6582
1857 1544 10500 6.17371
1857 1545 16500 47.4065
1857 1546 7500 21.6262
1857 1547 7500 45.8791
1857 1548 10500 37.5379
1857 1549 7500 23.6368
1857 1550 12000 37.0457
1857 1551 55500 40.5099
1857 1552 25500 8.79388
1857 1553 7500 2.53705
1857 518 43500 11.1321
1857 519 13500 32.0326
1857 520 67500 8.63579
1857 521 31500 30.6845
1857 522 90000 45.6618
1857 523 6000 19.1747
1857 524 16500 13.7104
1857 525 6000 25.7076
1857 526 6000 35.5522
1857 527 7500 3.40227
1857 528 19500 14.8478
1858 1517 7500 9.74096
1858 1518 12000 1.84403
1858 1519 7500 29.2533
1858 1520 160500 15.0807
1858 1521 10500 17.7788
1858 1522 24000 16.4034
1858 1523 6000 29.4453
1858 1524 6000 27.148
1858 1525 9000 11.8142
1858 1526 9000 46.1035
1858 1527 13500 33.3217
1858 1528 6000 10.2207
1858 1529 43500 18.7297
1858 1530 45000 30.2009
1858 1531 6000 47.7586
1858 1532 6000 42.3665
1858 1533 10500 18.2465
1858 1534 7500 39.2685
1858 1535 12000 2.16042
1858 1536 24000 20.7836
1858 1537 72000 1.40059
1858 1538 12000 34.193
1858 1539 37500 29.4194
1858 1540 6000 32.0851
1858 1541 16500 30.8548
1858 1542 6000 48.594
1858 1543 37500 45.7955
1858 1544 6000 7.5624
1858 1545 9000 35.1463
1858 1546 15000 0.197782
1858 1547 25500 22.4102
1858 1548 21000 44.8872
1858 1549 43500 2.04182
1858 1550 10500 2.6635
1858 1551 9000 10.9679
1858 1552 15000 19.8206
1858 1553 6000 19.0669
1858 518 10500 40.4133
1858 519 7500 46.9686
1858 520 169500 30.881
1858 521 15000 37.5167
1858 522 7500 31.2904
1858 523 22500 41.1017
1858 524 6000 7.24646
1858 525 10500 12.4912
1858 526 10500 39.8603
1858 527 64500 0.612997
1858 528 6000 30.7377
1859 1517 6000 30.1288
1859 1518 9000 2.77342
1859 1519 114000 2.5213
1859 1520 7500 31.5294
1859 1521 7500 36.9665
1859 1522 12000 31.9407
1859 1523 12000 14.6145
1859 1524 9000 18.8213
1859 1525 12000 31.5347
1859 1526 6000 11.41
1859 1527 822000 26.3837
1859 1528 9000 17.6809
1859 1529 25500 11.6078
1859 1530 9000 48.7939
1859 1531 10500 13.5681
1859 1532 13500 13.6496
1859 1533 22500 2.45736
1859 1534 7500 24.5361
1859 1535 7500 33.4702
1859 1536 6000 21.5242
1859 1537 15000 15.9493
1859 1538 7500 31.4388
1859 1539 12000 3.40528
1859 1540 55500 4.46609
1859 1541 10500 13.7292
1859 1542 7500 44.507
1859 1543 27000 11.7125
1859 1544 13500 26.2204
1859 1545 9000 35.3673
1859 1546 6000 12.3255
1859 1547 15000 7.95818
1859 1548 22500 16.4961
1859 1549 7500 15.099
1859 1550 7500 10.4795
1859 1551 16500 48.0255
1859 1552 7500 3.06543
1859 1553 9000 42.4201
1859 518 6000 13.64
1859 519 12000 21.8867
1859 520 9000 24.9548
1859 521 7500 25.0501
1859 522 7500 48.2704
1859 523 12000 42.6357
1859 524 9000 36.6578
1859 525 76500 48.0643
1859 526 6000 7.20386
1859 527 12000 1.30745
1859 528 33000 1.52161
1860 1517 6000 31.7399
1860 1518 27000 34.7776
1860 1519 15000 23.0458
1860 1520 6000 47.6893
1860 1521 6000 17.2165
1860 1522 10500 26.4511
1860 1523 16500 3.15537
1860 1524 28500 30.9457
1860 1525 15000 21.9581
1860 1526 13500 14.8679
1860 1527 10500 8.16611
1860 1528 7500 8.32543
1860 1529 9000 27.1935
1860 1530 7500 16.1243
1860 1531 6000 24.8216
1860 1532 28500 42.2924
1860 1533 7500 26.6038
1860 1534 10500 23.8471
1860 1535 61500 45.3578
1860 1536 7500 20.0239
1860 1537 12000 37.4871
1860 1538 7500 18.2446
1860 1539 7500 44.9787
1860 1540 28500 13.5372
1860 1541 13500 17.515
1860 1542 15000 38.6144
1860 1543 34500 1.19504
1860 1544 6000 16.5792
1860 1545 15000 45.8183
1860 1546 9000 2.5025
1860 1547 6000 18.1008
1860 1548 31500 28.5582
1860 1549 15000 37.2801
1860 1550 6000 41.1467
1860 1551 7500 27.2475
1860 1552 6000 5.49661
1860 1553 43500 18.5978
1860 518 12000 30.4029
1860 519 15000 36.4423
1860 520 12000 40.5559
1860 521 9000 45.2708
1860 522 7500 44.6084
1860 523 7500 48.8813
1860 524 7500 23.4643
1860 525 10500 11.7327
1860 526 109500 24.7029
1860 527 7500 16.7567
1860 528 21000 38.3364
1861 1517 105000 48.55
1861 1518 12000 13.1145
1861 1519 6000 9.36035
1861 1520 10500 37.0371
1861 1521 10500 31.3591
1861 1522 6000 5.33907
1861 1523 15000 1.57432
1861 1524 9000 48.874
1861 1525 27000 43.9535
1861 1526 6000 2.76936
1861 1527 13500 16.4532
1861 1528 30000 40.7718
1861 1529 6000 5.27186
1861 1530 7500 34.5541
1861 1531 16500 20.3301
1861 1532 12000 42.552
1861 1533 6000 26.7007
1861 1534 6000 47.5776
1861 1535 15000 48.0486
1861 1536 39000 45.2985
1861 1537 7500 28.9805
1861 1538 16500 35.4909
1861 1539 22500 36.8544
1861 1540 7500 25.2513
1861 1541 6000 31.0993
1861 1542 6000 36.7357
1861 1543 19500 48.7156
1861 1544 6000 42.832
1861 1545 21000 12.4386
1861 1546 9000 16.4723
1861 1547 61500 32.1684
1861 1548 7500 11.9886
1861 1549 22500 29.5868
1861 1550 7500 41.5288
1861 1551 9000 0.0257336
1861 1552 61500 11.9459
1861 1553 13500 46.8678
1861 518 7500 1.60006
1861 519 7500 11.8199
1861 520 22500 41.8213
1861 521 6000 4.36942
1861 522 6000 28.2732
1861 523 13500 33.5932
1861 524 9000 9.64128
1861 525 7500 13.8273
1861 526 51000 4.92323
1861 527 9000 3.19329
1861 528 27000 40.528
1862 1517 6000 3.50082
1862 1518 73500 2.2419
1862 1519 7500 36.8265
1862 1520 12000 32.4813
1862 1521 30000 37.7328
1862 1522 25500 24.6809
1862 1523 9000 8.73264
1862 1524 7500 19.8321
1862 1525 54000 12.4166
1862 1526 18000 8.44823
1862 1527 21000 13.6641
1862 1528 13500 24.8553
1862 1529 7500 24.9205
1862 1530 6000 45.8325
1862 1531 6000 36.8439
1862 1532 6000 5.50732
1862 1533 19500 38.3612
1862 1534 9000 36.8696
1862 1535 7500 17.4532
1862 1536 15000 36.2291
1862 1537 31500 38.4697
1862 1538 6000 29.2731
1862 1539 76500 29.0504
1862 1540 6000 42.8391
1862 1541 6000 8.54633
1862 1542 7500 13.6436
1862 1543 12000 3.48037
1862 1544 6000 22.3736
1862 1545 24000 18.5668
1862 1546 6000 6.67366
1862 1547 160500 13.9016
1862 1548 15000 22.0676
1862 1549 7500 8.91556
1862 1550 12000 1.72807
1862 1551 7500 5.54896
1862 1552 9000 46.6484
1862 1553 64500 26.409
1862 518 10500 14.2816
1862 519 33000 17.4805
1862 520 12000 38.8256
1862 521 13500 22.7298
1862 522 13500 31.1445
1862 523 6000 14.6809
1862 524 7500 47.6503
1862 525 12000 27.977
1862 526 6000 2.52478
1862 527 6000 4.15765
1862 528 10500 17.3383
1863 1517 39000 39.3944
1863 1518 7500 21.6109
1863 1519 7500 4.56733
1863 1520 51000 28.8641
1863 1521 139500 1.88402
1863 1522 22500 33.6178
1863 1523 9000 22.7032
1863 1524 16500 10.4304
1863 1525 9000 47.2613
1863 1526 9000 26.1835
1863 1527 9000 32.8039
1863 1528 10500 16.8282
1863 1529 43500 32.8572
1863 1530 6000 46.7055
1863 1531 15000 38.8958
1863 1532 9000 41.7727
1863 1533 6000 48.4336
1863 1534 6000 44.4448
1863 1535 7500 39.4211
1863 1536 9000 25.8426
1863 1537 18000 9.72635
1863 1538 13500 7.90157
1863 1539 6000 15.6682
1863 1540 7500 32.4562
1863 1541 10500 39.0461
1863 1542 7500 30.3491
1863 1543 6000 31.1065
1863 1544 9000 18.0231
1863 1545 6000 32.8739
1863 1546 19500 35.2642
1863 1547 111000 35.3614
1863 1548 3849000 23.2683
1863 1549 7500 7.87504
1863 1550 7500 39.9287
1863 1551 10500 3.13236
1863 1552 7500 9.75906
1863 1553 10500 24.5465
1863 518 12000 25.8355
1863 519 22500 20.1894
1863 520 6000 22.8078
1863 521 10500 3.01904
1863 522 12000 3.99335
1863 523 15000 39.6359
1863 524 30000 35.8762
1863 525 7500 1.69886
1863 526 18000 29.5317
1863 527 9000 28.649
1863 528 12000 1.13245
1864 1517 13500 24.9765
1864 1518 13500 19.0701
1864 1519 6000 26.975
1864 1520 7500 34.7028
1864 1521 6000 26.9717
1864 1522 9000 42.6432
1864 1523 18000 18.159
1864 1524 9000 17.0178
1864 1525 6000 23.9923
1864 1526 9000 0.265548
1864 1527 7500 35.0409
1864 1528 12000 7.86621
1864 1529 10500 35.5297
1864 1530 6000 21.4022
1864 1531 6000 31.1345
1864 1532 10500 43.4048
1864 1533 6000 12.3309
1864 1534 6000 34.2669
1864 1535 54000 4.16383
1864 1536 31500 36.8774
1864 1537 10500 11.1024
1864 1538 30000 24.3532
1864 1539 15000 10.6852
1864 1540 154500 14.1214
1864 1541 6000 28.3466
1864 1542 7500 1.32112
1864 1543 12000 0.997642
1864 1544 6000 30.0455
1864 1545 84000 30.8529
1864 1546 7500 29.6466
1864 1547 9000 31.1779
1864 1548 7500 6.82934
1864 1549 19500 48.7167
1864 1550 15000 9.15292
1864 1551 15000 41.5322
1864 1552 6000 26.6884
1864 1553 55500 2.79614
1864 518 6000 10.6912
1864 519 6000 43.7061
1864 520 15000 26.7885
1864 521 10500 10.9568
1864 522 9000 29.747
1864 523 6000 34.6547
1864 524 9000 46.4865
1864 525 13500 2.14925
1864 526 37500 16.7892
1864 527 7500 40.8912
1864 528 6000 14.4802
1865 1517 6000 2.05602
1865 1518 12000 45.0551
1865 1519 7500 2.35756
1865 1520 6000 13.1584
1865 1521 39000 20.4083
1865 1522 10500 13.0427
1865 1523 10500 27.2798
1865 1524 67500 48.7549
1865 1525 10500 14.3638
1865 1526 19500 28.2774
1865 1527 6000 29.8004
1865 1528 9000 45.2167
1865 1529 126000 8.92406
1865 1530 7500 11.9783
1865 1531 40500 3.04604
1865 1532 7500 8.64077
1865 1533 28500 21.1312
1865 1534 16500 44.5782
1865 1535 10500 35.3291
1865 1536 6000 23.9273
1865 1537 21000 6.26942
1865 1538 7500 30.0353
1865 1539 19500 1.71579
1865 1540 13500 17.2262
1865 1541 6000 10.7823
1865 1542 9000 36.3705
1865 1543 6000 14.7127
1865 1544 9000 12.9315
1865 1545 6000 4.15962
1865 1546 274500 6.6039
1865 1547 7500 27.4117
1865 1548 7500 6.21564
1865 1549 7500 2.65898
1865 1550 13500 29.7693
1865 1551 6000 19.374
1865 1552 6000 23.0673
1865 1553 10500 42.812
1865 518 7500 46.6538
1865 519 15000 22.8222
1865 520 6000 8.17585
1865 521 6000 25.9312
1865 522 96000 3.62258
1865 523 6000 4.39255
1865 524 6000 34.8553
1865 525 108000 15.6009
1865 526 7500 7.43859
1865 527 7500 43.4961
1865 528 7500 36.7321
1866 1517 10500 3.0168
1866 1518 31500 29.8252
1866 1519 12000 11.6594
1866 1520 45000 9.28622
1866 1521 19500 10.8605
1866 1522 2106000 13.3752
1866 1523 9000 26.5124
1866 1524 18000 21.6428
1866 1525 19500 0.745631
1866 1526 13500 41.2251
1866 1527 6000 34.5744
1866 1528 33000 4.90525
1866 1529 63000 47.829
1866 1530 7500 12.9861
1866 1531 166500 11.1209
1866 1532 27000 1.48794
1866 1533 6000 42.7554
1866 1534 19500 30.4949
1866 1535 6000 24.5552
1866 1536 9000 36.5674
1866 1537 6000 28.1487
1866 1538 12000 47.3775
1866 1539 10500 44.7432
1866 1540 21000 5.07996
1866 1541 16500 2.00004
1866 1542 39000 0.135772
1866 1543 712500 39.9353
1866 1544 10500 17.6009
1866 1545 19500 7.57436
1866 1546 15000 34.4313
1866 1547 6000 5.33295
1866 1548 7500 10.5912
1866 1549 49500 15.2565
1866 1550 9000 16.9923
1866 1551 45000 19.8774
1866 1552 10500 26.117
1866 1553 7500 30.3675
1866 518 7500 46.3898
1866 519 7500 47.7598
1866 520 9000 31.1131
1866 521 15000 38.6148
1866 522 25500 33.3342
1866 523 10500 36.0184
1866 524 19500 37.4438
1866 525 19500 46.3203
1866 526 9000 47.1393
1866 527 16500 38.9317
1866 528 15000 40.0756
1867 1517 7500 28.6342
1867 1518 7500 14.487
1867 1519 93000 27.643
1867 1520 45000 7.7829
1867 1521 160500 12.8644
1867 1522 9000 23.3862
1867 1523 22500 12.8629
1867 1524 12000 14.8645
1867 1525 6000 23.522
1867 1526 6000 3.79812
1867 1527 9000 32.4654
1867 1528 9000 31.0964
1867 1529 12000 38.2294
1867 1530 16500 37.7983
1867 1531 6000 41.6875
1867 1532 9000 4.48598
1867 1533 12000 5.79064
1867 1534 7500 12.5649
1867 1535 6000 30.603
1867 1536 24000 36.1581
1867 1537 6000 9.95468
1867 1538 13500 29.3629
1867 1539 6000 18.2713
1867 1540 9000 48.5695
1867 1541 10500 13.6971
1867 1542 7500 5.28967
1867 1543 7500 37.0133
1867 1544 42000 11.0173
1867 1545 9000 3.42895
1867 1546 226500 26.9451
1867 1547 12000 2.09297
1867 1548 6000 32.0631
1867 1549 10500 41.432
1867 1550 6000 29.736
1867 1551 6000 39.846
1867 1552 9000 5.29645
1867 1553 6000 4.1222
1867 518 7500 3.7089
1867 519 22500 20.1609
1867 520 7500 27.6442
1867 521 10500 7.50702
1867 522 10500 3.62627
1867 523 7500 9.74055
1867 524 9000 45.7365
1867 525 52500 41.4246
1867 526 12000 2.42806
1867 527 9000 1.22245
1867 528 24000 47.2152
1868 1517 6000 14.993
1868 1518 6000 31.8255
1868 1519 135000 34.3734
1868 1520 7500 24.9476
1868 1521 27000 12.1883
1868 1522 7500 3.64464
1868 1523 265500 24.5172
1868 1524 7500 25.8854
1868 1525 6000 8.93431
1868 1526 15000 12.5305
1868 1527 7500 36.9027
1868 1528 6000 12.3633
1868 1529 7500 39.4755
1868 1530 34500 38.9957
1868 1531 6000 44.4264
1868 1532 7500 31.9076
1868 1533 10500 19.7317
1868 1534 34500 35.2724
1868 1535 12000 37.204
1868 1536 300000 23.8539
1868 1537 25500 38.9813
1868 1538 15000 8.36492
1868 1539 13500 2.49805
1868 1540 9000 46.4883
1868 1541 9000 11.9912
1868 1542 10500 12.2386
1868 1543 25500 43.2248
1868 1544 7500 4.41576
1868 1545 9000 14.6667
1868 1546 9000 44.4473
1868 1547 9000 2.63096
1868 1548 15000 29.6596
1868 1549 12000 27.2727
1868 1550 15000 37.0043
1868 1551 13500 5.60727
1868 1552 7500 39.4611
1868 1553 6000 40.649
1868 518 6000 30.1244
1868 519 7500 16.3464
1868 520 7500 0.583262
1868 521 18000 42.6549
1868 522 9000 4.24917
1868 523 57000 12.9465
1868 524 7500 33.1305
1868 525 15000 43.2449
1868 526 9000 8.37291
1868 527 10500 16.038
1868 528 28500 13.9765
1869 1517 153000 43.6453
1869 1518 6000 4.24203
1869 1519 9000 37.8304
1869 1520 21000 33.6267
1869 1521 9000 12.607
1869 1522 13500 40.3284
1869 1523 18000 31.115
1869 1524 7500 24.5981
1869 1525 6000 3.56702
1869 1526 22500 25.3398
1869 1527 6000 29.0139
1869 1528 28500 18.2337
1869 1529 78000 20.7871
1869 1530 79500 31.6449
1869 1531 9000 47.8933
1869 1532 27000 48.0598
1869 1533 7500 19.6492
1869 1534 33000 4.50058
1869 1535 93000 38.5208
1869 1536 34500 11.2981
1869 1537 19500 34.625
1869 1538 9000 5.86729
1869 1539 9000 11.8814
1869 1540 7500 28.28
1869 1541 7500 10.1165
1869 1542 25500 24.8279
1869 1543 123000 12.4104
1869 1544 9000 4.36132
1869 1545 18000 33.2008
1869 1546 9000 28.4485
1869 1547 12000 18.3378
1869 1548 315000 27.8462
1869 1549 6000 32.6905
1869 1550 6000 7.16821
1869 1551 15000 12.4728
1869 1552 7500 45.2974
1869 1553 15000 47.4966
1869 518 6000 43.5878
1869 519 12000 20.8956
1869 520 6000 2.06365
1869 521 7500 19.9277
1869 522 18000 0.909466
1869 523 100500 20.2973
1869 524 18000 40.7147
1869 525 7500 32.5543
1869 526 28500 19.1906
1869 527 7500 39.7745
1869 528 7500 3.2035
1870 1517 28500 23.6912
1870 1518 13500 29.2954
1870 1519 9000 14.5016
1870 1520 18000 9.31625
1870 1521 9000 35.1627
1870 1522 6000 26.383
1870 1523 9000 37.5962
1870 1524 7500 45.2791
1870 1525 13500 2.21092
1870 1526 10500 1.00664
1870 1527 6000 0.640432
1870 1528 6000 35.4117
1870 1529 9000 29.4551
1870 1530 7500 18.9783
1870 1531 31500 14.2579
1870 1532 7500 13.1456
1870 1533 16500 26.1465
1870 1534 34500 26.7307
1870 1535 6000 9.44302
1870 1536 10500 24.6431
1870 1537 18000 21.3186
1870 1538 7500 30.3386
1870 1539 7500 26.7068
1870 1540 25500 41.2462
1870 1541 34500 31.2481
1870 1542 6000 47.0041
1870 1543 10500 32.961
1870 1544 7500 14.8024
1870 1545 6000 17.1947
1870 1546 7500 23.7355
1870 1547 6000 18.0059
1870 1548 48000 40.886
1870 1549 12000 4.03085
1870 1550 27000 32.5075
1870 1551 7500 1.20222
1870 1552 12000 39.1935
1870 1553 6000 9.89051
1870 518 7500 38.7984
1870 519 9000 35.4726
1870 520 6000 12.1014
1870 521 6000 39.8051
1870 522 21000 36.113
1870 523 7500 47.5132
1870 524 127500 20.2602
1870 525 16500 6.09132
1870 526 6000 12.7711
1870 527 12000 33.4057
1870 528 15000 32.2378
1871 1517 9000 39.5018
1871 1518 6000 42.8488
1871 1519 6000 7.88091
1871 1520 24000 11.8204
1871 1521 12000 24.1874
1871 1522 12000 34.5877
1871 1523 18000 4.06663
1871 1524 10500 6.43542
1871 1525 10500 32.5918
1871 1526 12000 37.0276
1871 1527 18000 21.2378
1871 1528 7500 0.78652
1871 1529 6000 11.7631
1871 1530 19500 39.2437
1871 1531 9000 41.6725
1871 1532 6000 15.7939
1871 1533 6000 22.7512
1871 1534 6000 42.8747
1871 1535 81000 5.98743
1871 1536 25500 32.6417
1871 1537 7500 32.6731
1871 1538 28500 41.46
1871 1539 9000 44.7431
1871 1540 6000 23.4782
1871 1541 13500 28.5731
1871 1542 7500 43.2563
1871 1543 15000 43.7384
1871 1544 9000 34.6644
1871 1545 6000 7.02737
1871 1546 25500 28.1441
1871 1547 10500 17.9022
1871 1548 18000 46.5292
1871 1549 10500 21.9929
1871 1550 16500 25.7831
1871 1551 16500 9.34958
1871 1552 16500 46.1803
1871 1553 9000 11.3708
1871 518 6000 13.4162
1871 519 7500 3.61567
1871 520 16500 43.9626
1871 521 10500 1.4438
1871 522 6000 24.8535
1871 523 7500 44.7491
1871 524 10500 13.2069
1871 525 7500 15.0971
1871 526 15000 37.4216
1871 527 12000 29.0008
1871 528 25500 37.8483
1872 1517 6000 31.2963
1872 1518 6000 34.9882
1872 1519 31500 21.49
1872 1520 6000 14.9694
1872 1521 7500 27.4483
1872 1522 6000 17.2331
1872 1523 21000 38.4477
1872 1524 22500 7.02139
1872 1525 6000 11.4894
1872 1526 13500 33.186
1872 1527 7500 41.6858
1872 1528 7500 18.5168
1872 1529 25500 12.3302
1872 1530 18000 10.588
1872 1531 6000 16.046
1872 1532 7500 34.3231
1872 1533 6000 36.3711
1872 1534 39000 25.3956
1872 1535 13500 31.5033
1872 1536 37500 47.7419
1872 1537 9000 38.8118
1872 1538 24000 35.119
1872 1539 13500 42.7045
1872 1540 6000 40.2556
1872 1541 12000 10.9725
1872 1542 7500 38.4536
1872 1543 7500 4.46247
1872 1544 6000 26.0696
1872 1545 16500 26.8752
1872 1546 6000 33.4633
1872 1547 6000 14.9179
1872 1548 7500 9.17151
1872 1549 6000 19.4515
1872 1550 7500 36.4079
1872 1551 7500 24.141
1872 1552 204000 46.8998
1872 1553 15000 4.64108
1872 518 61500 13.5886
1872 519 22500 4.92121
1872 520 13500 16.1305
1872 521 6000 46.7747
1872 522 7500 46.607
1872 523 6000 34.6473
1872 524 10500 10.1048
1872 525 129000 8.19504
1872 526 39000 1.69332
1872 527 34500 44.4279
1872 528 6000 44.5662
1873 1517 7500 27.0889
1873 1518 25500 26.9312
1873 1519 10500 43.3081
1873 1520 6000 16.9007
1873 1521 42000 13.0502
1873 1522 7500 37.0127
1873 1523 7500 8.15627
1873 1524 16500 24.0227
1873 1525 6000 26.4663
1873 1526 7500 12.6187
1873 1527 12000 1.09229
1873 1528 7500 4.3415
1873 1529 7500 46.082
1873 1530 7500 16.0102
1873 1531 15000 13.513
1873 1532 66000 16.5336
1873 1533 22500 3.41817
1873 1534 7500 37.654
1873 1535 7500 14.4334
1873 1536 6000 8.05925
1873 1537 6000 2.24259
1873 1538 10500 19.3546
1873 1539 10500 24.1898
1873 1540 13500 0.0172615
1873 1541 216000 16.9616
1873 1542 13500 9.83709
1873 1543 6000 10.1221
1873 1544 6000 25.1567
1873 1545 61500 11.5304
1873 1546 9000 5.55003
1873 1547 7500 20.7228
1873 1548 24000 38.6193
1873 1549 27000 32.4813
1873 1550 12000 15.031
1873 1551 6000 6.51999
1873 1552 6000 45.5315
1873 1553 18000 3.04364
1873 518 15000 14.6763
1873 519 10500 20.5542
1873 520 6000 29.5099
1873 521 7500 27.295
1873 522 9000 21.6465
1873 523 102000 33.8514
1873 524 6000 24.377
1873 525 10500 37.6567
1873 526 12000 47.3644
1873 527 18000 40.9106
1873 528 7500 41.0748
1874 1517 112500 36.0184
1874 1518 6000 6.34399
1874 1519 6000 0.134096
1874 1520 22500 38.261
1874 1521 9000 25.6986
1874 1522 6000 24.3239
1874 1523 6000 38.2783
1874 1524 6000 42.6602
1874 1525 16500 34.161
1874 1526 12000 48.4004
1874 1527 12000 18.8169
1874 1528 810000 45.6914
1874 1529 6000 4.95039
1874 1530 9000 39.5397
1874 1531 7500 35.3107
1874 1532 235500 37.4317
1874 1533 6000 5.57067
1874 1534 13500 41.8307
1874 1535 13500 33.9631
1874 1536 7500 8.61431
1874 1537 37500 7.50695
1874 1538 6000 5.51731
1874 1539 10500 38.1242
1874 1540 6000 34.802
1874 1541 6000 27.1638
1874 1542 6000 22.9757
1874 1543 6000 10.179
1874 1544 9000 15.8204
1874 1545 7500 21.3401
1874 1546 12000 2.08962
1874 1547 6000 7.89528
1874 1548 6000 8.35849
1874 1549 12000 8.43361
1874 1550 6000 8.02938
1874 1551 7500 46.6195
1874 1552 52500 34.1322
1874 1553 63000 32.3532
1874 518 7500 35.8977
1874 519 24000 27.7924
1874 520 12000 17.5142
1874 521 24000 35.2981
1874 522 10500 46.6093
1874 523 15000 14.2056
1874 524 9000 40.2485
1874 525 6000 37.149
1874 526 12000 0.516261
1874 527 16500 28.6801
1874 528 7500 42.7196
1875 1517 6000 42.3469
1875 1518 6000 13.6433
1875 1519 6000 2.33394
1875 1520 22500 0.853885
1875 1521 7500 19.1606
1875 1522 7500 40.4582
1875 1523 10500 35.6558
1875 1524 7500 46.3244
1875 1525 6000 14.4338
1875 1526 6000 45.8349
1875 1527 25500 13.1448
1875 1528 15000 35.7739
1875 1529 7500 47.9245
1875 1530 6000 21.0401
1875 1531 16500 44.1324
1875 1532 6000 7.35809
1875 1533 6000 29.0695
1875 1534 7500 41.7519
1875 1535 31500 41.4903
1875 1536 9000 12.4227
1875 1537 7500 28.6496
1875 1538 15000 20.2827
1875 1539 19500 29.9369
1875 1540 6000 14.9477
1875 1541 7500 17.892
1875 1542 6000 44.1425
1875 1543 36000 6.19623
1875 1544 6000 6.04093
1875 1545 69000 44.6587
1875 1546 39000 34.8764
1875 1547 7500 48.7606
1875 1548 6000 38.0057
1875 1549 6000 48.5197
1875 1550 280500 2.0945
1875 1551 13500 38.8596
1875 1552 70500 18.6803
1875 1553 21000 42.5527
1875 518 9000 25.5154
1875 519 6000 16.0046
1875 520 7500 7.98649
1875 521 9000 22.3503
1875 522 18000 29.1494
1875 523 21000 43.7604
1875 524 34500 21.2748
1875 525 9000 1.18948
1875 526 13500 38.8928
1875 527 13500 28.6328
1875 528 9000 30.2589
1876 1517 21000 31.6447
1876 1518 7500 21.1231
1876 1519 6000 42.6816
1876 1520 12000 11.2943
1876 1521 7500 41.4058
1876 1522 6000 23.6186
1876 1523 16500 26.2421
1876 1524 19500 10.2978
1876 1525 6000 18.761
1876 1526 15000 32.4383
1876 1527 951000 16.3387
1876 1528 12000 14.4198
1876 1529 6000 18.3147
1876 1530 9000 16.0993
1876 1531 9000 3.42547
1876 1532 7500 17.8343
1876 1533 28500 18.1938
1876 1534 6000 42.285
1876 1535 25500 36.5146
1876 1536 9000 11.7465
1876 1537 9000 18.8005
1876 1538 7500 3.51921
1876 1539 49500 19.733
1876 1540 10500 41.1507
1876 1541 6000 32.6686
1876 1542 75000 14.4934
1876 1543 10500 13.4255
1876 1544 10500 33.8581
1876 1545 7500 4.38618
1876 1546 46500 42.0583
1876 1547 6000 15.117
1876 1548 45000 36.0309
1876 1549 10500 14.1815
1876 1550 7500 8.79869
1876 1551 9000 47.3252
1876 1552 106500 6.58731
1876 1553 15000 32.4172
1876 518 12000 24.5673
1876 519 10500 16.8851
1876 520 9000 2.17827
1876 521 10500 8.00555
1876 522 6000 33.2239
1876 523 6000 16.5981
1876 524 12000 26.3202
1876 525 13500 0.32317
1876 526 25500 20.0235
1876 527 13500 44.1546
1876 528 6000 18.517
1877 1517 18000 13.3086
1877 1518 15000 31.6692
1877 1519 18000 30.2635
1877 1520 63000 32.109
1877 1521 6000 35.1884
1877 1522 7500 0.996421
1877 1523 6000 24.2597
1877 1524 7500 18.857
1877 1525 12000 15.4898
1877 1526 10500 37.6852
1877 1527 16500 3.7151
1877 1528 25500 19.876
1877 1529 6000 30.7435
1877 1530 6000 18.8321
1877 1531 6000 6.90686
1877 1532 150000 44.925
1877 1533 12000 27.6308
1877 1534 7500 5.23206
1877 1535 24000 2.51231
1877 1536 7500 11.0481
1877 1537 7500 29.7993
1877 1538 7500 19.3974
1877 1539 13500 13.2263
1877 1540 12000 37.8049
1877 1541 9000 3.6213
1877 1542 7500 29.8244
1877 1543 91500 15.1251
1877 1544 7500 3.94447
1877 1545 6000 0.847919
1877 1546 7500 10.2797
1877 1547 6000 22.4614
1877 1548 15000 14.1565
1877 1549 16500 41.9488
1877 1550 7500 3.7249
1877 1551 1296000 46.2655
1877 1552 7500 28.1372
1877 1553 6000 4.72132
1877 518 6000 21.5252
1877 519 13500 46.9942
1877 520 7500 20.2111
1877 521 7500 10.2104
1877 522 6000 1.70929
1877 523 10500 40.0871
1877 524 33000 40.954
1877 525 91500 20.5414
1877 526 33000 46.994
1877 527 48000 36.879
1877 528 85500 48.1723
1878 1517 45000 3.22601
1878 1518 9000 39.3913
1878 1519 6000 10.2203
1878 1520 7500 33.0253
1878 1521 12000 9.78871
1878 1522 61500 23.4467
1878 1523 36000 21.8302
1878 1524 52500 13.41
1878 1525 31500 4.27107
1878 1526 6000 36.9553
1878 1527 6000 17.3545
1878 1528 13500 5.11899
1878 1529 34500 47.235
1878 1530 12000 39.8159
1878 1531 10500 19.2755
1878 1532 9000 40.1838
1878 1533 10500 43.5408
1878 1534 7500 16.5409
1878 1535 12000 19.321
1878 1536 6000 48.2621
1878 1537 21000 38.0662
1878 1538 10500 17.3152
1878 1539 6000 19.4733
1878 1540 19500 48.2766
1878 1541 10500 19.0245
1878 1542 22500 10.5604
1878 1543 6000 40.2305
1878 1544 31500 39.5659
1878 1545 18000 8.55432
1878 1546 7500 28.1095
1878 1547 7500 38.7381
1878 1548 24000 11.7803
1878 1549 6000 18.5008
1878 1550 6000 48.9585
1878 1551 7500 44.8057
1878 1552 7500 28.2895
1878 1553 6000 23.4051
1878 518 214500 17.6359
1878 519 10500 41.6995
1878 520 9000 27.6762
1878 521 7500 5.59118
1878 522 9000 10.054
1878 523 10500 32.7952
1878 524 64500 3.82614
1878 525 9000 0.869901
1878 526 7500 3.07066
1878 527 6000 44.0099
1878 528 34500 44.4107
1879 1517 67500 19.6116
1879 1518 54000 14.3309
1879 1519 6000 43.6729
1879 1520 6000 8.67777
1879 1521 7500 31.6461
1879 1522 10500 14.1461
1879 1523 6000 7.95435
1879 1524 6000 1.67053
1879 1525 13500 24.7065
1879 1526 6000 48.1849
1879 1527 12000 41.2364
1879 1528 9000 33.2608
1879 1529 9000 27.2944
1879 1530 18000 30.9746
1879 1531 6000 45.0412
1879 1532 6000 45.7952
1879 1533 132000 30.933
1879 1534 6000 40.8468
1879 1535 6000 25.0846
1879 1536 42000 5.33817
1879 1537 12000 9.48269
1879 1538 6000 17.7841
1879 1539 7500 33.0144
1879 1540 6000 15.0739
1879 1541 6000 27.8381
1879 1542 10500 16.8096
1879 1543 15000 18.9
1879 1544 6000 28.708
1879 1545 48000 19.8802
1879 1546 7500 13.9099
1879 1547 7500 24.1187
1879 1548 7500 39.4919
1879 1549 13500 28.2408
1879 1550 7500 18.7916
1879 1551 6000 48.1696
1879 1552 6000 10.8869
1879 1553 33000 32.9378
1879 518 15000 7.12398
1879 519 7500 12.5574
1879 520 81000 8.64427
1879 521 7500 6.30887
1879 522 7500 4.79384
1879 523 45000 41.9051
1879 524 12000 33.6033
1879 525 27000 35.7684
1879 526 6000 37.9462
1879 527 40500 30.3984
1879 528 13500 17.7014
1880 1517 34500 29.7931
1880 1518 6000 6.48309
1880 1519 33000 23.0396
1880 1520 10500 39.2758
1880 1521 10500 24.2672
1880 1522 6000 7.05397
1880 1523 6000 5.34962
1880 1524 12000 3.10533
1880 1525 168000 23.8636
1880 1526 15000 24.2496
1880 1527 15000 31.8133
1880 1528 7500 43.7438
1880 1529 9000 38.1596
1880 1530 7500 6.93207
1880 1531 9000 34.2357
1880 1532 6000 17.4004
1880 1533 9000 25.7237
1880 1534 9000 33.4053
1880 1535 13500 28.2873
1880 1536 19500 9.66144
1880 1537 9000 40.5293
1880 1538 12000 40.8447
1880 1539 9000 18.3057
1880 1540 12000 46.8381
1880 1541 10500 45.6386
1880 1542 7500 11.2108
1880 1543 10500 31.4414
1880 1544 192000 32.407
1880 1545 9000 0.157042
1880 1546 15000 12.8399
1880 1547 7500 1.10841
1880 1548 21000 29.9501
1880 1549 6000 19.3229
1880 1550 6000 24.148
1880 1551 18000 20.2259
1880 1552 10500 43.5902
1880 1553 19500 31.202
1880 518 6000 25.5755
1880 519 15000 46.6955
1880 520 6000 6.06553
1880 521 21000 0.825117
1880 522 9000 29.5088
1880 523 6000 0.809327
1880 524 12000 38.9847
1880 525 28500 36.4409
1880 526 12000 35.045
1880 527 7500 7.38509
1880 528 10500 13.1646
1881 1517 16500 19.4503
1881 1518 9000 35.6724
1881 1519 45000 22.826
1881 1520 6000 10.9795
1881 1521 57000 27.5172
1881 1522 12000 41.1317
1881 1523 10500 8.81767
1881 1524 10500 24.1557
1881 1525 12000 3.34253
1881 1526 6000 40.2591
1881 1527 16500 7.56274
1881 1528 9000 3.49957
1881 1529 6000 4.09893
1881 1530 6000 8.67115
1881 1531 178500 33.4497
1881 1532 7500 23.4219
1881 1533 7500 32.8191
1881 1534 25500 4.67553
1881 1535 7500 18.012
1881 1536 7500 15.0211
1881 1537 13500 30.251
1881 1538 9000 15.7075
1881 1539 6000 21.0866
1881 1540 6000 31.0761
1881 1541 12000 45.2164
1881 1542 12000 21.896
1881 1543 9000 21.0608
1881 1544 13500 32.6572
1881 1545 16500 7.94096
1881 1546 7500 28.4459
1881 1547 27000 45.8218
1881 1548 13500 27.3912
1881 1549 18000 15.1183
1881 1550 7500 19.6478
1881 1551 120000 38.3708
1881 1552 12000 42.6355
1881 1553 6000 11.7796
1881 518 12000 47.1884
1881 519 7500 17.7912
1881 520 10500 15.1221
1881 521 7500 38.4475
1881 522 6000 25.354
1881 523 19500 18.6216
1881 524 9000 42.5464
1881 525 6000 34.0251
1881 526 9000 3.07132
1881 527 9000 16.9683
1881 528 15000 17.8443
1882 1517 10500 7.74685
1882 1518 9000 34.9804
1882 1519 10500 32.8654
1882 1520 7500 37.9979
1882 1521 33000 1.68789
1882 1522 7500 4.95202
1882 1523 34500 20.074
1882 1524 6000 46.9042
1882 1525 6000 26.848
1882 1526 34500 41.1348
1882 1527 6000 30.5615
1882 1528 49500 34.789
1882 1529 19500 20.5807
1882 1530 30000 27.3833
1882 1531 831000 13.1802
1882 1532 7500 35.699
1882 1533 7500 47.0311
1882 1534 10500 2.55095
1882 1535 6000 29.3345
1882 1536 7500 9.81067
1882 1537 61500 0.73938
1882 1538 10500 47.1257
1882 1539 7500 24.9328
1882 1540 19500 39.1869
1882 1541 15000 23.4797
1882 1542 9000 43.5544
1882 1543 10500 32.7333
1882 1544 16500 8.50478
1882 1545 16500 46.6257
1882 1546 22500 0.701664
1882 1547 31500 26.349
1882 1548 22500 5.37258
1882 1549 9000 35.682
1882 1550 10500 10.2144
1882 1551 10500 43.3704
1882 1552 6000 37.3699
1882 1553 9000 15.1664
1882 518 69000 14.4444
1882 519 21000 35.2742
1882 520 10500 42.0144
1882 521 6000 6.57925
1882 522 78000 16.8356
1882 523 16500 27.8034
1882 524 10500 27.16
1882 525 6000 44.2189
1882 526 9000 40.9836
1882 527 9000 13.859
1882 528 6000 42.2501
1883 1517 6000 43.5345
1883 1518 94500 43.1935
1883 1519 9000 3.06073
1883 1520 12000 44.2739
1883 1521 7500 41.3192
1883 1522 9000 27.9935
1883 1523 9000 34.4608
1883 1524 19500 15.7989
1883 1525 6000 22.5479
1883 1526 15000 18.1941
1883 1527 7500 24.3037
1883 1528 6000 20.1736
1883 1529 24000 18.8958
1883 1530 7500 1.6527
1883 1531 12000 25.5462
1883 1532 7500 5.57782
1883 1533 9000 11.8671
1883 1534 6000 19.9166
1883 1535 51000 42.9477
1883 1536 13500 27.0335
1883 1537 169500 34.3611
1883 1538 7500 29.2219
1883 1539 30000 20.048
1883 1540 108000 40.9403
1883 1541 31500 46.0575
1883 1542 34500 47.8513
1883 1543 6000 19.1003
1883 1544 7500 41.2765
1883 1545 13500 39.8349
1883 1546 18000 32.9593
1883 1547 7500 34.5265
1883 1548 10500 34.3694
1883 1549 6000 27.1528
1883 1550 10500 37.5873
1883 1551 7500 29.6433
1883 1552 130500 19.472
1883 1553 12000 16.5807
1883 518 16500 15.1041
1883 519 21000 35.2709
1883 520 18000 39.1286
1883 521 9000 33.2982
1883 522 25500 10.5746
1883 523 10500 10.3022
1883 524 12000 3.194
1883 525 18000 12.2273
1883 526 7500 35.8484
1883 527 18000 8.77181
1883 528 9000 24.0944
1884 1517 30000 6.76503
1884 1518 6000 2.71955
1884 1519 15000 2.12791
1884 1520 7500 41.1261
1884 1521 7500 31.9414
1884 1522 15000 22.1759
1884 1523 6000 33.0664
1884 1524 10500 28.999
1884 1525 6000 21.0272
1884 1526 9000 3.1667
1884 1527 10500 21.2755
1884 1528 7500 11.8621
1884 1529 6000 36.126
1884 1530 9000 6.80198
1884 1531 12000 46.2315
1884 1532 9000 14.2788
1884 1533 9000 44.3892
1884 1534 6000 26.8748
1884 1535 10500 33.7508
1884 1536 12000 11.97
1884 1537 6000 41.9789
1884 1538 9000 20.0217
1884 1539 13500 2.09858
1884 1540 6000 26.2771
1884 1541 6000 30.5963
1884 1542 12000 12.4008
1884 1543 39000 29.4711
1884 1544 25500 42.8236
1884 1545 22500 48.2492
1884 1546 6000 38.2429
1884 1547 7500 17.9179
1884 1548 7500 6.01423
1884 1549 12000 40.9624
1884 1550 141000 20.0458
1884 1551 39000 47.1403
1884 1552 19500 23.9039
1884 1553 7500 42.2217
1884 518 9000 31.2067
1884 519 6000 3.90287
1884 520 9000 14.2489
1884 521 21000 34.3734
1884 522 21000 25.1783
1884 523 6000 26.111
1884 524 25500 21.4994
1884 525 12000 31.9803
1884 526 6000 23.3425
1884 527 7500 35.7782
1884 528 12000 27.3695
1885 1517 13500 1.21731
1885 1518 52500 20.529
1885 1519 19500 39.3395
1885 1520 10500 43.1962
1885 1521 96000 40.5507
1885 1522 21000 41.4381
1885 1523 93000 20.4733
1885 1524 12000 22.147
1885 1525 49500 4.83889
1885 1526 9000 0.944371
1885 1527 9000 15.9705
1885 1528 18000 4.08809
1885 1529 22500 39.1873
1885 1530 13500 33.8885
1885 1531 10500 10.1023
1885 1532 15000 31.1497
1885 1533 19500 4.93433
1885 1534 12000 8.24263
1885 1535 27000 6.05362
1885 1536 7500 47.156
1885 1537 45000 39.4494
1885 1538 7500 9.95649
1885 1539 7500 12.4049
1885 1540 9000 24.8228
1885 1541 6000 35.1348
1885 1542 25500 38.516
1885 1543 7500 46.3222
1885 1544 34500 18.1151
1885 1545 22500 12.8585
1885 1546 7500 33.1004
1885 1547 12000 45.4846
1885 1548 55500 14.0758
1885 1549 189000 4.62939
1885 1550 25500 35.8242
1885 1551 33000 8.27195
1885 1552 49500 45.1801
1885 1553 13500 28.2622
1885 518 27000 28.7452
1885 519 12000 18.3271
1885 520 21000 33.1011
1885 521 10500 29.6896
1885 522 13500 34.2976
1885 523 6000 37.1892
1885 524 9000 19.8769
1885 525 15000 19.1861
1885 526 7500 47.2915
1885 527 10500 2.0266
1885 528 13500 24.1204
1886 1517 85500 6.53417
1886 1518 9000 8.08022
1886 1519 6000 22.2765
1886 1520 16500 45.9835
1886 1521 6000 18.0367
1886 1522 22500 34.6814
1886 1523 9000 21.8063
1886 1524 7500 4.17151
1886 1525 9000 24.1974
1886 1526 24000 19.1285
1886 1527 6000 22.2866
1886 1528 541500 37.0558
1886 1529 9000 3.2289
1886 1530 7500 18.7713
1886 1531 7500 2.13161
1886 1532 25500 7.85829
1886 1533 9000 5.59543
1886 1534 7500 10.4036
1886 1535 7500 4.03839
1886 1536 10500 33.8577
1886 1537 7500 39.1488
1886 1538 28500 22.3655
1886 1539 10500 17.9588
1886 1540 9000 19.8384
1886 1541 6000 7.6631
1886 1542 6000 6.14803
1886 1543 7500 39.7153
1886 1544 12000 26.8492
1886 1545 45000 4.43957
1886 1546 45000 41.7419
1886 1547 7500 1.96967
1886 1548 24000 10.9737
1886 1549 27000 0.822094
1886 1550 9000 24.2462
1886 1551 18000 7.95727
1886 1552 7500 18.8588
1886 1553 12000 9.92759
1886 518 34500 29.7636
1886 519 15000 23.0303
1886 520 9000 34.125
1886 521 6000 48.8921
1886 522 12000 45.3169
1886 523 9000 22.1808
1886 524 9000 3.12099
1886 525 9000 15.0882
1886 526 7500 24.3124
1886 527 52500 10.9793
1886 528 6000 20.6836
2152 1517 6000 34.716
2152 1518 90000 15.0177
2152 1519 9000 5.54131
2152 1520 57000 24.8648
2152 1521 18000 37.3831
2152 1522 12000 23.5001
2152 1523 34500 44.7032
2152 1524 6000 45.0462
2152 1525 33000 29.6481
2152 1526 7500 35.4184
2152 1527 54000 22.8955
2152 1528 10500 34.0877
2152 1529 7500 28.1603
2152 1530 22500 24.8651
2152 1531 7500 45.0614
2152 1532 7500 28.9824
2152 1533 64500 0.111291
2152 1534 6000 4.01872
2152 1535 10500 47.8412
2152 1536 12000 10.0389
2152 1537 9000 33.7823
2152 1538 12000 21.8715
2152 1539 21000 44.1639
2152 1540 9000 33.6744
2152 1541 12000 18.1885
2152 1542 7500 17.3447
2152 1543 6000 36.7954
2152 1544 10500 33.2767
2152 1545 28500 41.6571
2152 1546 10500 47.7747
2152 1547 7500 4.96029
2152 1548 39000 27.3731
2152 1549 27000 13.7923
2152 1550 12000 10.5016
2152 1551 39000 3.23787
2152 1552 10500 2.17548
2152 1553 7500 34.0017
2152 518 21000 47.941
2152 519 6000 47.2217
2152 520 7500 14.6499
2152 521 16500 34.3595
2152 522 793500 21.1172
2152 523 12000 48.7376
2152 524 6000 13.5198
2152 525 9000 45.9823
2152 526 7500 44.799
2152 527 375000 42.5022
2152 528 6000 46.0936
2153 1517 25500 48.8177
2153 1518 33000 41.3434
2153 1519 48000 7.13249
2153 1520 7500 33.6
2153 1521 6000 14.2149
2153 1522 6000 2.29636
2153 1523 6000 18.2744
2153 1524 15000 32.4034
2153 1525 16500 19.641
2153 1526 438000 6.0698
2153 1527 7500 16.6801
2153 1528 33000 12.2982
2153 1529 6000 4.84447
2153 1530 9000 21.6403
2153 1531 186000 39.6712
2153 1532 10500 18.6368
2153 1533 15000 32.1419
2153 1534 9000 42.9091
2153 1535 76500 20.8123
2153 1536 6000 17.1437
2153 1537 6000 41.8502
2153 1538 21000 19.034
2153 1539 10500 31.7935
2153 1540 7500 27.2096
2153 1541 6000 40.1512
2153 1542 10500 31.5311
2153 1543 6000 40.7294
2153 1544 9000 37.1335
2153 1545 6000 27.3301
2153 1546 13500 34.2317
2153 1547 10500 34.2271
2153 1548 15000 27.1478
2153 1549 10500 26.5751
2153 1550 16500 41.3596
2153 1551 39000 11.7478
2153 1552 46500 40.79
2153 1553 7500 43.656
2153 518 52500 30.0222
2153 519 10500 24.1934
2153 520 682500 14.297
2153 521 19500 36.092
2153 522 7500 40.8735
2153 523 31500 26.5952
2153 524 7500 40.9365
2153 525 70500 13.5138
2153 526 85500 17.2664
2153 527 6000 10.5733
2153 528 13500 45.6558
2154 1517 9000 11.1755
2154 1518 18000 31.3856
2154 1519 7500 13.7994
2154 1520 9000 4.0257
2154 1521 27000 1.4196
2154 1522 84000 45.593
2154 1523 12000 31.2353
2154 1524 12000 41.5708
2154 1525 6000 28.124
2154 1526 15000 22.9648
2154 1527 19500 29.7043
2154 1528 33000 6.4541
2154 1529 18000 8.19645
2154 1530 7500 14.9314
2154 1531 7500 33.6019
2154 1532 6000 34.7715
2154 1533 10500 7.29102
2154 1534 7500 45.3497
2154 1535 9000 26.5616
2154 1536 12000 1.947
2154 1537 25500 26.3719
2154 1538 9000 1.75498
2154 1539 7500 16.244
2154 1540 15000 13.464
2154 1541 6000 42.6285
2154 1542 10500 42.8392
2154 1543 30000 5.40048
2154 1544 7500 7.1423
2154 1545 9000 11.1056
2154 1546 12000 15.9738
2154 1547 36000 3.79807
2154 1548 6000 22.2811
2154 1549 6000 47.3594
2154 1550 22500 17.5975
2154 1551 6000 26.3068
2154 1552 12000 48.779
2154 1553 6000 14.1905
2154 518 6000 8.54216
2154 519 40500 41.3498
2154 520 16500 42.3145
2154 521 6000 31.507
2154 522 19500 22.0541
2154 523 82500 48.7686
2154 524 9000 39.7034
2154 525 9000 36.9855
2154 526 9000 33.3705
2154 527 6000 25.4749
2154 528 9000 44.2765
2155 1517 6000 29.7202
2155 1518 21000 3.03649
2155 1519 22500 46.2235
2155 1520 10500 7.09215
2155 1521 13500 4.79147
2155 1522 12000 13.4675
2155 1523 6000 20.5561
2155 1524 13500 47.4199
2155 1525 48000 7.30666
2155 1526 33000 25.9566
2155 1527 9000 5.56224
2155 1528 18000 18.4122
2155 1529 6000 41.9304
2155 1530 6000 9.36031
2155 1531 7500 40.6934
2155 1532 6000 40.2898
2155 1533 6000 26.9578
2155 1534 6000 18.0002
2155 1535 7500 40.0688
2155 1536 7500 41.1483
2155 1537 6000 26.5424
2155 1538 207000 32.4185
2155 1539 9000 34.4628
2155 1540 7500 9.0493
2155 1541 7500 5.47256
2155 1542 19500 34.2314
2155 1543 19500 48.7527
2155 1544 10500 42.458
2155 1545 9000 18.6018
2155 1546 400500 25.2276
2155 1547 7500 37.7345
2155 1548 12000 48.322
2155 1549 7500 28.2641
2155 1550 13500 34.958
2155 1551 10500 6.41419
2155 1552 6000 33.0556
2155 1553 25500 48.4255
2155 518 16500 26.9703
2155 519 12000 31.4755
2155 520 6000 6.73214
2155 521 9000 3.92692
2155 522 93000 37.0378
2155 523 7500 25.1444
2155 524 7500 45.8573
2155 525 843000 46.3981
2155 526 12000 16.8378
2155 527 21000 37.1471
2155 528 15000 24.3559
2156 1517 19500 34.838
2156 1518 7500 28.2158
2156 1519 99000 16.5042
2156 1520 6000 12.3803
2156 1521 10500 11.6343
2156 1522 82500 1.96695
2156 1523 12000 21.4296
2156 1524 6000 17.1069
2156 1525 25500 36.1983
2156 1526 16500 21.1823
2156 1527 10500 10.5649
2156 1528 9000 5.80016
2156 1529 7500 46.4099
2156 1530 31500 48.2994
2156 1531 6000 5.12221
2156 1532 18000 25.6741
2156 1533 390000 34.2574
2156 1534 16500 11.5364
2156 1535 463500 9.72966
2156 1536 7500 33.6829
2156 1537 7500 38.5067
2156 1538 42000 41.2052
2156 1539 6000 40.4151
2156 1540 9000 42.4336
2156 1541 28500 29.243
2156 1542 18000 16.5595
2156 1543 112500 39.2909
2156 1544 16500 26.641
2156 1545 12000 33.3972
2156 1546 70500 27.438
2156 1547 7500 1.99694
2156 1548 6000 19.2352
2156 1549 12000 6.65386
2156 1550 7500 18.5011
2156 1551 6000 31.6155
2156 1552 9000 18.2882
2156 1553 6000 20.4681
2156 518 9000 4.04508
2156 519 7500 35.3951
2156 520 6000 7.66639
2156 521 10500 25.2274
2156 522 6000 45.96
2156 523 6000 13.4665
2156 524 6000 22.6373
2156 525 16500 45.2595
2156 526 6000 18.5888
2156 527 21000 48.3114
2156 528 19500 30.5169
2157 1517 9000 30.1252
2157 1518 7500 9.04105
2157 1519 6000 15.1999
2157 1520 6000 19.6319
2157 1521 9000 1.24624
2157 1522 7500 6.61492
2157 1523 7500 13.0655
2157 1524 7500 30.4892
2157 1525 10500 23.1744
2157 1526 6000 3.35644
2157 1527 10500 8.13024
2157 1528 66000 7.57159
2157 1529 46500 30.7945
2157 1530 31500 10.1272
2157 1531 7500 26.8068
2157 1532 25500 37.4483
2157 1533 12000 28.6283
2157 1534 9000 9.42223
2157 1535 7500 6.73653
2157 1536 19500 0.0963736
2157 1537 27000 13.4673
2157 1538 16500 42.1316
2157 1539 6000 7.76276
2157 1540 6000 38.6947
2157 1541 45000 39.0917
2157 1542 12000 21.2293
2157 1543 6000 12.332
2157 1544 9000 35.3512
2157 1545 10500 39.8181
2157 1546 67500 11.6434
2157 1547 22500 16.8681
2157 1548 6000 20.9432
2157 1549 7500 20.6845
2157 1550 42000 32.068
2157 1551 15000 40.5751
2157 1552 7500 21.9307
2157 1553 10500 38.6829
2157 518 6000 4.64058
2157 519 21000 3.41993
2157 520 7500 12.8573
2157 521 6000 7.99703
2157 522 13500 11.5502
2157 523 7500 20.4289
2157 524 474000 38.7915
2157 525 106500 21.6774
2157 526 10500 47.2356
2157 527 25500 27.2398
2157 528 31500 1.30566
2158 1517 7500 7.65784
2158 1518 6000 33.9764
2158 1519 9000 1.40203
2158 1520 10500 21.1251
2158 1521 12000 27.108
2158 1522 7500 9.16479
2158 1523 9000 10.8198
2158 1524 7500 17.1997
2158 1525 9000 30.3941
2158 1526 16500 23.1519
2158 1527 30000 3.5509
2158 1528 13500 21.2122
2158 1529 12000 34.7953
2158 1530 9000 20.419
2158 1531 91500 42.1554
2158 1532 9000 6.47979
2158 1533 22500 3.48701
2158 1534 7500 33.7305
2158 1535 7500 28.4105
2158 1536 10500 42.1699
2158 1537 445500 38.371
2158 1538 10500 31.8305
2158 1539 19500 6.02718
2158 1540 10500 46.3681
2158 1541 7500 43.3806
2158 1542 24000 26.456
2158 1543 9000 36.1596
2158 1544 7500 16.058
2158 1545 63000 24.6917
2158 1546 198000 14.3994
2158 1547 10500 17.3636
2158 1548 10500 32.3495
2158 1549 13500 48.3757
2158 1550 6000 18.7657
2158 1551 37500 4.47463
2158 1552 462000 26.4838
2158 1553 10500 27.9305
2158 518 21000 15.2945
2158 519 6000 43.6835
2158 520 7500 9.32455
2158 521 7500 38.4464
2158 522 6000 47.2344
2158 523 81000 30.5367
2158 524 70500 24.2417
2158 525 16500 18.6534
2158 526 6000 23.6921
2158 527 18000 30.7215
2158 528 9000 22.1404
2159 1517 6000 8.42256
2159 1518 93000 10.132
2159 1519 24000 15.3103
2159 1520 226500 46.7936
2159 1521 9000 41.9624
2159 1522 48000 21.3375
2159 1523 835500 44.1617
2159 1524 12000 36.3431
2159 1525 7500 47.7935
2159 1526 9000 31.3213
2159 1527 934500 3.40104
2159 1528 6000 23.4852
2159 1529 7500 45.7206
2159 1530 36000 20.7647
2159 1531 24000 6.83467
2159 1532 6000 45.0964
2159 1533 10500 39.5303
2159 1534 81000 11.3093
2159 1535 9000 22.5801
2159 1536 9000 18.4608
2159 1537 9000 26.6038
2159 1538 10500 17.2636
2159 1539 12000 27.7854
2159 1540 6000 16.0501
2159 1541 24000 15.498
2159 1542 21000 9.32207
2159 1543 9000 40.2918
2159 1544 9000 34.1513
2159 1545 6000 33.0142
2159 1546 75000 22.0133
2159 1547 13500 7.29172
2159 1548 60000 41.4367
2159 1549 6000 32.1453
2159 1550 19500 22.602
2159 1551 13500 39.2303
2159 1552 6000 25.1077
2159 1553 12000 43.9395
2159 518 7500 34.392
2159 519 7500 12.4508
2159 520 7500 42.733
2159 521 24000 16.7133
2159 522 15000 15.8518
2159 523 19500 17.2182
2159 524 7500 13.4339
2159 525 6000 36.6165
2159 526 7500 24.0529
2159 527 10500 9.53033
2159 528 21000 27.1468
2160 1517 9000 35.3622
2160 1518 48000 32.1105
2160 1519 48000 45.6076
2160 1520 1750500 12.966
2160 1521 9000 0.374065
2160 1522 24000 24.393
2160 1523 6000 29.0161
2160 1524 7500 15.872
2160 1525 19500 33.7151
2160 1526 18000 20.308
2160 1527 16500 1.02335
2160 1528 10500 17.7292
2160 1529 10500 42.3212
2160 1530 9000 8.31507
2160 1531 7500 10.166
2160 1532 6000 25.4665
2160 1533 13500 30.9171
2160 1534 27000 0.396323
2160 1535 7500 1.57421
2160 1536 15000 25.8566
2160 1537 9000 34.7884
2160 1538 6000 14.025
2160 1539 6000 19.5897
2160 1540 16500 2.50165
2160 1541 9000 29.8768
2160 1542 6000 36.8079
2160 1543 61500 15.9356
2160 1544 6000 17.4933
2160 1545 7500 11.8608
2160 1546 6000 25.4659
2160 1547 187500 44.6401
2160 1548 15000 47.223
2160 1549 16500 8.57637
2160 1550 7500 41.2478
2160 1551 9000 11.189
2160 1552 12000 8.95044
2160 1553 13500 16.6408
2160 518 7500 40.2051
2160 519 9000 24.8225
2160 520 7500 1.35583
2160 521 16500 11.5131
2160 522 6000 25.8458
2160 523 18000 19.0851
2160 524 9000 4.8343
2160 525 36000 34.1609
2160 526 6000 29.251
2160 527 52500 30.3008
2160 528 9000 16.078
2161 1517 10500 29.6474
2161 1518 12000 31.875
2161 1519 10500 41.9346
2161 1520 18000 15.4357
2161 1521 12000 45.9
2161 1522 9000 12.5242
2161 1523 7500 17.9374
2161 1524 16500 26.7768
2161 1525 7500 0.332117
2161 1526 16500 33.873
2161 1527 24000 44.2701
2161 1528 15000 12.1929
2161 1529 6000 10.3389
2161 1530 261000 39.9102
2161 1531 13500 10.4159
2161 1532 6000 18.9152
2161 1533 97500 32.1579
2161 1534 6000 21.6048
2161 1535 9000 27.8657
2161 1536 9000 48.7987
2161 1537 7500 12.81
2161 1538 9000 3.68813
2161 1539 31500 1.15453
2161 1540 12000 24.323
2161 1541 9000 29.5339
2161 1542 10500 20.2396
2161 1543 6000 29.1573
2161 1544 9000 14.6948
2161 1545 36000 0.490651
2161 1546 7500 10.4581
2161 1547 6000 30.7728
2161 1548 6000 30.138
2161 1549 9000 42.3331
2161 1550 22500 23.7074
2161 1551 9000 45.5737
2161 1552 9000 39.2331
2161 1553 7500 36.2316
2161 518 7500 14.5111
2161 519 28500 17.0099
2161 520 6000 36.5637
2161 521 6000 48.3841
2161 522 7500 12.2799
2161 523 361500 48.7566
2161 524 6000 9.72294
2161 525 12000 3.19013
2161 526 24000 10.1725
2161 527 33000 28.6382
2161 528 10500 35.3481
2162 1517 15000 31.7773
2162 1518 49500 7.50385
2162 1519 27000 35.1468
2162 1520 6000 44.5873
2162 1521 10500 11.192
2162 1522 6000 36.3013
2162 1523 34500 19.9103
2162 1524 6000 40.7259
2162 1525 30000 7.54091
2162 1526 18000 0.0676182
2162 1527 31500 6.42072
2162 1528 6000 8.03156
2162 1529 18000 10.5257
2162 1530 24000 37.1935
2162 1531 12000 38.1696
2162 1532 6000 3.85887
2162 1533 12000 11.9009
2162 1534 7500 34.7433
2162 1535 19500 43.092
2162 1536 6000 48.1325
2162 1537 169500 0.254458
2162 1538 19500 11.1019
2162 1539 22500 35.6962
2162 1540 6000 48.6385
2162 1541 15000 23.3818
2162 1542 7500 35.4528
2162 1543 9000 9.36148
2162 1544 19500 26.572
2162 1545 7500 45.6253
2162 1546 16500 37.9997
2162 1547 7500 12.92
2162 1548 6000 28.4026
2162 1549 21000 45.5035
2162 1550 18000 48.0668
2162 1551 7500 23.9899
2162 1552 10500 7.69549
2162 1553 12000 35.3681
2162 518 6000 43.9002
2162 519 36000 48.4214
2162 520 7500 42.909
2162 521 7500 43.9678
2162 522 13500 5.84212
2162 523 7500 1.94058
2162 524 25500 5.49353
2162 525 21000 43.0356
2162 526 9000 40.1102
2162 527 13500 9.3524
2162 528 6000 5.93648
