0_38125_100000_100_0_0 25 75 0.540286 0.216126 1.00041 9.81845 120.033 3.93332
0_38125_100000_100_0_0 25 75 50 1437574 49753504500 34609.4 28751.5 995070090 6.13308e+09
0_38125_100000_100_1_1 25 75 0 0   0 0
0_38125_100000_100_1_1 25 75 50 0 0 0 0 0 0
0_38125_100000_100_2_2 25 75 0 0   0 0
0_38125_100000_100_2_2 25 75 50 0 0 0 0 0 0
0_38125_100000_100_3_3 25 75 0 0   0 0
0_38125_100000_100_3_3 25 75 50 0 0 0 0 0 0
0_38125_100000_100_4_4 25 75 0 0   0 0
0_38125_100000_100_4_4 25 75 50 0 0 0 0 0 0
0_38125_100000_100_5_5 25 75 0 0   0 0
0_38125_100000_100_5_5 25 75 50 0 0 0 0 0 0
0_38125_100000_100_6_6 25 75 0 0   0 0
0_38125_100000_100_6_6 25 75 50 0 0 0 0 0 0
0_38125_100000_100_7_7 25 75 0 0   0 0
0_38125_100000_100_7_7 25 75 50 0 0 0 0 0 0
0_38125_100000_100_8_8 25 75 0 0   0 0
0_38125_100000_100_8_8 25 75 50 0 0 0 0 0 0
0_38125_100000_100_9_9 25 75 0 0   0 0
0_38125_100000_100_9_9 25 75 50 0 0 0 0 0 0
