1_725_1000_100_0_0 25 75 0.627082 0.27894 1.34652 10.0399 110.066 4.49197
1_725_1000_100_0_0 25 75 50 1680422 46897849500 27908.4 33608.4 937956990 3.99009e+09
1_725_1000_100_1_1 25 75 0.627082 0.27894 1.34652 10.0399 110.066 4.49197
1_725_1000_100_1_1 25 75 50 1680422 46897849500 27908.4 33608.4 937956990 3.99009e+09
1_725_1000_100_2_2 25 75 0.633672 0.278839 1.35143 10.1192 115.63 4.52359
1_725_1000_100_2_2 25 75 50 1680421 46897872000 27908.4 33608.4 937957440 4.01339e+09
1_725_1000_100_3_3 25 75 0.624756 0.278933 1.34028 10.0183 141.523 4.45865
1_725_1000_100_3_3 25 75 50 1680422 46897884000 27908.4 33608.4 937957680 3.92037e+09
1_725_1000_100_4_4 25 75 0.63244 0.280108 1.37051 10.1053 104.848 4.57014
1_725_1000_100_4_4 25 75 50 1680419 46897807500 27908.4 33608.4 937956150 3.98437e+09
1_725_1000_100_5_5 25 75 0.627417 0.278593 1.33883 10.0541 121.584 4.46117
1_725_1000_100_5_5 25 75 50 1680423 46897900500 27908.4 33608.5 937958010 3.96872e+09
1_725_1000_100_6_6 25 75 0.629049 0.279853 1.36038 10.0475 83.7057 4.5142
1_725_1000_100_6_6 25 75 50 1680422 46897894500 27908.4 33608.4 937957890 4.03576e+09
1_725_1000_100_7_7 25 75 0.628988 0.2791 1.35657 10.0568 110.065 4.52523
1_725_1000_100_7_7 25 75 50 1680421 46897875000 27908.4 33608.4 937957500 3.98339e+09
1_725_1000_100_8_8 25 75 0.628602 0.279338 1.35123 10.093 110.001 4.49526
1_725_1000_100_8_8 25 75 50 1680422 46897896000 27908.4 33608.4 937957920 3.95935e+09
1_725_1000_100_9_9 25 75 0.633601 0.27969 1.3825 10.1009 92.4954 4.58212
1_725_1000_100_9_9 25 75 50 1680420 46897858500 27908.4 33608.4 937957170 4.01113e+09
