0 1 1 0 25 0.0625
0 1 2 0 26 0.046875
0 1 3 0 27 0.03125
0 1 4 0 28 0.046875
0 1 5 0 29 0.03125
0 1 7 0 73 0.046875
0 1 8 0 74 0.046875
0 1 9 0 75 0.0625
0 1 10 0 76 0.015625
0 1 11 0 77 0.0625
0 1 12 0 78 0.03125
0 1 13 0 79 0.046875
0 1 15 0 53 0.0625
0 1 16 0 54 0.0625
0 1 17 0 55 0.03125
0 1 18 0 56 0.0625
0 1 19 0 57 0.0625
0 1 20 0 58 0.0625
0 1 21 0 18 0.0625
0 1 22 0 19 0.015625
0 1 23 0 20 0.046875
1 2 2 1 26 0.03125
1 2 3 1 27 0.03125
1 2 6 1 30 0.046875
1 2 7 1 73 0.0625
1 2 8 1 74 0.03125
1 2 9 1 75 0.0625
1 2 10 1 76 0.046875
1 2 11 1 77 0.015625
1 2 12 1 78 0.046875
1 2 13 1 79 0.0625
1 2 16 1 54 0.0625
1 2 17 1 55 0.0625
1 2 18 1 56 0.0625
1 2 19 1 57 0.0625
1 2 20 1 58 0.0625
1 2 21 1 18 0.046875
1 2 22 1 19 0.0625
1 2 23 1 20 0.015625
1 2 24 1 21 0.046875
1 2 25 1 22 0.0625
1 2 26 1 23 0.015625
2 3 1 2 25 0.03125
2 3 2 2 26 0.015625
2 3 3 2 27 0.03125
2 3 6 2 30 0.0625
2 3 7 2 73 0.0625
2 3 9 2 75 0.0625
2 3 10 2 76 0.03125
2 3 11 2 77 0.046875
2 3 12 2 78 0.0625
2 3 13 2 79 0.0625
2 3 14 2 52 0.046875
2 3 16 2 54 0.046875
2 3 17 2 55 0.0625
2 3 18 2 56 0.0625
2 3 19 2 57 0.0625
2 3 20 2 58 0.0625
2 3 21 2 18 0.015625
2 3 22 2 19 0.046875
2 3 23 2 20 0.0625
2 3 24 2 21 0.015625
2 3 25 2 22 0.046875
3 4 2 3 26 0.03125
3 4 6 3 30 0.046875
3 4 7 3 73 0.0625
3 4 8 3 74 0.046875
3 4 9 3 75 0.046875
3 4 10 3 76 0.0625
3 4 11 3 77 0.0625
3 4 12 3 78 0.0625
3 4 13 3 79 0.0625
3 4 15 3 53 0.046875
3 4 16 3 54 0.015625
3 4 17 3 55 0.046875
3 4 18 3 56 0.0625
3 4 19 3 57 0.0625
3 4 20 3 58 0.0625
3 4 21 3 18 0.046875
3 4 22 3 19 0.015625
3 4 23 3 20 0.0625
3 4 24 3 21 0.0625
3 4 25 3 22 0.03125
4 5 0 4 24 0.015625
4 5 1 4 25 0.0625
4 5 3 4 27 0.03125
4 5 4 4 28 0.03125
4 5 6 4 30 0.046875
4 5 7 4 73 0.0625
4 5 8 4 74 0.046875
4 5 9 4 75 0.046875
4 5 10 4 76 0.0625
4 5 11 4 77 0.015625
4 5 12 4 78 0.0625
4 5 13 4 79 0.03125
4 5 14 4 52 0.015625
4 5 16 4 54 0.0625
4 5 17 4 55 0.015625
4 5 18 4 56 0.0625
4 5 19 4 57 0.0625
4 5 20 4 58 0.0625
4 5 21 4 18 0.015625
4 5 22 4 19 0.046875
4 5 24 4 21 0.0625
4 5 25 4 22 0.0625
4 5 26 4 23 0.015625
5 6 5 5 25 0.03125
5 6 8 5 26 0.03125
5 6 10 5 27 0.015625
5 6 14 5 28 0.0625
5 6 15 5 29 0.015625
5 6 16 5 29 0.03125
5 6 17 5 30 0.015625
5 6 20 5 30 0.046875
5 6 24 5 52 0.03125
5 6 25 5 53 0.015625
5 6 26 5 55 0.03125
5 6 27 5 55 0.015625
5 6 29 5 56 0.015625
5 6 30 5 56 0.046875
5 6 31 5 57 0.046875
5 6 33 5 58 0.03125
5 6 44 5 73 0.015625
5 6 45 5 73 0.03125
5 6 46 5 74 0.03125
5 6 53 5 76 0.015625
5 6 57 5 76 0.03125
5 6 58 5 77 0.015625
5 6 59 5 77 0.015625
5 6 60 5 77 0.015625
5 6 61 5 78 0.015625
5 6 62 5 78 0.03125
5 6 66 5 79 0.03125
5 6 68 5 79 0.015625
5 6 75 5 52 0.015625
5 6 77 5 18 0.03125
5 6 78 5 18 0.015625
5 6 79 5 19 0.015625
5 6 82 5 20 0.015625
5 6 83 5 20 0.03125
5 6 85 5 22 0.046875
5 6 102 5 75 0.015625
5 6 135 5 58 0.03125
5 6 137 5 18 0.015625
5 6 140 5 19 0.015625
6 0 7 6 62 0.078125
6 0 11 6 65 0.03125
6 0 16 6 32 0.015625
6 0 17 6 32 0.015625
6 0 26 6 35 0.09375
6 0 28 6 35 0.078125
6 0 32 6 36 0.015625
6 0 33 6 36 0.015625
6 0 36 6 37 0.09375
6 0 38 6 37 0.078125
6 0 53 6 66 0.09375
6 0 56 6 67 0.015625
6 0 58 6 67 0.125
6 0 59 6 67 0.03125
6 0 63 6 68 0.03125
6 0 75 6 71 0.015625
6 0 78 6 72 0.0625
6 0 80 6 72 0.03125
6 0 83 6 12 0.0625
6 0 118 6 33 0.015625
6 7 0 6 59 0.0625
6 7 1 6 60 0.0625
6 7 2 6 61 0.0625
6 7 3 6 62 0.03125
6 7 4 6 63 0.046875
6 7 5 6 64 0.0625
6 7 6 6 65 0.046875
6 7 7 6 31 0.03125
6 7 8 6 32 0.03125
6 7 9 6 33 0.046875
6 7 10 6 34 0.0625
6 7 14 6 66 0.03125
6 7 16 6 68 0.046875
6 7 17 6 69 0.0625
6 7 18 6 70 0.046875
6 7 19 6 71 0.03125
6 7 20 6 72 0.03125
6 7 21 6 12 0.03125
6 7 22 6 13 0.0625
6 7 23 6 14 0.046875
6 7 24 6 15 0.046875
6 7 31 6 14 0.015625
7 8 0 7 59 0.046875
7 8 1 7 60 0.0625
7 8 2 7 61 0.0625
7 8 3 7 62 0.0625
7 8 4 7 63 0.0625
7 8 5 7 64 0.0625
7 8 6 7 65 0.0625
7 8 9 7 33 0.03125
7 8 11 7 35 0.046875
7 8 14 7 66 0.046875
7 8 15 7 67 0.046875
7 8 16 7 68 0.046875
7 8 17 7 69 0.046875
7 8 18 7 70 0.046875
7 8 19 7 71 0.015625
7 8 20 7 72 0.046875
7 8 21 7 12 0.0625
7 8 22 7 13 0.046875
7 8 23 7 14 0.046875
7 8 24 7 15 0.03125
7 8 44 7 37 0.015625
8 0 0 8 59 0.125
8 0 4 8 62 0.046875
8 0 6 8 64 0.09375
8 0 7 8 64 0.0625
8 0 13 8 32 0.078125
8 0 18 8 33 0.0625
8 0 22 8 34 0.03125
8 0 36 8 37 0.078125
8 0 38 8 37 0.0625
8 0 55 8 67 0.046875
8 0 59 8 68 0.015625
8 0 61 8 69 0.03125
8 0 62 8 70 0.0625
8 0 72 8 72 0.046875
8 0 84 8 14 0.0625
8 0 86 8 14 0.015625
8 0 110 8 65 0.015625
8 0 114 8 65 0.0625
8 9 1 8 60 0.09375
8 9 2 8 61 0.03125
8 9 3 8 62 0.046875
8 9 4 8 63 0.078125
8 9 5 8 64 0.015625
8 9 6 8 65 0.046875
8 9 7 8 31 0.046875
8 9 11 8 35 0.015625
8 9 12 8 36 0.078125
8 9 14 8 66 0.078125
8 9 15 8 67 0.046875
8 9 16 8 68 0.078125
8 9 17 8 69 0.015625
8 9 19 8 71 0.046875
8 9 20 8 72 0.015625
8 9 21 8 12 0.046875
8 9 22 8 13 0.09375
8 9 23 8 14 0.046875
8 9 24 8 15 0.03125
8 9 25 8 16 0.03125
8 9 29 8 62 0.015625
9 0 0 9 59 0.15625
9 0 3 9 61 0.03125
9 0 4 9 62 0.09375
9 0 5 9 63 0.046875
9 0 18 9 32 0.03125
9 0 21 9 33 0.109375
9 0 27 9 34 0.03125
9 0 30 9 35 0.0625
9 0 37 9 37 0.109375
9 0 38 9 37 0.078125
9 0 55 9 68 0.015625
9 0 58 9 68 0.046875
9 0 63 9 70 0.015625
9 0 64 9 70 0.03125
9 0 75 9 72 0.015625
9 0 76 9 12 0.015625
9 0 79 9 13 0.015625
9 0 91 9 16 0.03125
9 0 104 9 63 0.03125
9 0 134 9 70 0.015625
9 0 145 9 16 0.015625
9 10 1 9 60 0.078125
9 10 2 9 61 0.0625
9 10 4 9 63 0.046875
9 10 5 9 64 0.09375
9 10 7 9 31 0.03125
9 10 12 9 36 0.09375
9 10 14 9 66 0.078125
9 10 15 9 67 0.03125
9 10 16 9 68 0.03125
9 10 17 9 69 0.015625
9 10 18 9 70 0.0625
9 10 19 9 71 0.0625
9 10 20 9 72 0.0625
9 10 21 9 12 0.078125
9 10 22 9 13 0.0625
9 10 23 9 14 0.0625
9 10 24 9 15 0.03125
9 10 53 9 69 0.015625
10 11 0 10 59 0.0625
10 11 1 10 60 0.0625
10 11 2 10 61 0.0625
10 11 3 10 62 0.0625
10 11 4 10 63 0.0625
10 11 5 10 64 0.0625
10 11 6 10 65 0.0625
10 11 7 10 31 0.015625
10 11 11 10 35 0.03125
10 11 12 10 36 0.015625
10 11 13 10 37 0.015625
10 11 14 10 66 0.015625
10 11 15 10 67 0.015625
10 11 16 10 68 0.0625
10 11 17 10 69 0.046875
10 11 18 10 70 0.03125
10 11 19 10 71 0.0625
10 11 20 10 72 0.046875
10 11 22 10 13 0.046875
10 11 23 10 14 0.046875
10 11 24 10 15 0.03125
10 11 25 10 16 0.03125
10 11 26 10 17 0.046875
11 12 0 11 12 0.0625
11 12 1 11 59 0.0625
11 12 2 11 60 0.0625
11 12 3 11 61 0.0625
11 12 5 11 63 0.03125
11 12 6 11 64 0.046875
11 12 7 11 65 0.0625
11 12 8 11 66 0.0625
11 12 9 11 67 0.046875
11 12 10 11 68 0.03125
11 12 11 11 69 0.046875
11 12 12 11 70 0.0625
11 12 13 11 71 0.0625
11 12 14 11 72 0.0625
11 12 29 11 34 0.03125
11 12 50 11 13 0.015625
11 12 52 11 13 0.015625
11 12 58 11 14 0.046875
11 12 59 11 14 0.015625
11 12 64 11 15 0.03125
11 12 65 11 15 0.015625
11 12 71 11 17 0.015625
11 12 72 11 17 0.015625
11 12 79 11 62 0.03125
12 13 0 12 59 0.046875
12 13 1 12 60 0.046875
12 13 2 12 61 0.03125
12 13 3 12 62 0.0625
12 13 4 12 63 0.046875
12 13 5 12 64 0.046875
12 13 6 12 65 0.046875
12 13 10 12 9 0.015625
12 13 12 12 11 0.03125
12 13 15 12 40 0.0625
12 13 16 12 41 0.046875
12 13 17 12 42 0.046875
12 13 18 12 43 0.015625
12 13 19 12 44 0.046875
12 13 20 12 66 0.0625
12 13 21 12 67 0.03125
12 13 22 12 68 0.0625
12 13 23 12 69 0.0625
12 13 24 12 70 0.0625
12 13 25 12 71 0.0625
12 13 26 12 72 0.0625
13 14 0 13 59 0.0625
13 14 1 13 60 0.0625
13 14 2 13 61 0.03125
13 14 3 13 62 0.0625
13 14 4 13 63 0.03125
13 14 5 13 64 0.046875
13 14 6 13 65 0.0625
13 14 11 13 10 0.015625
13 14 13 13 38 0.03125
13 14 15 13 40 0.0625
13 14 16 13 41 0.046875
13 14 17 13 42 0.046875
13 14 18 13 43 0.046875
13 14 19 13 44 0.046875
13 14 20 13 66 0.046875
13 14 21 13 67 0.015625
13 14 22 13 68 0.0625
13 14 23 13 69 0.015625
13 14 24 13 70 0.0625
13 14 25 13 71 0.0625
13 14 26 13 72 0.0625
13 14 46 13 42 0.015625
14 6 0 14 6 0.15625
14 6 1 14 59 0.125
14 6 2 14 60 0.15625
14 6 3 14 61 0.046875
14 6 6 14 64 0.140625
14 6 7 14 65 0.046875
14 6 8 14 66 0.015625
14 6 10 14 68 0.09375
14 6 11 14 69 0.125
14 6 13 14 71 0.0625
14 6 55 14 43 0.015625
14 6 120 14 71 0.015625
14 15 0 14 59 0.015625
14 15 1 14 60 0.015625
14 15 2 14 61 0.0625
14 15 3 14 62 0.046875
14 15 4 14 63 0.078125
14 15 6 14 65 0.0625
14 15 8 14 7 0.015625
14 15 9 14 8 0.015625
14 15 10 14 9 0.046875
14 15 11 14 10 0.015625
14 15 14 14 39 0.03125
14 15 15 14 40 0.0625
14 15 17 14 42 0.078125
14 15 18 14 43 0.046875
14 15 19 14 44 0.03125
14 15 20 14 66 0.078125
14 15 21 14 67 0.078125
14 15 22 14 68 0.03125
14 15 24 14 70 0.078125
14 15 25 14 71 0.03125
14 15 26 14 72 0.078125
15 16 0 15 59 0.046875
15 16 1 15 60 0.03125
15 16 2 15 61 0.015625
15 16 3 15 62 0.0625
15 16 4 15 63 0.0625
15 16 5 15 64 0.046875
15 16 6 15 65 0.046875
15 16 7 15 6 0.046875
15 16 9 15 8 0.03125
15 16 10 15 9 0.03125
15 16 11 15 10 0.015625
15 16 12 15 11 0.03125
15 16 13 15 38 0.03125
15 16 14 15 39 0.03125
15 16 15 15 40 0.015625
15 16 17 15 42 0.015625
15 16 18 15 43 0.0625
15 16 19 15 44 0.03125
15 16 20 15 66 0.03125
15 16 21 15 67 0.0625
15 16 22 15 68 0.046875
15 16 23 15 69 0.015625
15 16 24 15 70 0.0625
15 16 25 15 71 0.0625
15 16 26 15 72 0.0625
16 10 0 16 10 0.171875
16 10 1 16 59 0.171875
16 10 2 16 60 0.015625
16 10 3 16 61 0.046875
16 10 4 16 62 0.140625
16 10 5 16 63 0.078125
16 10 7 16 65 0.171875
16 10 8 16 66 0.015625
16 10 10 16 68 0.09375
16 10 12 16 70 0.03125
16 10 17 16 60 0.0625
16 17 2 16 61 0.046875
16 17 4 16 63 0.03125
16 17 5 16 64 0.046875
16 17 7 16 6 0.03125
16 17 8 16 7 0.046875
16 17 9 16 8 0.0625
16 17 10 16 9 0.03125
16 17 12 16 11 0.015625
16 17 13 16 38 0.015625
16 17 14 16 39 0.0625
16 17 15 16 40 0.0625
16 17 16 16 41 0.03125
16 17 17 16 42 0.0625
16 17 18 16 43 0.046875
16 17 19 16 44 0.046875
16 17 20 16 66 0.046875
16 17 21 16 67 0.0625
16 17 22 16 68 0.03125
16 17 23 16 69 0.0625
16 17 24 16 70 0.046875
16 17 25 16 71 0.046875
16 17 26 16 72 0.0625
17 9 0 17 9 0.171875
17 9 1 17 59 0.0625
17 9 3 17 61 0.109375
17 9 4 17 62 0.078125
17 9 5 17 63 0.015625
17 9 6 17 64 0.15625
17 9 9 17 67 0.015625
17 9 11 17 69 0.0625
17 9 12 17 70 0.171875
17 9 19 17 62 0.09375
17 9 48 17 10 0.0625
17 18 2 17 38 0.03125
17 18 4 17 39 0.015625
17 18 5 17 39 0.015625
17 18 6 17 39 0.03125
17 18 8 17 40 0.03125
17 18 9 17 40 0.03125
17 18 10 17 41 0.03125
17 18 12 17 41 0.015625
17 18 14 17 42 0.03125
17 18 16 17 42 0.015625
17 18 17 17 42 0.015625
17 18 21 17 43 0.046875
17 18 24 17 44 0.03125
17 18 29 17 66 0.015625
17 18 31 17 66 0.046875
17 18 32 17 67 0.046875
17 18 33 17 68 0.046875
17 18 35 17 71 0.015625
17 18 37 17 71 0.046875
17 18 40 17 72 0.015625
17 18 43 17 59 0.015625
17 18 44 17 59 0.015625
17 18 52 17 63 0.015625
17 18 58 17 65 0.03125
17 18 61 17 65 0.015625
17 18 62 17 65 0.015625
17 18 64 17 6 0.046875
17 18 67 17 7 0.046875
17 18 69 17 7 0.015625
17 18 77 17 10 0.015625
17 18 78 17 10 0.015625
17 18 90 17 72 0.046875
17 18 107 17 8 0.03125
17 18 127 17 44 0.03125
17 18 135 17 69 0.03125
17 18 144 17 61 0.03125
18 19 0 18 0 0.046875
18 19 2 18 2 0.015625
18 19 3 18 3 0.03125
18 19 4 18 4 0.015625
18 19 5 18 5 0.03125
18 19 6 18 73 0.0625
18 19 7 18 74 0.0625
18 19 8 18 75 0.0625
18 19 9 18 76 0.0625
18 19 10 18 77 0.0625
18 19 11 18 78 0.0625
18 19 12 18 79 0.0625
18 19 15 18 54 0.03125
18 19 17 18 56 0.0625
18 19 18 18 57 0.046875
18 19 19 18 58 0.046875
18 19 20 18 45 0.046875
18 19 21 18 46 0.046875
18 19 22 18 47 0.015625
18 19 23 18 48 0.015625
18 19 24 18 49 0.046875
18 19 25 18 50 0.0625
19 20 0 19 0 0.015625
19 20 1 19 1 0.046875
19 20 4 19 4 0.03125
19 20 5 19 5 0.015625
19 20 6 19 73 0.0625
19 20 7 19 74 0.046875
19 20 8 19 75 0.0625
19 20 9 19 76 0.0625
19 20 10 19 77 0.0625
19 20 11 19 78 0.0625
19 20 12 19 79 0.046875
19 20 16 19 55 0.03125
19 20 17 19 56 0.0625
19 20 18 19 57 0.046875
19 20 19 19 58 0.046875
19 20 20 19 45 0.046875
19 20 21 19 46 0.0625
19 20 23 19 48 0.046875
19 20 24 19 49 0.0625
19 20 25 19 50 0.0625
19 20 68 19 51 0.015625
20 21 0 20 0 0.046875
20 21 1 20 1 0.015625
20 21 2 20 2 0.046875
20 21 5 20 5 0.0625
20 21 6 20 73 0.0625
20 21 7 20 74 0.0625
20 21 8 20 75 0.046875
20 21 9 20 76 0.0625
20 21 10 20 77 0.0625
20 21 11 20 78 0.0625
20 21 12 20 79 0.0625
20 21 16 20 55 0.015625
20 21 17 20 56 0.046875
20 21 18 20 57 0.0625
20 21 19 20 58 0.046875
20 21 20 20 45 0.015625
20 21 22 20 47 0.015625
20 21 23 20 48 0.046875
20 21 24 20 49 0.0625
20 21 25 20 50 0.0625
20 21 26 20 51 0.03125
21 16 4 21 76 0.0625
21 16 7 21 78 0.046875
21 16 10 21 79 0.0625
21 16 11 21 79 0.078125
21 16 17 21 46 0.046875
21 16 24 21 49 0.109375
21 16 28 21 50 0.046875
21 16 30 21 51 0.0625
21 16 31 21 51 0.03125
21 16 32 21 51 0.0625
21 16 38 21 1 0.03125
21 16 41 21 1 0.109375
21 16 67 21 54 0.078125
21 16 71 21 54 0.046875
21 16 78 21 56 0.015625
21 16 80 21 57 0.03125
21 16 85 21 50 0.015625
21 16 93 21 3 0.0625
21 22 0 21 0 0.078125
21 22 2 21 2 0.015625
21 22 3 21 3 0.03125
21 22 6 21 73 0.09375
21 22 7 21 74 0.09375
21 22 8 21 75 0.078125
21 22 9 21 76 0.0625
21 22 10 21 77 0.09375
21 22 11 21 78 0.0625
21 22 12 21 79 0.015625
21 22 15 21 54 0.015625
21 22 17 21 56 0.0625
21 22 19 21 58 0.078125
21 22 20 21 45 0.078125
21 22 22 21 47 0.03125
21 22 23 21 48 0.015625
21 22 24 21 49 0.03125
21 22 25 21 50 0.046875
21 22 26 21 51 0.015625
22 15 0 22 73 0.015625
22 15 5 22 75 0.03125
22 15 14 22 45 0.046875
22 15 15 22 45 0.078125
22 15 18 22 46 0.03125
22 15 21 22 49 0.0625
22 15 23 22 49 0.0625
22 15 24 22 50 0.09375
22 15 26 22 51 0.015625
22 15 27 22 51 0.015625
22 15 28 22 51 0.140625
22 15 33 22 0 0.015625
22 15 34 22 0 0.0625
22 15 35 22 0 0.015625
22 15 39 22 1 0.09375
22 15 65 22 53 0.078125
22 15 66 22 54 0.015625
22 15 78 22 45 0.0625
22 15 83 22 50 0.03125
22 15 144 22 50 0.03125
22 23 1 22 1 0.015625
22 23 3 22 3 0.015625
22 23 4 22 4 0.015625
22 23 6 22 73 0.078125
22 23 7 22 74 0.09375
22 23 8 22 75 0.0625
22 23 9 22 76 0.09375
22 23 10 22 77 0.09375
22 23 11 22 78 0.078125
22 23 12 22 79 0.09375
22 23 15 22 54 0.015625
22 23 17 22 56 0.09375
22 23 18 22 57 0.015625
22 23 19 22 58 0.046875
22 23 21 22 46 0.078125
22 23 22 22 47 0.0625
22 23 23 22 48 0.03125
22 23 24 22 49 0.015625
23 24 0 23 0 0.046875
23 24 1 23 1 0.046875
23 24 2 23 2 0.03125
23 24 3 23 3 0.046875
23 24 4 23 4 0.03125
23 24 5 23 5 0.03125
23 24 6 23 52 0.03125
23 24 7 23 53 0.0625
23 24 8 23 54 0.046875
23 24 9 23 55 0.0625
23 24 10 23 56 0.0625
23 24 11 23 57 0.0625
23 24 12 23 58 0.0625
23 24 14 23 74 0.015625
23 24 15 23 74 0.015625
23 24 16 23 74 0.015625
23 24 17 23 75 0.015625
23 24 18 23 76 0.015625
23 24 23 23 79 0.03125
23 24 36 23 1 0.015625
23 24 43 23 3 0.015625
23 24 72 23 73 0.015625
23 24 76 23 75 0.03125
23 24 77 23 75 0.015625
23 24 82 23 76 0.015625
23 24 83 23 77 0.03125
23 24 84 23 77 0.015625
23 24 94 23 79 0.03125
23 24 119 23 49 0.015625
23 24 127 23 50 0.03125
23 24 130 23 51 0.015625
23 24 140 23 76 0.015625
24 17 0 24 59 0.171875
24 17 1 24 60 0.171875
24 17 2 24 61 0.046875
24 17 3 24 62 0.140625
24 17 4 24 63 0.078125
24 17 5 24 64 0.046875
24 17 6 24 65 0.109375
24 17 9 24 61 0.078125
24 17 16 24 32 0.015625
24 17 19 24 33 0.03125
24 17 23 24 35 0.015625
24 17 24 24 35 0.03125
24 17 83 24 31 0.03125
24 17 95 24 2 0.015625
24 17 164 24 52 0.015625
24 25 1 24 1 0.078125
24 25 2 24 2 0.03125
24 25 3 24 3 0.078125
24 25 5 24 5 0.03125
24 25 9 24 62 0.015625
24 25 10 24 63 0.046875
24 25 11 24 64 0.0625
24 25 12 24 65 0.03125
24 25 13 24 52 0.078125
24 25 14 24 53 0.0625
24 25 15 24 54 0.09375
24 25 16 24 55 0.09375
24 25 17 24 56 0.078125
24 25 18 24 57 0.09375
24 25 19 24 58 0.03125
24 25 22 24 33 0.03125
24 25 23 24 34 0.015625
24 25 26 24 37 0.046875
25 26 2 25 2 0.03125
25 26 3 25 3 0.015625
25 26 4 25 4 0.0625
25 26 6 25 59 0.046875
25 26 7 25 60 0.0625
25 26 8 25 61 0.0625
25 26 9 25 62 0.0625
25 26 10 25 63 0.0625
25 26 11 25 64 0.046875
25 26 12 25 65 0.046875
25 26 13 25 52 0.0625
25 26 14 25 53 0.046875
25 26 15 25 54 0.046875
25 26 16 25 55 0.0625
25 26 17 25 56 0.0625
25 26 18 25 57 0.0625
25 26 19 25 58 0.0625
25 26 23 25 34 0.046875
25 26 26 25 37 0.046875
26 27 2 26 2 0.015625
26 27 3 26 3 0.03125
26 27 4 26 4 0.015625
26 27 5 26 5 0.03125
26 27 6 26 59 0.0625
26 27 7 26 60 0.0625
26 27 8 26 61 0.0625
26 27 9 26 62 0.0625
26 27 10 26 63 0.0625
26 27 11 26 64 0.015625
26 27 12 26 65 0.03125
26 27 13 26 52 0.03125
26 27 14 26 53 0.0625
26 27 15 26 54 0.046875
26 27 16 26 55 0.046875
26 27 17 26 56 0.0625
26 27 18 26 57 0.0625
26 27 19 26 58 0.0625
26 27 20 26 31 0.046875
26 27 21 26 32 0.015625
26 27 22 26 33 0.015625
26 27 23 26 34 0.03125
26 27 24 26 35 0.0625
27 28 1 27 1 0.015625
27 28 2 27 2 0.015625
27 28 3 27 3 0.015625
27 28 4 27 4 0.015625
27 28 6 27 59 0.046875
27 28 7 27 60 0.0625
27 28 8 27 61 0.046875
27 28 9 27 62 0.015625
27 28 10 27 63 0.046875
27 28 11 27 64 0.0625
27 28 12 27 65 0.0625
27 28 13 27 52 0.046875
27 28 14 27 53 0.015625
27 28 15 27 54 0.046875
27 28 16 27 55 0.0625
27 28 17 27 56 0.0625
27 28 18 27 57 0.0625
27 28 19 27 58 0.0625
27 28 21 27 32 0.0625
27 28 22 27 33 0.046875
27 28 23 27 34 0.015625
27 28 25 27 36 0.0625
27 28 26 27 37 0.046875
28 29 2 28 2 0.046875
28 29 3 28 3 0.046875
28 29 4 28 4 0.046875
28 29 5 28 5 0.03125
28 29 6 28 59 0.015625
28 29 7 28 60 0.0625
28 29 8 28 61 0.0625
28 29 9 28 62 0.046875
28 29 11 28 64 0.0625
28 29 12 28 65 0.03125
28 29 13 28 52 0.03125
28 29 14 28 53 0.046875
28 29 15 28 54 0.03125
28 29 16 28 55 0.046875
28 29 17 28 56 0.0625
28 29 18 28 57 0.0625
28 29 19 28 58 0.0625
28 29 20 28 31 0.015625
28 29 22 28 33 0.0625
28 29 23 28 34 0.046875
28 29 24 28 35 0.015625
28 29 26 28 37 0.0625
29 23 0 29 0 0.125
29 23 1 29 1 0.078125
29 23 2 29 2 0.171875
29 23 3 29 3 0.140625
29 23 4 29 4 0.078125
29 23 5 29 5 0.125
29 23 6 29 52 0.046875
29 23 18 29 3 0.03125
29 23 24 29 33 0.125
29 23 26 29 35 0.046875
29 23 28 29 35 0.015625
29 23 43 29 5 0.015625
29 30 6 29 59 0.0625
29 30 7 29 60 0.046875
29 30 8 29 61 0.0625
29 30 9 29 62 0.03125
29 30 10 29 63 0.0625
29 30 11 29 64 0.03125
29 30 12 29 65 0.0625
29 30 13 29 52 0.046875
29 30 14 29 53 0.0625
29 30 15 29 54 0.046875
29 30 16 29 55 0.0625
29 30 17 29 56 0.0625
29 30 18 29 57 0.0625
29 30 19 29 58 0.0625
29 30 21 29 32 0.015625
29 30 23 29 34 0.0625
29 30 24 29 35 0.03125
29 30 25 29 36 0.0625
29 30 26 29 37 0.0625
30 31 0 30 31 0.0625
30 31 1 30 59 0.046875
30 31 2 30 60 0.0625
30 31 3 30 61 0.0625
30 31 4 30 62 0.03125
30 31 5 30 63 0.0625
30 31 6 30 64 0.046875
30 31 7 30 65 0.03125
30 31 8 30 52 0.046875
30 31 9 30 53 0.046875
30 31 10 30 54 0.0625
30 31 11 30 55 0.0625
30 31 12 30 56 0.0625
30 31 13 30 57 0.0625
30 31 14 30 58 0.0625
30 31 15 30 0 0.015625
30 31 18 30 1 0.046875
30 31 32 30 62 0.015625
30 31 36 30 65 0.015625
30 31 50 30 33 0.015625
30 31 62 30 35 0.03125
30 31 63 30 35 0.015625
30 31 66 30 37 0.015625
30 31 67 30 37 0.015625
31 22 0 31 52 0.171875
31 22 1 31 53 0.046875
31 22 2 31 54 0.09375
31 22 3 31 55 0.140625
31 22 4 31 56 0.03125
31 22 5 31 57 0.171875
31 22 6 31 58 0.015625
31 22 7 31 24 0.015625
31 22 14 31 26 0.03125
31 22 16 31 27 0.03125
31 22 19 31 28 0.015625
31 22 76 31 7 0.015625
31 22 78 31 8 0.109375
31 22 82 31 9 0.046875
31 22 86 31 11 0.046875
31 22 127 31 7 0.015625
31 25 0 31 25 0.171875
31 25 7 31 58 0.109375
31 25 9 31 60 0.15625
31 25 10 31 61 0.15625
31 25 11 31 62 0.140625
31 25 12 31 63 0.078125
31 25 13 31 64 0.015625
31 25 14 31 65 0.109375
31 25 66 31 9 0.03125
31 25 71 31 11 0.03125
31 32 0 31 24 0.078125
31 32 2 31 26 0.0625
31 32 4 31 28 0.078125
31 32 5 31 29 0.0625
31 32 6 31 30 0.078125
31 32 8 31 53 0.0625
31 32 9 31 54 0.046875
31 32 10 31 55 0.015625
31 32 11 31 56 0.0625
31 32 13 31 58 0.03125
31 32 14 31 59 0.09375
31 32 16 31 61 0.015625
31 32 17 31 62 0.015625
31 32 18 31 63 0.046875
31 32 19 31 64 0.078125
31 32 20 31 65 0.03125
31 32 21 31 6 0.03125
31 32 23 31 8 0.03125
31 32 25 31 10 0.046875
31 32 26 31 11 0.03125
32 33 0 32 24 0.03125
32 33 1 32 25 0.046875
32 33 2 32 26 0.046875
32 33 3 32 27 0.015625
32 33 6 32 30 0.03125
32 33 7 32 52 0.03125
32 33 9 32 54 0.03125
32 33 10 32 55 0.03125
32 33 11 32 56 0.046875
32 33 12 32 57 0.0625
32 33 13 32 58 0.03125
32 33 14 32 59 0.0625
32 33 15 32 60 0.0625
32 33 16 32 61 0.046875
32 33 17 32 62 0.0625
32 33 18 32 63 0.0625
32 33 19 32 64 0.0625
32 33 20 32 65 0.0625
32 33 22 32 7 0.03125
32 33 23 32 8 0.03125
32 33 25 32 10 0.046875
32 33 26 32 11 0.0625
33 34 0 33 24 0.046875
33 34 2 33 26 0.015625
33 34 3 33 27 0.03125
33 34 6 33 30 0.046875
33 34 7 33 52 0.046875
33 34 8 33 53 0.03125
33 34 9 33 54 0.03125
33 34 10 33 55 0.0625
33 34 11 33 56 0.0625
33 34 12 33 57 0.015625
33 34 13 33 58 0.0625
33 34 14 33 59 0.0625
33 34 15 33 60 0.0625
33 34 16 33 61 0.0625
33 34 17 33 62 0.0625
33 34 18 33 63 0.0625
33 34 19 33 64 0.0625
33 34 20 33 65 0.0625
33 34 24 33 9 0.046875
33 34 25 33 10 0.03125
33 34 26 33 11 0.03125
34 35 0 34 24 0.046875
34 35 1 34 25 0.046875
34 35 3 34 27 0.015625
34 35 4 34 28 0.03125
34 35 7 34 52 0.015625
34 35 8 34 53 0.046875
34 35 9 34 54 0.046875
34 35 10 34 55 0.046875
34 35 12 34 57 0.046875
34 35 13 34 58 0.0625
34 35 14 34 59 0.0625
34 35 15 34 60 0.0625
34 35 16 34 61 0.0625
34 35 17 34 62 0.0625
34 35 18 34 63 0.0625
34 35 19 34 64 0.0625
34 35 20 34 65 0.0625
34 35 23 34 8 0.046875
34 35 24 34 9 0.03125
34 35 25 34 10 0.03125
34 35 26 34 11 0.046875
35 36 0 35 24 0.046875
35 36 1 35 25 0.0625
35 36 2 35 26 0.046875
35 36 4 35 28 0.0625
35 36 6 35 30 0.015625
35 36 7 35 52 0.046875
35 36 8 35 53 0.015625
35 36 9 35 54 0.046875
35 36 11 35 56 0.046875
35 36 12 35 57 0.046875
35 36 13 35 58 0.03125
35 36 14 35 59 0.0625
35 36 15 35 60 0.0625
35 36 16 35 61 0.0625
35 36 17 35 62 0.0625
35 36 18 35 63 0.0625
35 36 19 35 64 0.0625
35 36 20 35 65 0.046875
35 36 22 35 7 0.046875
35 36 25 35 10 0.046875
35 36 26 35 11 0.015625
36 29 0 36 29 0.171875
36 29 1 36 52 0.0625
36 29 2 36 53 0.046875
36 29 3 36 54 0.0625
36 29 4 36 55 0.03125
36 29 8 36 59 0.078125
36 29 12 36 63 0.09375
36 29 14 36 65 0.09375
36 29 15 36 24 0.03125
36 29 23 36 25 0.125
36 29 31 36 27 0.125
36 29 41 36 55 0.03125
36 29 42 36 56 0.03125
36 29 58 36 8 0.015625
36 37 0 36 24 0.046875
36 37 1 36 25 0.015625
36 37 2 36 26 0.078125
36 37 3 36 27 0.015625
36 37 8 36 53 0.046875
36 37 10 36 55 0.046875
36 37 11 36 56 0.078125
36 37 12 36 57 0.015625
36 37 13 36 58 0.078125
36 37 14 36 59 0.046875
36 37 15 36 60 0.09375
36 37 16 36 61 0.09375
36 37 17 36 62 0.09375
36 37 18 36 63 0.046875
36 37 19 36 64 0.078125
36 37 20 36 65 0.03125
36 37 22 36 7 0.03125
36 37 26 36 11 0.0625
37 38 0 37 59 0.015625
37 38 1 37 61 0.015625
37 38 2 37 61 0.015625
37 38 4 37 62 0.046875
37 38 5 37 63 0.03125
37 38 7 37 64 0.015625
37 38 9 37 65 0.015625
37 38 11 37 6 0.015625
37 38 14 37 7 0.046875
37 38 17 37 8 0.03125
37 38 18 37 9 0.015625
37 38 20 37 10 0.03125
37 38 21 37 10 0.015625
37 38 23 37 11 0.03125
37 38 24 37 11 0.015625
37 38 25 37 24 0.015625
37 38 28 37 25 0.015625
37 38 31 37 26 0.015625
37 38 33 37 27 0.03125
37 38 34 37 27 0.015625
37 38 47 37 53 0.046875
37 38 54 37 54 0.046875
37 38 56 37 55 0.015625
37 38 58 37 55 0.015625
37 38 67 37 58 0.03125
37 38 69 37 59 0.03125
37 38 73 37 65 0.015625
37 38 75 37 7 0.015625
37 38 76 37 7 0.015625
37 38 78 37 8 0.03125
37 38 79 37 9 0.03125
37 38 80 37 9 0.015625
37 38 84 37 24 0.015625
37 38 103 37 54 0.015625
37 38 105 37 56 0.015625
37 38 108 37 57 0.015625
37 38 113 37 60 0.03125
37 38 116 37 61 0.015625
37 38 117 37 62 0.015625
37 38 128 37 64 0.03125
37 38 131 37 65 0.015625
37 38 139 37 24 0.015625
37 38 143 37 25 0.015625
37 38 174 37 63 0.015625
37 38 189 37 60 0.015625
38 39 0 38 73 0.03125
38 39 1 38 74 0.046875
38 39 2 38 75 0.0625
38 39 3 38 76 0.03125
38 39 4 38 77 0.0625
38 39 5 38 78 0.046875
38 39 6 38 79 0.046875
38 39 7 38 12 0.046875
38 39 8 38 13 0.0625
38 39 9 38 14 0.015625
38 39 10 38 15 0.03125
38 39 13 38 66 0.046875
38 39 14 38 67 0.03125
38 39 15 38 68 0.0625
38 39 16 38 69 0.046875
38 39 17 38 70 0.046875
38 39 18 38 71 0.046875
38 39 19 38 72 0.015625
38 39 21 38 46 0.046875
38 39 22 38 47 0.03125
38 39 24 38 49 0.0625
38 39 25 38 50 0.0625
38 39 26 38 51 0.015625
39 31 2 39 12 0.0625
39 31 3 39 12 0.078125
39 31 5 39 13 0.078125
39 31 7 39 14 0.09375
39 31 11 39 14 0.046875
39 31 12 39 15 0.03125
39 31 14 39 16 0.03125
39 31 20 39 66 0.03125
39 31 22 39 68 0.03125
39 31 25 39 69 0.015625
39 31 27 39 69 0.015625
39 31 30 39 71 0.03125
39 31 32 39 72 0.046875
39 31 55 39 77 0.109375
39 31 67 39 12 0.03125
39 31 68 39 15 0.015625
39 31 70 39 15 0.015625
39 31 82 39 45 0.046875
39 31 85 39 47 0.03125
39 31 88 39 50 0.09375
39 31 101 39 79 0.046875
39 31 126 39 71 0.015625
39 40 0 39 73 0.0625
39 40 1 39 74 0.0625
39 40 2 39 75 0.046875
39 40 3 39 76 0.0625
39 40 4 39 77 0.015625
39 40 5 39 78 0.046875
39 40 6 39 79 0.03125
39 40 9 39 14 0.015625
39 40 13 39 66 0.046875
39 40 14 39 67 0.0625
39 40 15 39 68 0.046875
39 40 16 39 69 0.046875
39 40 17 39 70 0.0625
39 40 18 39 71 0.03125
39 40 19 39 72 0.046875
39 40 20 39 45 0.03125
39 40 21 39 46 0.03125
39 40 22 39 47 0.046875
39 40 23 39 48 0.0625
39 40 24 39 49 0.015625
39 40 25 39 50 0.03125
39 40 26 39 51 0.0625
39 40 42 39 13 0.03125
40 41 0 40 73 0.0625
40 41 1 40 74 0.0625
40 41 2 40 75 0.0625
40 41 3 40 76 0.0625
40 41 4 40 77 0.046875
40 41 5 40 78 0.03125
40 41 6 40 79 0.0625
40 41 13 40 66 0.0625
40 41 14 40 67 0.046875
40 41 15 40 68 0.0625
40 41 16 40 69 0.0625
40 41 17 40 70 0.046875
40 41 18 40 71 0.0625
40 41 19 40 72 0.03125
40 41 20 40 45 0.046875
40 41 22 40 47 0.03125
40 41 23 40 48 0.03125
40 41 24 40 49 0.0625
40 41 25 40 50 0.015625
40 41 26 40 51 0.046875
41 32 0 41 12 0.0625
41 32 1 41 12 0.015625
41 32 2 41 12 0.015625
41 32 10 41 15 0.078125
41 32 11 41 15 0.078125
41 32 15 41 16 0.078125
41 32 18 41 17 0.078125
41 32 21 41 66 0.109375
41 32 22 41 67 0.109375
41 32 23 41 68 0.015625
41 32 24 41 68 0.015625
41 32 25 41 69 0.046875
41 32 42 41 75 0.015625
41 32 43 41 75 0.015625
41 32 72 41 71 0.078125
41 32 82 41 48 0.015625
41 32 83 41 50 0.125
41 32 98 41 79 0.03125
41 32 136 41 51 0.015625
41 42 0 41 73 0.078125
41 42 1 41 74 0.03125
41 42 2 41 75 0.078125
41 42 3 41 76 0.046875
41 42 4 41 77 0.078125
41 42 5 41 78 0.015625
41 42 6 41 79 0.015625
41 42 9 41 14 0.015625
41 42 13 41 66 0.03125
41 42 14 41 67 0.03125
41 42 15 41 68 0.078125
41 42 16 41 69 0.0625
41 42 17 41 70 0.0625
41 42 18 41 71 0.03125
41 42 19 41 72 0.09375
41 42 20 41 45 0.015625
41 42 21 41 46 0.03125
41 42 23 41 48 0.0625
41 42 24 41 49 0.078125
41 42 25 41 50 0.03125
41 42 26 41 51 0.03125
42 43 0 42 73 0.046875
42 43 1 42 74 0.03125
42 43 2 42 75 0.046875
42 43 3 42 76 0.03125
42 43 4 42 77 0.046875
42 43 5 42 78 0.046875
42 43 6 42 79 0.03125
42 43 7 42 12 0.015625
42 43 9 42 14 0.015625
42 43 13 42 66 0.046875
42 43 14 42 67 0.0625
42 43 15 42 68 0.0625
42 43 16 42 69 0.0625
42 43 17 42 70 0.0625
42 43 18 42 71 0.0625
42 43 19 42 72 0.0625
42 43 20 42 45 0.03125
42 43 22 42 47 0.03125
42 43 23 42 48 0.046875
42 43 24 42 49 0.03125
42 43 25 42 50 0.0625
42 43 26 42 51 0.046875
42 43 31 42 49 0.015625
43 44 0 43 73 0.046875
43 44 1 43 74 0.046875
43 44 2 43 75 0.046875
43 44 3 43 76 0.03125
43 44 5 43 78 0.0625
43 44 6 43 79 0.0625
43 44 8 43 13 0.015625
43 44 10 43 15 0.015625
43 44 13 43 66 0.0625
43 44 14 43 67 0.0625
43 44 15 43 68 0.0625
43 44 16 43 69 0.0625
43 44 17 43 70 0.0625
43 44 18 43 71 0.0625
43 44 19 43 72 0.0625
43 44 20 43 45 0.015625
43 44 21 43 46 0.046875
43 44 22 43 47 0.015625
43 44 23 43 48 0.015625
43 44 24 43 49 0.03125
43 44 25 43 50 0.046875
43 44 26 43 51 0.0625
44 45 0 44 45 0.0625
44 45 1 44 73 0.0625
44 45 2 44 74 0.0625
44 45 3 44 75 0.0625
44 45 4 44 76 0.015625
44 45 5 44 77 0.046875
44 45 6 44 78 0.0625
44 45 7 44 79 0.046875
44 45 8 44 66 0.03125
44 45 9 44 67 0.0625
44 45 10 44 68 0.0625
44 45 11 44 69 0.0625
44 45 12 44 70 0.0625
44 45 13 44 71 0.03125
44 45 14 44 72 0.046875
44 45 29 44 14 0.015625
44 45 32 44 15 0.015625
44 45 37 44 66 0.015625
44 45 45 44 72 0.015625
44 45 52 44 46 0.015625
44 45 54 44 47 0.03125
44 45 58 44 47 0.015625
44 45 60 44 48 0.015625
44 45 61 44 49 0.015625
44 45 62 44 50 0.03125
44 45 64 44 50 0.015625
44 45 68 44 51 0.015625
45 46 0 45 73 0.0625
45 46 1 45 74 0.046875
45 46 2 45 75 0.0625
45 46 3 45 76 0.0625
45 46 4 45 77 0.0625
45 46 5 45 78 0.0625
45 46 6 45 79 0.046875
45 46 10 45 21 0.046875
45 46 12 45 23 0.0625
45 46 13 45 66 0.046875
45 46 14 45 67 0.03125
45 46 15 45 68 0.046875
45 46 16 45 69 0.0625
45 46 17 45 70 0.03125
45 46 18 45 71 0.046875
45 46 19 45 72 0.0625
45 46 21 45 39 0.03125
45 46 22 45 40 0.015625
45 46 24 45 42 0.046875
45 46 25 45 43 0.015625
45 46 26 45 44 0.046875
46 37 5 46 21 0.03125
46 37 6 46 21 0.15625
46 37 8 46 22 0.078125
46 37 9 46 22 0.09375
46 37 13 46 66 0.015625
46 37 14 46 67 0.03125
46 37 18 46 69 0.078125
46 37 19 46 69 0.03125
46 37 20 46 71 0.0625
46 37 21 46 72 0.015625
46 37 22 46 73 0.0625
46 37 30 46 75 0.015625
46 37 38 46 77 0.09375
46 37 53 46 67 0.046875
46 37 54 46 67 0.046875
46 37 56 46 69 0.015625
46 37 62 46 72 0.046875
46 37 65 46 38 0.015625
46 37 67 46 40 0.015625
46 37 80 46 44 0.015625
46 37 93 46 78 0.015625
46 37 149 46 44 0.015625
46 47 0 46 73 0.0625
46 47 1 46 74 0.0625
46 47 2 46 75 0.046875
46 47 3 46 76 0.078125
46 47 5 46 78 0.078125
46 47 6 46 79 0.09375
46 47 12 46 23 0.015625
46 47 13 46 66 0.078125
46 47 15 46 68 0.078125
46 47 16 46 69 0.015625
46 47 17 46 70 0.03125
46 47 18 46 71 0.0625
46 47 19 46 72 0.0625
46 47 20 46 38 0.03125
46 47 22 46 40 0.03125
46 47 23 46 41 0.0625
46 47 24 46 42 0.046875
46 47 25 46 43 0.0625
47 42 0 47 42 0.171875
47 42 2 47 74 0.09375
47 42 3 47 75 0.015625
47 42 4 47 76 0.046875
47 42 5 47 77 0.015625
47 42 6 47 78 0.15625
47 42 7 47 79 0.0625
47 42 9 47 67 0.109375
47 42 10 47 68 0.03125
47 42 11 47 69 0.015625
47 42 12 47 70 0.015625
47 42 13 47 71 0.125
47 42 26 47 19 0.125
47 42 27 47 20 0.015625
47 48 0 47 73 0.078125
47 48 1 47 74 0.015625
47 48 2 47 75 0.078125
47 48 3 47 76 0.0625
47 48 4 47 77 0.078125
47 48 5 47 78 0.015625
47 48 6 47 79 0.046875
47 48 12 47 23 0.015625
47 48 13 47 66 0.09375
47 48 15 47 68 0.0625
47 48 16 47 69 0.078125
47 48 17 47 70 0.046875
47 48 19 47 72 0.09375
47 48 20 47 38 0.078125
47 48 22 47 40 0.015625
47 48 23 47 41 0.015625
47 48 25 47 43 0.046875
47 48 26 47 44 0.0625
47 48 59 47 70 0.015625
48 39 0 48 39 0.171875
48 39 1 48 73 0.0625
48 39 2 48 74 0.015625
48 39 4 48 76 0.0625
48 39 6 48 78 0.03125
48 39 7 48 79 0.03125
48 39 8 48 66 0.03125
48 39 9 48 67 0.078125
48 39 11 48 69 0.015625
48 39 12 48 70 0.03125
48 39 13 48 71 0.015625
48 39 14 48 72 0.109375
48 39 35 48 67 0.078125
48 39 47 48 38 0.015625
48 39 48 48 38 0.015625
48 39 50 48 38 0.015625
48 39 51 48 38 0.015625
48 39 58 48 41 0.046875
48 39 64 48 42 0.046875
48 39 67 48 43 0.03125
48 39 79 48 44 0.03125
48 39 80 48 44 0.046875
48 49 0 48 73 0.0625
48 49 1 48 74 0.078125
48 49 2 48 75 0.09375
48 49 3 48 76 0.0625
48 49 4 48 77 0.078125
48 49 5 48 78 0.0625
48 49 6 48 79 0.0625
48 49 12 48 23 0.0625
48 49 13 48 66 0.0625
48 49 15 48 68 0.078125
48 49 16 48 69 0.078125
48 49 17 48 70 0.078125
48 49 18 48 71 0.078125
48 49 19 48 72 0.03125
48 49 26 48 44 0.015625
48 49 28 48 38 0.015625
49 50 0 49 73 0.078125
49 50 1 49 74 0.078125
49 50 2 49 75 0.09375
49 50 3 49 76 0.046875
49 50 4 49 77 0.078125
49 50 5 49 78 0.09375
49 50 6 49 79 0.0625
49 50 12 49 23 0.015625
49 50 13 49 66 0.078125
49 50 14 49 67 0.0625
49 50 15 49 68 0.015625
49 50 16 49 69 0.03125
49 50 17 49 70 0.078125
49 50 18 49 71 0.046875
49 50 19 49 72 0.078125
49 50 22 49 40 0.0625
50 51 0 50 73 0.046875
50 51 1 50 74 0.09375
50 51 2 50 75 0.078125
50 51 3 50 76 0.03125
50 51 4 50 77 0.09375
50 51 5 50 78 0.09375
50 51 6 50 79 0.078125
50 51 12 50 23 0.046875
50 51 13 50 66 0.015625
50 51 14 50 67 0.0625
50 51 15 50 68 0.03125
50 51 16 50 69 0.03125
50 51 17 50 70 0.078125
50 51 18 50 71 0.078125
50 51 19 50 72 0.03125
50 51 20 50 38 0.015625
50 51 23 50 41 0.0625
50 51 24 50 42 0.03125
51 52 1 51 19 0.09375
51 52 2 51 20 0.09375
51 52 3 51 21 0.03125
51 52 4 51 22 0.078125
51 52 5 51 23 0.046875
51 52 6 51 73 0.03125
51 52 11 51 74 0.078125
51 52 15 51 75 0.0625
51 52 16 51 76 0.0625
51 52 17 51 78 0.03125
51 52 20 51 78 0.015625
51 52 21 51 79 0.015625
51 52 23 51 23 0.046875
51 52 31 51 77 0.0625
51 52 33 51 78 0.03125
51 52 42 51 21 0.015625
51 52 55 51 67 0.015625
51 52 56 51 67 0.046875
51 52 60 51 71 0.0625
51 52 62 51 72 0.03125
51 52 84 51 76 0.03125
51 52 101 51 68 0.015625
52 53 1 52 24 0.015625
52 53 2 52 25 0.015625
52 53 4 52 27 0.03125
52 53 5 52 28 0.015625
52 53 7 52 30 0.015625
52 53 8 52 1 0.09375
52 53 9 52 2 0.078125
52 53 11 52 4 0.078125
52 53 12 52 5 0.0625
52 53 14 52 32 0.078125
52 53 15 52 33 0.03125
52 53 16 52 34 0.015625
52 53 17 52 35 0.0625
52 53 18 52 36 0.015625
52 53 19 52 37 0.03125
52 53 20 52 18 0.078125
52 53 21 52 19 0.078125
52 53 22 52 20 0.09375
52 53 23 52 21 0.078125
52 53 26 52 4 0.015625
52 53 28 52 32 0.015625
53 48 0 53 18 0.09375
53 48 1 53 19 0.015625
53 48 3 53 21 0.140625
53 48 4 53 22 0.125
53 48 5 53 23 0.0625
53 48 6 53 0 0.046875
53 48 14 53 2 0.109375
53 48 15 53 2 0.046875
53 48 17 53 3 0.046875
53 48 21 53 5 0.015625
53 48 28 53 23 0.109375
53 48 37 53 28 0.0625
53 48 64 53 33 0.0625
53 48 68 53 36 0.015625
53 48 78 53 20 0.03125
53 48 126 53 36 0.015625
53 54 2 53 25 0.046875
53 54 3 53 26 0.015625
53 54 5 53 28 0.046875
53 54 9 53 2 0.015625
53 54 10 53 3 0.125
53 54 12 53 5 0.15625
53 54 14 53 32 0.046875
53 54 16 53 34 0.015625
53 54 17 53 35 0.015625
53 54 18 53 36 0.078125
53 54 20 53 18 0.09375
53 54 21 53 19 0.15625
53 54 22 53 20 0.140625
53 54 23 53 21 0.03125
53 54 26 53 24 0.015625
54 55 0 54 0 0.078125
54 55 3 54 26 0.03125
54 55 5 54 28 0.03125
54 55 10 54 3 0.03125
54 55 11 54 4 0.140625
54 55 14 54 32 0.09375
54 55 16 54 34 0.03125
54 55 17 54 35 0.015625
54 55 18 54 36 0.015625
54 55 19 54 37 0.03125
54 55 20 54 18 0.125
54 55 21 54 19 0.09375
54 55 22 54 20 0.125
54 55 23 54 21 0.140625
54 55 24 54 22 0.015625
55 47 0 55 18 0.140625
55 47 1 55 19 0.171875
55 47 2 55 20 0.09375
55 47 3 55 21 0.125
55 47 4 55 22 0.03125
55 47 5 55 23 0.140625
55 47 9 55 0 0.015625
55 47 11 55 1 0.046875
55 47 17 55 4 0.03125
55 47 21 55 5 0.0625
55 47 60 55 32 0.03125
55 47 70 55 36 0.109375
