1325_0_0_43_0_0 10 32 0.52923 0.204401 0.912788 10.0385 114.224 4.45741
1325_0_0_43_0_0 10 32 22 1339109 47008035000 35104 60868.6 2.13673e+09 1.08909e+10
1325_0_0_43_1_1 10 32 0 0   0 0
1325_0_0_43_1_1 10 32 22 0 0 0 0 0 0
1325_0_0_43_2_2 10 32 0 0   0 0
1325_0_0_43_2_2 10 32 22 0 0 0 0 0 0
1325_0_0_43_3_3 10 32 0 0   0 0
1325_0_0_43_3_3 10 32 22 0 0 0 0 0 0
1325_0_0_43_4_4 10 32 0 0   0 0
1325_0_0_43_4_4 10 32 22 0 0 0 0 0 0
1325_0_0_43_5_5 10 32 0 0   0 0
1325_0_0_43_5_5 10 32 22 0 0 0 0 0 0
1325_0_0_43_6_6 10 32 0 0   0 0
1325_0_0_43_6_6 10 32 22 0 0 0 0 0 0
1325_0_0_43_7_7 10 32 0 0   0 0
1325_0_0_43_7_7 10 32 22 0 0 0 0 0 0
1325_0_0_43_8_8 10 32 0 0   0 0
1325_0_0_43_8_8 10 32 22 0 0 0 0 0 0
1325_0_0_43_9_9 10 32 0 0   0 0
1325_0_0_43_9_9 10 32 22 0 0 0 0 0 0
