112_0_0_200_0_49 50 150 0.496957 0.161036 0.860487 9.92045 165.119 3.83682
112_0_0_200_0_49 50 150 100 3629006 126337465500 34813.2 36290.1 1263374655 7.26417e+09
112_0_0_200_50_99 50 150 0.492451 0.160817 0.853081 9.87608 153.854 3.80134
112_0_0_200_50_99 50 150 100 3628716 126254683500 34793.2 36287.2 1262546835 7.24257e+09
112_0_0_200_100_149 50 150 0.511804 0.160949 0.874401 10.0747 309.904 3.95825
112_0_0_200_100_149 50 150 100 3627426 126070480500 34754.8 36274.3 1260704805 7.50369e+09
112_0_0_200_150_199 50 150 0.507623 0.162658 0.890279 10.0191 159.768 3.9932
112_0_0_200_150_199 50 150 100 3628336 126570864000 34884 36283.4 1265708640 7.51589e+09
112_0_0_200_200_249 50 150 0.5072 0.16113 0.875454 10.0538 158.012 3.93163
112_0_0_200_200_249 50 150 100 3629323 126579543000 34876.9 36293.2 1265795430 7.64218e+09
112_0_0_200_250_299 50 150 0.514589 0.161446 0.891685 10.0814 168.698 4.00886
112_0_0_200_250_299 50 150 100 3556015 123690664500 34783.5 35560.2 1236906645 7.54466e+09
112_0_0_200_300_349 50 150 0.501785 0.161281 0.871891 9.94026 159.135 3.87617
112_0_0_200_300_349 50 150 100 3629799 126519190500 34855.7 36298 1265191905 7.68138e+09
112_0_0_200_350_399 50 150 0.509301 0.161728 0.892031 9.99473 209.402 3.99383
112_0_0_200_350_399 50 150 100 3631206 126404953500 34810.7 36312.1 1264049535 7.66619e+09
112_0_0_200_400_449 50 150 0.498042 0.160752 0.855344 9.93397 177.66 3.82933
112_0_0_200_400_449 50 150 100 3630540 126344371500 34800.4 36305.4 1263443715 7.41534e+09
112_0_0_200_450_499 50 150 0.499033 0.160816 0.868067 9.89333 152.033 3.86518
112_0_0_200_450_499 50 150 100 3629660 125945940000 34699.1 36296.6 1259459400 7.43318e+09
