5_1875_10000_100_0_0 25 75 0 0   0 0
5_1875_10000_100_0_0 25 75 50 0 0 0 0 0 0
5_1875_10000_100_1_1 25 75 0.572517 0.208429 1.30764 10.0571 109.921 4.83912
5_1875_10000_100_1_1 25 75 50 857884 30159192000 35155.3 17157.7 603183840 4.26326e+09
5_1875_10000_100_2_2 25 75 0.559333 0.207155 1.27176 9.99867 91.9226 4.6748
5_1875_10000_100_2_2 25 75 50 857316 30052161000 35053.8 17146.3 601043220 4.17518e+09
5_1875_10000_100_3_3 25 75 0.56432 0.208251 1.2636 10.0237 140.006 4.73011
5_1875_10000_100_3_3 25 75 50 858293 30280012500 35279.3 17165.9 605600250 4.34516e+09
5_1875_10000_100_4_4 25 75 0.566631 0.207184 1.27155 10.0721 162.971 4.79892
5_1875_10000_100_4_4 25 75 50 857886 30085915500 35069.8 17157.7 601718310 4.186e+09
5_1875_10000_100_5_5 25 75 0.565179 0.206473 1.27875 9.99529 169.872 4.76197
5_1875_10000_100_5_5 25 75 50 857153 30055573500 35064.4 17143.1 601111470 4.32189e+09
5_1875_10000_100_6_6 25 75 0.567665 0.208721 1.30203 10.014 169.888 4.75921
5_1875_10000_100_6_6 25 75 50 857074 30119148000 35141.8 17141.5 602382960 4.24847e+09
5_1875_10000_100_7_7 25 75 0.564084 0.206483 1.26477 9.97291 170.086 4.75844
5_1875_10000_100_7_7 25 75 50 857173 30119587500 35138.3 17143.5 602391750 4.34519e+09
5_1875_10000_100_8_8 25 75 0.55778 0.205347 1.24114 10.0044 129.886 4.64804
5_1875_10000_100_8_8 25 75 50 857031 29820162000 34794.7 17140.6 596403240 4.04845e+09
5_1875_10000_100_9_9 25 75 0.567908 0.208568 1.28131 10.0746 239.93 4.78594
5_1875_10000_100_9_9 25 75 50 857447 30129063000 35138.1 17148.9 602581260 4.16371e+09
