1_425_1000_320_0_0 80 240 2.13815 0.10628 0.594938 10.5072 4229.09 2.61557
1_425_1000_320_0_0 80 240 160 3203834 83660518500 26112.6 20024 5.22878e+08 3.13301e+09
1_425_1000_320_1_1 80 240 2.13815 0.10628 0.594938 10.5072 4229.09 2.61557
1_425_1000_320_1_1 80 240 160 3203834 83660518500 26112.6 20024 5.22878e+08 3.13301e+09
1_425_1000_320_2_2 80 240 2.20171 0.1064 0.602286 10.5708 4160.05 2.70785
1_425_1000_320_2_2 80 240 160 3204387 83568058500 26079.3 20027.4 5.223e+08 3.53055e+09
1_425_1000_320_3_3 80 240 2.08944 0.106252 0.593408 10.3602 4218.85 2.56194
1_425_1000_320_3_3 80 240 160 3204479 83567208000 26078.3 20028 522295050 3.2605e+09
1_425_1000_320_4_4 80 240 2.10765 0.106453 0.599697 10.4416 4174.09 2.61828
1_425_1000_320_4_4 80 240 160 3202784 83596722000 26101.3 20017.4 5.2248e+08 3.24583e+09
1_425_1000_320_5_5 80 240 1.99799 0.106018 0.597933 10.4423 4160.94 2.64089
1_425_1000_320_5_5 80 240 160 3203881 83649294000 26108.7 20024.3 5.22808e+08 3.07486e+09
1_425_1000_320_6_6 80 240 2.30913 0.105932 0.596259 10.4214 4195 2.62929
1_425_1000_320_6_6 80 240 160 3202379 83632086000 26115.6 20014.9 5.22701e+08 3.39971e+09
1_425_1000_320_7_7 80 240 2.10653 0.105844 0.590198 10.4536 4186.59 2.57561
1_425_1000_320_7_7 80 240 160 3202830 83526489000 26079 20017.7 5.22041e+08 3.22082e+09
1_425_1000_320_8_8 80 240 2.22326 0.106395 0.596969 10.476 4171.32 2.62081
1_425_1000_320_8_8 80 240 160 3203156 83677654500 26123.5 20019.7 5.22985e+08 3.35109e+09
1_425_1000_320_9_9 80 240 2.1473 0.106151 0.60074 10.5895 4167.99 2.68039
1_425_1000_320_9_9 80 240 160 3204048 83596984500 26091.1 20025.3 5.22481e+08 3.20875e+09
