17_0_0_640_0_0 160 480 0.422348 0.154097 0.654304 8.68829 140.638 2.57762
17_0_0_640_0_0 160 480 320 705641 24605500500 34869.7 2205.13 7.68922e+07 3.82034e+08
17_0_0_640_1_1 160 480 0.422348 0.154097 0.654304 8.68829 140.638 2.57762
17_0_0_640_1_1 160 480 320 705641 24605500500 34869.7 2205.13 7.68922e+07 3.82034e+08
17_0_0_640_2_2 160 480 0.417037 0.153953 0.654475 8.51927 264.924 2.56333
17_0_0_640_2_2 160 480 320 705637 24618409500 34888.2 2205.12 7.69325e+07 3.98912e+08
17_0_0_640_3_3 160 480 0.408901 0.154496 0.642573 8.4254 289.966 2.44659
17_0_0_640_3_3 160 480 320 705324 24655881000 34956.8 2204.14 7.70496e+07 3.77386e+08
17_0_0_640_4_4 160 480 0.427833 0.155837 0.673027 8.73196 240.372 2.68608
17_0_0_640_4_4 160 480 320 705403 24725931000 35052.2 2204.38 7.72685e+07 4.08702e+08
17_0_0_640_5_5 160 480 0.412851 0.152693 0.636795 8.38224 262.931 2.43849
17_0_0_640_5_5 160 480 320 705221 24534634500 34790 2203.82 7.66707e+07 4.01557e+08
17_0_0_640_6_6 160 480 0.416696 0.154554 0.659583 8.42522 210.398 2.54432
17_0_0_640_6_6 160 480 320 704761 24579814500 34876.8 2202.38 7.68119e+07 3.98011e+08
17_0_0_640_7_7 160 480 0.434542 0.155357 0.671344 8.82353 487.911 2.68338
17_0_0_640_7_7 160 480 320 704430 24650662500 34993.8 2201.34 7.70333e+07 4.33693e+08
17_0_0_640_8_8 160 480 0.44467 0.154185 0.671814 9.0986 305.649 2.76817
17_0_0_640_8_8 160 480 320 704443 24549862500 34850 2201.38 7.67183e+07 4.25447e+08
17_0_0_640_9_9 160 480 0.451466 0.155345 0.684 9.05702 374.348 2.81512
17_0_0_640_9_9 160 480 320 705003 24600325500 34893.9 2203.13 7.6876e+07 4.63375e+08
