0 1 0 0 1 0.140625
0 1 3 0 22 0.03125
0 1 4 0 18 0.015625
0 1 5 0 59 0.0625
0 1 6 0 40 0.0625
0 1 7 0 79 0.0625
0 1 8 0 53 0.0625
0 1 9 0 8 0.0625
0 1 11 0 22 0.015625
0 1 13 0 59 0.015625
0 1 14 0 40 0.046875
0 1 16 0 53 0.078125
0 1 17 0 10 0.015625
0 1 18 0 8 0.046875
0 1 19 0 13 0.015625
0 1 21 0 18 0.015625
0 1 22 0 59 0.046875
0 1 23 0 40 0.046875
0 1 24 0 79 0.09375
0 1 25 0 53 0.03125
0 1 26 0 10 0.015625
0 1 29 0 13 0.015625
1 2 0 1 2 0.140625
1 2 1 1 40 0.015625
1 2 2 1 72 0.0625
1 2 3 1 56 0.140625
1 2 4 1 55 0.140625
1 2 10 1 40 0.015625
1 2 11 1 72 0.015625
1 2 15 1 0 0.015625
1 2 16 1 40 0.015625
1 2 17 1 72 0.03125
1 2 20 1 8 0.03125
1 2 21 1 0 0.046875
1 2 22 1 13 0.015625
1 2 24 1 72 0.03125
1 2 27 1 8 0.078125
1 2 28 1 0 0.0625
1 2 29 1 13 0.03125
1 2 30 1 22 0.09375
1 2 31 1 40 0.015625
2 3 0 2 63 0.03125
2 3 1 2 43 0.046875
2 3 2 2 45 0.03125
2 3 3 2 72 0.046875
2 3 4 2 34 0.046875
2 3 5 2 41 0.0625
2 3 6 2 24 0.078125
2 3 7 2 63 0.03125
2 3 8 2 43 0.03125
2 3 9 2 45 0.015625
2 3 10 2 72 0.015625
2 3 11 2 34 0.015625
2 3 12 2 41 0.015625
2 3 13 2 24 0.015625
2 3 14 2 1 0.078125
2 3 15 2 63 0.046875
2 3 16 2 43 0.015625
2 3 17 2 45 0.03125
2 3 18 2 72 0.03125
2 3 19 2 34 0.046875
2 3 20 2 41 0.03125
2 3 21 2 24 0.015625
2 3 22 2 1 0.046875
2 3 23 2 10 0.015625
2 3 24 2 63 0.015625
2 3 25 2 43 0.015625
2 3 26 2 45 0.046875
2 3 27 2 72 0.03125
2 3 28 2 34 0.015625
2 3 29 2 41 0.015625
2 3 30 2 24 0.015625
3 4 0 3 4 0.109375
3 4 1 3 47 0.03125
3 4 2 3 45 0.0625
3 4 3 3 33 0.03125
3 4 4 3 5 0.015625
3 4 5 3 50 0.078125
3 4 6 3 57 0.046875
3 4 7 3 60 0.0625
3 4 8 3 71 0.078125
3 4 9 3 47 0.015625
3 4 10 3 45 0.015625
3 4 11 3 33 0.015625
3 4 12 3 5 0.015625
3 4 13 3 50 0.015625
3 4 14 3 57 0.046875
3 4 15 3 60 0.015625
3 4 16 3 71 0.015625
3 4 17 3 63 0.046875
3 4 18 3 47 0.046875
3 4 19 3 45 0.015625
3 4 20 3 33 0.015625
3 4 21 3 5 0.015625
3 4 22 3 50 0.015625
3 4 24 3 60 0.03125
3 4 25 3 71 0.015625
3 4 26 3 63 0.015625
3 4 27 3 43 0.015625
3 4 28 3 47 0.015625
3 4 29 3 45 0.015625
3 4 30 3 33 0.015625
3 4 31 3 5 0.046875
4 1 2 4 22 0.015625
4 1 3 4 6 0.03125
4 1 4 4 56 0.390625
4 1 5 4 55 0.15625
4 1 7 4 50 0.171875
4 1 9 4 13 0.015625
4 1 10 4 22 0.015625
4 1 13 4 55 0.046875
4 1 18 4 13 0.015625
4 1 19 4 22 0.015625
4 1 20 4 6 0.015625
4 1 22 4 55 0.015625
4 1 24 4 50 0.046875
4 1 28 4 13 0.015625
4 1 29 4 22 0.015625
4 1 30 4 6 0.015625
4 5 0 4 5 0.109375
4 5 1 4 33 0.015625
4 5 2 4 3 0.015625
4 5 3 4 60 0.046875
4 5 4 4 73 0.109375
4 5 5 4 33 0.015625
4 5 6 4 3 0.015625
4 5 7 4 60 0.015625
4 5 10 4 33 0.015625
4 5 12 4 60 0.015625
4 5 14 4 8 0.03125
4 5 15 4 10 0.03125
4 5 16 4 33 0.0625
4 5 17 4 3 0.03125
4 5 18 4 60 0.015625
4 5 21 4 10 0.03125
4 5 22 4 23 0.046875
4 5 24 4 3 0.015625
4 5 25 4 60 0.03125
4 5 27 4 8 0.078125
4 5 28 4 10 0.03125
4 5 29 4 23 0.0625
4 5 30 4 13 0.109375
4 5 31 4 3 0.046875
5 0 0 5 1 0.015625
5 0 1 5 37 0.015625
5 0 2 5 12 0.03125
5 0 3 5 40 0.03125
5 0 4 5 20 0.03125
5 0 5 5 63 0.046875
5 0 6 5 29 0.15625
5 0 7 5 43 0.28125
5 0 10 5 12 0.015625
5 0 14 5 29 0.046875
5 0 18 5 37 0.015625
5 0 19 5 12 0.015625
5 0 20 5 40 0.015625
5 0 21 5 20 0.015625
5 0 22 5 63 0.015625
5 0 23 5 29 0.0625
5 0 24 5 43 0.046875
5 0 26 5 33 0.03125
5 0 27 5 1 0.015625
5 0 28 5 37 0.015625
5 0 29 5 12 0.046875
5 0 30 5 40 0.015625
5 0 31 5 20 0.015625
5 6 0 5 1 0.0625
5 6 1 5 37 0.03125
5 6 2 5 12 0.015625
5 6 3 5 40 0.046875
5 6 4 5 63 0.0625
5 6 5 5 52 0.046875
5 6 6 5 33 0.046875
5 6 7 5 64 0.09375
5 6 8 5 74 0.09375
5 6 9 5 51 0.09375
5 6 10 5 4 0.0625
5 6 11 5 9 0.03125
5 6 12 5 58 0.09375
5 6 14 5 37 0.015625
5 6 17 5 63 0.015625
5 6 18 5 52 0.015625
5 6 19 5 33 0.015625
5 6 24 5 9 0.03125
5 6 26 5 20 0.03125
5 6 28 5 37 0.03125
5 6 29 5 12 0.046875
5 6 31 5 63 0.015625
6 0 1 6 10 0.03125
6 0 2 6 37 0.015625
6 0 3 6 13 0.109375
6 0 4 6 12 0.140625
6 0 5 6 21 0.09375
6 0 6 6 40 0.109375
6 0 7 6 79 0.15625
6 0 8 6 63 0.140625
6 0 13 6 12 0.015625
6 0 20 6 10 0.015625
6 0 21 6 37 0.015625
6 0 22 6 13 0.015625
6 0 23 6 12 0.015625
6 0 25 6 40 0.015625
6 0 27 6 63 0.015625
6 0 28 6 52 0.015625
6 0 29 6 33 0.03125
6 0 30 6 1 0.015625
6 0 31 6 10 0.03125
6 7 0 6 37 0.0625
6 7 2 6 64 0.015625
6 7 3 6 57 0.140625
6 7 4 6 76 0.046875
6 7 5 6 51 0.140625
6 7 6 6 58 0.140625
6 7 7 6 27 0.015625
6 7 10 6 64 0.015625
6 7 12 6 76 0.03125
6 7 15 6 27 0.015625
6 7 17 6 37 0.03125
6 7 19 6 64 0.015625
6 7 21 6 76 0.03125
6 7 24 6 27 0.03125
6 7 25 6 1 0.046875
6 7 26 6 10 0.015625
6 7 27 6 37 0.015625
6 7 28 6 62 0.140625
6 7 29 6 64 0.015625
6 7 31 6 76 0.03125
7 8 0 7 8 0.09375
7 8 1 7 70 0.109375
7 8 2 7 77 0.0625
7 8 3 7 35 0.0625
7 8 4 7 64 0.0625
7 8 5 7 39 0.0625
7 8 6 7 42 0.046875
7 8 7 7 68 0.109375
7 8 8 7 28 0.015625
7 8 9 7 65 0.109375
7 8 10 7 51 0.0625
7 8 11 7 73 0.0625
7 8 21 7 51 0.03125
7 8 22 7 73 0.03125
7 8 28 7 39 0.03125
7 8 29 7 42 0.015625
7 8 31 7 28 0.03125
8 9 1 8 52 0.078125
8 9 5 8 11 0.03125
8 9 6 8 52 0.015625
8 9 10 8 0 0.046875
8 9 11 8 11 0.015625
8 9 12 8 52 0.015625
8 9 14 8 73 0.125
8 9 16 8 0 0.046875
8 9 17 8 1 0.0625
8 9 18 8 11 0.03125
8 9 19 8 52 0.015625
8 9 20 8 65 0.125
8 9 22 8 61 0.125
8 9 23 8 0 0.03125
8 9 24 8 1 0.0625
8 9 25 8 25 0.125
8 9 26 8 11 0.03125
8 9 27 8 52 0.015625
9 4 0 9 23 0.0625
9 4 1 9 13 0.015625
9 4 2 9 6 0.03125
9 4 3 9 56 0.203125
9 4 4 9 5 0.03125
9 4 5 9 31 0.109375
9 4 6 9 57 0.0625
9 4 7 9 60 0.015625
9 4 8 9 71 0.015625
9 4 9 9 73 0.046875
9 4 11 9 13 0.015625
9 4 12 9 6 0.015625
9 4 14 9 5 0.015625
9 4 15 9 31 0.03125
9 4 16 9 57 0.0625
9 4 17 9 60 0.015625
9 4 18 9 71 0.015625
9 4 19 9 73 0.03125
9 4 22 9 13 0.015625
9 4 23 9 6 0.015625
9 4 25 9 5 0.046875
9 4 26 9 31 0.015625
9 4 27 9 57 0.015625
9 4 28 9 60 0.015625
9 4 29 9 71 0.015625
9 4 30 9 73 0.0625
9 10 0 9 23 0.015625
9 10 2 9 40 0.03125
9 10 3 9 6 0.03125
9 10 4 9 52 0.125
9 10 5 9 15 0.09375
9 10 6 9 19 0.046875
9 10 7 9 75 0.1875
9 10 8 9 60 0.0625
9 10 9 9 71 0.078125
9 10 12 9 40 0.03125
9 10 13 9 6 0.015625
9 10 14 9 52 0.015625
9 10 15 9 15 0.015625
9 10 16 9 19 0.015625
9 10 19 9 71 0.03125
9 10 20 9 13 0.015625
9 10 22 9 14 0.015625
9 10 24 9 6 0.015625
9 10 25 9 52 0.03125
9 10 26 9 15 0.03125
9 10 27 9 19 0.078125
9 10 29 9 60 0.015625
10 5 0 10 40 0.015625
10 5 1 10 63 0.015625
10 5 2 10 29 0.015625
10 5 3 10 43 0.015625
10 5 4 10 52 0.109375
10 5 5 10 33 0.046875
10 5 6 10 64 0.078125
10 5 7 10 60 0.078125
10 5 9 10 48 0.265625
10 5 11 10 63 0.015625
10 5 12 10 29 0.015625
10 5 13 10 43 0.015625
10 5 15 10 33 0.015625
10 5 16 10 64 0.015625
10 5 17 10 60 0.03125
10 5 20 10 49 0.015625
10 5 21 10 40 0.015625
10 5 22 10 63 0.015625
10 5 23 10 29 0.03125
10 5 24 10 43 0.03125
10 5 25 10 52 0.078125
10 5 26 10 33 0.015625
10 5 27 10 64 0.03125
10 5 28 10 60 0.015625
10 7 0 10 14 0.03125
10 7 1 10 64 0.015625
10 7 2 10 60 0.046875
10 7 3 10 76 0.03125
10 7 4 10 32 0.109375
10 7 6 10 64 0.015625
10 7 7 10 60 0.03125
10 7 8 10 76 0.03125
10 7 9 10 32 0.0625
10 7 10 10 49 0.03125
10 7 11 10 14 0.015625
10 7 12 10 64 0.03125
10 7 13 10 60 0.03125
10 7 14 10 76 0.03125
10 7 15 10 32 0.046875
10 7 16 10 49 0.015625
10 7 17 10 0 0.015625
10 7 18 10 14 0.03125
10 7 19 10 64 0.03125
10 7 20 10 60 0.03125
10 7 21 10 76 0.03125
10 7 22 10 32 0.046875
10 7 23 10 49 0.046875
10 7 24 10 0 0.015625
10 7 25 10 23 0.015625
10 7 26 10 14 0.03125
10 7 27 10 64 0.03125
10 7 28 10 60 0.03125
10 7 29 10 76 0.03125
10 7 31 10 49 0.03125
10 11 0 10 0 0.015625
10 11 1 10 40 0.03125
10 11 2 10 63 0.03125
10 11 3 10 29 0.046875
10 11 4 10 43 0.03125
10 11 5 10 2 0.109375
10 11 6 10 15 0.0625
10 11 7 10 75 0.15625
10 11 8 10 76 0.046875
10 11 10 10 40 0.015625
10 11 12 10 29 0.03125
10 11 14 10 2 0.03125
10 11 15 10 15 0.03125
10 11 16 10 75 0.046875
10 11 17 10 76 0.03125
10 11 18 10 49 0.03125
10 11 20 10 40 0.046875
10 11 21 10 63 0.03125
10 11 22 10 29 0.03125
10 11 23 10 43 0.03125
10 11 25 10 15 0.03125
10 11 27 10 76 0.03125
10 11 28 10 49 0.015625
10 11 31 10 40 0.03125
11 12 0 11 0 0.046875
11 12 1 11 37 0.015625
11 12 2 11 25 0.015625
11 12 3 11 66 0.078125
11 12 4 11 69 0.03125
11 12 5 11 75 0.0625
11 12 6 11 76 0.046875
11 12 7 11 51 0.078125
11 12 8 11 73 0.0625
11 12 9 11 38 0.03125
11 12 11 11 37 0.015625
11 12 12 11 25 0.015625
11 12 13 11 66 0.03125
11 12 14 11 69 0.015625
11 12 15 11 75 0.015625
11 12 16 11 76 0.03125
11 12 17 11 51 0.03125
11 12 18 11 73 0.03125
11 12 19 11 38 0.03125
11 12 21 11 0 0.015625
11 12 22 11 37 0.015625
11 12 24 11 66 0.03125
11 12 25 11 69 0.03125
11 12 26 11 75 0.03125
11 12 27 11 76 0.03125
11 12 28 11 51 0.046875
11 12 29 11 73 0.0625
11 12 30 11 38 0.046875
12 13 1 12 47 0.046875
12 13 2 12 6 0.03125
12 13 3 12 77 0.078125
12 13 4 12 30 0.0625
12 13 5 12 66 0.140625
12 13 6 12 41 0.046875
12 13 7 12 68 0.078125
12 13 8 12 48 0.09375
12 13 10 12 47 0.015625
12 13 13 12 30 0.015625
12 13 14 12 66 0.03125
12 13 15 12 41 0.03125
12 13 16 12 68 0.03125
12 13 17 12 48 0.03125
12 13 19 12 0 0.015625
12 13 21 12 6 0.015625
12 13 22 12 77 0.046875
12 13 25 12 41 0.03125
12 13 26 12 68 0.046875
12 13 27 12 48 0.03125
12 13 28 12 37 0.015625
12 13 30 12 0 0.015625
12 13 31 12 47 0.046875
13 14 0 13 0 0.015625
13 14 1 13 45 0.03125
13 14 2 13 77 0.03125
13 14 3 13 30 0.03125
13 14 4 13 50 0.046875
13 14 5 13 74 0.171875
13 14 6 13 68 0.0625
13 14 7 13 60 0.0625
13 14 8 13 48 0.171875
13 14 9 13 61 0.078125
13 14 12 13 45 0.015625
13 14 13 13 77 0.015625
13 14 14 13 30 0.03125
13 14 15 13 50 0.015625
13 14 17 13 68 0.015625
13 14 18 13 60 0.015625
13 14 20 13 61 0.015625
13 14 24 13 45 0.015625
13 14 25 13 77 0.015625
13 14 26 13 30 0.015625
13 14 27 13 50 0.0625
13 14 29 13 68 0.046875
13 14 30 13 60 0.015625
14 10 0 14 10 0.015625
14 10 1 14 0 0.015625
14 10 2 14 21 0.015625
14 10 3 14 59 0.09375
14 10 4 14 40 0.03125
14 10 5 14 53 0.09375
14 10 6 14 29 0.03125
14 10 7 14 43 0.015625
14 10 8 14 60 0.078125
14 10 9 14 71 0.015625
14 10 10 14 48 0.15625
14 10 12 14 21 0.015625
14 10 13 14 59 0.03125
14 10 14 14 40 0.03125
14 10 15 14 53 0.015625
14 10 16 14 29 0.015625
14 10 18 14 60 0.046875
14 10 19 14 71 0.015625
14 10 20 14 48 0.046875
14 10 22 14 0 0.015625
14 10 23 14 21 0.015625
14 10 24 14 59 0.015625
14 10 25 14 40 0.015625
14 10 26 14 53 0.015625
14 10 27 14 29 0.015625
14 10 28 14 43 0.015625
14 10 29 14 60 0.046875
14 10 30 14 71 0.015625
14 10 31 14 48 0.046875
14 15 0 14 10 0.046875
14 15 1 14 43 0.03125
14 15 4 14 9 0.015625
14 15 5 14 10 0.015625
14 15 6 14 43 0.046875
14 15 8 14 71 0.015625
14 15 9 14 9 0.015625
14 15 10 14 0 0.015625
14 15 11 14 10 0.015625
14 15 12 14 43 0.015625
14 15 14 14 71 0.015625
14 15 15 14 9 0.03125
14 15 16 14 0 0.015625
14 15 17 14 37 0.03125
14 15 18 14 10 0.03125
14 15 19 14 43 0.015625
14 15 21 14 71 0.09375
14 15 22 14 9 0.015625
14 15 23 14 0 0.015625
14 15 24 14 37 0.09375
14 15 25 14 21 0.078125
14 15 26 14 10 0.015625
14 15 27 14 43 0.015625
14 15 28 14 68 0.15625
14 15 29 14 71 0.015625
14 15 30 14 9 0.046875
14 15 31 14 0 0.078125
15 16 0 15 49 0.046875
15 16 1 15 1 0.0625
15 16 2 15 13 0.046875
15 16 3 15 46 0.03125
15 16 4 15 79 0.109375
15 16 5 15 35 0.0625
15 16 6 15 19 0.046875
15 16 7 15 68 0.140625
15 16 8 15 24 0.015625
15 16 9 15 32 0.0625
15 16 10 15 9 0.109375
15 16 11 15 49 0.015625
15 16 13 15 13 0.015625
15 16 14 15 46 0.015625
15 16 16 15 35 0.015625
15 16 17 15 19 0.015625
15 16 19 15 24 0.015625
15 16 20 15 32 0.015625
15 16 21 15 9 0.015625
15 16 22 15 17 0.015625
15 16 23 15 49 0.015625
15 16 24 15 1 0.015625
15 16 26 15 46 0.03125
15 16 27 15 79 0.015625
15 16 28 15 35 0.015625
15 16 29 15 19 0.015625
15 16 31 15 24 0.015625
16 17 0 16 46 0.015625
16 17 1 16 22 0.046875
16 17 3 16 35 0.078125
16 17 4 16 19 0.046875
16 17 5 16 55 0.09375
16 17 6 16 34 0.078125
16 17 7 16 68 0.09375
16 17 8 16 24 0.03125
16 17 9 16 48 0.09375
16 17 10 16 38 0.078125
16 17 12 16 22 0.03125
16 17 13 16 25 0.015625
16 17 14 16 35 0.015625
16 17 16 16 55 0.015625
16 17 17 16 34 0.015625
16 17 18 16 68 0.015625
16 17 19 16 24 0.015625
16 17 20 16 48 0.015625
16 17 21 16 38 0.03125
16 17 22 16 49 0.015625
16 17 23 16 46 0.015625
16 17 25 16 25 0.015625
16 17 27 16 19 0.015625
16 17 28 16 55 0.015625
16 17 29 16 34 0.015625
16 17 30 16 68 0.015625
16 17 31 16 24 0.0625
17 18 0 17 22 0.03125
17 18 2 17 21 0.03125
17 18 3 17 54 0.0625
17 18 4 17 55 0.0625
17 18 5 17 68 0.109375
17 18 6 17 24 0.046875
17 18 7 17 26 0.078125
17 18 8 17 48 0.09375
17 18 9 17 67 0.09375
17 18 14 17 55 0.03125
17 18 15 17 68 0.03125
17 18 16 17 24 0.03125
17 18 18 17 48 0.03125
17 18 19 17 67 0.03125
17 18 20 17 46 0.015625
17 18 21 17 22 0.015625
17 18 22 17 25 0.0625
17 18 23 17 21 0.015625
17 18 24 17 54 0.015625
17 18 25 17 55 0.03125
17 18 27 17 24 0.015625
17 18 28 17 26 0.015625
17 18 29 17 48 0.03125
17 18 30 17 67 0.015625
18 11 0 18 0 0.03125
18 11 2 18 79 0.0625
18 11 3 18 55 0.125
18 11 4 18 50 0.25
18 11 5 18 69 0.140625
18 11 6 18 75 0.046875
18 11 7 18 24 0.015625
18 11 8 18 51 0.015625
18 11 9 18 73 0.03125
18 11 13 18 55 0.03125
18 11 15 18 69 0.015625
18 11 16 18 75 0.015625
18 11 17 18 24 0.03125
18 11 21 18 0 0.015625
18 11 22 18 25 0.015625
18 11 23 18 79 0.03125
18 11 24 18 55 0.046875
18 11 28 18 24 0.03125
18 11 29 18 51 0.015625
18 11 30 18 73 0.03125
18 12 0 18 0 0.03125
18 12 1 18 25 0.015625
18 12 2 18 54 0.015625
18 12 3 18 69 0.046875
18 12 4 18 75 0.046875
18 12 5 18 68 0.234375
18 12 6 18 51 0.015625
18 12 7 18 48 0.234375
18 12 8 18 73 0.046875
18 12 9 18 58 0.015625
18 12 10 18 67 0.03125
18 12 12 18 25 0.015625
18 12 13 18 54 0.015625
18 12 14 18 69 0.015625
18 12 15 18 75 0.015625
18 12 17 18 51 0.015625
18 12 19 18 73 0.015625
18 12 20 18 58 0.015625
18 12 21 18 67 0.015625
18 12 23 18 0 0.015625
18 12 25 18 54 0.015625
18 12 26 18 69 0.03125
18 12 27 18 75 0.015625
18 12 29 18 51 0.015625
18 12 31 18 73 0.046875
18 19 0 18 1 0.015625
18 19 1 18 10 0.0625
18 19 2 18 21 0.046875
18 19 3 18 54 0.03125
18 19 4 18 70 0.0625
18 19 5 18 16 0.046875
18 19 6 18 39 0.078125
18 19 7 18 51 0.0625
18 19 8 18 58 0.078125
18 19 9 18 67 0.078125
18 19 10 18 1 0.015625
18 19 11 18 10 0.03125
18 19 12 18 21 0.015625
18 19 13 18 54 0.015625
18 19 14 18 70 0.015625
18 19 15 18 16 0.046875
18 19 16 18 39 0.015625
18 19 18 18 58 0.015625
18 19 19 18 67 0.03125
18 19 21 18 1 0.015625
18 19 22 18 10 0.015625
18 19 23 18 21 0.015625
18 19 24 18 54 0.015625
18 19 25 18 70 0.046875
18 19 26 18 16 0.015625
18 19 27 18 39 0.015625
18 19 28 18 51 0.03125
18 19 29 18 58 0.046875
18 19 30 18 67 0.015625
19 14 0 19 10 0.015625
19 14 1 19 21 0.03125
19 14 2 19 53 0.078125
19 14 3 19 70 0.078125
19 14 4 19 43 0.078125
19 14 5 19 77 0.078125
19 14 6 19 39 0.046875
19 14 7 19 38 0.03125
19 14 8 19 9 0.078125
19 14 11 19 53 0.015625
19 14 12 19 70 0.03125
19 14 13 19 43 0.015625
19 14 14 19 77 0.046875
19 14 15 19 39 0.015625
19 14 16 19 38 0.03125
19 14 17 19 9 0.015625
19 14 18 19 17 0.015625
19 14 19 19 10 0.03125
19 14 21 19 53 0.015625
19 14 22 19 70 0.015625
19 14 23 19 43 0.015625
19 14 24 19 77 0.03125
19 14 25 19 39 0.03125
19 14 26 19 38 0.03125
19 14 27 19 9 0.0625
19 14 28 19 17 0.015625
19 14 30 19 10 0.015625
19 14 31 19 21 0.03125
19 18 0 19 1 0.0625
19 18 1 19 10 0.015625
19 18 2 19 21 0.015625
19 18 3 19 54 0.015625
19 18 4 19 70 0.09375
19 18 5 19 16 0.046875
19 18 6 19 39 0.0625
19 18 7 19 51 0.296875
19 18 8 19 58 0.046875
19 18 9 19 67 0.046875
19 18 13 19 54 0.015625
19 18 14 19 70 0.015625
19 18 15 19 16 0.03125
19 18 16 19 39 0.015625
19 18 18 19 58 0.015625
19 18 19 19 67 0.03125
19 18 22 19 10 0.015625
19 18 24 19 54 0.015625
19 18 25 19 70 0.015625
19 18 26 19 16 0.03125
19 18 27 19 39 0.03125
19 18 29 19 58 0.03125
19 18 30 19 67 0.03125
19 20 0 19 17 0.03125
19 20 1 19 21 0.015625
19 20 2 19 43 0.046875
19 20 3 19 42 0.078125
19 20 4 19 38 0.078125
19 20 5 19 58 0.140625
19 20 7 19 21 0.015625
19 20 8 19 43 0.03125
19 20 9 19 42 0.03125
19 20 10 19 38 0.015625
19 20 11 19 58 0.03125
19 20 13 19 17 0.015625
19 20 14 19 21 0.015625
19 20 15 19 43 0.015625
19 20 16 19 42 0.03125
19 20 17 19 38 0.03125
19 20 18 19 58 0.0625
19 20 20 19 10 0.015625
19 20 21 19 17 0.03125
19 20 23 19 43 0.03125
19 20 24 19 42 0.0625
19 20 25 19 38 0.046875
19 20 26 19 58 0.046875
19 20 27 19 1 0.015625
19 20 28 19 10 0.015625
19 20 30 19 17 0.015625
19 20 31 19 21 0.03125
20 21 0 20 21 0.15625
20 21 1 20 17 0.015625
20 21 2 20 0 0.09375
20 21 3 20 23 0.015625
20 21 4 20 44 0.046875
20 21 5 20 60 0.078125
20 21 6 20 26 0.046875
20 21 7 20 27 0.015625
20 21 8 20 17 0.046875
20 21 9 20 0 0.015625
20 21 11 20 44 0.015625
20 21 12 20 60 0.015625
20 21 13 20 26 0.0625
20 21 16 20 17 0.015625
20 21 19 20 44 0.046875
20 21 20 20 60 0.015625
20 21 21 20 26 0.015625
20 21 22 20 27 0.03125
20 21 23 20 8 0.015625
20 21 24 20 37 0.015625
20 21 25 20 17 0.046875
20 21 26 20 0 0.015625
20 21 28 20 44 0.046875
20 21 29 20 60 0.0625
20 21 30 20 26 0.03125
20 21 31 20 27 0.015625
21 19 0 21 19 0.0625
21 19 1 21 17 0.03125
21 19 2 21 10 0.015625
21 19 3 21 63 0.03125
21 19 4 21 41 0.015625
21 19 5 21 36 0.109375
21 19 6 21 28 0.125
21 19 7 21 67 0.03125
21 19 8 21 17 0.015625
21 19 9 21 10 0.015625
21 19 10 21 63 0.03125
21 19 11 21 41 0.015625
21 19 12 21 36 0.03125
21 19 13 21 28 0.015625
21 19 14 21 67 0.015625
21 19 15 21 49 0.015625
21 19 16 21 17 0.015625
21 19 17 21 10 0.03125
21 19 18 21 63 0.046875
21 19 19 21 41 0.015625
21 19 20 21 36 0.03125
21 19 22 21 67 0.015625
21 19 23 21 49 0.015625
21 19 24 21 0 0.015625
21 19 25 21 17 0.03125
21 19 26 21 10 0.015625
21 19 27 21 63 0.0625
21 19 28 21 41 0.015625
21 19 29 21 36 0.046875
21 19 30 21 28 0.03125
21 19 31 21 67 0.03125
21 22 0 21 49 0.015625
21 22 1 21 17 0.03125
21 22 2 21 0 0.015625
21 22 3 21 18 0.046875
21 22 4 21 20 0.109375
21 22 5 21 41 0.0625
21 22 6 21 26 0.046875
21 22 7 21 4 0.09375
21 22 8 21 67 0.125
21 22 9 21 27 0.046875
21 22 10 21 49 0.015625
21 22 11 21 17 0.015625
21 22 13 21 18 0.015625
21 22 15 21 41 0.03125
21 22 16 21 26 0.03125
21 22 17 21 4 0.03125
21 22 18 21 67 0.015625
21 22 19 21 27 0.015625
21 22 21 21 49 0.03125
21 22 22 21 17 0.015625
21 22 23 21 0 0.015625
21 22 25 21 20 0.015625
21 22 26 21 41 0.078125
21 22 27 21 26 0.015625
21 22 28 21 4 0.03125
21 22 29 21 67 0.015625
21 22 30 21 27 0.015625
22 23 0 22 49 0.109375
22 23 1 22 0 0.03125
22 23 2 22 59 0.0625
22 23 3 22 79 0.0625
22 23 4 22 20 0.015625
22 23 5 22 52 0.078125
22 23 6 22 42 0.09375
22 23 7 22 4 0.015625
22 23 8 22 27 0.078125
22 23 9 22 49 0.015625
22 23 10 22 0 0.015625
22 23 14 22 52 0.015625
22 23 18 22 17 0.015625
22 23 19 22 49 0.015625
22 23 20 22 0 0.015625
22 23 21 22 59 0.03125
22 23 22 22 79 0.0625
22 23 24 22 52 0.046875
22 23 25 22 42 0.03125
22 23 26 22 4 0.078125
22 23 27 22 27 0.015625
22 23 28 22 17 0.046875
22 23 30 22 49 0.015625
22 23 31 22 0 0.03125
23 20 0 23 20 0.109375
23 20 1 23 0 0.03125
23 20 2 23 21 0.015625
23 20 3 23 45 0.015625
23 20 4 23 55 0.09375
23 20 5 23 42 0.0625
23 20 6 23 44 0.078125
23 20 7 23 34 0.125
23 20 8 23 76 0.015625
23 20 9 23 27 0.046875
23 20 11 23 21 0.015625
23 20 12 23 45 0.015625
23 20 13 23 55 0.015625
23 20 14 23 42 0.015625
23 20 15 23 44 0.015625
23 20 16 23 34 0.015625
23 20 18 23 27 0.015625
23 20 21 23 21 0.015625
23 20 23 23 55 0.109375
23 20 24 23 42 0.046875
23 20 25 23 44 0.0625
23 20 26 23 34 0.046875
23 20 27 23 76 0.015625
23 24 0 23 59 0.015625
23 24 1 23 45 0.078125
23 24 2 23 30 0.015625
23 24 3 23 31 0.09375
23 24 4 23 76 0.046875
23 24 6 23 45 0.015625
23 24 7 23 30 0.015625
23 24 9 23 76 0.03125
23 24 10 23 49 0.015625
23 24 11 23 59 0.015625
23 24 12 23 45 0.03125
23 24 13 23 30 0.015625
23 24 14 23 31 0.015625
23 24 15 23 76 0.015625
23 24 16 23 49 0.0625
23 24 17 23 0 0.03125
23 24 18 23 59 0.015625
23 24 19 23 45 0.015625
23 24 20 23 30 0.015625
23 24 21 23 31 0.015625
23 24 22 23 76 0.015625
23 24 23 23 49 0.03125
23 24 24 23 0 0.03125
23 24 25 23 10 0.109375
23 24 26 23 59 0.09375
23 24 27 23 45 0.015625
23 24 28 23 30 0.078125
23 24 29 23 31 0.015625
23 24 30 23 76 0.015625
23 24 31 23 49 0.015625
24 25 0 24 17 0.015625
24 25 1 24 18 0.015625
24 25 2 24 11 0.078125
24 25 3 24 54 0.0625
24 25 4 24 2 0.078125
24 25 5 24 16 0.0625
24 25 6 24 64 0.09375
24 25 7 24 39 0.09375
24 25 8 24 61 0.09375
24 25 9 24 17 0.015625
24 25 10 24 18 0.015625
24 25 13 24 2 0.015625
24 25 14 24 16 0.015625
24 25 15 24 64 0.015625
24 25 18 24 13 0.015625
24 25 20 24 18 0.015625
24 25 21 24 11 0.03125
24 25 22 24 54 0.015625
24 25 23 24 2 0.015625
24 25 24 24 16 0.03125
24 25 26 24 39 0.03125
24 25 27 24 61 0.03125
24 25 28 24 13 0.015625
24 25 29 24 59 0.0625
24 25 30 24 17 0.03125
24 25 31 24 18 0.03125
25 19 0 25 17 0.015625
25 19 1 25 46 0.015625
25 19 2 25 54 0.015625
25 19 3 25 77 0.078125
25 19 4 25 16 0.03125
25 19 5 25 39 0.046875
25 19 6 25 42 0.0625
25 19 7 25 78 0.3125
25 19 9 25 46 0.015625
25 19 10 25 54 0.015625
25 19 11 25 77 0.03125
25 19 12 25 16 0.03125
25 19 13 25 39 0.015625
25 19 14 25 42 0.015625
25 19 18 25 46 0.03125
25 19 19 25 54 0.015625
25 19 20 25 77 0.03125
25 19 21 25 16 0.015625
25 19 22 25 39 0.015625
25 19 23 25 42 0.03125
25 19 28 25 46 0.03125
25 19 29 25 54 0.03125
25 19 30 25 77 0.046875
25 19 31 25 16 0.046875
25 26 0 25 17 0.015625
25 26 1 25 18 0.03125
25 26 2 25 33 0.03125
25 26 3 25 48 0.171875
25 26 4 25 17 0.03125
25 26 5 25 18 0.015625
25 26 6 25 33 0.015625
25 26 9 25 17 0.015625
25 26 11 25 33 0.015625
25 26 14 25 0 0.046875
25 26 16 25 18 0.03125
25 26 17 25 33 0.078125
25 26 19 25 8 0.046875
25 26 20 25 0 0.015625
25 26 22 25 17 0.015625
25 26 23 25 18 0.03125
25 26 24 25 33 0.015625
25 26 26 25 8 0.09375
25 26 27 25 0 0.046875
25 26 28 25 37 0.125
25 26 29 25 46 0.03125
25 26 30 25 17 0.046875
25 26 31 25 18 0.03125
26 27 1 26 21 0.046875
26 27 2 26 20 0.0625
26 27 3 26 45 0.09375
26 27 4 26 6 0.046875
26 27 5 26 44 0.078125
26 27 6 26 76 0.0625
26 27 7 26 71 0.0625
26 27 8 26 48 0.109375
26 27 9 26 73 0.109375
26 27 10 26 22 0.015625
26 27 12 26 20 0.015625
26 27 14 26 6 0.015625
26 27 15 26 44 0.015625
26 27 20 26 49 0.015625
26 27 21 26 22 0.0625
26 27 22 26 21 0.015625
26 27 23 26 20 0.015625
26 27 24 26 45 0.015625
26 27 25 26 6 0.046875
26 27 27 26 76 0.046875
26 27 28 26 71 0.046875
27 23 0 27 23 0.03125
27 23 2 27 59 0.015625
27 23 3 27 20 0.015625
27 23 4 27 45 0.0625
27 23 5 27 30 0.171875
27 23 6 27 44 0.03125
27 23 7 27 31 0.015625
27 23 8 27 76 0.1875
27 23 9 27 32 0.03125
27 23 10 27 78 0.046875
27 23 12 27 59 0.015625
27 23 13 27 20 0.015625
27 23 14 27 45 0.015625
27 23 15 27 30 0.015625
27 23 18 27 76 0.03125
27 23 19 27 32 0.015625
27 23 20 27 78 0.03125
27 23 21 27 46 0.015625
27 23 23 27 59 0.015625
27 23 24 27 20 0.015625
27 23 25 27 45 0.078125
27 23 26 27 30 0.015625
27 23 27 27 44 0.015625
27 23 28 27 31 0.015625
27 23 29 27 76 0.046875
27 23 31 27 78 0.03125
27 28 0 27 28 0.125
27 28 1 27 21 0.015625
27 28 2 27 44 0.03125
27 28 3 27 75 0.125
27 28 4 27 31 0.015625
27 28 5 27 32 0.03125
27 28 6 27 73 0.125
27 28 7 27 7 0.046875
27 28 8 27 78 0.046875
27 28 9 27 21 0.015625
27 28 10 27 44 0.015625
27 28 12 27 31 0.015625
27 28 13 27 32 0.015625
27 28 15 27 7 0.03125
27 28 16 27 78 0.03125
27 28 18 27 21 0.03125
27 28 19 27 44 0.015625
27 28 21 27 31 0.03125
27 28 22 27 32 0.03125
27 28 24 27 7 0.03125
27 28 25 27 78 0.015625
27 28 26 27 23 0.015625
27 28 27 27 46 0.078125
27 28 28 27 21 0.015625
27 28 29 27 44 0.03125
27 28 31 27 31 0.015625
28 29 0 28 40 0.078125
28 29 1 28 77 0.03125
28 29 2 28 66 0.046875
28 29 3 28 31 0.140625
28 29 4 28 68 0.046875
28 29 6 28 77 0.03125
28 29 9 28 68 0.015625
28 29 11 28 40 0.015625
28 29 12 28 77 0.046875
28 29 13 28 66 0.015625
28 29 15 28 68 0.015625
28 29 17 28 37 0.03125
28 29 18 28 40 0.015625
28 29 19 28 77 0.015625
28 29 20 28 66 0.03125
28 29 22 28 68 0.015625
28 29 23 28 8 0.03125
28 29 24 28 37 0.078125
28 29 25 28 13 0.109375
28 29 26 28 40 0.015625
28 29 27 28 77 0.015625
28 29 28 28 66 0.03125
28 29 30 28 68 0.03125
28 29 31 28 8 0.09375
29 22 0 29 49 0.015625
29 22 1 29 17 0.015625
29 22 2 29 0 0.015625
29 22 3 29 47 0.0625
29 22 4 29 48 0.125
29 22 5 29 49 0.015625
29 22 6 29 17 0.015625
29 22 8 29 47 0.03125
29 22 9 29 48 0.015625
29 22 10 29 10 0.015625
29 22 11 29 49 0.046875
29 22 12 29 17 0.015625
29 22 14 29 47 0.015625
29 22 15 29 48 0.015625
29 22 17 29 23 0.015625
29 22 18 29 49 0.03125
29 22 19 29 17 0.03125
29 22 20 29 0 0.078125
29 22 21 29 47 0.03125
29 22 22 29 48 0.015625
29 22 23 29 10 0.046875
29 22 25 29 46 0.015625
29 22 26 29 49 0.0625
29 22 27 29 17 0.09375
29 22 28 29 0 0.015625
29 22 29 29 47 0.09375
29 22 30 29 48 0.015625
29 22 31 29 10 0.03125
29 30 0 29 49 0.015625
29 30 1 29 17 0.015625
29 30 3 29 14 0.078125
29 30 4 29 40 0.0625
29 30 5 29 72 0.21875
29 30 6 29 31 0.078125
29 30 7 29 76 0.109375
29 30 8 29 48 0.03125
29 30 10 29 17 0.03125
29 30 12 29 14 0.03125
29 30 13 29 40 0.03125
29 30 15 29 31 0.046875
29 30 17 29 48 0.015625
29 30 18 29 0 0.015625
29 30 19 29 49 0.015625
29 30 20 29 17 0.015625
29 30 21 29 23 0.015625
29 30 22 29 14 0.03125
29 30 23 29 40 0.015625
29 30 26 29 76 0.0625
29 30 27 29 48 0.015625
29 30 29 29 10 0.015625
29 30 30 29 49 0.015625
29 30 31 29 17 0.015625
30 31 0 30 31 0.15625
30 31 1 30 17 0.03125
30 31 3 30 12 0.046875
30 31 4 30 40 0.03125
30 31 5 30 56 0.15625
30 31 6 30 24 0.03125
30 31 7 30 60 0.15625
30 31 8 30 38 0.109375
30 31 9 30 9 0.03125
30 31 10 30 27 0.015625
30 31 12 30 23 0.015625
30 31 13 30 12 0.015625
30 31 14 30 40 0.015625
30 31 16 30 24 0.015625
30 31 22 30 17 0.015625
30 31 23 30 23 0.03125
30 31 24 30 12 0.03125
30 31 25 30 40 0.015625
30 31 27 30 24 0.015625
30 31 29 30 38 0.03125
30 31 30 30 9 0.015625
30 31 31 30 27 0.015625
31 32 0 31 32 0.171875
31 32 1 31 23 0.046875
31 32 2 31 21 0.03125
31 32 3 31 66 0.03125
31 32 4 31 60 0.171875
31 32 5 31 28 0.09375
31 32 6 31 27 0.015625
31 32 9 31 66 0.03125
31 32 11 31 28 0.015625
31 32 12 31 27 0.015625
31 32 13 31 17 0.015625
31 32 14 31 23 0.015625
31 32 16 31 66 0.015625
31 32 18 31 28 0.015625
31 32 19 31 27 0.03125
31 32 20 31 17 0.015625
31 32 21 31 12 0.0625
31 32 23 31 21 0.015625
31 32 24 31 66 0.015625
31 32 27 31 27 0.015625
31 32 28 31 17 0.03125
31 32 29 31 12 0.015625
31 32 30 31 47 0.03125
31 32 31 31 23 0.078125
32 33 0 32 10 0.015625
32 33 1 32 43 0.03125
32 33 2 32 15 0.03125
32 33 3 32 72 0.078125
32 33 4 32 75 0.15625
32 33 5 32 3 0.015625
32 33 6 32 28 0.03125
32 33 7 32 65 0.15625
32 33 8 32 78 0.15625
32 33 9 32 10 0.015625
32 33 10 32 43 0.03125
32 33 11 32 15 0.015625
32 33 12 32 72 0.03125
32 33 14 32 3 0.015625
32 33 19 32 10 0.015625
32 33 20 32 43 0.015625
32 33 21 32 15 0.015625
32 33 22 32 72 0.03125
32 33 24 32 3 0.046875
32 33 25 32 28 0.015625
32 33 28 32 23 0.03125
32 33 30 32 10 0.015625
32 33 31 32 43 0.03125
33 34 0 33 50 0.03125
33 34 1 33 69 0.046875
33 34 2 33 75 0.171875
33 34 3 33 3 0.078125
33 34 4 33 71 0.171875
33 34 6 33 50 0.03125
33 34 7 33 69 0.015625
33 34 9 33 3 0.015625
33 34 12 33 8 0.015625
33 34 13 33 50 0.015625
33 34 14 33 69 0.03125
33 34 16 33 3 0.046875
33 34 18 33 65 0.171875
33 34 21 33 50 0.015625
33 34 24 33 3 0.015625
33 34 27 33 8 0.015625
33 34 28 33 10 0.015625
33 34 29 33 13 0.046875
33 34 30 33 50 0.015625
33 34 31 33 69 0.03125
34 35 0 34 35 0.109375
34 35 1 34 17 0.015625
34 35 2 34 46 0.015625
34 35 3 34 12 0.03125
34 35 4 34 40 0.03125
34 35 5 34 16 0.015625
34 35 6 34 50 0.03125
34 35 7 34 66 0.046875
34 35 8 34 41 0.0625
34 35 9 34 36 0.03125
34 35 10 34 71 0.125
34 35 11 34 51 0.125
34 35 12 34 58 0.125
34 35 13 34 17 0.015625
34 35 14 34 46 0.015625
34 35 16 34 40 0.015625
34 35 17 34 16 0.015625
34 35 18 34 50 0.015625
34 35 19 34 66 0.03125
34 35 20 34 41 0.015625
34 35 21 34 36 0.015625
34 35 25 34 23 0.015625
34 35 27 34 46 0.015625
34 35 28 34 12 0.015625
34 35 29 34 40 0.015625
34 35 30 34 16 0.015625
34 35 31 34 50 0.015625
35 36 0 35 36 0.15625
35 36 1 35 21 0.015625
35 36 2 35 47 0.15625
35 36 3 35 39 0.0625
35 36 4 35 34 0.015625
35 36 5 35 41 0.046875
35 36 6 35 32 0.0625
35 36 7 35 21 0.015625
35 36 9 35 39 0.03125
35 36 10 35 34 0.015625
35 36 11 35 41 0.015625
35 36 12 35 32 0.015625
35 36 13 35 17 0.015625
35 36 14 35 21 0.015625
35 36 16 35 39 0.015625
35 36 17 35 34 0.03125
35 36 18 35 41 0.015625
35 36 19 35 32 0.03125
35 36 20 35 17 0.015625
35 36 22 35 21 0.015625
35 36 24 35 39 0.03125
35 36 25 35 34 0.03125
35 36 26 35 41 0.015625
35 36 27 35 32 0.015625
35 36 28 35 17 0.03125
35 36 29 35 8 0.015625
35 36 30 35 1 0.0625
35 36 31 35 21 0.03125
36 37 0 36 11 0.078125
36 37 1 36 54 0.078125
36 37 2 36 70 0.078125
36 37 3 36 52 0.078125
36 37 4 36 35 0.078125
36 37 5 36 5 0.015625
36 37 6 36 69 0.09375
36 37 7 36 41 0.0625
36 37 8 36 61 0.09375
36 37 9 36 11 0.015625
36 37 10 36 54 0.015625
36 37 11 36 70 0.03125
36 37 14 36 5 0.015625
36 37 16 36 41 0.03125
36 37 18 36 21 0.015625
36 37 22 36 52 0.046875
36 37 23 36 35 0.015625
36 37 24 36 5 0.03125
36 37 25 36 69 0.03125
36 37 26 36 41 0.03125
36 37 27 36 61 0.015625
36 37 30 36 11 0.03125
36 37 31 36 54 0.015625
37 38 0 37 14 0.015625
37 38 1 37 12 0.015625
37 38 2 37 11 0.015625
37 38 3 37 54 0.03125
37 38 4 37 20 0.015625
37 38 5 37 70 0.03125
37 38 6 37 69 0.109375
37 38 7 37 75 0.109375
37 38 8 37 57 0.109375
37 38 9 37 60 0.109375
37 38 10 37 28 0.046875
37 38 11 37 61 0.109375
37 38 12 37 78 0.109375
37 38 13 37 14 0.015625
37 38 14 37 12 0.015625
37 38 15 37 11 0.015625
37 38 16 37 54 0.015625
37 38 18 37 70 0.015625
37 38 23 37 28 0.015625
37 38 27 37 14 0.015625
37 38 28 37 12 0.015625
37 38 29 37 11 0.015625
37 38 30 37 54 0.015625
37 38 31 37 20 0.015625
38 39 0 38 14 0.03125
38 39 1 38 72 0.03125
38 39 2 38 19 0.03125
38 39 3 38 75 0.171875
38 39 4 38 73 0.171875
38 39 5 38 61 0.171875
38 39 6 38 14 0.015625
38 39 7 38 72 0.03125
38 39 8 38 19 0.03125
38 39 12 38 17 0.015625
38 39 13 38 14 0.015625
38 39 14 38 72 0.015625
38 39 15 38 19 0.015625
38 39 19 38 17 0.015625
38 39 20 38 12 0.015625
38 39 21 38 14 0.015625
38 39 22 38 72 0.03125
38 39 23 38 19 0.015625
38 39 27 38 17 0.015625
38 39 28 38 12 0.015625
38 39 29 38 11 0.078125
38 39 31 38 72 0.046875
39 40 0 39 40 0.15625
39 40 1 39 49 0.046875
39 40 2 39 14 0.03125
39 40 3 39 53 0.03125
39 40 4 39 29 0.046875
39 40 5 39 2 0.09375
39 40 6 39 35 0.125
39 40 7 39 64 0.078125
39 40 8 39 48 0.171875
39 40 9 39 49 0.015625
39 40 12 39 29 0.015625
39 40 15 39 64 0.03125
39 40 21 39 29 0.015625
39 40 22 39 2 0.015625
39 40 23 39 35 0.015625
39 40 27 39 46 0.03125
39 40 28 39 49 0.03125
39 40 29 39 14 0.03125
39 40 31 39 29 0.015625
40 41 0 40 2 0.015625
40 41 1 40 77 0.171875
40 41 2 40 35 0.015625
40 41 3 40 42 0.0625
40 41 4 40 34 0.046875
40 41 5 40 31 0.09375
40 41 6 40 28 0.109375
40 41 7 40 78 0.171875
40 41 8 40 2 0.015625
40 41 10 40 35 0.015625
40 41 11 40 42 0.015625
40 41 12 40 34 0.015625
40 41 13 40 31 0.015625
40 41 16 40 49 0.015625
40 41 17 40 2 0.03125
40 41 19 40 35 0.03125
40 41 20 40 42 0.015625
40 41 21 40 34 0.015625
40 41 23 40 28 0.015625
40 41 25 40 49 0.015625
40 41 26 40 0 0.015625
40 41 27 40 2 0.015625
40 41 29 40 35 0.015625
40 41 30 40 42 0.015625
40 41 31 40 34 0.03125
41 42 0 41 42 0.125
41 42 1 41 8 0.046875
41 42 2 41 37 0.03125
41 42 4 41 2 0.03125
41 42 5 41 77 0.03125
41 42 6 41 19 0.03125
41 42 7 41 34 0.078125
41 42 8 41 76 0.046875
41 42 9 41 61 0.15625
41 42 11 41 37 0.015625
41 42 12 41 22 0.03125
41 42 13 41 2 0.015625
41 42 14 41 77 0.015625
41 42 15 41 19 0.03125
41 42 16 41 34 0.015625
41 42 17 41 76 0.015625
41 42 19 41 13 0.03125
41 42 20 41 8 0.015625
41 42 21 41 37 0.015625
41 42 23 41 2 0.015625
41 42 24 41 77 0.015625
41 42 25 41 19 0.03125
41 42 26 41 34 0.015625
41 42 27 41 76 0.03125
41 42 29 41 13 0.09375
41 42 30 41 12 0.015625
42 43 0 42 8 0.015625
42 43 1 42 46 0.03125
42 43 2 42 22 0.109375
42 43 3 42 20 0.046875
42 43 4 42 53 0.09375
42 43 5 42 2 0.015625
42 43 6 42 77 0.171875
42 43 7 42 19 0.015625
42 43 8 42 65 0.171875
42 43 9 42 51 0.0625
42 43 12 42 22 0.015625
42 43 14 42 53 0.03125
42 43 15 42 2 0.015625
42 43 17 42 19 0.015625
42 43 19 42 51 0.015625
42 43 20 42 23 0.015625
42 43 22 42 46 0.03125
42 43 23 42 22 0.015625
42 43 24 42 20 0.015625
42 43 25 42 53 0.015625
42 43 26 42 2 0.03125
42 43 28 42 19 0.015625
42 43 30 42 51 0.03125
43 27 0 43 27 0.09375
43 27 1 43 46 0.046875
43 27 2 43 22 0.015625
43 27 3 43 11 0.03125
43 27 4 43 47 0.015625
43 27 6 43 45 0.03125
43 27 7 43 44 0.03125
43 27 8 43 32 0.140625
43 27 9 43 71 0.03125
43 27 10 43 51 0.234375
43 27 11 43 46 0.015625
43 27 12 43 22 0.015625
43 27 13 43 11 0.03125
43 27 14 43 47 0.03125
43 27 16 43 45 0.015625
43 27 17 43 44 0.015625
43 27 18 43 32 0.015625
43 27 21 43 17 0.015625
43 27 22 43 46 0.03125
43 27 23 43 22 0.015625
43 27 24 43 11 0.03125
43 27 27 43 45 0.015625
43 27 28 43 44 0.015625
43 27 29 43 32 0.046875
43 27 30 43 71 0.015625
43 44 0 43 44 0.125
43 44 2 43 53 0.03125
43 44 4 43 77 0.03125
43 44 5 43 33 0.046875
43 44 6 43 39 0.09375
43 44 7 43 71 0.03125
43 44 8 43 65 0.15625
43 44 9 43 27 0.015625
43 44 11 43 53 0.015625
43 44 13 43 77 0.015625
43 44 14 43 33 0.03125
43 44 15 43 39 0.015625
43 44 16 43 71 0.03125
43 44 18 43 27 0.015625
43 44 19 43 17 0.015625
43 44 21 43 53 0.046875
43 44 22 43 2 0.15625
43 44 23 43 77 0.03125
43 44 24 43 33 0.015625
43 44 25 43 39 0.015625
43 44 26 43 71 0.03125
43 44 28 43 27 0.015625
43 44 29 43 17 0.015625
44 26 0 44 26 0.140625
44 26 1 44 21 0.015625
44 26 4 44 33 0.03125
44 26 5 44 55 0.03125
44 26 6 44 50 0.046875
44 26 7 44 71 0.140625
44 26 8 44 65 0.140625
44 26 9 44 73 0.140625
44 26 12 44 53 0.140625
44 26 13 44 33 0.03125
44 26 14 44 55 0.046875
44 26 15 44 50 0.015625
44 26 21 44 20 0.015625
44 26 23 44 33 0.03125
44 26 25 44 50 0.03125
