20_75_100_640_0_0 160 480 0.51264 0.164741 0.809101 9.83294 557.49 3.60803
20_75_100_640_0_0 160 480 320 861287 30186363000 35048 2691.52 9.43324e+07 6.26819e+08
20_75_100_640_1_1 160 480 0.51264 0.164741 0.809101 9.83294 557.49 3.60803
20_75_100_640_1_1 160 480 320 861287 30186363000 35048 2691.52 9.43324e+07 6.26819e+08
20_75_100_640_2_2 160 480 0.480296 0.163942 0.790156 9.65961 311.66 3.49468
20_75_100_640_2_2 160 480 320 860980 30148071000 35016 2690.56 9.42127e+07 5.79748e+08
20_75_100_640_3_3 160 480 0.483757 0.163666 0.786571 9.72947 212.36 3.48543
20_75_100_640_3_3 160 480 320 861290 30250747500 35122.6 2691.53 9.45336e+07 5.67863e+08
20_75_100_640_4_4 160 480 0.483839 0.164421 0.80582 9.74697 214.114 3.55135
20_75_100_640_4_4 160 480 320 860772 30217792500 35105.5 2689.91 9.44306e+07 5.91506e+08
20_75_100_640_5_5 160 480 0.474541 0.162252 0.778805 9.48375 478.566 3.39666
20_75_100_640_5_5 160 480 320 860185 30023626500 34903.7 2688.08 9.38238e+07 5.48312e+08
20_75_100_640_6_6 160 480 0.513955 0.165504 0.846577 9.94299 320.549 3.79708
20_75_100_640_6_6 160 480 320 860417 30080553000 34960.4 2688.8 9.40017e+07 6.17957e+08
20_75_100_640_7_7 160 480 0.532847 0.164146 0.806753 10.0012 567.656 3.60116
20_75_100_640_7_7 160 480 320 859898 30127821000 35036.5 2687.18 9.41494e+07 6.1027e+08
20_75_100_640_8_8 160 480 0.492354 0.162574 0.790256 9.76848 332.368 3.50948
20_75_100_640_8_8 160 480 320 859899 30021790500 34913.2 2687.18 9.38181e+07 6.22173e+08
20_75_100_640_9_9 160 480 0.483083 0.163892 0.792061 9.63175 257.293 3.46229
20_75_100_640_9_9 160 480 320 860680 30162232500 35044.7 2689.62 9.4257e+07 5.84423e+08
