0_671875_1000000_240_0_0 60 180 0.690877 0.162272 0.711846 9.74447 428.143 2.48371
0_671875_1000000_240_0_0 60 180 120 2154772 55346470500 25685.5 17956.4 4.61221e+08 1.1669e+09
0_671875_1000000_240_1_1 60 180 0.690877 0.162272 0.711846 9.74447 428.143 2.48371
0_671875_1000000_240_1_1 60 180 120 2154772 55346470500 25685.5 17956.4 4.61221e+08 1.1669e+09
0_671875_1000000_240_2_2 60 180 0.707679 0.162133 0.712579 9.59423 445.168 2.48684
0_671875_1000000_240_2_2 60 180 120 2155906 55310142000 25655.2 17965.9 460917850 1.20769e+09
0_671875_1000000_240_3_3 60 180 0.722002 0.162341 0.719956 9.84295 437.411 2.59021
0_671875_1000000_240_3_3 60 180 120 2156048 55341051000 25667.8 17967.1 461175425 1.20706e+09
0_671875_1000000_240_4_4 60 180 0.722745 0.162657 0.724925 9.8887 366.55 2.62469
0_671875_1000000_240_4_4 60 180 120 2155889 55258558500 25631.4 17965.7 4.60488e+08 1.23428e+09
0_671875_1000000_240_5_5 60 180 0.675434 0.163022 0.71654 9.70409 340.781 2.53024
0_671875_1000000_240_5_5 60 180 120 2156581 55353688500 25667.3 17971.5 4.61281e+08 1.17658e+09
0_671875_1000000_240_6_6 60 180 0.690729 0.162164 0.711059 9.78718 427.344 2.50611
0_671875_1000000_240_6_6 60 180 120 2155913 55243299000 25624.1 17965.9 460360825 1.18247e+09
0_671875_1000000_240_7_7 60 180 0.678866 0.162683 0.714859 9.70715 379.627 2.51623
0_671875_1000000_240_7_7 60 180 120 2155314 55343034000 25677.5 17961 461191950 1.13451e+09
0_671875_1000000_240_8_8 60 180 0.72347 0.1623 0.72171 10.0395 306.476 2.64021
0_671875_1000000_240_8_8 60 180 120 2156977 55269237000 25623.5 17974.8 460576975 1.21671e+09
0_671875_1000000_240_9_9 60 180 0.683826 0.162224 0.702741 9.47426 466.844 2.39011
0_671875_1000000_240_9_9 60 180 120 2156451 55332952500 25659.3 17970.4 4.61108e+08 1.16026e+09
