1_95_100_320_0_0 80 240 0.536577 0.172199 0.835342 9.96155 457.514 3.51607
1_95_100_320_0_0 80 240 160 4423785 114943554000 25983.1 27648.7 7.18397e+08 2.01882e+09
1_95_100_320_1_1 80 240 0.536577 0.172199 0.835342 9.96155 457.514 3.51607
1_95_100_320_1_1 80 240 160 4423785 114943554000 25983.1 27648.7 7.18397e+08 2.01882e+09
1_95_100_320_2_2 80 240 0.542652 0.172952 0.838816 10.0162 508.76 3.52795
1_95_100_320_2_2 80 240 160 4424008 114965908500 25986.8 27650 7.18537e+08 2.08111e+09
1_95_100_320_3_3 80 240 0.539654 0.172429 0.839089 10.0228 508.602 3.53668
1_95_100_320_3_3 80 240 160 4424154 115006585500 25995.2 27651 7.18791e+08 2.06591e+09
1_95_100_320_4_4 80 240 0.533502 0.172755 0.833247 9.90946 508.381 3.46601
1_95_100_320_4_4 80 240 160 4422647 114951525000 25991.6 27641.5 7.18447e+08 2.02041e+09
1_95_100_320_5_5 80 240 0.53981 0.172838 0.832031 9.94742 508.859 3.47434
1_95_100_320_5_5 80 240 160 4423517 114950071500 25986.1 27647 7.18438e+08 2.03451e+09
1_95_100_320_6_6 80 240 0.548896 0.172919 0.84091 9.97964 508.991 3.52179
1_95_100_320_6_6 80 240 160 4423922 115000842000 25995.2 27649.5 7.18755e+08 2.12245e+09
1_95_100_320_7_7 80 240 0.536355 0.173168 0.832505 9.94528 508.077 3.46769
1_95_100_320_7_7 80 240 160 4423442 114977263500 25992.7 27646.5 7.18608e+08 2.03112e+09
1_95_100_320_8_8 80 240 0.542213 0.172996 0.837602 9.95801 488.264 3.48781
1_95_100_320_8_8 80 240 160 4423646 115024747500 26002.2 27647.8 7.18905e+08 2.04025e+09
1_95_100_320_9_9 80 240 0.539067 0.172385 0.833883 9.97063 508.854 3.50028
1_95_100_320_9_9 80 240 160 4423325 114945253500 25986.2 27645.8 7.18408e+08 2.06442e+09
