20_75_100_640_0_0 160 480 0.606573 0.176107 0.938487 10.5452 570.899 4.33101
20_75_100_640_0_0 160 480 320 861287 30186094500 35047.7 2691.52 9.43315e+07 7.68879e+08
20_75_100_640_1_1 160 480 0.606573 0.176107 0.938487 10.5452 570.899 4.33101
20_75_100_640_1_1 160 480 320 861287 30186094500 35047.7 2691.52 9.43315e+07 7.68879e+08
20_75_100_640_2_2 160 480 0.554043 0.17605 0.904139 10.0182 443.148 3.92114
20_75_100_640_2_2 160 480 320 860980 30152232000 35020.8 2690.56 94225725 6.56119e+08
20_75_100_640_3_3 160 480 0.495926 0.175555 0.846 9.65916 354.307 3.58578
20_75_100_640_3_3 160 480 320 861290 30250749000 35122.6 2691.53 9.45336e+07 5.95704e+08
20_75_100_640_4_4 160 480 0.511601 0.174216 0.857637 9.75652 362.488 3.66744
20_75_100_640_4_4 160 480 320 860772 30217791000 35105.5 2689.91 9.44306e+07 6.47628e+08
20_75_100_640_5_5 160 480 0.544818 0.17402 0.887732 10.1341 463.561 3.93547
20_75_100_640_5_5 160 480 320 860185 30023620500 34903.7 2688.08 9.38238e+07 6.92021e+08
20_75_100_640_6_6 160 480 0.572318 0.177639 0.938337 10.2265 455.905 4.15608
20_75_100_640_6_6 160 480 320 860417 30080553000 34960.4 2688.8 9.40017e+07 7.5498e+08
20_75_100_640_7_7 160 480 0.522602 0.176219 0.885182 9.91476 415.102 3.82025
20_75_100_640_7_7 160 480 320 859898 30127860000 35036.6 2687.18 9.41496e+07 6.81202e+08
20_75_100_640_8_8 160 480 0.515479 0.175022 0.863101 9.80791 386.803 3.7064
20_75_100_640_8_8 160 480 320 859899 30027520500 34919.8 2687.18 9.3836e+07 6.06768e+08
20_75_100_640_9_9 160 480 0.545532 0.175941 0.882317 10.092 471.698 3.87342
20_75_100_640_9_9 160 480 320 860680 30169563000 35053.2 2689.62 9.42799e+07 6.76436e+08
