0_7125_10000_100_0_0 25 75 0.46875 0.134833 0.613829 9.90691 187.699 2.61521
0_7125_10000_100_0_0 25 75 50 1423087 34138420500 23989 28461.7 682768410 1.02339e+09
0_7125_10000_100_1_1 25 75 0.46875 0.134833 0.613829 9.90691 187.699 2.61521
0_7125_10000_100_1_1 25 75 50 1423087 34138420500 23989 28461.7 682768410 1.02339e+09
0_7125_10000_100_2_2 25 75 0.476087 0.13439 0.613615 9.98102 188.297 2.65005
0_7125_10000_100_2_2 25 75 50 1423305 34167514500 24005.8 28466.1 683350290 1.02165e+09
0_7125_10000_100_3_3 25 75 0.463395 0.134757 0.613169 9.80148 187.429 2.57458
0_7125_10000_100_3_3 25 75 50 1423370 34179849000 24013.3 28467.4 683596980 1.01012e+09
0_7125_10000_100_4_4 25 75 0.479672 0.134739 0.612496 10.0288 188.214 2.6673
0_7125_10000_100_4_4 25 75 50 1423381 34166466000 24003.7 28467.6 683329320 1.01754e+09
0_7125_10000_100_5_5 25 75 0.469671 0.135323 0.61289 9.84691 187.6 2.58699
0_7125_10000_100_5_5 25 75 50 1423463 34193821500 24021.6 28469.3 683876430 1.00892e+09
0_7125_10000_100_6_6 25 75 0.482677 0.134677 0.612835 9.97741 188.154 2.64416
0_7125_10000_100_6_6 25 75 50 1423856 34184449500 24008.4 28477.1 683688990 1.03728e+09
0_7125_10000_100_7_7 25 75 0.47509 0.134533 0.606214 9.89067 187.771 2.58536
0_7125_10000_100_7_7 25 75 50 1423367 34173280500 24008.8 28467.3 683465610 1.02935e+09
0_7125_10000_100_8_8 25 75 0.47526 0.134988 0.618998 9.94044 187.979 2.66518
0_7125_10000_100_8_8 25 75 50 1423197 34156981500 24000.2 28463.9 683139630 1.02313e+09
0_7125_10000_100_9_9 25 75 0.471391 0.135211 0.618109 9.9292 187.775 2.66345
0_7125_10000_100_9_9 25 75 50 1423240 34141920000 23988.9 28464.8 682838400 1.00552e+09
