6_875_1000_100_0_0 25 75 0.493638 0.10889 0.549131 9.82373 109.537 2.50012
6_875_1000_100_0_0 25 75 50 127175 4392514500 34539.1 2543.5 87850290 3.97948e+08
6_875_1000_100_1_1 25 75 0.493638 0.10889 0.549131 9.82373 109.537 2.50012
6_875_1000_100_1_1 25 75 50 127175 4392514500 34539.1 2543.5 87850290 3.97948e+08
6_875_1000_100_2_2 25 75 0.515768 0.109858 0.582796 10.1099 120.09 2.84923
6_875_1000_100_2_2 25 75 50 126640 4400884500 34751.1 2532.8 88017690 4.5619e+08
6_875_1000_100_3_3 25 75 0.383498 0.109376 0.522877 8.51623 87.0112 2.10418
6_875_1000_100_3_3 25 75 50 126652 4405705500 34785.9 2533.04 88114110 3.63745e+08
6_875_1000_100_4_4 25 75 0.416944 0.111569 0.536587 8.80284 103.23 2.19754
6_875_1000_100_4_4 25 75 50 126427 4444738500 35156.6 2528.54 88894770 3.89406e+08
6_875_1000_100_5_5 25 75 0.480407 0.108569 0.556744 9.5504 163.983 2.5732
6_875_1000_100_5_5 25 75 50 126586 4409242500 34832 2531.72 88184850 4.28424e+08
6_875_1000_100_6_6 25 75 0.527231 0.107782 0.557322 9.57027 163.793 2.52142
6_875_1000_100_6_6 25 75 50 126690 4322809500 34121.2 2533.8 86456190 3.84611e+08
6_875_1000_100_7_7 25 75 0.426866 0.109246 0.561986 8.91292 102.489 2.38294
6_875_1000_100_7_7 25 75 50 126528 4364004000 34490.4 2530.56 87280080 4.1943e+08
6_875_1000_100_8_8 25 75 0.514863 0.111689 0.579773 9.88603 114.962 2.73522
6_875_1000_100_8_8 25 75 50 126596 4442941500 35095.4 2531.92 88858830 4.18013e+08
6_875_1000_100_9_9 25 75 0.494974 0.111394 0.599077 9.89769 130.628 2.87231
6_875_1000_100_9_9 25 75 50 126672 4406221500 34784.5 2533.44 88124430 4.43737e+08
