3_0_0_100_0_0 25 75 0.439621 0.126935 0.637215 9.26235 91.2362 2.78844
3_0_0_100_0_0 25 75 50 217846 7514211000 34493.2 4356.92 150284220 7.04556e+08
3_0_0_100_1_1 25 75 0.439621 0.126935 0.637215 9.26235 91.2362 2.78844
3_0_0_100_1_1 25 75 50 217846 7514211000 34493.2 4356.92 150284220 7.04556e+08
3_0_0_100_2_2 25 75 0.457131 0.129887 0.675587 9.29081 104.455 2.90716
3_0_0_100_2_2 25 75 50 217624 7650541500 35154.9 4352.48 153010830 8.04877e+08
3_0_0_100_3_3 25 75 0.449473 0.130068 0.649098 9.48871 96.8247 2.84311
3_0_0_100_3_3 25 75 50 217808 7595053500 34870.4 4356.16 151901070 7.57415e+08
3_0_0_100_4_4 25 75 0.471173 0.132107 0.67477 9.93305 104.047 3.05696
3_0_0_100_4_4 25 75 50 217490 7662354000 35230.8 4349.8 153247080 7.91088e+08
3_0_0_100_5_5 25 75 0.435815 0.131933 0.649394 9.31105 96.7985 2.72221
3_0_0_100_5_5 25 75 50 217623 7565403000 34763.8 4352.46 151308060 6.7084e+08
3_0_0_100_6_6 25 75 0.478016 0.129887 0.662655 9.89282 112.692 2.97129
3_0_0_100_6_6 25 75 50 217987 7594678500 34840.1 4359.74 151893570 6.95988e+08
3_0_0_100_7_7 25 75 0.508838 0.129315 0.678103 10.0672 133.039 3.17924
3_0_0_100_7_7 25 75 50 217270 7635778500 35144.2 4345.4 152715570 8.9255e+08
3_0_0_100_8_8 25 75 0.453306 0.131702 0.673584 9.6037 109.017 2.92926
3_0_0_100_8_8 25 75 50 217099 7620502500 35101.5 4341.98 152410050 7.37609e+08
3_0_0_100_9_9 25 75 0.495925 0.132261 0.681091 10.0017 109.604 3.13844
3_0_0_100_9_9 25 75 50 217730 7593321000 34874.9 4354.6 151866420 7.54641e+08
