23_25_100_200_0_0 50 150 0.628563 0.121711 0.570731 9.66152 318.659 2.56494
23_25_100_200_0_0 50 150 100 857291 30030426000 35029.4 8572.91 300304260 1.82891e+09
23_25_100_200_1_1 50 150 0.628563 0.121711 0.570731 9.66152 318.659 2.56494
23_25_100_200_1_1 50 150 100 857291 30030426000 35029.4 8572.91 300304260 1.82891e+09
23_25_100_200_2_2 50 150 0 0   0 0
23_25_100_200_2_2 50 150 100 0 0 0 0 0 0
23_25_100_200_3_3 50 150 0 0   0 0
23_25_100_200_3_3 50 150 100 0 0 0 0 0 0
23_25_100_200_4_4 50 150 0 0   0 0
23_25_100_200_4_4 50 150 100 0 0 0 0 0 0
23_25_100_200_5_5 50 150 0 0   0 0
23_25_100_200_5_5 50 150 100 0 0 0 0 0 0
23_25_100_200_6_6 50 150 0 0   0 0
23_25_100_200_6_6 50 150 100 0 0 0 0 0 0
23_25_100_200_7_7 50 150 0 0   0 0
23_25_100_200_7_7 50 150 100 0 0 0 0 0 0
23_25_100_200_8_8 50 150 0 0   0 0
23_25_100_200_8_8 50 150 100 0 0 0 0 0 0
23_25_100_200_9_9 50 150 0 0   0 0
23_25_100_200_9_9 50 150 100 0 0 0 0 0 0
