30_5_10_200_0_0 50 150 0.52861 0.187123 1.1281 9.89162 114.417 4.50537
30_5_10_200_0_0 50 150 100 562202 19624933500 34907.3 5622.02 196249335 1.21503e+09
30_5_10_200_1_1 50 150 0.52861 0.187123 1.1281 9.89162 114.417 4.50537
30_5_10_200_1_1 50 150 100 562202 19624933500 34907.3 5622.02 196249335 1.21503e+09
30_5_10_200_2_2 50 150 0.536593 0.187921 1.17465 9.95231 189.823 4.62866
30_5_10_200_2_2 50 150 100 562299 19609602000 34874 5622.99 196096020 1.30455e+09
30_5_10_200_3_3 50 150 0.538733 0.185265 1.16688 10.0287 100.354 4.63364
30_5_10_200_3_3 50 150 100 562380 19629325500 34904 5623.8 196293255 1.36146e+09
30_5_10_200_4_4 50 150 0.544706 0.189945 1.19466 10.0656 122.756 4.71158
30_5_10_200_4_4 50 150 100 561877 19763134500 35173.4 5618.77 197631345 1.359e+09
30_5_10_200_5_5 50 150 0.528769 0.186433 1.1338 9.90908 110.007 4.51537
30_5_10_200_5_5 50 150 100 561958 19601953500 34881.5 5619.58 196019535 1.29678e+09
30_5_10_200_6_6 50 150 0.547201 0.189241 1.24888 9.96236 167.192 4.76678
30_5_10_200_6_6 50 150 100 561488 19659550500 35013.3 5614.88 196595505 1.34926e+09
30_5_10_200_7_7 50 150 0.527568 0.186639 1.15775 9.88511 112.922 4.52717
30_5_10_200_7_7 50 150 100 561195 19491238500 34731.7 5611.95 194912385 1.22935e+09
30_5_10_200_8_8 50 150 0.554347 0.189736 1.26054 10.0002 130.39 4.86307
30_5_10_200_8_8 50 150 100 561091 19708516500 35125.3 5610.91 197085165 1.36864e+09
30_5_10_200_9_9 50 150 0.532505 0.186717 1.16745 9.87156 219.973 4.57582
30_5_10_200_9_9 50 150 100 561564 19490907000 34708.3 5615.64 194909070 1.27744e+09
