10_125_1000_640_0_0 160 480 2.1129 0.0750344 0.435226 10.5564 1210.1 2.15546
10_125_1000_640_0_0 160 480 320 419938 14584416000 34729.9 1312.31 45576300 4.68091e+08
10_125_1000_640_1_1 160 480 2.1129 0.0750344 0.435226 10.5564 1210.1 2.15546
10_125_1000_640_1_1 160 480 320 419938 14584416000 34729.9 1312.31 45576300 4.68091e+08
10_125_1000_640_2_2 160 480 1.9885 0.0751678 0.429185 10.39 1129.91 1.99629
10_125_1000_640_2_2 160 480 320 420107 14631451500 34827.9 1312.83 4.57233e+07 4.19442e+08
10_125_1000_640_3_3 160 480 1.95725 0.0758842 0.435858 10.0363 1126.34 1.94631
10_125_1000_640_3_3 160 480 320 420246 14757742500 35116.9 1313.27 4.61179e+07 4.38858e+08
10_125_1000_640_4_4 160 480 1.82477 0.0758487 0.445902 10.8307 1110.12 2.28106
10_125_1000_640_4_4 160 480 320 419789 14733415500 35097.2 1311.84 4.60419e+07 5.02163e+08
10_125_1000_640_5_5 160 480 2.0888 0.0748233 0.423117 10.035 1140.64 1.90598
10_125_1000_640_5_5 160 480 320 419862 14578458000 34722 1312.07 4.55577e+07 4.58313e+08
10_125_1000_640_6_6 160 480 2.57452 0.075834 0.444615 11.4856 1269.81 2.27155
10_125_1000_640_6_6 160 480 320 419496 14704831500 35053.6 1310.92 4.59526e+07 5.93976e+08
10_125_1000_640_7_7 160 480 1.86882 0.0756525 0.436572 9.91463 1229.88 1.96507
10_125_1000_640_7_7 160 480 320 419339 14618056500 34859.8 1310.43 4.56814e+07 4.07889e+08
10_125_1000_640_8_8 160 480 2.84878 0.0761616 0.451916 11.6107 1269.58 2.46369
10_125_1000_640_8_8 160 480 320 418786 14724372000 35159.7 1308.71 4.60137e+07 5.57104e+08
10_125_1000_640_9_9 160 480 2.2445 0.075754 0.452908 10.7497 1244.85 2.2933
10_125_1000_640_9_9 160 480 320 419387 14642073000 34913 1310.58 4.57565e+07 4.95591e+08
