0_75_100_240_0_0 60 180 0.526607 0.149522 0.661717 8.80753 465.827 2.11829
0_75_100_240_0_0 60 180 120 2405813 61730739000 25659 20048.4 514422825 1.16087e+09
0_75_100_240_1_1 60 180 0.526607 0.149522 0.661717 8.80753 465.827 2.11829
0_75_100_240_1_1 60 180 120 2405813 61730739000 25659 20048.4 514422825 1.16087e+09
0_75_100_240_2_2 60 180 0.554771 0.150143 0.663577 9.15418 190.507 2.21143
0_75_100_240_2_2 60 180 120 2406501 61709829000 25643 20054.2 514248575 1.21738e+09
0_75_100_240_3_3 60 180 0.538622 0.15005 0.659731 8.93217 436.921 2.14422
0_75_100_240_3_3 60 180 120 2407076 61814853000 25680.5 20059 515123775 1.22348e+09
0_75_100_240_4_4 60 180 0.559737 0.149601 0.664581 9.21226 436.182 2.26934
0_75_100_240_4_4 60 180 120 2407336 61743648000 25648.1 20061.1 514530400 1.15408e+09
0_75_100_240_5_5 60 180 0.53904 0.150187 0.654915 8.76407 238.778 2.09359
0_75_100_240_5_5 60 180 120 2407171 61726758000 25642.9 20059.8 514389650 1.16742e+09
0_75_100_240_6_6 60 180 0.554987 0.148884 0.650305 8.88919 399.072 2.07482
0_75_100_240_6_6 60 180 120 2406430 61701042000 25640.1 20053.6 514175350 1.17579e+09
0_75_100_240_7_7 60 180 0.515555 0.150281 0.65989 8.75343 437.54 2.0937
0_75_100_240_7_7 60 180 120 2407230 61772530500 25661.2 20060.2 5.14771e+08 1.13993e+09
0_75_100_240_8_8 60 180 0.544742 0.149939 0.65959 8.9881 398.102 2.16714
0_75_100_240_8_8 60 180 120 2406898 61829416500 25688.4 20057.5 5.15245e+08 1.19217e+09
0_75_100_240_9_9 60 180 0.558228 0.15039 0.661862 8.86835 459.307 2.15365
0_75_100_240_9_9 60 180 120 2406920 61745509500 25653.3 20057.7 5.14546e+08 1.18608e+09
