0_726562_1000000_100_0_0 25 75 0.643947 0.285856 1.43893 10.0888 150.031 4.70987
0_726562_1000000_100_0_0 25 75 50 1486124 51748368000 34821 29722.5 1034967360 7.72002e+09
0_726562_1000000_100_1_1 25 75 0.643947 0.285856 1.43893 10.0888 150.031 4.70987
0_726562_1000000_100_1_1 25 75 50 1486124 51748368000 34821 29722.5 1034967360 7.72002e+09
0_726562_1000000_100_2_2 25 75 0.648042 0.286726 1.4482 10.1119 219.979 4.73844
0_726562_1000000_100_2_2 25 75 50 1486813 51927111000 34925.1 29736.3 1038542220 7.93233e+09
0_726562_1000000_100_3_3 25 75 0.632659 0.282057 1.40903 9.9709 187.461 4.63031
0_726562_1000000_100_3_3 25 75 50 1486384 51776035500 34833.6 29727.7 1035520710 7.69347e+09
0_726562_1000000_100_4_4 25 75 0.651293 0.28554 1.47212 10.1438 110.033 4.80535
0_726562_1000000_100_4_4 25 75 50 1487578 52097076000 35021.4 29751.6 1041941520 8.08101e+09
0_726562_1000000_100_5_5 25 75 0.645645 0.283446 1.45042 10.0516 140.064 4.7245
0_726562_1000000_100_5_5 25 75 50 1485195 52204233000 35149.8 29703.9 1044084660 8.09175e+09
0_726562_1000000_100_6_6 25 75 0.642495 0.282897 1.43684 10.1115 170.023 4.70559
0_726562_1000000_100_6_6 25 75 50 1485696 52018273500 35012.7 29713.9 1040365470 8.04227e+09
0_726562_1000000_100_7_7 25 75 0.639732 0.284587 1.43233 10.0611 110.069 4.67992
0_726562_1000000_100_7_7 25 75 50 1485342 51691636500 34801.2 29706.8 1033832730 7.53829e+09
0_726562_1000000_100_8_8 25 75 0.641222 0.284003 1.4231 10.0002 192.139 4.6686
0_726562_1000000_100_8_8 25 75 50 1486977 51999702000 34970.1 29739.5 1039994040 8.08657e+09
0_726562_1000000_100_9_9 25 75 0.637624 0.283259 1.4242 10.0177 170.014 4.66297
0_726562_1000000_100_9_9 25 75 50 1487595 51929386500 34908.3 29751.9 1038587730 7.80029e+09
