83_75_100_200_0_49 50 150 0.471884 0.164496 0.78665 9.53652 150.061 3.39949
83_75_100_200_0_49 50 150 100 2712402 93854890500 34602.1 27124 938548905 5.02531e+09
83_75_100_200_50_99 50 150 0.48172 0.164286 0.786477 9.69991 147.249 3.46431
83_75_100_200_50_99 50 150 100 2712892 93761931000 34561.6 27128.9 937619310 5.16201e+09
83_75_100_200_100_149 50 150 0.462603 0.162568 0.756037 9.38139 353.496 3.24285
83_75_100_200_100_149 50 150 100 2711708 93561834000 34502.9 27117.1 935618340 4.79542e+09
83_75_100_200_150_199 50 150 0.488049 0.166757 0.817027 9.7808 151.599 3.59797
83_75_100_200_150_199 50 150 100 2713938 94201429500 34710.2 27139.4 942014295 5.22357e+09
83_75_100_200_200_249 50 150 0.480002 0.16532 0.795465 9.66297 165.788 3.46045
83_75_100_200_200_249 50 150 100 2714396 94203199500 34705 27144 942031995 5.14494e+09
83_75_100_200_250_299 50 150 0.468712 0.164225 0.770237 9.45751 169.579 3.32012
83_75_100_200_250_299 50 150 100 2712886 93888538500 34608.4 27128.9 938885385 5.11692e+09
83_75_100_200_300_349 50 150 0.478079 0.164939 0.78459 9.62825 161.267 3.4319
83_75_100_200_300_349 50 150 100 2715246 93865035000 34569.6 27152.5 938650350 5.23165e+09
83_75_100_200_350_399 50 150 0.481375 0.165975 0.801173 9.64815 369.465 3.51207
83_75_100_200_350_399 50 150 100 2714721 94061563500 34648.7 27147.2 940615635 5.15348e+09
83_75_100_200_400_449 50 150 0.471571 0.164652 0.782929 9.55928 147.452 3.37498
83_75_100_200_400_449 50 150 100 2715690 93922666500 34585.2 27156.9 939226665 4.94191e+09
83_75_100_200_450_499 50 150 0.470072 0.163659 0.776878 9.52701 142.954 3.35666
83_75_100_200_450_499 50 150 100 2714313 93631192500 34495.4 27143.1 936311925 4.94874e+09
