85_0_0_200_0_49 50 150 0.512793 0.170361 0.863398 10.0319 192.922 3.87
85_0_0_200_0_49 50 150 100 2752955 95498964000 34689.6 27529.5 954989640 5.7204e+09
85_0_0_200_50_99 50 150 0.510074 0.170037 0.857656 9.98339 158.868 3.81307
85_0_0_200_50_99 50 150 100 2753486 95412532500 34651.5 27534.9 954125325 5.56769e+09
85_0_0_200_100_149 50 150 0.512442 0.169434 0.853343 10.0145 152.935 3.81471
85_0_0_200_100_149 50 150 100 2752163 95154865500 34574.6 27521.6 951548655 5.61319e+09
85_0_0_200_150_199 50 150 0.53102 0.171195 0.884739 10.1239 181.227 3.97508
85_0_0_200_150_199 50 150 100 2754381 95767908000 34769.3 27543.8 957679080 6.11009e+09
85_0_0_200_200_249 50 150 0.514193 0.170765 0.875127 9.99217 229.423 3.85624
85_0_0_200_200_249 50 150 100 2754780 95822586000 34784.1 27547.8 958225860 5.8241e+09
85_0_0_200_250_299 50 150 0.499427 0.168768 0.83366 9.86647 191.885 3.68635
85_0_0_200_250_299 50 150 100 2698380 93484095000 34644.5 26983.8 934840950 5.33443e+09
85_0_0_200_300_349 50 150 0.517739 0.169239 0.858013 10.0565 190.906 3.86907
85_0_0_200_300_349 50 150 100 2755640 95549557500 34674.2 27556.4 955495575 5.93166e+09
85_0_0_200_350_399 50 150 0.525235 0.171059 0.884903 10.046 169.343 3.94357
85_0_0_200_350_399 50 150 100 2755578 95668227000 34718 27555.8 956682270 5.9478e+09
85_0_0_200_400_449 50 150 0.507966 0.170033 0.852562 9.90981 162.905 3.76506
85_0_0_200_400_449 50 150 100 2756080 95577315000 34678.7 27560.8 955773150 5.52269e+09
85_0_0_200_450_499 50 150 0.514739 0.169971 0.862938 9.97652 189.95 3.85024
85_0_0_200_450_499 50 150 100 2754784 95197357500 34557.1 27547.8 951973575 5.74531e+09
