2_75_1000_320_0_0 80 240 0.540189 0.20502 1.08314 9.90549 349.55 4.14252
2_75_1000_320_0_0 80 240 160 4818251 125675559000 26083.2 30114.1 7.85472e+08 2.6475e+09
2_75_1000_320_1_1 80 240 0.540189 0.20502 1.08314 9.90549 349.55 4.14252
2_75_1000_320_1_1 80 240 160 4818251 125675559000 26083.2 30114.1 7.85472e+08 2.6475e+09
2_75_1000_320_2_2 80 240 0.541949 0.204802 1.07671 9.91914 410.024 4.13637
2_75_1000_320_2_2 80 240 160 4818694 125680971000 26082 30116.8 7.85506e+08 2.6097e+09
2_75_1000_320_3_3 80 240 0.539338 0.204518 1.07702 9.89136 366.509 4.1419
2_75_1000_320_3_3 80 240 160 4818364 125678106000 26083.1 30114.8 7.85488e+08 2.61572e+09
2_75_1000_320_4_4 80 240 0.539378 0.20452 1.07635 9.87987 365.735 4.13087
2_75_1000_320_4_4 80 240 160 4818502 125658732000 26078.4 30115.6 785367075 2.58703e+09
2_75_1000_320_5_5 80 240 0.536166 0.204593 1.06706 9.86077 360.04 4.09099
2_75_1000_320_5_5 80 240 160 4818742 125676687000 26080.8 30117.1 7.85479e+08 2.59562e+09
2_75_1000_320_6_6 80 240 0.53706 0.204646 1.06742 9.84756 393.643 4.09603
2_75_1000_320_6_6 80 240 160 4818524 125627631000 26071.8 30115.8 7.85173e+08 2.60252e+09
2_75_1000_320_7_7 80 240 0.540689 0.204752 1.09098 9.9024 360.003 4.18123
2_75_1000_320_7_7 80 240 160 4819112 125747098500 26093.4 30119.5 7.85919e+08 2.66911e+09
2_75_1000_320_8_8 80 240 0.536573 0.204663 1.06919 9.8764 364.613 4.11573
2_75_1000_320_8_8 80 240 160 4818664 125674209000 26080.7 30116.7 7.85464e+08 2.62321e+09
2_75_1000_320_9_9 80 240 0.536518 0.204438 1.06821 9.83991 360.011 4.09475
2_75_1000_320_9_9 80 240 160 4819007 125656806000 26075.2 30118.8 7.85355e+08 2.64619e+09
