7_75_100_1000_0_0 250 750 0.541714 0.112762 1.98296 9.89343 194.448 5.51372
7_75_100_1000_0_0 250 750 500 360823 12328752000 34168.4 721.646 24657504 1.58837e+08
7_75_100_1000_1_1 250 750 0.541714 0.112762 1.98296 9.89343 194.448 5.51372
7_75_100_1000_1_1 250 750 500 360823 12328752000 34168.4 721.646 24657504 1.58837e+08
7_75_100_1000_2_2 250 750 0.567652 0.113172 2.32802 10.0796 94.6429 5.98912
7_75_100_1000_2_2 250 750 500 359661 12554203500 34905.7 719.322 25108407 1.78843e+08
7_75_100_1000_3_3 250 750 0.53924 0.112735 2.0326 9.92511 379.847 5.54634
7_75_100_1000_3_3 250 750 500 360279 11941659000 33145.6 720.558 23883318 1.47619e+08
7_75_100_1000_4_4 250 750 0.570101 0.113356 2.28114 10.1403 81.5212 6.02758
7_75_100_1000_4_4 250 750 500 359771 12701004000 35303 719.542 25402008 1.77922e+08
7_75_100_1000_5_5 250 750 0.563846 0.113 2.27685 10.1694 72.7156 5.97629
7_75_100_1000_5_5 250 750 500 359649 12752302500 35457.6 719.298 25504605 1.74204e+08
7_75_100_1000_6_6 250 750 0.56066 0.112762 2.09329 9.94493 111.621 5.72814
7_75_100_1000_6_6 250 750 500 359485 12161989500 33831.7 718.97 24323979 1.69462e+08
7_75_100_1000_7_7 250 750 0.578906 0.112762 2.21467 10.1884 352.833 5.99638
7_75_100_1000_7_7 250 750 500 360334 12320572500 34192.1 720.668 24641145 1.71481e+08
7_75_100_1000_8_8 250 750 0.540015 0.112923 1.9488 9.83457 169.884 5.4988
7_75_100_1000_8_8 250 750 500 361062 12202531500 33796.2 722.124 24405063 1.39809e+08
7_75_100_1000_9_9 250 750 0.555204 0.112686 2.13123 10.0088 280.312 5.73614
7_75_100_1000_9_9 250 750 500 359162 12149370000 33827 718.324 24298740 1.5679e+08
