13_25_100_100_0_0 25 75 0.554481 0.228793 0.966288 9.9763 110.782 3.96083
13_25_100_100_0_0 25 75 50 1509895 36467308500 24152.2 30197.9 729346170 1.20975e+09
13_25_100_100_1_1 25 75 0.554481 0.228793 0.966288 9.9763 110.782 3.96083
13_25_100_100_1_1 25 75 50 1509895 36467308500 24152.2 30197.9 729346170 1.20975e+09
13_25_100_100_2_2 25 75 0.550098 0.227396 0.958003 10.0024 105.698 3.94795
13_25_100_100_2_2 25 75 50 1509896 36467320500 24152.2 30197.9 729346410 1.21527e+09
13_25_100_100_3_3 25 75 0.547864 0.228378 0.956528 9.91439 113.802 3.91123
13_25_100_100_3_3 25 75 50 1509893 36467181000 24152.2 30197.9 729343620 1.19931e+09
13_25_100_100_4_4 25 75 0.550352 0.228998 0.967326 9.97719 100.374 3.95955
13_25_100_100_4_4 25 75 50 1509893 36467133000 24152.1 30197.9 729342660 1.22057e+09
13_25_100_100_5_5 25 75 0.548968 0.2282 0.958459 9.94269 100.8 3.92529
13_25_100_100_5_5 25 75 50 1509894 36467293500 24152.2 30197.9 729345870 1.20288e+09
13_25_100_100_6_6 25 75 0.552533 0.228816 0.970874 10.0008 103.984 3.992
13_25_100_100_6_6 25 75 50 1509896 36467322000 24152.2 30197.9 729346440 1.23267e+09
13_25_100_100_7_7 25 75 0.550573 0.227346 0.943066 9.97047 102.026 3.90736
13_25_100_100_7_7 25 75 50 1509896 36467322000 24152.2 30197.9 729346440 1.20193e+09
13_25_100_100_8_8 25 75 0.552992 0.228075 0.959823 9.94756 104.053 3.91838
13_25_100_100_8_8 25 75 50 1509892 36467124000 24152.1 30197.8 729342480 1.21982e+09
13_25_100_100_9_9 25 75 0.561011 0.22901 0.967746 9.95746 120.188 3.97754
13_25_100_100_9_9 25 75 50 1509896 36464853000 24150.6 30197.9 729297060 1.23623e+09
