0_7_10_100_0_0 25 75 0.583977 0.266377 1.18027 9.62635 136.722 4.03484
0_7_10_100_0_0 25 75 50 1442458 50266860000 34848.1 28849.2 1005337200 6.93019e+09
0_7_10_100_1_1 25 75 0.583977 0.266377 1.18027 9.62635 136.722 4.03484
0_7_10_100_1_1 25 75 50 1442458 50266860000 34848.1 28849.2 1005337200 6.93019e+09
0_7_10_100_2_2 25 75 0.597373 0.269098 1.24513 9.7288 109.995 4.21784
0_7_10_100_2_2 25 75 50 1441686 50435775000 34983.9 28833.7 1008715500 7.15555e+09
0_7_10_100_3_3 25 75 0.595867 0.270259 1.24252 9.73752 110.05 4.19353
0_7_10_100_3_3 25 75 50 1440724 50200648500 34844 28814.5 1004012970 6.98032e+09
0_7_10_100_4_4 25 75 0.59473 0.269242 1.23409 9.72159 140.013 4.18717
0_7_10_100_4_4 25 75 50 1442053 50315427000 34891.5 28841.1 1006308540 7.08207e+09
0_7_10_100_5_5 25 75 0.582603 0.266027 1.17768 9.6274 219.998 4.00539
0_7_10_100_5_5 25 75 50 1442319 50352561000 34910.8 28846.4 1007051220 6.96047e+09
0_7_10_100_6_6 25 75 0.592088 0.266756 1.21298 9.75207 99.1057 4.15162
0_7_10_100_6_6 25 75 50 1441493 50226456000 34843.4 28829.9 1004529120 7.05324e+09
0_7_10_100_7_7 25 75 0.603007 0.268896 1.24508 9.795 180.048 4.24753
0_7_10_100_7_7 25 75 50 1442594 50518914000 35019.5 28851.9 1010378280 7.25839e+09
0_7_10_100_8_8 25 75 0.606916 0.27015 1.27396 9.87773 192.928 4.32686
0_7_10_100_8_8 25 75 50 1441223 50679619500 35164.3 28824.5 1013592390 7.44292e+09
0_7_10_100_9_9 25 75 0.593475 0.26708 1.2113 9.75018 150.002 4.14603
0_7_10_100_9_9 25 75 50 1440797 50304667500 34914.5 28815.9 1006093350 7.06616e+09
