0 14 9 0 25 0.00634765625
0 14 10 0 25 0.00634765625
0 14 11 0 25 0.00634765625
0 14 12 0 25 0.005859375
0 14 13 0 25 0.00634765625
0 14 14 0 75 0.017578125
0 14 15 0 75 0.01953125
0 14 16 0 75 0.01953125
0 14 17 0 75 0.01953125
0 14 18 0 75 0.009765625
0 14 19 0 75 0.01953125
0 14 20 0 75 0.01953125
0 14 23 0 27 0.00634765625
0 14 24 0 27 0.00634765625
0 14 25 0 27 0.00634765625
0 14 26 0 27 0.005859375
0 14 27 0 27 0.00634765625
0 14 30 0 30 0.00634765625
0 14 31 0 30 0.00634765625
0 14 32 0 30 0.00634765625
0 14 33 0 30 0.005859375
0 14 34 0 30 0.00634765625
0 14 42 0 76 0.017578125
0 14 43 0 76 0.01953125
0 14 44 0 76 0.01953125
0 14 45 0 76 0.01953125
0 14 46 0 76 0.009765625
0 14 47 0 76 0.01953125
0 14 48 0 76 0.01953125
0 14 49 0 74 0.017578125
0 14 50 0 74 0.01953125
0 14 51 0 74 0.01953125
0 14 52 0 74 0.01953125
0 14 53 0 74 0.009765625
0 14 54 0 74 0.01953125
0 14 55 0 74 0.01953125
0 14 58 0 28 0.003173828125
0 14 59 0 28 0.003173828125
0 14 60 0 28 0.003173828125
0 14 61 0 28 0.0029296875
0 14 62 0 28 0.003173828125
0 14 63 0 79 0.017578125
0 14 64 0 79 0.01953125
0 14 65 0 79 0.01953125
0 14 66 0 79 0.01953125
0 14 67 0 79 0.009765625
0 14 68 0 79 0.01953125
0 14 69 0 79 0.01953125
0 14 70 0 77 0.017578125
0 14 71 0 77 0.01953125
0 14 72 0 77 0.01953125
0 14 73 0 77 0.01953125
0 14 74 0 77 0.009765625
0 14 75 0 77 0.01953125
0 14 76 0 77 0.01953125
0 14 77 0 78 0.017578125
0 14 78 0 78 0.01953125
0 14 79 0 78 0.01953125
0 14 80 0 78 0.01953125
0 14 81 0 78 0.009765625
0 14 82 0 78 0.01953125
0 14 83 0 78 0.01953125
0 14 84 0 73 0.017578125
0 14 85 0 73 0.01953125
0 14 86 0 73 0.01953125
0 14 87 0 73 0.01953125
0 14 88 0 73 0.009765625
0 14 89 0 73 0.01953125
0 14 90 0 73 0.01953125
0 14 93 0 26 0.003173828125
0 14 94 0 26 0.003173828125
0 14 95 0 26 0.003173828125
0 14 96 0 26 0.0029296875
0 14 97 0 26 0.003173828125
0 29 0 0 29 1.0
0 36 0 0 24 0.125
0 36 2 0 55 0.078125
0 36 3 0 27 0.109375
0 36 4 0 30 0.109375
0 36 6 0 53 0.078125
0 36 7 0 52 0.09375
0 36 8 0 28 0.125
0 36 9 0 26 0.125
0 36 10 0 54 0.078125
0 36 12 0 57 0.078125
0 42 0 0 75 0.140625
0 42 1 0 76 0.140625
0 42 2 0 74 0.140625
0 42 3 0 79 0.140625
0 42 4 0 77 0.140625
0 42 5 0 78 0.140625
0 42 6 0 73 0.15625
4 14 9 4 25 0.00634765625
4 14 10 4 25 0.00634765625
4 14 11 4 25 0.00634765625
4 14 12 4 25 0.005859375
4 14 13 4 25 0.00634765625
4 14 14 4 75 0.017578125
4 14 15 4 75 0.01953125
4 14 16 4 75 0.01953125
4 14 17 4 75 0.01953125
4 14 18 4 75 0.009765625
4 14 19 4 75 0.01953125
4 14 20 4 75 0.01953125
4 14 23 4 27 0.00634765625
4 14 24 4 27 0.00634765625
4 14 25 4 27 0.00634765625
4 14 26 4 27 0.005859375
4 14 27 4 27 0.00634765625
4 14 30 4 30 0.00634765625
4 14 31 4 30 0.00634765625
4 14 32 4 30 0.00634765625
4 14 33 4 30 0.005859375
4 14 34 4 30 0.00634765625
4 14 42 4 76 0.017578125
4 14 43 4 76 0.01953125
4 14 44 4 76 0.01953125
4 14 45 4 76 0.01953125
4 14 46 4 76 0.009765625
4 14 47 4 76 0.01953125
4 14 48 4 76 0.01953125
4 14 49 4 74 0.017578125
4 14 50 4 74 0.01953125
4 14 51 4 74 0.01953125
4 14 52 4 74 0.01953125
4 14 53 4 74 0.009765625
4 14 54 4 74 0.01953125
4 14 55 4 74 0.01953125
4 14 58 4 28 0.003173828125
4 14 59 4 28 0.003173828125
4 14 60 4 28 0.003173828125
4 14 61 4 28 0.0029296875
4 14 62 4 28 0.003173828125
4 14 63 4 79 0.017578125
4 14 64 4 79 0.01953125
4 14 65 4 79 0.01953125
4 14 66 4 79 0.01953125
4 14 67 4 79 0.009765625
4 14 68 4 79 0.01953125
4 14 69 4 79 0.01953125
4 14 70 4 77 0.017578125
4 14 71 4 77 0.01953125
4 14 72 4 77 0.01953125
4 14 73 4 77 0.01953125
4 14 74 4 77 0.009765625
4 14 75 4 77 0.01953125
4 14 76 4 77 0.01953125
4 14 77 4 78 0.017578125
4 14 78 4 78 0.01953125
4 14 79 4 78 0.01953125
4 14 80 4 78 0.01953125
4 14 81 4 78 0.009765625
4 14 82 4 78 0.01953125
4 14 83 4 78 0.01953125
4 14 84 4 73 0.017578125
4 14 85 4 73 0.01953125
4 14 86 4 73 0.01953125
4 14 87 4 73 0.01953125
4 14 88 4 73 0.009765625
4 14 89 4 73 0.01953125
4 14 90 4 73 0.01953125
4 14 93 4 26 0.003173828125
4 14 94 4 26 0.003173828125
4 14 95 4 26 0.003173828125
4 14 96 4 26 0.0029296875
4 14 97 4 26 0.003173828125
4 29 0 4 29 1.0
4 36 0 4 24 0.125
4 36 2 4 55 0.078125
4 36 3 4 27 0.109375
4 36 4 4 30 0.109375
4 36 6 4 53 0.078125
4 36 7 4 52 0.09375
4 36 8 4 28 0.125
4 36 9 4 26 0.125
4 36 10 4 54 0.078125
4 36 12 4 57 0.078125
4 42 0 4 75 0.140625
4 42 1 4 76 0.140625
4 42 2 4 74 0.140625
4 42 3 4 79 0.140625
4 42 4 4 77 0.140625
4 42 5 4 78 0.140625
4 42 6 4 73 0.15625
5 14 9 5 25 0.00634765625
5 14 10 5 25 0.00634765625
5 14 11 5 25 0.00634765625
5 14 12 5 25 0.005859375
5 14 13 5 25 0.00634765625
5 14 14 5 75 0.017578125
5 14 15 5 75 0.01953125
5 14 16 5 75 0.01953125
5 14 17 5 75 0.01953125
5 14 18 5 75 0.009765625
5 14 19 5 75 0.01953125
5 14 20 5 75 0.01953125
5 14 23 5 27 0.00634765625
5 14 24 5 27 0.00634765625
5 14 25 5 27 0.00634765625
5 14 26 5 27 0.005859375
5 14 27 5 27 0.00634765625
5 14 30 5 30 0.00634765625
5 14 31 5 30 0.00634765625
5 14 32 5 30 0.00634765625
5 14 33 5 30 0.005859375
5 14 34 5 30 0.00634765625
5 14 42 5 76 0.017578125
5 14 43 5 76 0.01953125
5 14 44 5 76 0.01953125
5 14 45 5 76 0.01953125
5 14 46 5 76 0.009765625
5 14 47 5 76 0.01953125
5 14 48 5 76 0.01953125
5 14 49 5 74 0.017578125
5 14 50 5 74 0.01953125
5 14 51 5 74 0.01953125
5 14 52 5 74 0.01953125
5 14 53 5 74 0.009765625
5 14 54 5 74 0.01953125
5 14 55 5 74 0.01953125
5 14 58 5 28 0.003173828125
5 14 59 5 28 0.003173828125
5 14 60 5 28 0.003173828125
5 14 61 5 28 0.0029296875
5 14 62 5 28 0.003173828125
5 14 63 5 79 0.017578125
5 14 64 5 79 0.01953125
5 14 65 5 79 0.01953125
5 14 66 5 79 0.01953125
5 14 67 5 79 0.009765625
5 14 68 5 79 0.01953125
5 14 69 5 79 0.01953125
5 14 70 5 77 0.017578125
5 14 71 5 77 0.01953125
5 14 72 5 77 0.01953125
5 14 73 5 77 0.01953125
5 14 74 5 77 0.009765625
5 14 75 5 77 0.01953125
5 14 76 5 77 0.01953125
5 14 77 5 78 0.017578125
5 14 78 5 78 0.01953125
5 14 79 5 78 0.01953125
5 14 80 5 78 0.01953125
5 14 81 5 78 0.009765625
5 14 82 5 78 0.01953125
5 14 83 5 78 0.01953125
5 14 84 5 73 0.017578125
5 14 85 5 73 0.01953125
5 14 86 5 73 0.01953125
5 14 87 5 73 0.01953125
5 14 88 5 73 0.009765625
5 14 89 5 73 0.01953125
5 14 90 5 73 0.01953125
5 14 93 5 26 0.003173828125
5 14 94 5 26 0.003173828125
5 14 95 5 26 0.003173828125
5 14 96 5 26 0.0029296875
5 14 97 5 26 0.003173828125
5 29 0 5 29 1.0
5 36 0 5 24 0.125
5 36 2 5 55 0.078125
5 36 3 5 27 0.109375
5 36 4 5 30 0.109375
5 36 6 5 53 0.078125
5 36 7 5 52 0.09375
5 36 8 5 28 0.125
5 36 9 5 26 0.125
5 36 10 5 54 0.078125
5 36 12 5 57 0.078125
5 42 0 5 75 0.140625
5 42 1 5 76 0.140625
5 42 2 5 74 0.140625
5 42 3 5 79 0.140625
5 42 4 5 77 0.140625
5 42 5 5 78 0.140625
5 42 6 5 73 0.15625
8 14 0 8 14 1.0
8 29 2 8 61 0.125
8 29 3 8 62 0.125
8 29 4 8 63 0.125
8 29 5 8 64 0.125
8 29 6 8 65 0.125
8 29 7 8 31 0.125
8 29 8 8 32 0.125
8 29 11 8 35 0.125
8 36 0 8 36 1.0
8 42 0 8 16 0.046875
8 42 1 8 12 0.046875
8 42 2 8 13 0.046875
8 42 4 8 15 0.046875
8 42 5 8 17 0.046875
8 42 6 8 66 0.109375
8 42 7 8 67 0.109375
8 42 8 8 68 0.109375
8 42 9 8 69 0.109375
8 42 10 8 70 0.109375
8 42 11 8 71 0.109375
8 42 12 8 72 0.109375
9 14 0 9 14 1.0
9 29 2 9 61 0.125
9 29 3 9 62 0.125
9 29 4 9 63 0.125
9 29 5 9 64 0.125
9 29 6 9 65 0.125
9 29 7 9 31 0.125
9 29 8 9 32 0.125
9 29 11 9 35 0.125
9 36 0 9 36 1.0
9 42 0 9 16 0.046875
9 42 1 9 12 0.046875
9 42 2 9 13 0.046875
9 42 4 9 15 0.046875
9 42 5 9 17 0.046875
9 42 6 9 66 0.109375
9 42 7 9 67 0.109375
9 42 8 9 68 0.109375
9 42 9 9 69 0.109375
9 42 10 9 70 0.109375
9 42 11 9 71 0.109375
9 42 12 9 72 0.109375
10 14 0 10 14 1.0
10 29 2 10 61 0.125
10 29 3 10 62 0.125
10 29 4 10 63 0.125
10 29 5 10 64 0.125
10 29 6 10 65 0.125
10 29 7 10 31 0.125
10 29 8 10 32 0.125
10 29 11 10 35 0.125
10 36 0 10 36 1.0
10 42 0 10 16 0.046875
10 42 1 10 12 0.046875
10 42 2 10 13 0.046875
10 42 4 10 15 0.046875
10 42 5 10 17 0.046875
10 42 6 10 66 0.109375
10 42 7 10 67 0.109375
10 42 8 10 68 0.109375
10 42 9 10 69 0.109375
10 42 10 10 70 0.109375
10 42 11 10 71 0.109375
10 42 12 10 72 0.109375
25 14 2 25 61 0.203125
25 14 3 25 62 0.203125
25 14 4 25 63 0.203125
25 14 5 25 64 0.1875
25 14 6 25 65 0.203125
25 29 0 25 55 0.125
25 29 2 25 53 0.140625
25 29 3 25 52 0.140625
25 29 4 25 54 0.125
25 29 6 25 57 0.125
25 29 8 25 1 0.015625
25 29 9 25 2 0.015625
25 29 10 25 3 0.015625
25 29 15 25 61 0.03125
25 29 16 25 62 0.03125
25 29 17 25 63 0.03125
25 29 18 25 64 0.03125
25 29 19 25 65 0.03125
25 29 20 25 31 0.046875
25 29 21 25 32 0.046875
25 29 24 25 35 0.046875
25 36 0 25 36 1.0
25 42 0 25 0 0.02197265625
25 42 1 25 0 0.02197265625
25 42 2 25 0 0.02197265625
25 42 3 25 0 0.02197265625
25 42 4 25 0 0.02197265625
25 42 5 25 0 0.02197265625
25 42 6 25 0 0.0244140625
25 42 7 25 1 0.0087890625
25 42 8 25 1 0.0087890625
25 42 9 25 1 0.0087890625
25 42 10 25 1 0.0087890625
25 42 11 25 1 0.0087890625
25 42 12 25 1 0.0087890625
25 42 13 25 1 0.009765625
25 42 14 25 2 0.0087890625
25 42 15 25 2 0.0087890625
25 42 16 25 2 0.0087890625
25 42 17 25 2 0.0087890625
25 42 18 25 2 0.0087890625
25 42 19 25 2 0.0087890625
25 42 20 25 2 0.009765625
25 42 21 25 3 0.02197265625
25 42 22 25 3 0.02197265625
25 42 23 25 3 0.02197265625
25 42 24 25 3 0.02197265625
25 42 25 25 3 0.02197265625
25 42 26 25 3 0.02197265625
25 42 27 25 3 0.0244140625
25 42 28 25 4 0.02197265625
25 42 29 25 4 0.02197265625
25 42 30 25 4 0.02197265625
25 42 31 25 4 0.02197265625
25 42 32 25 4 0.02197265625
25 42 33 25 4 0.02197265625
25 42 34 25 4 0.0244140625
25 42 35 25 5 0.02197265625
25 42 36 25 5 0.02197265625
25 42 37 25 5 0.02197265625
25 42 38 25 5 0.02197265625
25 42 39 25 5 0.02197265625
25 42 40 25 5 0.02197265625
25 42 41 25 5 0.0244140625
25 42 42 25 59 0.0087890625
25 42 43 25 59 0.009521484375
25 42 44 25 59 0.009521484375
25 42 46 25 59 0.009521484375
25 42 47 25 59 0.009521484375
25 42 48 25 60 0.0087890625
25 42 49 25 60 0.009521484375
25 42 50 25 60 0.009521484375
25 42 52 25 60 0.009521484375
25 42 53 25 60 0.009521484375
25 42 54 25 61 0.00439453125
25 42 55 25 61 0.00390625
25 42 56 25 61 0.00390625
25 42 57 25 61 0.01123046875
25 42 58 25 61 0.00390625
25 42 59 25 61 0.00390625
25 42 60 25 62 0.00439453125
25 42 61 25 62 0.00390625
25 42 62 25 62 0.00390625
25 42 63 25 62 0.01123046875
25 42 64 25 62 0.00390625
25 42 65 25 62 0.00390625
25 42 66 25 63 0.00439453125
25 42 67 25 63 0.00390625
25 42 68 25 63 0.00390625
25 42 69 25 63 0.01123046875
25 42 70 25 63 0.00390625
25 42 71 25 63 0.00390625
25 42 72 25 64 0.00439453125
25 42 73 25 64 0.00390625
25 42 74 25 64 0.00390625
25 42 75 25 64 0.01123046875
25 42 76 25 64 0.00390625
25 42 77 25 64 0.00390625
25 42 78 25 65 0.00439453125
25 42 79 25 65 0.00390625
25 42 80 25 65 0.00390625
25 42 81 25 65 0.01123046875
25 42 82 25 65 0.00390625
25 42 83 25 65 0.00390625
33 14 2 33 61 0.078125
33 14 3 33 62 0.078125
33 14 4 33 63 0.078125
33 14 5 33 64 0.078125
33 14 6 33 65 0.078125
33 14 7 33 6 0.234375
33 14 8 33 7 0.234375
33 14 12 33 11 0.140625
33 29 0 33 29 1.0
33 36 0 33 24 0.046875
33 36 2 33 55 0.03125
33 36 3 33 27 0.0625
33 36 4 33 30 0.0625
33 36 6 33 53 0.03125
33 36 7 33 52 0.03125
33 36 8 33 28 0.046875
33 36 9 33 26 0.046875
33 36 10 33 54 0.03125
33 36 12 33 57 0.03125
33 36 16 33 61 0.09375
33 36 17 33 62 0.09375
33 36 18 33 63 0.09375
33 36 19 33 64 0.078125
33 36 20 33 65 0.078125
33 36 21 33 6 0.046875
33 36 22 33 7 0.046875
33 36 26 33 11 0.046875
33 42 0 33 59 0.005859375
33 42 1 33 59 0.00634765625
33 42 2 33 59 0.00634765625
33 42 4 33 59 0.00634765625
33 42 5 33 59 0.00634765625
33 42 6 33 60 0.005859375
33 42 7 33 60 0.00634765625
33 42 8 33 60 0.00634765625
33 42 10 33 60 0.00634765625
33 42 11 33 60 0.00634765625
33 42 12 33 61 0.002197265625
33 42 13 33 61 0.001953125
33 42 14 33 61 0.001953125
33 42 15 33 61 0.005615234375
33 42 16 33 61 0.001953125
33 42 17 33 61 0.001953125
33 42 18 33 62 0.002197265625
33 42 19 33 62 0.001953125
33 42 20 33 62 0.001953125
33 42 21 33 62 0.005615234375
33 42 22 33 62 0.001953125
33 42 23 33 62 0.001953125
33 42 24 33 63 0.002197265625
33 42 25 33 63 0.001953125
33 42 26 33 63 0.001953125
33 42 27 33 63 0.005615234375
33 42 28 33 63 0.001953125
33 42 29 33 63 0.001953125
33 42 30 33 64 0.002197265625
33 42 31 33 64 0.001953125
33 42 32 33 64 0.001953125
33 42 33 33 64 0.005615234375
33 42 34 33 64 0.001953125
33 42 35 33 64 0.001953125
33 42 36 33 65 0.002197265625
33 42 37 33 65 0.001953125
33 42 38 33 65 0.001953125
33 42 39 33 65 0.005615234375
33 42 40 33 65 0.001953125
33 42 41 33 65 0.001953125
33 42 42 33 6 0.00439453125
33 42 43 33 6 0.005859375
33 42 44 33 6 0.005859375
33 42 45 33 6 0.017578125
33 42 46 33 6 0.00439453125
33 42 47 33 6 0.00439453125
33 42 48 33 6 0.00732421875
33 42 49 33 6 0.00732421875
33 42 50 33 6 0.00732421875
33 42 51 33 6 0.00732421875
33 42 52 33 6 0.00732421875
33 42 53 33 6 0.00732421875
33 42 54 33 6 0.00732421875
33 42 55 33 7 0.00439453125
33 42 56 33 7 0.005859375
33 42 57 33 7 0.005859375
33 42 58 33 7 0.017578125
33 42 59 33 7 0.00439453125
33 42 60 33 7 0.00439453125
33 42 61 33 7 0.00732421875
33 42 62 33 7 0.00732421875
33 42 63 33 7 0.00732421875
33 42 64 33 7 0.00732421875
33 42 65 33 7 0.00732421875
33 42 66 33 7 0.00732421875
33 42 67 33 7 0.00732421875
33 42 68 33 8 0.008056640625
33 42 69 33 8 0.008056640625
33 42 70 33 8 0.008056640625
33 42 72 33 8 0.008056640625
33 42 73 33 8 0.008056640625
33 42 74 33 8 0.018798828125
33 42 75 33 8 0.018798828125
33 42 76 33 8 0.018798828125
33 42 77 33 8 0.018798828125
33 42 78 33 8 0.018798828125
33 42 79 33 8 0.018798828125
33 42 80 33 8 0.018798828125
33 42 81 33 9 0.008056640625
33 42 82 33 9 0.008056640625
33 42 83 33 9 0.008056640625
33 42 85 33 9 0.008056640625
33 42 86 33 9 0.008056640625
33 42 87 33 9 0.018798828125
33 42 88 33 9 0.018798828125
33 42 89 33 9 0.018798828125
33 42 90 33 9 0.018798828125
33 42 91 33 9 0.018798828125
33 42 92 33 9 0.018798828125
33 42 93 33 9 0.018798828125
33 42 94 33 10 0.008056640625
33 42 95 33 10 0.008056640625
33 42 96 33 10 0.008056640625
33 42 98 33 10 0.008056640625
33 42 99 33 10 0.008056640625
33 42 100 33 10 0.018798828125
33 42 101 33 10 0.018798828125
33 42 102 33 10 0.018798828125
33 42 103 33 10 0.018798828125
33 42 104 33 10 0.018798828125
33 42 105 33 10 0.018798828125
33 42 106 33 10 0.018798828125
33 42 107 33 11 0.009765625
33 42 108 33 11 0.009765625
33 42 109 33 11 0.009765625
33 42 110 33 11 0.02197265625
33 42 111 33 11 0.009765625
33 42 112 33 11 0.009765625
33 42 113 33 11 0.01220703125
33 42 114 33 11 0.01220703125
33 42 115 33 11 0.01220703125
33 42 116 33 11 0.01220703125
33 42 117 33 11 0.01220703125
33 42 118 33 11 0.01220703125
33 42 119 33 11 0.01220703125
34 14 2 34 61 0.078125
34 14 3 34 62 0.078125
34 14 4 34 63 0.078125
34 14 5 34 64 0.078125
34 14 6 34 65 0.078125
34 14 7 34 6 0.234375
34 14 8 34 7 0.234375
34 14 12 34 11 0.140625
34 29 0 34 29 1.0
34 36 0 34 24 0.046875
34 36 2 34 55 0.03125
34 36 3 34 27 0.0625
34 36 4 34 30 0.0625
34 36 6 34 53 0.03125
34 36 7 34 52 0.03125
34 36 8 34 28 0.046875
34 36 9 34 26 0.046875
34 36 10 34 54 0.03125
34 36 12 34 57 0.03125
34 36 16 34 61 0.09375
34 36 17 34 62 0.09375
34 36 18 34 63 0.09375
34 36 19 34 64 0.078125
34 36 20 34 65 0.078125
34 36 21 34 6 0.046875
34 36 22 34 7 0.046875
34 36 26 34 11 0.046875
34 42 0 34 59 0.005859375
34 42 1 34 59 0.00634765625
34 42 2 34 59 0.00634765625
34 42 4 34 59 0.00634765625
34 42 5 34 59 0.00634765625
34 42 6 34 60 0.005859375
34 42 7 34 60 0.00634765625
34 42 8 34 60 0.00634765625
34 42 10 34 60 0.00634765625
34 42 11 34 60 0.00634765625
34 42 12 34 61 0.002197265625
34 42 13 34 61 0.001953125
34 42 14 34 61 0.001953125
34 42 15 34 61 0.005615234375
34 42 16 34 61 0.001953125
34 42 17 34 61 0.001953125
34 42 18 34 62 0.002197265625
34 42 19 34 62 0.001953125
34 42 20 34 62 0.001953125
34 42 21 34 62 0.005615234375
34 42 22 34 62 0.001953125
34 42 23 34 62 0.001953125
34 42 24 34 63 0.002197265625
34 42 25 34 63 0.001953125
34 42 26 34 63 0.001953125
34 42 27 34 63 0.005615234375
34 42 28 34 63 0.001953125
34 42 29 34 63 0.001953125
34 42 30 34 64 0.002197265625
34 42 31 34 64 0.001953125
34 42 32 34 64 0.001953125
34 42 33 34 64 0.005615234375
34 42 34 34 64 0.001953125
34 42 35 34 64 0.001953125
34 42 36 34 65 0.002197265625
34 42 37 34 65 0.001953125
34 42 38 34 65 0.001953125
34 42 39 34 65 0.005615234375
34 42 40 34 65 0.001953125
34 42 41 34 65 0.001953125
34 42 42 34 6 0.00439453125
34 42 43 34 6 0.005859375
34 42 44 34 6 0.005859375
34 42 45 34 6 0.017578125
34 42 46 34 6 0.00439453125
34 42 47 34 6 0.00439453125
34 42 48 34 6 0.00732421875
34 42 49 34 6 0.00732421875
34 42 50 34 6 0.00732421875
34 42 51 34 6 0.00732421875
34 42 52 34 6 0.00732421875
34 42 53 34 6 0.00732421875
34 42 54 34 6 0.00732421875
34 42 55 34 7 0.00439453125
34 42 56 34 7 0.005859375
34 42 57 34 7 0.005859375
34 42 58 34 7 0.017578125
34 42 59 34 7 0.00439453125
34 42 60 34 7 0.00439453125
34 42 61 34 7 0.00732421875
34 42 62 34 7 0.00732421875
34 42 63 34 7 0.00732421875
34 42 64 34 7 0.00732421875
34 42 65 34 7 0.00732421875
34 42 66 34 7 0.00732421875
34 42 67 34 7 0.00732421875
34 42 68 34 8 0.008056640625
34 42 69 34 8 0.008056640625
34 42 70 34 8 0.008056640625
34 42 72 34 8 0.008056640625
34 42 73 34 8 0.008056640625
34 42 74 34 8 0.018798828125
34 42 75 34 8 0.018798828125
34 42 76 34 8 0.018798828125
34 42 77 34 8 0.018798828125
34 42 78 34 8 0.018798828125
34 42 79 34 8 0.018798828125
34 42 80 34 8 0.018798828125
34 42 81 34 9 0.008056640625
34 42 82 34 9 0.008056640625
34 42 83 34 9 0.008056640625
34 42 85 34 9 0.008056640625
34 42 86 34 9 0.008056640625
34 42 87 34 9 0.018798828125
34 42 88 34 9 0.018798828125
34 42 89 34 9 0.018798828125
34 42 90 34 9 0.018798828125
34 42 91 34 9 0.018798828125
34 42 92 34 9 0.018798828125
34 42 93 34 9 0.018798828125
34 42 94 34 10 0.008056640625
34 42 95 34 10 0.008056640625
34 42 96 34 10 0.008056640625
34 42 98 34 10 0.008056640625
34 42 99 34 10 0.008056640625
34 42 100 34 10 0.018798828125
34 42 101 34 10 0.018798828125
34 42 102 34 10 0.018798828125
34 42 103 34 10 0.018798828125
34 42 104 34 10 0.018798828125
34 42 105 34 10 0.018798828125
34 42 106 34 10 0.018798828125
34 42 107 34 11 0.009765625
34 42 108 34 11 0.009765625
34 42 109 34 11 0.009765625
34 42 110 34 11 0.02197265625
34 42 111 34 11 0.009765625
34 42 112 34 11 0.009765625
34 42 113 34 11 0.01220703125
34 42 114 34 11 0.01220703125
34 42 115 34 11 0.01220703125
34 42 116 34 11 0.01220703125
34 42 117 34 11 0.01220703125
34 42 118 34 11 0.01220703125
34 42 119 34 11 0.01220703125
37 14 2 37 61 0.078125
37 14 3 37 62 0.078125
37 14 4 37 63 0.078125
37 14 5 37 64 0.078125
37 14 6 37 65 0.078125
37 14 7 37 6 0.234375
37 14 8 37 7 0.234375
37 14 12 37 11 0.140625
37 29 0 37 29 1.0
37 36 0 37 24 0.046875
37 36 2 37 55 0.03125
37 36 3 37 27 0.0625
37 36 4 37 30 0.0625
37 36 6 37 53 0.03125
37 36 7 37 52 0.03125
37 36 8 37 28 0.046875
37 36 9 37 26 0.046875
37 36 10 37 54 0.03125
37 36 12 37 57 0.03125
37 36 16 37 61 0.09375
37 36 17 37 62 0.09375
37 36 18 37 63 0.09375
37 36 19 37 64 0.078125
37 36 20 37 65 0.078125
37 36 21 37 6 0.046875
37 36 22 37 7 0.046875
37 36 26 37 11 0.046875
37 42 0 37 59 0.005859375
37 42 1 37 59 0.00634765625
37 42 2 37 59 0.00634765625
37 42 4 37 59 0.00634765625
37 42 5 37 59 0.00634765625
37 42 6 37 60 0.005859375
37 42 7 37 60 0.00634765625
37 42 8 37 60 0.00634765625
37 42 10 37 60 0.00634765625
37 42 11 37 60 0.00634765625
37 42 12 37 61 0.002197265625
37 42 13 37 61 0.001953125
37 42 14 37 61 0.001953125
37 42 15 37 61 0.005615234375
37 42 16 37 61 0.001953125
37 42 17 37 61 0.001953125
37 42 18 37 62 0.002197265625
37 42 19 37 62 0.001953125
37 42 20 37 62 0.001953125
37 42 21 37 62 0.005615234375
37 42 22 37 62 0.001953125
37 42 23 37 62 0.001953125
37 42 24 37 63 0.002197265625
37 42 25 37 63 0.001953125
37 42 26 37 63 0.001953125
37 42 27 37 63 0.005615234375
37 42 28 37 63 0.001953125
37 42 29 37 63 0.001953125
37 42 30 37 64 0.002197265625
37 42 31 37 64 0.001953125
37 42 32 37 64 0.001953125
37 42 33 37 64 0.005615234375
37 42 34 37 64 0.001953125
37 42 35 37 64 0.001953125
37 42 36 37 65 0.002197265625
37 42 37 37 65 0.001953125
37 42 38 37 65 0.001953125
37 42 39 37 65 0.005615234375
37 42 40 37 65 0.001953125
37 42 41 37 65 0.001953125
37 42 42 37 6 0.00439453125
37 42 43 37 6 0.005859375
37 42 44 37 6 0.005859375
37 42 45 37 6 0.017578125
37 42 46 37 6 0.00439453125
37 42 47 37 6 0.00439453125
37 42 48 37 6 0.00732421875
37 42 49 37 6 0.00732421875
37 42 50 37 6 0.00732421875
37 42 51 37 6 0.00732421875
37 42 52 37 6 0.00732421875
37 42 53 37 6 0.00732421875
37 42 54 37 6 0.00732421875
37 42 55 37 7 0.00439453125
37 42 56 37 7 0.005859375
37 42 57 37 7 0.005859375
37 42 58 37 7 0.017578125
37 42 59 37 7 0.00439453125
37 42 60 37 7 0.00439453125
37 42 61 37 7 0.00732421875
37 42 62 37 7 0.00732421875
37 42 63 37 7 0.00732421875
37 42 64 37 7 0.00732421875
37 42 65 37 7 0.00732421875
37 42 66 37 7 0.00732421875
37 42 67 37 7 0.00732421875
37 42 68 37 8 0.008056640625
37 42 69 37 8 0.008056640625
37 42 70 37 8 0.008056640625
37 42 72 37 8 0.008056640625
37 42 73 37 8 0.008056640625
37 42 74 37 8 0.018798828125
37 42 75 37 8 0.018798828125
37 42 76 37 8 0.018798828125
37 42 77 37 8 0.018798828125
37 42 78 37 8 0.018798828125
37 42 79 37 8 0.018798828125
37 42 80 37 8 0.018798828125
37 42 81 37 9 0.008056640625
37 42 82 37 9 0.008056640625
37 42 83 37 9 0.008056640625
37 42 85 37 9 0.008056640625
37 42 86 37 9 0.008056640625
37 42 87 37 9 0.018798828125
37 42 88 37 9 0.018798828125
37 42 89 37 9 0.018798828125
37 42 90 37 9 0.018798828125
37 42 91 37 9 0.018798828125
37 42 92 37 9 0.018798828125
37 42 93 37 9 0.018798828125
37 42 94 37 10 0.008056640625
37 42 95 37 10 0.008056640625
37 42 96 37 10 0.008056640625
37 42 98 37 10 0.008056640625
37 42 99 37 10 0.008056640625
37 42 100 37 10 0.018798828125
37 42 101 37 10 0.018798828125
37 42 102 37 10 0.018798828125
37 42 103 37 10 0.018798828125
37 42 104 37 10 0.018798828125
37 42 105 37 10 0.018798828125
37 42 106 37 10 0.018798828125
37 42 107 37 11 0.009765625
37 42 108 37 11 0.009765625
37 42 109 37 11 0.009765625
37 42 110 37 11 0.02197265625
37 42 111 37 11 0.009765625
37 42 112 37 11 0.009765625
37 42 113 37 11 0.01220703125
37 42 114 37 11 0.01220703125
37 42 115 37 11 0.01220703125
37 42 116 37 11 0.01220703125
37 42 117 37 11 0.01220703125
37 42 118 37 11 0.01220703125
37 42 119 37 11 0.01220703125
45 14 0 45 38 0.03125
45 14 1 45 39 0.03125
45 14 2 45 40 0.03125
45 14 3 45 41 0.046875
45 14 5 45 43 0.046875
45 14 6 45 44 0.046875
45 14 7 45 66 0.109375
45 14 8 45 67 0.109375
45 14 9 45 68 0.109375
45 14 10 45 69 0.109375
45 14 11 45 70 0.109375
45 14 12 45 71 0.109375
45 14 13 45 72 0.109375
45 29 1 45 75 0.0107421875
45 29 2 45 75 0.0107421875
45 29 3 45 75 0.009765625
45 29 7 45 76 0.0107421875
45 29 8 45 76 0.0107421875
45 29 9 45 76 0.009765625
45 29 13 45 74 0.0107421875
45 29 14 45 74 0.0107421875
45 29 15 45 74 0.009765625
45 29 19 45 79 0.0107421875
45 29 20 45 79 0.0107421875
45 29 21 45 79 0.009765625
45 29 25 45 77 0.0107421875
45 29 26 45 77 0.0107421875
45 29 27 45 77 0.009765625
45 29 31 45 78 0.039306640625
45 29 32 45 78 0.03759765625
45 29 33 45 78 0.032470703125
45 29 37 45 73 0.0107421875
45 29 38 45 73 0.0107421875
45 29 39 45 73 0.009765625
45 29 42 45 18 0.01953125
45 29 44 45 18 0.01953125
45 29 45 45 18 0.021484375
45 29 46 45 18 0.01953125
45 29 48 45 18 0.01953125
45 29 50 45 18 0.0078125
45 29 51 45 18 0.0078125
45 29 52 45 18 0.009765625
45 29 55 45 19 0.01953125
45 29 57 45 19 0.01953125
45 29 58 45 19 0.021484375
45 29 59 45 19 0.01953125
45 29 61 45 19 0.01953125
45 29 63 45 19 0.0078125
45 29 64 45 19 0.0078125
45 29 65 45 19 0.009765625
45 29 68 45 20 0.015380859375
45 29 70 45 20 0.015380859375
45 29 71 45 20 0.015380859375
45 29 72 45 20 0.015380859375
45 29 74 45 20 0.015380859375
45 29 76 45 20 0.01025390625
45 29 77 45 20 0.01025390625
45 29 78 45 20 0.011962890625
45 29 81 45 21 0.015380859375
45 29 83 45 21 0.015380859375
45 29 84 45 21 0.015380859375
45 29 85 45 21 0.015380859375
45 29 87 45 21 0.015380859375
45 29 89 45 21 0.01025390625
45 29 90 45 21 0.01025390625
45 29 91 45 21 0.011962890625
45 29 94 45 22 0.013671875
45 29 96 45 22 0.013671875
45 29 97 45 22 0.013671875
45 29 98 45 22 0.013671875
45 29 100 45 22 0.013671875
45 29 102 45 22 0.011962890625
45 29 103 45 22 0.011962890625
45 29 104 45 22 0.01708984375
45 29 107 45 23 0.01953125
45 29 109 45 23 0.01953125
45 29 110 45 23 0.021484375
45 29 111 45 23 0.01953125
45 29 113 45 23 0.01953125
45 29 115 45 23 0.0078125
45 29 116 45 23 0.0078125
45 29 117 45 23 0.009765625
45 36 0 45 18 0.01904296875
45 36 1 45 18 0.01904296875
45 36 2 45 18 0.017578125
45 36 3 45 18 0.01904296875
45 36 5 45 18 0.01904296875
45 36 7 45 19 0.01904296875
45 36 8 45 19 0.01904296875
45 36 9 45 19 0.017578125
45 36 10 45 19 0.01904296875
45 36 12 45 19 0.01904296875
45 36 14 45 20 0.01904296875
45 36 15 45 20 0.01904296875
45 36 16 45 20 0.017578125
45 36 17 45 20 0.01904296875
45 36 19 45 20 0.01904296875
45 36 21 45 21 0.01904296875
45 36 22 45 21 0.01904296875
45 36 23 45 21 0.017578125
45 36 24 45 21 0.01904296875
45 36 26 45 21 0.01904296875
45 36 28 45 22 0.01904296875
45 36 29 45 22 0.01904296875
45 36 30 45 22 0.017578125
45 36 31 45 22 0.01904296875
45 36 33 45 22 0.01904296875
45 36 35 45 23 0.01904296875
45 36 36 45 23 0.01904296875
45 36 37 45 23 0.017578125
45 36 38 45 23 0.01904296875
45 36 40 45 23 0.01904296875
45 36 42 45 66 0.0205078125
45 36 43 45 66 0.01953125
45 36 47 45 66 0.0224609375
45 36 48 45 67 0.0205078125
45 36 49 45 67 0.01953125
45 36 53 45 67 0.0224609375
45 36 54 45 68 0.0205078125
45 36 55 45 68 0.01953125
45 36 59 45 68 0.0224609375
45 36 60 45 69 0.0205078125
45 36 61 45 69 0.01953125
45 36 65 45 69 0.0224609375
45 36 66 45 70 0.0205078125
45 36 67 45 70 0.01953125
45 36 71 45 70 0.0224609375
45 36 72 45 71 0.0205078125
45 36 73 45 71 0.01953125
45 36 77 45 71 0.0224609375
45 36 78 45 72 0.0205078125
45 36 79 45 72 0.01953125
45 36 83 45 72 0.0224609375
45 42 0 45 42 1.0
49 14 0 49 38 0.03125
49 14 1 49 39 0.03125
49 14 2 49 40 0.03125
49 14 3 49 41 0.046875
49 14 5 49 43 0.046875
49 14 6 49 44 0.046875
49 14 7 49 66 0.109375
49 14 8 49 67 0.109375
49 14 9 49 68 0.109375
49 14 10 49 69 0.109375
49 14 11 49 70 0.109375
49 14 12 49 71 0.109375
49 14 13 49 72 0.109375
49 29 1 49 75 0.0107421875
49 29 2 49 75 0.0107421875
49 29 3 49 75 0.009765625
49 29 7 49 76 0.0107421875
49 29 8 49 76 0.0107421875
49 29 9 49 76 0.009765625
49 29 13 49 74 0.0107421875
49 29 14 49 74 0.0107421875
49 29 15 49 74 0.009765625
49 29 19 49 79 0.0107421875
49 29 20 49 79 0.0107421875
49 29 21 49 79 0.009765625
49 29 25 49 77 0.0107421875
49 29 26 49 77 0.0107421875
49 29 27 49 77 0.009765625
49 29 31 49 78 0.039306640625
49 29 32 49 78 0.03759765625
49 29 33 49 78 0.032470703125
49 29 37 49 73 0.0107421875
49 29 38 49 73 0.0107421875
49 29 39 49 73 0.009765625
49 29 42 49 18 0.01953125
49 29 44 49 18 0.01953125
49 29 45 49 18 0.021484375
49 29 46 49 18 0.01953125
49 29 48 49 18 0.01953125
49 29 50 49 18 0.0078125
49 29 51 49 18 0.0078125
49 29 52 49 18 0.009765625
49 29 55 49 19 0.01953125
49 29 57 49 19 0.01953125
49 29 58 49 19 0.021484375
49 29 59 49 19 0.01953125
49 29 61 49 19 0.01953125
49 29 63 49 19 0.0078125
49 29 64 49 19 0.0078125
49 29 65 49 19 0.009765625
49 29 68 49 20 0.015380859375
49 29 70 49 20 0.015380859375
49 29 71 49 20 0.015380859375
49 29 72 49 20 0.015380859375
49 29 74 49 20 0.015380859375
49 29 76 49 20 0.01025390625
49 29 77 49 20 0.01025390625
49 29 78 49 20 0.011962890625
49 29 81 49 21 0.015380859375
49 29 83 49 21 0.015380859375
49 29 84 49 21 0.015380859375
49 29 85 49 21 0.015380859375
49 29 87 49 21 0.015380859375
49 29 89 49 21 0.01025390625
49 29 90 49 21 0.01025390625
49 29 91 49 21 0.011962890625
49 29 94 49 22 0.013671875
49 29 96 49 22 0.013671875
49 29 97 49 22 0.013671875
49 29 98 49 22 0.013671875
49 29 100 49 22 0.013671875
49 29 102 49 22 0.011962890625
49 29 103 49 22 0.011962890625
49 29 104 49 22 0.01708984375
49 29 107 49 23 0.01953125
49 29 109 49 23 0.01953125
49 29 110 49 23 0.021484375
49 29 111 49 23 0.01953125
49 29 113 49 23 0.01953125
49 29 115 49 23 0.0078125
49 29 116 49 23 0.0078125
49 29 117 49 23 0.009765625
49 36 0 49 18 0.01904296875
49 36 1 49 18 0.01904296875
49 36 2 49 18 0.017578125
49 36 3 49 18 0.01904296875
49 36 5 49 18 0.01904296875
49 36 7 49 19 0.01904296875
49 36 8 49 19 0.01904296875
49 36 9 49 19 0.017578125
49 36 10 49 19 0.01904296875
49 36 12 49 19 0.01904296875
49 36 14 49 20 0.01904296875
49 36 15 49 20 0.01904296875
49 36 16 49 20 0.017578125
49 36 17 49 20 0.01904296875
49 36 19 49 20 0.01904296875
49 36 21 49 21 0.01904296875
49 36 22 49 21 0.01904296875
49 36 23 49 21 0.017578125
49 36 24 49 21 0.01904296875
49 36 26 49 21 0.01904296875
49 36 28 49 22 0.01904296875
49 36 29 49 22 0.01904296875
49 36 30 49 22 0.017578125
49 36 31 49 22 0.01904296875
49 36 33 49 22 0.01904296875
49 36 35 49 23 0.01904296875
49 36 36 49 23 0.01904296875
49 36 37 49 23 0.017578125
49 36 38 49 23 0.01904296875
49 36 40 49 23 0.01904296875
49 36 42 49 66 0.0205078125
49 36 43 49 66 0.01953125
49 36 47 49 66 0.0224609375
49 36 48 49 67 0.0205078125
49 36 49 49 67 0.01953125
49 36 53 49 67 0.0224609375
49 36 54 49 68 0.0205078125
49 36 55 49 68 0.01953125
49 36 59 49 68 0.0224609375
49 36 60 49 69 0.0205078125
49 36 61 49 69 0.01953125
49 36 65 49 69 0.0224609375
49 36 66 49 70 0.0205078125
49 36 67 49 70 0.01953125
49 36 71 49 70 0.0224609375
49 36 72 49 71 0.0205078125
49 36 73 49 71 0.01953125
49 36 77 49 71 0.0224609375
49 36 78 49 72 0.0205078125
49 36 79 49 72 0.01953125
49 36 83 49 72 0.0224609375
49 42 0 49 42 1.0
56 14 2 56 24 0.00634765625
56 14 3 56 24 0.00634765625
56 14 4 56 24 0.00634765625
56 14 5 56 24 0.005859375
56 14 6 56 24 0.00634765625
56 14 9 56 25 0.022216796875
56 14 10 56 25 0.022216796875
56 14 11 56 25 0.022216796875
56 14 12 56 25 0.0205078125
56 14 13 56 25 0.022216796875
56 14 16 56 27 0.022216796875
56 14 17 56 27 0.022216796875
56 14 18 56 27 0.022216796875
56 14 19 56 27 0.0205078125
56 14 20 56 27 0.022216796875
56 14 23 56 30 0.022216796875
56 14 24 56 30 0.022216796875
56 14 25 56 30 0.022216796875
56 14 26 56 30 0.0205078125
56 14 27 56 30 0.022216796875
56 14 37 56 28 0.00634765625
56 14 38 56 28 0.00634765625
56 14 39 56 28 0.00634765625
56 14 40 56 28 0.005859375
56 14 41 56 28 0.00634765625
56 14 44 56 26 0.00634765625
56 14 45 56 26 0.00634765625
56 14 46 56 26 0.00634765625
56 14 47 56 26 0.005859375
56 14 48 56 26 0.00634765625
56 14 51 56 31 0.015625
56 14 52 56 31 0.015625
56 14 53 56 31 0.015625
56 14 54 56 31 0.015625
56 14 55 56 31 0.015625
56 14 56 56 31 0.001953125
56 14 61 56 31 0.044921875
56 14 64 56 32 0.0078125
56 14 65 56 32 0.0078125
56 14 66 56 32 0.0078125
56 14 67 56 32 0.0078125
56 14 68 56 32 0.0078125
56 14 69 56 32 9.765625E-4
56 14 70 56 32 9.765625E-4
56 14 74 56 32 0.021484375
56 14 77 56 33 0.008544921875
56 14 78 56 33 0.008544921875
56 14 79 56 33 0.008544921875
56 14 80 56 33 0.008544921875
56 14 81 56 33 0.008544921875
56 14 82 56 33 0.025634765625
56 14 83 56 33 0.025634765625
56 14 87 56 33 0.015380859375
56 14 90 56 34 0.008544921875
56 14 91 56 34 0.008544921875
56 14 92 56 34 0.008544921875
56 14 93 56 34 0.008544921875
56 14 94 56 34 0.008544921875
56 14 95 56 34 0.025634765625
56 14 96 56 34 0.025634765625
56 14 100 56 34 0.015380859375
56 14 103 56 35 0.0078125
56 14 104 56 35 0.0078125
56 14 105 56 35 0.0078125
56 14 106 56 35 0.0078125
56 14 107 56 35 0.0078125
56 14 108 56 35 9.765625E-4
56 14 109 56 35 9.765625E-4
56 14 113 56 35 0.021484375
56 14 129 56 37 0.008544921875
56 14 130 56 37 0.008544921875
56 14 131 56 37 0.008544921875
56 14 132 56 37 0.008544921875
56 14 133 56 37 0.008544921875
56 14 134 56 37 0.025634765625
56 14 135 56 37 0.025634765625
56 14 139 56 37 0.015380859375
56 29 0 56 29 1.0
56 36 0 56 36 1.0
56 42 0 56 0 0.0087890625
56 42 1 56 0 0.0087890625
56 42 2 56 0 0.0087890625
56 42 3 56 0 0.0087890625
56 42 4 56 0 0.0087890625
56 42 5 56 0 0.0087890625
56 42 6 56 0 0.009765625
56 42 7 56 18 0.00341796875
56 42 8 56 18 0.00341796875
56 42 9 56 18 0.00341796875
56 42 10 56 18 0.00341796875
56 42 11 56 18 0.00341796875
56 42 12 56 18 0.00341796875
56 42 13 56 18 0.00341796875
56 42 15 56 18 0.01708984375
56 42 16 56 18 0.01708984375
56 42 17 56 18 0.01708984375
56 42 19 56 18 0.01708984375
56 42 20 56 18 0.01708984375
56 42 21 56 19 0.00341796875
56 42 22 56 19 0.00341796875
56 42 23 56 19 0.00341796875
56 42 24 56 19 0.00341796875
56 42 25 56 19 0.00341796875
56 42 26 56 19 0.00341796875
56 42 27 56 19 0.00341796875
56 42 29 56 19 0.01708984375
56 42 30 56 19 0.01708984375
56 42 31 56 19 0.01708984375
56 42 33 56 19 0.01708984375
56 42 34 56 19 0.01708984375
56 42 35 56 20 0.00341796875
56 42 36 56 20 0.00341796875
56 42 37 56 20 0.00341796875
56 42 38 56 20 0.00341796875
56 42 39 56 20 0.00341796875
56 42 40 56 20 0.00341796875
56 42 41 56 20 0.00341796875
56 42 43 56 20 0.01708984375
56 42 44 56 20 0.01708984375
56 42 45 56 20 0.01708984375
56 42 47 56 20 0.01708984375
56 42 48 56 20 0.01708984375
56 42 49 56 21 0.00341796875
56 42 50 56 21 0.00341796875
56 42 51 56 21 0.00341796875
56 42 52 56 21 0.00341796875
56 42 53 56 21 0.00341796875
56 42 54 56 21 0.00341796875
56 42 55 56 21 0.00341796875
56 42 57 56 21 0.01708984375
56 42 58 56 21 0.01708984375
56 42 59 56 21 0.01708984375
56 42 61 56 21 0.01708984375
56 42 62 56 21 0.01708984375
56 42 63 56 22 0.00341796875
56 42 64 56 22 0.00341796875
56 42 65 56 22 0.00341796875
56 42 66 56 22 0.00341796875
56 42 67 56 22 0.00341796875
56 42 68 56 22 0.00341796875
56 42 69 56 22 0.00341796875
56 42 71 56 22 0.01708984375
56 42 72 56 22 0.01708984375
56 42 73 56 22 0.01708984375
56 42 75 56 22 0.01708984375
56 42 76 56 22 0.01708984375
56 42 77 56 23 0.005859375
56 42 78 56 23 0.005859375
56 42 79 56 23 0.005859375
56 42 80 56 23 0.005859375
56 42 81 56 23 0.005859375
56 42 82 56 23 0.005859375
56 42 83 56 23 0.005859375
56 42 85 56 23 0.029296875
56 42 86 56 23 0.029296875
56 42 87 56 23 0.029296875
56 42 89 56 23 0.029296875
56 42 90 56 23 0.029296875
56 42 105 56 3 0.010986328125
56 42 106 56 3 0.010986328125
56 42 107 56 3 0.010986328125
56 42 108 56 3 0.010986328125
56 42 109 56 3 0.010986328125
56 42 110 56 3 0.010986328125
56 42 111 56 3 0.01220703125
56 42 112 56 4 0.0087890625
56 42 113 56 4 0.0087890625
56 42 114 56 4 0.0087890625
56 42 115 56 4 0.0087890625
56 42 116 56 4 0.0087890625
56 42 117 56 4 0.0087890625
56 42 118 56 4 0.009765625
56 42 119 56 5 0.0087890625
56 42 120 56 5 0.0087890625
56 42 121 56 5 0.0087890625
56 42 122 56 5 0.0087890625
56 42 123 56 5 0.0087890625
56 42 124 56 5 0.0087890625
56 42 125 56 5 0.009765625
58 14 2 58 24 0.00634765625
58 14 3 58 24 0.00634765625
58 14 4 58 24 0.00634765625
58 14 5 58 24 0.005859375
58 14 6 58 24 0.00634765625
58 14 9 58 25 0.022216796875
58 14 10 58 25 0.022216796875
58 14 11 58 25 0.022216796875
58 14 12 58 25 0.0205078125
58 14 13 58 25 0.022216796875
58 14 16 58 27 0.022216796875
58 14 17 58 27 0.022216796875
58 14 18 58 27 0.022216796875
58 14 19 58 27 0.0205078125
58 14 20 58 27 0.022216796875
58 14 23 58 30 0.022216796875
58 14 24 58 30 0.022216796875
58 14 25 58 30 0.022216796875
58 14 26 58 30 0.0205078125
58 14 27 58 30 0.022216796875
58 14 37 58 28 0.00634765625
58 14 38 58 28 0.00634765625
58 14 39 58 28 0.00634765625
58 14 40 58 28 0.005859375
58 14 41 58 28 0.00634765625
58 14 44 58 26 0.00634765625
58 14 45 58 26 0.00634765625
58 14 46 58 26 0.00634765625
58 14 47 58 26 0.005859375
58 14 48 58 26 0.00634765625
58 14 51 58 31 0.015625
58 14 52 58 31 0.015625
58 14 53 58 31 0.015625
58 14 54 58 31 0.015625
58 14 55 58 31 0.015625
58 14 56 58 31 0.001953125
58 14 61 58 31 0.044921875
58 14 64 58 32 0.0078125
58 14 65 58 32 0.0078125
58 14 66 58 32 0.0078125
58 14 67 58 32 0.0078125
58 14 68 58 32 0.0078125
58 14 69 58 32 9.765625E-4
58 14 70 58 32 9.765625E-4
58 14 74 58 32 0.021484375
58 14 77 58 33 0.008544921875
58 14 78 58 33 0.008544921875
58 14 79 58 33 0.008544921875
58 14 80 58 33 0.008544921875
58 14 81 58 33 0.008544921875
58 14 82 58 33 0.025634765625
58 14 83 58 33 0.025634765625
58 14 87 58 33 0.015380859375
58 14 90 58 34 0.008544921875
58 14 91 58 34 0.008544921875
58 14 92 58 34 0.008544921875
58 14 93 58 34 0.008544921875
58 14 94 58 34 0.008544921875
58 14 95 58 34 0.025634765625
58 14 96 58 34 0.025634765625
58 14 100 58 34 0.015380859375
58 14 103 58 35 0.0078125
58 14 104 58 35 0.0078125
58 14 105 58 35 0.0078125
58 14 106 58 35 0.0078125
58 14 107 58 35 0.0078125
58 14 108 58 35 9.765625E-4
58 14 109 58 35 9.765625E-4
58 14 113 58 35 0.021484375
58 14 129 58 37 0.008544921875
58 14 130 58 37 0.008544921875
58 14 131 58 37 0.008544921875
58 14 132 58 37 0.008544921875
58 14 133 58 37 0.008544921875
58 14 134 58 37 0.025634765625
58 14 135 58 37 0.025634765625
58 14 139 58 37 0.015380859375
58 29 0 58 29 1.0
58 36 0 58 36 1.0
58 42 0 58 0 0.0087890625
58 42 1 58 0 0.0087890625
58 42 2 58 0 0.0087890625
58 42 3 58 0 0.0087890625
58 42 4 58 0 0.0087890625
58 42 5 58 0 0.0087890625
58 42 6 58 0 0.009765625
58 42 7 58 18 0.00341796875
58 42 8 58 18 0.00341796875
58 42 9 58 18 0.00341796875
58 42 10 58 18 0.00341796875
58 42 11 58 18 0.00341796875
58 42 12 58 18 0.00341796875
58 42 13 58 18 0.00341796875
58 42 15 58 18 0.01708984375
58 42 16 58 18 0.01708984375
58 42 17 58 18 0.01708984375
58 42 19 58 18 0.01708984375
58 42 20 58 18 0.01708984375
58 42 21 58 19 0.00341796875
58 42 22 58 19 0.00341796875
58 42 23 58 19 0.00341796875
58 42 24 58 19 0.00341796875
58 42 25 58 19 0.00341796875
58 42 26 58 19 0.00341796875
58 42 27 58 19 0.00341796875
58 42 29 58 19 0.01708984375
58 42 30 58 19 0.01708984375
58 42 31 58 19 0.01708984375
58 42 33 58 19 0.01708984375
58 42 34 58 19 0.01708984375
58 42 35 58 20 0.00341796875
58 42 36 58 20 0.00341796875
58 42 37 58 20 0.00341796875
58 42 38 58 20 0.00341796875
58 42 39 58 20 0.00341796875
58 42 40 58 20 0.00341796875
58 42 41 58 20 0.00341796875
58 42 43 58 20 0.01708984375
58 42 44 58 20 0.01708984375
58 42 45 58 20 0.01708984375
58 42 47 58 20 0.01708984375
58 42 48 58 20 0.01708984375
58 42 49 58 21 0.00341796875
58 42 50 58 21 0.00341796875
58 42 51 58 21 0.00341796875
58 42 52 58 21 0.00341796875
58 42 53 58 21 0.00341796875
58 42 54 58 21 0.00341796875
58 42 55 58 21 0.00341796875
58 42 57 58 21 0.01708984375
58 42 58 58 21 0.01708984375
58 42 59 58 21 0.01708984375
58 42 61 58 21 0.01708984375
58 42 62 58 21 0.01708984375
58 42 63 58 22 0.00341796875
58 42 64 58 22 0.00341796875
58 42 65 58 22 0.00341796875
58 42 66 58 22 0.00341796875
58 42 67 58 22 0.00341796875
58 42 68 58 22 0.00341796875
58 42 69 58 22 0.00341796875
58 42 71 58 22 0.01708984375
58 42 72 58 22 0.01708984375
58 42 73 58 22 0.01708984375
58 42 75 58 22 0.01708984375
58 42 76 58 22 0.01708984375
58 42 77 58 23 0.005859375
58 42 78 58 23 0.005859375
58 42 79 58 23 0.005859375
58 42 80 58 23 0.005859375
58 42 81 58 23 0.005859375
58 42 82 58 23 0.005859375
58 42 83 58 23 0.005859375
58 42 85 58 23 0.029296875
58 42 86 58 23 0.029296875
58 42 87 58 23 0.029296875
58 42 89 58 23 0.029296875
58 42 90 58 23 0.029296875
58 42 91 58 1 0.006591796875
58 42 92 58 1 0.006591796875
58 42 93 58 1 0.006591796875
58 42 94 58 1 0.006591796875
58 42 95 58 1 0.006591796875
58 42 96 58 1 0.006591796875
58 42 97 58 1 0.00732421875
58 42 98 58 2 0.00439453125
58 42 99 58 2 0.00439453125
58 42 100 58 2 0.00439453125
58 42 101 58 2 0.00439453125
58 42 102 58 2 0.00439453125
58 42 103 58 2 0.00439453125
58 42 104 58 2 0.0048828125
58 42 112 58 4 0.0087890625
58 42 113 58 4 0.0087890625
58 42 114 58 4 0.0087890625
58 42 115 58 4 0.0087890625
58 42 116 58 4 0.0087890625
58 42 117 58 4 0.0087890625
58 42 118 58 4 0.009765625
58 42 119 58 5 0.0087890625
58 42 120 58 5 0.0087890625
58 42 121 58 5 0.0087890625
58 42 122 58 5 0.0087890625
58 42 123 58 5 0.0087890625
58 42 124 58 5 0.0087890625
58 42 125 58 5 0.009765625
59 14 0 59 14 1.0
59 29 0 59 29 1.0
59 36 0 59 36 1.0
59 42 0 59 16 0.1875
59 42 1 59 12 0.203125
59 42 2 59 13 0.203125
59 42 4 59 15 0.203125
59 42 5 59 17 0.203125
60 14 0 60 14 1.0
60 29 0 60 29 1.0
60 36 0 60 36 1.0
60 42 0 60 16 0.1875
60 42 1 60 12 0.203125
60 42 2 60 13 0.203125
60 42 4 60 15 0.203125
60 42 5 60 17 0.203125
