0_3375_10000_100_0_0 25 75 0.611907 0.276255 1.2722 9.78562 116.155 4.19157
0_3375_10000_100_0_0 25 75 50 881631 30781900500 34914.7 17632.6 615638010 4.2866e+09
0_3375_10000_100_1_1 25 75 0.611907 0.276255 1.2722 9.78562 116.155 4.19157
0_3375_10000_100_1_1 25 75 50 881631 30781900500 34914.7 17632.6 615638010 4.2866e+09
0_3375_10000_100_2_2 25 75 0.611646 0.27621 1.27371 9.82479 133.413 4.24261
0_3375_10000_100_2_2 25 75 50 879513 30894778500 35127.1 17590.3 617895570 4.42633e+09
0_3375_10000_100_3_3 25 75 0.568191 0.265353 1.11496 9.36551 80.5592 3.68558
0_3375_10000_100_3_3 25 75 50 879948 30569971500 34740.7 17599 611399430 4.06794e+09
0_3375_10000_100_4_4 25 75 0.601741 0.272813 1.24527 9.72069 140.022 4.14687
0_3375_10000_100_4_4 25 75 50 879143 30683328000 34901.4 17582.9 613666560 4.22412e+09
0_3375_10000_100_5_5 25 75 0.59161 0.270158 1.20639 9.55192 150.034 3.9561
0_3375_10000_100_5_5 25 75 50 880913 30900660000 35078 17618.3 618013200 4.45408e+09
0_3375_10000_100_6_6 25 75 0.586115 0.270771 1.18655 9.48134 81.4478 3.88779
0_3375_10000_100_6_6 25 75 50 877725 30764268000 35050 17554.5 615285360 4.22463e+09
0_3375_10000_100_7_7 25 75 0.60163 0.270915 1.23449 9.7619 82.6634 4.1224
0_3375_10000_100_7_7 25 75 50 880474 30702531000 34870.5 17609.5 614050620 4.34191e+09
0_3375_10000_100_8_8 25 75 0.593426 0.27117 1.19877 9.61579 110.09 3.9861
0_3375_10000_100_8_8 25 75 50 879877 30832618500 35042 17597.5 616652370 4.33376e+09
0_3375_10000_100_9_9 25 75 0.594131 0.270346 1.19823 9.67248 162.844 4.01938
0_3375_10000_100_9_9 25 75 50 880706 30678298500 34833.8 17614.1 613565970 4.26442e+09
