30_0_0_200_0_49 50 150 0.444136 0.111388 0.773001 10.0604 203.451 4.00453
30_0_0_200_0_49 50 150 100 970998 33829882500 34840.3 9709.98 338298825 1.14743e+09
30_0_0_200_50_99 50 150 0.447723 0.111297 0.754216 9.97718 400.04 3.92124
30_0_0_200_50_99 50 150 100 971104 33999361500 35011 9711.04 339993615 1.20048e+09
30_0_0_200_100_149 50 150 0.436399 0.111979 0.75996 9.87927 137.17 3.92155
30_0_0_200_100_149 50 150 100 971564 33914119500 34906.7 9715.64 339141195 1.18751e+09
30_0_0_200_150_199 50 150 0.431277 0.113663 0.784128 9.83813 184.434 3.95435
30_0_0_200_150_199 50 150 100 971447 34085166000 35087 9714.47 340851660 1.14402e+09
30_0_0_200_200_249 50 150 0.437034 0.113346 0.774996 9.85143 328.771 3.94311
30_0_0_200_200_249 50 150 100 972167 34052685000 35027.6 9721.67 340526850 1.17626e+09
30_0_0_200_250_299 50 150 0.434859 0.11329 0.778684 9.87939 156.955 3.97375
30_0_0_200_250_299 50 150 100 971609 33919705500 34910.9 9716.09 339197055 1.13333e+09
30_0_0_200_300_349 50 150 0.430476 0.111449 0.757852 9.85279 84.0583 3.9235
30_0_0_200_300_349 50 150 100 972059 33817965000 34790 9720.59 338179650 1.1418e+09
30_0_0_200_350_399 50 150 0.437656 0.111616 0.751954 9.89533 158.848 3.8638
30_0_0_200_350_399 50 150 100 972257 33859669500 34825.8 9722.57 338596695 1.18217e+09
30_0_0_200_400_449 50 150 0.421711 0.110722 0.728823 9.72287 100.339 3.73941
30_0_0_200_400_449 50 150 100 971929 33925975500 34905.8 9719.29 339259755 1.12203e+09
30_0_0_200_450_499 50 150 0.420759 0.110015 0.732987 9.62565 372.624 3.71432
30_0_0_200_450_499 50 150 100 972370 33600888000 34555.7 9723.7 336008880 1.07159e+09
