1_53125_100000_100_0_0 25 75 0.534092 0.174741 1.16418 9.98525 139.803 4.74892
1_53125_100000_100_0_0 25 75 50 321276 11153181000 34715.3 6425.52 223063620 1.34909e+09
1_53125_100000_100_1_1 25 75 0.534092 0.174741 1.16418 9.98525 139.803 4.74892
1_53125_100000_100_1_1 25 75 50 321276 11153181000 34715.3 6425.52 223063620 1.34909e+09
1_53125_100000_100_2_2 25 75 0.550089 0.178756 1.26995 10.1783 75.757 4.97195
1_53125_100000_100_2_2 25 75 50 321534 11205376500 34849.7 6430.68 224107530 1.34037e+09
1_53125_100000_100_3_3 25 75 0.554071 0.179004 1.26374 10.1954 90.0287 5.04297
1_53125_100000_100_3_3 25 75 50 321434 11245776000 34986.3 6428.68 224915520 1.44496e+09
1_53125_100000_100_4_4 25 75 0.554429 0.180019 1.29204 10.2952 84.8668 5.02606
1_53125_100000_100_4_4 25 75 50 321558 11276460000 35068.2 6431.16 225529200 1.43596e+09
1_53125_100000_100_5_5 25 75 0.549964 0.174974 1.22565 10.1883 140.024 4.89758
1_53125_100000_100_5_5 25 75 50 321544 11292055500 35118.2 6430.88 225841110 1.49071e+09
1_53125_100000_100_6_6 25 75 0.549657 0.18019 1.27206 10.1235 84.729 4.96364
1_53125_100000_100_6_6 25 75 50 320828 11254381500 35079.2 6416.56 225087630 1.39479e+09
1_53125_100000_100_7_7 25 75 0.576151 0.182005 1.41564 10.3708 76.0165 5.32443
1_53125_100000_100_7_7 25 75 50 320242 11195707500 34960.1 6404.84 223914150 1.43112e+09
1_53125_100000_100_8_8 25 75 0.552324 0.177391 1.24809 10.1366 122.106 4.93117
1_53125_100000_100_8_8 25 75 50 320639 11250948000 35089.1 6412.78 225018960 1.50718e+09
1_53125_100000_100_9_9 25 75 0.565372 0.17676 1.30149 10.3787 160.297 5.15037
1_53125_100000_100_9_9 25 75 50 320866 11205280500 34922 6417.32 224105610 1.41138e+09
