16_0_0_640_0_0 160 480 0.720781 0.113007 0.637691 10.8255 677.01 3.47676
16_0_0_640_0_0 160 480 320 664126 23170882500 34889.3 2075.39 7.2409e+07 5.34397e+08
16_0_0_640_1_1 160 480 0.720781 0.113007 0.637691 10.8255 677.01 3.47676
16_0_0_640_1_1 160 480 320 664126 23170882500 34889.3 2075.39 7.2409e+07 5.34397e+08
16_0_0_640_2_2 160 480 0.802771 0.112017 0.592837 10.1223 726.866 2.99165
16_0_0_640_2_2 160 480 320 663971 23182345500 34914.7 2074.91 7.24448e+07 5.83185e+08
16_0_0_640_3_3 160 480 0.829342 0.112315 0.607455 10.4476 730.301 3.17812
16_0_0_640_3_3 160 480 320 663740 23260207500 35044.2 2074.19 7.26881e+07 5.8476e+08
16_0_0_640_4_4 160 480 0.756282 0.111953 0.594083 9.98605 660.104 2.95941
16_0_0_640_4_4 160 480 320 663748 23303022000 35108.2 2074.21 7.28219e+07 5.34802e+08
16_0_0_640_5_5 160 480 0.881389 0.111792 0.600205 10.221 768.827 3.06029
16_0_0_640_5_5 160 480 320 663702 23156124000 34889.3 2074.07 7.23629e+07 5.88924e+08
16_0_0_640_6_6 160 480 0.763067 0.112598 0.62857 10.4395 703.607 3.29097
16_0_0_640_6_6 160 480 320 663270 23164515000 34924.7 2072.72 7.23891e+07 5.99632e+08
16_0_0_640_7_7 160 480 0.647557 0.112782 0.596312 10.0617 654.577 2.98011
16_0_0_640_7_7 160 480 320 662692 23185338000 34986.6 2070.91 7.24542e+07 5.09489e+08
16_0_0_640_8_8 160 480 0.750568 0.111482 0.574547 9.97976 694.829 2.83038
16_0_0_640_8_8 160 480 320 662881 23139007500 34906.7 2071.5 7.23094e+07 4.94639e+08
16_0_0_640_9_9 160 480 0.48749 0.113931 0.609675 9.83858 620.37 3.0135
16_0_0_640_9_9 160 480 320 663539 23175630000 34927.3 2073.56 7.24238e+07 4.05305e+08
