8_875_1000_1000_0_0 250 750 0.582711 0.13839 1.8939 10.0691 738.932 5.52252
8_875_1000_1000_0_0 250 750 500 656467 23071762500 35145.4 1312.93 46143525 4.08379e+08
8_875_1000_1000_1_1 250 750 0.582711 0.13839 1.8939 10.0691 738.932 5.52252
8_875_1000_1000_1_1 250 750 500 656467 23071762500 35145.4 1312.93 46143525 4.08379e+08
8_875_1000_1000_2_2 250 750 0.565395 0.137807 1.81887 9.92561 146.435 5.35033
8_875_1000_1000_2_2 250 750 500 654647 22589220000 34506 1309.29 45178440 3.68089e+08
8_875_1000_1000_3_3 250 750 0.574246 0.137664 1.85857 9.95161 409.666 5.38463
8_875_1000_1000_3_3 250 750 500 654401 22519881000 34413 1308.8 45039762 3.73426e+08
8_875_1000_1000_4_4 250 750 0.583592 0.138882 1.9356 9.95284 387.733 5.55352
8_875_1000_1000_4_4 250 750 500 653581 23128143000 35386.8 1307.16 46256286 4.1678e+08
8_875_1000_1000_5_5 250 750 0.573306 0.138559 1.85179 10.0568 102.205 5.42708
8_875_1000_1000_5_5 250 750 500 653126 22966999500 35164.7 1306.25 45933999 4.00317e+08
8_875_1000_1000_6_6 250 750 0.577178 0.138065 1.90614 10.0133 106.768 5.44794
8_875_1000_1000_6_6 250 750 500 653034 22609795500 34622.7 1306.07 45219591 4.02911e+08
8_875_1000_1000_7_7 250 750 0.564172 0.137932 1.76765 9.88785 121.668 5.33788
8_875_1000_1000_7_7 250 750 500 654164 22693578000 34691 1308.33 45387156 3.9324e+08
8_875_1000_1000_8_8 250 750 0.567618 0.1386 1.83186 9.981 129.356 5.41622
8_875_1000_1000_8_8 250 750 500 656051 22736187000 34656.1 1312.1 45472374 3.69183e+08
8_875_1000_1000_9_9 250 750 0.570175 0.137772 1.8423 9.93282 178.241 5.38016
8_875_1000_1000_9_9 250 750 500 652697 22589599500 34609.6 1305.39 45179199 3.76373e+08
