57_0_0_200_0_49 50 150 0.540081 0.094681 0.503431 10.4554 223.707 2.70871
57_0_0_200_0_49 50 150 100 1845327 64215081000 34798.8 18453.3 642150810 3.49734e+09
57_0_0_200_50_99 50 150 0.520232 0.0951397 0.492793 10.2023 229.685 2.52306
57_0_0_200_50_99 50 150 100 1845789 64379151000 34878.9 18457.9 643791510 3.38541e+09
57_0_0_200_100_149 50 150 0.537015 0.0942788 0.491595 10.2733 348.404 2.53045
57_0_0_200_100_149 50 150 100 1845792 64323108000 34848.5 18457.9 643231080 3.54862e+09
57_0_0_200_150_199 50 150 0.517898 0.0952005 0.496556 10.1036 299.522 2.52038
57_0_0_200_150_199 50 150 100 1847002 64625982000 34989.7 18470 646259820 3.43558e+09
57_0_0_200_200_249 50 150 0.525236 0.0952826 0.498116 10.1545 305.609 2.53342
57_0_0_200_200_249 50 150 100 1847664 64653783000 34992.2 18476.6 646537830 3.43947e+09
57_0_0_200_250_299 50 150 0.541126 0.0949047 0.498206 10.3709 216.286 2.65303
57_0_0_200_250_299 50 150 100 1809183 63226749000 34947.7 18091.8 632267490 3.37951e+09
57_0_0_200_300_349 50 150 0.54829 0.0949594 0.496919 10.3723 255.331 2.64908
57_0_0_200_300_349 50 150 100 1848119 64392858000 34842.4 18481.2 643928580 3.63645e+09
57_0_0_200_350_399 50 150 0.556665 0.0948535 0.503481 10.4555 313.321 2.66013
57_0_0_200_350_399 50 150 100 1848019 64545127500 34926.7 18480.2 645451275 3.68334e+09
57_0_0_200_400_449 50 150 0.534395 0.0954564 0.501867 10.2341 286.918 2.61954
57_0_0_200_400_449 50 150 100 1848522 64579095000 34935.5 18485.2 645790950 3.5292e+09
57_0_0_200_450_499 50 150 0.524589 0.0944725 0.493927 10.1081 315.905 2.49645
57_0_0_200_450_499 50 150 100 1847505 64072591500 34680.6 18475 640725915 3.40858e+09
