107_0_0_200_0_49 50 150 0.499585 0.15508 0.903662 10.0205 209.872 4.12145
107_0_0_200_0_49 50 150 100 3466793 120646245000 34800.5 34667.9 1206462450 6.82539e+09
107_0_0_200_50_99 50 150 0.491488 0.154712 0.896164 9.97109 420.472 4.03391
107_0_0_200_50_99 50 150 100 3466486 120476719500 34754.7 34664.9 1204767195 6.59711e+09
107_0_0_200_100_149 50 150 0.494694 0.154662 0.893648 9.95613 340.056 4.04676
107_0_0_200_100_149 50 150 100 3465316 120427507500 34752.2 34653.2 1204275075 6.92026e+09
107_0_0_200_150_199 50 150 0.500155 0.156041 0.918424 10.0342 178.474 4.14384
107_0_0_200_150_199 50 150 100 3466363 120900757500 34878.3 34663.6 1209007575 6.96448e+09
107_0_0_200_200_249 50 150 0.493149 0.155161 0.904205 9.95914 169.652 4.0806
107_0_0_200_200_249 50 150 100 3466829 120894468000 34871.8 34668.3 1208944680 6.75034e+09
107_0_0_200_250_299 50 150 0.493134 0.154648 0.896268 9.95709 264.594 4.05039
107_0_0_200_250_299 50 150 100 3397055 118073158500 34757.5 33970.6 1180731585 6.61131e+09
107_0_0_200_300_349 50 150 0.495413 0.15533 0.896947 9.94306 150.838 4.05333
107_0_0_200_300_349 50 150 100 3468503 120955293000 34872.5 34685 1209552930 7.05356e+09
107_0_0_200_350_399 50 150 0.496565 0.155399 0.909823 9.9742 155.652 4.08677
107_0_0_200_350_399 50 150 100 3469027 120657819000 34781.5 34690.3 1206578190 6.85924e+09
107_0_0_200_400_449 50 150 0.497674 0.155131 0.899114 9.9815 209.997 4.09435
107_0_0_200_400_449 50 150 100 3468777 120587742000 34763.8 34687.8 1205877420 6.90352e+09
107_0_0_200_450_499 50 150 0.488433 0.153898 0.887766 9.88499 234.963 4.01319
107_0_0_200_450_499 50 150 100 3467716 120215502000 34667.1 34677.2 1202155020 6.76609e+09
