7_875_1000_100_0_0 25 75 0.610159 0.105562 0.430092 9.71884 300.324 1.65369
7_875_1000_100_0_0 25 75 50 1238494 27428610000 22146.7 24769.9 548572200 9.44322e+08
7_875_1000_100_1_1 25 75 0.610159 0.105562 0.430092 9.71884 300.324 1.65369
7_875_1000_100_1_1 25 75 50 1238494 27428610000 22146.7 24769.9 548572200 9.44322e+08
7_875_1000_100_2_2 25 75 0.67102 0.105752 0.431783 10.0071 299.609 1.68968
7_875_1000_100_2_2 25 75 50 1238495 27428617500 22146.7 24769.9 548572350 9.87606e+08
7_875_1000_100_3_3 25 75 0.636578 0.106185 0.429861 9.70118 300.122 1.61155
7_875_1000_100_3_3 25 75 50 1238493 27428658000 22146.8 24769.9 548573160 9.19637e+08
7_875_1000_100_4_4 25 75 0.630884 0.105993 0.433305 9.91992 295.907 1.70873
7_875_1000_100_4_4 25 75 50 1238494 27428914500 22147 24769.9 548578290 9.44951e+08
7_875_1000_100_5_5 25 75 0.640392 0.106022 0.432112 9.77615 311.554 1.66107
7_875_1000_100_5_5 25 75 50 1238494 27428916000 22147 24769.9 548578320 9.41385e+08
7_875_1000_100_6_6 25 75 0.611841 0.10607 0.431779 9.89733 301.978 1.65745
7_875_1000_100_6_6 25 75 50 1238494 27428541000 22146.7 24769.9 548570820 8.87182e+08
7_875_1000_100_7_7 25 75 0.63104 0.105463 0.422422 9.58606 300.341 1.50296
7_875_1000_100_7_7 25 75 50 1238494 27428835000 22146.9 24769.9 548576700 9.47134e+08
7_875_1000_100_8_8 25 75 0.652579 0.105512 0.422355 9.67331 301.293 1.5375
7_875_1000_100_8_8 25 75 50 1238493 27428718000 22146.8 24769.9 548574360 9.4476e+08
7_875_1000_100_9_9 25 75 0.581207 0.105884 0.42538 9.39382 301.5 1.51983
7_875_1000_100_9_9 25 75 50 1238492 27428532000 22146.7 24769.8 548570640 8.36967e+08
