6_75_100_1000_0_0 250 750 0.528755 0.102758 1.57903 10.0799 990.048 5.29729
6_75_100_1000_0_0 250 750 500 499195 17556117000 35168.9 998.39 35112234 2.36251e+08
6_75_100_1000_1_1 250 750 0.528755 0.102758 1.57903 10.0799 990.048 5.29729
6_75_100_1000_1_1 250 750 500 499195 17556117000 35168.9 998.39 35112234 2.36251e+08
6_75_100_1000_2_2 250 750 0.507872 0.102704 1.58695 9.88381 305.327 5.19737
6_75_100_1000_2_2 250 750 500 497967 17197243500 34534.9 995.934 34394487 2.13608e+08
6_75_100_1000_3_3 250 750 0.497061 0.102704 1.56447 9.58957 105.841 5.00362
6_75_100_1000_3_3 250 750 500 497837 17152261500 34453.6 995.674 34304523 2.13213e+08
6_75_100_1000_4_4 250 750 0.50627 0.103409 1.62184 9.80853 99.9313 5.17952
6_75_100_1000_4_4 250 750 500 497026 17595645000 35401.9 994.052 35191290 2.30735e+08
6_75_100_1000_5_5 250 750 0.513792 0.103099 1.61371 10.0456 72.9061 5.25499
6_75_100_1000_5_5 250 750 500 496566 17458813500 35159.1 993.132 34917627 2.24225e+08
6_75_100_1000_6_6 250 750 0.514891 0.102734 1.58321 9.96209 83.327 5.18979
6_75_100_1000_6_6 250 750 500 496861 17176800000 34570.6 993.722 34353600 2.28507e+08
6_75_100_1000_7_7 250 750 0.514041 0.102704 1.47543 9.982 447.734 5.10667
6_75_100_1000_7_7 250 750 500 497513 17254902000 34682.3 995.026 34509804 2.26038e+08
6_75_100_1000_8_8 250 750 0.499307 0.102969 1.48774 9.92194 81.1421 5.0343
6_75_100_1000_8_8 250 750 500 499026 17326989000 34721.6 998.052 34653978 2.13114e+08
6_75_100_1000_9_9 250 750 0.506354 0.102704 1.59257 9.89233 100.02 5.16957
6_75_100_1000_9_9 250 750 500 496570 17212344000 34662.5 993.14 34424688 2.14975e+08
