45_0_0_1000_50_99 250 750 10.1585 7.12035 26.7353 63.9422 2539.85 37.1833
45_0_0_1000_50_99 250 750 500 2597305 78486699000 30218.5 5194.61 156973398 3.10852e+09
45_0_0_1000_100_149 250 750 10.1012 7.11677 26.7714 65.1491 2569.97 37.3994
45_0_0_1000_100_149 250 750 500 2586235 78908533500 30511 5172.47 157817067 3.20017e+09
45_0_0_1000_150_199 250 750 10.3566 7.12125 27.6041 70.0269 2330.68 39.0898
45_0_0_1000_150_199 250 750 500 2592130 80234070000 30952.9 5184.26 160468140 3.42689e+09
45_0_0_1000_200_249 250 750 10.2345 7.0933 26.6094 65.2648 2399.9 37.0994
45_0_0_1000_200_249 250 750 500 2598835 78665754000 30269.6 5197.67 157331508 3.2033e+09
45_0_0_1000_250_299 250 750 10.4215 7.12047 27.6301 70.2905 2139.86 39.5931
45_0_0_1000_250_299 250 750 500 2590285 79831011000 30819.4 5180.57 159662022 3.44715e+09
45_0_0_1000_300_349 250 750 10.2133 7.10063 26.8773 66.4442 2140.1 37.6201
45_0_0_1000_300_349 250 750 500 2583940 78529041000 30391.2 5167.88 157058082 3.19581e+09
45_0_0_1000_350_399 250 750 10.2936 7.15886 27.2169 65.992 2589.99 37.9018
45_0_0_1000_350_399 250 750 500 2604010 78404422500 30109.1 5208.02 156808845 3.07984e+09
45_0_0_1000_400_449 250 750 10.4071 7.12968 27.3746 70.0331 2499.94 38.847
45_0_0_1000_400_449 250 750 500 2596090 80236576500 30906.7 5192.18 160473153 3.48992e+09
45_0_0_1000_450_499 250 750 10.049 7.13781 26.679 62.1125 2371.27 36.9953
45_0_0_1000_450_499 250 750 500 2571340 79895205000 31071.4 5142.68 159790410 3.65249e+09
