18_0_0_100_0_0 25 75 0.564768 0.114253 0.652172 14.0517 69.8069 4.6626
18_0_0_100_0_0 25 75 50 13352 454140000 34012.9 267.04 9082800 4.53289e+07
18_0_0_100_1_1 25 75 0.564768 0.114253 0.652172 14.0517 69.8069 4.6626
18_0_0_100_1_1 25 75 50 13352 454140000 34012.9 267.04 9082800 4.53289e+07
18_0_0_100_2_2 25 75 0.698411 0.120231 1.07257 16.6397 56.2046 6.76835
18_0_0_100_2_2 25 75 50 13409 478888500 35714 268.18 9577770 4.16779e+07
18_0_0_100_3_3 25 75 0.46398 0.114566 0.664503 9.77351 56.6023 3.61761
18_0_0_100_3_3 25 75 50 13303 439873500 33065.7 266.06 8797470 3.83136e+07
18_0_0_100_4_4 25 75 1.09253 0.164443 3.91907 25.8259 94.5686 12.082
18_0_0_100_4_4 25 75 50 13237 505377000 38179.1 264.74 10107540 9.74158e+07
18_0_0_100_5_5 25 75 0.604014 0.127111 0.903874 14.7448 50.8112 5.90597
18_0_0_100_5_5 25 75 50 13450 488607000 36327.7 269 9772140 4.05478e+07
18_0_0_100_6_6 25 75 0.507351 0.11746 0.723677 10.7017 55.1619 4.40966
18_0_0_100_6_6 25 75 50 13425 475612500 35427.4 268.5 9512250 5.49232e+07
18_0_0_100_7_7 25 75 0.815329 0.133822 2.05024 19.2176 73.1055 8.28811
18_0_0_100_7_7 25 75 50 13351 473343000 35453.7 267.02 9466860 5.24639e+07
18_0_0_100_8_8 25 75 0.737971 0.122982 1.17366 18.835 73.5039 7.63351
18_0_0_100_8_8 25 75 50 13272 458554500 34550.5 265.44 9171090 5.47001e+07
18_0_0_100_9_9 25 75 0.649928 0.129928 0.975917 16.5652 63.1584 6.46646
18_0_0_100_9_9 25 75 50 13193 453661500 34386.5 263.86 9073230 5.50843e+07
