3_5_10_100_0_0 25 75 0.508475 0.180669 0.846002 9.80882 162.576 3.52563
3_5_10_100_0_0 25 75 50 1138003 40147974000 35279.3 22760.1 802959480 4.88304e+09
3_5_10_100_1_1 25 75 0.508475 0.180669 0.846002 9.80882 162.576 3.52563
3_5_10_100_1_1 25 75 50 1138003 40147974000 35279.3 22760.1 802959480 4.88304e+09
3_5_10_100_2_2 25 75 0.500875 0.179102 0.826778 9.6591 112.037 3.37577
3_5_10_100_2_2 25 75 50 1137762 39867448500 35040.2 22755.2 797348970 4.7633e+09
3_5_10_100_3_3 25 75 0.509896 0.179718 0.839986 9.84896 132.171 3.50332
3_5_10_100_3_3 25 75 50 1138679 39959508000 35092.9 22773.6 799190160 4.76027e+09
3_5_10_100_4_4 25 75 0.510701 0.1784 0.831626 9.90922 243.55 3.51749
3_5_10_100_4_4 25 75 50 1137733 39876030000 35048.7 22754.7 797520600 4.73714e+09
3_5_10_100_5_5 25 75 0.49142 0.17759 0.814383 9.59695 100.224 3.34078
3_5_10_100_5_5 25 75 50 1137896 39689533500 34879.8 22757.9 793790670 4.51506e+09
3_5_10_100_6_6 25 75 0.52358 0.180329 0.873076 9.98495 240.029 3.68705
3_5_10_100_6_6 25 75 50 1137978 40123780500 35258.8 22759.6 802475610 5.09371e+09
3_5_10_100_7_7 25 75 0.524191 0.18116 0.868339 9.99086 111.797 3.67396
3_5_10_100_7_7 25 75 50 1137776 40004404500 35160.2 22755.5 800088090 4.81455e+09
3_5_10_100_8_8 25 75 0.509389 0.17825 0.841569 9.89806 129.865 3.5445
3_5_10_100_8_8 25 75 50 1138170 39779407500 34950.3 22763.4 795588150 4.7005e+09
3_5_10_100_9_9 25 75 0.507413 0.179545 0.84176 9.8284 142.288 3.51885
3_5_10_100_9_9 25 75 50 1137518 39943383000 35114.5 22750.4 798867660 4.76172e+09
