0_490625_1000000_200_0 50 150 0.328712 0.172187 0.617272 4.88197 116.428 1.35225
0_490625_1000000_200_0 50 150 100 2189395 76439355000 34913.5 21894 764393550 2.93883e+09
0_490625_1000000_200_1 50 150 0.328712 0.172187 0.617272 4.88197 116.428 1.35225
0_490625_1000000_200_1 50 150 100 2189395 76439355000 34913.5 21894 764393550 2.93883e+09
0_490625_1000000_200_2 50 150 0.329322 0.171637 0.616709 4.87132 104.708 1.34156
0_490625_1000000_200_2 50 150 100 2189432 76357347000 34875.4 21894.3 763573470 2.99191e+09
0_490625_1000000_200_3 50 150 0.330067 0.173221 0.619354 4.95245 78.9956 1.35925
0_490625_1000000_200_3 50 150 100 2190816 76440658500 34891.4 21908.2 764406585 2.92078e+09
0_490625_1000000_200_4 50 150 0.332354 0.173376 0.622342 4.97586 100.94 1.37193
0_490625_1000000_200_4 50 150 100 2190138 76620360000 34984.3 21901.4 766203600 2.99518e+09
0_490625_1000000_200_5 50 150 0.329837 0.172597 0.619141 4.92069 93.0367 1.34844
0_490625_1000000_200_5 50 150 100 2188431 76515832500 34963.8 21884.3 765158325 2.96746e+09
0_490625_1000000_200_6 50 150 0.328776 0.173046 0.617298 4.87264 92.9914 1.34335
0_490625_1000000_200_6 50 150 100 2189431 76385512500 34888.3 21894.3 763855125 2.88468e+09
0_490625_1000000_200_7 50 150 0.332053 0.174299 0.622865 4.96621 86.5131 1.3717
0_490625_1000000_200_7 50 150 100 2189230 76554709500 34968.8 21892.3 765547095 3.01525e+09
0_490625_1000000_200_8 50 150 0.329427 0.172987 0.618964 4.84574 79.1299 1.34821
0_490625_1000000_200_8 50 150 100 2191482 76293265500 34813.5 21914.8 762932655 2.89504e+09
0_490625_1000000_200_9 50 150 0.327132 0.172026 0.614124 4.75214 79.8183 1.32141
0_490625_1000000_200_9 50 150 100 2189751 76274025000 34832.3 21897.5 762740250 2.93044e+09
