35_0_0_100_0_0 25 75 0.545853 0.148326 0.97108 10.9258 76.8313 4.63046
35_0_0_100_0_0 25 75 50 40523 1393545000 34389 810.46 27870900 1.59499e+08
35_0_0_100_1_1 25 75 0.545853 0.148326 0.97108 10.9258 76.8313 4.63046
35_0_0_100_1_1 25 75 50 40523 1393545000 34389 810.46 27870900 1.59499e+08
35_0_0_100_2_2 25 75 0.529308 0.140347 0.804121 10.4589 90.7997 4.05866
35_0_0_100_2_2 25 75 50 40291 1417344000 35177.7 805.82 28346880 1.54321e+08
35_0_0_100_3_3 25 75 0.429124 0.138269 0.703839 9.53333 56.1707 3.1578
35_0_0_100_3_3 25 75 50 40344 1348978500 33436.9 806.88 26979570 1.0869e+08
35_0_0_100_4_4 25 75 0.598017 0.142511 0.935355 11.5329 91.0833 4.70064
35_0_0_100_4_4 25 75 50 40367 1438836000 35643.9 807.34 28776720 1.93707e+08
35_0_0_100_5_5 25 75 0.556083 0.145536 0.861832 10.9184 66.271 4.3563
35_0_0_100_5_5 25 75 50 40289 1441573500 35780.8 805.78 28831470 1.62007e+08
35_0_0_100_6_6 25 75 0.471482 0.136901 0.739231 10.044 67.8481 3.52221
35_0_0_100_6_6 25 75 50 40248 1379910000 34285.2 804.96 27598200 1.34997e+08
35_0_0_100_7_7 25 75 0.520587 0.144519 0.859782 10.1421 82.8762 3.97848
35_0_0_100_7_7 25 75 50 40314 1390003500 34479.4 806.28 27800070 1.79957e+08
35_0_0_100_8_8 25 75 0.505578 0.134329 0.753958 10.4375 84.5585 3.96792
35_0_0_100_8_8 25 75 50 40438 1377895500 34074.3 808.76 27557910 1.41383e+08
35_0_0_100_9_9 25 75 0.412754 0.137939 0.706194 8.85557 62.8674 3.03066
35_0_0_100_9_9 25 75 50 40250 1370712000 34055 805 27414240 1.09798e+08
