0 1 0 0 18 0.015625
0 1 6 0 24 0.015625
0 1 7 0 25 0.015625
0 1 8 0 26 0.015625
0 1 9 0 27 0.03125
0 1 10 0 28 0.015625
0 1 11 0 29 0.015625
0 1 12 0 30 0.015625
0 1 20 0 73 0.03125
0 1 21 0 74 0.03125
0 1 22 0 75 0.03125
0 1 23 0 76 0.03125
0 1 24 0 77 0.03125
0 1 25 0 78 0.03125
0 1 26 0 79 0.03125
0 1 27 0 18 0.015625
0 1 28 0 18 0.015625
0 1 29 0 18 0.015625
0 1 30 0 18 0.015625
0 1 31 0 18 0.015625
0 1 32 0 18 0.015625
0 1 33 0 18 0.015625
0 1 34 0 18 0.015625
0 1 35 0 18 0.015625
0 1 37 0 18 0.015625
0 1 38 0 18 0.015625
0 1 39 0 18 0.015625
0 1 40 0 18 0.015625
0 1 118 0 25 0.015625
0 1 119 0 25 0.015625
0 1 120 0 25 0.015625
0 1 121 0 25 0.015625
0 1 122 0 25 0.015625
0 1 123 0 25 0.015625
0 1 124 0 25 0.015625
0 1 125 0 26 0.015625
0 1 126 0 26 0.015625
0 1 127 0 26 0.015625
0 1 128 0 26 0.015625
0 1 129 0 26 0.015625
0 1 130 0 26 0.015625
0 1 131 0 26 0.015625
0 1 153 0 30 0.015625
0 1 154 0 30 0.015625
0 1 155 0 30 0.015625
0 1 156 0 30 0.015625
0 1 157 0 30 0.015625
0 1 158 0 30 0.015625
0 1 159 0 30 0.015625
0 1 160 0 52 0.015625
0 1 173 0 53 0.015625
0 1 186 0 54 0.015625
0 1 199 0 55 0.015625
0 1 212 0 56 0.015625
0 1 225 0 57 0.015625
0 1 238 0 58 0.015625
1 2 0 1 18 0.015625
1 2 7 1 25 0.015625
1 2 8 1 26 0.015625
1 2 9 1 27 0.015625
1 2 10 1 28 0.015625
1 2 11 1 29 0.015625
1 2 12 1 30 0.015625
1 2 20 1 73 0.03125
1 2 21 1 74 0.03125
1 2 22 1 75 0.03125
1 2 23 1 76 0.03125
1 2 24 1 77 0.03125
1 2 25 1 78 0.03125
1 2 26 1 79 0.03125
1 2 27 1 18 0.015625
1 2 28 1 18 0.015625
1 2 29 1 18 0.015625
1 2 30 1 18 0.015625
1 2 31 1 18 0.015625
1 2 32 1 18 0.015625
1 2 33 1 18 0.015625
1 2 34 1 18 0.015625
1 2 35 1 18 0.015625
1 2 36 1 18 0.015625
1 2 37 1 18 0.015625
1 2 38 1 18 0.015625
1 2 39 1 18 0.015625
1 2 40 1 18 0.015625
1 2 118 1 25 0.015625
1 2 119 1 25 0.015625
1 2 120 1 25 0.015625
1 2 121 1 25 0.015625
1 2 122 1 25 0.015625
1 2 123 1 25 0.015625
1 2 124 1 25 0.015625
1 2 125 1 26 0.015625
1 2 126 1 26 0.015625
1 2 127 1 26 0.015625
1 2 128 1 26 0.015625
1 2 129 1 26 0.015625
1 2 130 1 26 0.015625
1 2 131 1 26 0.015625
1 2 137 1 27 0.015625
1 2 153 1 30 0.015625
1 2 154 1 30 0.015625
1 2 155 1 30 0.015625
1 2 156 1 30 0.015625
1 2 157 1 30 0.015625
1 2 158 1 30 0.015625
1 2 159 1 30 0.015625
1 2 160 1 52 0.015625
1 2 173 1 53 0.015625
1 2 186 1 54 0.015625
1 2 199 1 55 0.015625
1 2 212 1 56 0.015625
1 2 225 1 57 0.015625
1 2 238 1 58 0.015625
2 0 0 2 18 0.015625
2 0 6 2 24 0.015625
2 0 7 2 25 0.015625
2 0 8 2 26 0.015625
2 0 9 2 27 0.015625
2 0 10 2 28 0.015625
2 0 11 2 29 0.015625
2 0 12 2 30 0.015625
2 0 20 2 73 0.015625
2 0 21 2 74 0.015625
2 0 22 2 75 0.015625
2 0 23 2 76 0.015625
2 0 24 2 77 0.015625
2 0 25 2 78 0.015625
2 0 26 2 79 0.015625
2 0 34 2 18 0.015625
2 0 35 2 18 0.015625
2 0 36 2 18 0.015625
2 0 37 2 18 0.015625
2 0 38 2 18 0.015625
2 0 39 2 18 0.015625
2 0 40 2 18 0.015625
2 0 118 2 25 0.015625
2 0 119 2 25 0.015625
2 0 120 2 25 0.015625
2 0 121 2 25 0.015625
2 0 122 2 25 0.015625
2 0 123 2 25 0.015625
2 0 124 2 25 0.015625
2 0 125 2 26 0.015625
2 0 126 2 26 0.015625
2 0 127 2 26 0.015625
2 0 128 2 26 0.015625
2 0 129 2 26 0.015625
2 0 130 2 26 0.015625
2 0 131 2 26 0.015625
2 0 132 2 27 0.015625
2 0 133 2 27 0.015625
2 0 134 2 27 0.015625
2 0 135 2 27 0.015625
2 0 136 2 27 0.015625
2 0 137 2 27 0.015625
2 0 138 2 27 0.015625
2 0 146 2 29 0.015625
2 0 147 2 29 0.015625
2 0 148 2 29 0.015625
2 0 149 2 29 0.015625
2 0 150 2 29 0.015625
2 0 151 2 29 0.015625
2 0 152 2 29 0.015625
2 0 153 2 30 0.015625
2 0 154 2 30 0.015625
2 0 155 2 30 0.015625
2 0 156 2 30 0.015625
2 0 157 2 30 0.015625
2 0 158 2 30 0.015625
2 0 159 2 30 0.015625
2 0 160 2 52 0.015625
2 0 173 2 53 0.015625
2 0 186 2 54 0.015625
2 0 199 2 55 0.015625
2 0 212 2 56 0.015625
2 0 225 2 57 0.015625
2 0 238 2 58 0.015625
2 3 0 2 18 0.015625
2 3 7 2 25 0.015625
2 3 8 2 26 0.015625
2 3 9 2 27 0.015625
2 3 10 2 28 0.015625
2 3 11 2 29 0.015625
2 3 12 2 30 0.015625
2 3 20 2 73 0.03125
2 3 21 2 74 0.03125
2 3 22 2 75 0.03125
2 3 23 2 76 0.03125
2 3 24 2 77 0.03125
2 3 25 2 78 0.03125
2 3 26 2 79 0.03125
2 3 27 2 18 0.015625
2 3 28 2 18 0.015625
2 3 29 2 18 0.015625
2 3 30 2 18 0.015625
2 3 31 2 18 0.015625
2 3 32 2 18 0.015625
2 3 33 2 18 0.015625
2 3 34 2 18 0.015625
2 3 118 2 25 0.015625
2 3 119 2 25 0.015625
2 3 120 2 25 0.015625
2 3 121 2 25 0.015625
2 3 122 2 25 0.015625
2 3 123 2 25 0.015625
2 3 124 2 25 0.015625
2 3 125 2 26 0.015625
2 3 126 2 26 0.015625
2 3 127 2 26 0.015625
2 3 128 2 26 0.015625
2 3 129 2 26 0.015625
2 3 130 2 26 0.015625
2 3 131 2 26 0.015625
2 3 132 2 27 0.015625
2 3 133 2 27 0.015625
2 3 134 2 27 0.015625
2 3 135 2 27 0.015625
2 3 136 2 27 0.015625
2 3 137 2 27 0.015625
2 3 138 2 27 0.015625
2 3 153 2 30 0.015625
2 3 154 2 30 0.015625
2 3 155 2 30 0.015625
2 3 156 2 30 0.015625
2 3 157 2 30 0.015625
2 3 158 2 30 0.015625
2 3 159 2 30 0.015625
2 3 160 2 52 0.015625
2 3 173 2 53 0.015625
2 3 186 2 54 0.015625
2 3 199 2 55 0.015625
2 3 212 2 56 0.015625
2 3 225 2 57 0.015625
2 3 238 2 58 0.015625
3 0 0 3 18 0.015625
3 0 6 3 24 0.015625
3 0 7 3 25 0.015625
3 0 8 3 26 0.015625
3 0 9 3 27 0.015625
3 0 10 3 28 0.015625
3 0 11 3 29 0.015625
3 0 12 3 30 0.015625
3 0 20 3 73 0.03125
3 0 21 3 74 0.03125
3 0 22 3 75 0.03125
3 0 23 3 76 0.03125
3 0 24 3 77 0.03125
3 0 25 3 78 0.03125
3 0 26 3 79 0.03125
3 0 34 3 18 0.015625
3 0 35 3 18 0.015625
3 0 36 3 18 0.015625
3 0 37 3 18 0.015625
3 0 38 3 18 0.015625
3 0 39 3 18 0.015625
3 0 40 3 18 0.015625
3 0 118 3 25 0.015625
3 0 119 3 25 0.015625
3 0 120 3 25 0.015625
3 0 121 3 25 0.015625
3 0 122 3 25 0.015625
3 0 123 3 25 0.015625
3 0 124 3 25 0.015625
3 0 125 3 26 0.015625
3 0 126 3 26 0.015625
3 0 127 3 26 0.015625
3 0 128 3 26 0.015625
3 0 129 3 26 0.015625
3 0 130 3 26 0.015625
3 0 131 3 26 0.015625
3 0 132 3 27 0.015625
3 0 133 3 27 0.015625
3 0 134 3 27 0.015625
3 0 135 3 27 0.015625
3 0 136 3 27 0.015625
3 0 137 3 27 0.015625
3 0 138 3 27 0.015625
3 0 153 3 30 0.015625
3 0 154 3 30 0.015625
3 0 155 3 30 0.015625
3 0 156 3 30 0.015625
3 0 157 3 30 0.015625
3 0 158 3 30 0.015625
3 0 159 3 30 0.015625
3 0 160 3 52 0.015625
3 0 173 3 53 0.015625
3 0 186 3 54 0.015625
3 0 199 3 55 0.015625
3 0 212 3 56 0.015625
3 0 225 3 57 0.015625
3 0 238 3 58 0.015625
3 4 7 3 25 0.015625
3 4 8 3 26 0.015625
3 4 9 3 27 0.015625
3 4 10 3 28 0.015625
3 4 11 3 29 0.015625
3 4 12 3 30 0.015625
3 4 16 3 55 0.015625
3 4 18 3 57 0.015625
3 4 20 3 73 0.015625
3 4 21 3 74 0.015625
3 4 22 3 75 0.015625
3 4 23 3 76 0.015625
3 4 24 3 77 0.015625
3 4 25 3 78 0.015625
3 4 26 3 79 0.015625
3 4 27 3 18 0.015625
3 4 28 3 18 0.015625
3 4 29 3 18 0.015625
3 4 30 3 18 0.015625
3 4 31 3 18 0.015625
3 4 32 3 18 0.015625
3 4 33 3 18 0.015625
3 4 118 3 25 0.015625
3 4 119 3 25 0.015625
3 4 120 3 25 0.015625
3 4 121 3 25 0.015625
3 4 122 3 25 0.015625
3 4 123 3 25 0.015625
3 4 124 3 25 0.015625
3 4 125 3 26 0.015625
3 4 126 3 26 0.015625
3 4 127 3 26 0.015625
3 4 128 3 26 0.015625
3 4 129 3 26 0.015625
3 4 130 3 26 0.015625
3 4 131 3 26 0.015625
3 4 132 3 27 0.015625
3 4 133 3 27 0.015625
3 4 134 3 27 0.015625
3 4 135 3 27 0.015625
3 4 136 3 27 0.015625
3 4 137 3 27 0.015625
3 4 138 3 27 0.015625
3 4 146 3 29 0.015625
3 4 147 3 29 0.015625
3 4 148 3 29 0.015625
3 4 149 3 29 0.015625
3 4 150 3 29 0.015625
3 4 151 3 29 0.015625
3 4 152 3 29 0.015625
3 4 153 3 30 0.015625
3 4 154 3 30 0.015625
3 4 155 3 30 0.015625
3 4 156 3 30 0.015625
3 4 157 3 30 0.015625
3 4 158 3 30 0.015625
3 4 159 3 30 0.015625
3 4 160 3 52 0.015625
3 4 173 3 53 0.015625
3 4 186 3 54 0.015625
3 4 199 3 55 0.015625
3 4 212 3 56 0.015625
3 4 225 3 57 0.015625
3 4 238 3 58 0.015625
4 5 0 4 18 0.015625
4 5 7 4 25 0.015625
4 5 8 4 26 0.015625
4 5 9 4 27 0.015625
4 5 10 4 28 0.015625
4 5 11 4 29 0.015625
4 5 12 4 30 0.015625
4 5 13 4 52 0.015625
4 5 14 4 53 0.015625
4 5 15 4 54 0.015625
4 5 16 4 55 0.015625
4 5 17 4 56 0.015625
4 5 18 4 57 0.015625
4 5 19 4 58 0.015625
4 5 20 4 73 0.015625
4 5 21 4 74 0.015625
4 5 22 4 75 0.015625
4 5 23 4 76 0.015625
4 5 24 4 77 0.015625
4 5 25 4 78 0.015625
4 5 26 4 79 0.015625
4 5 27 4 18 0.015625
4 5 28 4 18 0.015625
4 5 29 4 18 0.015625
4 5 30 4 18 0.015625
4 5 31 4 18 0.015625
4 5 32 4 18 0.015625
4 5 33 4 18 0.015625
4 5 34 4 18 0.015625
4 5 35 4 18 0.015625
4 5 36 4 18 0.015625
4 5 37 4 18 0.015625
4 5 38 4 18 0.015625
4 5 39 4 18 0.015625
4 5 40 4 18 0.015625
4 5 118 4 25 0.015625
4 5 119 4 25 0.015625
4 5 120 4 25 0.015625
4 5 121 4 25 0.015625
4 5 122 4 25 0.015625
4 5 123 4 25 0.015625
4 5 124 4 25 0.015625
4 5 125 4 26 0.015625
4 5 126 4 26 0.015625
4 5 127 4 26 0.015625
4 5 128 4 26 0.015625
4 5 129 4 26 0.015625
4 5 130 4 26 0.015625
4 5 131 4 26 0.015625
4 5 132 4 27 0.015625
4 5 133 4 27 0.015625
4 5 134 4 27 0.015625
4 5 135 4 27 0.015625
4 5 136 4 27 0.015625
4 5 137 4 27 0.015625
4 5 138 4 27 0.015625
4 5 153 4 30 0.015625
4 5 154 4 30 0.015625
4 5 155 4 30 0.015625
4 5 156 4 30 0.015625
4 5 157 4 30 0.015625
4 5 158 4 30 0.015625
4 5 159 4 30 0.015625
4 5 160 4 52 0.015625
5 6 21 5 25 0.015625
5 6 22 5 25 0.015625
5 6 23 5 25 0.015625
5 6 24 5 25 0.015625
5 6 25 5 25 0.015625
5 6 26 5 25 0.015625
5 6 27 5 25 0.015625
5 6 35 5 26 0.015625
5 6 36 5 26 0.015625
5 6 37 5 26 0.015625
5 6 38 5 26 0.015625
5 6 39 5 26 0.015625
5 6 40 5 26 0.015625
5 6 41 5 26 0.015625
5 6 49 5 27 0.015625
5 6 50 5 27 0.015625
5 6 51 5 27 0.015625
5 6 52 5 27 0.015625
5 6 53 5 27 0.015625
5 6 54 5 27 0.015625
5 6 55 5 27 0.015625
5 6 77 5 29 0.015625
5 6 91 5 30 0.015625
5 6 92 5 30 0.015625
5 6 93 5 30 0.015625
5 6 94 5 30 0.015625
5 6 95 5 30 0.015625
5 6 96 5 30 0.015625
5 6 97 5 30 0.015625
5 6 99 5 52 0.015625
5 6 100 5 52 0.015625
5 6 101 5 52 0.015625
5 6 102 5 52 0.015625
5 6 103 5 52 0.015625
5 6 106 5 53 0.015625
5 6 107 5 53 0.015625
5 6 108 5 53 0.015625
5 6 109 5 53 0.015625
5 6 110 5 53 0.015625
5 6 113 5 54 0.015625
5 6 114 5 54 0.015625
5 6 115 5 54 0.015625
5 6 116 5 54 0.015625
5 6 117 5 54 0.015625
5 6 120 5 55 0.015625
5 6 121 5 55 0.015625
5 6 122 5 55 0.015625
5 6 123 5 55 0.015625
5 6 124 5 55 0.015625
5 6 127 5 56 0.015625
5 6 128 5 56 0.015625
5 6 129 5 56 0.015625
5 6 130 5 56 0.015625
5 6 131 5 56 0.015625
5 6 134 5 57 0.015625
5 6 135 5 57 0.015625
5 6 136 5 57 0.015625
5 6 137 5 57 0.015625
5 6 138 5 57 0.015625
5 6 141 5 58 0.015625
5 6 142 5 58 0.015625
5 6 143 5 58 0.015625
5 6 144 5 58 0.015625
5 6 145 5 58 0.015625
6 0 75 6 36 0.015625
6 0 77 6 36 0.015625
6 0 78 6 36 0.015625
6 0 79 6 36 0.015625
6 0 80 6 36 0.015625
6 0 81 6 36 0.015625
6 0 82 6 36 0.015625
6 0 83 6 36 0.015625
6 0 84 6 37 0.015625
6 0 85 6 37 0.015625
6 0 86 6 37 0.015625
6 0 87 6 37 0.015625
6 0 88 6 37 0.015625
6 0 89 6 37 0.015625
6 0 90 6 37 0.015625
6 0 98 6 59 0.015625
6 0 99 6 59 0.015625
6 0 100 6 59 0.015625
6 0 101 6 59 0.015625
6 0 102 6 59 0.015625
6 0 103 6 59 0.015625
6 0 104 6 59 0.015625
6 0 105 6 60 0.015625
6 0 106 6 60 0.015625
6 0 107 6 60 0.015625
6 0 108 6 60 0.015625
6 0 109 6 60 0.015625
6 0 110 6 60 0.015625
6 0 111 6 60 0.015625
6 0 112 6 61 0.015625
6 0 113 6 61 0.015625
6 0 114 6 61 0.015625
6 0 115 6 61 0.015625
6 0 116 6 61 0.015625
6 0 117 6 61 0.015625
6 0 118 6 61 0.015625
6 0 119 6 62 0.015625
6 0 120 6 62 0.015625
6 0 121 6 62 0.015625
6 0 122 6 62 0.015625
6 0 123 6 62 0.015625
6 0 124 6 62 0.015625
6 0 125 6 62 0.015625
6 0 126 6 63 0.015625
6 0 127 6 63 0.015625
6 0 128 6 63 0.015625
6 0 129 6 63 0.015625
6 0 130 6 63 0.015625
6 0 131 6 63 0.015625
6 0 132 6 63 0.015625
6 0 133 6 64 0.015625
6 0 134 6 64 0.015625
6 0 135 6 64 0.015625
6 0 136 6 64 0.015625
6 0 137 6 64 0.015625
6 0 138 6 64 0.015625
6 0 139 6 64 0.015625
6 0 140 6 65 0.015625
6 0 141 6 65 0.015625
6 0 142 6 65 0.015625
6 0 143 6 65 0.015625
6 0 144 6 65 0.015625
6 0 145 6 65 0.015625
6 0 146 6 65 0.015625
6 7 6 6 31 0.015625
6 7 7 6 32 0.015625
6 7 8 6 33 0.015625
6 7 9 6 34 0.015625
6 7 10 6 35 0.015625
6 7 11 6 36 0.015625
6 7 12 6 37 0.015625
6 7 13 6 59 0.015625
6 7 14 6 60 0.015625
6 7 15 6 61 0.015625
6 7 16 6 62 0.015625
6 7 17 6 63 0.015625
6 7 18 6 64 0.015625
6 7 19 6 65 0.015625
6 7 20 6 66 0.015625
6 7 21 6 67 0.015625
6 7 22 6 68 0.015625
6 7 23 6 69 0.015625
6 7 24 6 70 0.015625
6 7 25 6 71 0.015625
6 7 26 6 72 0.015625
6 7 71 6 15 0.015625
6 7 76 6 15 0.015625
6 7 77 6 15 0.015625
6 7 78 6 15 0.015625
6 7 79 6 15 0.015625
6 7 80 6 15 0.015625
6 7 81 6 15 0.015625
6 7 82 6 15 0.015625
6 7 97 6 17 0.015625
6 7 98 6 17 0.015625
6 7 99 6 17 0.015625
6 7 100 6 17 0.015625
6 7 101 6 17 0.015625
6 7 102 6 17 0.015625
6 7 103 6 17 0.015625
6 7 153 6 37 0.015625
6 7 154 6 37 0.015625
6 7 155 6 37 0.015625
6 7 156 6 37 0.015625
6 7 157 6 37 0.015625
6 7 158 6 37 0.015625
6 7 159 6 37 0.015625
6 7 165 6 59 0.015625
6 7 166 6 59 0.015625
6 7 178 6 60 0.015625
6 7 179 6 60 0.015625
6 7 191 6 61 0.015625
6 7 192 6 61 0.015625
6 7 204 6 62 0.015625
6 7 205 6 62 0.015625
6 7 217 6 63 0.015625
6 7 218 6 63 0.015625
6 7 230 6 64 0.015625
6 7 231 6 64 0.015625
6 7 243 6 65 0.015625
6 7 244 6 65 0.015625
6 7 256 6 66 0.015625
6 7 262 6 67 0.015625
6 7 268 6 68 0.015625
6 7 274 6 69 0.015625
6 7 280 6 70 0.015625
6 7 286 6 71 0.015625
6 7 292 6 72 0.015625
7 2 21 7 32 0.015625
7 2 22 7 32 0.015625
7 2 23 7 32 0.015625
7 2 24 7 32 0.015625
7 2 25 7 32 0.015625
7 2 26 7 32 0.015625
7 2 27 7 32 0.015625
7 2 77 7 36 0.015625
7 2 78 7 36 0.015625
7 2 79 7 36 0.015625
7 2 80 7 36 0.015625
7 2 81 7 36 0.015625
7 2 82 7 36 0.015625
7 2 83 7 36 0.015625
7 2 85 7 37 0.015625
7 2 86 7 37 0.015625
7 2 87 7 37 0.015625
7 2 89 7 37 0.015625
7 2 90 7 37 0.015625
7 2 98 7 59 0.015625
7 2 99 7 59 0.015625
7 2 100 7 59 0.015625
7 2 101 7 59 0.015625
7 2 103 7 59 0.015625
7 2 104 7 59 0.015625
7 2 105 7 60 0.015625
7 2 106 7 60 0.015625
7 2 107 7 60 0.015625
7 2 108 7 60 0.015625
7 2 110 7 60 0.015625
7 2 111 7 60 0.015625
7 2 112 7 61 0.015625
7 2 113 7 61 0.015625
7 2 114 7 61 0.015625
7 2 115 7 61 0.015625
7 2 116 7 61 0.015625
7 2 117 7 61 0.015625
7 2 118 7 61 0.015625
7 2 119 7 62 0.015625
7 2 120 7 62 0.015625
7 2 121 7 62 0.015625
7 2 122 7 62 0.015625
7 2 124 7 62 0.015625
7 2 125 7 62 0.015625
7 2 126 7 63 0.015625
7 2 127 7 63 0.015625
7 2 128 7 63 0.015625
7 2 129 7 63 0.015625
7 2 130 7 63 0.015625
7 2 131 7 63 0.015625
7 2 132 7 63 0.015625
7 2 133 7 64 0.015625
7 2 134 7 64 0.015625
7 2 135 7 64 0.015625
7 2 136 7 64 0.015625
7 2 137 7 64 0.015625
7 2 138 7 64 0.015625
7 2 139 7 64 0.015625
7 2 140 7 65 0.015625
7 2 141 7 65 0.015625
7 2 142 7 65 0.015625
7 2 143 7 65 0.015625
7 2 145 7 65 0.015625
7 2 146 7 65 0.015625
7 8 6 7 31 0.015625
7 8 7 7 32 0.015625
7 8 8 7 33 0.015625
7 8 9 7 34 0.015625
7 8 10 7 35 0.015625
7 8 11 7 36 0.015625
7 8 12 7 37 0.015625
7 8 13 7 59 0.015625
7 8 14 7 60 0.015625
7 8 15 7 61 0.015625
7 8 16 7 62 0.015625
7 8 17 7 63 0.015625
7 8 18 7 64 0.015625
7 8 19 7 65 0.015625
7 8 20 7 66 0.03125
7 8 21 7 67 0.03125
7 8 22 7 68 0.03125
7 8 23 7 69 0.03125
7 8 24 7 70 0.03125
7 8 25 7 71 0.03125
7 8 26 7 72 0.03125
7 8 69 7 15 0.015625
7 8 70 7 15 0.015625
7 8 71 7 15 0.015625
7 8 72 7 15 0.015625
7 8 73 7 15 0.015625
7 8 74 7 15 0.015625
7 8 75 7 15 0.015625
7 8 97 7 17 0.015625
7 8 98 7 17 0.015625
7 8 99 7 17 0.015625
7 8 100 7 17 0.015625
7 8 101 7 17 0.015625
7 8 102 7 17 0.015625
7 8 103 7 17 0.015625
7 8 123 7 32 0.015625
7 8 146 7 36 0.015625
7 8 147 7 36 0.015625
7 8 148 7 36 0.015625
7 8 149 7 36 0.015625
7 8 150 7 36 0.015625
7 8 151 7 36 0.015625
7 8 152 7 36 0.015625
7 8 153 7 37 0.015625
7 8 154 7 37 0.015625
7 8 155 7 37 0.015625
7 8 156 7 37 0.015625
7 8 157 7 37 0.015625
7 8 158 7 37 0.015625
7 8 159 7 37 0.015625
7 8 165 7 59 0.015625
7 8 178 7 60 0.015625
7 8 191 7 61 0.015625
7 8 204 7 62 0.015625
7 8 217 7 63 0.015625
7 8 230 7 64 0.015625
7 8 243 7 65 0.015625
8 9 6 8 31 0.015625
8 9 7 8 32 0.015625
8 9 8 8 33 0.015625
8 9 9 8 34 0.015625
8 9 10 8 35 0.015625
8 9 11 8 36 0.015625
8 9 12 8 37 0.015625
8 9 13 8 59 0.015625
8 9 14 8 60 0.015625
8 9 15 8 61 0.015625
8 9 16 8 62 0.015625
8 9 17 8 63 0.015625
8 9 18 8 64 0.015625
8 9 19 8 65 0.015625
8 9 20 8 66 0.03125
8 9 21 8 67 0.03125
8 9 22 8 68 0.03125
8 9 23 8 69 0.03125
8 9 24 8 70 0.03125
8 9 25 8 71 0.03125
8 9 26 8 72 0.03125
8 9 97 8 17 0.015625
8 9 98 8 17 0.015625
8 9 99 8 17 0.015625
8 9 100 8 17 0.015625
8 9 101 8 17 0.015625
8 9 102 8 17 0.015625
8 9 103 8 17 0.015625
8 9 147 8 36 0.015625
8 9 153 8 37 0.015625
8 9 154 8 37 0.015625
8 9 155 8 37 0.015625
8 9 156 8 37 0.015625
8 9 157 8 37 0.015625
8 9 158 8 37 0.015625
8 9 159 8 37 0.015625
8 9 163 8 59 0.015625
8 9 165 8 59 0.015625
8 9 166 8 59 0.015625
8 9 176 8 60 0.015625
8 9 178 8 60 0.015625
8 9 179 8 60 0.015625
8 9 189 8 61 0.015625
8 9 191 8 61 0.015625
8 9 192 8 61 0.015625
8 9 202 8 62 0.015625
8 9 204 8 62 0.015625
8 9 205 8 62 0.015625
8 9 215 8 63 0.015625
8 9 217 8 63 0.015625
8 9 218 8 63 0.015625
8 9 228 8 64 0.015625
8 9 230 8 64 0.015625
8 9 231 8 64 0.015625
8 9 241 8 65 0.015625
8 9 243 8 65 0.015625
8 9 244 8 65 0.015625
9 7 6 9 31 0.015625
9 7 7 9 32 0.015625
9 7 8 9 33 0.015625
9 7 9 9 34 0.015625
9 7 10 9 35 0.015625
9 7 11 9 36 0.015625
9 7 12 9 37 0.015625
9 7 20 9 66 0.03125
9 7 21 9 67 0.03125
9 7 22 9 68 0.03125
9 7 23 9 69 0.03125
9 7 24 9 70 0.03125
9 7 25 9 71 0.03125
9 7 26 9 72 0.03125
9 7 97 9 17 0.015625
9 7 98 9 17 0.015625
9 7 99 9 17 0.015625
9 7 100 9 17 0.015625
9 7 101 9 17 0.015625
9 7 102 9 17 0.015625
9 7 103 9 17 0.015625
9 7 119 9 32 0.015625
9 7 146 9 36 0.015625
9 7 147 9 36 0.015625
9 7 148 9 36 0.015625
9 7 149 9 36 0.015625
9 7 150 9 36 0.015625
9 7 151 9 36 0.015625
9 7 152 9 36 0.015625
9 7 153 9 37 0.015625
9 7 154 9 37 0.015625
9 7 155 9 37 0.015625
9 7 156 9 37 0.015625
9 7 157 9 37 0.015625
9 7 158 9 37 0.015625
9 7 159 9 37 0.015625
9 7 165 9 59 0.015625
9 7 166 9 59 0.015625
9 7 178 9 60 0.015625
9 7 179 9 60 0.015625
9 7 191 9 61 0.015625
9 7 192 9 61 0.015625
9 7 204 9 62 0.015625
9 7 205 9 62 0.015625
9 7 217 9 63 0.015625
9 7 218 9 63 0.015625
9 7 230 9 64 0.015625
9 7 231 9 64 0.015625
9 7 243 9 65 0.015625
9 7 244 9 65 0.015625
9 7 256 9 66 0.015625
9 7 262 9 67 0.015625
9 7 268 9 68 0.015625
9 7 274 9 69 0.015625
9 7 280 9 70 0.015625
9 7 286 9 71 0.015625
9 7 292 9 72 0.015625
9 10 6 9 31 0.015625
9 10 7 9 32 0.015625
9 10 8 9 33 0.015625
9 10 9 9 34 0.015625
9 10 10 9 35 0.015625
9 10 11 9 36 0.015625
9 10 13 9 59 0.015625
9 10 14 9 60 0.015625
9 10 15 9 61 0.015625
9 10 16 9 62 0.015625
9 10 17 9 63 0.015625
9 10 18 9 64 0.015625
9 10 19 9 65 0.015625
9 10 20 9 66 0.015625
9 10 21 9 67 0.015625
9 10 22 9 68 0.015625
9 10 23 9 69 0.015625
9 10 24 9 70 0.015625
9 10 25 9 71 0.015625
9 10 26 9 72 0.015625
9 10 97 9 17 0.015625
9 10 98 9 17 0.015625
9 10 99 9 17 0.015625
9 10 100 9 17 0.015625
9 10 101 9 17 0.015625
9 10 102 9 17 0.015625
9 10 103 9 17 0.015625
9 10 118 9 32 0.015625
9 10 119 9 32 0.015625
9 10 120 9 32 0.015625
9 10 121 9 32 0.015625
9 10 122 9 32 0.015625
9 10 123 9 32 0.015625
9 10 124 9 32 0.015625
9 10 127 9 33 0.015625
9 10 131 9 33 0.015625
9 10 132 9 34 0.015625
9 10 133 9 34 0.015625
9 10 134 9 34 0.015625
9 10 135 9 34 0.015625
9 10 136 9 34 0.015625
9 10 137 9 34 0.015625
9 10 138 9 34 0.015625
9 10 139 9 35 0.015625
9 10 140 9 35 0.015625
9 10 141 9 35 0.015625
9 10 142 9 35 0.015625
9 10 143 9 35 0.015625
9 10 144 9 35 0.015625
9 10 145 9 35 0.015625
9 10 146 9 36 0.015625
9 10 147 9 36 0.015625
9 10 148 9 36 0.015625
9 10 149 9 36 0.015625
9 10 150 9 36 0.015625
9 10 151 9 36 0.015625
9 10 152 9 36 0.015625
9 10 153 9 37 0.015625
9 10 154 9 37 0.015625
9 10 155 9 37 0.015625
9 10 156 9 37 0.015625
9 10 157 9 37 0.015625
9 10 158 9 37 0.015625
9 10 159 9 37 0.015625
10 3 21 10 32 0.015625
10 3 22 10 32 0.015625
10 3 23 10 32 0.015625
10 3 24 10 32 0.015625
10 3 25 10 32 0.015625
10 3 26 10 32 0.015625
10 3 27 10 32 0.015625
10 3 37 10 33 0.015625
10 3 38 10 33 0.015625
10 3 39 10 33 0.015625
10 3 41 10 33 0.015625
10 3 77 10 36 0.015625
10 3 78 10 36 0.015625
10 3 79 10 36 0.015625
10 3 80 10 36 0.015625
10 3 81 10 36 0.015625
10 3 82 10 36 0.015625
10 3 83 10 36 0.015625
10 3 85 10 37 0.015625
10 3 87 10 37 0.015625
10 3 89 10 37 0.015625
10 3 90 10 37 0.015625
10 3 98 10 59 0.015625
10 3 99 10 59 0.015625
10 3 100 10 59 0.015625
10 3 101 10 59 0.015625
10 3 103 10 59 0.015625
10 3 104 10 59 0.015625
10 3 105 10 60 0.015625
10 3 106 10 60 0.015625
10 3 107 10 60 0.015625
10 3 108 10 60 0.015625
10 3 110 10 60 0.015625
10 3 111 10 60 0.015625
10 3 112 10 61 0.015625
10 3 113 10 61 0.015625
10 3 114 10 61 0.015625
10 3 115 10 61 0.015625
10 3 117 10 61 0.015625
10 3 118 10 61 0.015625
10 3 119 10 62 0.015625
10 3 120 10 62 0.015625
10 3 121 10 62 0.015625
10 3 122 10 62 0.015625
10 3 124 10 62 0.015625
10 3 125 10 62 0.015625
10 3 126 10 63 0.015625
10 3 127 10 63 0.015625
10 3 128 10 63 0.015625
10 3 129 10 63 0.015625
10 3 131 10 63 0.015625
10 3 132 10 63 0.015625
10 3 133 10 64 0.015625
10 3 134 10 64 0.015625
10 3 135 10 64 0.015625
10 3 136 10 64 0.015625
10 3 138 10 64 0.015625
10 3 139 10 64 0.015625
10 3 140 10 65 0.015625
10 3 141 10 65 0.015625
10 3 142 10 65 0.015625
10 3 143 10 65 0.015625
10 3 145 10 65 0.015625
10 3 146 10 65 0.015625
10 11 6 10 31 0.015625
10 11 7 10 32 0.015625
10 11 8 10 33 0.015625
10 11 9 10 34 0.015625
10 11 10 10 35 0.015625
10 11 11 10 36 0.015625
10 11 12 10 37 0.015625
10 11 13 10 59 0.015625
10 11 14 10 60 0.015625
10 11 15 10 61 0.015625
10 11 16 10 62 0.015625
10 11 17 10 63 0.015625
10 11 18 10 64 0.015625
10 11 19 10 65 0.015625
10 11 20 10 66 0.03125
10 11 21 10 67 0.03125
10 11 22 10 68 0.03125
10 11 23 10 69 0.03125
10 11 24 10 70 0.03125
10 11 25 10 71 0.03125
10 11 26 10 72 0.03125
10 11 69 10 15 0.015625
10 11 70 10 15 0.015625
10 11 71 10 15 0.015625
10 11 72 10 15 0.015625
10 11 73 10 15 0.015625
10 11 74 10 15 0.015625
10 11 75 10 15 0.015625
10 11 97 10 17 0.015625
10 11 98 10 17 0.015625
10 11 99 10 17 0.015625
10 11 100 10 17 0.015625
10 11 101 10 17 0.015625
10 11 102 10 17 0.015625
10 11 103 10 17 0.015625
10 11 141 10 35 0.015625
10 11 146 10 36 0.015625
10 11 147 10 36 0.015625
10 11 148 10 36 0.015625
10 11 149 10 36 0.015625
10 11 150 10 36 0.015625
10 11 151 10 36 0.015625
10 11 152 10 36 0.015625
10 11 153 10 37 0.015625
10 11 154 10 37 0.015625
10 11 155 10 37 0.015625
10 11 156 10 37 0.015625
10 11 157 10 37 0.015625
10 11 158 10 37 0.015625
10 11 159 10 37 0.015625
10 11 165 10 59 0.015625
10 11 178 10 60 0.015625
10 11 191 10 61 0.015625
10 11 204 10 62 0.015625
10 11 217 10 63 0.015625
10 11 230 10 64 0.015625
10 11 243 10 65 0.015625
11 12 0 11 12 0.03125
11 12 1 11 59 0.015625
11 12 2 11 60 0.015625
11 12 3 11 61 0.015625
11 12 4 11 62 0.015625
11 12 5 11 63 0.015625
11 12 6 11 64 0.015625
11 12 7 11 65 0.015625
11 12 8 11 66 0.015625
11 12 9 11 67 0.015625
11 12 10 11 68 0.015625
11 12 11 11 69 0.015625
11 12 12 11 70 0.015625
11 12 13 11 71 0.015625
11 12 14 11 72 0.015625
11 12 28 11 12 0.015625
11 12 29 11 12 0.015625
11 12 30 11 12 0.015625
11 12 31 11 12 0.015625
11 12 32 11 12 0.015625
11 12 33 11 12 0.015625
11 12 34 11 12 0.015625
11 12 163 11 17 0.015625
11 12 164 11 17 0.015625
11 12 165 11 17 0.015625
11 12 166 11 17 0.015625
11 12 167 11 17 0.015625
11 12 168 11 17 0.015625
11 12 169 11 17 0.015625
11 12 196 11 32 0.015625
11 12 198 11 32 0.015625
11 12 199 11 32 0.015625
11 12 200 11 32 0.015625
11 12 201 11 32 0.015625
11 12 202 11 32 0.015625
11 12 235 11 35 0.015625
11 12 236 11 35 0.015625
11 12 237 11 35 0.015625
11 12 238 11 35 0.015625
11 12 239 11 35 0.015625
11 12 240 11 35 0.015625
11 12 241 11 35 0.015625
11 12 248 11 36 0.015625
11 12 249 11 36 0.015625
11 12 250 11 36 0.015625
11 12 251 11 36 0.015625
11 12 252 11 36 0.015625
11 12 253 11 36 0.015625
11 12 254 11 36 0.015625
11 12 261 11 37 0.015625
11 12 262 11 37 0.015625
11 12 263 11 37 0.015625
11 12 264 11 37 0.015625
11 12 265 11 37 0.015625
11 12 266 11 37 0.015625
11 12 267 11 37 0.015625
11 12 316 11 66 0.015625
11 12 329 11 67 0.015625
11 12 342 11 68 0.015625
11 12 355 11 69 0.015625
11 12 368 11 70 0.015625
11 12 381 11 71 0.015625
11 12 394 11 72 0.015625
12 13 6 12 38 0.015625
12 13 7 12 39 0.015625
12 13 8 12 40 0.015625
12 13 9 12 41 0.015625
12 13 10 12 42 0.015625
12 13 11 12 43 0.015625
12 13 12 12 44 0.015625
12 13 13 12 59 0.015625
12 13 14 12 60 0.015625
12 13 15 12 61 0.015625
12 13 16 12 62 0.015625
12 13 17 12 63 0.015625
12 13 18 12 64 0.015625
12 13 19 12 65 0.015625
12 13 20 12 66 0.015625
12 13 21 12 67 0.015625
12 13 22 12 68 0.015625
12 13 23 12 69 0.015625
12 13 24 12 70 0.015625
12 13 25 12 71 0.015625
12 13 26 12 72 0.015625
12 13 34 12 6 0.015625
12 13 35 12 6 0.015625
12 13 36 12 6 0.015625
12 13 37 12 6 0.015625
12 13 38 12 6 0.015625
12 13 39 12 6 0.015625
12 13 40 12 6 0.015625
12 13 118 12 39 0.015625
12 13 119 12 39 0.015625
12 13 120 12 39 0.015625
12 13 121 12 39 0.015625
12 13 122 12 39 0.015625
12 13 123 12 39 0.015625
12 13 124 12 39 0.015625
12 13 125 12 40 0.015625
12 13 126 12 40 0.015625
12 13 127 12 40 0.015625
12 13 128 12 40 0.015625
12 13 129 12 40 0.015625
12 13 130 12 40 0.015625
12 13 131 12 40 0.015625
12 13 132 12 41 0.015625
12 13 139 12 42 0.015625
12 13 140 12 42 0.015625
12 13 141 12 42 0.015625
12 13 142 12 42 0.015625
12 13 143 12 42 0.015625
12 13 144 12 42 0.015625
12 13 145 12 42 0.015625
12 13 146 12 43 0.015625
12 13 147 12 43 0.015625
12 13 148 12 43 0.015625
12 13 149 12 43 0.015625
12 13 150 12 43 0.015625
12 13 151 12 43 0.015625
12 13 152 12 43 0.015625
12 13 153 12 44 0.015625
12 13 154 12 44 0.015625
12 13 155 12 44 0.015625
12 13 156 12 44 0.015625
12 13 157 12 44 0.015625
12 13 158 12 44 0.015625
12 13 159 12 44 0.015625
13 10 0 13 10 0.015625
13 10 1 13 59 0.015625
13 10 2 13 60 0.015625
13 10 3 13 61 0.015625
13 10 4 13 62 0.015625
13 10 5 13 63 0.015625
13 10 6 13 64 0.015625
13 10 7 13 65 0.015625
13 10 8 13 66 0.015625
13 10 9 13 67 0.015625
13 10 10 13 68 0.015625
13 10 11 13 69 0.015625
13 10 12 13 70 0.015625
13 10 13 13 71 0.015625
13 10 14 13 72 0.015625
13 10 196 13 39 0.015625
13 10 197 13 39 0.015625
13 10 198 13 39 0.015625
13 10 199 13 39 0.015625
13 10 200 13 39 0.015625
13 10 201 13 39 0.015625
13 10 202 13 39 0.015625
13 10 209 13 40 0.015625
13 10 210 13 40 0.015625
13 10 211 13 40 0.015625
13 10 212 13 40 0.015625
13 10 213 13 40 0.015625
13 10 214 13 40 0.015625
13 10 215 13 40 0.015625
13 10 222 13 41 0.015625
13 10 223 13 41 0.015625
13 10 224 13 41 0.015625
13 10 225 13 41 0.015625
13 10 226 13 41 0.015625
13 10 227 13 41 0.015625
13 10 228 13 41 0.015625
13 10 235 13 42 0.015625
13 10 236 13 42 0.015625
13 10 237 13 42 0.015625
13 10 238 13 42 0.015625
13 10 239 13 42 0.015625
13 10 240 13 42 0.015625
13 10 241 13 42 0.015625
13 10 248 13 43 0.015625
13 10 249 13 43 0.015625
13 10 250 13 43 0.015625
13 10 251 13 43 0.015625
13 10 252 13 43 0.015625
13 10 253 13 43 0.015625
13 10 254 13 43 0.015625
13 10 261 13 44 0.015625
13 10 262 13 44 0.015625
13 10 263 13 44 0.015625
13 10 264 13 44 0.015625
13 10 265 13 44 0.015625
13 10 266 13 44 0.015625
13 10 267 13 44 0.015625
13 10 274 13 59 0.015625
13 10 287 13 60 0.015625
13 10 300 13 61 0.015625
13 10 313 13 62 0.015625
13 10 326 13 63 0.015625
13 10 339 13 64 0.015625
13 10 352 13 65 0.015625
13 14 7 13 39 0.015625
13 14 8 13 40 0.015625
13 14 9 13 41 0.015625
13 14 10 13 42 0.015625
13 14 11 13 43 0.015625
13 14 13 13 59 0.015625
13 14 14 13 60 0.015625
13 14 15 13 61 0.015625
13 14 16 13 62 0.015625
13 14 17 13 63 0.015625
13 14 18 13 64 0.015625
13 14 19 13 65 0.015625
13 14 118 13 39 0.015625
13 14 119 13 39 0.015625
13 14 120 13 39 0.015625
13 14 121 13 39 0.015625
13 14 122 13 39 0.015625
13 14 123 13 39 0.015625
13 14 124 13 39 0.015625
13 14 125 13 40 0.015625
13 14 126 13 40 0.015625
13 14 127 13 40 0.015625
13 14 128 13 40 0.015625
13 14 129 13 40 0.015625
13 14 130 13 40 0.015625
13 14 131 13 40 0.015625
13 14 132 13 41 0.015625
13 14 135 13 41 0.015625
13 14 138 13 41 0.015625
13 14 139 13 42 0.015625
13 14 140 13 42 0.015625
13 14 141 13 42 0.015625
13 14 142 13 42 0.015625
13 14 143 13 42 0.015625
13 14 144 13 42 0.015625
13 14 145 13 42 0.015625
13 14 146 13 43 0.015625
13 14 147 13 43 0.015625
13 14 148 13 43 0.015625
13 14 149 13 43 0.015625
13 14 150 13 43 0.015625
13 14 151 13 43 0.015625
13 14 152 13 43 0.015625
13 14 153 13 44 0.015625
13 14 154 13 44 0.015625
13 14 155 13 44 0.015625
13 14 156 13 44 0.015625
13 14 157 13 44 0.015625
13 14 158 13 44 0.015625
13 14 159 13 44 0.015625
13 14 202 13 66 0.015625
13 14 203 13 66 0.015625
13 14 215 13 67 0.015625
13 14 216 13 67 0.015625
13 14 228 13 68 0.015625
13 14 229 13 68 0.015625
13 14 241 13 69 0.015625
13 14 242 13 69 0.015625
13 14 254 13 70 0.015625
13 14 255 13 70 0.015625
13 14 267 13 71 0.015625
13 14 268 13 71 0.015625
13 14 280 13 72 0.015625
13 14 281 13 72 0.015625
14 8 1 14 59 0.015625
14 8 2 14 60 0.015625
14 8 3 14 61 0.015625
14 8 4 14 62 0.015625
14 8 5 14 63 0.015625
14 8 6 14 64 0.015625
14 8 7 14 65 0.015625
14 8 8 14 66 0.015625
14 8 9 14 67 0.015625
14 8 10 14 68 0.015625
14 8 11 14 69 0.015625
14 8 12 14 70 0.015625
14 8 13 14 71 0.015625
14 8 14 14 72 0.015625
14 8 196 14 39 0.015625
14 8 197 14 39 0.015625
14 8 198 14 39 0.015625
14 8 199 14 39 0.015625
14 8 200 14 39 0.015625
14 8 201 14 39 0.015625
14 8 202 14 39 0.015625
14 8 209 14 40 0.015625
14 8 210 14 40 0.015625
14 8 211 14 40 0.015625
14 8 212 14 40 0.015625
14 8 213 14 40 0.015625
14 8 214 14 40 0.015625
14 8 215 14 40 0.015625
14 8 222 14 41 0.015625
14 8 223 14 41 0.015625
14 8 224 14 41 0.015625
14 8 225 14 41 0.015625
14 8 226 14 41 0.015625
14 8 227 14 41 0.015625
14 8 228 14 41 0.015625
14 8 235 14 42 0.015625
14 8 236 14 42 0.015625
14 8 237 14 42 0.015625
14 8 238 14 42 0.015625
14 8 239 14 42 0.015625
14 8 240 14 42 0.015625
14 8 241 14 42 0.015625
14 8 248 14 43 0.015625
14 8 249 14 43 0.015625
14 8 250 14 43 0.015625
14 8 251 14 43 0.015625
14 8 252 14 43 0.015625
14 8 253 14 43 0.015625
14 8 254 14 43 0.015625
14 8 261 14 44 0.015625
14 8 262 14 44 0.015625
14 8 263 14 44 0.015625
14 8 264 14 44 0.015625
14 8 265 14 44 0.015625
14 8 266 14 44 0.015625
14 8 267 14 44 0.015625
14 8 274 14 59 0.015625
14 8 287 14 60 0.015625
14 8 300 14 61 0.015625
14 8 313 14 62 0.015625
14 8 326 14 63 0.015625
14 8 339 14 64 0.015625
14 8 351 14 65 0.015625
14 8 352 14 65 0.015625
14 11 1 14 59 0.015625
14 11 2 14 60 0.015625
14 11 3 14 61 0.015625
14 11 4 14 62 0.015625
14 11 5 14 63 0.015625
14 11 6 14 64 0.015625
14 11 7 14 65 0.015625
14 11 8 14 66 0.015625
14 11 9 14 67 0.015625
14 11 10 14 68 0.015625
14 11 11 14 69 0.015625
14 11 12 14 70 0.015625
14 11 13 14 71 0.015625
14 11 14 14 72 0.015625
14 11 196 14 39 0.015625
14 11 197 14 39 0.015625
14 11 198 14 39 0.015625
14 11 199 14 39 0.015625
14 11 200 14 39 0.015625
14 11 201 14 39 0.015625
14 11 202 14 39 0.015625
14 11 209 14 40 0.015625
14 11 210 14 40 0.015625
14 11 211 14 40 0.015625
14 11 212 14 40 0.015625
14 11 213 14 40 0.015625
14 11 214 14 40 0.015625
14 11 215 14 40 0.015625
14 11 222 14 41 0.015625
14 11 223 14 41 0.015625
14 11 224 14 41 0.015625
14 11 225 14 41 0.015625
14 11 226 14 41 0.015625
14 11 227 14 41 0.015625
14 11 228 14 41 0.015625
14 11 235 14 42 0.015625
14 11 236 14 42 0.015625
14 11 237 14 42 0.015625
14 11 238 14 42 0.015625
14 11 239 14 42 0.015625
14 11 240 14 42 0.015625
14 11 241 14 42 0.015625
14 11 248 14 43 0.015625
14 11 249 14 43 0.015625
14 11 250 14 43 0.015625
14 11 251 14 43 0.015625
14 11 252 14 43 0.015625
14 11 253 14 43 0.015625
14 11 254 14 43 0.015625
14 11 261 14 44 0.015625
14 11 262 14 44 0.015625
14 11 263 14 44 0.015625
14 11 264 14 44 0.015625
14 11 265 14 44 0.015625
14 11 266 14 44 0.015625
14 11 267 14 44 0.015625
14 11 274 14 59 0.015625
14 11 286 14 60 0.015625
14 11 287 14 60 0.015625
14 11 300 14 61 0.015625
14 11 313 14 62 0.015625
14 11 326 14 63 0.015625
14 11 339 14 64 0.015625
14 11 352 14 65 0.015625
14 15 8 14 40 0.015625
14 15 9 14 41 0.015625
14 15 10 14 42 0.015625
14 15 13 14 59 0.015625
14 15 14 14 60 0.015625
14 15 15 14 61 0.015625
14 15 16 14 62 0.015625
14 15 17 14 63 0.015625
14 15 18 14 64 0.015625
14 15 19 14 65 0.015625
14 15 20 14 66 0.015625
14 15 21 14 67 0.015625
14 15 22 14 68 0.015625
14 15 23 14 69 0.015625
14 15 24 14 70 0.015625
14 15 25 14 71 0.015625
14 15 26 14 72 0.015625
14 15 118 14 39 0.015625
14 15 119 14 39 0.015625
14 15 120 14 39 0.015625
14 15 121 14 39 0.015625
14 15 122 14 39 0.015625
14 15 123 14 39 0.015625
14 15 124 14 39 0.015625
14 15 146 14 43 0.015625
14 15 147 14 43 0.015625
14 15 149 14 43 0.015625
14 15 150 14 43 0.015625
14 15 152 14 43 0.015625
14 15 153 14 44 0.015625
14 15 154 14 44 0.015625
14 15 155 14 44 0.015625
14 15 156 14 44 0.015625
14 15 157 14 44 0.015625
14 15 158 14 44 0.015625
14 15 159 14 44 0.015625
14 15 202 14 66 0.015625
14 15 203 14 66 0.015625
14 15 204 14 66 0.015625
14 15 206 14 66 0.015625
14 15 215 14 67 0.015625
14 15 216 14 67 0.015625
14 15 217 14 67 0.015625
14 15 219 14 67 0.015625
14 15 228 14 68 0.015625
14 15 229 14 68 0.015625
14 15 230 14 68 0.015625
14 15 232 14 68 0.015625
14 15 241 14 69 0.015625
14 15 242 14 69 0.015625
14 15 243 14 69 0.015625
14 15 245 14 69 0.015625
14 15 254 14 70 0.015625
14 15 255 14 70 0.015625
14 15 256 14 70 0.015625
14 15 258 14 70 0.015625
14 15 267 14 71 0.015625
14 15 268 14 71 0.015625
14 15 269 14 71 0.015625
14 15 271 14 71 0.015625
14 15 280 14 72 0.015625
14 15 281 14 72 0.015625
14 15 282 14 72 0.015625
14 15 284 14 72 0.015625
15 16 6 15 38 0.015625
15 16 7 15 39 0.015625
15 16 8 15 40 0.015625
15 16 9 15 41 0.015625
15 16 10 15 42 0.015625
15 16 11 15 43 0.015625
15 16 12 15 44 0.015625
15 16 13 15 59 0.015625
15 16 14 15 60 0.015625
15 16 15 15 61 0.015625
15 16 16 15 62 0.015625
15 16 17 15 63 0.015625
15 16 18 15 64 0.015625
15 16 19 15 65 0.015625
15 16 20 15 66 0.015625
15 16 21 15 67 0.015625
15 16 22 15 68 0.015625
15 16 23 15 69 0.015625
15 16 24 15 70 0.015625
15 16 25 15 71 0.015625
15 16 26 15 72 0.015625
15 16 34 15 6 0.015625
15 16 35 15 6 0.015625
15 16 36 15 6 0.015625
15 16 37 15 6 0.015625
15 16 38 15 6 0.015625
15 16 39 15 6 0.015625
15 16 40 15 6 0.015625
15 16 118 15 39 0.015625
15 16 119 15 39 0.015625
15 16 120 15 39 0.015625
15 16 121 15 39 0.015625
15 16 122 15 39 0.015625
15 16 123 15 39 0.015625
15 16 124 15 39 0.015625
15 16 125 15 40 0.015625
15 16 126 15 40 0.015625
15 16 127 15 40 0.015625
15 16 128 15 40 0.015625
15 16 129 15 40 0.015625
15 16 130 15 40 0.015625
15 16 131 15 40 0.015625
15 16 139 15 42 0.015625
15 16 146 15 43 0.015625
15 16 147 15 43 0.015625
15 16 148 15 43 0.015625
15 16 149 15 43 0.015625
15 16 150 15 43 0.015625
15 16 151 15 43 0.015625
15 16 152 15 43 0.015625
15 16 153 15 44 0.015625
15 16 154 15 44 0.015625
15 16 155 15 44 0.015625
15 16 156 15 44 0.015625
15 16 157 15 44 0.015625
15 16 158 15 44 0.015625
15 16 159 15 44 0.015625
15 16 208 15 66 0.015625
15 16 221 15 67 0.015625
15 16 234 15 68 0.015625
15 16 247 15 69 0.015625
15 16 260 15 70 0.015625
15 16 273 15 71 0.015625
15 16 286 15 72 0.015625
16 17 6 16 38 0.015625
16 17 7 16 39 0.015625
16 17 8 16 40 0.015625
16 17 9 16 41 0.015625
16 17 10 16 42 0.015625
16 17 11 16 43 0.015625
16 17 12 16 44 0.015625
16 17 13 16 59 0.03125
16 17 14 16 60 0.03125
16 17 15 16 61 0.03125
16 17 16 16 62 0.03125
16 17 17 16 63 0.03125
16 17 18 16 64 0.03125
16 17 19 16 65 0.03125
16 17 34 16 6 0.015625
16 17 35 16 6 0.015625
16 17 36 16 6 0.015625
16 17 37 16 6 0.015625
16 17 38 16 6 0.015625
16 17 39 16 6 0.015625
16 17 40 16 6 0.015625
16 17 118 16 39 0.015625
16 17 119 16 39 0.015625
16 17 120 16 39 0.015625
16 17 121 16 39 0.015625
16 17 122 16 39 0.015625
16 17 123 16 39 0.015625
16 17 124 16 39 0.015625
16 17 125 16 40 0.015625
16 17 126 16 40 0.015625
16 17 127 16 40 0.015625
16 17 128 16 40 0.015625
16 17 129 16 40 0.015625
16 17 130 16 40 0.015625
16 17 131 16 40 0.015625
16 17 139 16 42 0.015625
16 17 146 16 43 0.015625
16 17 147 16 43 0.015625
16 17 148 16 43 0.015625
16 17 149 16 43 0.015625
16 17 150 16 43 0.015625
16 17 151 16 43 0.015625
16 17 152 16 43 0.015625
16 17 153 16 44 0.015625
16 17 154 16 44 0.015625
16 17 155 16 44 0.015625
16 17 156 16 44 0.015625
16 17 157 16 44 0.015625
16 17 158 16 44 0.015625
16 17 159 16 44 0.015625
16 17 208 16 66 0.015625
16 17 221 16 67 0.015625
16 17 234 16 68 0.015625
16 17 247 16 69 0.015625
16 17 260 16 70 0.015625
16 17 273 16 71 0.015625
16 17 286 16 72 0.015625
17 18 21 17 39 0.015625
17 18 22 17 39 0.015625
17 18 23 17 39 0.015625
17 18 24 17 39 0.015625
17 18 25 17 39 0.015625
17 18 26 17 39 0.015625
17 18 27 17 39 0.015625
17 18 35 17 40 0.015625
17 18 36 17 40 0.015625
17 18 37 17 40 0.015625
17 18 38 17 40 0.015625
17 18 39 17 40 0.015625
17 18 40 17 40 0.015625
17 18 41 17 40 0.015625
17 18 49 17 41 0.015625
17 18 50 17 41 0.015625
17 18 51 17 41 0.015625
17 18 52 17 41 0.015625
17 18 53 17 41 0.015625
17 18 54 17 41 0.015625
17 18 55 17 41 0.015625
17 18 63 17 42 0.015625
17 18 64 17 42 0.015625
17 18 65 17 42 0.015625
17 18 66 17 42 0.015625
17 18 67 17 42 0.015625
17 18 68 17 42 0.015625
17 18 69 17 42 0.015625
17 18 77 17 43 0.015625
17 18 78 17 43 0.015625
17 18 79 17 43 0.015625
17 18 80 17 43 0.015625
17 18 81 17 43 0.015625
17 18 82 17 43 0.015625
17 18 83 17 43 0.015625
17 18 91 17 44 0.015625
17 18 92 17 44 0.015625
17 18 93 17 44 0.015625
17 18 94 17 44 0.015625
17 18 95 17 44 0.015625
17 18 96 17 44 0.015625
17 18 97 17 44 0.015625
17 18 102 17 66 0.015625
17 18 103 17 66 0.015625
17 18 104 17 66 0.015625
17 18 109 17 67 0.015625
17 18 110 17 67 0.015625
17 18 111 17 67 0.015625
17 18 116 17 68 0.015625
17 18 117 17 68 0.015625
17 18 118 17 68 0.015625
17 18 123 17 69 0.015625
17 18 124 17 69 0.015625
17 18 125 17 69 0.015625
17 18 130 17 70 0.015625
17 18 131 17 70 0.015625
17 18 132 17 70 0.015625
17 18 137 17 71 0.015625
17 18 138 17 71 0.015625
17 18 139 17 71 0.015625
17 18 142 17 72 0.015625
17 18 144 17 72 0.015625
17 18 145 17 72 0.015625
17 18 146 17 72 0.015625
18 19 6 18 45 0.015625
18 19 7 18 46 0.015625
18 19 8 18 47 0.015625
18 19 9 18 48 0.015625
18 19 10 18 49 0.015625
18 19 11 18 50 0.015625
18 19 12 18 51 0.015625
18 19 13 18 52 0.03125
18 19 14 18 53 0.03125
18 19 15 18 54 0.03125
18 19 16 18 55 0.03125
18 19 17 18 56 0.03125
18 19 18 18 57 0.03125
18 19 19 18 58 0.03125
18 19 134 18 48 0.015625
18 19 139 18 49 0.015625
18 19 140 18 49 0.015625
18 19 141 18 49 0.015625
18 19 142 18 49 0.015625
18 19 143 18 49 0.015625
18 19 144 18 49 0.015625
18 19 145 18 49 0.015625
18 19 146 18 50 0.015625
18 19 147 18 50 0.015625
18 19 148 18 50 0.015625
18 19 149 18 50 0.015625
18 19 150 18 50 0.015625
18 19 151 18 50 0.015625
18 19 152 18 50 0.015625
18 19 153 18 51 0.015625
18 19 154 18 51 0.015625
18 19 155 18 51 0.015625
18 19 156 18 51 0.015625
18 19 157 18 51 0.015625
18 19 158 18 51 0.015625
18 19 159 18 51 0.015625
18 19 212 18 73 0.015625
18 19 213 18 73 0.015625
18 19 214 18 73 0.015625
18 19 225 18 74 0.015625
18 19 226 18 74 0.015625
18 19 227 18 74 0.015625
18 19 238 18 75 0.015625
18 19 239 18 75 0.015625
18 19 240 18 75 0.015625
18 19 251 18 76 0.015625
18 19 252 18 76 0.015625
18 19 253 18 76 0.015625
18 19 264 18 77 0.015625
18 19 265 18 77 0.015625
18 19 266 18 77 0.015625
18 19 277 18 78 0.015625
18 19 278 18 78 0.015625
18 19 279 18 78 0.015625
18 19 290 18 79 0.015625
18 19 291 18 79 0.015625
18 19 292 18 79 0.015625
19 14 7 19 45 0.015625
19 14 8 19 45 0.015625
19 14 9 19 45 0.015625
19 14 10 19 45 0.015625
19 14 11 19 45 0.015625
19 14 12 19 45 0.015625
19 14 13 19 45 0.015625
19 14 21 19 46 0.015625
19 14 22 19 46 0.015625
19 14 23 19 46 0.015625
19 14 24 19 46 0.015625
19 14 25 19 46 0.015625
19 14 26 19 46 0.015625
19 14 27 19 46 0.015625
19 14 35 19 47 0.015625
19 14 36 19 47 0.015625
19 14 37 19 47 0.015625
19 14 38 19 47 0.015625
19 14 39 19 47 0.015625
19 14 40 19 47 0.015625
19 14 41 19 47 0.015625
19 14 49 19 48 0.015625
19 14 50 19 48 0.015625
19 14 51 19 48 0.015625
19 14 52 19 48 0.015625
19 14 53 19 48 0.015625
19 14 54 19 48 0.015625
19 14 55 19 48 0.015625
19 14 56 19 49 0.015625
19 14 63 19 49 0.015625
19 14 64 19 49 0.015625
19 14 65 19 49 0.015625
19 14 66 19 49 0.015625
19 14 67 19 49 0.015625
19 14 68 19 49 0.015625
19 14 69 19 49 0.015625
19 14 70 19 50 0.015625
19 14 77 19 50 0.015625
19 14 78 19 50 0.015625
19 14 79 19 50 0.015625
19 14 80 19 50 0.015625
19 14 81 19 50 0.015625
19 14 82 19 50 0.015625
19 14 83 19 50 0.015625
19 14 84 19 51 0.015625
19 14 91 19 51 0.015625
19 14 92 19 51 0.015625
19 14 93 19 51 0.015625
19 14 94 19 51 0.015625
19 14 95 19 51 0.015625
19 14 96 19 51 0.015625
19 14 97 19 51 0.015625
19 14 98 19 73 0.015625
19 14 104 19 73 0.015625
19 14 105 19 74 0.015625
19 14 111 19 74 0.015625
19 14 112 19 75 0.015625
19 14 118 19 75 0.015625
19 14 119 19 76 0.015625
19 14 125 19 76 0.015625
19 14 132 19 77 0.015625
19 14 139 19 78 0.015625
19 14 140 19 79 0.015625
19 14 146 19 79 0.015625
19 20 5 19 5 0.015625
19 20 6 19 45 0.015625
19 20 7 19 46 0.015625
19 20 8 19 47 0.015625
19 20 9 19 48 0.015625
19 20 10 19 49 0.015625
19 20 11 19 50 0.015625
19 20 12 19 51 0.015625
19 20 13 19 52 0.015625
19 20 14 19 53 0.015625
19 20 15 19 54 0.015625
19 20 16 19 55 0.015625
19 20 17 19 56 0.015625
19 20 18 19 57 0.015625
19 20 19 19 58 0.015625
19 20 90 19 4 0.015625
19 20 91 19 4 0.015625
19 20 92 19 4 0.015625
19 20 93 19 4 0.015625
19 20 94 19 4 0.015625
19 20 95 19 4 0.015625
19 20 96 19 4 0.015625
19 20 104 19 5 0.015625
19 20 105 19 5 0.015625
19 20 106 19 5 0.015625
19 20 107 19 5 0.015625
19 20 108 19 5 0.015625
19 20 109 19 5 0.015625
19 20 110 19 5 0.015625
19 20 140 19 49 0.015625
19 20 142 19 49 0.015625
19 20 144 19 49 0.015625
19 20 147 19 50 0.015625
19 20 148 19 50 0.015625
19 20 149 19 50 0.015625
19 20 154 19 51 0.015625
19 20 165 19 52 0.015625
19 20 171 19 53 0.015625
19 20 177 19 54 0.015625
19 20 183 19 55 0.015625
19 20 189 19 56 0.015625
19 20 195 19 57 0.015625
19 20 201 19 58 0.015625
19 20 212 19 73 0.015625
19 20 213 19 73 0.015625
19 20 214 19 73 0.015625
19 20 225 19 74 0.015625
19 20 226 19 74 0.015625
19 20 227 19 74 0.015625
19 20 238 19 75 0.015625
19 20 239 19 75 0.015625
19 20 240 19 75 0.015625
19 20 251 19 76 0.015625
19 20 252 19 76 0.015625
19 20 253 19 76 0.015625
19 20 264 19 77 0.015625
19 20 265 19 77 0.015625
19 20 266 19 77 0.015625
19 20 277 19 78 0.015625
19 20 278 19 78 0.015625
19 20 279 19 78 0.015625
19 20 290 19 79 0.015625
19 20 291 19 79 0.015625
19 20 292 19 79 0.015625
20 21 6 20 45 0.015625
20 21 7 20 46 0.015625
20 21 8 20 47 0.015625
20 21 9 20 48 0.015625
20 21 10 20 49 0.015625
20 21 11 20 50 0.015625
20 21 12 20 51 0.015625
20 21 13 20 52 0.03125
20 21 14 20 53 0.03125
20 21 15 20 54 0.03125
20 21 16 20 55 0.03125
20 21 17 20 56 0.03125
20 21 18 20 57 0.03125
20 21 19 20 58 0.03125
20 21 139 20 49 0.015625
20 21 140 20 49 0.015625
20 21 141 20 49 0.015625
20 21 142 20 49 0.015625
20 21 143 20 49 0.015625
20 21 144 20 49 0.015625
20 21 145 20 49 0.015625
20 21 146 20 50 0.015625
20 21 147 20 50 0.015625
20 21 148 20 50 0.015625
20 21 149 20 50 0.015625
20 21 150 20 50 0.015625
20 21 151 20 50 0.015625
20 21 152 20 50 0.015625
20 21 153 20 51 0.015625
20 21 154 20 51 0.015625
20 21 155 20 51 0.015625
20 21 156 20 51 0.015625
20 21 157 20 51 0.015625
20 21 158 20 51 0.015625
20 21 159 20 51 0.015625
20 21 212 20 73 0.015625
20 21 213 20 73 0.015625
20 21 214 20 73 0.015625
20 21 225 20 74 0.015625
20 21 226 20 74 0.015625
20 21 227 20 74 0.015625
20 21 233 20 75 0.015625
20 21 238 20 75 0.015625
20 21 239 20 75 0.015625
20 21 240 20 75 0.015625
20 21 251 20 76 0.015625
20 21 252 20 76 0.015625
20 21 253 20 76 0.015625
20 21 264 20 77 0.015625
20 21 265 20 77 0.015625
20 21 266 20 77 0.015625
20 21 277 20 78 0.015625
20 21 278 20 78 0.015625
20 21 279 20 78 0.015625
20 21 290 20 79 0.015625
20 21 291 20 79 0.015625
20 21 292 20 79 0.015625
21 22 6 21 45 0.015625
21 22 7 21 46 0.015625
21 22 8 21 47 0.015625
21 22 9 21 48 0.015625
21 22 10 21 49 0.015625
21 22 11 21 50 0.015625
21 22 12 21 51 0.015625
21 22 13 21 52 0.03125
21 22 14 21 53 0.03125
21 22 15 21 54 0.03125
21 22 16 21 55 0.03125
21 22 17 21 56 0.03125
21 22 18 21 57 0.03125
21 22 19 21 58 0.03125
21 22 139 21 49 0.015625
21 22 140 21 49 0.015625
21 22 141 21 49 0.015625
21 22 142 21 49 0.015625
21 22 143 21 49 0.015625
21 22 144 21 49 0.015625
21 22 145 21 49 0.015625
21 22 146 21 50 0.015625
21 22 147 21 50 0.015625
21 22 148 21 50 0.015625
21 22 149 21 50 0.015625
21 22 150 21 50 0.015625
21 22 151 21 50 0.015625
21 22 152 21 50 0.015625
21 22 153 21 51 0.015625
21 22 154 21 51 0.015625
21 22 155 21 51 0.015625
21 22 156 21 51 0.015625
21 22 157 21 51 0.015625
21 22 158 21 51 0.015625
21 22 159 21 51 0.015625
21 22 212 21 73 0.015625
21 22 213 21 73 0.015625
21 22 214 21 73 0.015625
21 22 225 21 74 0.015625
21 22 226 21 74 0.015625
21 22 227 21 74 0.015625
21 22 233 21 75 0.015625
21 22 238 21 75 0.015625
21 22 239 21 75 0.015625
21 22 240 21 75 0.015625
21 22 251 21 76 0.015625
21 22 252 21 76 0.015625
21 22 253 21 76 0.015625
21 22 264 21 77 0.015625
21 22 265 21 77 0.015625
21 22 266 21 77 0.015625
21 22 277 21 78 0.015625
21 22 278 21 78 0.015625
21 22 279 21 78 0.015625
21 22 290 21 79 0.015625
21 22 291 21 79 0.015625
21 22 292 21 79 0.015625
22 23 6 22 45 0.015625
22 23 7 22 46 0.015625
22 23 8 22 47 0.015625
22 23 9 22 48 0.015625
22 23 10 22 49 0.03125
22 23 11 22 50 0.03125
22 23 12 22 51 0.03125
22 23 13 22 52 0.03125
22 23 14 22 53 0.03125
22 23 15 22 54 0.03125
22 23 16 22 55 0.03125
22 23 17 22 56 0.03125
22 23 18 22 57 0.03125
22 23 19 22 58 0.03125
22 23 139 22 49 0.015625
22 23 140 22 49 0.015625
22 23 141 22 49 0.015625
22 23 142 22 49 0.015625
22 23 143 22 49 0.015625
22 23 144 22 49 0.015625
22 23 145 22 49 0.015625
22 23 146 22 50 0.015625
22 23 147 22 50 0.015625
22 23 148 22 50 0.015625
22 23 149 22 50 0.015625
22 23 150 22 50 0.015625
22 23 151 22 50 0.015625
22 23 152 22 50 0.015625
22 23 153 22 51 0.015625
22 23 154 22 51 0.015625
22 23 155 22 51 0.015625
22 23 156 22 51 0.015625
22 23 157 22 51 0.015625
22 23 158 22 51 0.015625
22 23 159 22 51 0.015625
22 23 212 22 73 0.015625
22 23 213 22 73 0.015625
22 23 214 22 73 0.015625
22 23 225 22 74 0.015625
22 23 226 22 74 0.015625
22 23 227 22 74 0.015625
22 23 238 22 75 0.015625
22 23 239 22 75 0.015625
22 23 240 22 75 0.015625
22 23 251 22 76 0.015625
22 23 252 22 76 0.015625
22 23 253 22 76 0.015625
22 23 264 22 77 0.015625
22 23 265 22 77 0.015625
22 23 266 22 77 0.015625
22 23 277 22 78 0.015625
22 23 278 22 78 0.015625
22 23 279 22 78 0.015625
22 23 290 22 79 0.015625
23 15 7 23 45 0.015625
23 15 8 23 45 0.015625
23 15 9 23 45 0.015625
23 15 10 23 45 0.015625
23 15 11 23 45 0.015625
23 15 12 23 45 0.015625
23 15 13 23 45 0.015625
23 15 21 23 46 0.015625
23 15 22 23 46 0.015625
23 15 23 23 46 0.015625
23 15 24 23 46 0.015625
23 15 25 23 46 0.015625
23 15 26 23 46 0.015625
23 15 27 23 46 0.015625
23 15 35 23 47 0.015625
23 15 36 23 47 0.015625
23 15 37 23 47 0.015625
23 15 38 23 47 0.015625
23 15 39 23 47 0.015625
23 15 40 23 47 0.015625
23 15 41 23 47 0.015625
23 15 42 23 48 0.015625
23 15 43 23 48 0.015625
23 15 44 23 48 0.015625
23 15 45 23 48 0.015625
23 15 46 23 48 0.015625
23 15 47 23 48 0.015625
23 15 48 23 48 0.015625
23 15 49 23 48 0.015625
23 15 50 23 48 0.015625
23 15 51 23 48 0.015625
23 15 52 23 48 0.015625
23 15 53 23 48 0.015625
23 15 54 23 48 0.015625
23 15 55 23 48 0.015625
23 15 56 23 49 0.015625
23 15 57 23 49 0.015625
23 15 63 23 49 0.015625
23 15 64 23 49 0.015625
23 15 65 23 49 0.015625
23 15 66 23 49 0.015625
23 15 67 23 49 0.015625
23 15 68 23 49 0.015625
23 15 69 23 49 0.015625
23 15 70 23 50 0.015625
23 15 71 23 50 0.015625
23 15 75 23 50 0.015625
23 15 77 23 50 0.015625
23 15 78 23 50 0.015625
23 15 79 23 50 0.015625
23 15 80 23 50 0.015625
23 15 81 23 50 0.015625
23 15 82 23 50 0.015625
23 15 83 23 50 0.015625
23 15 84 23 51 0.015625
23 15 85 23 51 0.015625
23 15 89 23 51 0.015625
23 15 91 23 51 0.015625
23 15 92 23 51 0.015625
23 15 93 23 51 0.015625
23 15 94 23 51 0.015625
23 15 95 23 51 0.015625
23 15 96 23 51 0.015625
23 15 97 23 51 0.015625
23 24 1 23 1 0.015625
23 24 2 23 2 0.015625
23 24 3 23 3 0.015625
23 24 4 23 4 0.015625
23 24 5 23 5 0.015625
23 24 6 23 52 0.015625
23 24 7 23 53 0.015625
23 24 8 23 54 0.015625
23 24 9 23 55 0.015625
23 24 10 23 56 0.015625
23 24 11 23 57 0.015625
23 24 12 23 58 0.015625
23 24 43 23 4 0.015625
23 24 45 23 4 0.015625
23 24 46 23 4 0.015625
23 24 48 23 5 0.015625
23 24 49 23 5 0.015625
23 24 50 23 5 0.015625
23 24 51 23 5 0.015625
23 24 52 23 5 0.015625
23 24 53 23 5 0.015625
23 24 54 23 5 0.015625
23 24 66 23 52 0.015625
23 24 67 23 52 0.015625
23 24 79 23 53 0.015625
23 24 80 23 53 0.015625
23 24 92 23 54 0.015625
23 24 93 23 54 0.015625
23 24 105 23 55 0.015625
23 24 106 23 55 0.015625
23 24 118 23 56 0.015625
23 24 119 23 56 0.015625
23 24 131 23 57 0.015625
23 24 132 23 57 0.015625
23 24 144 23 58 0.015625
23 24 145 23 58 0.015625
23 24 146 23 73 0.015625
23 24 147 23 73 0.015625
23 24 150 23 73 0.015625
23 24 151 23 73 0.015625
23 24 152 23 74 0.015625
23 24 153 23 74 0.015625
23 24 156 23 74 0.015625
23 24 157 23 74 0.015625
23 24 158 23 75 0.015625
23 24 159 23 75 0.015625
23 24 162 23 75 0.015625
23 24 163 23 75 0.015625
23 24 164 23 76 0.015625
23 24 165 23 76 0.015625
23 24 168 23 76 0.015625
23 24 169 23 76 0.015625
23 24 170 23 77 0.015625
23 24 171 23 77 0.015625
23 24 174 23 77 0.015625
23 24 175 23 77 0.015625
23 24 176 23 78 0.015625
23 24 177 23 78 0.015625
23 24 180 23 78 0.015625
23 24 181 23 78 0.015625
23 24 182 23 79 0.015625
23 24 183 23 79 0.015625
23 24 186 23 79 0.015625
23 24 187 23 79 0.015625
24 16 0 24 59 0.046875
24 16 1 24 60 0.046875
24 16 2 24 61 0.046875
24 16 3 24 62 0.046875
24 16 4 24 63 0.046875
24 16 5 24 64 0.046875
24 16 6 24 65 0.046875
24 16 40 24 33 0.015625
24 16 52 24 34 0.015625
24 16 53 24 34 0.015625
24 16 54 24 34 0.015625
24 16 55 24 34 0.015625
24 16 56 24 34 0.015625
24 16 57 24 34 0.015625
24 16 58 24 34 0.015625
24 16 65 24 35 0.015625
24 16 66 24 35 0.015625
24 16 67 24 35 0.015625
24 16 68 24 35 0.015625
24 16 69 24 35 0.015625
24 16 70 24 35 0.015625
24 16 71 24 35 0.015625
24 16 78 24 36 0.015625
24 16 79 24 36 0.015625
24 16 80 24 36 0.015625
24 16 81 24 36 0.015625
24 16 82 24 36 0.015625
24 16 83 24 36 0.015625
24 16 84 24 36 0.015625
24 16 91 24 37 0.015625
24 16 92 24 37 0.015625
24 16 93 24 37 0.015625
24 16 94 24 37 0.015625
24 16 95 24 37 0.015625
24 16 96 24 37 0.015625
24 16 97 24 37 0.015625
24 16 98 24 59 0.015625
24 16 102 24 59 0.015625
24 16 104 24 60 0.015625
24 16 108 24 60 0.015625
24 16 110 24 61 0.015625
24 16 114 24 61 0.015625
24 16 116 24 62 0.015625
24 16 120 24 62 0.015625
24 16 122 24 63 0.015625
24 16 126 24 63 0.015625
24 16 128 24 64 0.015625
24 16 132 24 64 0.015625
24 16 134 24 65 0.015625
24 16 138 24 65 0.015625
24 20 1 24 1 0.015625
24 20 4 24 4 0.015625
24 20 5 24 5 0.015625
24 20 6 24 52 0.03125
24 20 7 24 53 0.03125
24 20 8 24 54 0.03125
24 20 9 24 55 0.03125
24 20 10 24 56 0.03125
24 20 11 24 57 0.03125
24 20 12 24 58 0.03125
24 20 34 24 1 0.015625
24 20 35 24 1 0.015625
24 20 36 24 1 0.015625
24 20 37 24 1 0.015625
24 20 38 24 1 0.015625
24 20 39 24 1 0.015625
24 20 40 24 1 0.015625
24 20 69 24 4 0.015625
24 20 70 24 4 0.015625
24 20 71 24 4 0.015625
24 20 72 24 4 0.015625
24 20 73 24 4 0.015625
24 20 74 24 4 0.015625
24 20 75 24 4 0.015625
24 20 76 24 4 0.015625
24 20 77 24 4 0.015625
24 20 78 24 4 0.015625
24 20 79 24 4 0.015625
24 20 80 24 4 0.015625
24 20 81 24 4 0.015625
24 20 82 24 4 0.015625
24 20 83 24 5 0.015625
24 20 84 24 5 0.015625
24 20 85 24 5 0.015625
24 20 86 24 5 0.015625
24 20 87 24 5 0.015625
24 20 88 24 5 0.015625
24 20 89 24 5 0.015625
24 20 90 24 5 0.015625
24 20 91 24 5 0.015625
24 20 92 24 5 0.015625
24 20 93 24 5 0.015625
24 20 94 24 5 0.015625
24 20 95 24 5 0.015625
24 20 96 24 5 0.015625
24 20 141 24 37 0.015625
24 20 142 24 37 0.015625
24 20 143 24 37 0.015625
24 20 144 24 37 0.015625
24 20 145 24 37 0.015625
24 20 151 24 52 0.015625
24 20 157 24 53 0.015625
24 20 163 24 54 0.015625
24 20 169 24 55 0.015625
24 20 175 24 56 0.015625
24 20 181 24 57 0.015625
24 20 187 24 58 0.015625
25 26 0 25 0 0.015625
25 26 1 25 1 0.015625
25 26 2 25 2 0.015625
25 26 3 25 3 0.015625
25 26 4 25 4 0.015625
25 26 5 25 5 0.015625
25 26 13 25 52 0.015625
25 26 14 25 53 0.015625
25 26 15 25 54 0.015625
25 26 16 25 55 0.015625
25 26 17 25 56 0.015625
25 26 18 25 57 0.015625
25 26 19 25 58 0.015625
25 26 20 25 59 0.03125
25 26 21 25 60 0.03125
25 26 22 25 61 0.03125
25 26 23 25 62 0.03125
25 26 24 25 63 0.03125
25 26 25 25 64 0.03125
25 26 26 25 65 0.03125
25 26 55 25 4 0.015625
25 26 56 25 4 0.015625
25 26 57 25 4 0.015625
25 26 58 25 4 0.015625
25 26 59 25 4 0.015625
25 26 60 25 4 0.015625
25 26 61 25 4 0.015625
25 26 62 25 5 0.015625
25 26 63 25 5 0.015625
25 26 64 25 5 0.015625
25 26 65 25 5 0.015625
25 26 66 25 5 0.015625
25 26 67 25 5 0.015625
25 26 68 25 5 0.015625
25 26 157 25 37 0.015625
25 26 158 25 37 0.015625
25 26 179 25 52 0.015625
25 26 192 25 53 0.015625
25 26 205 25 54 0.015625
25 26 218 25 55 0.015625
25 26 231 25 56 0.015625
25 26 244 25 57 0.015625
25 26 257 25 58 0.015625
25 26 258 25 59 0.015625
25 26 264 25 59 0.015625
25 26 265 25 60 0.015625
25 26 271 25 60 0.015625
25 26 272 25 61 0.015625
25 26 278 25 61 0.015625
25 26 279 25 62 0.015625
25 26 285 25 62 0.015625
25 26 286 25 63 0.015625
25 26 292 25 63 0.015625
25 26 293 25 64 0.015625
25 26 299 25 64 0.015625
25 26 300 25 65 0.015625
25 26 306 25 65 0.015625
26 27 0 26 0 0.015625
26 27 1 26 1 0.015625
26 27 2 26 2 0.015625
26 27 3 26 3 0.015625
26 27 4 26 4 0.015625
26 27 5 26 5 0.015625
26 27 13 26 52 0.015625
26 27 14 26 53 0.015625
26 27 15 26 54 0.015625
26 27 16 26 55 0.015625
26 27 17 26 56 0.015625
26 27 18 26 57 0.015625
26 27 19 26 58 0.015625
26 27 20 26 59 0.03125
26 27 21 26 60 0.03125
26 27 22 26 61 0.03125
26 27 23 26 62 0.03125
26 27 24 26 63 0.03125
26 27 25 26 64 0.03125
26 27 26 26 65 0.03125
26 27 55 26 4 0.015625
26 27 56 26 4 0.015625
26 27 57 26 4 0.015625
26 27 58 26 4 0.015625
26 27 59 26 4 0.015625
26 27 60 26 4 0.015625
26 27 61 26 4 0.015625
26 27 62 26 5 0.015625
26 27 63 26 5 0.015625
26 27 64 26 5 0.015625
26 27 65 26 5 0.015625
26 27 66 26 5 0.015625
26 27 67 26 5 0.015625
26 27 68 26 5 0.015625
26 27 153 26 37 0.015625
26 27 155 26 37 0.015625
26 27 179 26 52 0.015625
26 27 192 26 53 0.015625
26 27 205 26 54 0.015625
26 27 218 26 55 0.015625
26 27 231 26 56 0.015625
26 27 244 26 57 0.015625
26 27 257 26 58 0.015625
26 27 258 26 59 0.015625
26 27 264 26 59 0.015625
26 27 265 26 60 0.015625
26 27 271 26 60 0.015625
26 27 272 26 61 0.015625
26 27 278 26 61 0.015625
26 27 279 26 62 0.015625
26 27 285 26 62 0.015625
26 27 286 26 63 0.015625
26 27 292 26 63 0.015625
26 27 293 26 64 0.015625
26 27 299 26 64 0.015625
26 27 300 26 65 0.015625
26 27 306 26 65 0.015625
27 28 0 27 0 0.015625
27 28 1 27 1 0.015625
27 28 2 27 2 0.015625
27 28 3 27 3 0.015625
27 28 4 27 4 0.015625
27 28 5 27 5 0.015625
27 28 13 27 52 0.015625
27 28 14 27 53 0.015625
27 28 15 27 54 0.015625
27 28 16 27 55 0.015625
27 28 17 27 56 0.015625
27 28 18 27 57 0.015625
27 28 19 27 58 0.015625
27 28 20 27 59 0.03125
27 28 21 27 60 0.03125
27 28 22 27 61 0.03125
27 28 23 27 62 0.03125
27 28 24 27 63 0.03125
27 28 25 27 64 0.03125
27 28 26 27 65 0.03125
27 28 55 27 4 0.015625
27 28 56 27 4 0.015625
27 28 57 27 4 0.015625
27 28 58 27 4 0.015625
27 28 59 27 4 0.015625
27 28 60 27 4 0.015625
27 28 61 27 4 0.015625
27 28 62 27 5 0.015625
27 28 63 27 5 0.015625
27 28 64 27 5 0.015625
27 28 65 27 5 0.015625
27 28 66 27 5 0.015625
27 28 67 27 5 0.015625
27 28 68 27 5 0.015625
27 28 179 27 52 0.015625
27 28 192 27 53 0.015625
27 28 205 27 54 0.015625
27 28 217 27 55 0.015625
27 28 218 27 55 0.015625
27 28 231 27 56 0.015625
27 28 244 27 57 0.015625
27 28 256 27 58 0.015625
27 28 257 27 58 0.015625
27 28 258 27 59 0.015625
27 28 264 27 59 0.015625
27 28 265 27 60 0.015625
27 28 271 27 60 0.015625
27 28 272 27 61 0.015625
27 28 278 27 61 0.015625
27 28 279 27 62 0.015625
27 28 285 27 62 0.015625
27 28 286 27 63 0.015625
27 28 292 27 63 0.015625
27 28 293 27 64 0.015625
27 28 299 27 64 0.015625
27 28 300 27 65 0.015625
27 28 306 27 65 0.015625
28 25 0 28 0 0.015625
28 25 1 28 1 0.015625
28 25 2 28 2 0.015625
28 25 3 28 3 0.015625
28 25 4 28 4 0.015625
28 25 5 28 5 0.015625
28 25 13 28 52 0.015625
28 25 14 28 53 0.015625
28 25 15 28 54 0.015625
28 25 16 28 55 0.015625
28 25 17 28 56 0.015625
28 25 18 28 57 0.015625
28 25 19 28 58 0.015625
28 25 20 28 59 0.015625
28 25 21 28 60 0.015625
28 25 22 28 61 0.015625
28 25 23 28 62 0.015625
28 25 24 28 63 0.015625
28 25 25 28 64 0.015625
28 25 26 28 65 0.015625
28 25 34 28 1 0.015625
28 25 35 28 1 0.015625
28 25 36 28 1 0.015625
28 25 37 28 1 0.015625
28 25 38 28 1 0.015625
28 25 39 28 1 0.015625
28 25 40 28 1 0.015625
28 25 55 28 4 0.015625
28 25 56 28 4 0.015625
28 25 57 28 4 0.015625
28 25 58 28 4 0.015625
28 25 59 28 4 0.015625
28 25 60 28 4 0.015625
28 25 61 28 4 0.015625
28 25 62 28 5 0.015625
28 25 63 28 5 0.015625
28 25 64 28 5 0.015625
28 25 65 28 5 0.015625
28 25 66 28 5 0.015625
28 25 67 28 5 0.015625
28 25 68 28 5 0.015625
28 25 171 28 52 0.015625
28 25 179 28 52 0.015625
28 25 192 28 53 0.015625
28 25 205 28 54 0.015625
28 25 218 28 55 0.015625
28 25 231 28 56 0.015625
28 25 236 28 57 0.015625
28 25 244 28 57 0.015625
28 25 257 28 58 0.015625
28 25 258 28 59 0.015625
28 25 264 28 59 0.015625
28 25 265 28 60 0.015625
28 25 271 28 60 0.015625
28 25 272 28 61 0.015625
28 25 278 28 61 0.015625
28 25 279 28 62 0.015625
28 25 285 28 62 0.015625
28 25 286 28 63 0.015625
28 25 292 28 63 0.015625
28 25 293 28 64 0.015625
28 25 299 28 64 0.015625
28 25 300 28 65 0.015625
28 25 306 28 65 0.015625
28 29 0 28 0 0.015625
28 29 1 28 1 0.015625
28 29 2 28 2 0.015625
28 29 3 28 3 0.015625
28 29 4 28 4 0.015625
28 29 5 28 5 0.015625
28 29 13 28 52 0.015625
28 29 14 28 53 0.015625
28 29 15 28 54 0.015625
28 29 16 28 55 0.015625
28 29 17 28 56 0.015625
28 29 18 28 57 0.015625
28 29 19 28 58 0.015625
28 29 20 28 59 0.015625
28 29 21 28 60 0.015625
28 29 22 28 61 0.015625
28 29 23 28 62 0.015625
28 29 24 28 63 0.015625
28 29 25 28 64 0.015625
28 29 26 28 65 0.015625
28 29 34 28 1 0.015625
28 29 35 28 1 0.015625
28 29 36 28 1 0.015625
28 29 37 28 1 0.015625
28 29 38 28 1 0.015625
28 29 39 28 1 0.015625
28 29 40 28 1 0.015625
28 29 55 28 4 0.015625
28 29 56 28 4 0.015625
28 29 57 28 4 0.015625
28 29 58 28 4 0.015625
28 29 59 28 4 0.015625
28 29 60 28 4 0.015625
28 29 61 28 4 0.015625
28 29 62 28 5 0.015625
28 29 63 28 5 0.015625
28 29 64 28 5 0.015625
28 29 65 28 5 0.015625
28 29 66 28 5 0.015625
28 29 67 28 5 0.015625
28 29 68 28 5 0.015625
28 29 179 28 52 0.015625
28 29 192 28 53 0.015625
28 29 205 28 54 0.015625
28 29 218 28 55 0.015625
28 29 231 28 56 0.015625
28 29 244 28 57 0.015625
28 29 257 28 58 0.015625
28 29 258 28 59 0.015625
28 29 263 28 59 0.015625
28 29 264 28 59 0.015625
28 29 265 28 60 0.015625
28 29 271 28 60 0.015625
28 29 272 28 61 0.015625
28 29 278 28 61 0.015625
28 29 279 28 62 0.015625
28 29 285 28 62 0.015625
28 29 286 28 63 0.015625
28 29 291 28 63 0.015625
28 29 292 28 63 0.015625
28 29 293 28 64 0.015625
28 29 299 28 64 0.015625
28 29 300 28 65 0.015625
28 29 306 28 65 0.015625
29 30 0 29 0 0.015625
29 30 1 29 1 0.015625
29 30 2 29 2 0.015625
29 30 3 29 3 0.015625
29 30 4 29 4 0.015625
29 30 5 29 5 0.015625
29 30 13 29 52 0.015625
29 30 14 29 53 0.015625
29 30 15 29 54 0.015625
29 30 16 29 55 0.015625
29 30 17 29 56 0.015625
29 30 18 29 57 0.015625
29 30 19 29 58 0.015625
29 30 20 29 59 0.03125
29 30 21 29 60 0.03125
29 30 22 29 61 0.03125
29 30 23 29 62 0.03125
29 30 24 29 63 0.03125
29 30 25 29 64 0.03125
29 30 26 29 65 0.03125
29 30 55 29 4 0.015625
29 30 56 29 4 0.015625
29 30 57 29 4 0.015625
29 30 58 29 4 0.015625
29 30 59 29 4 0.015625
29 30 60 29 4 0.015625
29 30 61 29 4 0.015625
29 30 62 29 5 0.015625
29 30 63 29 5 0.015625
29 30 64 29 5 0.015625
29 30 65 29 5 0.015625
29 30 66 29 5 0.015625
29 30 67 29 5 0.015625
29 30 68 29 5 0.015625
29 30 155 29 37 0.015625
29 30 159 29 37 0.015625
29 30 179 29 52 0.015625
29 30 192 29 53 0.015625
29 30 205 29 54 0.015625
29 30 218 29 55 0.015625
29 30 231 29 56 0.015625
29 30 244 29 57 0.015625
29 30 257 29 58 0.015625
29 30 258 29 59 0.015625
29 30 264 29 59 0.015625
29 30 265 29 60 0.015625
29 30 271 29 60 0.015625
29 30 272 29 61 0.015625
29 30 278 29 61 0.015625
29 30 279 29 62 0.015625
29 30 285 29 62 0.015625
29 30 286 29 63 0.015625
29 30 292 29 63 0.015625
29 30 293 29 64 0.015625
29 30 299 29 64 0.015625
29 30 300 29 65 0.015625
29 30 306 29 65 0.015625
30 31 0 30 31 0.015625
30 31 1 30 52 0.015625
30 31 2 30 53 0.015625
30 31 3 30 54 0.015625
30 31 4 30 55 0.015625
30 31 5 30 56 0.015625
30 31 6 30 57 0.015625
30 31 7 30 58 0.015625
30 31 8 30 59 0.015625
30 31 9 30 60 0.015625
30 31 10 30 61 0.015625
30 31 11 30 62 0.015625
30 31 12 30 63 0.015625
30 31 13 30 64 0.015625
30 31 14 30 65 0.015625
30 31 36 30 1 0.015625
30 31 37 30 1 0.015625
30 31 41 30 1 0.015625
30 31 42 30 1 0.015625
30 31 78 30 4 0.015625
30 31 79 30 4 0.015625
30 31 80 30 4 0.015625
30 31 81 30 4 0.015625
30 31 82 30 4 0.015625
30 31 83 30 4 0.015625
30 31 84 30 4 0.015625
30 31 92 30 5 0.015625
30 31 93 30 5 0.015625
30 31 94 30 5 0.015625
30 31 95 30 5 0.015625
30 31 96 30 5 0.015625
30 31 97 30 5 0.015625
30 31 98 30 5 0.015625
30 31 99 30 31 0.015625
30 31 100 30 31 0.015625
30 31 102 30 31 0.015625
30 31 112 30 31 0.015625
30 31 113 30 31 0.015625
30 31 114 30 31 0.015625
30 31 115 30 31 0.015625
30 31 116 30 31 0.015625
30 31 117 30 31 0.015625
30 31 118 30 31 0.015625
30 31 337 30 59 0.015625
30 31 339 30 59 0.015625
30 31 342 30 59 0.015625
30 31 350 30 60 0.015625
30 31 352 30 60 0.015625
30 31 355 30 60 0.015625
30 31 363 30 61 0.015625
30 31 365 30 61 0.015625
30 31 368 30 61 0.015625
30 31 376 30 62 0.015625
30 31 378 30 62 0.015625
30 31 381 30 62 0.015625
30 31 389 30 63 0.015625
30 31 391 30 63 0.015625
30 31 394 30 63 0.015625
30 31 402 30 64 0.015625
30 31 404 30 64 0.015625
30 31 407 30 64 0.015625
30 31 415 30 65 0.015625
30 31 417 30 65 0.015625
30 31 420 30 65 0.015625
31 32 0 31 6 0.015625
31 32 1 31 7 0.015625
31 32 2 31 8 0.015625
31 32 3 31 9 0.015625
31 32 4 31 10 0.015625
31 32 5 31 11 0.015625
31 32 13 31 52 0.015625
31 32 14 31 53 0.015625
31 32 15 31 54 0.015625
31 32 16 31 55 0.015625
31 32 17 31 56 0.015625
31 32 18 31 57 0.015625
31 32 19 31 58 0.015625
31 32 20 31 59 0.015625
31 32 21 31 60 0.015625
31 32 22 31 61 0.015625
31 32 23 31 62 0.015625
31 32 24 31 63 0.015625
31 32 25 31 64 0.015625
31 32 26 31 65 0.015625
31 32 27 31 6 0.015625
31 32 28 31 6 0.015625
31 32 29 31 6 0.015625
31 32 30 31 6 0.015625
31 32 31 31 6 0.015625
31 32 32 31 6 0.015625
31 32 33 31 6 0.015625
31 32 62 31 11 0.015625
31 32 63 31 11 0.015625
31 32 64 31 11 0.015625
31 32 65 31 11 0.015625
31 32 66 31 11 0.015625
31 32 67 31 11 0.015625
31 32 68 31 11 0.015625
31 32 69 31 24 0.015625
31 32 70 31 24 0.015625
31 32 71 31 24 0.015625
31 32 72 31 24 0.015625
31 32 73 31 24 0.015625
31 32 74 31 24 0.015625
31 32 75 31 24 0.015625
31 32 76 31 24 0.015625
31 32 77 31 24 0.015625
31 32 78 31 24 0.015625
31 32 79 31 24 0.015625
31 32 80 31 24 0.015625
31 32 81 31 24 0.015625
31 32 82 31 24 0.015625
31 32 149 31 29 0.015625
31 32 150 31 29 0.015625
31 32 216 31 59 0.015625
31 32 222 31 59 0.015625
31 32 229 31 60 0.015625
31 32 235 31 60 0.015625
31 32 242 31 61 0.015625
31 32 248 31 61 0.015625
31 32 255 31 62 0.015625
31 32 261 31 62 0.015625
31 32 268 31 63 0.015625
31 32 274 31 63 0.015625
31 32 281 31 64 0.015625
31 32 287 31 64 0.015625
31 32 294 31 65 0.015625
31 32 300 31 65 0.015625
32 33 0 32 6 0.015625
32 33 1 32 7 0.015625
32 33 2 32 8 0.015625
32 33 3 32 9 0.015625
32 33 4 32 10 0.015625
32 33 5 32 11 0.015625
32 33 13 32 52 0.015625
32 33 14 32 53 0.015625
32 33 15 32 54 0.015625
32 33 16 32 55 0.015625
32 33 17 32 56 0.015625
32 33 18 32 57 0.015625
32 33 19 32 58 0.015625
32 33 20 32 59 0.015625
32 33 21 32 60 0.015625
32 33 22 32 61 0.015625
32 33 23 32 62 0.015625
32 33 24 32 63 0.015625
32 33 25 32 64 0.015625
32 33 26 32 65 0.015625
32 33 27 32 6 0.015625
32 33 28 32 6 0.015625
32 33 29 32 6 0.015625
32 33 30 32 6 0.015625
32 33 31 32 6 0.015625
32 33 32 32 6 0.015625
32 33 33 32 6 0.015625
32 33 41 32 8 0.015625
32 33 42 32 8 0.015625
32 33 43 32 8 0.015625
32 33 44 32 8 0.015625
32 33 45 32 8 0.015625
32 33 46 32 8 0.015625
32 33 47 32 8 0.015625
32 33 62 32 11 0.015625
32 33 63 32 11 0.015625
32 33 64 32 11 0.015625
32 33 65 32 11 0.015625
32 33 66 32 11 0.015625
32 33 67 32 11 0.015625
32 33 68 32 11 0.015625
32 33 69 32 24 0.015625
32 33 70 32 24 0.015625
32 33 71 32 24 0.015625
32 33 72 32 24 0.015625
32 33 73 32 24 0.015625
32 33 74 32 24 0.015625
32 33 75 32 24 0.015625
32 33 91 32 25 0.015625
32 33 96 32 25 0.015625
32 33 146 32 29 0.015625
32 33 147 32 29 0.015625
32 33 148 32 29 0.015625
32 33 149 32 29 0.015625
32 33 150 32 29 0.015625
32 33 151 32 29 0.015625
32 33 152 32 29 0.015625
32 33 216 32 59 0.015625
32 33 229 32 60 0.015625
32 33 242 32 61 0.015625
32 33 255 32 62 0.015625
32 33 268 32 63 0.015625
32 33 281 32 64 0.015625
32 33 294 32 65 0.015625
33 34 0 33 6 0.015625
33 34 1 33 7 0.015625
33 34 2 33 8 0.015625
33 34 3 33 9 0.015625
33 34 4 33 10 0.015625
33 34 5 33 11 0.015625
33 34 13 33 52 0.015625
33 34 14 33 53 0.015625
33 34 15 33 54 0.015625
33 34 16 33 55 0.015625
33 34 17 33 56 0.015625
33 34 18 33 57 0.015625
33 34 19 33 58 0.015625
33 34 20 33 59 0.015625
33 34 21 33 60 0.015625
33 34 22 33 61 0.015625
33 34 23 33 62 0.015625
33 34 24 33 63 0.015625
33 34 25 33 64 0.015625
33 34 26 33 65 0.015625
33 34 27 33 6 0.015625
33 34 28 33 6 0.015625
33 34 29 33 6 0.015625
33 34 30 33 6 0.015625
33 34 31 33 6 0.015625
33 34 32 33 6 0.015625
33 34 33 33 6 0.015625
33 34 41 33 8 0.015625
33 34 42 33 8 0.015625
33 34 43 33 8 0.015625
33 34 44 33 8 0.015625
33 34 45 33 8 0.015625
33 34 46 33 8 0.015625
33 34 47 33 8 0.015625
33 34 62 33 11 0.015625
33 34 63 33 11 0.015625
33 34 64 33 11 0.015625
33 34 65 33 11 0.015625
33 34 66 33 11 0.015625
33 34 67 33 11 0.015625
33 34 68 33 11 0.015625
33 34 69 33 24 0.015625
33 34 70 33 24 0.015625
33 34 71 33 24 0.015625
33 34 72 33 24 0.015625
33 34 73 33 24 0.015625
33 34 74 33 24 0.015625
33 34 75 33 24 0.015625
33 34 143 33 29 0.015625
33 34 144 33 29 0.015625
33 34 146 33 29 0.015625
33 34 147 33 29 0.015625
33 34 148 33 29 0.015625
33 34 149 33 29 0.015625
33 34 150 33 29 0.015625
33 34 151 33 29 0.015625
33 34 152 33 29 0.015625
33 34 216 33 59 0.015625
33 34 229 33 60 0.015625
33 34 242 33 61 0.015625
33 34 255 33 62 0.015625
33 34 268 33 63 0.015625
33 34 281 33 64 0.015625
33 34 294 33 65 0.015625
34 35 0 34 6 0.015625
34 35 1 34 7 0.015625
34 35 2 34 8 0.015625
34 35 3 34 9 0.015625
34 35 4 34 10 0.015625
34 35 5 34 11 0.015625
34 35 13 34 52 0.015625
34 35 14 34 53 0.015625
34 35 15 34 54 0.015625
34 35 16 34 55 0.015625
34 35 17 34 56 0.015625
34 35 18 34 57 0.015625
34 35 19 34 58 0.015625
34 35 20 34 59 0.015625
34 35 21 34 60 0.015625
34 35 22 34 61 0.015625
34 35 23 34 62 0.015625
34 35 24 34 63 0.015625
34 35 25 34 64 0.015625
34 35 26 34 65 0.015625
34 35 27 34 6 0.015625
34 35 28 34 6 0.015625
34 35 29 34 6 0.015625
34 35 30 34 6 0.015625
34 35 31 34 6 0.015625
34 35 32 34 6 0.015625
34 35 33 34 6 0.015625
34 35 41 34 8 0.015625
34 35 42 34 8 0.015625
34 35 43 34 8 0.015625
34 35 44 34 8 0.015625
34 35 45 34 8 0.015625
34 35 46 34 8 0.015625
34 35 47 34 8 0.015625
34 35 62 34 11 0.015625
34 35 63 34 11 0.015625
34 35 64 34 11 0.015625
34 35 65 34 11 0.015625
34 35 66 34 11 0.015625
34 35 67 34 11 0.015625
34 35 68 34 11 0.015625
34 35 69 34 24 0.015625
34 35 70 34 24 0.015625
34 35 71 34 24 0.015625
34 35 72 34 24 0.015625
34 35 73 34 24 0.015625
34 35 74 34 24 0.015625
34 35 75 34 24 0.015625
34 35 141 34 29 0.015625
34 35 144 34 29 0.015625
34 35 146 34 29 0.015625
34 35 147 34 29 0.015625
34 35 148 34 29 0.015625
34 35 149 34 29 0.015625
34 35 150 34 29 0.015625
34 35 151 34 29 0.015625
34 35 152 34 29 0.015625
34 35 216 34 59 0.015625
34 35 229 34 60 0.015625
34 35 242 34 61 0.015625
34 35 255 34 62 0.015625
34 35 268 34 63 0.015625
34 35 281 34 64 0.015625
34 35 294 34 65 0.015625
35 36 0 35 6 0.015625
35 36 1 35 7 0.015625
35 36 2 35 8 0.015625
35 36 3 35 9 0.015625
35 36 4 35 10 0.015625
35 36 5 35 11 0.015625
35 36 13 35 52 0.015625
35 36 14 35 53 0.015625
35 36 15 35 54 0.015625
35 36 16 35 55 0.015625
35 36 17 35 56 0.015625
35 36 18 35 57 0.015625
35 36 19 35 58 0.015625
35 36 20 35 59 0.015625
35 36 21 35 60 0.015625
35 36 22 35 61 0.015625
35 36 23 35 62 0.015625
35 36 24 35 63 0.015625
35 36 25 35 64 0.015625
35 36 26 35 65 0.015625
35 36 27 35 6 0.015625
35 36 28 35 6 0.015625
35 36 29 35 6 0.015625
35 36 30 35 6 0.015625
35 36 31 35 6 0.015625
35 36 32 35 6 0.015625
35 36 33 35 6 0.015625
35 36 41 35 8 0.015625
35 36 42 35 8 0.015625
35 36 43 35 8 0.015625
35 36 44 35 8 0.015625
35 36 45 35 8 0.015625
35 36 46 35 8 0.015625
35 36 47 35 8 0.015625
35 36 62 35 11 0.015625
35 36 63 35 11 0.015625
35 36 64 35 11 0.015625
35 36 65 35 11 0.015625
35 36 66 35 11 0.015625
35 36 67 35 11 0.015625
35 36 68 35 11 0.015625
35 36 69 35 24 0.015625
35 36 70 35 24 0.015625
35 36 71 35 24 0.015625
35 36 72 35 24 0.015625
35 36 73 35 24 0.015625
35 36 74 35 24 0.015625
35 36 75 35 24 0.015625
35 36 139 35 29 0.015625
35 36 140 35 29 0.015625
35 36 141 35 29 0.015625
35 36 142 35 29 0.015625
35 36 143 35 29 0.015625
35 36 144 35 29 0.015625
35 36 145 35 29 0.015625
35 36 146 35 29 0.015625
35 36 147 35 29 0.015625
35 36 148 35 29 0.015625
35 36 149 35 29 0.015625
35 36 150 35 29 0.015625
35 36 151 35 29 0.015625
35 36 152 35 29 0.015625
35 36 229 35 60 0.015625
35 36 242 35 61 0.015625
36 37 0 36 6 0.015625
36 37 1 36 7 0.015625
36 37 2 36 8 0.015625
36 37 3 36 9 0.015625
36 37 4 36 10 0.015625
36 37 5 36 11 0.015625
36 37 13 36 52 0.015625
36 37 14 36 53 0.015625
36 37 15 36 54 0.015625
36 37 16 36 55 0.015625
36 37 17 36 56 0.015625
36 37 18 36 57 0.015625
36 37 19 36 58 0.015625
36 37 20 36 59 0.015625
36 37 21 36 60 0.015625
36 37 22 36 61 0.015625
36 37 23 36 62 0.015625
36 37 24 36 63 0.015625
36 37 25 36 64 0.015625
36 37 26 36 65 0.015625
36 37 27 36 6 0.015625
36 37 28 36 6 0.015625
36 37 29 36 6 0.015625
36 37 30 36 6 0.015625
36 37 31 36 6 0.015625
36 37 32 36 6 0.015625
36 37 33 36 6 0.015625
36 37 41 36 8 0.015625
36 37 42 36 8 0.015625
36 37 43 36 8 0.015625
36 37 44 36 8 0.015625
36 37 45 36 8 0.015625
36 37 46 36 8 0.015625
36 37 47 36 8 0.015625
36 37 62 36 11 0.015625
36 37 63 36 11 0.015625
36 37 64 36 11 0.015625
36 37 65 36 11 0.015625
36 37 66 36 11 0.015625
36 37 67 36 11 0.015625
36 37 68 36 11 0.015625
36 37 69 36 24 0.015625
36 37 70 36 24 0.015625
36 37 71 36 24 0.015625
36 37 72 36 24 0.015625
36 37 73 36 24 0.015625
36 37 74 36 24 0.015625
36 37 75 36 24 0.015625
36 37 90 36 25 0.015625
36 37 91 36 25 0.015625
36 37 92 36 25 0.015625
36 37 93 36 25 0.015625
36 37 94 36 25 0.015625
36 37 95 36 25 0.015625
36 37 96 36 25 0.015625
36 37 142 36 29 0.015625
36 37 144 36 29 0.015625
36 37 146 36 29 0.015625
36 37 147 36 29 0.015625
36 37 148 36 29 0.015625
36 37 149 36 29 0.015625
36 37 150 36 29 0.015625
36 37 151 36 29 0.015625
36 37 152 36 29 0.015625
37 38 6 37 6 0.015625
37 38 7 37 6 0.015625
37 38 8 37 6 0.015625
37 38 9 37 6 0.015625
37 38 10 37 6 0.015625
37 38 11 37 6 0.015625
37 38 12 37 6 0.015625
37 38 19 37 7 0.015625
37 38 20 37 7 0.015625
37 38 21 37 7 0.015625
37 38 22 37 7 0.015625
37 38 23 37 7 0.015625
37 38 24 37 7 0.015625
37 38 25 37 7 0.015625
37 38 32 37 8 0.015625
37 38 33 37 8 0.015625
37 38 34 37 8 0.015625
37 38 35 37 8 0.015625
37 38 36 37 8 0.015625
37 38 37 37 8 0.015625
37 38 38 37 8 0.015625
37 38 45 37 9 0.015625
37 38 46 37 9 0.015625
37 38 47 37 9 0.015625
37 38 48 37 9 0.015625
37 38 49 37 9 0.015625
37 38 50 37 9 0.015625
37 38 51 37 9 0.015625
37 38 58 37 10 0.015625
37 38 59 37 10 0.015625
37 38 60 37 10 0.015625
37 38 61 37 10 0.015625
37 38 62 37 10 0.015625
37 38 63 37 10 0.015625
37 38 64 37 10 0.015625
37 38 71 37 11 0.015625
37 38 72 37 11 0.015625
37 38 73 37 11 0.015625
37 38 74 37 11 0.015625
37 38 75 37 11 0.015625
37 38 76 37 11 0.015625
37 38 77 37 11 0.015625
37 38 78 37 59 0.015625
37 38 79 37 59 0.015625
37 38 81 37 59 0.015625
37 38 82 37 59 0.015625
37 38 84 37 60 0.015625
37 38 85 37 60 0.015625
37 38 87 37 60 0.015625
37 38 90 37 61 0.015625
37 38 91 37 61 0.015625
37 38 93 37 61 0.015625
37 38 96 37 62 0.015625
37 38 97 37 62 0.015625
37 38 99 37 62 0.015625
37 38 102 37 63 0.015625
37 38 103 37 63 0.015625
37 38 105 37 63 0.015625
37 38 108 37 64 0.015625
37 38 109 37 64 0.015625
37 38 111 37 64 0.015625
37 38 114 37 65 0.015625
37 38 115 37 65 0.015625
37 38 117 37 65 0.015625
38 39 0 38 12 0.015625
38 39 1 38 13 0.015625
38 39 4 38 16 0.015625
38 39 13 38 66 0.015625
38 39 14 38 67 0.015625
38 39 15 38 68 0.015625
38 39 16 38 69 0.015625
38 39 17 38 70 0.015625
38 39 18 38 71 0.015625
38 39 19 38 72 0.015625
38 39 20 38 73 0.015625
38 39 21 38 74 0.015625
38 39 22 38 75 0.015625
38 39 23 38 76 0.015625
38 39 24 38 77 0.015625
38 39 25 38 78 0.015625
38 39 26 38 79 0.015625
38 39 125 38 49 0.015625
38 39 126 38 49 0.015625
38 39 127 38 49 0.015625
38 39 128 38 49 0.015625
38 39 129 38 49 0.015625
38 39 130 38 49 0.015625
38 39 131 38 49 0.015625
38 39 139 38 50 0.015625
38 39 140 38 50 0.015625
38 39 141 38 50 0.015625
38 39 142 38 50 0.015625
38 39 143 38 50 0.015625
38 39 144 38 50 0.015625
38 39 145 38 50 0.015625
38 39 153 38 51 0.015625
38 39 154 38 51 0.015625
38 39 155 38 51 0.015625
38 39 156 38 51 0.015625
38 39 157 38 51 0.015625
38 39 158 38 51 0.015625
38 39 159 38 51 0.015625
38 39 160 38 51 0.015625
38 39 162 38 51 0.015625
38 39 164 38 51 0.015625
38 39 165 38 51 0.015625
38 39 166 38 51 0.015625
38 39 262 38 73 0.015625
38 39 263 38 73 0.015625
38 39 264 38 73 0.015625
38 39 269 38 74 0.015625
38 39 270 38 74 0.015625
38 39 271 38 74 0.015625
38 39 276 38 75 0.015625
38 39 277 38 75 0.015625
38 39 278 38 75 0.015625
38 39 283 38 76 0.015625
38 39 284 38 76 0.015625
38 39 285 38 76 0.015625
38 39 290 38 77 0.015625
38 39 291 38 77 0.015625
38 39 292 38 77 0.015625
38 39 297 38 78 0.015625
38 39 298 38 78 0.015625
38 39 299 38 78 0.015625
38 39 304 38 79 0.015625
38 39 305 38 79 0.015625
38 39 306 38 79 0.015625
39 40 0 39 12 0.015625
39 40 1 39 13 0.015625
39 40 3 39 15 0.015625
39 40 4 39 16 0.015625
39 40 13 39 66 0.015625
39 40 14 39 67 0.015625
39 40 15 39 68 0.015625
39 40 16 39 69 0.015625
39 40 17 39 70 0.015625
39 40 18 39 71 0.015625
39 40 19 39 72 0.015625
39 40 20 39 73 0.015625
39 40 21 39 74 0.015625
39 40 22 39 75 0.015625
39 40 23 39 76 0.015625
39 40 24 39 77 0.015625
39 40 25 39 78 0.015625
39 40 26 39 79 0.015625
39 40 125 39 49 0.015625
39 40 126 39 49 0.015625
39 40 127 39 49 0.015625
39 40 128 39 49 0.015625
39 40 129 39 49 0.015625
39 40 130 39 49 0.015625
39 40 131 39 49 0.015625
39 40 139 39 50 0.015625
39 40 140 39 50 0.015625
39 40 141 39 50 0.015625
39 40 142 39 50 0.015625
39 40 143 39 50 0.015625
39 40 144 39 50 0.015625
39 40 145 39 50 0.015625
39 40 146 39 50 0.015625
39 40 149 39 50 0.015625
39 40 150 39 50 0.015625
39 40 152 39 50 0.015625
39 40 153 39 51 0.015625
39 40 154 39 51 0.015625
39 40 155 39 51 0.015625
39 40 156 39 51 0.015625
39 40 157 39 51 0.015625
39 40 158 39 51 0.015625
39 40 159 39 51 0.015625
39 40 262 39 73 0.015625
39 40 263 39 73 0.015625
39 40 264 39 73 0.015625
39 40 269 39 74 0.015625
39 40 270 39 74 0.015625
39 40 271 39 74 0.015625
39 40 276 39 75 0.015625
39 40 277 39 75 0.015625
39 40 278 39 75 0.015625
39 40 283 39 76 0.015625
39 40 284 39 76 0.015625
39 40 285 39 76 0.015625
39 40 290 39 77 0.015625
39 40 291 39 77 0.015625
39 40 292 39 77 0.015625
39 40 297 39 78 0.015625
39 40 298 39 78 0.015625
39 40 299 39 78 0.015625
39 40 304 39 79 0.015625
39 40 305 39 79 0.015625
39 40 306 39 79 0.015625
40 41 0 40 12 0.015625
40 41 1 40 13 0.015625
40 41 3 40 15 0.015625
40 41 4 40 16 0.015625
40 41 13 40 66 0.015625
40 41 14 40 67 0.015625
40 41 15 40 68 0.015625
40 41 16 40 69 0.015625
40 41 17 40 70 0.015625
40 41 18 40 71 0.015625
40 41 19 40 72 0.015625
40 41 20 40 73 0.015625
40 41 21 40 74 0.015625
40 41 22 40 75 0.015625
40 41 23 40 76 0.015625
40 41 24 40 77 0.015625
40 41 25 40 78 0.015625
40 41 26 40 79 0.015625
40 41 125 40 49 0.015625
40 41 126 40 49 0.015625
40 41 127 40 49 0.015625
40 41 128 40 49 0.015625
40 41 129 40 49 0.015625
40 41 130 40 49 0.015625
40 41 131 40 49 0.015625
40 41 137 40 49 0.015625
40 41 139 40 50 0.015625
40 41 140 40 50 0.015625
40 41 141 40 50 0.015625
40 41 142 40 50 0.015625
40 41 143 40 50 0.015625
40 41 144 40 50 0.015625
40 41 145 40 50 0.015625
40 41 150 40 50 0.015625
40 41 152 40 50 0.015625
40 41 153 40 51 0.015625
40 41 154 40 51 0.015625
40 41 155 40 51 0.015625
40 41 156 40 51 0.015625
40 41 157 40 51 0.015625
40 41 158 40 51 0.015625
40 41 159 40 51 0.015625
40 41 162 40 51 0.015625
40 41 262 40 73 0.015625
40 41 263 40 73 0.015625
40 41 264 40 73 0.015625
40 41 269 40 74 0.015625
40 41 270 40 74 0.015625
40 41 271 40 74 0.015625
40 41 276 40 75 0.015625
40 41 277 40 75 0.015625
40 41 278 40 75 0.015625
40 41 283 40 76 0.015625
40 41 284 40 76 0.015625
40 41 285 40 76 0.015625
40 41 290 40 77 0.015625
40 41 291 40 77 0.015625
40 41 292 40 77 0.015625
40 41 297 40 78 0.015625
40 41 298 40 78 0.015625
40 41 299 40 78 0.015625
40 41 304 40 79 0.015625
40 41 305 40 79 0.015625
40 41 306 40 79 0.015625
41 42 0 41 12 0.015625
41 42 1 41 13 0.015625
41 42 3 41 15 0.015625
41 42 4 41 16 0.015625
41 42 13 41 66 0.015625
41 42 14 41 67 0.015625
41 42 15 41 68 0.015625
41 42 16 41 69 0.015625
41 42 17 41 70 0.015625
41 42 18 41 71 0.015625
41 42 19 41 72 0.015625
41 42 20 41 73 0.015625
41 42 21 41 74 0.015625
41 42 22 41 75 0.015625
41 42 23 41 76 0.015625
41 42 24 41 77 0.015625
41 42 25 41 78 0.015625
41 42 26 41 79 0.015625
41 42 125 41 49 0.015625
41 42 126 41 49 0.015625
41 42 127 41 49 0.015625
41 42 128 41 49 0.015625
41 42 129 41 49 0.015625
41 42 130 41 49 0.015625
41 42 131 41 49 0.015625
41 42 132 41 49 0.015625
41 42 133 41 49 0.015625
41 42 137 41 49 0.015625
41 42 139 41 50 0.015625
41 42 140 41 50 0.015625
41 42 141 41 50 0.015625
41 42 142 41 50 0.015625
41 42 143 41 50 0.015625
41 42 144 41 50 0.015625
41 42 145 41 50 0.015625
41 42 147 41 50 0.015625
41 42 153 41 51 0.015625
41 42 154 41 51 0.015625
41 42 155 41 51 0.015625
41 42 156 41 51 0.015625
41 42 157 41 51 0.015625
41 42 158 41 51 0.015625
41 42 159 41 51 0.015625
41 42 262 41 73 0.015625
41 42 263 41 73 0.015625
41 42 264 41 73 0.015625
41 42 269 41 74 0.015625
41 42 270 41 74 0.015625
41 42 271 41 74 0.015625
41 42 276 41 75 0.015625
41 42 277 41 75 0.015625
41 42 278 41 75 0.015625
41 42 283 41 76 0.015625
41 42 284 41 76 0.015625
41 42 285 41 76 0.015625
41 42 290 41 77 0.015625
41 42 291 41 77 0.015625
41 42 292 41 77 0.015625
41 42 297 41 78 0.015625
41 42 298 41 78 0.015625
41 42 299 41 78 0.015625
41 42 304 41 79 0.015625
41 42 305 41 79 0.015625
41 42 306 41 79 0.015625
42 43 0 42 12 0.015625
42 43 1 42 13 0.015625
42 43 3 42 15 0.015625
42 43 4 42 16 0.015625
42 43 13 42 66 0.015625
42 43 14 42 67 0.015625
42 43 15 42 68 0.015625
42 43 16 42 69 0.015625
42 43 17 42 70 0.015625
42 43 18 42 71 0.015625
42 43 19 42 72 0.015625
42 43 20 42 73 0.015625
42 43 21 42 74 0.015625
42 43 22 42 75 0.015625
42 43 23 42 76 0.015625
42 43 24 42 77 0.015625
42 43 25 42 78 0.015625
42 43 26 42 79 0.015625
42 43 125 42 49 0.015625
42 43 126 42 49 0.015625
42 43 127 42 49 0.015625
42 43 128 42 49 0.015625
42 43 129 42 49 0.015625
42 43 130 42 49 0.015625
42 43 131 42 49 0.015625
42 43 139 42 50 0.015625
42 43 140 42 50 0.015625
42 43 141 42 50 0.015625
42 43 142 42 50 0.015625
42 43 143 42 50 0.015625
42 43 144 42 50 0.015625
42 43 145 42 50 0.015625
42 43 147 42 50 0.015625
42 43 148 42 50 0.015625
42 43 149 42 50 0.015625
42 43 151 42 50 0.015625
42 43 153 42 51 0.015625
42 43 154 42 51 0.015625
42 43 155 42 51 0.015625
42 43 156 42 51 0.015625
42 43 157 42 51 0.015625
42 43 158 42 51 0.015625
42 43 159 42 51 0.015625
42 43 262 42 73 0.015625
42 43 263 42 73 0.015625
42 43 264 42 73 0.015625
42 43 269 42 74 0.015625
42 43 270 42 74 0.015625
42 43 271 42 74 0.015625
42 43 276 42 75 0.015625
42 43 277 42 75 0.015625
42 43 278 42 75 0.015625
42 43 283 42 76 0.015625
42 43 284 42 76 0.015625
42 43 285 42 76 0.015625
42 43 290 42 77 0.015625
42 43 291 42 77 0.015625
42 43 292 42 77 0.015625
42 43 297 42 78 0.015625
42 43 298 42 78 0.015625
42 43 299 42 78 0.015625
42 43 304 42 79 0.015625
42 43 305 42 79 0.015625
42 43 306 42 79 0.015625
43 44 0 43 12 0.015625
43 44 1 43 13 0.015625
43 44 3 43 15 0.015625
43 44 4 43 16 0.015625
43 44 13 43 66 0.015625
43 44 14 43 67 0.015625
43 44 15 43 68 0.015625
43 44 16 43 69 0.015625
43 44 17 43 70 0.015625
43 44 18 43 71 0.015625
43 44 19 43 72 0.015625
43 44 20 43 73 0.015625
43 44 21 43 74 0.015625
43 44 22 43 75 0.015625
43 44 23 43 76 0.015625
43 44 24 43 77 0.015625
43 44 25 43 78 0.015625
43 44 26 43 79 0.015625
43 44 125 43 49 0.015625
43 44 126 43 49 0.015625
43 44 127 43 49 0.015625
43 44 128 43 49 0.015625
43 44 129 43 49 0.015625
43 44 130 43 49 0.015625
43 44 131 43 49 0.015625
43 44 136 43 49 0.015625
43 44 139 43 50 0.015625
43 44 140 43 50 0.015625
43 44 141 43 50 0.015625
43 44 142 43 50 0.015625
43 44 143 43 50 0.015625
43 44 144 43 50 0.015625
43 44 145 43 50 0.015625
43 44 148 43 50 0.015625
43 44 149 43 50 0.015625
43 44 150 43 50 0.015625
43 44 153 43 51 0.015625
43 44 154 43 51 0.015625
43 44 155 43 51 0.015625
43 44 156 43 51 0.015625
43 44 157 43 51 0.015625
43 44 158 43 51 0.015625
43 44 159 43 51 0.015625
43 44 262 43 73 0.015625
43 44 263 43 73 0.015625
43 44 264 43 73 0.015625
43 44 269 43 74 0.015625
43 44 270 43 74 0.015625
43 44 271 43 74 0.015625
43 44 276 43 75 0.015625
43 44 277 43 75 0.015625
43 44 278 43 75 0.015625
43 44 283 43 76 0.015625
43 44 284 43 76 0.015625
43 44 285 43 76 0.015625
43 44 290 43 77 0.015625
43 44 291 43 77 0.015625
43 44 292 43 77 0.015625
43 44 297 43 78 0.015625
43 44 298 43 78 0.015625
43 44 299 43 78 0.015625
43 44 304 43 79 0.015625
43 44 305 43 79 0.015625
43 44 306 43 79 0.015625
44 45 0 44 45 0.03125
44 45 1 44 66 0.015625
44 45 2 44 67 0.015625
44 45 3 44 68 0.015625
44 45 4 44 69 0.015625
44 45 5 44 70 0.015625
44 45 6 44 71 0.015625
44 45 7 44 72 0.015625
44 45 8 44 73 0.015625
44 45 9 44 74 0.015625
44 45 10 44 75 0.015625
44 45 11 44 76 0.015625
44 45 12 44 77 0.015625
44 45 13 44 78 0.015625
44 45 14 44 79 0.015625
44 45 22 44 12 0.015625
44 45 23 44 12 0.015625
44 45 24 44 12 0.015625
44 45 25 44 12 0.015625
44 45 26 44 12 0.015625
44 45 27 44 12 0.015625
44 45 28 44 12 0.015625
44 45 101 44 45 0.015625
44 45 112 44 45 0.015625
44 45 113 44 45 0.015625
44 45 114 44 45 0.015625
44 45 115 44 45 0.015625
44 45 116 44 45 0.015625
44 45 117 44 45 0.015625
44 45 118 44 45 0.015625
44 45 209 44 49 0.015625
44 45 210 44 49 0.015625
44 45 211 44 49 0.015625
44 45 220 44 49 0.015625
44 45 221 44 49 0.015625
44 45 222 44 49 0.015625
44 45 223 44 49 0.015625
44 45 224 44 49 0.015625
44 45 225 44 49 0.015625
44 45 226 44 49 0.015625
44 45 236 44 50 0.015625
44 45 237 44 50 0.015625
44 45 238 44 50 0.015625
44 45 247 44 50 0.015625
44 45 248 44 50 0.015625
44 45 249 44 50 0.015625
44 45 250 44 50 0.015625
44 45 251 44 50 0.015625
44 45 252 44 50 0.015625
44 45 253 44 50 0.015625
44 45 263 44 51 0.015625
44 45 264 44 51 0.015625
44 45 265 44 51 0.015625
44 45 274 44 51 0.015625
44 45 275 44 51 0.015625
44 45 276 44 51 0.015625
44 45 277 44 51 0.015625
44 45 278 44 51 0.015625
44 45 279 44 51 0.015625
44 45 280 44 51 0.015625
44 45 369 44 75 0.015625
44 45 395 44 77 0.015625
44 45 421 44 79 0.015625
45 28 19 45 19 0.015625
45 28 20 45 19 0.015625
45 28 21 45 19 0.015625
45 28 22 45 19 0.015625
45 28 23 45 19 0.015625
45 28 24 45 19 0.015625
45 28 25 45 19 0.015625
45 28 32 45 20 0.015625
45 28 33 45 20 0.015625
45 28 34 45 20 0.015625
45 28 35 45 20 0.015625
45 28 36 45 20 0.015625
45 28 37 45 20 0.015625
45 28 38 45 20 0.015625
45 28 45 45 21 0.015625
45 28 46 45 21 0.015625
45 28 47 45 21 0.015625
45 28 48 45 21 0.015625
45 28 49 45 21 0.015625
45 28 50 45 21 0.015625
45 28 51 45 21 0.015625
45 28 58 45 22 0.015625
45 28 59 45 22 0.015625
45 28 60 45 22 0.015625
45 28 61 45 22 0.015625
45 28 62 45 22 0.015625
45 28 63 45 22 0.015625
45 28 64 45 22 0.015625
45 28 69 45 23 0.015625
45 28 78 45 73 0.015625
45 28 79 45 73 0.015625
45 28 81 45 73 0.015625
45 28 82 45 73 0.015625
45 28 83 45 73 0.015625
45 28 84 45 74 0.015625
45 28 85 45 74 0.015625
45 28 87 45 74 0.015625
45 28 88 45 74 0.015625
45 28 89 45 74 0.015625
45 28 90 45 75 0.015625
45 28 91 45 75 0.015625
45 28 93 45 75 0.015625
45 28 94 45 75 0.015625
45 28 95 45 75 0.015625
45 28 96 45 76 0.015625
45 28 97 45 76 0.015625
45 28 99 45 76 0.015625
45 28 100 45 76 0.015625
45 28 101 45 76 0.015625
45 28 102 45 77 0.015625
45 28 103 45 77 0.015625
45 28 105 45 77 0.015625
45 28 106 45 77 0.015625
45 28 107 45 77 0.015625
45 28 108 45 78 0.015625
45 28 109 45 78 0.015625
45 28 111 45 78 0.015625
45 28 112 45 78 0.015625
45 28 113 45 78 0.015625
45 28 114 45 79 0.015625
45 28 115 45 79 0.015625
45 28 117 45 79 0.015625
45 28 118 45 79 0.015625
45 28 119 45 79 0.015625
45 46 1 45 19 0.015625
45 46 2 45 20 0.015625
45 46 3 45 21 0.015625
45 46 4 45 22 0.015625
45 46 5 45 23 0.015625
45 46 13 45 66 0.015625
45 46 14 45 67 0.015625
45 46 15 45 68 0.015625
45 46 16 45 69 0.015625
45 46 17 45 70 0.015625
45 46 18 45 71 0.015625
45 46 19 45 72 0.015625
45 46 20 45 73 0.015625
45 46 21 45 74 0.015625
45 46 22 45 75 0.015625
45 46 23 45 76 0.015625
45 46 24 45 77 0.015625
45 46 25 45 78 0.015625
45 46 26 45 79 0.015625
45 46 69 45 38 0.015625
45 46 70 45 38 0.015625
45 46 71 45 38 0.015625
45 46 72 45 38 0.015625
45 46 73 45 38 0.015625
45 46 74 45 38 0.015625
45 46 75 45 38 0.015625
45 46 76 45 38 0.015625
45 46 77 45 38 0.015625
45 46 78 45 38 0.015625
45 46 79 45 38 0.015625
45 46 80 45 38 0.015625
45 46 81 45 38 0.015625
45 46 82 45 38 0.015625
45 46 90 45 39 0.015625
45 46 91 45 39 0.015625
45 46 92 45 39 0.015625
45 46 93 45 39 0.015625
45 46 94 45 39 0.015625
45 46 95 45 39 0.015625
45 46 96 45 39 0.015625
45 46 104 45 40 0.015625
45 46 105 45 40 0.015625
45 46 106 45 40 0.015625
45 46 107 45 40 0.015625
45 46 108 45 40 0.015625
45 46 109 45 40 0.015625
45 46 110 45 40 0.015625
45 46 120 45 41 0.015625
45 46 122 45 41 0.015625
45 46 124 45 41 0.015625
45 46 160 45 44 0.015625
45 46 161 45 44 0.015625
45 46 162 45 44 0.015625
45 46 163 45 44 0.015625
45 46 164 45 44 0.015625
45 46 165 45 44 0.015625
45 46 166 45 44 0.015625
45 46 167 45 66 0.015625
45 46 174 45 67 0.015625
45 46 181 45 68 0.015625
45 46 188 45 69 0.015625
45 46 195 45 70 0.015625
45 46 202 45 71 0.015625
45 46 209 45 72 0.015625
46 47 1 46 19 0.015625
46 47 2 46 20 0.015625
46 47 3 46 21 0.015625
46 47 4 46 22 0.015625
46 47 5 46 23 0.015625
46 47 13 46 66 0.015625
46 47 14 46 67 0.015625
46 47 15 46 68 0.015625
46 47 16 46 69 0.015625
46 47 17 46 70 0.015625
46 47 18 46 71 0.015625
46 47 19 46 72 0.015625
46 47 20 46 73 0.015625
46 47 21 46 74 0.015625
46 47 22 46 75 0.015625
46 47 23 46 76 0.015625
46 47 24 46 77 0.015625
46 47 25 46 78 0.015625
46 47 26 46 79 0.015625
46 47 41 46 20 0.015625
46 47 42 46 20 0.015625
46 47 43 46 20 0.015625
46 47 44 46 20 0.015625
46 47 45 46 20 0.015625
46 47 46 46 20 0.015625
46 47 47 46 20 0.015625
46 47 49 46 21 0.015625
46 47 50 46 21 0.015625
46 47 53 46 21 0.015625
46 47 62 46 23 0.015625
46 47 63 46 23 0.015625
46 47 64 46 23 0.015625
46 47 65 46 23 0.015625
46 47 66 46 23 0.015625
46 47 67 46 23 0.015625
46 47 68 46 23 0.015625
46 47 69 46 38 0.015625
46 47 70 46 38 0.015625
46 47 71 46 38 0.015625
46 47 72 46 38 0.015625
46 47 73 46 38 0.015625
46 47 74 46 38 0.015625
46 47 75 46 38 0.015625
46 47 76 46 38 0.015625
46 47 77 46 38 0.015625
46 47 78 46 38 0.015625
46 47 79 46 38 0.015625
46 47 80 46 38 0.015625
46 47 81 46 38 0.015625
46 47 82 46 38 0.015625
46 47 167 46 66 0.015625
46 47 174 46 67 0.015625
46 47 181 46 68 0.015625
46 47 188 46 69 0.015625
46 47 195 46 70 0.015625
46 47 202 46 71 0.015625
46 47 209 46 72 0.015625
46 47 222 46 73 0.015625
46 47 235 46 74 0.015625
46 47 248 46 75 0.015625
46 47 261 46 76 0.015625
46 47 274 46 77 0.015625
46 47 287 46 78 0.015625
46 47 300 46 79 0.015625
47 48 1 47 19 0.015625
47 48 2 47 20 0.015625
47 48 3 47 21 0.015625
47 48 4 47 22 0.015625
47 48 5 47 23 0.015625
47 48 13 47 66 0.015625
47 48 14 47 67 0.015625
47 48 15 47 68 0.015625
47 48 16 47 69 0.015625
47 48 17 47 70 0.015625
47 48 18 47 71 0.015625
47 48 19 47 72 0.015625
47 48 20 47 73 0.015625
47 48 21 47 74 0.015625
47 48 22 47 75 0.015625
47 48 23 47 76 0.015625
47 48 24 47 77 0.015625
47 48 25 47 78 0.015625
47 48 26 47 79 0.015625
47 48 41 47 20 0.015625
47 48 42 47 20 0.015625
47 48 43 47 20 0.015625
47 48 44 47 20 0.015625
47 48 45 47 20 0.015625
47 48 46 47 20 0.015625
47 48 47 47 20 0.015625
47 48 48 47 21 0.015625
47 48 50 47 21 0.015625
47 48 53 47 21 0.015625
47 48 62 47 23 0.015625
47 48 63 47 23 0.015625
47 48 64 47 23 0.015625
47 48 65 47 23 0.015625
47 48 66 47 23 0.015625
47 48 67 47 23 0.015625
47 48 68 47 23 0.015625
47 48 69 47 38 0.015625
47 48 70 47 38 0.015625
47 48 71 47 38 0.015625
47 48 72 47 38 0.015625
47 48 73 47 38 0.015625
47 48 74 47 38 0.015625
47 48 75 47 38 0.015625
47 48 76 47 38 0.015625
47 48 77 47 38 0.015625
47 48 78 47 38 0.015625
47 48 79 47 38 0.015625
47 48 80 47 38 0.015625
47 48 81 47 38 0.015625
47 48 82 47 38 0.015625
47 48 167 47 66 0.015625
47 48 174 47 67 0.015625
47 48 181 47 68 0.015625
47 48 188 47 69 0.015625
47 48 195 47 70 0.015625
47 48 202 47 71 0.015625
47 48 209 47 72 0.015625
47 48 222 47 73 0.015625
47 48 235 47 74 0.015625
47 48 248 47 75 0.015625
47 48 261 47 76 0.015625
47 48 274 47 77 0.015625
47 48 287 47 78 0.015625
47 48 300 47 79 0.015625
48 29 19 48 19 0.015625
48 29 20 48 19 0.015625
48 29 21 48 19 0.015625
48 29 22 48 19 0.015625
48 29 23 48 19 0.015625
48 29 24 48 19 0.015625
48 29 25 48 19 0.015625
48 29 32 48 20 0.015625
48 29 33 48 20 0.015625
48 29 34 48 20 0.015625
48 29 35 48 20 0.015625
48 29 36 48 20 0.015625
48 29 37 48 20 0.015625
48 29 38 48 20 0.015625
48 29 45 48 21 0.015625
48 29 46 48 21 0.015625
48 29 47 48 21 0.015625
48 29 48 48 21 0.015625
48 29 49 48 21 0.015625
48 29 50 48 21 0.015625
48 29 51 48 21 0.015625
48 29 58 48 22 0.015625
48 29 59 48 22 0.015625
48 29 60 48 22 0.015625
48 29 61 48 22 0.015625
48 29 62 48 22 0.015625
48 29 63 48 22 0.015625
48 29 64 48 22 0.015625
48 29 69 48 23 0.015625
48 29 78 48 73 0.015625
48 29 79 48 73 0.015625
48 29 81 48 73 0.015625
48 29 82 48 73 0.015625
48 29 83 48 73 0.015625
48 29 84 48 74 0.015625
48 29 85 48 74 0.015625
48 29 87 48 74 0.015625
48 29 88 48 74 0.015625
48 29 89 48 74 0.015625
48 29 90 48 75 0.015625
48 29 91 48 75 0.015625
48 29 93 48 75 0.015625
48 29 94 48 75 0.015625
48 29 95 48 75 0.015625
48 29 96 48 76 0.015625
48 29 97 48 76 0.015625
48 29 99 48 76 0.015625
48 29 100 48 76 0.015625
48 29 101 48 76 0.015625
48 29 102 48 77 0.015625
48 29 103 48 77 0.015625
48 29 105 48 77 0.015625
48 29 106 48 77 0.015625
48 29 107 48 77 0.015625
48 29 108 48 78 0.015625
48 29 109 48 78 0.015625
48 29 111 48 78 0.015625
48 29 112 48 78 0.015625
48 29 113 48 78 0.015625
48 29 114 48 79 0.015625
48 29 115 48 79 0.015625
48 29 117 48 79 0.015625
48 29 118 48 79 0.015625
48 29 119 48 79 0.015625
