7_75_100_1000_0_0 250 750 0.555298 0.111618 2.17619 9.98734 214.422 5.70957
7_75_100_1000_0_0 250 750 500 360823 12328752000 34168.4 721.646 24657504 1.56087e+08
7_75_100_1000_1_1 250 750 0.555298 0.111618 2.17619 9.98734 214.422 5.70957
7_75_100_1000_1_1 250 750 500 360823 12328752000 34168.4 721.646 24657504 1.56087e+08
7_75_100_1000_2_2 250 750 0.579966 0.112123 2.57586 10.1692 70.7708 6.18892
7_75_100_1000_2_2 250 750 500 359661 12558348000 34917.2 719.322 25116696 1.76165e+08
7_75_100_1000_3_3 250 750 0.55073 0.111239 2.22178 10.03 62.9137 5.74801
7_75_100_1000_3_3 250 750 500 360279 11941659000 33145.6 720.558 23883318 1.45056e+08
7_75_100_1000_4_4 250 750 0.572399 0.112288 2.39146 10.1435 70.2897 6.05505
7_75_100_1000_4_4 250 750 500 359771 12700432500 35301.4 719.542 25400865 1.74822e+08
7_75_100_1000_5_5 250 750 0.579765 0.111705 2.48229 10.3209 66.0088 6.15678
7_75_100_1000_5_5 250 750 500 359649 12752302500 35457.6 719.298 25504605 1.76553e+08
7_75_100_1000_6_6 250 750 0.570634 0.111644 2.33853 9.97857 349.783 5.91167
7_75_100_1000_6_6 250 750 500 359485 12161994000 33831.7 718.97 24323988 1.66944e+08
7_75_100_1000_7_7 250 750 0.600511 0.111516 2.48473 10.314 953.092 6.17513
7_75_100_1000_7_7 250 750 500 360334 12329956500 34218.1 720.668 24659913 1.78045e+08
7_75_100_1000_8_8 250 750 0.542899 0.11168 2.11074 9.99625 116.925 5.64351
7_75_100_1000_8_8 250 750 500 361062 12196603500 33779.8 722.124 24393207 1.37911e+08
7_75_100_1000_9_9 250 750 0.554227 0.111449 2.32617 10.0206 72.4763 5.80318
7_75_100_1000_9_9 250 750 500 359162 12139045500 33798.2 718.324 24278091 1.52021e+08
