0_4375_10000_100_0_0 25 75 0.610607 0.262564 1.3785 9.94242 139.869 4.61806
0_4375_10000_100_0_0 25 75 50 1143553 39920457000 34909.1 22871.1 798409140 5.75209e+09
0_4375_10000_100_1_1 25 75 0.610607 0.262564 1.3785 9.94242 139.869 4.61806
0_4375_10000_100_1_1 25 75 50 1143553 39920457000 34909.1 22871.1 798409140 5.75209e+09
0_4375_10000_100_2_2 25 75 0.616176 0.261286 1.38942 10.0613 114.791 4.69014
0_4375_10000_100_2_2 25 75 50 1142084 40035787500 35055 22841.7 800715750 5.94847e+09
0_4375_10000_100_3_3 25 75 0.604125 0.260594 1.35047 9.8639 154.011 4.53886
0_4375_10000_100_3_3 25 75 50 1142682 39804940500 34834.7 22853.6 796098810 5.66958e+09
0_4375_10000_100_4_4 25 75 0.608035 0.259005 1.33938 9.91161 178.928 4.57953
0_4375_10000_100_4_4 25 75 50 1141331 40010784000 35056.2 22826.6 800215680 5.99169e+09
0_4375_10000_100_5_5 25 75 0.622474 0.262855 1.40354 10.1038 110.065 4.75368
0_4375_10000_100_5_5 25 75 50 1143133 40164310500 35135.3 22862.7 803286210 5.96276e+09
0_4375_10000_100_6_6 25 75 0.60596 0.260768 1.34227 9.9341 91.0525 4.57343
0_4375_10000_100_6_6 25 75 50 1140611 39793557000 34887.9 22812.2 795871140 5.70132e+09
0_4375_10000_100_7_7 25 75 0.616908 0.263877 1.39435 9.98291 140.015 4.6943
0_4375_10000_100_7_7 25 75 50 1143847 40256781000 35194.2 22876.9 805135620 6.00358e+09
0_4375_10000_100_8_8 25 75 0.612495 0.260893 1.36913 9.95558 127.846 4.63727
0_4375_10000_100_8_8 25 75 50 1143657 40029736500 35001.5 22873.1 800594730 5.89547e+09
0_4375_10000_100_9_9 25 75 0.612086 0.260993 1.37266 9.98613 172.757 4.65689
0_4375_10000_100_9_9 25 75 50 1142997 39961582500 34962.1 22859.9 799231650 5.83665e+09
