0_6875_10000_100_0_0 25 75 0.604596 0.262288 1.3017 9.90217 240.037 4.41141
0_6875_10000_100_0_0 25 75 50 1825963 63852556500 34969.2 36519.3 1277051130 9.16426e+09
0_6875_10000_100_1_1 25 75 0.604596 0.262288 1.3017 9.90217 240.037 4.41141
0_6875_10000_100_1_1 25 75 50 1825963 63852556500 34969.2 36519.3 1277051130 9.16426e+09
0_6875_10000_100_2_2 25 75 0.599121 0.258957 1.25221 9.89543 230.014 4.32359
0_6875_10000_100_2_2 25 75 50 1824925 63609951000 34856.2 36498.5 1272199020 8.90533e+09
0_6875_10000_100_3_3 25 75 0.605062 0.262739 1.30389 9.91937 130.063 4.4196
0_6875_10000_100_3_3 25 75 50 1823027 63284586000 34714 36460.5 1265691720 8.7364e+09
0_6875_10000_100_4_4 25 75 0.599982 0.258982 1.27364 9.86737 170.094 4.36795
0_6875_10000_100_4_4 25 75 50 1824375 63694950000 34913.3 36487.5 1273899000 8.88954e+09
0_6875_10000_100_5_5 25 75 0.606788 0.260211 1.29081 9.97348 110.039 4.44124
0_6875_10000_100_5_5 25 75 50 1825457 63900496500 35005.2 36509.1 1278009930 9.3186e+09
0_6875_10000_100_6_6 25 75 0.593419 0.259578 1.25846 9.79371 164.678 4.3047
0_6875_10000_100_6_6 25 75 50 1822746 63679461000 34936 36454.9 1273589220 8.80866e+09
0_6875_10000_100_7_7 25 75 0.591873 0.257228 1.23869 9.79299 220.016 4.23793
0_6875_10000_100_7_7 25 75 50 1826165 63511848000 34778.8 36523.3 1270236960 9.08326e+09
0_6875_10000_100_8_8 25 75 0.593446 0.257883 1.24277 9.8253 190.035 4.28744
0_6875_10000_100_8_8 25 75 50 1824704 63401673000 34746.3 36494.1 1268033460 8.89003e+09
0_6875_10000_100_9_9 25 75 0.596885 0.257475 1.24717 9.87575 170.078 4.33242
0_6875_10000_100_9_9 25 75 50 1825622 63295723500 34670.8 36512.4 1265914470 8.66593e+09
