28_5_10_100_0_0 25 75 0.613885 0.129288 0.867219 12.1975 86.0407 4.79663
28_5_10_100_0_0 25 75 50 21681 751336500 34654.1 433.62 15026730 9.56044e+07
28_5_10_100_1_1 25 75 0.613885 0.129288 0.867219 12.1975 86.0407 4.79663
28_5_10_100_1_1 25 75 50 21681 751336500 34654.1 433.62 15026730 9.56044e+07
28_5_10_100_2_2 25 75 0.744751 0.128587 0.888487 16.0881 100.968 4.78161
28_5_10_100_2_2 25 75 50 21717 751053000 34583.6 434.34 15021060 8.96378e+07
28_5_10_100_3_3 25 75 0.700422 0.13255 0.728988 13.9286 110.735 4.31521
28_5_10_100_3_3 25 75 50 21678 735904500 33947.1 433.56 14718090 7.50247e+07
28_5_10_100_4_4 25 75 0.584337 0.13038 0.748482 11.4044 67.1985 4.447
28_5_10_100_4_4 25 75 50 21611 779662500 36077.1 432.22 15593250 8.83219e+07
28_5_10_100_5_5 25 75 0.696042 0.130391 0.811983 15.1421 195.209 5.06799
28_5_10_100_5_5 25 75 50 21625 762573000 35263.5 432.5 15251460 9.11511e+07
28_5_10_100_6_6 25 75 0.415212 0.12991 0.616942 9.75546 44.588 2.97345
28_5_10_100_6_6 25 75 50 21750 754216500 34676.6 435 15084330 7.14813e+07
28_5_10_100_7_7 25 75 0.662741 0.137198 1.06918 15.218 70.1712 5.67293
28_5_10_100_7_7 25 75 50 21727 785812500 36167.6 434.54 15716250 9.62188e+07
28_5_10_100_8_8 25 75 0.713874 0.126268 0.924132 17.3344 96.7451 5.73611
28_5_10_100_8_8 25 75 50 21785 732463500 33622.4 435.7 14649270 8.07227e+07
28_5_10_100_9_9 25 75 0.62586 0.120099 0.782851 14.1803 93.8036 4.94463
28_5_10_100_9_9 25 75 50 21546 728356500 33804.7 430.92 14567130 8.82177e+07
