1_85_100_320_0_0 80 240 0.527764 0.17857 0.838458 9.64746 360.91 3.23544
1_85_100_320_0_0 80 240 160 4295222 112006188000 26076.9 26845.1 700038675 2.11502e+09
1_85_100_320_1_1 80 240 0.527764 0.17857 0.838458 9.64746 360.91 3.23544
1_85_100_320_1_1 80 240 160 4295222 112006188000 26076.9 26845.1 700038675 2.11502e+09
1_85_100_320_2_2 80 240 0.540136 0.177893 0.831458 9.73742 350.542 3.22081
1_85_100_320_2_2 80 240 160 4295516 112012375500 26076.6 26847 7.00077e+08 2.11898e+09
1_85_100_320_3_3 80 240 0.519232 0.178531 0.839263 9.65023 360.034 3.27124
1_85_100_320_3_3 80 240 160 4296256 112051414500 26081.2 26851.6 7.00321e+08 2.1094e+09
1_85_100_320_4_4 80 240 0.531921 0.178157 0.83612 9.69783 390.008 3.25495
1_85_100_320_4_4 80 240 160 4296040 112037247000 26079.2 26850.2 7.00233e+08 2.17038e+09
1_85_100_320_5_5 80 240 0.519379 0.17835 0.834587 9.62789 364.685 3.2073
1_85_100_320_5_5 80 240 160 4296454 112103517000 26092.1 26852.8 7.00647e+08 2.13573e+09
1_85_100_320_6_6 80 240 0.514659 0.179043 0.838755 9.57995 380.035 3.22223
1_85_100_320_6_6 80 240 160 4295502 112064446500 26088.8 26846.9 7.00403e+08 2.09473e+09
1_85_100_320_7_7 80 240 0.530303 0.178421 0.837235 9.5842 356.809 3.22274
1_85_100_320_7_7 80 240 160 4296631 112048755000 26078.3 26853.9 7.00305e+08 2.15917e+09
1_85_100_320_8_8 80 240 0.544674 0.178456 0.837138 9.65889 396.283 3.2373
1_85_100_320_8_8 80 240 160 4295685 112083310500 26092.1 26848 7.00521e+08 2.21924e+09
1_85_100_320_9_9 80 240 0.534057 0.178427 0.837697 9.67756 422.16 3.25148
1_85_100_320_9_9 80 240 160 4295715 112163673000 26110.6 26848.2 7.01023e+08 2.18619e+09
