16_75_100_640_0_0 160 480 0.555268 0.166909 0.843609 10.2171 376.462 3.9021
16_75_100_640_0_0 160 480 320 695204 24239794500 34867.2 2172.51 7.57494e+07 5.71737e+08
16_75_100_640_1_1 160 480 0.555268 0.166909 0.843609 10.2171 376.462 3.9021
16_75_100_640_1_1 160 480 320 695204 24239794500 34867.2 2172.51 7.57494e+07 5.71737e+08
16_75_100_640_2_2 160 480 0.528217 0.168784 0.840274 10.0649 418.053 3.72061
16_75_100_640_2_2 160 480 320 695237 24259110000 34893.3 2172.62 7.58097e+07 5.41604e+08
16_75_100_640_3_3 160 480 0.531365 0.16949 0.818844 9.99666 1452.59 3.61833
16_75_100_640_3_3 160 480 320 695002 24361524000 35052.5 2171.88 7.61298e+07 5.4641e+08
16_75_100_640_4_4 160 480 0.563267 0.172847 0.904332 10.3392 293.914 4.09209
16_75_100_640_4_4 160 480 320 694989 24366268500 35059.9 2171.84 7.61446e+07 6.0285e+08
16_75_100_640_5_5 160 480 0.517753 0.168879 0.833987 9.93255 325.058 3.67482
16_75_100_640_5_5 160 480 320 694742 24138936000 34745.2 2171.07 75434175 4.78425e+08
16_75_100_640_6_6 160 480 0.5589 0.170513 0.85879 10.1559 555.522 3.84026
16_75_100_640_6_6 160 480 320 694425 24238864500 34904.9 2170.08 7.57465e+07 5.73155e+08
16_75_100_640_7_7 160 480 0.497326 0.16973 0.82006 9.74959 340.29 3.53189
16_75_100_640_7_7 160 480 320 694100 24225850500 34902.5 2169.06 7.57058e+07 4.9322e+08
16_75_100_640_8_8 160 480 0.505233 0.169181 0.813389 9.8268 378.277 3.52423
16_75_100_640_8_8 160 480 320 694320 24233725500 34902.8 2169.75 7.57304e+07 4.84385e+08
16_75_100_640_9_9 160 480 0.524486 0.167938 0.807551 9.91257 474.707 3.54784
16_75_100_640_9_9 160 480 320 694580 24194503500 34833.3 2170.56 7.56078e+07 5.308e+08
