0_43125_100000_100_0_0 25 75 0.450914 0.123951 0.629689 9.61704 120.077 2.021
0_43125_100000_100_0_0 25 75 50 1047139 23634235500 22570.3 20942.8 472684710 7.78452e+08
0_43125_100000_100_1_1 25 75 0.450914 0.123951 0.629689 9.61704 120.077 2.021
0_43125_100000_100_1_1 25 75 50 1047139 23634235500 22570.3 20942.8 472684710 7.78452e+08
0_43125_100000_100_2_2 25 75 0.487411 0.123429 0.629921 9.94531 125.003 2.15886
0_43125_100000_100_2_2 25 75 50 1047140 23634247500 22570.3 20942.8 472684950 8.13443e+08
0_43125_100000_100_3_3 25 75 0.481801 0.123517 0.630327 9.80406 113.95 2.12966
0_43125_100000_100_3_3 25 75 50 1047137 23633988000 22570.1 20942.7 472679760 8.16414e+08
0_43125_100000_100_4_4 25 75 0.462376 0.123437 0.626 9.62041 114.665 2.04645
0_43125_100000_100_4_4 25 75 50 1047139 23633877000 22570 20942.8 472677540 7.99069e+08
0_43125_100000_100_5_5 25 75 0.470743 0.123603 0.624189 9.7636 124.444 2.03976
0_43125_100000_100_5_5 25 75 50 1047137 23634208500 22570.3 20942.7 472684170 7.91288e+08
0_43125_100000_100_6_6 25 75 0.492887 0.12377 0.635692 10.1436 123.607 2.25156
0_43125_100000_100_6_6 25 75 50 1047139 23633896500 22570 20942.8 472677930 8.38833e+08
0_43125_100000_100_7_7 25 75 0.481014 0.12376 0.629917 9.92901 114.021 2.15486
0_43125_100000_100_7_7 25 75 50 1047140 23634240000 22570.3 20942.8 472684800 8.11657e+08
0_43125_100000_100_8_8 25 75 0.486046 0.123764 0.628576 9.88643 113.614 2.12546
0_43125_100000_100_8_8 25 75 50 1047137 23633988000 22570.1 20942.7 472679760 8.0265e+08
0_43125_100000_100_9_9 25 75 0.475026 0.123255 0.618714 9.61152 122.725 1.96963
0_43125_100000_100_9_9 25 75 50 1047140 23634244500 22570.3 20942.8 472684890 7.86694e+08
