2_125_1000_320_0_0 80 240 0.545379 0.20935 1.12506 9.90598 366.777 4.23365
2_125_1000_320_0_0 80 240 160 4777814 124724038500 26104.8 29861.3 7.79525e+08 2.72551e+09
2_125_1000_320_1_1 80 240 0.545379 0.20935 1.12506 9.90598 366.777 4.23365
2_125_1000_320_1_1 80 240 160 4777814 124724038500 26104.8 29861.3 7.79525e+08 2.72551e+09
2_125_1000_320_2_2 80 240 0.541586 0.20875 1.11913 9.86245 363.222 4.18115
2_125_1000_320_2_2 80 240 160 4778076 124655869500 26089.1 29863 7.79099e+08 2.63786e+09
2_125_1000_320_3_3 80 240 0.540769 0.20948 1.12032 9.86276 362.541 4.18742
2_125_1000_320_3_3 80 240 160 4777075 124616889000 26086.4 29856.7 7.78856e+08 2.61853e+09
2_125_1000_320_4_4 80 240 0.544188 0.20949 1.1234 9.87999 367.538 4.21439
2_125_1000_320_4_4 80 240 160 4776930 124612267500 26086.3 29855.8 7.78827e+08 2.69215e+09
2_125_1000_320_5_5 80 240 0.542877 0.208881 1.12204 9.86922 365.105 4.2076
2_125_1000_320_5_5 80 240 160 4778143 124663627500 26090.4 29863.4 7.79148e+08 2.70186e+09
2_125_1000_320_6_6 80 240 0.541785 0.209156 1.1161 9.8533 360.077 4.17349
2_125_1000_320_6_6 80 240 160 4777343 124689432000 26100.2 29858.4 779308950 2.73587e+09
2_125_1000_320_7_7 80 240 0.538962 0.208895 1.11315 9.81278 360.035 4.15318
2_125_1000_320_7_7 80 240 160 4777937 124690065000 26097.1 29862.1 7.79313e+08 2.67674e+09
2_125_1000_320_8_8 80 240 0.541289 0.209215 1.12261 9.84685 360.056 4.18762
2_125_1000_320_8_8 80 240 160 4776922 124641234000 26092.4 29855.8 7.79008e+08 2.71318e+09
2_125_1000_320_9_9 80 240 0.537767 0.208726 1.10483 9.86124 340.056 4.1587
2_125_1000_320_9_9 80 240 160 4778376 124674444000 26091.4 29864.8 779215275 2.6613e+09
