1_875_1000_320_0_0 80 240 0.584836 0.184265 0.900618 10.0549 369.041 3.60946
1_875_1000_320_0_0 80 240 160 4354382 113672092500 26105.2 27214.9 7.10451e+08 2.3592e+09
1_875_1000_320_1_1 80 240 0.584836 0.184265 0.900618 10.0549 369.041 3.60946
1_875_1000_320_1_1 80 240 160 4354382 113672092500 26105.2 27214.9 7.10451e+08 2.3592e+09
1_875_1000_320_2_2 80 240 0.60434 0.183432 0.891205 10.0824 368.731 3.57651
1_875_1000_320_2_2 80 240 160 4355101 113690728500 26105.2 27219.4 7.10567e+08 2.43485e+09
1_875_1000_320_3_3 80 240 0.571658 0.183363 0.885183 10.0185 394.299 3.53823
1_875_1000_320_3_3 80 240 160 4354952 113582868000 26081.3 27218.5 709892925 2.36001e+09
1_875_1000_320_4_4 80 240 0.570545 0.18351 0.898921 10.0848 394.729 3.62685
1_875_1000_320_4_4 80 240 160 4354275 113539755000 26075.5 27214.2 7.09623e+08 2.33671e+09
1_875_1000_320_5_5 80 240 0.557999 0.183636 0.880462 9.90152 366.617 3.46415
1_875_1000_320_5_5 80 240 160 4354961 113590017000 26082.9 27218.5 7.09938e+08 2.32507e+09
1_875_1000_320_6_6 80 240 0.562339 0.183767 0.882413 9.89566 390.053 3.47525
1_875_1000_320_6_6 80 240 160 4353982 113592852000 26089.4 27212.4 709955325 2.28888e+09
1_875_1000_320_7_7 80 240 0.556244 0.18357 0.885397 9.80232 360.021 3.48127
1_875_1000_320_7_7 80 240 160 4353880 113546167500 26079.3 27211.8 7.09664e+08 2.30268e+09
1_875_1000_320_8_8 80 240 0.580197 0.184104 0.896076 9.97831 399.95 3.55806
1_875_1000_320_8_8 80 240 160 4354123 113626258500 26096.2 27213.3 7.10164e+08 2.38749e+09
1_875_1000_320_9_9 80 240 0.546851 0.183485 0.889303 9.86757 397.509 3.4866
1_875_1000_320_9_9 80 240 160 4354189 113580312000 26085.3 27213.7 709876950 2.22073e+09
