0_8625_10000_100_0_0 25 75 0.588882 0.207286 1.10304 10.3581 150.019 4.46724
0_8625_10000_100_0_0 25 75 50 565017 19929181500 35271.8 11300.3 398583630 2.66145e+09
0_8625_10000_100_1_1 25 75 0.588882 0.207286 1.10304 10.3581 150.019 4.46724
0_8625_10000_100_1_1 25 75 50 565017 19929181500 35271.8 11300.3 398583630 2.66145e+09
0_8625_10000_100_2_2 25 75 0.594845 0.206332 1.08866 10.4419 107.066 4.42483
0_8625_10000_100_2_2 25 75 50 564696 19828968000 35114.4 11293.9 396579360 2.68648e+09
0_8625_10000_100_3_3 25 75 0.582142 0.205101 1.0684 10.2741 219.873 4.30804
0_8625_10000_100_3_3 25 75 50 565321 19819746000 35059.3 11306.4 396394920 2.60961e+09
0_8625_10000_100_4_4 25 75 0.598701 0.206699 1.13965 10.4365 151.457 4.59552
0_8625_10000_100_4_4 25 75 50 564793 19834941000 35119 11295.9 396698820 2.67518e+09
0_8625_10000_100_5_5 25 75 0.597427 0.204636 1.09581 10.4541 117.707 4.49419
0_8625_10000_100_5_5 25 75 50 565582 19747186500 34914.8 11311.6 394943730 2.58196e+09
0_8625_10000_100_6_6 25 75 0.582757 0.206089 1.04989 10.2784 107.197 4.25985
0_8625_10000_100_6_6 25 75 50 565246 19814325000 35054.3 11304.9 396286500 2.66045e+09
0_8625_10000_100_7_7 25 75 0.588675 0.206947 1.0659 10.3162 110.594 4.27345
0_8625_10000_100_7_7 25 75 50 565045 20008692000 35410.8 11300.9 400173840 2.76481e+09
0_8625_10000_100_8_8 25 75 0.593044 0.204083 1.08055 10.4586 230.04 4.46428
0_8625_10000_100_8_8 25 75 50 566054 19884589500 35128.4 11321.1 397691790 2.64159e+09
0_8625_10000_100_9_9 25 75 0.596194 0.205784 1.09393 10.3811 220.01 4.41227
0_8625_10000_100_9_9 25 75 50 565136 19801756500 35038.9 11302.7 396035130 2.54215e+09
