5_5_10_640_0_0 160 480 0.737741 0.0683067 0.358575 10.2355 600.032 1.56954
5_5_10_640_0_0 160 480 320 228122 7869114000 34495.2 712.881 2.4591e+07 1.77599e+08
5_5_10_640_1_1 160 480 0.737741 0.0683067 0.358575 10.2355 600.032 1.56954
5_5_10_640_1_1 160 480 320 228122 7869114000 34495.2 712.881 2.4591e+07 1.77599e+08
5_5_10_640_2_2 160 480 0.338072 0.0691474 0.351892 7.06392 406.145 1.14595
5_5_10_640_2_2 160 480 320 228111 7973554500 34954.7 712.847 2.49174e+07 1.0183e+08
5_5_10_640_3_3 160 480 0.274169 0.0690676 0.343966 6.06973 105.597 1.0332
5_5_10_640_3_3 160 480 320 228363 7997656500 35021.7 713.634 2.49927e+07 6.3943e+07
5_5_10_640_4_4 160 480 0.367006 0.0701851 0.366895 8.30414 332.834 1.48553
5_5_10_640_4_4 160 480 320 227890 8009167500 35144.9 712.156 2.50286e+07 9.85632e+07
5_5_10_640_5_5 160 480 0.283465 0.0686809 0.338753 4.85604 321.573 0.892752
5_5_10_640_5_5 160 480 320 227712 7900957500 34697.2 711.6 2.46905e+07 7.46069e+07
5_5_10_640_6_6 160 480 0.277809 0.0686597 0.348696 6.26955 332.078 1.08233
5_5_10_640_6_6 160 480 320 228206 7953705000 34853.2 713.144 2.48553e+07 6.82283e+07
5_5_10_640_7_7 160 480 0.388473 0.0696173 0.362418 7.839 375.484 1.39043
5_5_10_640_7_7 160 480 320 227826 8021512500 35208.9 711.956 2.50672e+07 9.85746e+07
5_5_10_640_8_8 160 480 0.484404 0.0690676 0.351288 7.4273 613.853 1.22435
5_5_10_640_8_8 160 480 320 227407 8009569500 35221.3 710.647 2.50299e+07 1.3614e+08
5_5_10_640_9_9 160 480 0.351124 0.0701424 0.367437 8.2278 269.296 1.47014
5_5_10_640_9_9 160 480 320 227789 8029831500 35251.2 711.841 2.50932e+07 1.11934e+08
