2_0_0_320_0_0 80 240 0.566955 0.194014 0.840367 9.68956 392.643 2.95894
2_0_0_320_0_0 80 240 160 4221180 120166180500 28467.4 26382.4 7.51039e+08 2.63431e+09
2_0_0_320_1_1 80 240 0.566955 0.194014 0.840367 9.68956 392.643 2.95894
2_0_0_320_1_1 80 240 160 4221180 120166180500 28467.4 26382.4 7.51039e+08 2.63431e+09
2_0_0_320_2_2 80 240 0.580326 0.194453 0.84936 9.78243 392.035 3.03343
2_0_0_320_2_2 80 240 160 4221190 120166362000 28467.4 26382.4 7.5104e+08 2.70145e+09
2_0_0_320_3_3 80 240 0.585867 0.193891 0.843506 9.80182 390.044 3.03223
2_0_0_320_3_3 80 240 160 4221188 120166338000 28467.4 26382.4 7.5104e+08 2.77598e+09
2_0_0_320_4_4 80 240 0.581068 0.193495 0.830507 9.62993 391.849 2.90203
2_0_0_320_4_4 80 240 160 4221187 120166530000 28467.5 26382.4 7.51041e+08 2.66791e+09
2_0_0_320_5_5 80 240 0.586626 0.193989 0.840493 9.71703 399.611 2.96997
2_0_0_320_5_5 80 240 160 4221188 120166491000 28467.5 26382.4 7.51041e+08 2.69806e+09
2_0_0_320_6_6 80 240 0.580972 0.1936 0.848961 9.85357 393.207 3.05808
2_0_0_320_6_6 80 240 160 4221183 120166285500 28467.4 26382.4 7.51039e+08 2.73353e+09
2_0_0_320_7_7 80 240 0.604274 0.193842 0.835027 9.66991 368.745 2.93457
2_0_0_320_7_7 80 240 160 4221187 120164560500 28467 26382.4 7.51029e+08 2.79627e+09
2_0_0_320_8_8 80 240 0.597622 0.193439 0.840952 9.70961 366.555 2.98131
2_0_0_320_8_8 80 240 160 4221188 120166510500 28467.5 26382.4 7.51041e+08 2.7699e+09
2_0_0_320_9_9 80 240 0.577379 0.193944 0.838131 9.64827 395.736 2.93448
2_0_0_320_9_9 80 240 160 4221186 120166309500 28467.4 26382.4 7.51039e+08 2.56488e+09
