19_5_10_100_0_0 25 75 0.393794 0.0948102 0.521334 9.55456 50.6329 2.79746
19_5_10_100_0_0 25 75 50 14832 521211000 35141 296.64 10424220 3.49122e+07
19_5_10_100_1_1 25 75 0.393794 0.0948102 0.521334 9.55456 50.6329 2.79746
19_5_10_100_1_1 25 75 50 14832 521211000 35141 296.64 10424220 3.49122e+07
19_5_10_100_2_2 25 75 0.526599 0.100772 0.596748 10.3675 86.7044 3.22452
19_5_10_100_2_2 25 75 50 14869 536604000 36088.8 297.38 10732080 4.25161e+07
19_5_10_100_3_3 25 75 0.27643 0.0912154 0.413927 6.53935 34.9287 1.45822
19_5_10_100_3_3 25 75 50 14789 486525000 32897.8 295.78 9730500 2.1812e+07
19_5_10_100_4_4 25 75 0.624012 0.0920421 0.542265 11.2564 83.3117 3.40025
19_5_10_100_4_4 25 75 50 14706 552063000 37540 294.12 11041260 6.04113e+07
19_5_10_100_5_5 25 75 0.349361 0.0933696 0.445292 7.87586 43.8331 1.91703
19_5_10_100_5_5 25 75 50 14938 527371500 35304 298.76 10547430 3.23819e+07
19_5_10_100_6_6 25 75 0.335872 0.0935575 0.452977 7.19397 65.9304 1.83362
19_5_10_100_6_6 25 75 50 14898 536458500 36008.8 297.96 10729170 3.82845e+07
19_5_10_100_7_7 25 75 0.404307 0.0963412 0.484113 9.56011 43.0036 2.24726
19_5_10_100_7_7 25 75 50 14846 530050500 35703.3 296.92 10601010 2.90126e+07
19_5_10_100_8_8 25 75 0.325457 0.0931393 0.497357 8.0687 23.1241 2.37108
19_5_10_100_8_8 25 75 50 14824 502713000 33912.1 296.48 10054260 2.5268e+07
19_5_10_100_9_9 25 75 0.635549 0.0918016 0.472154 13.4051 112.667 3.18743
19_5_10_100_9_9 25 75 50 14652 505801500 34521 293.04 10116030 4.21495e+07
