2_59375_100000_100_0_0 25 75 0.394833 0.0772702 0.427992 9.00486 97.9658 2.04811
2_59375_100000_100_0_0 25 75 50 188240 6448162500 34255 3764.8 128963250 4.34144e+08
2_59375_100000_100_1_1 25 75 0.394833 0.0772702 0.427992 9.00486 97.9658 2.04811
2_59375_100000_100_1_1 25 75 50 188240 6448162500 34255 3764.8 128963250 4.34144e+08
2_59375_100000_100_2_2 25 75 0.397657 0.0797966 0.461566 9.42477 108.05 2.31011
2_59375_100000_100_2_2 25 75 50 188121 6614649000 35161.7 3762.42 132292980 4.69804e+08
2_59375_100000_100_3_3 25 75 0.38413 0.0792502 0.438463 9.33071 97.9576 2.07332
2_59375_100000_100_3_3 25 75 50 188643 6539910000 34668.2 3772.86 130798200 4.57271e+08
2_59375_100000_100_4_4 25 75 0.382086 0.0809956 0.440489 9.25999 87.1538 2.13147
2_59375_100000_100_4_4 25 75 50 188497 6614976000 35093.3 3769.94 132299520 4.80493e+08
2_59375_100000_100_5_5 25 75 0.399998 0.0810867 0.439641 9.01464 98.4541 1.97454
2_59375_100000_100_5_5 25 75 50 188194 6643822500 35303.1 3763.88 132876450 4.78828e+08
2_59375_100000_100_6_6 25 75 0.379582 0.0791273 0.432473 8.58544 104.053 1.91142
2_59375_100000_100_6_6 25 75 50 188176 6500619000 34545.4 3763.52 130012380 4.63097e+08
2_59375_100000_100_7_7 25 75 0.371655 0.0806477 0.434412 8.86895 122.014 1.93604
2_59375_100000_100_7_7 25 75 50 188033 6658923000 35413.6 3760.66 133178460 5.06498e+08
2_59375_100000_100_8_8 25 75 0.326937 0.0788894 0.421869 7.82525 75.5904 1.71332
2_59375_100000_100_8_8 25 75 50 187720 6561043500 34951.2 3754.4 131220870 4.24388e+08
2_59375_100000_100_9_9 25 75 0.42262 0.0803677 0.448966 9.31479 106.177 2.20651
2_59375_100000_100_9_9 25 75 50 187946 6595362000 35091.8 3758.92 131907240 4.96442e+08
