17_0_0_640_0_0 160 480 0.515551 0.157807 0.739014 10.081 299.615 3.42243
17_0_0_640_0_0 160 480 320 705641 24605584500 34869.8 2205.13 7.68925e+07 5.12101e+08
17_0_0_640_1_1 160 480 0.515551 0.157807 0.739014 10.081 299.615 3.42243
17_0_0_640_1_1 160 480 320 705641 24605584500 34869.8 2205.13 7.68925e+07 5.12101e+08
17_0_0_640_2_2 160 480 0.482843 0.158921 0.722302 9.61267 558.486 3.17074
17_0_0_640_2_2 160 480 320 705637 24620752500 34891.5 2205.12 7.69399e+07 4.80315e+08
17_0_0_640_3_3 160 480 0.494394 0.159508 0.729447 9.88492 309.927 3.26587
17_0_0_640_3_3 160 480 320 705324 24665440500 34970.4 2204.14 7.70795e+07 4.39569e+08
17_0_0_640_4_4 160 480 0.506104 0.160462 0.760348 9.91288 357.336 3.43319
17_0_0_640_4_4 160 480 320 705403 24735172500 35065.3 2204.38 7.72974e+07 5.01516e+08
17_0_0_640_5_5 160 480 0.486447 0.158989 0.73909 9.7065 338.519 3.28803
17_0_0_640_5_5 160 480 320 705221 24533565000 34788.5 2203.82 7.66674e+07 4.70187e+08
17_0_0_640_6_6 160 480 0.473805 0.159249 0.730589 9.55064 379.258 3.18998
17_0_0_640_6_6 160 480 320 704761 24589678500 34890.8 2202.38 7.68427e+07 4.61417e+08
17_0_0_640_7_7 160 480 0.500241 0.159221 0.751257 9.92025 273.348 3.37603
17_0_0_640_7_7 160 480 320 704430 24650667000 34993.8 2201.34 7.70333e+07 5.17393e+08
17_0_0_640_8_8 160 480 0.471814 0.15942 0.723525 9.45493 272.196 3.15643
17_0_0_640_8_8 160 480 320 704443 24553479000 34855.2 2201.38 7.67296e+07 4.52625e+08
17_0_0_640_9_9 160 480 0.520623 0.158399 0.735324 9.88857 850.16 3.34325
17_0_0_640_9_9 160 480 320 705003 24606306000 34902.4 2203.13 7.68947e+07 5.72805e+08
