0 1 3 0 22 0.015625
0 1 5 0 59 0.078125
0 1 6 0 40 0.078125
0 1 7 0 79 0.109375
0 1 8 0 53 0.03125
0 1 11 0 23 0.03125
0 1 19 0 25 0.015625
0 1 21 0 25 0.03125
0 1 25 0 11 0.015625
0 1 28 0 47 0.015625
0 1 29 0 37 0.015625
0 1 36 0 63 0.078125
0 1 37 0 53 0.03125
0 1 38 0 70 0.015625
0 1 40 0 29 0.015625
0 1 41 0 43 0.046875
0 1 42 0 45 0.015625
0 1 43 0 45 0.0625
0 1 57 0 46 0.015625
0 1 64 0 25 0.03125
0 1 65 0 25 0.015625
0 1 77 0 54 0.03125
0 1 78 0 54 0.015625
0 1 79 0 59 0.015625
0 1 83 0 47 0.015625
0 1 85 0 37 0.03125
0 1 95 0 63 0.015625
0 1 97 0 63 0.03125
0 1 100 0 53 0.046875
0 1 101 0 70 0.015625
0 1 117 0 25 0.015625
1 2 0 1 2 0.09375
1 2 1 1 72 0.015625
1 2 2 1 56 0.03125
1 2 3 1 55 0.078125
1 2 4 1 40 0.0625
1 2 6 1 0 0.015625
1 2 7 1 0 0.03125
1 2 8 1 77 0.046875
1 2 10 1 77 0.03125
1 2 11 1 52 0.0625
1 2 17 1 22 0.015625
1 2 18 1 79 0.015625
1 2 21 1 79 0.015625
1 2 22 1 79 0.0625
1 2 27 1 62 0.046875
1 2 28 1 62 0.03125
1 2 30 1 59 0.015625
1 2 31 1 59 0.03125
1 2 36 1 55 0.015625
1 2 37 1 5 0.015625
1 2 38 1 5 0.03125
1 2 40 1 64 0.03125
1 2 41 1 64 0.015625
1 2 44 1 66 0.03125
1 2 45 1 40 0.015625
1 2 46 1 40 0.015625
1 2 61 1 22 0.015625
1 2 62 1 22 0.015625
1 2 67 1 35 0.015625
1 2 70 1 72 0.03125
1 2 82 1 59 0.015625
1 2 98 1 64 0.03125
2 3 0 2 72 0.046875
2 3 1 2 34 0.03125
2 3 2 2 43 0.03125
2 3 3 2 63 0.046875
2 3 4 2 41 0.03125
2 3 5 2 24 0.03125
2 3 6 2 45 0.078125
2 3 7 2 1 0.015625
2 3 8 2 39 0.015625
2 3 9 2 39 0.015625
2 3 13 2 46 0.03125
2 3 15 2 56 0.046875
2 3 17 2 42 0.046875
2 3 18 2 42 0.015625
2 3 19 2 72 0.015625
2 3 22 2 72 0.03125
2 3 23 2 55 0.015625
2 3 25 2 40 0.015625
2 3 30 2 20 0.015625
2 3 35 2 25 0.03125
2 3 38 2 44 0.03125
2 3 39 2 44 0.03125
2 3 41 2 69 0.046875
2 3 47 2 63 0.015625
2 3 49 2 74 0.046875
2 3 53 2 68 0.0625
2 3 54 2 68 0.015625
2 3 55 2 37 0.015625
2 3 71 2 42 0.015625
2 3 86 2 44 0.015625
2 3 89 2 75 0.015625
2 3 93 2 63 0.015625
2 3 95 2 63 0.015625
2 3 96 2 41 0.015625
2 3 105 2 74 0.015625
2 3 147 2 69 0.015625
3 4 0 3 4 0.078125
3 4 1 3 57 0.046875
3 4 2 3 60 0.046875
3 4 3 3 45 0.046875
3 4 4 3 50 0.046875
3 4 5 3 5 0.0625
3 4 6 3 71 0.046875
3 4 8 3 47 0.03125
3 4 10 3 41 0.015625
3 4 13 3 36 0.0625
3 4 16 3 60 0.03125
3 4 17 3 62 0.046875
3 4 19 3 62 0.015625
3 4 21 3 76 0.046875
3 4 23 3 24 0.015625
3 4 25 3 32 0.03125
3 4 34 3 65 0.015625
3 4 38 3 51 0.015625
3 4 39 3 51 0.046875
3 4 43 3 48 0.046875
3 4 52 3 36 0.015625
3 4 56 3 62 0.015625
3 4 57 3 62 0.015625
3 4 59 3 63 0.015625
3 4 67 3 43 0.03125
3 4 71 3 72 0.015625
3 4 79 3 65 0.015625
3 4 80 3 65 0.015625
3 4 81 3 65 0.03125
3 4 83 3 47 0.015625
3 4 87 3 48 0.015625
4 5 0 4 5 0.09375
4 5 2 4 73 0.0625
4 5 3 4 60 0.078125
4 5 4 4 33 0.015625
4 5 5 4 3 0.046875
4 5 6 4 56 0.015625
4 5 7 4 56 0.015625
4 5 13 4 57 0.0625
4 5 16 4 22 0.015625
4 5 18 4 42 0.015625
4 5 21 4 71 0.03125
4 5 22 4 50 0.0625
4 5 38 4 47 0.03125
4 5 39 4 47 0.0625
4 5 40 4 55 0.046875
4 5 41 4 38 0.015625
4 5 42 4 45 0.015625
4 5 43 4 45 0.03125
4 5 50 4 46 0.015625
4 5 53 4 25 0.015625
4 5 54 4 25 0.0625
4 5 58 4 42 0.015625
4 5 66 4 50 0.015625
4 5 82 4 60 0.015625
4 5 88 4 38 0.015625
4 5 89 4 38 0.015625
4 5 90 4 54 0.03125
4 5 95 4 54 0.046875
4 5 113 4 42 0.015625
4 5 117 4 21 0.015625
5 0 2 5 29 0.015625
5 0 4 5 37 0.03125
5 0 5 5 40 0.140625
5 0 6 5 43 0.1875
5 0 7 5 63 0.03125
5 0 8 5 4 0.015625
5 0 14 5 74 0.015625
5 0 15 5 74 0.015625
5 0 16 5 74 0.015625
5 0 17 5 61 0.015625
5 0 18 5 61 0.015625
5 0 20 5 36 0.015625
5 0 21 5 36 0.015625
5 0 22 5 36 0.015625
5 0 25 5 58 0.015625
5 0 27 5 52 0.015625
5 0 28 5 52 0.03125
5 0 33 5 51 0.015625
5 0 37 5 48 0.09375
5 0 47 5 73 0.015625
5 0 49 5 69 0.03125
5 0 50 5 69 0.03125
5 0 55 5 60 0.015625
5 0 62 5 74 0.015625
5 0 67 5 61 0.0625
5 0 68 5 61 0.03125
5 0 109 5 63 0.015625
5 0 114 5 69 0.015625
5 0 116 5 60 0.015625
5 0 117 5 60 0.015625
5 0 128 5 58 0.015625
5 6 0 5 1 0.09375
5 6 1 5 4 0.015625
5 6 2 5 74 0.03125
5 6 4 5 58 0.109375
5 6 5 5 52 0.015625
5 6 6 5 51 0.0625
5 6 8 5 33 0.015625
5 6 9 5 64 0.015625
5 6 10 5 37 0.09375
5 6 11 5 40 0.046875
5 6 12 5 63 0.03125
5 6 16 5 74 0.015625
5 6 19 5 61 0.046875
5 6 30 5 48 0.015625
5 6 36 5 63 0.015625
5 6 37 5 63 0.03125
5 6 38 5 73 0.046875
5 6 40 5 69 0.015625
5 6 41 5 69 0.03125
5 6 44 5 60 0.015625
5 6 51 5 61 0.015625
5 6 52 5 61 0.015625
5 6 61 5 51 0.015625
5 6 65 5 48 0.015625
5 6 77 5 43 0.03125
5 6 81 5 43 0.015625
5 6 83 5 73 0.015625
5 6 84 5 73 0.015625
5 6 88 5 69 0.015625
5 6 93 5 60 0.03125
5 6 95 5 60 0.046875
6 0 0 6 1 0.015625
6 0 2 6 37 0.046875
6 0 3 6 40 0.046875
6 0 5 6 63 0.015625
6 0 7 6 21 0.03125
6 0 8 6 79 0.140625
6 0 12 6 4 0.015625
6 0 14 6 26 0.078125
6 0 18 6 76 0.078125
6 0 23 6 51 0.015625
6 0 25 6 72 0.03125
6 0 31 6 74 0.015625
6 0 34 6 78 0.046875
6 0 37 6 50 0.046875
6 0 38 6 50 0.03125
6 0 39 6 52 0.015625
6 0 40 6 52 0.0625
6 0 41 6 67 0.015625
6 0 43 6 67 0.078125
6 0 47 6 57 0.046875
6 0 50 6 62 0.078125
6 0 62 6 76 0.015625
6 0 92 6 74 0.015625
6 0 116 6 62 0.015625
6 1 0 6 1 0.328125
6 1 2 6 72 0.015625
6 1 4 6 40 0.015625
6 1 5 6 52 0.03125
6 1 6 6 79 0.015625
6 1 7 6 62 0.03125
6 1 10 6 26 0.03125
6 1 16 6 76 0.015625
6 1 20 6 58 0.015625
6 1 23 6 33 0.015625
6 1 24 6 51 0.125
6 1 33 6 74 0.015625
6 1 34 6 74 0.03125
6 1 40 6 50 0.125
6 1 42 6 52 0.046875
6 1 45 6 67 0.015625
6 1 54 6 4 0.015625
6 1 57 6 26 0.03125
6 1 58 6 26 0.015625
6 1 84 6 50 0.03125
6 1 86 6 50 0.015625
6 1 99 6 57 0.015625
6 7 0 6 64 0.078125
6 7 1 6 76 0.03125
6 7 2 6 58 0.03125
6 7 3 6 51 0.046875
6 7 4 6 37 0.046875
6 7 5 6 27 0.03125
6 7 6 6 57 0.0625
6 7 10 6 26 0.015625
6 7 11 6 26 0.015625
6 7 14 6 64 0.015625
6 7 18 6 58 0.015625
6 7 20 6 58 0.078125
6 7 22 6 72 0.015625
6 7 26 6 37 0.03125
6 7 31 6 40 0.015625
6 7 32 6 40 0.0625
6 7 37 6 74 0.0625
6 7 41 6 78 0.046875
6 7 42 6 52 0.03125
6 7 45 6 67 0.03125
6 7 49 6 21 0.0625
6 7 55 6 79 0.015625
6 7 71 6 72 0.078125
6 7 86 6 78 0.03125
6 7 101 6 27 0.015625
6 7 104 6 62 0.015625
6 7 105 6 62 0.015625
7 8 0 7 8 0.046875
7 8 1 7 73 0.015625
7 8 2 7 70 0.03125
7 8 3 7 42 0.015625
7 8 4 7 64 0.046875
7 8 5 7 51 0.046875
7 8 6 7 65 0.046875
7 8 7 7 39 0.046875
7 8 8 7 28 0.046875
7 8 9 7 77 0.046875
7 8 10 7 35 0.046875
7 8 11 7 68 0.03125
7 8 13 7 5 0.03125
7 8 15 7 70 0.03125
7 8 16 7 42 0.015625
7 8 18 7 42 0.015625
7 8 20 7 37 0.015625
7 8 24 7 57 0.015625
7 8 25 7 27 0.03125
7 8 26 7 44 0.046875
7 8 29 7 32 0.015625
7 8 30 7 24 0.015625
7 8 31 7 76 0.015625
7 8 32 7 62 0.046875
7 8 33 7 62 0.015625
7 8 34 7 77 0.015625
7 8 35 7 68 0.03125
7 8 41 7 73 0.03125
7 8 52 7 57 0.03125
7 8 60 7 27 0.015625
7 8 82 7 76 0.015625
7 8 85 7 60 0.03125
7 8 96 7 37 0.015625
7 8 103 7 55 0.015625
7 8 124 7 60 0.015625
8 9 0 8 11 0.03125
8 9 1 8 73 0.03125
8 9 2 8 52 0.046875
8 9 3 8 65 0.046875
8 9 4 8 61 0.046875
8 9 7 8 4 0.015625
8 9 8 8 4 0.03125
8 9 10 8 7 0.03125
8 9 15 8 63 0.015625
8 9 16 8 25 0.015625
8 9 17 8 25 0.015625
8 9 18 8 28 0.03125
8 9 19 8 28 0.015625
8 9 20 8 78 0.015625
8 9 22 8 39 0.015625
8 9 23 8 39 0.015625
8 9 28 8 68 0.015625
8 9 29 8 68 0.03125
8 9 31 8 20 0.015625
8 9 32 8 20 0.015625
8 9 36 8 33 0.015625
8 9 38 8 33 0.015625
8 9 42 8 43 0.015625
8 9 45 8 79 0.015625
8 9 46 8 79 0.015625
8 9 48 8 41 0.015625
8 9 49 8 41 0.03125
8 9 50 8 42 0.015625
8 9 51 8 42 0.015625
8 9 52 8 64 0.015625
8 9 53 8 64 0.015625
8 9 56 8 51 0.015625
8 9 57 8 51 0.03125
8 9 58 8 0 0.03125
8 9 69 8 63 0.015625
8 9 87 8 35 0.015625
8 9 89 8 35 0.015625
8 9 96 8 20 0.015625
8 9 98 8 70 0.015625
8 9 99 8 70 0.015625
8 9 100 8 70 0.015625
8 9 106 8 43 0.015625
8 9 117 8 64 0.015625
8 9 118 8 0 0.015625
8 9 132 8 35 0.015625
8 9 142 8 1 0.03125
8 9 144 8 78 0.015625
8 9 147 8 79 0.015625
9 7 0 9 5 0.015625
9 7 1 9 16 0.0625
9 7 2 9 65 0.078125
9 7 3 9 14 0.078125
9 7 4 9 73 0.0625
9 7 5 9 60 0.015625
9 7 6 9 57 0.046875
9 7 7 9 58 0.03125
9 7 9 9 5 0.015625
9 7 20 9 56 0.03125
9 7 21 9 30 0.015625
9 7 24 9 73 0.015625
9 7 30 9 13 0.109375
9 7 38 9 19 0.03125
9 7 44 9 15 0.015625
9 7 45 9 15 0.03125
9 7 46 9 75 0.015625
9 7 51 9 26 0.046875
9 7 52 9 26 0.015625
9 7 57 9 6 0.03125
9 7 65 9 56 0.03125
9 7 66 9 56 0.015625
9 7 75 9 66 0.046875
9 7 76 9 66 0.015625
9 7 77 9 66 0.015625
9 7 84 9 69 0.03125
9 7 85 9 69 0.015625
9 7 87 9 71 0.015625
9 7 102 9 67 0.03125
9 7 109 9 31 0.015625
9 10 0 9 6 0.015625
9 10 1 9 52 0.0625
9 10 3 9 60 0.046875
9 10 4 9 19 0.046875
9 10 5 9 71 0.046875
9 10 6 9 15 0.046875
9 10 7 9 23 0.046875
9 10 8 9 75 0.046875
9 10 9 9 40 0.0625
9 10 11 9 5 0.015625
9 10 12 9 5 0.015625
9 10 13 9 5 0.015625
9 10 14 9 6 0.015625
9 10 18 9 61 0.046875
9 10 22 9 31 0.046875
9 10 25 9 65 0.015625
9 10 29 9 30 0.03125
9 10 30 9 30 0.015625
9 10 33 9 73 0.015625
9 10 34 9 11 0.015625
9 10 37 9 11 0.03125
9 10 46 9 58 0.015625
9 10 49 9 26 0.03125
9 10 52 9 67 0.015625
9 10 57 9 61 0.015625
9 10 61 9 31 0.015625
9 10 64 9 56 0.03125
9 10 73 9 66 0.015625
9 10 79 9 69 0.015625
9 10 80 9 69 0.03125
9 10 86 9 57 0.015625
9 10 87 9 57 0.015625
9 10 88 9 57 0.015625
9 10 100 9 67 0.015625
9 10 121 9 23 0.015625
9 10 124 9 58 0.03125
10 6 0 10 6 0.109375
10 6 1 10 4 0.0625
10 6 2 10 52 0.09375
10 6 3 10 76 0.046875
10 6 4 10 64 0.078125
10 6 5 10 21 0.0625
10 6 6 10 33 0.015625
10 6 7 10 63 0.015625
10 6 8 10 40 0.015625
10 6 10 10 2 0.015625
10 6 12 10 53 0.015625
10 6 13 10 53 0.015625
10 6 17 10 49 0.03125
10 6 18 10 32 0.015625
10 6 21 10 48 0.015625
10 6 22 10 48 0.03125
10 6 27 10 59 0.015625
10 6 28 10 59 0.03125
10 6 35 10 23 0.046875
10 6 37 10 19 0.03125
10 6 39 10 18 0.046875
10 6 40 10 43 0.03125
10 6 44 10 75 0.015625
10 6 45 10 2 0.015625
10 6 56 10 64 0.015625
10 6 68 10 48 0.015625
10 6 69 10 48 0.015625
10 6 85 10 23 0.03125
10 6 98 10 43 0.046875
10 11 0 10 0 0.109375
10 11 1 10 2 0.0625
10 11 2 10 76 0.0625
10 11 4 10 63 0.078125
10 11 5 10 43 0.015625
10 11 7 10 75 0.0625
10 11 8 10 40 0.09375
10 11 9 10 2 0.015625
10 11 10 10 2 0.015625
10 11 14 10 4 0.046875
10 11 20 10 53 0.03125
10 11 21 10 53 0.015625
10 11 22 10 53 0.046875
10 11 24 10 52 0.015625
10 11 27 10 49 0.0625
10 11 28 10 32 0.015625
10 11 29 10 32 0.015625
10 11 34 10 48 0.015625
10 11 40 10 59 0.015625
10 11 41 10 59 0.015625
10 11 50 10 71 0.078125
10 11 53 10 63 0.015625
10 11 57 10 43 0.015625
10 11 71 10 64 0.015625
10 11 90 10 59 0.046875
10 11 118 10 60 0.015625
11 12 0 11 0 0.046875
11 12 1 11 73 0.046875
11 12 2 11 76 0.015625
11 12 3 11 37 0.03125
11 12 4 11 69 0.03125
11 12 5 11 75 0.0625
11 12 6 11 38 0.03125
11 12 7 11 66 0.0625
11 12 8 11 51 0.0625
11 12 9 11 25 0.03125
11 12 13 11 8 0.0625
11 12 16 11 36 0.015625
11 12 17 11 73 0.015625
11 12 19 11 76 0.03125
11 12 20 11 24 0.03125
11 12 22 11 69 0.015625
11 12 23 11 69 0.015625
11 12 25 11 65 0.015625
11 12 26 11 65 0.015625
11 12 27 11 57 0.03125
11 12 29 11 79 0.015625
11 12 30 11 79 0.046875
11 12 32 11 50 0.03125
11 12 36 11 29 0.015625
11 12 37 11 29 0.015625
11 12 38 11 25 0.015625
11 12 53 11 36 0.015625
11 12 55 11 36 0.03125
11 12 67 11 40 0.03125
11 12 72 11 38 0.015625
11 12 74 11 43 0.015625
11 12 81 11 55 0.015625
11 12 85 11 63 0.03125
11 12 107 11 57 0.015625
11 12 116 11 63 0.015625
12 9 0 12 5 0.015625
12 9 1 12 6 0.015625
12 9 2 12 30 0.015625
12 9 3 12 66 0.015625
12 9 4 12 31 0.34375
12 9 5 12 69 0.015625
12 9 6 12 58 0.015625
12 9 8 12 67 0.046875
12 9 9 12 75 0.015625
12 9 14 12 47 0.015625
12 9 15 12 37 0.015625
12 9 20 12 59 0.015625
12 9 21 12 35 0.015625
12 9 26 12 69 0.015625
12 9 29 12 41 0.015625
12 9 31 12 76 0.015625
12 9 33 12 76 0.015625
12 9 35 12 38 0.015625
12 9 40 12 51 0.015625
12 9 41 12 51 0.015625
12 9 47 12 67 0.015625
12 9 49 12 34 0.015625
12 9 50 12 34 0.015625
12 9 51 12 34 0.015625
12 9 53 12 77 0.046875
12 9 54 12 0 0.015625
12 9 58 12 47 0.015625
12 9 60 12 37 0.046875
12 9 67 12 59 0.015625
12 9 71 12 66 0.015625
12 9 84 12 76 0.03125
12 9 85 12 76 0.015625
12 9 93 12 34 0.015625
12 9 111 12 59 0.015625
12 9 117 12 41 0.015625
12 9 120 12 38 0.015625
12 13 0 12 0 0.03125
12 13 1 12 6 0.03125
12 13 2 12 47 0.03125
12 13 3 12 30 0.046875
12 13 4 12 66 0.046875
12 13 5 12 68 0.046875
12 13 6 12 41 0.03125
12 13 7 12 48 0.046875
12 13 8 12 77 0.046875
12 13 12 12 5 0.03125
12 13 17 12 37 0.03125
12 13 20 12 20 0.03125
12 13 21 12 59 0.015625
12 13 23 12 59 0.015625
12 13 30 12 69 0.03125
12 13 32 12 76 0.03125
12 13 34 12 38 0.015625
12 13 36 12 58 0.015625
12 13 38 12 58 0.015625
12 13 39 12 51 0.03125
12 13 42 12 73 0.015625
12 13 43 12 73 0.015625
12 13 46 12 67 0.015625
12 13 47 12 34 0.015625
12 13 49 12 75 0.015625
12 13 50 12 75 0.015625
12 13 51 12 25 0.015625
12 13 52 12 25 0.03125
12 13 63 12 20 0.015625
12 13 67 12 59 0.015625
12 13 70 12 35 0.046875
12 13 77 12 31 0.015625
12 13 87 12 58 0.015625
12 13 97 12 73 0.015625
12 13 102 12 67 0.03125
12 13 106 12 34 0.015625
12 13 108 12 34 0.015625
12 13 116 12 5 0.015625
12 13 124 12 69 0.015625
12 13 128 12 38 0.015625
13 14 0 13 0 0.046875
13 14 1 13 9 0.015625
13 14 2 13 48 0.046875
13 14 3 13 45 0.046875
13 14 4 13 68 0.015625
13 14 5 13 61 0.015625
13 14 6 13 60 0.046875
13 14 8 13 30 0.046875
13 14 9 13 50 0.03125
13 14 10 13 74 0.03125
13 14 11 13 1 0.03125
13 14 12 13 4 0.015625
13 14 13 13 6 0.015625
13 14 15 13 47 0.015625
13 14 20 13 63 0.03125
13 14 21 13 68 0.015625
13 14 22 13 68 0.015625
13 14 24 13 15 0.03125
13 14 27 13 77 0.03125
13 14 28 13 77 0.015625
13 14 29 13 28 0.03125
13 14 34 13 66 0.015625
13 14 35 13 66 0.015625
13 14 36 13 66 0.015625
13 14 37 13 49 0.015625
13 14 39 13 49 0.015625
13 14 41 13 41 0.015625
13 14 42 13 41 0.03125
13 14 44 13 18 0.015625
13 14 45 13 18 0.015625
13 14 47 13 33 0.03125
13 14 51 13 6 0.015625
13 14 55 13 47 0.015625
13 14 59 13 47 0.015625
13 14 62 13 63 0.015625
13 14 67 13 15 0.015625
13 14 80 13 24 0.015625
13 14 81 13 24 0.015625
13 14 82 13 24 0.015625
13 14 88 13 49 0.015625
13 14 92 13 18 0.015625
13 14 101 13 1 0.015625
13 14 104 13 4 0.015625
13 14 109 13 61 0.03125
14 15 1 14 10 0.046875
14 15 2 14 71 0.03125
14 15 3 14 43 0.03125
14 15 4 14 68 0.015625
14 15 5 14 0 0.046875
14 15 8 14 48 0.015625
14 15 9 14 48 0.03125
14 15 11 14 43 0.015625
14 15 13 14 59 0.03125
14 15 14 14 59 0.015625
14 15 15 14 61 0.03125
14 15 16 14 61 0.015625
14 15 17 14 70 0.03125
14 15 19 14 60 0.015625
14 15 23 14 40 0.03125
14 15 25 14 39 0.015625
14 15 26 14 39 0.015625
14 15 27 14 45 0.015625
14 15 28 14 45 0.015625
14 15 29 14 45 0.015625
14 15 33 14 65 0.03125
14 15 36 14 68 0.03125
14 15 37 14 37 0.03125
14 15 39 14 74 0.015625
14 15 41 14 74 0.015625
14 15 44 14 77 0.015625
14 15 46 14 38 0.015625
14 15 47 14 38 0.015625
14 15 49 14 29 0.015625
14 15 50 14 29 0.03125
14 15 56 14 7 0.015625
14 15 66 14 70 0.015625
14 15 68 14 60 0.03125
14 15 69 14 53 0.03125
14 15 70 14 53 0.015625
14 15 74 14 21 0.015625
14 15 91 14 37 0.015625
14 15 95 14 34 0.015625
14 15 96 14 34 0.015625
14 15 98 14 77 0.015625
14 15 100 14 38 0.015625
14 15 103 14 50 0.03125
14 15 116 14 21 0.015625
14 15 123 14 30 0.03125
14 15 128 14 50 0.015625
15 16 0 15 1 0.03125
15 16 1 15 9 0.015625
15 16 2 15 13 0.046875
15 16 3 15 35 0.03125
15 16 4 15 24 0.03125
15 16 5 15 68 0.015625
15 16 6 15 32 0.046875
15 16 7 15 46 0.03125
15 16 8 15 49 0.03125
15 16 9 15 19 0.046875
15 16 10 15 79 0.046875
15 16 15 15 10 0.015625
15 16 17 15 11 0.015625
15 16 18 15 76 0.03125
15 16 19 15 76 0.015625
15 16 21 15 64 0.015625
15 16 22 15 64 0.03125
15 16 23 15 71 0.015625
15 16 26 15 41 0.03125
15 16 28 15 41 0.015625
15 16 29 15 41 0.015625
15 16 30 15 17 0.03125
15 16 32 15 28 0.03125
15 16 36 15 33 0.03125
15 16 38 15 62 0.015625
15 16 39 15 49 0.015625
15 16 40 15 69 0.015625
15 16 41 15 72 0.03125
15 16 42 15 1 0.015625
15 16 43 15 3 0.015625
15 16 44 15 3 0.015625
15 16 48 15 11 0.015625
15 16 54 15 76 0.015625
15 16 61 15 71 0.03125
15 16 64 15 78 0.015625
15 16 65 15 78 0.015625
15 16 72 15 68 0.015625
15 16 74 15 33 0.015625
15 16 75 15 62 0.015625
15 16 84 15 43 0.015625
15 16 89 15 69 0.015625
15 16 95 15 69 0.015625
15 16 110 15 46 0.015625
16 8 0 16 1 0.125
16 8 1 16 7 0.015625
16 8 2 16 68 0.046875
16 8 3 16 61 0.078125
16 8 5 16 25 0.015625
16 8 6 16 70 0.015625
16 8 7 16 79 0.140625
16 8 13 16 7 0.015625
16 8 19 16 44 0.015625
16 8 20 16 44 0.015625
16 8 21 16 44 0.09375
16 8 22 16 68 0.015625
16 8 23 16 34 0.015625
16 8 26 16 38 0.015625
16 8 29 16 18 0.015625
16 8 36 16 58 0.0625
16 8 41 16 48 0.046875
16 8 44 16 27 0.015625
16 8 52 16 46 0.03125
16 8 53 16 50 0.03125
16 8 55 16 70 0.015625
16 8 63 16 7 0.015625
16 8 72 16 44 0.03125
16 8 81 16 19 0.015625
16 8 113 16 7 0.015625
16 8 129 16 55 0.0625
16 8 133 16 49 0.015625
16 17 0 16 68 0.046875
16 17 1 16 34 0.0625
16 17 2 16 38 0.046875
16 17 3 16 19 0.046875
16 17 4 16 24 0.046875
16 17 5 16 35 0.03125
16 17 6 16 25 0.046875
16 17 7 16 48 0.015625
16 17 8 16 22 0.046875
16 17 9 16 46 0.046875
16 17 10 16 5 0.046875
16 17 11 16 5 0.015625
16 17 19 16 38 0.015625
16 17 21 16 61 0.015625
16 17 22 16 61 0.015625
16 17 24 16 49 0.03125
16 17 26 16 18 0.046875
16 17 27 16 24 0.015625
16 17 28 16 35 0.015625
16 17 30 16 58 0.015625
16 17 31 16 58 0.015625
16 17 34 16 32 0.015625
16 17 36 16 32 0.03125
16 17 37 16 48 0.03125
16 17 38 16 22 0.015625
16 17 39 16 50 0.03125
16 17 40 16 55 0.03125
16 17 41 16 70 0.015625
16 17 42 16 70 0.046875
16 17 77 16 32 0.015625
16 17 84 16 27 0.03125
16 17 85 16 27 0.015625
16 17 92 16 50 0.015625
16 17 126 16 49 0.015625
17 11 1 17 43 0.09375
17 11 2 17 29 0.09375
17 11 3 17 38 0.03125
17 11 4 17 24 0.078125
17 11 5 17 25 0.046875
17 11 6 17 55 0.078125
17 11 7 17 57 0.09375
17 11 9 17 35 0.03125
17 11 10 17 35 0.03125
17 11 25 17 56 0.015625
17 11 33 17 30 0.046875
17 11 35 17 21 0.015625
17 11 38 17 34 0.0625
17 11 41 17 34 0.0625
17 11 42 17 54 0.015625
17 11 43 17 19 0.015625
17 11 48 17 35 0.03125
17 11 51 17 26 0.015625
17 11 53 17 74 0.015625
17 11 76 17 67 0.015625
17 11 78 17 31 0.015625
17 11 84 17 64 0.015625
17 11 90 17 78 0.03125
17 11 91 17 78 0.015625
17 11 109 17 19 0.015625
17 11 110 17 19 0.015625
17 18 0 17 48 0.015625
17 18 1 17 26 0.046875
17 18 2 17 22 0.046875
17 18 3 17 68 0.0625
17 18 4 17 67 0.0625
17 18 5 17 24 0.015625
17 18 6 17 25 0.03125
17 18 7 17 21 0.046875
17 18 8 17 55 0.03125
17 18 9 17 54 0.015625
17 18 15 17 35 0.015625
17 18 17 17 43 0.015625
17 18 19 17 74 0.03125
17 18 21 17 22 0.015625
17 18 22 17 22 0.015625
17 18 24 17 29 0.015625
17 18 25 17 46 0.03125
17 18 26 17 46 0.03125
17 18 27 17 38 0.03125
17 18 28 17 38 0.015625
17 18 32 17 56 0.046875
17 18 34 17 31 0.015625
17 18 36 17 64 0.015625
17 18 37 17 20 0.015625
17 18 42 17 30 0.046875
17 18 48 17 54 0.015625
17 18 59 17 74 0.015625
17 18 77 17 31 0.015625
17 18 78 17 31 0.015625
17 18 79 17 31 0.015625
17 18 80 17 64 0.015625
17 18 83 17 64 0.015625
17 18 87 17 20 0.03125
17 18 88 17 20 0.015625
17 18 91 17 78 0.03125
17 18 106 17 54 0.03125
17 18 111 17 19 0.03125
17 18 150 17 57 0.015625
18 19 0 18 1 0.046875
18 19 1 18 10 0.03125
18 19 3 18 21 0.046875
18 19 4 18 67 0.015625
18 19 6 18 51 0.015625
18 19 7 18 70 0.015625
18 19 8 18 58 0.046875
18 19 9 18 39 0.03125
18 19 10 18 0 0.015625
18 19 17 18 75 0.015625
18 19 18 18 75 0.015625
18 19 19 18 75 0.015625
18 19 22 18 33 0.015625
18 19 25 18 67 0.046875
18 19 26 18 25 0.046875
18 19 31 18 73 0.015625
18 19 32 18 50 0.015625
18 19 34 18 54 0.046875
18 19 37 18 22 0.03125
18 19 40 18 69 0.015625
18 19 41 18 69 0.03125
18 19 42 18 51 0.015625
18 19 44 18 45 0.015625
18 19 45 18 45 0.03125
18 19 46 18 68 0.015625
18 19 47 18 68 0.015625
18 19 51 18 26 0.015625
18 19 52 18 26 0.015625
18 19 54 18 79 0.015625
18 19 55 18 79 0.046875
18 19 62 18 0 0.015625
18 19 63 18 0 0.015625
18 19 77 18 73 0.015625
18 19 83 18 22 0.015625
18 19 84 18 69 0.015625
18 19 88 18 68 0.015625
18 19 90 18 24 0.015625
18 19 96 18 24 0.015625
18 19 100 18 48 0.03125
18 19 103 18 70 0.03125
18 19 115 18 73 0.03125
18 19 135 18 70 0.015625
19 17 0 19 17 0.015625
19 17 2 19 21 0.0625
19 17 3 19 56 0.09375
19 17 4 19 43 0.078125
19 17 5 19 46 0.03125
19 17 6 19 78 0.140625
19 17 7 19 54 0.03125
19 17 8 19 38 0.046875
19 17 9 19 1 0.109375
19 17 17 19 39 0.015625
19 17 19 19 67 0.015625
19 17 20 19 51 0.015625
19 17 22 19 51 0.046875
19 17 24 19 70 0.015625
19 17 30 19 41 0.015625
19 17 31 19 41 0.015625
19 17 32 19 63 0.03125
19 17 38 19 36 0.015625
19 17 41 19 62 0.015625
19 17 59 19 51 0.015625
19 17 67 19 77 0.0625
19 17 73 19 41 0.015625
19 17 80 19 63 0.015625
19 17 95 19 36 0.015625
19 17 99 19 62 0.0625
19 20 1 19 21 0.046875
19 20 2 19 43 0.03125
19 20 3 19 58 0.078125
19 20 4 19 42 0.046875
19 20 5 19 38 0.046875
19 20 6 19 1 0.015625
19 20 7 19 1 0.015625
19 20 12 19 10 0.015625
19 20 21 19 39 0.03125
19 20 22 19 67 0.046875
19 20 24 19 51 0.015625
19 20 25 19 51 0.03125
19 20 27 19 70 0.0625
19 20 34 19 41 0.015625
19 20 35 19 41 0.046875
19 20 38 19 46 0.0625
19 20 39 19 63 0.046875
19 20 41 19 42 0.03125
19 20 43 19 78 0.015625
19 20 45 19 54 0.03125
19 20 46 19 36 0.015625
19 20 47 19 36 0.015625
19 20 49 19 62 0.03125
19 20 63 19 39 0.03125
19 20 69 19 70 0.015625
19 20 73 19 56 0.03125
19 20 76 19 77 0.03125
19 20 84 19 63 0.015625
19 20 98 19 36 0.015625
19 20 99 19 36 0.03125
19 20 101 19 36 0.015625
19 20 106 19 62 0.015625
20 12 0 20 12 0.109375
20 12 1 20 0 0.03125
20 12 2 20 5 0.046875
20 12 3 20 48 0.078125
20 12 4 20 58 0.0625
20 12 5 20 34 0.0625
20 12 6 20 76 0.0625
20 12 7 20 37 0.015625
20 12 8 20 38 0.046875
20 12 9 20 68 0.09375
20 12 10 20 2 0.03125
20 12 11 20 2 0.046875
20 12 20 20 27 0.015625
20 12 21 20 74 0.015625
20 12 22 20 74 0.015625
20 12 23 20 74 0.015625
20 12 24 20 58 0.015625
20 12 27 20 42 0.015625
20 12 30 20 72 0.015625
20 12 31 20 37 0.015625
20 12 57 20 22 0.015625
20 12 74 20 42 0.015625
20 12 76 20 72 0.015625
20 12 77 20 76 0.03125
20 12 80 20 38 0.015625
20 12 82 20 43 0.015625
20 12 84 20 45 0.015625
20 12 97 20 55 0.03125
20 12 98 20 55 0.03125
20 21 0 20 21 0.125
20 21 1 20 0 0.078125
20 21 3 20 26 0.046875
20 21 4 20 60 0.046875
20 21 5 20 27 0.015625
20 21 6 20 23 0.09375
20 21 7 20 44 0.125
20 21 9 20 5 0.03125
20 21 11 20 5 0.03125
20 21 23 20 74 0.046875
20 21 24 20 74 0.015625
20 21 27 20 42 0.0625
20 21 29 20 42 0.03125
20 21 30 20 72 0.015625
20 21 35 20 38 0.03125
20 21 41 20 45 0.015625
20 21 43 20 55 0.03125
20 21 66 20 22 0.03125
20 21 72 20 48 0.015625
20 21 86 20 42 0.015625
20 21 94 20 37 0.03125
20 21 104 20 45 0.015625
20 21 124 20 76 0.015625
20 21 132 20 55 0.015625
20 21 143 20 38 0.015625
21 22 0 21 0 0.0625
21 22 1 21 4 0.0625
21 22 4 21 20 0.015625
21 22 5 21 67 0.0625
21 22 6 21 49 0.046875
21 22 7 21 27 0.03125
21 22 8 21 41 0.0625
21 22 9 21 26 0.046875
21 22 11 21 6 0.015625
21 22 15 21 10 0.015625
21 22 16 21 10 0.03125
21 22 29 21 69 0.046875
21 22 33 21 32 0.015625
21 22 37 21 27 0.03125
21 22 39 21 36 0.03125
21 22 41 21 36 0.03125
21 22 42 21 66 0.03125
21 22 44 21 60 0.015625
21 22 45 21 60 0.03125
21 22 59 21 44 0.015625
21 22 64 21 67 0.015625
21 22 67 21 57 0.015625
21 22 70 21 23 0.015625
21 22 71 21 23 0.03125
21 22 75 21 31 0.015625
21 22 84 21 35 0.03125
21 22 85 21 35 0.015625
21 22 86 21 35 0.015625
21 22 87 21 60 0.03125
21 22 88 21 63 0.03125
21 22 91 21 63 0.03125
21 22 94 21 28 0.015625
21 22 101 21 10 0.015625
21 22 112 21 57 0.015625
22 23 0 22 0 0.046875
22 23 1 22 4 0.0625
22 23 2 22 20 0.015625
22 23 3 22 42 0.0625
22 23 5 22 52 0.03125
22 23 6 22 49 0.0625
22 23 7 22 79 0.03125
22 23 8 22 59 0.046875
22 23 10 22 1 0.015625
22 23 18 22 74 0.046875
22 23 19 22 70 0.046875
22 23 20 22 43 0.03125
22 23 21 22 43 0.015625
22 23 24 22 47 0.03125
22 23 26 22 62 0.0625
22 23 29 22 26 0.03125
22 23 30 22 26 0.015625
22 23 37 22 41 0.015625
22 23 38 22 41 0.015625
22 23 41 22 71 0.015625
22 23 43 22 71 0.03125
22 23 46 22 51 0.03125
22 23 47 22 51 0.03125
22 23 48 22 75 0.015625
22 23 49 22 75 0.015625
22 23 51 22 75 0.03125
22 23 54 22 48 0.015625
22 23 74 22 70 0.015625
22 23 77 22 43 0.015625
22 23 81 22 54 0.03125
22 23 88 22 42 0.015625
22 23 104 22 75 0.015625
22 23 105 22 48 0.03125
23 20 0 23 20 0.15625
23 20 1 23 0 0.125
23 20 2 23 21 0.03125
23 20 3 23 34 0.078125
23 20 4 23 45 0.046875
23 20 5 23 76 0.046875
23 20 6 23 42 0.015625
23 20 7 23 27 0.015625
23 20 8 23 55 0.109375
23 20 9 23 44 0.109375
23 20 11 23 4 0.015625
23 20 15 23 34 0.046875
23 20 19 23 49 0.015625
23 20 22 23 52 0.015625
23 20 24 23 76 0.015625
23 20 25 23 76 0.015625
23 20 31 23 79 0.015625
23 20 33 23 79 0.03125
23 20 38 23 4 0.015625
23 20 67 23 77 0.015625
23 20 70 23 69 0.03125
23 20 88 23 56 0.015625
23 20 91 23 56 0.015625
23 24 0 23 59 0.046875
23 24 1 23 45 0.046875
23 24 2 23 76 0.015625
23 24 4 23 31 0.015625
23 24 5 23 0 0.015625
23 24 6 23 4 0.046875
23 24 20 23 59 0.046875
23 24 23 23 32 0.015625
23 24 27 23 49 0.046875
23 24 28 23 49 0.046875
23 24 29 23 77 0.046875
23 24 30 23 69 0.015625
23 24 32 23 52 0.046875
23 24 33 23 52 0.046875
23 24 35 23 76 0.046875
23 24 36 23 29 0.015625
23 24 38 23 29 0.015625
23 24 39 23 53 0.015625
23 24 40 23 53 0.03125
23 24 43 23 42 0.046875
23 24 44 23 42 0.046875
23 24 48 23 55 0.015625
23 24 49 23 55 0.015625
23 24 53 23 79 0.015625
23 24 54 23 79 0.015625
23 24 56 23 79 0.015625
23 24 57 23 79 0.03125
23 24 58 23 79 0.015625
23 24 63 23 4 0.015625
23 24 64 23 4 0.03125
23 24 92 23 69 0.03125
23 24 98 23 53 0.015625
23 24 105 23 44 0.03125
23 24 113 23 56 0.03125
24 25 0 24 2 0.046875
24 25 1 24 11 0.015625
24 25 5 24 61 0.078125
24 25 6 24 64 0.09375
24 25 7 24 54 0.046875
24 25 8 24 39 0.078125
24 25 25 24 18 0.015625
24 25 29 24 36 0.015625
24 25 30 24 36 0.03125
24 25 33 24 59 0.03125
24 25 34 24 59 0.0625
24 25 37 24 70 0.015625
24 25 38 24 70 0.015625
24 25 39 24 70 0.03125
24 25 42 24 51 0.015625
24 25 43 24 51 0.078125
24 25 51 24 47 0.03125
24 25 53 24 45 0.03125
24 25 54 24 45 0.015625
24 25 56 24 54 0.03125
24 25 61 24 3 0.015625
24 25 73 24 76 0.046875
24 25 74 24 26 0.046875
24 25 78 24 59 0.015625
24 25 92 24 74 0.046875
24 25 93 24 74 0.015625
24 25 95 24 47 0.015625
24 25 122 24 74 0.015625
25 26 2 25 48 0.0625
25 26 5 25 0 0.015625
25 26 9 25 4 0.015625
25 26 15 25 11 0.015625
25 26 21 25 75 0.03125
25 26 22 25 46 0.0625
25 26 24 25 42 0.03125
25 26 28 25 61 0.078125
25 26 30 25 64 0.046875
25 26 32 25 77 0.015625
25 26 34 25 69 0.015625
25 26 35 25 69 0.015625
25 26 38 25 37 0.015625
25 26 39 25 37 0.0625
25 26 42 25 78 0.03125
25 26 44 25 39 0.03125
25 26 48 25 54 0.015625
25 26 50 25 68 0.0625
25 26 52 25 68 0.046875
25 26 53 25 52 0.0625
25 26 54 25 52 0.03125
25 26 56 25 35 0.046875
25 26 85 25 46 0.015625
25 26 87 25 42 0.03125
25 26 88 25 57 0.03125
25 26 89 25 57 0.03125
25 26 93 25 64 0.03125
25 26 96 25 69 0.015625
25 26 131 25 61 0.015625
25 26 134 25 69 0.015625
26 18 0 26 18 0.0625
26 18 2 26 22 0.015625
26 18 3 26 24 0.015625
26 18 4 26 50 0.03125
26 18 5 26 33 0.015625
26 18 6 26 58 0.015625
26 18 7 26 73 0.03125
26 18 8 26 48 0.09375
26 18 9 26 45 0.078125
26 18 10 26 55 0.015625
26 18 20 26 44 0.015625
26 18 21 26 72 0.015625
26 18 25 26 33 0.015625
26 18 26 26 66 0.046875
26 18 28 26 71 0.015625
26 18 29 26 71 0.015625
26 18 33 26 48 0.015625
26 18 34 26 45 0.015625
26 18 38 26 49 0.03125
26 18 40 26 53 0.015625
26 18 42 26 63 0.015625
26 18 45 26 41 0.03125
26 18 47 26 3 0.015625
26 18 63 26 65 0.015625
26 18 64 26 65 0.015625
26 18 65 26 65 0.015625
26 18 66 26 65 0.015625
26 18 69 26 44 0.015625
26 18 70 26 44 0.015625
26 18 71 26 44 0.03125
26 18 75 26 72 0.015625
26 18 76 26 72 0.015625
26 18 77 26 72 0.015625
26 18 80 26 66 0.015625
26 18 81 26 71 0.015625
26 18 85 26 73 0.015625
26 18 86 26 73 0.015625
26 18 89 26 45 0.015625
26 18 90 26 55 0.015625
26 18 94 26 53 0.015625
26 18 96 26 63 0.015625
26 18 97 26 63 0.03125
26 18 100 26 41 0.015625
26 18 119 26 55 0.015625
26 27 0 26 6 0.015625
26 27 1 26 20 0.046875
26 27 2 26 21 0.015625
26 27 3 26 22 0.046875
26 27 5 26 71 0.03125
26 27 6 26 73 0.09375
26 27 7 26 48 0.078125
26 27 8 26 45 0.046875
26 27 9 26 76 0.03125
26 27 10 26 3 0.015625
26 27 22 26 65 0.015625
26 27 23 26 65 0.015625
26 27 24 26 65 0.015625
26 27 25 26 44 0.03125
26 27 28 26 66 0.046875
26 27 31 26 58 0.015625
26 27 32 26 45 0.015625
26 27 34 26 49 0.03125
26 27 36 26 53 0.0625
26 27 38 26 63 0.03125
26 27 40 26 41 0.046875
26 27 54 26 50 0.046875
26 27 56 26 65 0.015625
26 27 57 26 44 0.03125
26 27 60 26 44 0.046875
26 27 66 26 72 0.046875
26 27 67 26 72 0.015625
26 27 82 26 73 0.015625
26 27 88 26 55 0.015625
26 27 92 26 49 0.015625
27 23 0 27 23 0.265625
27 23 1 27 20 0.015625
27 23 2 27 21 0.015625
27 23 3 27 32 0.015625
27 23 4 27 45 0.015625
27 23 6 27 76 0.03125
27 23 7 27 44 0.03125
27 23 8 27 59 0.015625
27 23 9 27 78 0.015625
27 23 13 27 7 0.015625
27 23 15 27 11 0.09375
27 23 31 27 48 0.015625
27 23 32 27 48 0.015625
27 23 39 27 64 0.140625
27 23 40 27 73 0.171875
27 23 42 27 44 0.015625
27 23 47 27 51 0.015625
27 23 48 27 51 0.015625
27 23 61 27 11 0.015625
27 23 84 27 64 0.015625
27 23 85 27 64 0.015625
27 23 87 27 64 0.015625
27 23 97 27 43 0.015625
27 28 0 27 28 0.0625
27 28 1 27 7 0.015625
27 28 2 27 21 0.046875
27 28 3 27 75 0.03125
27 28 4 27 32 0.046875
27 28 5 27 31 0.03125
27 28 6 27 73 0.03125
27 28 7 27 44 0.046875
27 28 8 27 78 0.03125
27 28 9 27 6 0.046875
27 28 13 27 11 0.03125
27 28 17 27 20 0.015625
27 28 20 27 22 0.03125
27 28 21 27 47 0.03125
27 28 23 27 45 0.03125
27 28 24 27 45 0.015625
27 28 26 27 48 0.03125
27 28 31 27 76 0.03125
27 28 35 27 71 0.0625
27 28 37 27 59 0.015625
27 28 38 27 59 0.015625
27 28 40 27 43 0.046875
27 28 41 27 78 0.046875
27 28 65 27 23 0.015625
27 28 69 27 47 0.015625
27 28 73 27 47 0.015625
27 28 75 27 75 0.03125
27 28 85 27 64 0.015625
27 28 87 27 64 0.015625
27 28 95 27 59 0.015625
27 28 97 27 46 0.015625
27 28 100 27 43 0.015625
27 28 117 27 76 0.03125
27 28 138 27 64 0.015625
28 29 0 28 77 0.046875
28 29 1 28 66 0.046875
28 29 2 28 68 0.046875
28 29 3 28 40 0.046875
28 29 4 28 31 0.046875
28 29 5 28 3 0.015625
28 29 6 28 3 0.015625
28 29 10 28 7 0.015625
28 29 19 28 21 0.015625
28 29 20 28 24 0.015625
28 29 21 28 24 0.03125
28 29 22 28 27 0.015625
28 29 23 28 78 0.046875
28 29 25 28 33 0.03125
28 29 27 28 73 0.046875
28 29 29 28 66 0.015625
28 29 31 28 32 0.03125
28 29 38 28 37 0.015625
28 29 39 28 41 0.03125
28 29 42 28 74 0.046875
28 29 45 28 38 0.015625
28 29 49 28 75 0.015625
28 29 50 28 3 0.03125
28 29 51 28 3 0.015625
28 29 60 28 19 0.015625
28 29 61 28 19 0.015625
28 29 63 28 21 0.03125
28 29 64 28 24 0.015625
28 29 66 28 27 0.015625
28 29 71 28 60 0.015625
28 29 74 28 77 0.015625
28 29 83 28 54 0.03125
28 29 84 28 54 0.015625
28 29 85 28 54 0.015625
28 29 89 28 41 0.015625
28 29 90 28 41 0.015625
28 29 97 28 38 0.015625
28 29 98 28 38 0.015625
28 29 138 28 38 0.015625
28 29 139 28 75 0.03125
29 30 0 29 14 0.015625
29 30 2 29 23 0.046875
29 30 3 29 72 0.03125
29 30 4 29 40 0.046875
29 30 5 29 76 0.015625
29 30 6 29 49 0.046875
29 30 7 29 48 0.046875
29 30 8 29 31 0.046875
29 30 9 29 0 0.015625
29 30 10 29 0 0.015625
29 30 11 29 2 0.015625
29 30 12 29 2 0.015625
29 30 23 29 63 0.03125
29 30 28 29 39 0.03125
29 30 29 29 34 0.03125
29 30 32 29 65 0.015625
29 30 33 29 65 0.015625
29 30 34 29 65 0.03125
29 30 35 29 55 0.03125
29 30 38 29 66 0.015625
29 30 41 29 58 0.015625
29 30 42 29 47 0.03125
29 30 45 29 0 0.015625
29 30 48 29 2 0.015625
29 30 65 29 63 0.015625
29 30 66 29 63 0.015625
29 30 68 29 68 0.046875
29 30 69 29 46 0.015625
29 30 72 29 46 0.015625
29 30 77 29 40 0.015625
29 30 78 29 34 0.015625
29 30 86 29 64 0.015625
29 30 87 29 64 0.015625
29 30 89 29 64 0.03125
29 30 93 29 55 0.015625
29 30 96 29 66 0.03125
29 30 98 29 77 0.015625
29 30 99 29 77 0.046875
29 30 104 29 58 0.03125
29 30 107 29 47 0.015625
30 21 3 30 27 0.03125
30 21 5 30 49 0.015625
30 21 7 30 57 0.109375
30 21 8 30 67 0.046875
30 21 23 30 70 0.0625
30 21 34 30 60 0.015625
30 21 38 30 57 0.015625
30 21 42 30 72 0.078125
30 21 43 30 72 0.078125
30 21 44 30 40 0.015625
30 21 46 30 62 0.015625
30 21 47 30 62 0.078125
30 21 48 30 59 0.09375
30 21 49 30 59 0.046875
30 21 53 30 67 0.078125
30 21 57 30 45 0.015625
30 21 60 30 73 0.015625
30 21 61 30 73 0.015625
30 21 64 30 38 0.015625
30 21 65 30 1 0.03125
30 21 83 30 48 0.03125
30 21 85 30 70 0.03125
30 21 99 30 72 0.015625
30 21 106 30 62 0.015625
30 21 124 30 76 0.03125
30 31 0 30 31 0.078125
30 31 3 30 23 0.0625
30 31 4 30 24 0.078125
30 31 5 30 27 0.046875
30 31 6 30 56 0.078125
30 31 7 30 60 0.0625
30 31 8 30 40 0.078125
30 31 9 30 38 0.078125
30 31 10 30 1 0.015625
30 31 18 30 27 0.015625
30 31 21 30 48 0.015625
30 31 23 30 70 0.015625
30 31 28 30 49 0.0625
30 31 35 30 76 0.046875
30 31 38 30 62 0.03125
30 31 42 30 67 0.015625
30 31 43 30 67 0.015625
30 31 47 30 45 0.046875
30 31 48 30 73 0.015625
30 31 50 30 73 0.046875
30 31 71 30 70 0.015625
30 31 76 30 49 0.015625
30 31 88 30 62 0.015625
30 31 89 30 62 0.015625
30 31 96 30 45 0.015625
30 31 114 30 57 0.015625
31 32 0 31 32 0.0625
31 32 1 31 21 0.046875
31 32 2 31 23 0.046875
31 32 3 31 27 0.015625
31 32 4 31 28 0.015625
31 32 5 31 66 0.0625
31 32 6 31 60 0.03125
31 32 7 31 2 0.03125
31 32 21 31 21 0.015625
31 32 23 31 28 0.03125
31 32 29 31 55 0.03125
31 32 31 31 38 0.015625
31 32 32 31 52 0.015625
31 32 33 31 52 0.03125
31 32 34 31 34 0.03125
31 32 36 31 58 0.015625
31 32 39 31 74 0.046875
31 32 40 31 60 0.015625
31 32 41 31 41 0.015625
31 32 42 31 41 0.03125
31 32 45 31 47 0.0625
31 32 47 31 79 0.046875
31 32 48 31 2 0.015625
31 32 49 31 2 0.015625
31 32 67 31 24 0.015625
31 32 68 31 24 0.03125
31 32 69 31 24 0.015625
31 32 87 31 40 0.03125
31 32 88 31 40 0.015625
31 32 89 31 38 0.03125
31 32 92 31 34 0.015625
31 32 96 31 58 0.03125
31 32 100 31 74 0.015625
31 32 112 31 56 0.03125
31 32 129 31 55 0.015625
32 33 0 32 3 0.03125
32 33 1 32 10 0.046875
32 33 4 32 78 0.0625
32 33 5 32 43 0.0625
32 33 6 32 65 0.0625
32 33 7 32 75 0.0625
32 33 8 32 72 0.046875
32 33 10 32 3 0.015625
32 33 11 32 3 0.015625
32 33 14 32 10 0.015625
32 33 20 32 21 0.015625
32 33 25 32 46 0.046875
32 33 28 32 57 0.046875
32 33 32 32 66 0.046875
32 33 33 32 66 0.015625
32 33 35 32 36 0.015625
32 33 36 32 36 0.03125
32 33 37 32 36 0.03125
32 33 38 32 59 0.03125
32 33 41 32 60 0.046875
32 33 42 32 64 0.046875
32 33 43 32 48 0.015625
32 33 45 32 48 0.046875
32 33 46 32 67 0.015625
32 33 50 32 72 0.015625
32 33 56 32 7 0.015625
32 33 63 32 27 0.015625
32 33 72 32 46 0.015625
32 33 87 32 60 0.015625
32 33 91 32 64 0.015625
32 33 94 32 35 0.015625
32 33 96 32 35 0.015625
33 34 0 33 3 0.046875
33 34 1 33 50 0.0625
33 34 2 33 69 0.0625
33 34 3 33 71 0.0625
33 34 4 33 75 0.046875
33 34 5 33 65 0.0625
33 34 9 33 4 0.03125
33 34 10 33 4 0.03125
33 34 11 33 4 0.015625
33 34 13 33 5 0.015625
33 34 15 33 5 0.046875
33 34 17 33 6 0.03125
33 34 29 33 26 0.03125
33 34 36 33 43 0.015625
33 34 37 33 74 0.015625
33 34 41 33 74 0.03125
33 34 43 33 72 0.03125
33 34 45 33 78 0.0625
33 34 50 33 79 0.015625
33 34 52 33 79 0.046875
33 34 53 33 70 0.046875
33 34 55 33 44 0.015625
33 34 56 33 75 0.015625
33 34 60 33 3 0.015625
33 34 85 33 25 0.015625
33 34 88 33 26 0.015625
33 34 99 33 43 0.03125
33 34 103 33 74 0.015625
33 34 108 33 72 0.03125
33 34 113 33 44 0.03125
34 27 1 34 20 0.046875
34 27 2 34 23 0.09375
34 27 3 34 31 0.09375
34 27 4 34 46 0.09375
34 27 5 34 51 0.0625
34 27 6 34 71 0.046875
34 27 7 34 75 0.046875
34 27 8 34 3 0.015625
34 27 10 34 3 0.015625
34 27 24 34 63 0.046875
34 27 29 34 35 0.03125
34 27 30 34 35 0.03125
34 27 32 34 58 0.046875
34 27 35 34 66 0.015625
34 27 36 34 69 0.0625
34 27 42 34 41 0.03125
34 27 45 34 36 0.015625
34 27 46 34 62 0.03125
34 27 47 34 62 0.015625
34 27 78 34 63 0.015625
34 27 83 34 42 0.046875
34 27 94 34 50 0.015625
34 27 99 34 40 0.03125
34 27 100 34 40 0.03125
34 27 103 34 69 0.015625
34 35 0 34 35 0.078125
34 35 4 34 46 0.015625
34 35 5 34 51 0.03125
34 35 6 34 71 0.078125
34 35 7 34 58 0.0625
34 35 8 34 50 0.03125
34 35 9 34 66 0.078125
34 35 10 34 40 0.0625
34 35 11 34 41 0.078125
34 35 12 34 36 0.09375
34 35 13 34 2 0.015625
34 35 15 34 3 0.015625
34 35 25 34 29 0.03125
34 35 33 34 75 0.015625
34 35 36 34 40 0.015625
34 35 37 34 69 0.015625
34 35 39 34 65 0.078125
34 35 41 34 36 0.046875
34 35 46 34 3 0.046875
34 35 66 34 63 0.015625
34 35 78 34 66 0.015625
34 35 82 34 69 0.046875
34 35 91 34 62 0.015625
34 35 92 34 62 0.015625
35 36 0 35 36 0.125
35 36 4 35 47 0.09375
35 36 5 35 39 0.078125
35 36 6 35 41 0.015625
35 36 8 35 1 0.015625
35 36 19 35 25 0.015625
35 36 22 35 40 0.015625
35 36 23 35 40 0.015625
35 36 27 35 58 0.015625
35 36 29 35 58 0.03125
35 36 32 35 50 0.0625
35 36 33 35 51 0.015625
35 36 36 35 51 0.09375
35 36 38 35 46 0.03125
35 36 42 35 66 0.015625
35 36 43 35 66 0.09375
35 36 44 35 66 0.015625
35 36 82 35 58 0.109375
35 36 94 35 78 0.03125
35 36 95 35 78 0.0625
35 36 96 35 78 0.015625
35 36 97 35 46 0.015625
35 36 98 35 46 0.015625
36 37 3 36 69 0.03125
36 37 4 36 54 0.125
36 37 5 36 52 0.125
36 37 6 36 70 0.09375
36 37 7 36 61 0.03125
36 37 8 36 41 0.015625
36 37 14 36 24 0.015625
36 37 30 36 54 0.015625
36 37 32 36 72 0.109375
36 37 36 36 39 0.0625
36 37 37 36 47 0.015625
36 37 38 36 62 0.015625
36 37 39 36 62 0.015625
36 37 40 36 59 0.015625
36 37 43 36 53 0.015625
36 37 45 36 53 0.0625
36 37 48 36 73 0.015625
36 37 69 36 44 0.03125
36 37 73 36 63 0.015625
36 37 80 36 70 0.015625
36 37 83 36 47 0.015625
36 37 84 36 47 0.046875
36 37 86 36 62 0.078125
36 37 92 36 56 0.015625
37 38 0 37 11 0.015625
37 38 5 37 57 0.0625
37 38 8 37 75 0.09375
37 38 9 37 54 0.0625
37 38 10 37 78 0.078125
37 38 11 37 70 0.09375
37 38 12 37 61 0.140625
37 38 15 37 5 0.015625
37 38 19 37 25 0.03125
37 38 25 37 57 0.0625
37 38 30 37 58 0.015625
37 38 31 37 58 0.015625
37 38 33 37 69 0.015625
37 38 35 37 54 0.015625
37 38 36 37 54 0.015625
37 38 37 37 54 0.03125
37 38 41 37 45 0.015625
37 38 44 37 41 0.015625
37 38 48 37 70 0.015625
37 38 71 37 42 0.015625
37 38 74 37 58 0.046875
37 38 78 37 69 0.015625
37 38 85 37 50 0.015625
37 38 87 37 54 0.046875
37 38 100 37 52 0.03125
37 38 103 37 61 0.015625
38 39 2 38 75 0.078125
38 39 3 38 72 0.046875
38 39 4 38 73 0.03125
38 39 7 38 4 0.015625
38 39 30 38 63 0.015625
38 39 31 38 63 0.015625
38 39 34 38 66 0.03125
38 39 35 38 78 0.078125
38 39 36 38 78 0.046875
38 39 37 38 69 0.015625
38 39 39 38 65 0.015625
38 39 41 38 62 0.015625
38 39 42 38 62 0.046875
38 39 43 38 60 0.078125
38 39 44 38 73 0.09375
38 39 46 38 57 0.09375
38 39 91 38 66 0.03125
38 39 98 38 69 0.015625
38 39 100 38 69 0.015625
38 39 101 38 69 0.03125
38 39 102 38 69 0.046875
38 39 104 38 65 0.015625
38 39 107 38 65 0.109375
38 39 117 38 70 0.015625
39 40 0 39 40 0.078125
39 40 1 39 2 0.015625
39 40 4 39 35 0.078125
39 40 5 39 64 0.09375
39 40 6 39 49 0.015625
39 40 7 39 48 0.109375
39 40 8 39 53 0.09375
39 40 20 39 25 0.015625
39 40 21 39 36 0.046875
39 40 22 39 36 0.015625
39 40 28 39 73 0.109375
39 40 30 39 72 0.03125
39 40 31 39 46 0.015625
39 40 36 39 79 0.015625
39 40 43 39 45 0.015625
39 40 46 39 75 0.046875
39 40 47 39 61 0.125
39 40 72 39 73 0.015625
39 40 100 39 44 0.03125
39 40 101 39 44 0.015625
39 40 125 39 74 0.015625
40 41 4 40 35 0.015625
40 41 5 40 77 0.15625
40 41 6 40 42 0.09375
40 41 7 40 78 0.03125
40 41 11 40 1 0.015625
40 41 13 40 5 0.09375
40 41 36 40 39 0.0625
40 41 39 40 63 0.078125
40 41 41 40 60 0.015625
40 41 44 40 52 0.03125
40 41 45 40 52 0.078125
40 41 47 40 49 0.046875
40 41 49 40 48 0.078125
40 41 50 40 48 0.015625
40 41 53 40 1 0.015625
40 41 80 40 53 0.015625
40 41 81 40 63 0.015625
40 41 82 40 63 0.015625
40 41 86 40 64 0.03125
40 41 87 40 64 0.03125
40 41 88 40 49 0.015625
40 41 98 40 1 0.015625
40 41 105 40 39 0.03125
41 42 0 41 42 0.15625
41 42 1 41 2 0.015625
41 42 6 41 37 0.046875
41 42 7 41 76 0.0625
41 42 8 41 61 0.015625
41 42 9 41 77 0.09375
41 42 11 41 3 0.046875
41 42 12 41 3 0.015625
41 42 30 41 35 0.046875
41 42 31 41 36 0.015625
41 42 32 41 36 0.015625
41 42 33 41 75 0.015625
41 42 35 41 75 0.09375
41 42 37 41 58 0.0625
41 42 38 41 58 0.015625
41 42 39 41 67 0.046875
41 42 40 41 69 0.03125
41 42 42 41 76 0.046875
41 42 80 41 58 0.015625
41 42 81 41 58 0.015625
41 42 88 41 50 0.015625
41 42 92 41 77 0.0625
41 42 110 41 67 0.046875
42 43 4 42 22 0.015625
42 43 5 42 53 0.109375
42 43 6 42 77 0.125
42 43 7 42 65 0.125
42 43 8 42 51 0.109375
42 43 9 42 46 0.140625
42 43 24 42 25 0.015625
42 43 32 42 41 0.015625
42 43 37 42 74 0.015625
42 43 38 42 74 0.015625
42 43 40 42 56 0.046875
42 43 41 42 53 0.015625
42 43 45 42 62 0.03125
42 43 47 42 68 0.125
42 43 78 42 74 0.015625
42 43 80 42 56 0.015625
42 43 85 42 62 0.015625
42 43 92 42 76 0.015625
42 43 93 42 76 0.015625
42 43 100 42 72 0.015625
43 44 0 43 44 0.171875
43 44 1 43 2 0.03125
43 44 5 43 39 0.03125
43 44 6 43 65 0.140625
43 44 7 43 71 0.046875
43 44 8 43 53 0.046875
43 44 9 43 77 0.15625
43 44 11 43 5 0.046875
43 44 12 43 5 0.015625
43 44 13 43 5 0.03125
43 44 30 43 22 0.03125
43 44 37 43 46 0.015625
43 44 39 43 47 0.046875
43 44 43 43 51 0.015625
43 44 49 43 2 0.015625
43 44 68 43 22 0.015625
43 44 77 43 46 0.015625
43 44 78 43 46 0.09375
43 44 81 43 47 0.015625
43 44 101 43 46 0.015625
44 45 3 44 26 0.015625
44 45 5 44 39 0.015625
44 45 6 44 43 0.078125
44 45 7 44 50 0.109375
44 45 8 44 65 0.140625
44 45 9 44 2 0.015625
44 45 27 44 36 0.015625
44 45 29 44 36 0.015625
44 45 30 44 36 0.015625
44 45 36 44 50 0.015625
44 45 43 44 75 0.125
44 45 44 44 52 0.015625
44 45 45 44 52 0.109375
44 45 46 44 62 0.015625
44 45 47 44 71 0.015625
44 45 48 44 71 0.03125
44 45 50 44 71 0.015625
44 45 53 44 61 0.015625
44 45 54 44 61 0.046875
44 45 55 44 61 0.03125
44 45 74 44 43 0.03125
44 45 75 44 43 0.015625
44 45 78 44 50 0.03125
44 45 82 44 54 0.015625
44 45 99 44 62 0.015625
44 45 130 44 62 0.015625
44 45 132 44 61 0.015625
45 28 0 45 3 0.015625
45 28 2 45 24 0.03125
45 28 4 45 37 0.015625
45 28 5 45 78 0.015625
45 28 6 45 74 0.015625
45 28 7 45 0 0.015625
45 28 8 45 0 0.078125
45 28 9 45 2 0.046875
45 28 10 45 2 0.015625
45 28 26 45 23 0.015625
45 28 31 45 26 0.078125
45 28 36 45 35 0.046875
45 28 42 45 79 0.015625
45 28 43 45 47 0.015625
45 28 44 45 65 0.015625
45 28 45 45 65 0.1875
45 28 46 45 63 0.09375
45 28 48 45 55 0.015625
45 28 52 45 2 0.015625
45 28 87 45 74 0.015625
45 28 88 45 47 0.015625
45 28 89 45 47 0.015625
45 28 94 45 47 0.015625
45 28 95 45 65 0.015625
45 28 96 45 65 0.015625
45 28 97 45 65 0.03125
45 28 100 45 63 0.015625
45 28 105 45 55 0.09375
45 28 144 45 79 0.015625
45 46 0 45 0 0.140625
45 46 1 45 2 0.015625
45 46 4 45 35 0.046875
45 46 5 45 39 0.125
45 46 6 45 43 0.015625
45 46 7 45 78 0.015625
45 46 8 45 74 0.015625
45 46 9 45 47 0.078125
45 46 11 45 2 0.015625
45 46 12 45 2 0.015625
45 46 27 45 23 0.015625
45 46 32 45 24 0.015625
45 46 33 45 26 0.015625
45 46 35 45 26 0.015625
45 46 39 45 37 0.015625
45 46 42 45 79 0.109375
45 46 44 45 47 0.015625
45 46 45 45 65 0.015625
45 46 51 45 55 0.015625
45 46 59 45 3 0.015625
45 46 65 45 3 0.015625
45 46 95 45 65 0.046875
45 46 96 45 65 0.015625
45 46 105 45 55 0.1875
46 47 0 46 47 0.109375
46 47 1 46 0 0.03125
46 47 5 46 35 0.078125
46 47 6 46 43 0.03125
46 47 7 46 53 0.015625
46 47 8 46 51 0.015625
46 47 9 46 78 0.15625
46 47 10 46 54 0.015625
46 47 11 46 68 0.046875
46 47 31 46 39 0.015625
46 47 32 46 42 0.015625
46 47 33 46 42 0.015625
46 47 35 46 74 0.015625
46 47 36 46 74 0.03125
46 47 39 46 66 0.015625
46 47 40 46 66 0.09375
46 47 70 46 39 0.015625
46 47 71 46 39 0.0625
46 47 80 46 74 0.015625
46 47 88 46 77 0.109375
46 47 89 46 77 0.015625
46 47 90 46 78 0.015625
46 47 91 46 78 0.015625
46 47 95 46 54 0.015625
46 47 112 46 42 0.015625
46 47 120 46 78 0.015625
47 48 0 47 3 0.03125
47 48 3 47 22 0.03125
47 48 6 47 46 0.03125
47 48 7 47 65 0.203125
47 48 8 47 49 0.078125
47 48 23 47 35 0.015625
47 48 24 47 36 0.015625
47 48 33 47 45 0.015625
47 48 37 47 46 0.015625
47 48 38 47 59 0.015625
47 48 40 47 78 0.015625
47 48 45 47 58 0.0625
47 48 50 47 51 0.015625
47 48 51 47 49 0.015625
47 48 52 47 50 0.015625
47 48 53 47 53 0.015625
47 48 54 47 53 0.03125
47 48 57 47 54 0.015625
47 48 59 47 0 0.015625
47 48 81 47 35 0.015625
47 48 83 47 35 0.015625
47 48 88 47 36 0.015625
47 48 90 47 45 0.015625
47 48 93 47 59 0.046875
47 48 94 47 59 0.015625
47 48 96 47 78 0.015625
47 48 97 47 78 0.015625
47 48 99 47 58 0.03125
47 48 101 47 76 0.015625
47 48 102 47 65 0.015625
47 48 108 47 50 0.046875
47 48 109 47 50 0.015625
47 48 112 47 53 0.0625
48 49 0 48 49 0.0625
48 49 5 48 26 0.03125
48 49 8 48 39 0.046875
48 49 9 48 40 0.015625
48 49 10 48 64 0.015625
48 49 11 48 55 0.015625
48 49 12 48 3 0.015625
48 49 13 48 3 0.015625
48 49 15 48 5 0.015625
48 49 25 48 20 0.015625
48 49 26 48 22 0.015625
48 49 27 48 25 0.015625
48 49 35 48 46 0.03125
48 49 36 48 64 0.015625
48 49 37 48 64 0.03125
48 49 40 48 69 0.109375
48 49 41 48 65 0.0625
48 49 42 48 65 0.140625
48 49 48 48 5 0.03125
48 49 49 48 5 0.015625
48 49 62 48 18 0.015625
48 49 71 48 22 0.046875
48 49 74 48 25 0.015625
48 49 78 48 25 0.015625
48 49 79 48 25 0.015625
48 49 95 48 46 0.109375
48 49 98 48 46 0.015625
48 49 101 48 69 0.015625
48 49 103 48 65 0.015625
48 49 117 48 46 0.015625
49 50 2 49 26 0.015625
49 50 3 49 47 0.015625
49 50 4 49 66 0.015625
49 50 5 49 61 0.171875
49 50 23 49 39 0.015625
49 50 24 49 39 0.015625
49 50 30 49 57 0.015625
49 50 31 49 71 0.015625
49 50 33 49 71 0.015625
49 50 34 49 71 0.015625
49 50 37 49 56 0.015625
49 50 38 49 58 0.203125
49 50 39 49 55 0.015625
49 50 41 49 55 0.03125
49 50 42 49 55 0.15625
49 50 43 49 75 0.015625
49 50 45 49 75 0.03125
49 50 48 49 64 0.015625
49 50 50 49 64 0.015625
49 50 85 49 56 0.015625
49 50 87 49 56 0.0625
49 50 91 49 58 0.015625
49 50 96 49 66 0.015625
49 50 99 49 62 0.015625
49 50 100 49 62 0.015625
49 50 104 49 10 0.015625
49 50 114 49 71 0.015625
49 50 123 49 62 0.015625
50 31 0 50 4 0.015625
50 31 1 50 24 0.015625
50 31 3 50 41 0.015625
50 31 4 50 47 0.078125
50 31 6 50 66 0.015625
50 31 7 50 1 0.015625
50 31 9 50 3 0.015625
50 31 10 50 3 0.015625
50 31 33 50 35 0.15625
50 31 34 50 37 0.015625
50 31 35 50 41 0.015625
50 31 40 50 63 0.0625
50 31 41 50 63 0.203125
50 31 43 50 68 0.125
50 31 44 50 68 0.078125
50 31 45 50 61 0.015625
50 31 46 50 61 0.015625
50 31 48 50 66 0.015625
50 31 74 50 26 0.015625
50 31 80 50 35 0.03125
50 31 87 50 44 0.015625
50 31 89 50 44 0.015625
50 31 104 50 79 0.015625
50 31 130 50 61 0.015625
