0_38125_100000_200_0_0 50 150 0.592971 0.240079 1.01742 9.69916 299.985 3.64839
0_38125_100000_200_0_0 50 150 100 1798604 62745994500 34885.9 17986 627459945 4.45603e+09
0_38125_100000_200_1_1 50 150 0.592971 0.240079 1.01742 9.69916 299.985 3.64839
0_38125_100000_200_1_1 50 150 100 1798604 62745994500 34885.9 17986 627459945 4.45603e+09
0_38125_100000_200_2_2 50 150 0.592211 0.238853 0.997946 9.7851 196.367 3.6241
0_38125_100000_200_2_2 50 150 100 1797672 62757426000 34910.4 17976.7 627574260 4.43442e+09
0_38125_100000_200_3_3 50 150 0.592068 0.237229 0.994314 9.74344 314.03 3.58942
0_38125_100000_200_3_3 50 150 100 1798264 62566678500 34792.8 17982.6 625666785 4.40238e+09
0_38125_100000_200_4_4 50 150 0.622222 0.241023 1.03705 10.0344 429.992 3.82276
0_38125_100000_200_4_4 50 150 100 1798321 62711091000 34872 17983.2 627110910 4.67084e+09
0_38125_100000_200_5_5 50 150 0.601569 0.239256 1.01513 9.87704 300.981 3.71413
0_38125_100000_200_5_5 50 150 100 1799261 62618605500 34802.4 17992.6 626186055 4.48268e+09
0_38125_100000_200_6_6 50 150 0.578692 0.239328 0.998497 9.68396 209.41 3.5778
0_38125_100000_200_6_6 50 150 100 1798437 62917041000 34984.3 17984.4 629170410 4.43331e+09
0_38125_100000_200_7_7 50 150 0.618533 0.241617 1.03596 9.96085 300.418 3.7788
0_38125_100000_200_7_7 50 150 100 1798220 63043414500 35058.8 17982.2 630434145 4.69291e+09
0_38125_100000_200_8_8 50 150 0.590014 0.240974 1.01986 9.82378 296.866 3.68824
0_38125_100000_200_8_8 50 150 100 1797509 62803554000 34939.2 17975.1 628035540 4.41682e+09
0_38125_100000_200_9_9 50 150 0.579725 0.237701 0.973328 9.56211 296.534 3.41765
0_38125_100000_200_9_9 50 150 100 1798064 62880558000 34971.3 17980.6 628805580 4.255e+09
