21_5625_10000_1000_0_0 250 750 6.01964 1.2886 15.8515 44.6365 1291.2 23.8726
21_5625_10000_1000_0_0 250 750 500 5142040 85871227500 16699.8 10284.1 171742455 1.09489e+09
21_5625_10000_1000_1_1 250 750 6.01964 1.2886 15.8515 44.6365 1291.2 23.8726
21_5625_10000_1000_1_1 250 750 500 5142040 85871227500 16699.8 10284.1 171742455 1.09489e+09
21_5625_10000_1000_2_2 250 750 6.04649 1.26318 15.6935 44.4837 1510.06 23.6859
21_5625_10000_1000_2_2 250 750 500 5142501 85885104000 16701 10285 171770208 1.104e+09
21_5625_10000_1000_3_3 250 750 5.64164 1.29826 15.733 41.0688 1291.09 23.3437
21_5625_10000_1000_3_3 250 750 500 5142246 85877922000 16700.5 10284.5 171755844 1.02615e+09
21_5625_10000_1000_4_4 250 750 5.84785 1.27863 15.8043 42.7642 1313.44 23.6491
21_5625_10000_1000_4_4 250 750 500 5142238 85884318000 16701.7 10284.5 171768636 1.06859e+09
21_5625_10000_1000_5_5 250 750 5.92455 1.27721 15.8254 44.3991 1461.16 23.8902
21_5625_10000_1000_5_5 250 750 500 5141626 85871571000 16701.2 10283.3 171743142 1.08466e+09
21_5625_10000_1000_6_6 250 750 6.00115 1.26717 15.7161 44.3548 1300.34 23.7074
21_5625_10000_1000_6_6 250 750 500 5142145 85873285500 16699.9 10284.3 171746571 1.09797e+09
21_5625_10000_1000_7_7 250 750 6.04075 1.2896 15.3582 42.2739 1288.38 23.0562
21_5625_10000_1000_7_7 250 750 500 5142516 85884427500 16700.9 10285 171768855 1.09723e+09
21_5625_10000_1000_8_8 250 750 5.82093 1.28392 15.8047 42.0899 1229.89 23.5865
21_5625_10000_1000_8_8 250 750 500 5142445 85879458000 16700.1 10284.9 171758916 1.05886e+09
21_5625_10000_1000_9_9 250 750 5.72697 1.29437 15.7808 41.7591 1300.06 23.5161
21_5625_10000_1000_9_9 250 750 500 5142401 85873887000 16699.2 10284.8 171747774 1.04325e+09
