16_25_100_640_0_0 160 480 0.694441 0.13666 0.598296 9.34765 760.497 2.51964
16_25_100_640_0_0 160 480 320 674663 23527143000 34872.4 2108.32 7.35223e+07 4.86129e+08
16_25_100_640_1_1 160 480 0.694441 0.13666 0.598296 9.34765 760.497 2.51964
16_25_100_640_1_1 160 480 320 674663 23527143000 34872.4 2108.32 7.35223e+07 4.86129e+08
16_25_100_640_2_2 160 480 0.704304 0.137823 0.613881 9.44587 699.562 2.62988
16_25_100_640_2_2 160 480 320 674303 23555181000 34932.6 2107.2 7.36099e+07 6.04173e+08
16_25_100_640_3_3 160 480 0.852602 0.138802 0.628744 9.8911 1077.55 2.82647
16_25_100_640_3_3 160 480 320 674053 23641195500 35073.2 2106.42 7.38787e+07 6.18842e+08
16_25_100_640_4_4 160 480 0.557984 0.138716 0.621769 9.49113 597.639 2.69804
16_25_100_640_4_4 160 480 320 674176 23651515500 35082.1 2106.8 7.3911e+07 5.40454e+08
16_25_100_640_5_5 160 480 0.518815 0.136935 0.58373 8.71696 646.069 2.30291
16_25_100_640_5_5 160 480 320 674001 23509366500 34880.3 2106.25 7.34668e+07 4.28661e+08
16_25_100_640_6_6 160 480 0.734862 0.13807 0.614618 9.58641 760.195 2.67317
16_25_100_640_6_6 160 480 320 673668 23512120500 34901.6 2105.21 7.34754e+07 5.80898e+08
16_25_100_640_7_7 160 480 0.556694 0.137077 0.590478 8.81346 655.255 2.36323
16_25_100_640_7_7 160 480 320 673240 23538925500 34963.6 2103.88 7.35591e+07 4.9975e+08
16_25_100_640_8_8 160 480 0.687435 0.137477 0.599781 9.43794 660.403 2.53521
16_25_100_640_8_8 160 480 320 673347 23477524500 34866.9 2104.21 7.33673e+07 4.97161e+08
16_25_100_640_9_9 160 480 0.704428 0.136585 0.592449 9.34834 737.698 2.46408
16_25_100_640_9_9 160 480 320 673719 23521081500 34912.3 2105.37 7.35034e+07 5.89391e+08
