12_25_100_640_0_0 160 480 0.979486 0.0805395 0.457623 9.96538 1078.63 2.19018
12_25_100_640_0_0 160 480 320 508053 17746195500 34929.8 1587.67 5.54569e+07 5.0317e+08
12_25_100_640_1_1 160 480 0.979486 0.0805395 0.457623 9.96538 1078.63 2.19018
12_25_100_640_1_1 160 480 320 508053 17746195500 34929.8 1587.67 5.54569e+07 5.0317e+08
12_25_100_640_2_2 160 480 1.25604 0.080736 0.457819 10.0347 1182.88 2.18093
12_25_100_640_2_2 160 480 320 508354 17774715000 34965.2 1588.61 5.5546e+07 5.40727e+08
12_25_100_640_3_3 160 480 1.31947 0.080786 0.469628 10.2849 1079.59 2.41538
12_25_100_640_3_3 160 480 320 508372 17828103000 35069 1588.66 5.57128e+07 5.87904e+08
12_25_100_640_4_4 160 480 1.26725 0.0807942 0.468568 10.7392 1079.77 2.45248
12_25_100_640_4_4 160 480 320 507772 17891221500 35234.8 1586.79 5.59101e+07 5.80379e+08
12_25_100_640_5_5 160 480 1.22443 0.0809485 0.462018 10.2511 1090.02 2.30484
12_25_100_640_5_5 160 480 320 508169 17716672500 34863.7 1588.03 5.53646e+07 4.94883e+08
12_25_100_640_6_6 160 480 1.05289 0.0809262 0.46508 10.192 1078.81 2.27131
12_25_100_640_6_6 160 480 320 507656 17800806000 35064.7 1586.42 5.56275e+07 5.79949e+08
12_25_100_640_7_7 160 480 1.07608 0.0800384 0.458357 10.1077 779.791 2.23963
12_25_100_640_7_7 160 480 320 507313 17671018500 34832.6 1585.35 5.52219e+07 5.05275e+08
12_25_100_640_8_8 160 480 1.49373 0.0806285 0.465938 11.8985 728.113 2.58969
12_25_100_640_8_8 160 480 320 506893 17852404500 35219.3 1584.04 5.57888e+07 6.28454e+08
12_25_100_640_9_9 160 480 0.900153 0.0809844 0.449135 9.11835 825.554 1.968
12_25_100_640_9_9 160 480 320 507659 17671693500 34810.2 1586.43 5.5224e+07 4.12022e+08
