1325_0_0_43_0_0 10 32 0.521128 0.203798 0.899094 9.94247 110.004 4.35822
1325_0_0_43_0_0 10 32 22 1339109 47008039500 35104 60868.6 2.13673e+09 1.08045e+10
1325_0_0_43_1_1 10 32 0.521128 0.203798 0.899094 9.94247 110.004 4.35822
1325_0_0_43_1_1 10 32 22 1339109 47008039500 35104 60868.6 2.13673e+09 1.08045e+10
1325_0_0_43_2_2 10 32 0.52426 0.204335 0.903606 9.97836 86.7496 4.38036
1325_0_0_43_2_2 10 32 22 1338001 46835706000 35004.2 60818.2 2.1289e+09 1.07903e+10
1325_0_0_43_3_3 10 32 0.523125 0.204808 0.91165 9.95034 99.9947 4.3784
1325_0_0_43_3_3 10 32 22 1339234 46955902500 35061.8 60874.3 2.13436e+09 1.09369e+10
1325_0_0_43_4_4 10 32 0.523608 0.204477 0.900524 9.97616 110.025 4.37549
1325_0_0_43_4_4 10 32 22 1338356 46949521500 35080 60834.4 2.13407e+09 1.08083e+10
1325_0_0_43_5_5 10 32 0.518889 0.203524 0.89032 9.92593 84.8312 4.29175
1325_0_0_43_5_5 10 32 22 1337606 46600437000 34838.7 60800.3 2.1182e+09 1.05941e+10
1325_0_0_43_6_6 10 32 0.522493 0.20462 0.896765 9.9935 114.542 4.35005
1325_0_0_43_6_6 10 32 22 1337949 47007679500 35134.1 60815.9 2.13671e+09 1.08977e+10
1325_0_0_43_7_7 10 32 0.525598 0.204412 0.909263 9.97286 86.5041 4.41272
1325_0_0_43_7_7 10 32 22 1337441 46842835500 35024.2 60792.8 2.12922e+09 1.09988e+10
1325_0_0_43_8_8 10 32 0.521338 0.203769 0.902668 9.95442 99.991 4.35493
1325_0_0_43_8_8 10 32 22 1338251 46782732000 34958.1 60829.6 2.12649e+09 1.06644e+10
1325_0_0_43_9_9 10 32 0.522593 0.20409 0.900119 9.99848 111.789 4.37156
1325_0_0_43_9_9 10 32 22 1338257 46984164000 35108.5 60829.9 2.13564e+09 1.08921e+10
