0_41875_100000_100_0_0 25 75 0.639337 0.285602 1.42579 10.0418 110.063 4.66288
0_41875_100000_100_0_0 25 75 50 1513808 52745185500 34842.7 30276.2 1054903710 7.92895e+09
0_41875_100000_100_1_1 25 75 0.639337 0.285602 1.42579 10.0418 110.063 4.66288
0_41875_100000_100_1_1 25 75 50 1513808 52745185500 34842.7 30276.2 1054903710 7.92895e+09
0_41875_100000_100_2_2 25 75 0.646935 0.287129 1.46765 10.1238 220.035 4.75405
0_41875_100000_100_2_2 25 75 50 1511983 52701226500 34855.7 30239.7 1054024530 8.2619e+09
0_41875_100000_100_3_3 25 75 0.638741 0.285022 1.41792 10.0801 130.027 4.68677
0_41875_100000_100_3_3 25 75 50 1511918 52534249500 34746.8 30238.4 1050684990 7.93247e+09
0_41875_100000_100_4_4 25 75 0.645498 0.285766 1.46484 10.1044 130.028 4.76273
0_41875_100000_100_4_4 25 75 50 1513274 52597428000 34757.4 30265.5 1051948560 7.96352e+09
0_41875_100000_100_5_5 25 75 0.653343 0.289772 1.49774 10.1278 141.935 4.81993
0_41875_100000_100_5_5 25 75 50 1514213 52721799000 34818 30284.3 1054435980 8.08112e+09
0_41875_100000_100_6_6 25 75 0.631381 0.283063 1.40087 9.93488 150.026 4.5865
0_41875_100000_100_6_6 25 75 50 1511032 52426057500 34695.5 30220.6 1048521150 7.88254e+09
0_41875_100000_100_7_7 25 75 0.634636 0.285533 1.43354 9.96655 173.597 4.64991
0_41875_100000_100_7_7 25 75 50 1513029 52566151500 34742.3 30260.6 1051323030 7.888e+09
0_41875_100000_100_8_8 25 75 0.643275 0.287934 1.46714 10.0289 96.9765 4.73382
0_41875_100000_100_8_8 25 75 50 1512701 52585506000 34762.7 30254 1051710120 7.89414e+09
0_41875_100000_100_9_9 25 75 0.642469 0.285619 1.45307 10.0163 110.01 4.70655
0_41875_100000_100_9_9 25 75 50 1512490 52707874500 34848.4 30249.8 1054157490 8.08073e+09
