17_0_0_640_0_0 160 480 0.459624 0.106445 0.521544 8.8464 584.06 2.29223
17_0_0_640_0_0 160 480 320 705641 24605581500 34869.8 2205.13 7.68924e+07 4.06666e+08
17_0_0_640_1_1 160 480 0.459624 0.106445 0.521544 8.8464 584.06 2.29223
17_0_0_640_1_1 160 480 320 705641 24605581500 34869.8 2205.13 7.68924e+07 4.06666e+08
17_0_0_640_2_2 160 480 0.493099 0.106756 0.533988 9.18137 385.92 2.42246
17_0_0_640_2_2 160 480 320 705637 24620752500 34891.5 2205.12 7.69399e+07 4.07549e+08
17_0_0_640_3_3 160 480 0.458762 0.107284 0.518824 8.64986 650.902 2.19145
17_0_0_640_3_3 160 480 320 705324 24665479500 34970.4 2204.14 7.70796e+07 3.74234e+08
17_0_0_640_4_4 160 480 0.493601 0.106218 0.534182 9.11181 610.285 2.44237
17_0_0_640_4_4 160 480 320 705403 24734713500 35064.7 2204.38 7.7296e+07 4.74141e+08
17_0_0_640_5_5 160 480 0.641133 0.106108 0.527504 8.97718 668.603 2.33063
17_0_0_640_5_5 160 480 320 705221 24542746500 34801.5 2203.82 7.66961e+07 4.81992e+08
17_0_0_640_6_6 160 480 0.514633 0.107634 0.545732 9.39596 582.83 2.52382
17_0_0_640_6_6 160 480 320 704761 24589678500 34890.8 2202.38 7.68427e+07 4.07872e+08
17_0_0_640_7_7 160 480 0.505039 0.106807 0.527983 9.13677 570.153 2.35549
17_0_0_640_7_7 160 480 320 704430 24645384000 34986.3 2201.34 77016825 4.36919e+08
17_0_0_640_8_8 160 480 0.364525 0.105612 0.503122 7.99576 478.945 2.01812
17_0_0_640_8_8 160 480 320 704443 24559684500 34864 2201.38 7.6749e+07 3.21003e+08
17_0_0_640_9_9 160 480 0.495232 0.106866 0.525582 8.76212 591.513 2.27459
17_0_0_640_9_9 160 480 320 705003 24606304500 34902.4 2203.13 7.68947e+07 3.97538e+08
