17_25_100_640_0_0 160 480 0.683715 0.110142 0.567201 10.1006 668.014 2.82496
17_25_100_640_0_0 160 480 320 715964 24991461000 34906 2237.39 7.80983e+07 5.53422e+08
17_25_100_640_1_1 160 480 0.683715 0.110142 0.567201 10.1006 668.014 2.82496
17_25_100_640_1_1 160 480 320 715964 24991461000 34906 2237.39 7.80983e+07 5.53422e+08
17_25_100_640_2_2 160 480 0.549424 0.110143 0.563229 9.5252 655.266 2.65794
17_25_100_640_2_2 160 480 320 715999 25022353500 34947.5 2237.5 7.81949e+07 4.57415e+08
17_25_100_640_3_3 160 480 0.597222 0.110146 0.556798 9.80731 731.797 2.6544
17_25_100_640_3_3 160 480 320 715793 25069497000 35023.4 2236.85 7.83422e+07 4.89782e+08
17_25_100_640_4_4 160 480 0.509498 0.111282 0.570892 9.51301 568.034 2.67265
17_25_100_640_4_4 160 480 320 715944 25134277500 35106.5 2237.32 7.85446e+07 4.50687e+08
17_25_100_640_5_5 160 480 0.682314 0.108162 0.544605 9.71803 681.084 2.5806
17_25_100_640_5_5 160 480 320 715760 24942856500 34848.1 2236.75 7.79464e+07 4.92418e+08
17_25_100_640_6_6 160 480 0.526565 0.109828 0.551715 9.25126 631.841 2.51991
17_25_100_640_6_6 160 480 320 714990 24995806500 34959.7 2234.34 7.81119e+07 4.37012e+08
17_25_100_640_7_7 160 480 0.352858 0.108828 0.509868 7.71309 367.224 1.97024
17_25_100_640_7_7 160 480 320 714925 25069266000 35065.6 2234.14 7.83415e+07 3.5016e+08
17_25_100_640_8_8 160 480 0.706854 0.109133 0.552241 9.70874 745.213 2.6614
17_25_100_640_8_8 160 480 320 714756 24982954500 34953.1 2233.61 7.80717e+07 5.11166e+08
17_25_100_640_9_9 160 480 0.627364 0.109182 0.553884 9.50541 685.877 2.59435
17_25_100_640_9_9 160 480 320 715277 25023250500 34984 2235.24 7.81977e+07 4.40888e+08
