2_15_100_320_0_0 80 240 0.537065 0.189205 1.13482 9.99138 439.998 4.33881
2_15_100_320_0_0 80 240 160 4833346 125966446500 26062 30208.4 7.8729e+08 2.78898e+09
2_15_100_320_1_1 80 240 0.537065 0.189205 1.13482 9.99138 439.998 4.33881
2_15_100_320_1_1 80 240 160 4833346 125966446500 26062 30208.4 7.8729e+08 2.78898e+09
2_15_100_320_2_2 80 240 0.539939 0.189772 1.15234 10.0264 365.593 4.37109
2_15_100_320_2_2 80 240 160 4834639 126115375500 26085.8 30216.5 7.88221e+08 2.80747e+09
2_15_100_320_3_3 80 240 0.537824 0.190399 1.14168 9.99495 364.617 4.33088
2_15_100_320_3_3 80 240 160 4833708 126122478000 26092.3 30210.7 7.88265e+08 2.77601e+09
2_15_100_320_4_4 80 240 0.538994 0.19016 1.15136 9.99712 366.512 4.35984
2_15_100_320_4_4 80 240 160 4832828 126118888500 26096.3 30205.2 7.88243e+08 2.86545e+09
2_15_100_320_5_5 80 240 0.540718 0.189666 1.14812 10.0265 360.006 4.36592
2_15_100_320_5_5 80 240 160 4833743 126120417000 26091.7 30210.9 7.88253e+08 2.89793e+09
2_15_100_320_6_6 80 240 0.535335 0.189745 1.13907 9.95095 359.813 4.31247
2_15_100_320_6_6 80 240 160 4833295 126097776000 26089.4 30208.1 788111100 2.8384e+09
2_15_100_320_7_7 80 240 0.534364 0.189923 1.13319 9.95355 365.243 4.30806
2_15_100_320_7_7 80 240 160 4833611 126112033500 26090.6 30210.1 7.882e+08 2.84627e+09
2_15_100_320_8_8 80 240 0.535615 0.189693 1.14152 9.98764 359.985 4.3188
2_15_100_320_8_8 80 240 160 4832873 126084993000 26089 30205.5 7.88031e+08 2.80526e+09
2_15_100_320_9_9 80 240 0.533434 0.189675 1.12916 9.93528 340.053 4.27662
2_15_100_320_9_9 80 240 160 4834070 126126676500 26091.2 30212.9 7.88292e+08 2.81758e+09
