2_175_1000_320_0_0 80 240 0.563421 0.194879 1.2605 10.1742 365.384 4.67477
2_175_1000_320_0_0 80 240 160 4890109 127642158000 26102.1 30563.2 7.97763e+08 3.0192e+09
2_175_1000_320_1_1 80 240 0.563421 0.194879 1.2605 10.1742 365.384 4.67477
2_175_1000_320_1_1 80 240 160 4890109 127642158000 26102.1 30563.2 7.97763e+08 3.0192e+09
2_175_1000_320_2_2 80 240 0.561764 0.194745 1.25793 10.1631 363.632 4.65705
2_175_1000_320_2_2 80 240 160 4890344 127591164000 26090.4 30564.7 797444775 2.97108e+09
2_175_1000_320_3_3 80 240 0.559431 0.194928 1.2412 10.1499 361.901 4.612
2_175_1000_320_3_3 80 240 160 4889621 127522347000 26080.2 30560.1 7.97015e+08 2.94151e+09
2_175_1000_320_4_4 80 240 0.562959 0.195182 1.2552 10.2006 360.011 4.66276
2_175_1000_320_4_4 80 240 160 4888957 127530919500 26085.5 30556 7.97068e+08 3.0053e+09
2_175_1000_320_5_5 80 240 0.561885 0.194844 1.24478 10.1775 390.051 4.64329
2_175_1000_320_5_5 80 240 160 4890839 127618243500 26093.3 30567.7 7.97614e+08 3.05055e+09
2_175_1000_320_6_6 80 240 0.559993 0.194912 1.24743 10.1439 392.136 4.62466
2_175_1000_320_6_6 80 240 160 4889960 127602274500 26094.7 30562.2 7.97514e+08 3.01814e+09
2_175_1000_320_7_7 80 240 0.558115 0.194849 1.24008 10.1215 361.076 4.61441
2_175_1000_320_7_7 80 240 160 4890263 127586133000 26089.8 30564.1 7.97413e+08 3.0244e+09
2_175_1000_320_8_8 80 240 0.561049 0.195013 1.25784 10.1696 342.672 4.65108
2_175_1000_320_8_8 80 240 160 4889444 127592548500 26095.5 30559 7.97453e+08 3.03276e+09
2_175_1000_320_9_9 80 240 0.557456 0.194556 1.23786 10.1558 341.283 4.61225
2_175_1000_320_9_9 80 240 160 4890761 127579287000 26085.8 30567.3 7.97371e+08 2.9401e+09
