15_5_10_640_0_0 160 480 0.642163 0.131126 0.609448 9.91747 719.876 2.7861
15_5_10_640_0_0 160 480 320 643289 22474303500 34936.6 2010.28 7.02322e+07 5.08171e+08
15_5_10_640_1_1 160 480 0.642163 0.131126 0.609448 9.91747 719.876 2.7861
15_5_10_640_1_1 160 480 320 643289 22474303500 34936.6 2010.28 7.02322e+07 5.08171e+08
15_5_10_640_2_2 160 480 0.561942 0.129888 0.561472 8.7319 669.417 2.21329
15_5_10_640_2_2 160 480 320 643278 22489419000 34960.7 2010.24 7.02794e+07 4.345e+08
15_5_10_640_3_3 160 480 0.677271 0.131509 0.598665 9.86815 700.067 2.66274
15_5_10_640_3_3 160 480 320 643206 22536565500 35037.9 2010.02 7.04268e+07 5.3144e+08
15_5_10_640_4_4 160 480 0.639061 0.130697 0.577831 9.1681 776.312 2.38479
15_5_10_640_4_4 160 480 320 643026 22619995500 35177.4 2009.46 7.06875e+07 5.30355e+08
15_5_10_640_5_5 160 480 0.557756 0.130142 0.577261 9.11295 650.83 2.40518
15_5_10_640_5_5 160 480 320 643133 22463094000 34927.6 2009.79 7.01972e+07 4.9901e+08
15_5_10_640_6_6 160 480 0.690078 0.131995 0.606659 9.70791 660.593 2.7056
15_5_10_640_6_6 160 480 320 642627 22445979000 34928.5 2008.21 7.01437e+07 5.17301e+08
15_5_10_640_7_7 160 480 0.615819 0.131232 0.586361 9.28642 697.854 2.48185
15_5_10_640_7_7 160 480 320 641974 22443927000 34960.8 2006.17 7.01373e+07 5.32246e+08
15_5_10_640_8_8 160 480 0.620353 0.132871 0.611821 9.65888 620.356 2.7391
15_5_10_640_8_8 160 480 320 641909 22529967000 35098.4 2005.97 7.04061e+07 4.36444e+08
15_5_10_640_9_9 160 480 0.720867 0.131101 0.585655 9.80148 694.566 2.60021
15_5_10_640_9_9 160 480 320 642544 22435567500 34916.8 2007.95 7.01111e+07 5.84123e+08
