108_0_0_200_0_49 50 150 0.471978 0.148925 0.830118 9.76895 157.143 3.74551
108_0_0_200_0_49 50 150 100 3499198 121646050500 34764 34992 1216460505 6.52002e+09
108_0_0_200_50_99 50 150 0.466515 0.147894 0.811196 9.70052 326.093 3.67174
108_0_0_200_50_99 50 150 100 3498985 121502844000 34725.2 34989.8 1215028440 6.5045e+09
108_0_0_200_100_149 50 150 0.465317 0.147494 0.808887 9.70947 166.447 3.68007
108_0_0_200_100_149 50 150 100 3497680 121314831000 34684.4 34976.8 1213148310 6.46062e+09
108_0_0_200_150_199 50 150 0.471949 0.148551 0.817968 9.76327 200.054 3.72142
108_0_0_200_150_199 50 150 100 3498947 121931199000 34848 34989.5 1219311990 6.69838e+09
108_0_0_200_200_249 50 150 0.481416 0.148261 0.833282 9.85428 428.57 3.81406
108_0_0_200_200_249 50 150 100 3499298 121997719500 34863.5 34993 1219977195 6.94384e+09
108_0_0_200_250_299 50 150 0.472728 0.148363 0.822713 9.78583 389.887 3.7462
108_0_0_200_250_299 50 150 100 3428936 119018541000 34710.1 34289.4 1190185410 6.50822e+09
108_0_0_200_300_349 50 150 0.473904 0.149291 0.83204 9.76568 159.588 3.78775
108_0_0_200_300_349 50 150 100 3500781 121943587500 34833.3 35007.8 1219435875 6.6355e+09
108_0_0_200_350_399 50 150 0.473079 0.149178 0.836697 9.80729 152.421 3.80291
108_0_0_200_350_399 50 150 100 3501573 121614856500 34731.5 35015.7 1216148565 6.47282e+09
108_0_0_200_400_449 50 150 0.475055 0.148645 0.831484 9.79744 159.724 3.79695
108_0_0_200_400_449 50 150 100 3501221 121534389000 34712 35012.2 1215343890 6.63394e+09
108_0_0_200_450_499 50 150 0.467843 0.147317 0.810448 9.68888 258.022 3.68209
108_0_0_200_450_499 50 150 100 3500062 121186650000 34624.1 35000.6 1211866500 6.57264e+09
