0 1 0 0 1 0.0625
0 1 1 0 8 0.03125
0 1 2 0 13 0.046875
0 1 3 0 22 0.046875
0 1 4 0 18 0.03125
0 1 5 0 59 0.03125
0 1 6 0 40 0.03125
0 1 7 0 79 0.046875
0 1 8 0 53 0.03125
0 1 10 0 10 0.015625
0 1 11 0 23 0.03125
0 1 14 0 46 0.03125
0 1 16 0 14 0.015625
0 1 17 0 14 0.015625
0 1 18 0 18 0.015625
0 1 20 0 25 0.015625
0 1 25 0 11 0.03125
0 1 26 0 21 0.03125
0 1 27 0 54 0.015625
0 1 28 0 47 0.015625
0 1 29 0 37 0.015625
0 1 32 0 40 0.015625
0 1 34 0 63 0.015625
0 1 36 0 63 0.015625
0 1 37 0 53 0.015625
0 1 38 0 70 0.015625
0 1 40 0 29 0.015625
0 1 43 0 45 0.015625
0 1 58 0 14 0.015625
0 1 72 0 11 0.015625
0 1 77 0 54 0.015625
0 1 78 0 54 0.015625
0 1 82 0 47 0.015625
0 1 83 0 47 0.015625
0 1 84 0 37 0.015625
0 1 85 0 37 0.015625
0 1 89 0 20 0.015625
0 1 91 0 20 0.015625
0 1 95 0 63 0.015625
0 1 97 0 63 0.015625
0 1 101 0 70 0.03125
0 1 107 0 43 0.015625
0 1 110 0 45 0.015625
0 1 117 0 25 0.015625
0 1 123 0 59 0.015625
1 2 0 1 2 0.046875
1 2 1 1 72 0.015625
1 2 2 1 56 0.046875
1 2 3 1 55 0.03125
1 2 4 1 40 0.046875
1 2 5 1 0 0.015625
1 2 6 1 0 0.015625
1 2 7 1 0 0.015625
1 2 8 1 77 0.03125
1 2 10 1 77 0.015625
1 2 11 1 52 0.03125
1 2 12 1 13 0.015625
1 2 13 1 13 0.015625
1 2 15 1 15 0.015625
1 2 16 1 15 0.03125
1 2 17 1 22 0.015625
1 2 19 1 79 0.015625
1 2 22 1 79 0.015625
1 2 23 1 18 0.015625
1 2 24 1 18 0.015625
1 2 26 1 72 0.015625
1 2 28 1 62 0.03125
1 2 29 1 19 0.015625
1 2 31 1 59 0.03125
1 2 32 1 53 0.03125
1 2 33 1 16 0.015625
1 2 34 1 16 0.015625
1 2 36 1 55 0.015625
1 2 38 1 5 0.03125
1 2 40 1 64 0.015625
1 2 41 1 64 0.015625
1 2 43 1 66 0.015625
1 2 44 1 66 0.015625
1 2 49 1 6 0.03125
1 2 57 1 8 0.015625
1 2 61 1 22 0.015625
1 2 64 1 22 0.015625
1 2 66 1 79 0.015625
1 2 67 1 35 0.015625
1 2 69 1 72 0.015625
1 2 70 1 72 0.015625
1 2 73 1 62 0.015625
1 2 78 1 19 0.015625
1 2 79 1 19 0.015625
1 2 81 1 59 0.015625
1 2 84 1 30 0.015625
1 2 95 1 50 0.015625
1 2 99 1 64 0.015625
1 2 102 1 66 0.015625
2 3 0 2 72 0.015625
2 3 1 2 34 0.03125
2 3 2 2 43 0.015625
2 3 3 2 63 0.03125
2 3 4 2 41 0.03125
2 3 5 2 24 0.03125
2 3 6 2 45 0.03125
2 3 7 2 1 0.03125
2 3 9 2 39 0.015625
2 3 10 2 39 0.015625
2 3 12 2 46 0.015625
2 3 13 2 46 0.015625
2 3 14 2 56 0.015625
2 3 15 2 56 0.03125
2 3 17 2 42 0.03125
2 3 18 2 42 0.015625
2 3 21 2 72 0.015625
2 3 22 2 72 0.015625
2 3 23 2 55 0.03125
2 3 24 2 55 0.015625
2 3 25 2 40 0.015625
2 3 29 2 20 0.03125
2 3 30 2 20 0.015625
2 3 31 2 10 0.015625
2 3 34 2 25 0.015625
2 3 35 2 25 0.015625
2 3 37 2 44 0.015625
2 3 39 2 44 0.015625
2 3 40 2 69 0.015625
2 3 41 2 69 0.015625
2 3 42 2 75 0.015625
2 3 43 2 75 0.015625
2 3 44 2 75 0.015625
2 3 45 2 43 0.015625
2 3 47 2 63 0.015625
2 3 49 2 74 0.03125
2 3 52 2 68 0.015625
2 3 53 2 68 0.03125
2 3 54 2 68 0.015625
2 3 55 2 37 0.015625
2 3 57 2 11 0.015625
2 3 58 2 11 0.015625
2 3 60 2 11 0.015625
2 3 63 2 45 0.015625
2 3 69 2 56 0.015625
2 3 75 2 55 0.015625
2 3 76 2 40 0.015625
2 3 78 2 10 0.015625
2 3 81 2 25 0.015625
2 3 89 2 75 0.015625
2 3 92 2 31 0.015625
2 3 147 2 69 0.015625
3 0 0 3 63 0.046875
3 0 1 3 43 0.0625
3 0 2 3 45 0.03125
3 0 3 3 47 0.03125
3 0 4 3 41 0.015625
3 0 5 3 41 0.015625
3 0 6 3 34 0.015625
3 0 7 3 34 0.015625
3 0 8 3 34 0.015625
3 0 9 3 36 0.015625
3 0 10 3 36 0.015625
3 0 12 3 57 0.015625
3 0 15 3 15 0.015625
3 0 16 3 15 0.0625
3 0 20 3 62 0.015625
3 0 21 3 63 0.03125
3 0 23 3 76 0.015625
3 0 24 3 76 0.03125
3 0 25 3 24 0.015625
3 0 26 3 24 0.015625
3 0 27 3 24 0.015625
3 0 28 3 24 0.015625
3 0 30 3 32 0.015625
3 0 31 3 43 0.015625
3 0 33 3 43 0.015625
3 0 34 3 72 0.015625
3 0 37 3 45 0.015625
3 0 40 3 50 0.03125
3 0 46 3 26 0.015625
3 0 48 3 52 0.015625
3 0 49 3 52 0.015625
3 0 50 3 52 0.03125
3 0 52 3 71 0.015625
3 0 55 3 65 0.03125
3 0 56 3 65 0.015625
3 0 59 3 33 0.015625
3 0 60 3 33 0.015625
3 0 63 3 51 0.015625
3 0 72 3 41 0.015625
3 0 81 3 57 0.015625
3 0 82 3 57 0.015625
3 0 84 3 60 0.015625
3 0 88 3 62 0.015625
3 0 89 3 62 0.015625
3 0 90 3 62 0.015625
3 0 96 3 72 0.015625
3 0 98 3 50 0.015625
3 0 105 3 71 0.015625
3 0 106 3 65 0.015625
3 4 0 3 4 0.0625
3 4 1 3 57 0.046875
3 4 2 3 60 0.03125
3 4 3 3 45 0.03125
3 4 4 3 50 0.03125
3 4 5 3 5 0.03125
3 4 6 3 71 0.046875
3 4 7 3 33 0.046875
3 4 8 3 47 0.046875
3 4 9 3 41 0.015625
3 4 10 3 41 0.015625
3 4 11 3 34 0.015625
3 4 13 3 36 0.015625
3 4 14 3 15 0.015625
3 4 16 3 60 0.03125
3 4 17 3 62 0.015625
3 4 19 3 62 0.015625
3 4 20 3 63 0.015625
3 4 21 3 76 0.03125
3 4 22 3 24 0.015625
3 4 23 3 24 0.015625
3 4 25 3 32 0.046875
3 4 27 3 72 0.03125
3 4 30 3 26 0.015625
3 4 32 3 52 0.015625
3 4 33 3 52 0.015625
3 4 34 3 65 0.015625
3 4 38 3 51 0.03125
3 4 39 3 51 0.015625
3 4 41 3 48 0.015625
3 4 43 3 48 0.015625
3 4 49 3 36 0.015625
3 4 57 3 62 0.015625
3 4 59 3 63 0.015625
3 4 60 3 76 0.015625
3 4 66 3 32 0.015625
3 4 71 3 72 0.015625
3 4 74 3 26 0.03125
3 4 80 3 65 0.015625
3 4 81 3 65 0.015625
3 4 87 3 48 0.015625
3 4 88 3 41 0.015625
4 5 0 4 5 0.0625
4 5 2 4 73 0.03125
4 5 3 4 60 0.03125
4 5 4 4 33 0.046875
4 5 7 4 56 0.015625
4 5 8 4 56 0.015625
4 5 9 4 46 0.03125
4 5 12 4 57 0.015625
4 5 13 4 57 0.03125
4 5 14 4 22 0.03125
4 5 15 4 22 0.015625
4 5 17 4 42 0.015625
4 5 18 4 42 0.015625
4 5 21 4 71 0.015625
4 5 22 4 50 0.03125
4 5 25 4 6 0.015625
4 5 27 4 6 0.015625
4 5 30 4 21 0.03125
4 5 31 4 10 0.015625
4 5 33 4 10 0.015625
4 5 35 4 68 0.03125
4 5 36 4 68 0.015625
4 5 37 4 47 0.015625
4 5 38 4 47 0.015625
4 5 39 4 47 0.015625
4 5 40 4 55 0.03125
4 5 41 4 38 0.015625
4 5 42 4 45 0.015625
4 5 43 4 45 0.015625
4 5 44 4 8 0.015625
4 5 49 4 56 0.015625
4 5 53 4 25 0.015625
4 5 58 4 42 0.015625
4 5 66 4 50 0.015625
4 5 71 4 21 0.015625
4 5 77 4 68 0.015625
4 5 82 4 60 0.015625
4 5 87 4 38 0.015625
4 5 88 4 38 0.015625
4 5 89 4 38 0.015625
4 5 90 4 54 0.015625
4 5 91 4 54 0.03125
4 5 93 4 54 0.015625
4 5 94 4 54 0.015625
4 5 95 4 54 0.015625
4 5 105 4 8 0.015625
4 5 113 4 42 0.015625
4 5 117 4 21 0.015625
4 5 119 4 55 0.015625
5 0 1 5 20 0.0625
5 0 2 5 29 0.015625
5 0 3 5 12 0.03125
5 0 4 5 37 0.0625
5 0 5 5 40 0.03125
5 0 6 5 43 0.046875
5 0 7 5 63 0.015625
5 0 12 5 4 0.015625
5 0 14 5 74 0.015625
5 0 15 5 74 0.015625
5 0 16 5 74 0.03125
5 0 18 5 61 0.03125
5 0 19 5 36 0.03125
5 0 20 5 36 0.015625
5 0 22 5 36 0.015625
5 0 23 5 58 0.03125
5 0 25 5 58 0.015625
5 0 26 5 52 0.015625
5 0 27 5 52 0.015625
5 0 28 5 52 0.015625
5 0 29 5 16 0.03125
5 0 30 5 16 0.015625
5 0 33 5 51 0.015625
5 0 35 5 48 0.015625
5 0 37 5 48 0.015625
5 0 38 5 7 0.015625
5 0 39 5 33 0.03125
5 0 41 5 66 0.015625
5 0 44 5 43 0.015625
5 0 45 5 43 0.015625
5 0 46 5 73 0.015625
5 0 48 5 69 0.015625
5 0 49 5 69 0.015625
5 0 50 5 69 0.015625
5 0 51 5 60 0.015625
5 0 53 5 60 0.015625
5 0 54 5 60 0.015625
5 0 55 5 60 0.015625
5 0 67 5 61 0.015625
5 0 68 5 61 0.015625
5 0 86 5 7 0.015625
5 0 89 5 7 0.015625
5 0 94 5 33 0.015625
5 0 110 5 63 0.015625
5 0 117 5 60 0.015625
5 0 128 5 58 0.015625
5 0 137 5 73 0.015625
5 0 147 5 37 0.015625
5 6 0 5 1 0.015625
5 6 2 5 74 0.015625
5 6 3 5 9 0.046875
5 6 4 5 58 0.03125
5 6 5 5 52 0.0625
5 6 6 5 51 0.046875
5 6 7 5 12 0.015625
5 6 8 5 33 0.03125
5 6 9 5 64 0.0625
5 6 10 5 37 0.015625
5 6 11 5 40 0.03125
5 6 12 5 63 0.03125
5 6 16 5 74 0.015625
5 6 17 5 20 0.015625
5 6 19 5 61 0.03125
5 6 21 5 36 0.015625
5 6 23 5 36 0.015625
5 6 24 5 36 0.015625
5 6 26 5 16 0.015625
5 6 28 5 48 0.015625
5 6 29 5 48 0.015625
5 6 32 5 7 0.03125
5 6 33 5 66 0.03125
5 6 34 5 37 0.015625
5 6 35 5 40 0.015625
5 6 37 5 63 0.03125
5 6 40 5 69 0.015625
5 6 41 5 69 0.015625
5 6 43 5 60 0.015625
5 6 44 5 60 0.015625
5 6 49 5 20 0.015625
5 6 51 5 61 0.015625
5 6 52 5 61 0.015625
5 6 55 5 58 0.015625
5 6 65 5 48 0.015625
5 6 77 5 43 0.015625
5 6 78 5 43 0.015625
5 6 80 5 43 0.015625
5 6 82 5 63 0.015625
5 6 84 5 73 0.03125
5 6 86 5 69 0.015625
5 6 88 5 69 0.015625
5 6 93 5 60 0.015625
5 6 95 5 60 0.015625
5 6 112 5 73 0.015625
6 1 0 6 1 0.171875
6 1 1 6 64 0.015625
6 1 2 6 72 0.015625
6 1 3 6 13 0.015625
6 1 4 6 40 0.015625
6 1 5 6 52 0.03125
6 1 6 6 79 0.015625
6 1 7 6 62 0.015625
6 1 10 6 26 0.015625
6 1 12 6 26 0.015625
6 1 13 6 64 0.015625
6 1 14 6 76 0.015625
6 1 15 6 76 0.015625
6 1 16 6 76 0.015625
6 1 17 6 58 0.015625
6 1 18 6 58 0.015625
6 1 19 6 58 0.015625
6 1 20 6 58 0.015625
6 1 21 6 33 0.015625
6 1 22 6 33 0.015625
6 1 23 6 33 0.015625
6 1 24 6 51 0.046875
6 1 26 6 51 0.015625
6 1 29 6 9 0.015625
6 1 34 6 74 0.03125
6 1 35 6 12 0.015625
6 1 36 6 12 0.015625
6 1 37 6 78 0.015625
6 1 39 6 50 0.015625
6 1 40 6 50 0.015625
6 1 41 6 52 0.015625
6 1 42 6 52 0.015625
6 1 43 6 67 0.015625
6 1 44 6 67 0.03125
6 1 45 6 67 0.015625
6 1 48 6 10 0.015625
6 1 49 6 21 0.015625
6 1 52 6 57 0.015625
6 1 62 6 72 0.015625
6 1 72 6 40 0.015625
6 1 76 6 74 0.015625
6 1 77 6 74 0.015625
6 1 78 6 74 0.015625
6 1 84 6 50 0.015625
6 1 86 6 50 0.015625
6 1 99 6 57 0.015625
6 1 101 6 79 0.015625
6 1 105 6 64 0.015625
6 1 107 6 76 0.015625
6 7 0 6 64 0.046875
6 7 1 6 76 0.046875
6 7 2 6 58 0.015625
6 7 3 6 51 0.046875
6 7 4 6 37 0.03125
6 7 6 6 57 0.0625
6 7 7 6 62 0.046875
6 7 15 6 64 0.015625
6 7 16 6 64 0.015625
6 7 19 6 58 0.015625
6 7 20 6 58 0.03125
6 7 21 6 33 0.015625
6 7 22 6 72 0.0625
6 7 24 6 13 0.015625
6 7 26 6 37 0.046875
6 7 27 6 9 0.015625
6 7 29 6 9 0.015625
6 7 30 6 9 0.015625
6 7 32 6 40 0.03125
6 7 33 6 40 0.015625
6 7 34 6 74 0.015625
6 7 37 6 74 0.015625
6 7 38 6 12 0.015625
6 7 39 6 12 0.015625
6 7 41 6 78 0.03125
6 7 44 6 52 0.015625
6 7 45 6 67 0.015625
6 7 46 6 10 0.015625
6 7 47 6 10 0.015625
6 7 49 6 21 0.015625
6 7 55 6 79 0.03125
6 7 65 6 76 0.015625
6 7 71 6 72 0.015625
6 7 76 6 40 0.015625
6 7 86 6 78 0.03125
6 7 90 6 50 0.015625
6 7 91 6 50 0.015625
6 7 97 6 67 0.015625
6 7 98 6 67 0.015625
6 7 104 6 62 0.03125
6 7 131 6 79 0.015625
7 8 0 7 8 0.09375
7 8 1 7 73 0.0625
7 8 2 7 70 0.078125
7 8 3 7 42 0.03125
7 8 4 7 64 0.046875
7 8 5 7 51 0.03125
7 8 6 7 65 0.0625
7 8 7 7 39 0.046875
7 8 9 7 77 0.046875
7 8 10 7 35 0.046875
7 8 11 7 68 0.03125
7 8 16 7 42 0.015625
7 8 18 7 42 0.015625
7 8 19 7 37 0.015625
7 8 20 7 37 0.015625
7 8 21 7 14 0.015625
7 8 23 7 14 0.015625
7 8 26 7 44 0.015625
7 8 27 7 16 0.015625
7 8 28 7 16 0.015625
7 8 31 7 76 0.015625
7 8 32 7 62 0.015625
7 8 33 7 62 0.046875
7 8 34 7 77 0.015625
7 8 40 7 73 0.015625
7 8 41 7 73 0.015625
7 8 51 7 57 0.015625
7 8 52 7 57 0.015625
7 8 68 7 32 0.015625
7 8 79 7 65 0.015625
7 8 80 7 65 0.015625
7 8 82 7 76 0.015625
7 8 85 7 60 0.015625
7 8 91 7 35 0.015625
7 8 103 7 55 0.015625
7 8 111 7 57 0.015625
8 6 0 8 1 0.015625
8 6 1 8 4 0.015625
8 6 2 8 63 0.015625
8 6 3 8 78 0.046875
8 6 4 8 52 0.015625
8 6 5 8 33 0.046875
8 6 6 8 79 0.015625
8 6 7 8 64 0.03125
8 6 8 8 51 0.015625
8 6 12 8 4 0.015625
8 6 13 8 7 0.015625
8 6 14 8 7 0.015625
8 6 15 8 11 0.015625
8 6 16 8 11 0.015625
8 6 19 8 63 0.015625
8 6 25 8 39 0.015625
8 6 26 8 39 0.015625
8 6 27 8 39 0.015625
8 6 28 8 68 0.015625
8 6 29 8 68 0.015625
8 6 31 8 20 0.015625
8 6 32 8 70 0.015625
8 6 33 8 77 0.015625
8 6 34 8 33 0.015625
8 6 36 8 65 0.03125
8 6 37 8 41 0.015625
8 6 38 8 41 0.015625
8 6 39 8 41 0.015625
8 6 40 8 41 0.015625
8 6 41 8 42 0.015625
8 6 42 8 42 0.03125
8 6 43 8 64 0.015625
8 6 44 8 64 0.015625
8 6 46 8 61 0.015625
8 6 47 8 0 0.03125
8 6 49 8 7 0.015625
8 6 50 8 11 0.015625
8 6 55 8 63 0.015625
8 6 76 8 35 0.015625
8 6 77 8 35 0.015625
8 6 81 8 20 0.015625
8 6 82 8 20 0.015625
8 6 85 8 70 0.015625
8 6 86 8 77 0.015625
8 6 93 8 43 0.015625
8 6 95 8 43 0.015625
8 6 96 8 43 0.03125
8 6 97 8 79 0.015625
8 6 101 8 42 0.015625
8 6 102 8 64 0.015625
8 6 103 8 64 0.015625
8 6 117 8 35 0.015625
8 6 120 8 70 0.015625
8 6 123 8 79 0.015625
8 6 130 8 78 0.015625
8 9 0 8 11 0.03125
8 9 1 8 73 0.046875
8 9 2 8 52 0.0625
8 9 3 8 65 0.046875
8 9 4 8 61 0.046875
8 9 8 8 4 0.015625
8 9 9 8 4 0.015625
8 9 10 8 7 0.015625
8 9 11 8 7 0.03125
8 9 16 8 25 0.015625
8 9 20 8 78 0.03125
8 9 27 8 68 0.015625
8 9 28 8 68 0.015625
8 9 30 8 35 0.015625
8 9 31 8 20 0.015625
8 9 32 8 20 0.015625
8 9 33 8 70 0.015625
8 9 34 8 77 0.015625
8 9 35 8 77 0.015625
8 9 36 8 33 0.015625
8 9 37 8 33 0.015625
8 9 39 8 33 0.015625
8 9 41 8 43 0.015625
8 9 42 8 43 0.015625
8 9 45 8 79 0.015625
8 9 46 8 79 0.015625
8 9 47 8 41 0.015625
8 9 48 8 41 0.015625
8 9 49 8 41 0.015625
8 9 50 8 42 0.015625
8 9 51 8 42 0.015625
8 9 53 8 64 0.03125
8 9 56 8 51 0.015625
8 9 57 8 51 0.015625
8 9 65 8 63 0.015625
8 9 69 8 63 0.03125
8 9 72 8 25 0.015625
8 9 85 8 68 0.015625
8 9 88 8 35 0.015625
8 9 90 8 35 0.015625
8 9 95 8 20 0.015625
8 9 96 8 20 0.015625
8 9 99 8 70 0.03125
8 9 100 8 70 0.015625
8 9 106 8 43 0.015625
8 9 109 8 41 0.015625
8 9 112 8 42 0.015625
8 9 113 8 42 0.015625
8 9 114 8 42 0.015625
9 10 0 9 6 0.015625
9 10 1 9 52 0.046875
9 10 2 9 14 0.03125
9 10 3 9 60 0.0625
9 10 4 9 19 0.046875
9 10 5 9 71 0.0625
9 10 6 9 15 0.046875
9 10 7 9 23 0.015625
9 10 8 9 75 0.0625
9 10 9 9 40 0.046875
9 10 12 9 5 0.015625
9 10 13 9 5 0.015625
9 10 17 9 61 0.015625
9 10 18 9 61 0.03125
9 10 19 9 16 0.015625
9 10 21 9 16 0.015625
9 10 25 9 65 0.03125
9 10 26 9 65 0.015625
9 10 28 9 14 0.015625
9 10 33 9 73 0.015625
9 10 36 9 11 0.015625
9 10 37 9 11 0.015625
9 10 38 9 66 0.03125
9 10 40 9 13 0.015625
9 10 45 9 57 0.015625
9 10 47 9 26 0.015625
9 10 50 9 67 0.015625
9 10 52 9 67 0.03125
9 10 63 9 52 0.015625
9 10 64 9 56 0.015625
9 10 70 9 73 0.015625
9 10 74 9 66 0.015625
9 10 75 9 66 0.015625
9 10 79 9 69 0.03125
9 10 80 9 69 0.015625
9 10 86 9 57 0.015625
9 10 87 9 57 0.015625
9 10 88 9 57 0.015625
9 10 99 9 67 0.015625
9 10 107 9 56 0.015625
9 10 133 9 66 0.015625
10 11 0 10 0 0.03125
10 11 2 10 76 0.0625
10 11 3 10 29 0.015625
10 11 4 10 63 0.046875
10 11 5 10 43 0.046875
10 11 6 10 15 0.03125
10 11 7 10 75 0.046875
10 11 8 10 40 0.046875
10 11 13 10 4 0.015625
10 11 14 10 4 0.015625
10 11 16 10 6 0.015625
10 11 19 10 6 0.015625
10 11 20 10 53 0.03125
10 11 21 10 53 0.015625
10 11 22 10 53 0.015625
10 11 23 10 52 0.015625
10 11 24 10 52 0.015625
10 11 27 10 49 0.03125
10 11 29 10 32 0.015625
10 11 31 10 32 0.015625
10 11 34 10 48 0.015625
10 11 35 10 21 0.03125
10 11 37 10 21 0.015625
10 11 39 10 59 0.015625
10 11 40 10 59 0.015625
10 11 41 10 59 0.03125
10 11 42 10 59 0.015625
10 11 47 10 14 0.015625
10 11 48 10 14 0.015625
10 11 49 10 71 0.015625
10 11 50 10 71 0.03125
10 11 51 10 19 0.015625
10 11 52 10 19 0.015625
10 11 53 10 63 0.015625
10 11 55 10 18 0.015625
10 11 56 10 43 0.015625
10 11 57 10 43 0.015625
10 11 71 10 64 0.015625
10 11 75 10 49 0.015625
10 11 85 10 21 0.015625
10 11 90 10 59 0.015625
10 11 91 10 59 0.015625
10 11 100 10 19 0.015625
10 11 102 10 19 0.015625
10 11 104 10 18 0.015625
10 11 120 10 32 0.015625
11 7 0 11 8 0.015625
11 7 1 11 73 0.015625
11 7 2 11 76 0.015625
11 7 3 11 24 0.015625
11 7 4 11 37 0.015625
11 7 5 11 65 0.015625
11 7 6 11 57 0.015625
11 7 7 11 55 0.046875
11 7 8 11 51 0.015625
11 7 9 11 27 0.015625
11 7 10 11 0 0.015625
11 7 11 11 0 0.015625
11 7 13 11 2 0.015625
11 7 14 11 8 0.015625
11 7 15 11 8 0.015625
11 7 16 11 9 0.015625
11 7 18 11 36 0.015625
11 7 20 11 36 0.015625
11 7 21 11 73 0.015625
11 7 22 11 15 0.015625
11 7 25 11 69 0.015625
11 7 26 11 75 0.015625
11 7 27 11 75 0.015625
11 7 28 11 75 0.015625
11 7 29 11 57 0.015625
11 7 30 11 40 0.015625
11 7 31 11 40 0.015625
11 7 32 11 38 0.015625
11 7 34 11 38 0.015625
11 7 35 11 38 0.015625
11 7 36 11 43 0.015625
11 7 38 11 79 0.015625
11 7 39 11 66 0.015625
11 7 40 11 66 0.015625
11 7 41 11 50 0.015625
11 7 42 11 50 0.015625
11 7 44 11 29 0.015625
11 7 46 11 25 0.015625
11 7 47 11 25 0.015625
11 7 48 11 25 0.015625
11 7 55 11 8 0.015625
11 7 60 11 36 0.015625
11 7 70 11 69 0.015625
11 7 71 11 69 0.015625
11 7 75 11 40 0.015625
11 7 78 11 38 0.015625
11 7 79 11 38 0.015625
11 7 82 11 43 0.015625
11 7 85 11 79 0.015625
11 7 86 11 79 0.015625
11 7 88 11 55 0.015625
11 7 90 11 66 0.015625
11 7 91 11 66 0.015625
11 7 92 11 63 0.015625
11 7 93 11 63 0.015625
11 7 94 11 63 0.015625
11 7 100 11 50 0.015625
11 7 103 11 25 0.015625
11 7 105 11 25 0.015625
11 7 118 11 43 0.015625
11 7 122 11 63 0.015625
11 7 135 11 36 0.015625
11 12 0 11 0 0.03125
11 12 1 11 73 0.046875
11 12 2 11 76 0.03125
11 12 3 11 37 0.046875
11 12 4 11 69 0.046875
11 12 5 11 75 0.046875
11 12 6 11 38 0.046875
11 12 7 11 66 0.0625
11 12 8 11 51 0.046875
11 12 9 11 25 0.015625
11 12 13 11 8 0.015625
11 12 14 11 9 0.015625
11 12 15 11 9 0.015625
11 12 16 11 36 0.015625
11 12 17 11 73 0.03125
11 12 20 11 24 0.015625
11 12 22 11 69 0.015625
11 12 23 11 69 0.015625
11 12 24 11 65 0.015625
11 12 25 11 65 0.03125
11 12 26 11 65 0.015625
11 12 27 11 57 0.015625
11 12 28 11 40 0.015625
11 12 29 11 79 0.015625
11 12 32 11 50 0.015625
11 12 33 11 50 0.03125
11 12 46 11 8 0.015625
11 12 54 11 36 0.015625
11 12 55 11 36 0.015625
11 12 66 11 57 0.015625
11 12 67 11 40 0.015625
11 12 72 11 38 0.015625
11 12 73 11 43 0.015625
11 12 74 11 43 0.03125
11 12 77 11 43 0.015625
11 12 78 11 79 0.015625
11 12 80 11 79 0.03125
11 12 85 11 63 0.03125
11 12 92 11 29 0.015625
11 12 107 11 57 0.015625
11 12 113 11 55 0.015625
12 4 0 12 5 0.015625
12 4 1 12 54 0.0625
12 4 2 12 47 0.015625
12 4 3 12 68 0.015625
12 4 4 12 31 0.015625
12 4 5 12 38 0.03125
12 4 6 12 73 0.03125
12 4 7 12 25 0.03125
12 4 8 12 0 0.015625
12 4 9 12 0 0.015625
12 4 11 12 6 0.015625
12 4 15 12 20 0.03125
12 4 16 12 20 0.015625
12 4 18 12 59 0.015625
12 4 19 12 59 0.015625
12 4 20 12 66 0.015625
12 4 22 12 66 0.015625
12 4 23 12 68 0.015625
12 4 26 12 41 0.015625
12 4 27 12 41 0.015625
12 4 29 12 76 0.015625
12 4 30 12 58 0.015625
12 4 32 12 51 0.015625
12 4 33 12 51 0.015625
12 4 34 12 48 0.015625
12 4 36 12 48 0.015625
12 4 37 12 67 0.015625
12 4 38 12 34 0.015625
12 4 39 12 34 0.015625
12 4 40 12 75 0.015625
12 4 41 12 75 0.03125
12 4 42 12 77 0.015625
12 4 47 12 47 0.015625
12 4 51 12 37 0.015625
12 4 56 12 59 0.015625
12 4 60 12 35 0.015625
12 4 61 12 35 0.015625
12 4 69 12 68 0.015625
12 4 71 12 68 0.015625
12 4 77 12 69 0.015625
12 4 78 12 69 0.015625
12 4 79 12 69 0.015625
12 4 80 12 41 0.015625
12 4 91 12 58 0.015625
12 4 92 12 51 0.015625
12 4 99 12 73 0.015625
12 4 105 12 67 0.015625
12 4 106 12 34 0.015625
12 4 107 12 34 0.015625
12 4 116 12 37 0.015625
12 4 117 12 37 0.015625
12 4 120 12 35 0.015625
12 4 124 12 41 0.015625
12 4 128 12 67 0.015625
12 4 129 12 34 0.015625
12 4 132 12 75 0.015625
12 13 0 12 0 0.015625
12 13 1 12 6 0.015625
12 13 2 12 47 0.0625
12 13 3 12 30 0.015625
12 13 4 12 66 0.078125
12 13 5 12 68 0.046875
12 13 6 12 41 0.046875
12 13 7 12 48 0.015625
12 13 8 12 77 0.03125
12 13 12 12 5 0.015625
12 13 13 12 6 0.015625
12 13 17 12 37 0.03125
12 13 20 12 20 0.015625
12 13 22 12 59 0.015625
12 13 24 12 35 0.015625
12 13 28 12 68 0.015625
12 13 30 12 69 0.046875
12 13 31 12 41 0.015625
12 13 34 12 38 0.015625
12 13 35 12 58 0.015625
12 13 36 12 58 0.015625
12 13 37 12 58 0.015625
12 13 38 12 58 0.03125
12 13 39 12 51 0.015625
12 13 41 12 48 0.03125
12 13 43 12 73 0.015625
12 13 44 12 67 0.015625
12 13 45 12 67 0.03125
12 13 46 12 67 0.015625
12 13 47 12 34 0.015625
12 13 49 12 75 0.03125
12 13 50 12 75 0.015625
12 13 57 12 6 0.015625
12 13 61 12 37 0.015625
12 13 64 12 20 0.015625
12 13 66 12 59 0.015625
12 13 70 12 35 0.015625
12 13 80 12 69 0.015625
12 13 84 12 38 0.015625
12 13 96 12 73 0.015625
12 13 97 12 73 0.015625
12 13 99 12 67 0.015625
12 13 100 12 67 0.015625
12 13 108 12 34 0.015625
12 13 128 12 38 0.015625
13 8 0 13 0 0.015625
13 8 1 13 1 0.015625
13 8 2 13 4 0.03125
13 8 3 13 63 0.015625
13 8 4 13 68 0.015625
13 8 5 13 61 0.046875
13 8 6 13 77 0.03125
13 8 8 13 41 0.03125
13 8 9 13 33 0.046875
13 8 10 13 0 0.015625
13 8 11 13 6 0.015625
13 8 12 13 9 0.015625
13 8 13 13 47 0.015625
13 8 14 13 47 0.015625
13 8 15 13 47 0.015625
13 8 16 13 62 0.046875
13 8 17 13 63 0.015625
13 8 21 13 48 0.015625
13 8 22 13 45 0.015625
13 8 23 13 45 0.015625
13 8 24 13 45 0.03125
13 8 25 13 45 0.015625
13 8 27 13 61 0.015625
13 8 28 13 15 0.015625
13 8 31 13 16 0.015625
13 8 32 13 16 0.015625
13 8 34 13 77 0.046875
13 8 39 13 50 0.015625
13 8 40 13 66 0.015625
13 8 41 13 49 0.015625
13 8 42 13 49 0.015625
13 8 43 13 18 0.015625
13 8 45 13 18 0.015625
13 8 46 13 18 0.03125
13 8 47 13 18 0.015625
13 8 48 13 33 0.015625
13 8 49 13 74 0.015625
13 8 51 13 74 0.015625
13 8 52 13 74 0.015625
13 8 62 13 47 0.015625
13 8 65 13 62 0.015625
13 8 73 13 61 0.015625
13 8 74 13 60 0.015625
13 8 93 13 50 0.015625
13 8 95 13 66 0.015625
13 8 96 13 66 0.015625
13 8 99 13 49 0.015625
13 8 100 13 18 0.015625
13 8 114 13 61 0.015625
13 8 129 13 15 0.015625
13 8 137 13 41 0.015625
13 14 0 13 0 0.015625
13 14 1 13 9 0.015625
13 14 2 13 48 0.015625
13 14 3 13 45 0.046875
13 14 4 13 68 0.015625
13 14 5 13 61 0.015625
13 14 6 13 60 0.09375
13 14 7 13 77 0.015625
13 14 8 13 30 0.015625
13 14 9 13 50 0.03125
13 14 10 13 74 0.015625
13 14 11 13 1 0.015625
13 14 13 13 6 0.015625
13 14 14 13 9 0.015625
13 14 15 13 47 0.015625
13 14 16 13 47 0.015625
13 14 17 13 47 0.03125
13 14 18 13 62 0.03125
13 14 20 13 63 0.015625
13 14 21 13 68 0.015625
13 14 22 13 68 0.015625
13 14 23 13 61 0.015625
13 14 24 13 15 0.015625
13 14 25 13 16 0.03125
13 14 26 13 16 0.015625
13 14 27 13 77 0.03125
13 14 28 13 77 0.015625
13 14 34 13 66 0.015625
13 14 36 13 66 0.015625
13 14 38 13 49 0.015625
13 14 39 13 49 0.03125
13 14 40 13 49 0.015625
13 14 41 13 41 0.015625
13 14 42 13 41 0.015625
13 14 43 13 41 0.015625
13 14 45 13 18 0.015625
13 14 47 13 33 0.015625
13 14 48 13 74 0.015625
13 14 59 13 47 0.015625
13 14 60 13 62 0.015625
13 14 62 13 63 0.015625
13 14 70 13 16 0.015625
13 14 72 13 77 0.015625
13 14 73 13 77 0.015625
13 14 74 13 77 0.015625
13 14 89 13 49 0.015625
13 14 90 13 41 0.015625
13 14 93 13 18 0.015625
13 14 94 13 18 0.015625
13 14 96 13 33 0.015625
13 14 118 13 50 0.015625
14 15 0 14 9 0.015625
14 15 1 14 10 0.03125
14 15 2 14 71 0.046875
14 15 3 14 43 0.015625
14 15 4 14 68 0.03125
14 15 9 14 48 0.015625
14 15 10 14 48 0.015625
14 15 11 14 43 0.015625
14 15 13 14 59 0.03125
14 15 14 14 59 0.015625
14 15 15 14 61 0.015625
14 15 16 14 61 0.03125
14 15 17 14 70 0.03125
14 15 18 14 60 0.03125
14 15 19 14 60 0.03125
14 15 21 14 53 0.046875
14 15 23 14 40 0.015625
14 15 24 14 39 0.015625
14 15 25 14 39 0.015625
14 15 26 14 39 0.015625
14 15 28 14 45 0.015625
14 15 29 14 45 0.015625
14 15 30 14 45 0.015625
14 15 33 14 65 0.015625
14 15 34 14 65 0.046875
14 15 36 14 68 0.015625
14 15 38 14 37 0.03125
14 15 40 14 74 0.015625
14 15 41 14 74 0.03125
14 15 44 14 77 0.015625
14 15 45 14 77 0.03125
14 15 46 14 38 0.015625
14 15 47 14 38 0.015625
14 15 48 14 50 0.015625
14 15 53 14 7 0.015625
14 15 54 14 7 0.015625
14 15 55 14 7 0.015625
14 15 56 14 7 0.015625
14 15 66 14 70 0.03125
14 15 68 14 60 0.015625
14 15 74 14 21 0.015625
14 15 81 14 39 0.015625
14 15 97 14 77 0.015625
14 15 101 14 38 0.015625
14 15 102 14 38 0.015625
14 15 103 14 50 0.015625
14 15 104 14 50 0.015625
15 13 0 15 13 0.09375
15 13 1 15 1 0.015625
15 13 2 15 9 0.046875
15 13 3 15 24 0.03125
15 13 4 15 41 0.015625
15 13 6 15 68 0.03125
15 13 7 15 33 0.015625
15 13 8 15 62 0.046875
15 13 9 15 49 0.015625
15 13 16 15 35 0.015625
15 13 17 15 76 0.015625
15 13 18 15 64 0.015625
15 13 19 15 64 0.015625
15 13 20 15 71 0.015625
15 13 21 15 71 0.015625
15 13 22 15 41 0.015625
15 13 23 15 17 0.015625
15 13 24 15 17 0.015625
15 13 26 15 78 0.015625
15 13 28 15 68 0.015625
15 13 29 15 68 0.015625
15 13 30 15 68 0.015625
15 13 31 15 68 0.015625
15 13 33 15 46 0.015625
15 13 34 15 62 0.015625
15 13 35 15 49 0.015625
15 13 36 15 19 0.015625
15 13 37 15 19 0.015625
15 13 38 15 79 0.015625
15 13 39 15 79 0.03125
15 13 40 15 79 0.015625
15 13 55 15 35 0.015625
15 13 59 15 64 0.015625
15 13 61 15 64 0.015625
15 13 62 15 64 0.015625
15 13 63 15 71 0.015625
15 13 64 15 71 0.015625
15 13 65 15 71 0.015625
15 13 68 15 78 0.015625
15 13 70 15 68 0.015625
15 13 71 15 68 0.015625
15 13 72 15 68 0.015625
15 13 73 15 68 0.015625
15 13 77 15 62 0.015625
15 13 87 15 69 0.015625
15 13 88 15 69 0.015625
15 13 89 15 69 0.015625
15 13 90 15 69 0.015625
15 13 93 15 79 0.015625
15 13 94 15 79 0.015625
15 13 97 15 72 0.015625
15 13 113 15 78 0.015625
15 16 1 15 9 0.046875
15 16 2 15 13 0.015625
15 16 3 15 35 0.015625
15 16 4 15 24 0.015625
15 16 5 15 68 0.03125
15 16 6 15 32 0.03125
15 16 7 15 46 0.015625
15 16 8 15 49 0.046875
15 16 9 15 19 0.0625
15 16 10 15 79 0.09375
15 16 18 15 76 0.015625
15 16 21 15 64 0.046875
15 16 22 15 64 0.046875
15 16 25 15 71 0.046875
15 16 28 15 41 0.015625
15 16 29 15 41 0.015625
15 16 30 15 17 0.015625
15 16 31 15 78 0.015625
15 16 33 15 68 0.015625
15 16 34 15 68 0.015625
15 16 35 15 68 0.015625
15 16 38 15 62 0.015625
15 16 39 15 49 0.03125
15 16 40 15 69 0.015625
15 16 41 15 72 0.015625
15 16 57 15 64 0.015625
15 16 59 15 71 0.015625
15 16 61 15 71 0.015625
15 16 64 15 78 0.015625
15 16 72 15 68 0.015625
15 16 73 15 68 0.015625
15 16 76 15 62 0.015625
15 16 78 15 62 0.015625
15 16 80 15 49 0.015625
15 16 85 15 19 0.015625
15 16 90 15 69 0.015625
15 16 92 15 69 0.015625
15 16 93 15 69 0.015625
15 16 94 15 69 0.015625
15 16 95 15 69 0.015625
15 16 98 15 72 0.015625
15 16 113 15 62 0.03125
16 17 0 16 68 0.046875
16 17 1 16 34 0.03125
16 17 2 16 38 0.0625
16 17 3 16 19 0.046875
16 17 4 16 24 0.015625
16 17 5 16 35 0.0625
16 17 7 16 48 0.046875
16 17 8 16 22 0.046875
16 17 9 16 46 0.015625
16 17 11 16 5 0.015625
16 17 12 16 7 0.015625
16 17 13 16 9 0.03125
16 17 15 16 9 0.015625
16 17 17 16 13 0.015625
16 17 20 16 38 0.015625
16 17 22 16 61 0.03125
16 17 23 16 49 0.015625
16 17 24 16 49 0.03125
16 17 25 16 18 0.015625
16 17 26 16 18 0.015625
16 17 27 16 24 0.015625
16 17 28 16 35 0.015625
16 17 31 16 58 0.015625
16 17 34 16 32 0.015625
16 17 35 16 32 0.015625
16 17 36 16 32 0.015625
16 17 38 16 22 0.015625
16 17 41 16 70 0.03125
16 17 42 16 70 0.046875
16 17 43 16 79 0.03125
16 17 52 16 7 0.015625
16 17 54 16 9 0.015625
16 17 64 16 34 0.015625
16 17 66 16 61 0.03125
16 17 75 16 58 0.015625
16 17 86 16 22 0.015625
16 17 91 16 50 0.015625
16 17 94 16 70 0.015625
16 17 95 16 79 0.015625
16 17 96 16 79 0.015625
16 17 134 16 70 0.015625
17 18 0 17 48 0.03125
17 18 1 17 26 0.015625
17 18 2 17 22 0.03125
17 18 3 17 68 0.03125
17 18 4 17 67 0.03125
17 18 7 17 21 0.015625
17 18 8 17 55 0.03125
17 18 9 17 54 0.046875
17 18 12 17 15 0.03125
17 18 13 17 48 0.015625
17 18 16 17 35 0.015625
17 18 17 17 43 0.015625
17 18 19 17 74 0.015625
17 18 20 17 74 0.015625
17 18 22 17 22 0.03125
17 18 23 17 22 0.015625
17 18 25 17 46 0.015625
17 18 26 17 46 0.015625
17 18 27 17 38 0.015625
17 18 28 17 38 0.046875
17 18 30 17 68 0.015625
17 18 31 17 56 0.015625
17 18 32 17 56 0.015625
17 18 35 17 64 0.015625
17 18 36 17 64 0.015625
17 18 37 17 20 0.015625
17 18 39 17 78 0.015625
17 18 40 17 78 0.015625
17 18 44 17 57 0.015625
17 18 46 17 34 0.015625
17 18 47 17 54 0.015625
17 18 48 17 54 0.03125
17 18 50 17 19 0.015625
17 18 73 17 67 0.015625
17 18 75 17 67 0.015625
17 18 80 17 64 0.015625
17 18 83 17 64 0.015625
17 18 87 17 20 0.015625
17 18 90 17 78 0.015625
17 18 91 17 78 0.03125
17 18 92 17 78 0.015625
17 18 101 17 57 0.015625
17 18 106 17 54 0.015625
17 18 109 17 19 0.015625
17 18 112 17 19 0.015625
17 18 113 17 19 0.015625
17 18 114 17 19 0.015625
17 18 115 17 19 0.015625
17 18 120 17 74 0.015625
17 18 150 17 57 0.015625
17 18 151 17 57 0.015625
18 19 1 18 10 0.015625
18 19 2 18 16 0.03125
18 19 3 18 21 0.015625
18 19 4 18 67 0.046875
18 19 5 18 54 0.046875
18 19 6 18 51 0.03125
18 19 7 18 70 0.046875
18 19 8 18 58 0.0625
18 19 9 18 39 0.0625
18 19 18 18 75 0.015625
18 19 19 18 75 0.03125
18 19 23 18 33 0.015625
18 19 25 18 67 0.03125
18 19 26 18 25 0.015625
18 19 30 18 73 0.015625
18 19 31 18 73 0.015625
18 19 33 18 54 0.015625
18 19 34 18 54 0.015625
18 19 35 18 54 0.015625
18 19 36 18 22 0.015625
18 19 37 18 22 0.015625
18 19 39 18 69 0.015625
18 19 40 18 69 0.015625
18 19 41 18 69 0.015625
18 19 43 18 45 0.015625
18 19 44 18 45 0.015625
18 19 45 18 45 0.03125
18 19 46 18 68 0.015625
18 19 47 18 68 0.015625
18 19 53 18 48 0.015625
18 19 54 18 79 0.015625
18 19 55 18 79 0.046875
18 19 57 18 55 0.015625
18 19 58 18 70 0.015625
18 19 68 18 33 0.015625
18 19 77 18 73 0.015625
18 19 83 18 22 0.015625
18 19 84 18 69 0.015625
18 19 89 18 68 0.015625
18 19 102 18 55 0.015625
18 19 103 18 70 0.015625
18 19 115 18 73 0.015625
18 19 116 18 69 0.015625
18 19 119 18 70 0.015625
18 19 135 18 70 0.015625
19 20 0 19 17 0.03125
19 20 1 19 21 0.046875
19 20 2 19 43 0.046875
19 20 3 19 58 0.078125
19 20 4 19 42 0.03125
19 20 5 19 38 0.03125
19 20 12 19 10 0.015625
19 20 13 19 15 0.015625
19 20 16 19 16 0.015625
19 20 21 19 39 0.015625
19 20 22 19 67 0.015625
19 20 25 19 51 0.015625
19 20 27 19 70 0.03125
19 20 28 19 56 0.015625
19 20 29 19 77 0.015625
19 20 31 19 43 0.015625
19 20 35 19 41 0.015625
19 20 37 19 41 0.015625
19 20 38 19 46 0.015625
19 20 39 19 63 0.015625
19 20 41 19 42 0.03125
19 20 43 19 78 0.015625
19 20 45 19 54 0.015625
19 20 47 19 36 0.015625
19 20 48 19 62 0.015625
19 20 49 19 62 0.015625
19 20 60 19 21 0.03125
19 20 63 19 39 0.015625
19 20 66 19 51 0.015625
19 20 67 19 70 0.015625
19 20 69 19 70 0.015625
19 20 70 19 70 0.015625
19 20 72 19 56 0.015625
19 20 73 19 56 0.015625
19 20 74 19 77 0.015625
19 20 76 19 77 0.015625
19 20 77 19 58 0.015625
19 20 87 19 42 0.015625
19 20 88 19 78 0.015625
19 20 92 19 54 0.015625
19 20 98 19 36 0.015625
19 20 101 19 36 0.015625
19 20 103 19 36 0.015625
19 20 104 19 62 0.015625
19 20 105 19 62 0.015625
19 20 106 19 62 0.015625
19 20 118 19 51 0.015625
19 20 120 19 70 0.015625
19 20 140 19 62 0.015625
19 20 151 19 78 0.015625
20 21 0 20 21 0.109375
20 21 1 20 0 0.015625
20 21 2 20 17 0.046875
20 21 4 20 60 0.015625
20 21 6 20 23 0.03125
20 21 7 20 44 0.0625
20 21 11 20 5 0.015625
20 21 17 20 22 0.015625
20 21 19 20 48 0.015625
20 21 20 20 74 0.015625
20 21 23 20 74 0.015625
20 21 24 20 74 0.015625
20 21 28 20 42 0.015625
20 21 29 20 42 0.03125
20 21 30 20 72 0.046875
20 21 32 20 37 0.015625
20 21 34 20 38 0.015625
20 21 35 20 38 0.015625
20 21 36 20 43 0.015625
20 21 37 20 68 0.015625
20 21 39 20 45 0.015625
20 21 41 20 45 0.015625
20 21 42 20 55 0.015625
20 21 43 20 55 0.046875
20 21 66 20 22 0.015625
20 21 67 20 22 0.015625
20 21 71 20 48 0.015625
20 21 72 20 48 0.015625
20 21 75 20 58 0.015625
20 21 76 20 58 0.015625
20 21 78 20 44 0.015625
20 21 79 20 34 0.015625
20 21 80 20 34 0.015625
20 21 82 20 34 0.015625
20 21 83 20 34 0.015625
20 21 85 20 42 0.015625
20 21 86 20 42 0.015625
20 21 90 20 72 0.015625
20 21 91 20 76 0.015625
20 21 95 20 37 0.015625
20 21 96 20 37 0.015625
20 21 99 20 38 0.015625
20 21 104 20 45 0.015625
20 21 117 20 74 0.015625
20 21 125 20 37 0.015625
20 21 132 20 55 0.015625
20 21 141 20 76 0.015625
21 12 0 21 0 0.015625
21 12 1 21 6 0.03125
21 12 2 21 20 0.03125
21 12 3 21 69 0.015625
21 12 4 21 67 0.03125
21 12 5 21 66 0.015625
21 12 6 21 35 0.015625
21 12 7 21 41 0.03125
21 12 8 21 4 0.015625
21 12 9 21 4 0.015625
21 12 10 21 4 0.015625
21 12 11 21 4 0.015625
21 12 12 21 6 0.015625
21 12 13 21 6 0.015625
21 12 15 21 10 0.015625
21 12 17 21 14 0.015625
21 12 20 21 17 0.015625
21 12 21 21 18 0.015625
21 12 22 21 18 0.015625
21 12 23 21 18 0.015625
21 12 24 21 19 0.015625
21 12 26 21 20 0.015625
21 12 27 21 44 0.015625
21 12 28 21 69 0.015625
21 12 29 21 67 0.015625
21 12 30 21 57 0.015625
21 12 31 21 49 0.015625
21 12 32 21 32 0.015625
21 12 33 21 32 0.015625
21 12 34 21 32 0.015625
21 12 35 21 32 0.015625
21 12 40 21 31 0.015625
21 12 41 21 36 0.015625
21 12 42 21 36 0.015625
21 12 44 21 66 0.015625
21 12 45 21 63 0.015625
21 12 46 21 63 0.015625
21 12 50 21 26 0.015625
21 12 55 21 6 0.015625
21 12 56 21 6 0.015625
21 12 57 21 6 0.015625
21 12 58 21 6 0.015625
21 12 61 21 10 0.015625
21 12 67 21 18 0.015625
21 12 69 21 18 0.015625
21 12 70 21 18 0.015625
21 12 74 21 44 0.015625
21 12 75 21 44 0.015625
21 12 77 21 67 0.015625
21 12 78 21 57 0.015625
21 12 79 21 57 0.015625
21 12 80 21 57 0.015625
21 12 82 21 23 0.015625
21 12 89 21 31 0.015625
21 12 100 21 60 0.015625
21 12 101 21 60 0.015625
21 12 104 21 63 0.015625
21 12 109 21 41 0.015625
21 12 123 21 57 0.015625
21 12 136 21 14 0.015625
21 14 0 21 14 0.078125
21 14 1 21 0 0.015625
21 14 2 21 10 0.015625
21 14 3 21 60 0.03125
21 14 4 21 4 0.015625
21 14 6 21 6 0.015625
21 14 8 21 10 0.015625
21 14 10 21 17 0.015625
21 14 12 21 18 0.015625
21 14 13 21 18 0.015625
21 14 14 21 18 0.03125
21 14 16 21 19 0.015625
21 14 17 21 19 0.015625
21 14 19 21 20 0.015625
21 14 20 21 44 0.015625
21 14 21 21 44 0.046875
21 14 22 21 44 0.03125
21 14 24 21 67 0.03125
21 14 26 21 23 0.015625
21 14 29 21 32 0.015625
21 14 31 21 32 0.015625
21 14 35 21 36 0.015625
21 14 36 21 36 0.015625
21 14 37 21 66 0.015625
21 14 38 21 66 0.03125
21 14 39 21 35 0.015625
21 14 40 21 35 0.03125
21 14 42 21 60 0.0625
21 14 46 21 41 0.015625
21 14 47 21 41 0.015625
21 14 48 21 26 0.015625
21 14 49 21 26 0.015625
21 14 51 21 4 0.015625
21 14 53 21 6 0.015625
21 14 55 21 6 0.015625
21 14 59 21 18 0.015625
21 14 65 21 69 0.015625
21 14 66 21 67 0.046875
21 14 67 21 57 0.015625
21 14 68 21 57 0.015625
21 14 70 21 23 0.015625
21 14 82 21 66 0.015625
21 14 89 21 35 0.015625
21 14 90 21 35 0.015625
21 14 93 21 63 0.015625
21 14 97 21 41 0.015625
21 14 117 21 67 0.015625
21 22 0 21 0 0.015625
21 22 1 21 4 0.015625
21 22 2 21 17 0.015625
21 22 3 21 18 0.015625
21 22 4 21 20 0.015625
21 22 5 21 67 0.03125
21 22 6 21 49 0.015625
21 22 7 21 27 0.015625
21 22 8 21 41 0.03125
21 22 9 21 26 0.015625
21 22 10 21 4 0.015625
21 22 11 21 6 0.015625
21 22 12 21 6 0.015625
21 22 13 21 6 0.015625
21 22 14 21 10 0.015625
21 22 15 21 10 0.015625
21 22 16 21 10 0.015625
21 22 19 21 14 0.015625
21 22 20 21 14 0.015625
21 22 22 21 17 0.015625
21 22 24 21 18 0.015625
21 22 25 21 18 0.015625
21 22 26 21 19 0.015625
21 22 27 21 19 0.015625
21 22 29 21 69 0.015625
21 22 30 21 67 0.015625
21 22 33 21 32 0.015625
21 22 34 21 32 0.015625
21 22 36 21 32 0.015625
21 22 39 21 36 0.015625
21 22 40 21 36 0.015625
21 22 41 21 36 0.015625
21 22 42 21 66 0.046875
21 22 43 21 35 0.015625
21 22 44 21 60 0.015625
21 22 45 21 60 0.046875
21 22 48 21 41 0.015625
21 22 52 21 10 0.015625
21 22 55 21 19 0.015625
21 22 56 21 19 0.015625
21 22 59 21 44 0.015625
21 22 60 21 44 0.015625
21 22 65 21 67 0.015625
21 22 66 21 57 0.015625
21 22 67 21 57 0.015625
21 22 69 21 23 0.015625
21 22 71 21 23 0.015625
21 22 76 21 36 0.015625
21 22 78 21 66 0.015625
21 22 80 21 66 0.015625
21 22 83 21 35 0.015625
21 22 84 21 35 0.015625
21 22 85 21 35 0.015625
21 22 87 21 60 0.015625
21 22 91 21 63 0.015625
21 22 98 21 4 0.015625
21 22 101 21 10 0.015625
21 22 122 21 35 0.015625
22 23 0 22 0 0.015625
22 23 1 22 4 0.015625
22 23 2 22 20 0.015625
22 23 3 22 42 0.03125
22 23 4 22 27 0.015625
22 23 5 22 52 0.046875
22 23 6 22 49 0.03125
22 23 7 22 79 0.03125
22 23 8 22 59 0.046875
22 23 12 22 16 0.03125
22 23 13 22 16 0.015625
22 23 15 22 18 0.015625
22 23 16 22 18 0.015625
22 23 17 22 20 0.015625
22 23 18 22 74 0.015625
22 23 19 22 70 0.03125
22 23 21 22 43 0.015625
22 23 24 22 47 0.015625
22 23 25 22 62 0.015625
22 23 26 22 62 0.046875
22 23 27 22 62 0.03125
22 23 29 22 26 0.015625
22 23 31 22 67 0.015625
22 23 33 22 67 0.015625
22 23 36 22 49 0.015625
22 23 37 22 41 0.015625
22 23 38 22 41 0.015625
22 23 39 22 71 0.015625
22 23 40 22 71 0.015625
22 23 41 22 71 0.015625
22 23 42 22 71 0.015625
22 23 43 22 71 0.03125
22 23 46 22 51 0.015625
22 23 47 22 51 0.015625
22 23 48 22 75 0.015625
22 23 50 22 75 0.015625
22 23 51 22 75 0.03125
22 23 73 22 70 0.015625
22 23 74 22 70 0.015625
22 23 78 22 54 0.015625
22 23 80 22 54 0.015625
22 23 81 22 54 0.015625
22 23 83 22 47 0.015625
22 23 86 22 62 0.015625
22 23 87 22 62 0.015625
22 23 89 22 42 0.015625
22 23 98 22 51 0.015625
22 23 101 22 75 0.015625
22 23 131 22 49 0.015625
22 23 140 22 62 0.015625
23 16 0 23 9 0.015625
23 16 1 23 34 0.03125
23 16 2 23 32 0.015625
23 16 3 23 49 0.015625
23 16 4 23 27 0.015625
23 16 5 23 55 0.015625
23 16 6 23 79 0.015625
23 16 7 23 44 0.109375
23 16 9 23 0 0.015625
23 16 10 23 4 0.015625
23 16 11 23 4 0.015625
23 16 12 23 4 0.015625
23 16 13 23 4 0.015625
23 16 14 23 9 0.015625
23 16 15 23 9 0.015625
23 16 16 23 10 0.015625
23 16 17 23 10 0.015625
23 16 18 23 20 0.015625
23 16 19 23 20 0.015625
23 16 20 23 20 0.015625
23 16 21 23 21 0.015625
23 16 22 23 59 0.015625
23 16 25 23 45 0.015625
23 16 26 23 49 0.015625
23 16 27 23 77 0.015625
23 16 28 23 69 0.015625
23 16 29 23 69 0.015625
23 16 31 23 52 0.015625
23 16 32 23 52 0.015625
23 16 33 23 52 0.03125
23 16 34 23 76 0.015625
23 16 36 23 29 0.015625
23 16 38 23 53 0.015625
23 16 39 23 42 0.015625
23 16 42 23 42 0.015625
23 16 43 23 55 0.015625
23 16 44 23 55 0.015625
23 16 47 23 56 0.015625
23 16 48 23 78 0.015625
23 16 49 23 0 0.015625
23 16 56 23 21 0.015625
23 16 60 23 21 0.015625
23 16 61 23 34 0.015625
23 16 66 23 59 0.015625
23 16 74 23 45 0.015625
23 16 76 23 77 0.015625
23 16 78 23 69 0.015625
23 16 85 23 53 0.015625
23 16 93 23 44 0.015625
23 16 98 23 56 0.015625
23 16 100 23 56 0.015625
23 16 101 23 56 0.015625
23 16 102 23 78 0.015625
23 16 103 23 78 0.015625
23 16 117 23 69 0.015625
23 16 119 23 69 0.015625
23 24 0 23 59 0.046875
23 24 1 23 45 0.03125
23 24 2 23 76 0.046875
23 24 3 23 30 0.015625
23 24 4 23 31 0.046875
23 24 5 23 0 0.015625
23 24 7 23 4 0.015625
23 24 8 23 9 0.015625
23 24 10 23 9 0.015625
23 24 11 23 10 0.015625
23 24 12 23 10 0.015625
23 24 13 23 20 0.015625
23 24 15 23 21 0.03125
23 24 18 23 34 0.015625
23 24 19 23 34 0.015625
23 24 20 23 59 0.015625
23 24 21 23 32 0.015625
23 24 25 23 45 0.015625
23 24 27 23 49 0.015625
23 24 28 23 49 0.03125
23 24 29 23 77 0.015625
23 24 30 23 69 0.015625
23 24 32 23 52 0.015625
23 24 33 23 52 0.03125
23 24 35 23 76 0.015625
23 24 39 23 53 0.015625
23 24 40 23 53 0.03125
23 24 41 23 42 0.015625
23 24 43 23 42 0.015625
23 24 44 23 42 0.015625
23 24 45 23 27 0.015625
23 24 48 23 55 0.015625
23 24 49 23 55 0.015625
23 24 50 23 55 0.015625
23 24 51 23 55 0.015625
23 24 54 23 79 0.015625
23 24 57 23 79 0.015625
23 24 58 23 79 0.015625
23 24 59 23 56 0.015625
23 24 60 23 78 0.015625
23 24 67 23 4 0.015625
23 24 78 23 20 0.015625
23 24 82 23 34 0.015625
23 24 91 23 69 0.015625
23 24 92 23 69 0.015625
23 24 93 23 69 0.015625
23 24 94 23 52 0.015625
23 24 103 23 44 0.015625
23 24 105 23 44 0.015625
23 24 109 23 56 0.015625
23 24 111 23 56 0.015625
23 24 113 23 56 0.015625
23 24 114 23 78 0.015625
24 25 1 24 11 0.03125
24 25 2 24 16 0.046875
24 25 3 24 17 0.03125
24 25 4 24 18 0.03125
24 25 5 24 61 0.046875
24 25 6 24 64 0.046875
24 25 7 24 54 0.015625
24 25 8 24 39 0.046875
24 25 11 24 7 0.015625
24 25 12 24 7 0.015625
24 25 15 24 11 0.015625
24 25 18 24 13 0.015625
24 25 20 24 15 0.03125
24 25 21 24 15 0.015625
24 25 22 24 15 0.015625
24 25 25 24 18 0.015625
24 25 26 24 76 0.03125
24 25 28 24 36 0.015625
24 25 29 24 36 0.015625
24 25 30 24 36 0.015625
24 25 31 24 26 0.015625
24 25 32 24 26 0.015625
24 25 33 24 59 0.015625
24 25 34 24 59 0.03125
24 25 35 24 30 0.015625
24 25 36 24 30 0.015625
24 25 37 24 70 0.015625
24 25 38 24 70 0.03125
24 25 39 24 70 0.015625
24 25 42 24 51 0.015625
24 25 43 24 51 0.015625
24 25 51 24 47 0.03125
24 25 53 24 45 0.015625
24 25 54 24 45 0.015625
24 25 55 24 45 0.015625
24 25 56 24 54 0.015625
24 25 73 24 76 0.015625
24 25 76 24 26 0.015625
24 25 78 24 59 0.015625
24 25 81 24 51 0.015625
24 25 92 24 74 0.015625
24 25 93 24 74 0.015625
24 25 94 24 61 0.015625
24 25 95 24 47 0.015625
24 25 97 24 64 0.015625
24 25 100 24 50 0.015625
24 25 122 24 74 0.015625
24 25 130 24 50 0.015625
25 26 0 25 17 0.046875
25 26 1 25 18 0.03125
25 26 2 25 48 0.046875
25 26 3 25 33 0.03125
25 26 4 25 0 0.015625
25 26 8 25 4 0.015625
25 26 9 25 4 0.015625
25 26 15 25 11 0.015625
25 26 16 25 12 0.03125
25 26 17 25 16 0.015625
25 26 19 25 18 0.015625
25 26 21 25 75 0.015625
25 26 22 25 46 0.03125
25 26 24 25 42 0.015625
25 26 25 25 57 0.015625
25 26 26 25 57 0.015625
25 26 27 25 61 0.015625
25 26 28 25 61 0.03125
25 26 30 25 64 0.015625
25 26 31 25 77 0.015625
25 26 32 25 77 0.015625
25 26 33 25 69 0.015625
25 26 35 25 69 0.03125
25 26 36 25 33 0.015625
25 26 37 25 37 0.03125
25 26 38 25 37 0.015625
25 26 39 25 37 0.015625
25 26 42 25 78 0.03125
25 26 44 25 39 0.015625
25 26 46 25 39 0.015625
25 26 48 25 54 0.03125
25 26 50 25 68 0.03125
25 26 52 25 68 0.015625
25 26 53 25 52 0.03125
25 26 54 25 52 0.015625
25 26 55 25 52 0.015625
25 26 56 25 35 0.015625
25 26 65 25 11 0.015625
25 26 69 25 12 0.015625
25 26 71 25 16 0.015625
25 26 88 25 57 0.015625
25 26 89 25 57 0.015625
25 26 93 25 64 0.015625
25 26 94 25 77 0.015625
25 26 102 25 78 0.015625
25 26 107 25 54 0.015625
25 26 112 25 35 0.015625
25 26 130 25 61 0.015625
25 26 134 25 69 0.015625
26 22 0 26 22 0.03125
26 22 1 26 17 0.015625
26 22 2 26 18 0.015625
26 22 3 26 20 0.015625
26 22 4 26 71 0.015625
26 22 5 26 48 0.015625
26 22 6 26 49 0.03125
26 22 7 26 41 0.015625
26 22 10 26 6 0.015625
26 22 11 26 6 0.015625
26 22 12 26 9 0.015625
26 22 13 26 17 0.015625
26 22 14 26 18 0.015625
26 22 15 26 18 0.015625
26 22 16 26 21 0.015625
26 22 19 26 65 0.015625
26 22 20 26 65 0.015625
26 22 21 26 44 0.015625
26 22 22 26 72 0.015625
26 22 23 26 72 0.03125
26 22 24 26 72 0.03125
26 22 25 26 33 0.015625
26 22 26 26 33 0.015625
26 22 27 26 33 0.03125
26 22 28 26 66 0.015625
26 22 29 26 66 0.015625
26 22 30 26 58 0.015625
26 22 31 26 58 0.015625
26 22 32 26 58 0.015625
26 22 34 26 73 0.015625
26 22 39 26 45 0.015625
26 22 40 26 55 0.015625
26 22 41 26 76 0.015625
26 22 44 26 53 0.015625
26 22 45 26 63 0.015625
26 22 46 26 63 0.015625
26 22 47 26 41 0.015625
26 22 52 26 9 0.015625
26 22 55 26 9 0.015625
26 22 58 26 18 0.015625
26 22 61 26 21 0.015625
26 22 68 26 65 0.015625
26 22 71 26 44 0.015625
26 22 72 26 44 0.015625
26 22 73 26 44 0.015625
26 22 83 26 66 0.015625
26 22 84 26 71 0.015625
26 22 86 26 73 0.015625
26 22 87 26 73 0.015625
26 22 89 26 73 0.015625
26 22 97 26 55 0.046875
26 22 98 26 55 0.015625
26 22 100 26 49 0.015625
26 22 104 26 63 0.015625
26 22 106 26 41 0.015625
26 22 115 26 72 0.015625
26 22 120 26 55 0.015625
26 27 0 26 6 0.03125
26 27 1 26 20 0.046875
26 27 2 26 21 0.046875
26 27 3 26 22 0.046875
26 27 4 26 44 0.015625
26 27 5 26 71 0.046875
26 27 6 26 73 0.015625
26 27 7 26 48 0.046875
26 27 8 26 45 0.046875
26 27 9 26 76 0.046875
26 27 13 26 9 0.03125
26 27 14 26 17 0.03125
26 27 15 26 18 0.015625
26 27 17 26 18 0.015625
26 27 18 26 21 0.015625
26 27 20 26 22 0.03125
26 27 22 26 65 0.015625
26 27 23 26 65 0.015625
26 27 25 26 44 0.015625
26 27 27 26 33 0.015625
26 27 29 26 66 0.015625
26 27 30 26 58 0.015625
26 27 31 26 58 0.015625
26 27 32 26 45 0.015625
26 27 33 26 55 0.015625
26 27 34 26 49 0.015625
26 27 35 26 53 0.015625
26 27 36 26 53 0.015625
26 27 37 26 63 0.015625
26 27 38 26 63 0.015625
26 27 40 26 41 0.03125
26 27 54 26 50 0.03125
26 27 55 26 65 0.015625
26 27 60 26 44 0.015625
26 27 66 26 72 0.015625
26 27 67 26 72 0.015625
26 27 72 26 33 0.015625
26 27 75 26 66 0.015625
26 27 77 26 58 0.015625
26 27 92 26 49 0.015625
26 27 97 26 63 0.015625
26 27 98 26 63 0.015625
26 27 102 26 41 0.015625
26 27 122 26 73 0.015625
27 28 0 27 28 0.046875
27 28 1 27 7 0.03125
27 28 2 27 21 0.046875
27 28 3 27 75 0.03125
27 28 4 27 32 0.03125
27 28 5 27 31 0.03125
27 28 6 27 73 0.03125
27 28 7 27 44 0.046875
27 28 8 27 78 0.03125
27 28 10 27 6 0.015625
27 28 11 27 6 0.015625
27 28 12 27 11 0.015625
27 28 13 27 11 0.015625
27 28 17 27 20 0.03125
27 28 20 27 22 0.015625
27 28 21 27 47 0.015625
27 28 23 27 45 0.015625
27 28 25 27 45 0.015625
27 28 27 27 48 0.015625
27 28 31 27 76 0.015625
27 28 34 27 71 0.015625
27 28 35 27 71 0.03125
27 28 38 27 59 0.015625
27 28 39 27 43 0.015625
27 28 40 27 43 0.03125
27 28 41 27 78 0.015625
27 28 45 27 51 0.015625
27 28 55 27 16 0.015625
27 28 62 27 22 0.015625
27 28 64 27 22 0.015625
27 28 73 27 47 0.015625
27 28 75 27 75 0.015625
27 28 80 27 48 0.015625
27 28 85 27 64 0.015625
27 28 86 27 64 0.015625
27 28 87 27 64 0.015625
27 28 89 27 73 0.015625
27 28 93 27 59 0.015625
27 28 95 27 59 0.015625
27 28 97 27 46 0.015625
27 28 98 27 46 0.015625
27 28 102 27 30 0.015625
27 28 105 27 51 0.015625
27 28 107 27 6 0.015625
27 28 110 27 16 0.015625
27 28 117 27 76 0.03125
27 28 119 27 64 0.015625
27 28 140 27 46 0.015625
28 27 0 28 27 0.140625
28 27 1 28 7 0.046875
28 27 2 28 21 0.015625
28 27 3 28 78 0.046875
28 27 4 28 73 0.015625
28 27 5 28 32 0.046875
28 27 6 28 44 0.046875
28 27 7 28 75 0.015625
28 27 8 28 31 0.046875
28 27 9 28 3 0.015625
28 27 12 28 7 0.015625
28 27 13 28 7 0.015625
28 27 14 28 7 0.015625
28 27 15 28 8 0.015625
28 27 16 28 13 0.015625
28 27 17 28 13 0.015625
28 27 19 28 15 0.015625
28 27 20 28 19 0.015625
28 27 21 28 19 0.03125
28 27 22 28 21 0.015625
28 27 23 28 24 0.015625
28 27 26 28 60 0.03125
28 27 29 28 33 0.015625
28 27 30 28 77 0.015625
28 27 31 28 77 0.015625
28 27 34 28 54 0.015625
28 27 39 28 41 0.03125
28 27 40 28 74 0.015625
28 27 41 28 74 0.015625
28 27 42 28 74 0.015625
28 27 44 28 68 0.015625
28 27 45 28 68 0.015625
28 27 57 28 19 0.015625
28 27 62 28 24 0.015625
28 27 63 28 78 0.015625
28 27 66 28 73 0.015625
28 27 67 28 73 0.015625
28 27 76 28 54 0.015625
28 27 78 28 54 0.015625
28 27 79 28 54 0.015625
28 27 81 28 54 0.015625
28 27 95 28 38 0.015625
28 27 121 28 38 0.015625
28 29 0 28 77 0.03125
28 29 1 28 66 0.03125
28 29 2 28 68 0.015625
28 29 3 28 40 0.03125
28 29 4 28 31 0.03125
28 29 6 28 3 0.015625
28 29 8 28 3 0.015625
28 29 9 28 7 0.015625
28 29 10 28 7 0.015625
28 29 12 28 8 0.015625
28 29 13 28 13 0.015625
28 29 14 28 13 0.015625
28 29 16 28 15 0.03125
28 29 17 28 15 0.015625
28 29 18 28 21 0.015625
28 29 19 28 21 0.015625
28 29 20 28 24 0.015625
28 29 23 28 78 0.03125
28 29 24 28 60 0.015625
28 29 25 28 33 0.015625
28 29 26 28 33 0.03125
28 29 27 28 73 0.015625
28 29 28 28 73 0.015625
28 29 29 28 66 0.015625
28 29 30 28 32 0.015625
28 29 32 28 32 0.015625
28 29 33 28 54 0.015625
28 29 36 28 37 0.015625
28 29 37 28 37 0.015625
28 29 38 28 37 0.015625
28 29 41 28 74 0.015625
28 29 42 28 74 0.015625
28 29 45 28 38 0.015625
28 29 46 28 68 0.015625
28 29 48 28 40 0.015625
28 29 49 28 75 0.015625
28 29 57 28 8 0.015625
28 29 59 28 13 0.015625
28 29 60 28 19 0.015625
28 29 61 28 19 0.015625
28 29 63 28 21 0.015625
28 29 65 28 24 0.015625
28 29 71 28 60 0.03125
28 29 74 28 77 0.015625
28 29 76 28 73 0.015625
28 29 83 28 54 0.015625
28 29 87 28 44 0.015625
28 29 88 28 44 0.015625
28 29 91 28 41 0.015625
28 29 92 28 41 0.015625
28 29 98 28 38 0.015625
28 29 105 28 75 0.015625
28 29 106 28 75 0.015625
28 29 115 28 13 0.015625
28 29 118 28 19 0.015625
28 29 147 28 60 0.015625
29 30 0 29 14 0.046875
29 30 1 29 17 0.03125
29 30 2 29 23 0.03125
29 30 3 29 72 0.03125
29 30 4 29 40 0.046875
29 30 5 29 76 0.03125
29 30 6 29 49 0.03125
29 30 7 29 48 0.03125
29 30 8 29 31 0.03125
29 30 9 29 0 0.015625
29 30 11 29 2 0.015625
29 30 13 29 5 0.015625
29 30 15 29 10 0.015625
29 30 16 29 10 0.015625
29 30 17 29 11 0.015625
29 30 18 29 11 0.015625
29 30 19 29 11 0.015625
29 30 21 29 63 0.015625
29 30 22 29 63 0.015625
29 30 23 29 63 0.015625
29 30 24 29 68 0.015625
29 30 28 29 39 0.015625
29 30 29 29 34 0.015625
29 30 30 29 64 0.015625
29 30 32 29 65 0.015625
29 30 34 29 65 0.03125
29 30 35 29 55 0.03125
29 30 38 29 66 0.015625
29 30 39 29 77 0.015625
29 30 40 29 58 0.015625
29 30 41 29 58 0.015625
29 30 42 29 47 0.015625
29 30 44 29 31 0.015625
29 30 46 29 0 0.015625
29 30 51 29 5 0.015625
29 30 54 29 11 0.015625
29 30 66 29 63 0.015625
29 30 67 29 68 0.015625
29 30 68 29 68 0.015625
29 30 71 29 46 0.015625
29 30 79 29 34 0.015625
29 30 89 29 64 0.015625
29 30 91 29 76 0.015625
29 30 93 29 55 0.015625
29 30 96 29 66 0.015625
29 30 98 29 77 0.015625
29 30 99 29 77 0.015625
29 30 104 29 58 0.015625
29 30 108 29 47 0.015625
29 30 124 29 34 0.015625
29 30 136 29 46 0.015625
30 23 0 30 23 0.109375
30 23 1 30 9 0.03125
30 23 2 30 27 0.078125
30 23 3 30 56 0.015625
30 23 4 30 31 0.015625
30 23 5 30 49 0.03125
30 23 6 30 76 0.046875
30 23 7 30 59 0.03125
30 23 8 30 45 0.046875
30 23 10 30 1 0.015625
30 23 11 30 12 0.046875
30 23 12 30 13 0.015625
30 23 13 30 13 0.015625
30 23 14 30 13 0.015625
30 23 15 30 14 0.015625
30 23 16 30 14 0.015625
30 23 18 30 14 0.015625
30 23 19 30 17 0.015625
30 23 22 30 48 0.015625
30 23 23 30 48 0.015625
30 23 25 30 48 0.015625
30 23 27 30 70 0.015625
30 23 28 30 70 0.015625
30 23 30 30 33 0.03125
30 23 36 30 60 0.015625
30 23 39 30 40 0.015625
30 23 40 30 40 0.015625
30 23 41 30 62 0.015625
30 23 42 30 62 0.015625
30 23 44 30 73 0.03125
30 23 45 30 73 0.015625
30 23 46 30 73 0.015625
30 23 47 30 38 0.015625
30 23 49 30 12 0.015625
30 23 75 30 60 0.015625
30 23 80 30 57 0.015625
30 23 84 30 72 0.015625
30 23 91 30 67 0.015625
30 23 92 30 67 0.015625
30 23 93 30 67 0.015625
30 23 96 30 73 0.015625
30 23 101 30 38 0.015625
30 23 131 30 57 0.015625
30 31 0 30 31 0.0625
30 31 1 30 9 0.046875
30 31 2 30 17 0.046875
30 31 4 30 24 0.046875
30 31 6 30 56 0.046875
30 31 7 30 60 0.03125
30 31 8 30 40 0.046875
30 31 9 30 38 0.046875
30 31 11 30 13 0.015625
30 31 12 30 13 0.015625
30 31 13 30 13 0.015625
30 31 14 30 14 0.03125
30 31 15 30 14 0.015625
30 31 19 30 48 0.015625
30 31 21 30 48 0.015625
30 31 22 30 70 0.015625
30 31 23 30 70 0.03125
30 31 25 30 56 0.015625
30 31 27 30 49 0.015625
30 31 28 30 49 0.03125
30 31 30 30 60 0.015625
30 31 33 30 57 0.015625
30 31 35 30 76 0.015625
30 31 37 30 62 0.015625
30 31 38 30 62 0.03125
30 31 39 30 59 0.015625
30 31 42 30 67 0.03125
30 31 43 30 67 0.015625
30 31 44 30 45 0.015625
30 31 47 30 45 0.015625
30 31 50 30 73 0.03125
30 31 54 30 12 0.015625
30 31 71 30 70 0.015625
30 31 72 30 33 0.015625
30 31 81 30 57 0.015625
30 31 82 30 72 0.046875
30 31 88 30 62 0.015625
30 31 104 30 38 0.015625
30 31 114 30 57 0.015625
30 31 119 30 59 0.015625
31 32 0 31 32 0.078125
31 32 1 31 21 0.03125
31 32 2 31 23 0.03125
31 32 5 31 66 0.0625
31 32 6 31 60 0.03125
31 32 11 31 9 0.015625
31 32 13 31 9 0.015625
31 32 14 31 12 0.03125
31 32 15 31 12 0.015625
31 32 16 31 12 0.015625
31 32 17 31 17 0.015625
31 32 18 31 17 0.015625
31 32 19 31 17 0.015625
31 32 20 31 17 0.03125
31 32 29 31 55 0.015625
31 32 30 31 38 0.015625
31 32 33 31 52 0.046875
31 32 34 31 34 0.015625
31 32 35 31 34 0.015625
31 32 36 31 58 0.03125
31 32 37 31 58 0.015625
31 32 39 31 74 0.03125
31 32 40 31 60 0.015625
31 32 42 31 41 0.015625
31 32 44 31 47 0.015625
31 32 45 31 47 0.03125
31 32 46 31 79 0.015625
31 32 47 31 79 0.046875
31 32 50 31 2 0.015625
31 32 59 31 17 0.015625
31 32 82 31 55 0.015625
31 32 83 31 55 0.015625
31 32 86 31 40 0.015625
31 32 87 31 40 0.015625
31 32 88 31 40 0.015625
31 32 89 31 38 0.015625
31 32 96 31 58 0.015625
31 32 98 31 74 0.015625
31 32 99 31 74 0.015625
31 32 100 31 74 0.015625
31 32 102 31 60 0.015625
31 32 104 31 41 0.015625
31 32 109 31 56 0.015625
31 32 111 31 56 0.015625
31 32 112 31 56 0.015625
32 23 0 32 23 0.09375
32 23 1 32 10 0.078125
32 23 2 32 21 0.0625
32 23 3 32 27 0.015625
32 23 4 32 31 0.03125
32 23 5 32 59 0.046875
32 23 6 32 78 0.03125
32 23 10 32 7 0.046875
32 23 11 32 10 0.015625
32 23 12 32 16 0.015625
32 23 16 32 46 0.03125
32 23 17 32 46 0.015625
32 23 18 32 46 0.015625
32 23 20 32 57 0.015625
32 23 22 32 66 0.03125
32 23 24 32 36 0.015625
32 23 25 32 36 0.015625
32 23 26 32 36 0.015625
32 23 27 32 60 0.015625
32 23 30 32 64 0.015625
32 23 31 32 64 0.015625
32 23 32 32 48 0.015625
32 23 34 32 48 0.015625
32 23 35 32 35 0.015625
32 23 36 32 67 0.03125
32 23 39 32 43 0.015625
32 23 41 32 65 0.015625
32 23 42 32 65 0.015625
32 23 43 32 65 0.015625
32 23 46 32 72 0.015625
32 23 75 32 46 0.015625
32 23 77 32 46 0.015625
32 23 79 32 57 0.015625
32 23 87 32 66 0.015625
32 23 90 32 36 0.015625
32 23 94 32 60 0.015625
32 23 95 32 60 0.015625
32 23 96 32 60 0.015625
32 23 97 32 60 0.015625
32 23 99 32 64 0.015625
32 23 102 32 35 0.015625
32 23 106 32 67 0.015625
32 23 109 32 65 0.015625
32 33 1 32 10 0.015625
32 33 2 32 15 0.0625
32 33 4 32 78 0.046875
32 33 5 32 43 0.046875
32 33 6 32 65 0.078125
32 33 7 32 75 0.0625
32 33 8 32 72 0.046875
32 33 14 32 10 0.015625
32 33 15 32 16 0.015625
32 33 16 32 16 0.015625
32 33 17 32 16 0.015625
32 33 18 32 21 0.015625
32 33 20 32 21 0.015625
32 33 25 32 46 0.015625
32 33 26 32 46 0.015625
32 33 28 32 57 0.015625
32 33 30 32 66 0.015625
32 33 32 32 66 0.015625
32 33 33 32 66 0.03125
32 33 34 32 68 0.015625
32 33 36 32 36 0.015625
32 33 37 32 36 0.015625
32 33 38 32 59 0.03125
32 33 41 32 60 0.03125
32 33 45 32 48 0.015625
32 33 46 32 67 0.046875
32 33 47 32 43 0.015625
32 33 49 32 75 0.015625
32 33 50 32 72 0.0625
32 33 72 32 46 0.015625
32 33 81 32 59 0.015625
32 33 82 32 59 0.015625
32 33 85 32 60 0.015625
32 33 87 32 60 0.03125
32 33 90 32 64 0.015625
32 33 93 32 48 0.015625
32 33 95 32 35 0.015625
32 33 98 32 67 0.015625
32 33 108 32 7 0.015625
33 28 0 33 28 0.109375
33 28 1 33 3 0.015625
33 28 2 33 8 0.03125
33 28 3 33 13 0.03125
33 28 4 33 15 0.0625
33 28 5 33 74 0.015625
33 28 6 33 78 0.03125
33 28 7 33 44 0.03125
33 28 8 33 75 0.03125
33 28 9 33 77 0.0625
33 28 12 33 4 0.015625
33 28 13 33 4 0.015625
33 28 14 33 4 0.015625
33 28 22 33 15 0.015625
33 28 23 33 18 0.015625
33 28 24 33 18 0.015625
33 28 25 33 18 0.015625
33 28 28 33 26 0.015625
33 28 30 33 26 0.015625
33 28 31 33 43 0.015625
33 28 32 33 43 0.015625
33 28 33 33 72 0.015625
33 28 34 33 72 0.015625
33 28 35 33 72 0.046875
33 28 37 33 50 0.015625
33 28 38 33 79 0.015625
33 28 39 33 79 0.015625
33 28 40 33 70 0.015625
33 28 42 33 71 0.015625
33 28 43 33 71 0.015625
33 28 44 33 75 0.03125
33 28 45 33 65 0.015625
33 28 46 33 65 0.015625
33 28 61 33 13 0.015625
33 28 68 33 25 0.015625
33 28 77 33 43 0.03125
33 28 85 33 74 0.015625
33 28 93 33 79 0.015625
33 28 96 33 69 0.015625
33 28 99 33 75 0.015625
33 28 102 33 65 0.015625
33 28 104 33 77 0.015625
33 28 114 33 26 0.015625
33 34 1 33 50 0.03125
33 34 2 33 69 0.125
33 34 3 33 71 0.0625
33 34 4 33 75 0.03125
33 34 5 33 65 0.03125
33 34 17 33 6 0.015625
33 34 21 33 13 0.015625
33 34 25 33 15 0.015625
33 34 26 33 18 0.015625
33 34 27 33 18 0.03125
33 34 35 33 43 0.015625
33 34 36 33 43 0.015625
33 34 39 33 74 0.015625
33 34 40 33 74 0.015625
33 34 41 33 74 0.015625
33 34 43 33 72 0.015625
33 34 45 33 78 0.0625
33 34 47 33 50 0.015625
33 34 48 33 50 0.015625
33 34 50 33 79 0.015625
33 34 51 33 79 0.015625
33 34 52 33 79 0.046875
33 34 53 33 70 0.046875
33 34 54 33 69 0.015625
33 34 55 33 44 0.015625
33 34 56 33 75 0.015625
33 34 57 33 75 0.015625
33 34 58 33 77 0.015625
33 34 88 33 26 0.015625
33 34 97 33 43 0.015625
33 34 99 33 43 0.015625
33 34 101 33 74 0.015625
33 34 102 33 74 0.015625
33 34 103 33 74 0.046875
33 34 106 33 72 0.015625
33 34 107 33 72 0.015625
33 34 108 33 72 0.015625
33 34 113 33 44 0.015625
33 34 116 33 77 0.015625
33 34 117 33 77 0.03125
34 35 0 34 35 0.140625
34 35 1 34 12 0.015625
34 35 2 34 16 0.015625
34 35 3 34 17 0.03125
34 35 4 34 46 0.015625
34 35 5 34 51 0.046875
34 35 6 34 71 0.03125
34 35 7 34 58 0.0625
34 35 8 34 50 0.046875
34 35 9 34 66 0.078125
34 35 10 34 40 0.015625
34 35 11 34 41 0.03125
34 35 12 34 36 0.03125
34 35 19 34 14 0.015625
34 35 21 34 17 0.015625
34 35 22 34 20 0.015625
34 35 23 34 23 0.015625
34 35 26 34 31 0.015625
34 35 28 34 31 0.015625
34 35 30 34 51 0.015625
34 35 31 34 42 0.015625
34 35 32 34 42 0.015625
34 35 33 34 75 0.015625
34 35 34 34 75 0.015625
34 35 35 34 50 0.015625
34 35 36 34 40 0.015625
34 35 37 34 69 0.015625
34 35 39 34 65 0.015625
34 35 40 34 41 0.015625
34 35 41 34 36 0.015625
34 35 68 34 63 0.015625
34 35 69 34 46 0.015625
34 35 73 34 42 0.015625
34 35 74 34 58 0.015625
34 35 78 34 66 0.015625
34 35 82 34 69 0.015625
34 35 91 34 62 0.03125
34 35 92 34 62 0.015625
34 35 105 34 42 0.015625
34 35 106 34 58 0.015625
35 36 0 35 36 0.078125
35 36 1 35 21 0.015625
35 36 2 35 32 0.015625
35 36 3 35 34 0.046875
35 36 4 35 47 0.03125
35 36 5 35 39 0.046875
35 36 6 35 41 0.015625
35 36 8 35 1 0.015625
35 36 9 35 7 0.015625
35 36 12 35 12 0.015625
35 36 15 35 15 0.015625
35 36 16 35 16 0.015625
35 36 18 35 16 0.015625
35 36 20 35 32 0.015625
35 36 21 35 34 0.015625
35 36 22 35 40 0.015625
35 36 23 35 40 0.03125
35 36 25 35 71 0.015625
35 36 26 35 71 0.015625
35 36 28 35 58 0.015625
35 36 29 35 58 0.03125
35 36 32 35 50 0.015625
35 36 34 35 51 0.015625
35 36 35 35 51 0.015625
35 36 36 35 51 0.015625
35 36 37 35 78 0.015625
35 36 38 35 46 0.015625
35 36 39 35 41 0.015625
35 36 42 35 66 0.03125
35 36 43 35 66 0.03125
35 36 44 35 66 0.03125
35 36 47 35 7 0.015625
35 36 49 35 7 0.015625
35 36 60 35 17 0.015625
35 36 62 35 17 0.015625
35 36 63 35 17 0.015625
35 36 74 35 55 0.015625
35 36 80 35 71 0.015625
35 36 82 35 58 0.015625
35 36 88 35 50 0.015625
35 36 94 35 78 0.03125
35 36 95 35 78 0.046875
35 36 96 35 78 0.015625
35 36 97 35 46 0.015625
35 36 98 35 46 0.015625
35 36 114 35 55 0.015625
35 36 117 35 58 0.015625
36 31 0 36 21 0.015625
36 31 1 36 24 0.015625
36 31 2 36 32 0.015625
36 31 3 36 34 0.015625
36 31 4 36 79 0.015625
36 31 5 36 52 0.015625
36 31 6 36 47 0.015625
36 31 7 36 56 0.015625
36 31 8 36 41 0.015625
36 31 14 36 11 0.015625
36 31 16 36 19 0.015625
36 31 17 36 32 0.015625
36 31 18 36 34 0.015625
36 31 19 36 35 0.015625
36 31 20 36 35 0.015625
36 31 21 36 69 0.015625
36 31 22 36 69 0.015625
36 31 23 36 63 0.015625
36 31 24 36 63 0.015625
36 31 26 36 72 0.015625
36 31 27 36 72 0.015625
36 31 28 36 72 0.015625
36 31 29 36 72 0.015625
36 31 30 36 39 0.015625
36 31 34 36 70 0.015625
36 31 35 36 61 0.015625
36 31 36 36 61 0.015625
36 31 37 36 47 0.015625
36 31 38 36 62 0.015625
36 31 39 36 59 0.015625
36 31 41 36 56 0.015625
36 31 42 36 56 0.015625
36 31 43 36 53 0.015625
36 31 44 36 53 0.015625
36 31 45 36 73 0.015625
36 31 47 36 73 0.015625
36 31 48 36 73 0.015625
36 31 59 36 19 0.015625
36 31 60 36 19 0.015625
36 31 72 36 34 0.015625
36 31 73 36 35 0.015625
36 31 74 36 35 0.015625
36 31 75 36 35 0.015625
36 31 76 36 35 0.015625
36 31 82 36 44 0.015625
36 31 83 36 44 0.015625
36 31 86 36 54 0.015625
36 31 87 36 54 0.015625
36 31 89 36 54 0.015625
36 31 91 36 52 0.015625
36 31 92 36 72 0.015625
36 31 98 36 70 0.015625
36 31 99 36 70 0.015625
36 31 100 36 70 0.015625
36 31 104 36 62 0.015625
36 31 105 36 62 0.015625
36 31 107 36 59 0.015625
36 31 109 36 56 0.015625
36 31 124 36 54 0.015625
36 31 126 36 54 0.015625
36 31 133 36 59 0.015625
36 31 134 36 53 0.015625
36 31 139 36 54 0.015625
36 31 146 36 73 0.015625
36 37 2 36 35 0.015625
36 37 3 36 69 0.03125
36 37 4 36 54 0.046875
36 37 5 36 52 0.0625
36 37 6 36 70 0.078125
36 37 7 36 61 0.0625
36 37 8 36 41 0.015625
36 37 11 36 19 0.015625
36 37 13 36 21 0.015625
36 37 21 36 34 0.015625
36 37 22 36 34 0.015625
36 37 25 36 79 0.015625
36 37 30 36 54 0.015625
36 37 31 36 72 0.015625
36 37 32 36 72 0.03125
36 37 33 36 39 0.015625
36 37 36 36 39 0.03125
36 37 37 36 47 0.03125
36 37 38 36 62 0.03125
36 37 39 36 62 0.015625
36 37 40 36 59 0.03125
36 37 41 36 59 0.015625
36 37 42 36 56 0.015625
36 37 44 36 53 0.015625
36 37 45 36 53 0.03125
36 37 48 36 73 0.03125
36 37 57 36 21 0.015625
36 37 64 36 34 0.015625
36 37 65 36 34 0.015625
36 37 66 36 35 0.015625
36 37 68 36 44 0.015625
36 37 69 36 44 0.015625
36 37 70 36 44 0.015625
36 37 80 36 70 0.015625
36 37 84 36 47 0.015625
36 37 86 36 62 0.03125
36 37 87 36 59 0.015625
36 37 89 36 59 0.015625
36 37 92 36 56 0.015625
36 37 95 36 73 0.015625
36 37 96 36 73 0.015625
36 37 97 36 41 0.015625
36 37 100 36 19 0.015625
37 38 1 37 12 0.015625
37 38 2 37 14 0.015625
37 38 3 37 20 0.03125
37 38 5 37 57 0.03125
37 38 6 37 60 0.03125
37 38 7 37 69 0.03125
37 38 8 37 75 0.078125
37 38 9 37 54 0.03125
37 38 10 37 78 0.015625
37 38 11 37 70 0.046875
37 38 12 37 61 0.046875
37 38 21 37 25 0.015625
37 38 25 37 57 0.046875
37 38 26 37 57 0.015625
37 38 27 37 42 0.015625
37 38 28 37 42 0.015625
37 38 29 37 58 0.015625
37 38 30 37 58 0.015625
37 38 31 37 58 0.015625
37 38 32 37 60 0.015625
37 38 33 37 69 0.03125
37 38 34 37 75 0.015625
37 38 36 37 54 0.03125
37 38 37 37 54 0.015625
37 38 40 37 45 0.015625
37 38 41 37 45 0.015625
37 38 44 37 41 0.015625
37 38 45 37 52 0.015625
37 38 46 37 52 0.015625
37 38 47 37 70 0.015625
37 38 48 37 70 0.015625
37 38 68 37 35 0.015625
37 38 71 37 42 0.015625
37 38 74 37 58 0.03125
37 38 75 37 58 0.015625
37 38 78 37 69 0.015625
37 38 79 37 75 0.015625
37 38 85 37 50 0.015625
37 38 87 37 54 0.015625
37 38 89 37 78 0.015625
37 38 98 37 41 0.015625
37 38 100 37 52 0.015625
37 38 102 37 61 0.015625
37 38 103 37 61 0.015625
37 38 117 37 42 0.015625
37 38 124 37 54 0.015625
38 39 0 38 14 0.015625
38 39 1 38 19 0.015625
38 39 2 38 75 0.078125
38 39 3 38 72 0.03125
38 39 4 38 73 0.046875
38 39 5 38 61 0.03125
38 39 11 38 14 0.015625
38 39 13 38 16 0.015625
38 39 14 38 16 0.015625
38 39 15 38 16 0.015625
38 39 17 38 16 0.015625
38 39 18 38 17 0.015625
38 39 19 38 17 0.015625
38 39 20 38 17 0.015625
38 39 21 38 19 0.015625
38 39 22 38 20 0.015625
38 39 23 38 20 0.015625
38 39 30 38 63 0.015625
38 39 31 38 63 0.015625
38 39 33 38 56 0.015625
38 39 34 38 66 0.046875
38 39 37 38 69 0.015625
38 39 39 38 65 0.015625
38 39 41 38 62 0.015625
38 39 42 38 62 0.015625
38 39 43 38 60 0.03125
38 39 44 38 73 0.015625
38 39 45 38 57 0.015625
38 39 46 38 57 0.046875
38 39 47 38 57 0.015625
38 39 48 38 70 0.015625
38 39 49 38 70 0.015625
38 39 51 38 70 0.015625
38 39 66 38 20 0.015625
38 39 69 38 20 0.015625
38 39 91 38 66 0.015625
38 39 92 38 78 0.03125
38 39 95 38 78 0.015625
38 39 100 38 69 0.015625
38 39 101 38 69 0.015625
38 39 102 38 69 0.015625
38 39 107 38 65 0.03125
38 39 117 38 70 0.015625
38 39 119 38 54 0.015625
38 39 120 38 61 0.015625
38 39 130 38 72 0.015625
38 39 133 38 73 0.015625
38 39 134 38 73 0.015625
38 39 135 38 57 0.015625
39 40 0 39 40 0.09375
39 40 2 39 14 0.015625
39 40 4 39 35 0.046875
39 40 5 39 64 0.0625
39 40 6 39 49 0.03125
39 40 7 39 48 0.015625
39 40 8 39 53 0.03125
39 40 10 39 7 0.015625
39 40 15 39 18 0.015625
39 40 20 39 25 0.015625
39 40 21 39 36 0.03125
39 40 22 39 36 0.015625
39 40 25 39 73 0.015625
39 40 27 39 73 0.015625
39 40 28 39 73 0.046875
39 40 30 39 72 0.0625
39 40 31 39 46 0.015625
39 40 33 39 74 0.015625
39 40 39 39 53 0.015625
39 40 41 39 45 0.015625
39 40 42 39 45 0.015625
39 40 43 39 45 0.015625
39 40 44 39 75 0.015625
39 40 46 39 75 0.03125
39 40 47 39 61 0.046875
39 40 48 39 61 0.015625
39 40 54 39 14 0.015625
39 40 67 39 35 0.015625
39 40 72 39 73 0.015625
39 40 73 39 73 0.015625
39 40 78 39 72 0.015625
39 40 79 39 72 0.015625
39 40 82 39 74 0.015625
39 40 83 39 74 0.015625
39 40 84 39 74 0.015625
39 40 87 39 74 0.015625
39 40 93 39 53 0.015625
39 40 99 39 45 0.015625
39 40 100 39 44 0.015625
39 40 101 39 44 0.03125
39 40 106 39 61 0.015625
39 40 123 39 46 0.015625
40 41 2 40 31 0.015625
40 41 3 40 34 0.046875
40 41 4 40 35 0.046875
40 41 5 40 77 0.09375
40 41 6 40 42 0.046875
40 41 7 40 78 0.0625
40 41 15 40 6 0.015625
40 41 16 40 6 0.015625
40 41 19 40 9 0.015625
40 41 20 40 9 0.015625
40 41 26 40 14 0.015625
40 41 27 40 14 0.015625
40 41 28 40 14 0.015625
40 41 35 40 39 0.015625
40 41 36 40 39 0.03125
40 41 37 40 53 0.015625
40 41 39 40 63 0.03125
40 41 40 40 60 0.015625
40 41 41 40 60 0.015625
40 41 43 40 52 0.015625
40 41 44 40 52 0.015625
40 41 45 40 52 0.0625
40 41 46 40 49 0.015625
40 41 47 40 49 0.03125
40 41 48 40 48 0.015625
40 41 49 40 48 0.03125
40 41 50 40 48 0.015625
40 41 60 40 6 0.015625
40 41 62 40 6 0.015625
40 41 80 40 53 0.015625
40 41 81 40 63 0.015625
40 41 82 40 63 0.015625
40 41 83 40 63 0.015625
40 41 84 40 60 0.015625
40 41 86 40 64 0.015625
40 41 87 40 64 0.015625
40 41 88 40 49 0.015625
40 41 90 40 42 0.015625
40 41 92 40 78 0.015625
40 41 93 40 78 0.015625
40 41 95 40 48 0.015625
40 41 105 40 39 0.015625
40 41 132 40 64 0.015625
41 42 0 41 42 0.078125
41 42 3 41 19 0.015625
41 42 4 41 22 0.03125
41 42 5 41 34 0.03125
41 42 6 41 37 0.03125
41 42 7 41 76 0.0625
41 42 8 41 61 0.015625
41 42 9 41 77 0.046875
41 42 15 41 12 0.015625
41 42 18 41 13 0.015625
41 42 19 41 15 0.015625
41 42 20 41 19 0.046875
41 42 21 41 22 0.015625
41 42 29 41 34 0.015625
41 42 30 41 35 0.015625
41 42 31 41 36 0.015625
41 42 32 41 36 0.015625
41 42 33 41 75 0.015625
41 42 34 41 75 0.015625
41 42 35 41 75 0.0625
41 42 36 41 75 0.015625
41 42 37 41 58 0.03125
41 42 38 41 58 0.015625
41 42 39 41 67 0.046875
41 42 40 41 69 0.015625
41 42 42 41 76 0.046875
41 42 53 41 21 0.015625
41 42 67 41 35 0.015625
41 42 70 41 36 0.015625
41 42 72 41 37 0.015625
41 42 78 41 58 0.015625
41 42 79 41 58 0.015625
41 42 80 41 58 0.015625
41 42 81 41 58 0.015625
41 42 82 41 67 0.015625
41 42 84 41 69 0.03125
41 42 90 41 50 0.015625
41 42 92 41 77 0.015625
41 42 107 41 58 0.015625
41 42 109 41 67 0.015625
41 42 110 41 67 0.015625
42 43 2 42 19 0.046875
42 43 3 42 20 0.03125
42 43 4 42 22 0.0625
42 43 5 42 53 0.078125
42 43 6 42 77 0.078125
42 43 7 42 65 0.0625
42 43 8 42 51 0.03125
42 43 9 42 46 0.046875
42 43 17 42 7 0.015625
42 43 21 42 22 0.015625
42 43 22 42 22 0.015625
42 43 24 42 25 0.015625
42 43 26 42 34 0.015625
42 43 28 42 37 0.015625
42 43 31 42 40 0.015625
42 43 34 42 41 0.015625
42 43 35 42 41 0.015625
42 43 36 42 74 0.015625
42 43 37 42 74 0.015625
42 43 38 42 74 0.015625
42 43 39 42 56 0.015625
42 43 40 42 56 0.046875
42 43 41 42 53 0.015625
42 43 42 42 77 0.015625
42 43 43 42 65 0.015625
42 43 45 42 62 0.015625
42 43 47 42 68 0.03125
42 43 51 42 61 0.015625
42 43 52 42 72 0.015625
42 43 53 42 72 0.015625
42 43 57 42 7 0.015625
42 43 73 42 41 0.015625
42 43 76 42 74 0.015625
42 43 78 42 74 0.015625
42 43 80 42 56 0.015625
42 43 85 42 62 0.015625
42 43 88 42 68 0.015625
42 43 89 42 68 0.015625
42 43 90 42 68 0.015625
42 43 93 42 76 0.015625
42 43 94 42 61 0.015625
43 44 0 43 44 0.15625
43 44 2 43 20 0.03125
43 44 4 43 33 0.015625
43 44 5 43 39 0.03125
43 44 6 43 65 0.09375
43 44 7 43 71 0.03125
43 44 8 43 53 0.03125
43 44 9 43 77 0.09375
43 44 10 43 0 0.015625
43 44 12 43 5 0.015625
43 44 13 43 5 0.015625
43 44 15 43 8 0.015625
43 44 17 43 10 0.015625
43 44 18 43 10 0.015625
43 44 22 43 14 0.015625
43 44 24 43 17 0.046875
43 44 25 43 19 0.015625
43 44 26 43 19 0.015625
43 44 28 43 22 0.015625
43 44 30 43 22 0.03125
43 44 33 43 32 0.015625
43 44 35 43 32 0.015625
43 44 36 43 46 0.015625
43 44 37 43 46 0.015625
43 44 39 43 47 0.015625
43 44 41 43 53 0.03125
43 44 43 43 51 0.015625
43 44 56 43 8 0.015625
43 44 64 43 14 0.015625
43 44 66 43 19 0.015625
43 44 77 43 46 0.015625
43 44 78 43 46 0.03125
43 44 79 43 47 0.015625
43 44 81 43 47 0.015625
43 44 100 43 65 0.015625
43 44 102 43 46 0.015625
44 45 1 44 20 0.046875
44 45 2 44 23 0.015625
44 45 5 44 39 0.015625
44 45 6 44 43 0.046875
44 45 7 44 50 0.0625
44 45 8 44 65 0.109375
44 45 12 44 7 0.015625
44 45 13 44 7 0.015625
44 45 15 44 16 0.015625
44 45 16 44 16 0.015625
44 45 17 44 21 0.015625
44 45 28 44 36 0.015625
44 45 29 44 36 0.015625
44 45 30 44 36 0.015625
44 45 31 44 39 0.015625
44 45 32 44 43 0.015625
44 45 33 44 43 0.015625
44 45 35 44 50 0.015625
44 45 36 44 50 0.015625
44 45 41 44 73 0.015625
44 45 43 44 75 0.0625
44 45 45 44 52 0.09375
44 45 49 44 71 0.015625
44 45 50 44 71 0.03125
44 45 51 44 53 0.03125
44 45 54 44 61 0.015625
44 45 55 44 61 0.015625
44 45 73 44 43 0.015625
44 45 74 44 43 0.015625
44 45 75 44 43 0.015625
44 45 78 44 50 0.015625
44 45 83 44 54 0.015625
44 45 85 44 77 0.015625
44 45 89 44 73 0.015625
44 45 90 44 73 0.015625
44 45 97 44 62 0.015625
44 45 98 44 62 0.015625
44 45 103 44 56 0.015625
44 45 104 44 71 0.015625
44 45 107 44 61 0.015625
44 45 130 44 62 0.015625
45 46 0 45 0 0.015625
45 46 2 45 4 0.015625
45 46 4 45 35 0.0625
45 46 5 45 39 0.0625
45 46 6 45 43 0.03125
45 46 7 45 78 0.015625
45 46 8 45 74 0.03125
45 46 9 45 47 0.03125
45 46 14 45 13 0.015625
45 46 16 45 13 0.03125
45 46 18 45 14 0.015625
45 46 19 45 14 0.015625
45 46 22 45 18 0.015625
45 46 23 45 18 0.015625
45 46 24 45 20 0.015625
45 46 25 45 20 0.015625
45 46 27 45 23 0.015625
45 46 33 45 26 0.015625
45 46 35 45 26 0.015625
45 46 40 45 78 0.015625
45 46 41 45 79 0.015625
45 46 42 45 79 0.0625
45 46 44 45 47 0.015625
45 46 46 45 65 0.03125
45 46 47 45 63 0.015625
45 46 48 45 50 0.015625
45 46 50 45 55 0.03125
45 46 54 45 0 0.015625
45 46 71 45 20 0.015625
45 46 79 45 26 0.015625
45 46 85 45 35 0.015625
45 46 88 45 39 0.015625
45 46 92 45 65 0.015625
45 46 93 45 65 0.015625
45 46 94 45 65 0.015625
45 46 95 45 65 0.015625
45 46 96 45 65 0.015625
45 46 97 45 63 0.015625
45 46 99 45 63 0.015625
45 46 100 45 63 0.015625
45 46 101 45 63 0.015625
45 46 104 45 55 0.015625
45 46 105 45 55 0.09375
45 46 124 45 64 0.015625
46 47 0 46 47 0.03125
46 47 1 46 0 0.015625
46 47 2 46 4 0.015625
46 47 5 46 35 0.046875
46 47 6 46 43 0.046875
46 47 7 46 53 0.03125
46 47 8 46 51 0.015625
46 47 9 46 78 0.0625
46 47 10 46 54 0.03125
46 47 11 46 68 0.078125
46 47 16 46 15 0.015625
46 47 19 46 19 0.015625
46 47 21 46 27 0.015625
46 47 25 46 32 0.015625
46 47 27 46 34 0.015625
46 47 28 46 34 0.015625
46 47 31 46 39 0.015625
46 47 32 46 42 0.015625
46 47 33 46 42 0.015625
46 47 34 46 43 0.015625
46 47 35 46 74 0.015625
46 47 36 46 74 0.015625
46 47 39 46 66 0.015625
46 47 40 46 66 0.046875
46 47 41 46 78 0.015625
46 47 42 46 48 0.015625
46 47 43 46 54 0.015625
46 47 58 46 19 0.015625
46 47 59 46 19 0.015625
46 47 70 46 39 0.015625
46 47 71 46 39 0.046875
46 47 76 46 42 0.015625
46 47 80 46 74 0.015625
46 47 84 46 66 0.015625
46 47 85 46 77 0.015625
46 47 86 46 77 0.015625
46 47 88 46 77 0.046875
46 47 89 46 77 0.015625
46 47 90 46 78 0.015625
46 47 91 46 78 0.015625
46 47 95 46 54 0.015625
46 47 107 46 34 0.015625
46 47 108 46 35 0.015625
46 47 120 46 78 0.015625
47 48 1 47 12 0.015625
47 48 3 47 22 0.046875
47 48 6 47 46 0.03125
47 48 7 47 65 0.09375
47 48 8 47 49 0.03125
47 48 13 47 12 0.015625
47 48 21 47 35 0.015625
47 48 22 47 35 0.015625
47 48 23 47 35 0.03125
47 48 25 47 36 0.015625
47 48 26 47 36 0.015625
47 48 27 47 43 0.015625
47 48 28 47 43 0.015625
47 48 30 47 43 0.015625
47 48 31 47 43 0.015625
47 48 32 47 45 0.015625
47 48 33 47 45 0.015625
47 48 34 47 45 0.015625
47 48 38 47 59 0.015625
47 48 41 47 78 0.015625
47 48 42 47 58 0.015625
47 48 45 47 58 0.015625
47 48 46 47 76 0.015625
47 48 47 47 76 0.015625
47 48 48 47 51 0.015625
47 48 50 47 51 0.015625
47 48 52 47 50 0.015625
47 48 53 47 53 0.015625
47 48 54 47 53 0.046875
47 48 55 47 68 0.015625
47 48 56 47 68 0.015625
47 48 80 47 35 0.015625
47 48 83 47 35 0.015625
47 48 88 47 36 0.015625
47 48 90 47 45 0.015625
47 48 91 47 45 0.015625
47 48 92 47 46 0.015625
47 48 93 47 59 0.03125
47 48 94 47 59 0.015625
47 48 96 47 78 0.015625
47 48 97 47 78 0.015625
47 48 99 47 58 0.015625
47 48 101 47 76 0.015625
47 48 106 47 49 0.015625
47 48 108 47 50 0.015625
47 48 109 47 50 0.015625
47 48 111 47 53 0.015625
47 48 112 47 53 0.015625
47 48 115 47 68 0.015625
47 48 118 47 54 0.015625
47 48 119 47 54 0.015625
48 49 0 48 49 0.109375
48 49 1 48 10 0.03125
48 49 2 48 13 0.015625
48 49 3 48 16 0.03125
48 49 4 48 22 0.03125
48 49 5 48 26 0.015625
48 49 8 48 39 0.03125
48 49 9 48 40 0.046875
48 49 10 48 64 0.03125
48 49 11 48 55 0.03125
48 49 16 48 10 0.015625
48 49 17 48 13 0.015625
48 49 18 48 14 0.015625
48 49 20 48 14 0.015625
48 49 21 48 16 0.015625
48 49 22 48 17 0.015625
48 49 23 48 18 0.03125
48 49 24 48 20 0.015625
48 49 25 48 20 0.03125
48 49 26 48 22 0.015625
48 49 27 48 25 0.015625
48 49 30 48 29 0.015625
48 49 35 48 46 0.015625
48 49 36 48 64 0.015625
48 49 37 48 64 0.015625
48 49 40 48 69 0.046875
48 49 42 48 65 0.03125
48 49 55 48 17 0.015625
48 49 61 48 18 0.015625
48 49 63 48 18 0.015625
48 49 67 48 20 0.015625
48 49 71 48 22 0.015625
48 49 72 48 22 0.015625
48 49 79 48 25 0.015625
48 49 93 48 46 0.015625
48 49 94 48 46 0.015625
48 49 95 48 46 0.015625
48 49 96 48 46 0.015625
48 49 97 48 46 0.015625
48 49 99 48 55 0.015625
48 49 101 48 69 0.015625
48 49 103 48 65 0.03125
48 49 113 48 22 0.015625
48 49 131 48 46 0.015625
49 50 0 49 13 0.015625
49 50 1 49 16 0.03125
49 50 2 49 26 0.015625
49 50 3 49 47 0.015625
49 50 4 49 66 0.03125
49 50 5 49 61 0.078125
49 50 7 49 10 0.015625
49 50 11 49 15 0.015625
49 50 12 49 16 0.015625
49 50 13 49 21 0.015625
49 50 16 49 22 0.015625
49 50 23 49 39 0.015625
49 50 24 49 39 0.015625
49 50 26 49 48 0.015625
49 50 27 49 48 0.015625
49 50 29 49 57 0.015625
49 50 30 49 57 0.03125
49 50 33 49 71 0.015625
49 50 34 49 71 0.03125
49 50 35 49 74 0.015625
49 50 38 49 58 0.0625
49 50 40 49 55 0.015625
49 50 41 49 55 0.015625
49 50 42 49 55 0.046875
49 50 43 49 75 0.03125
49 50 44 49 75 0.015625
49 50 45 49 75 0.015625
49 50 49 49 64 0.015625
49 50 50 49 64 0.015625
49 50 51 49 64 0.015625
49 50 56 49 22 0.015625
49 50 70 49 40 0.015625
49 50 79 49 71 0.015625
49 50 85 49 56 0.015625
49 50 86 49 56 0.015625
49 50 87 49 56 0.03125
49 50 88 49 56 0.015625
49 50 91 49 58 0.015625
49 50 92 49 55 0.015625
49 50 93 49 55 0.015625
49 50 94 49 55 0.015625
49 50 96 49 66 0.015625
49 50 99 49 62 0.015625
49 50 100 49 62 0.015625
49 50 103 49 61 0.015625
49 50 104 49 10 0.015625
49 50 114 49 71 0.015625
49 50 123 49 62 0.03125
50 33 0 50 33 0.125
50 33 2 50 4 0.015625
50 33 3 50 13 0.015625
50 33 4 50 18 0.046875
50 33 5 50 26 0.015625
50 33 6 50 44 0.046875
50 33 7 50 79 0.03125
50 33 12 50 6 0.015625
50 33 13 50 6 0.015625
50 33 14 50 6 0.015625
50 33 19 50 13 0.015625
50 33 20 50 14 0.015625
50 33 23 50 16 0.015625
50 33 24 50 18 0.03125
50 33 26 50 26 0.015625
50 33 29 50 37 0.015625
50 33 30 50 41 0.015625
50 33 31 50 44 0.046875
50 33 32 50 44 0.015625
50 33 34 50 45 0.015625
50 33 35 50 45 0.015625
50 33 36 50 63 0.015625
50 33 37 50 63 0.015625
50 33 38 50 63 0.046875
50 33 40 50 61 0.015625
50 33 41 50 61 0.0625
50 33 43 50 66 0.015625
50 33 45 50 66 0.015625
50 33 56 50 6 0.015625
50 33 64 50 26 0.015625
50 33 67 50 34 0.015625
50 33 71 50 35 0.015625
50 33 73 50 35 0.015625
50 33 74 50 35 0.015625
50 33 80 50 44 0.015625
50 33 84 50 47 0.015625
50 33 89 50 63 0.015625
50 33 90 50 63 0.015625
50 33 100 50 66 0.015625
50 33 121 50 63 0.03125
50 33 124 50 68 0.046875
50 51 1 50 6 0.015625
50 51 2 50 11 0.015625
50 51 3 50 18 0.015625
50 51 5 50 34 0.015625
50 51 6 50 35 0.015625
50 51 7 50 47 0.03125
50 51 8 50 79 0.03125
50 51 9 50 61 0.046875
50 51 10 50 1 0.015625
50 51 11 50 1 0.015625
50 51 12 50 1 0.015625
50 51 13 50 3 0.015625
50 51 14 50 3 0.015625
50 51 16 50 4 0.015625
50 51 18 50 6 0.015625
50 51 20 50 11 0.015625
50 51 22 50 13 0.015625
50 51 23 50 14 0.015625
50 51 24 50 14 0.015625
50 51 25 50 14 0.015625
50 51 26 50 14 0.015625
50 51 28 50 16 0.015625
50 51 30 50 16 0.015625
50 51 33 50 26 0.015625
50 51 35 50 37 0.015625
50 51 36 50 41 0.015625
50 51 37 50 41 0.015625
50 51 38 50 41 0.015625
50 51 39 50 44 0.03125
50 51 41 50 45 0.015625
50 51 44 50 63 0.015625
50 51 45 50 63 0.03125
50 51 46 50 68 0.03125
50 51 48 50 66 0.015625
50 51 49 50 66 0.03125
50 51 52 50 1 0.015625
50 51 57 50 4 0.015625
50 51 65 50 16 0.015625
50 51 72 50 26 0.015625
50 51 80 50 35 0.015625
50 51 81 50 37 0.015625
50 51 82 50 37 0.015625
50 51 83 50 37 0.015625
50 51 86 50 44 0.015625
50 51 87 50 44 0.015625
50 51 88 50 44 0.015625
50 51 91 50 63 0.015625
50 51 92 50 63 0.015625
50 51 97 50 68 0.015625
50 51 98 50 68 0.015625
50 51 99 50 68 0.015625
50 51 101 50 79 0.015625
50 51 102 50 61 0.015625
50 51 107 50 66 0.015625
50 51 108 50 66 0.015625
50 51 124 50 41 0.015625
51 34 0 51 34 0.046875
51 34 2 51 12 0.015625
51 34 3 51 35 0.03125
51 34 4 51 42 0.03125
51 34 5 51 46 0.03125
51 34 6 51 62 0.03125
51 34 11 51 7 0.015625
51 34 12 51 7 0.015625
51 34 16 51 18 0.015625
51 34 17 51 19 0.015625
51 34 18 51 22 0.015625
51 34 19 51 22 0.015625
51 34 22 51 24 0.015625
51 34 25 51 35 0.015625
51 34 26 51 43 0.015625
51 34 27 51 43 0.015625
51 34 28 51 43 0.015625
51 34 29 51 43 0.015625
51 34 30 51 43 0.015625
51 34 31 51 47 0.015625
51 34 32 51 47 0.015625
51 34 33 51 47 0.015625
51 34 34 51 47 0.015625
51 34 35 51 56 0.015625
51 34 36 51 56 0.015625
51 34 37 51 59 0.015625
51 34 38 51 59 0.015625
51 34 39 51 59 0.03125
51 34 41 51 79 0.015625
51 34 42 51 61 0.03125
51 34 43 51 61 0.015625
51 34 44 51 61 0.046875
51 34 45 51 52 0.015625
51 34 46 51 52 0.015625
51 34 47 51 52 0.015625
51 34 48 51 52 0.015625
51 34 49 51 77 0.015625
51 34 50 51 77 0.015625
51 34 51 51 77 0.015625
51 34 70 51 19 0.015625
51 34 80 51 43 0.015625
51 34 81 51 43 0.015625
51 34 82 51 43 0.015625
51 34 86 51 47 0.03125
51 34 89 51 56 0.015625
51 34 92 51 59 0.015625
51 34 93 51 59 0.015625
51 34 94 51 59 0.03125
51 34 95 51 59 0.015625
51 34 97 51 62 0.015625
51 34 100 51 52 0.015625
51 34 127 51 61 0.015625
