0_105_1000_200_0_0 50 150 0.657505 0.0709158 0.535396 8.37685 325.755 1.50538
0_105_1000_200_0_0 50 150 100 467363 16423272000 35140.3 4673.63 164232720 9.06048e+08
0_105_1000_200_1_1 50 150 0.657505 0.0709158 0.535396 8.37685 325.755 1.50538
0_105_1000_200_1_1 50 150 100 467363 16423272000 35140.3 4673.63 164232720 9.06048e+08
0_105_1000_200_2_2 50 150 0.632077 0.0716598 0.555297 8.2312 328.338 1.57825
0_105_1000_200_2_2 50 150 100 469370 16454418000 35056.4 4693.7 164544180 7.28233e+08
0_105_1000_200_3_3 50 150 0.599668 0.0722894 0.571097 8.89757 318.924 1.73962
0_105_1000_200_3_3 50 150 100 469128 16425432000 35012.7 4691.28 164254320 8.17374e+08
0_105_1000_200_4_4 50 150 0.714655 0.0717443 0.558223 9.50546 349.533 1.73215
0_105_1000_200_4_4 50 150 100 468139 16543726500 35339.3 4681.39 165437265 8.75763e+08
0_105_1000_200_5_5 50 150 0.662676 0.0709117 0.560982 9.02059 335.345 1.65759
0_105_1000_200_5_5 50 150 100 469498 16376457000 34880.8 4694.98 163764570 8.29258e+08
0_105_1000_200_6_6 50 150 0.626077 0.0714923 0.537857 8.18071 327.589 1.45853
0_105_1000_200_6_6 50 150 100 468647 16564617000 35345.6 4686.47 165646170 7.86651e+08
0_105_1000_200_7_7 50 150 0.664434 0.0714081 0.571262 9.33232 319.76 1.77855
0_105_1000_200_7_7 50 150 100 468579 16276917000 34736.8 4685.79 162769170 8.51332e+08
0_105_1000_200_8_8 50 150 0.640799 0.0710912 0.549149 8.8563 340.038 1.63518
0_105_1000_200_8_8 50 150 100 469101 16341925500 34836.7 4691.01 163419255 7.81119e+08
0_105_1000_200_9_9 50 150 0.662012 0.0713703 0.55507 9.09222 333.584 1.66991
0_105_1000_200_9_9 50 150 100 469309 16620322500 35414.5 4693.09 166203225 8.8845e+08
