55_0_0_200_0_49 50 150 0.424087 0.12147 0.645673 9.36836 188.84 3.06746
55_0_0_200_0_49 50 150 100 1780657 62169111000 34913.6 17806.6 621691110 2.69308e+09
55_0_0_200_50_99 50 150 0.428416 0.122439 0.656446 9.49358 168.082 3.16267
55_0_0_200_50_99 50 150 100 1780748 62411131500 35047.7 17807.5 624111315 2.75792e+09
55_0_0_200_100_149 50 150 0.440427 0.121525 0.655167 9.63718 402.376 3.21806
55_0_0_200_100_149 50 150 100 1780787 62238724500 34950.1 17807.9 622387245 2.84438e+09
55_0_0_200_150_199 50 150 0.430786 0.122758 0.658646 9.49431 410.378 3.15645
55_0_0_200_150_199 50 150 100 1782101 62572881000 35111.9 17821 625728810 2.81224e+09
55_0_0_200_200_249 50 150 0.433212 0.122571 0.659517 9.5334 166.192 3.19237
55_0_0_200_200_249 50 150 100 1782955 62616628500 35119.6 17829.5 626166285 2.87635e+09
55_0_0_200_250_299 50 150 0.426853 0.122087 0.657392 9.39517 259.055 3.1618
55_0_0_200_250_299 50 150 100 1781657 62483527500 35070.5 17816.6 624835275 2.82395e+09
55_0_0_200_300_349 50 150 0.435335 0.122134 0.666095 9.57115 159.736 3.2693
55_0_0_200_300_349 50 150 100 1783064 62303934000 34942.1 17830.6 623039340 2.89418e+09
55_0_0_200_350_399 50 150 0.436088 0.122298 0.662933 9.56204 218.225 3.22133
55_0_0_200_350_399 50 150 100 1782927 62506719000 35058.5 17829.3 625067190 2.83593e+09
55_0_0_200_400_449 50 150 0.43485 0.122371 0.668372 9.60044 240.177 3.25437
55_0_0_200_400_449 50 150 100 1783490 62516124000 35052.7 17834.9 625161240 2.87101e+09
55_0_0_200_450_499 50 150 0.436618 0.12111 0.657204 9.61775 216.93 3.21735
55_0_0_200_450_499 50 150 100 1782840 62122098000 34844.5 17828.4 621220980 2.76601e+09
