54 27 0 54 22 0.015625
54 27 3 54 46 0.015625
54 27 5 54 59 0.015625
54 27 6 54 73 0.015625
54 27 11 54 0 0.015625
54 27 13 54 0 0.015625
54 27 17 54 4 0.015625
54 27 27 54 12 0.015625
54 27 45 54 17 0.015625
54 27 49 54 18 0.015625
54 27 51 54 18 0.015625
54 27 52 54 18 0.015625
54 27 57 54 19 0.015625
54 27 58 54 19 0.015625
54 27 59 54 19 0.015625
54 27 62 54 19 0.015625
54 27 70 54 22 0.015625
54 27 78 54 24 0.015625
54 27 84 54 25 0.015625
54 27 87 54 25 0.015625
54 27 88 54 25 0.015625
54 27 90 54 25 0.015625
54 27 94 54 28 0.015625
54 27 99 54 36 0.015625
54 27 100 54 36 0.015625
54 27 101 54 36 0.015625
54 27 104 54 36 0.015625
54 27 106 54 37 0.015625
54 27 111 54 37 0.015625
54 27 119 54 38 0.015625
54 27 124 54 42 0.015625
54 27 126 54 42 0.015625
54 27 129 54 42 0.015625
54 27 134 54 44 0.015625
54 27 137 54 44 0.015625
54 27 141 54 46 0.015625
54 27 142 54 46 0.015625
54 27 144 54 46 0.015625
54 27 150 54 47 0.015625
54 27 154 54 47 0.015625
54 27 156 54 56 0.015625
54 27 163 54 56 0.015625
54 27 167 54 58 0.015625
54 27 173 54 58 0.015625
54 27 176 54 58 0.015625
54 27 178 54 59 0.015625
54 27 180 54 59 0.015625
54 27 183 54 61 0.015625
54 27 184 54 61 0.015625
54 27 185 54 61 0.015625
54 27 186 54 61 0.015625
54 27 187 54 62 0.015625
54 27 195 54 62 0.015625
54 27 200 54 68 0.015625
54 27 204 54 68 0.015625
54 27 205 54 70 0.015625
54 27 208 54 70 0.015625
54 27 209 54 70 0.015625
54 27 210 54 70 0.015625
54 27 212 54 73 0.015625
54 27 213 54 73 0.015625
54 27 214 54 73 0.015625
54 27 215 54 73 0.015625
54 27 216 54 73 0.015625
