0_710938_1000000_240_0_0 60 180 0.924822 0.137847 0.646462 10.251 1090.56 2.63936
0_710938_1000000_240_0_0 60 180 120 2280508 58593682500 25693.3 19004.2 4.88281e+08 1.46324e+09
0_710938_1000000_240_1_1 60 180 0.924822 0.137847 0.646462 10.251 1090.56 2.63936
0_710938_1000000_240_1_1 60 180 120 2280508 58593682500 25693.3 19004.2 4.88281e+08 1.46324e+09
0_710938_1000000_240_2_2 60 180 0.948456 0.138312 0.638278 10.517 1095.32 2.63256
0_710938_1000000_240_2_2 60 180 120 2281267 58545540000 25663.6 19010.6 487879500 1.40786e+09
0_710938_1000000_240_3_3 60 180 0.886498 0.138676 0.639073 10.2059 588.19 2.58143
0_710938_1000000_240_3_3 60 180 120 2281475 58552980000 25664.5 19012.3 487941500 1.33902e+09
0_710938_1000000_240_4_4 60 180 0.894309 0.137812 0.638703 10.4786 628.906 2.60625
0_710938_1000000_240_4_4 60 180 120 2281443 58462090500 25625 19012 4.87184e+08 1.37e+09
0_710938_1000000_240_5_5 60 180 0.924251 0.137425 0.632774 10.2529 1100.88 2.52946
0_710938_1000000_240_5_5 60 180 120 2281736 58551423000 25660.9 19014.5 487928525 1.4195e+09
0_710938_1000000_240_6_6 60 180 0.885081 0.138325 0.643315 10.3112 586.525 2.61189
0_710938_1000000_240_6_6 60 180 120 2281128 58492189500 25641.8 19009.4 4.87435e+08 1.3765e+09
0_710938_1000000_240_7_7 60 180 0.905045 0.138117 0.635949 10.1646 1072.87 2.53375
0_710938_1000000_240_7_7 60 180 120 2281203 58554943500 25668.4 19010 4.87958e+08 1.35155e+09
0_710938_1000000_240_8_8 60 180 0.959191 0.138611 0.644575 10.5896 1088.57 2.68963
0_710938_1000000_240_8_8 60 180 120 2282563 58506423000 25631.9 19021.4 487553525 1.43251e+09
0_710938_1000000_240_9_9 60 180 0.860462 0.137851 0.639646 10.1868 593.037 2.56437
0_710938_1000000_240_9_9 60 180 120 2281256 58521621000 25653.2 19010.5 487680175 1.37522e+09
