0_225_1000_100_0_0 25 75 0.663638 0.0501352 0.376851 9.53312 294.217 0.977164
0_225_1000_100_0_0 25 75 50 640855 12551511000 19585.6 12817.1 251030220 5.15782e+08
0_225_1000_100_1_1 25 75 0.663638 0.0501352 0.376851 9.53312 294.217 0.977164
0_225_1000_100_1_1 25 75 50 640855 12551511000 19585.6 12817.1 251030220 5.15782e+08
0_225_1000_100_2_2 25 75 0.700684 0.0501729 0.376194 10.0268 211.362 1.02191
0_225_1000_100_2_2 25 75 50 640855 12551595000 19585.7 12817.1 251031900 5.481e+08
0_225_1000_100_3_3 25 75 0.704463 0.0501817 0.379019 10.3707 294.61 1.1162
0_225_1000_100_3_3 25 75 50 640853 12551541000 19585.7 12817.1 251030820 5.53663e+08
0_225_1000_100_4_4 25 75 0.650825 0.0501817 0.375318 9.04039 294.821 0.953296
0_225_1000_100_4_4 25 75 50 640853 12551566500 19585.7 12817.1 251031330 5.09641e+08
0_225_1000_100_5_5 25 75 0.687721 0.0501614 0.378508 9.98442 249.354 1.04055
0_225_1000_100_5_5 25 75 50 640855 12551587500 19585.7 12817.1 251031750 5.37369e+08
0_225_1000_100_6_6 25 75 0.648443 0.0501817 0.380835 8.28806 213.58 0.907382
0_225_1000_100_6_6 25 75 50 640852 12551544000 19585.7 12817 251030880 5.24086e+08
0_225_1000_100_7_7 25 75 0.677427 0.0501817 0.377181 8.65464 193.955 0.938018
0_225_1000_100_7_7 25 75 50 640854 12551574000 19585.7 12817.1 251031480 5.18189e+08
0_225_1000_100_8_8 25 75 0.717666 0.0501817 0.385665 10.4779 231.566 1.13514
0_225_1000_100_8_8 25 75 50 640855 12551596500 19585.7 12817.1 251031930 5.38549e+08
0_225_1000_100_9_9 25 75 0.695259 0.0501817 0.379997 10.2466 295.18 1.10071
0_225_1000_100_9_9 25 75 50 640855 12551496000 19585.5 12817.1 251029920 5.39864e+08
