12_75_100_200_0_0 50 150 0.628758 0.131436 0.583832 10.2973 230.096 2.85502
12_75_100_200_0_0 50 150 100 1604476 43506034500 27115.4 16044.8 435060345 1.22975e+09
12_75_100_200_1_1 50 150 0.628758 0.131436 0.583832 10.2973 230.096 2.85502
12_75_100_200_1_1 50 150 100 1604476 43506034500 27115.4 16044.8 435060345 1.22975e+09
12_75_100_200_2_2 50 150 0.620034 0.130305 0.577117 10.1647 240.081 2.75448
12_75_100_200_2_2 50 150 100 1604476 43505952000 27115.4 16044.8 435059520 1.2468e+09
12_75_100_200_3_3 50 150 0.612747 0.130519 0.579758 10.1943 212.531 2.78666
12_75_100_200_3_3 50 150 100 1604476 43505493000 27115.1 16044.8 435054930 1.21696e+09
12_75_100_200_4_4 50 150 0.624098 0.13128 0.583346 10.2814 209.816 2.82596
12_75_100_200_4_4 50 150 100 1604473 43505898000 27115.4 16044.7 435058980 1.221e+09
12_75_100_200_5_5 50 150 0.607009 0.130968 0.58506 10.2774 253.114 2.83833
12_75_100_200_5_5 50 150 100 1604476 43506049500 27115.4 16044.8 435060495 1.18411e+09
12_75_100_200_6_6 50 150 0.630369 0.1306 0.578857 10.3507 220.071 2.82486
12_75_100_200_6_6 50 150 100 1604477 43506033000 27115.4 16044.8 435060330 1.21816e+09
12_75_100_200_7_7 50 150 0.633851 0.131459 0.58899 10.3352 207.057 2.90171
12_75_100_200_7_7 50 150 100 1604474 43505203500 27114.9 16044.7 435052035 1.23181e+09
12_75_100_200_8_8 50 150 0.619838 0.130575 0.580741 10.2146 210.056 2.81893
12_75_100_200_8_8 50 150 100 1604475 43505862000 27115.3 16044.8 435058620 1.22062e+09
12_75_100_200_9_9 50 150 0.599225 0.130788 0.579565 10.0806 209.794 2.72166
12_75_100_200_9_9 50 150 100 1604472 43505941500 27115.4 16044.7 435059415 1.18463e+09
