4 15 0 4 3 0.015625
4 15 1 4 46 0.015625
4 15 2 4 71 0.046875
4 15 3 4 13 0.015625
4 15 4 4 10 0.015625
4 15 5 4 68 0.015625
4 15 6 4 33 0.046875
4 15 9 4 57 0.015625
4 15 15 4 25 0.015625
4 15 19 4 42 0.015625
4 15 20 4 23 0.015625
4 15 21 4 50 0.015625
4 15 22 4 50 0.015625
4 15 27 4 21 0.015625
4 15 29 4 68 0.015625
4 15 30 4 47 0.015625
4 15 36 4 38 0.015625
4 15 37 4 54 0.015625
4 15 39 4 45 0.015625
4 15 43 4 8 0.015625
4 15 44 4 8 0.015625
4 15 46 4 3 0.015625
4 15 49 4 56 0.015625
4 15 54 4 46 0.015625
4 15 56 4 73 0.015625
4 15 57 4 73 0.015625
4 15 59 4 57 0.015625
4 15 60 4 22 0.015625
4 15 62 4 22 0.015625
4 15 63 4 5 0.015625
4 15 68 4 25 0.015625
4 15 69 4 42 0.015625
4 15 73 4 23 0.015625
4 15 74 4 50 0.015625
4 15 76 4 6 0.015625
4 15 80 4 13 0.03125
4 15 82 4 10 0.015625
4 15 92 4 60 0.015625
4 15 100 4 31 0.015625
4 15 101 4 31 0.015625
4 15 102 4 45 0.015625
4 15 107 4 8 0.015625
4 15 111 4 57 0.015625
4 15 112 4 57 0.015625
4 15 117 4 23 0.015625
4 15 118 4 50 0.015625
4 15 120 4 6 0.015625
4 15 121 4 21 0.015625
4 15 123 4 60 0.015625
4 15 124 4 60 0.015625
4 15 125 4 55 0.015625
4 15 126 4 55 0.015625
4 15 128 4 38 0.015625
4 15 130 4 54 0.015625
4 15 131 4 31 0.015625
4 15 132 4 45 0.015625
4 15 133 4 3 0.015625
4 15 144 4 55 0.015625
4 15 146 4 31 0.015625
