6_375_1000_1000_0_0 250 750 0.491318 0.102899 1.36705 9.76704 73.0299 4.87248
6_375_1000_1000_0_0 250 750 500 471307 16519107000 35049.6 942.614 33038214 2.23491e+08
6_375_1000_1000_1_1 250 750 0.491318 0.102899 1.36705 9.76704 73.0299 4.87248
6_375_1000_1000_1_1 250 750 500 471307 16519107000 35049.6 942.614 33038214 2.23491e+08
6_375_1000_1000_2_2 250 750 0.495169 0.103166 1.38824 9.8374 86.8042 4.87272
6_375_1000_1000_2_2 250 750 500 470239 16221958500 34497.3 940.478 32443917 2.13293e+08
6_375_1000_1000_3_3 250 750 0.479757 0.102704 1.36018 9.61817 78.2531 4.69186
6_375_1000_1000_3_3 250 750 500 470137 16162044000 34377.3 940.274 32324088 2.04282e+08
6_375_1000_1000_4_4 250 750 0.512978 0.103589 1.47248 9.87753 503.194 5.09498
6_375_1000_1000_4_4 250 750 500 469457 16641858000 35449.2 938.914 33283716 2.34533e+08
6_375_1000_1000_5_5 250 750 0.507746 0.102945 1.46481 10.1469 75.9456 5.08876
6_375_1000_1000_5_5 250 750 500 469032 16530261000 35243.4 938.064 33060522 2.18808e+08
6_375_1000_1000_6_6 250 750 0.493378 0.102774 1.31021 9.77486 929.853 4.74649
6_375_1000_1000_6_6 250 750 500 469078 16253910000 34650.8 938.156 32507820 2.26163e+08
6_375_1000_1000_7_7 250 750 0.486635 0.102942 1.31367 9.74012 119.095 4.75402
6_375_1000_1000_7_7 250 750 500 470133 16308042000 34688.1 940.266 32616084 2.16972e+08
6_375_1000_1000_8_8 250 750 0.488842 0.103214 1.33195 9.87847 98.5579 4.77972
6_375_1000_1000_8_8 250 750 500 471299 16325839500 34640.1 942.598 32651679 2.14755e+08
6_375_1000_1000_9_9 250 750 0.504219 0.102704 1.34638 9.83352 1629.85 4.80193
6_375_1000_1000_9_9 250 750 500 468915 16224322500 34599.7 937.83 32448645 2.08218e+08
