41_875_1000_200_0_49 50 150 0.471715 0.150787 0.876885 9.81174 424.979 3.93662
41_875_1000_200_0_49 50 150 100 1355245 47521473000 35064.9 13552.5 475214730 2.22373e+09
41_875_1000_200_50_99 50 150 0.471973 0.149379 0.868822 9.77566 389.921 3.89542
41_875_1000_200_50_99 50 150 100 1355627 47670780000 35165.1 13556.3 476707800 2.31574e+09
41_875_1000_200_100_149 50 150 0.462148 0.148189 0.843079 9.67459 119.814 3.79163
41_875_1000_200_100_149 50 150 100 1356069 47474871000 35009.2 13560.7 474748710 2.27204e+09
41_875_1000_200_150_199 50 150 0.467227 0.151507 0.869914 9.66941 371.799 3.86138
41_875_1000_200_150_199 50 150 100 1356336 47806825500 35247 13563.4 478068255 2.26618e+09
41_875_1000_200_200_249 50 150 0.468205 0.150145 0.871226 9.7274 158.18 3.88801
41_875_1000_200_200_249 50 150 100 1357252 47879944500 35277.1 13572.5 478799445 2.32387e+09
41_875_1000_200_250_299 50 150 0.480878 0.150678 0.898849 9.92779 138.328 4.08969
41_875_1000_200_250_299 50 150 100 1356506 47773723500 35218.2 13565.1 477737235 2.35448e+09
41_875_1000_200_300_349 50 150 0.465478 0.149458 0.86053 9.67169 307.986 3.86207
41_875_1000_200_300_349 50 150 100 1357281 47623138500 35087.2 13572.8 476231385 2.26713e+09
41_875_1000_200_350_399 50 150 0.464616 0.149774 0.86667 9.6612 338.806 3.86413
41_875_1000_200_350_399 50 150 100 1357412 47627199000 35086.8 13574.1 476271990 2.27019e+09
41_875_1000_200_400_449 50 150 0.465912 0.150268 0.848811 9.71333 389.512 3.81675
41_875_1000_200_400_449 50 150 100 1357383 47688183000 35132.4 13573.8 476881830 2.27981e+09
41_875_1000_200_450_499 50 150 0.468061 0.147949 0.845542 9.72733 483.046 3.8285
41_875_1000_200_450_499 50 150 100 1357381 47273971500 34827.3 13573.8 472739715 2.22043e+09
