1_475_1000_240_0_0 60 180 0.562249 0.187607 0.900856 9.66335 468.566 3.20336
1_475_1000_240_0_0 60 180 120 4147886 112808557500 27196.6 34565.7 9.40071e+08 2.60301e+09
1_475_1000_240_1_1 60 180 0.562249 0.187607 0.900856 9.66335 468.566 3.20336
1_475_1000_240_1_1 60 180 120 4147886 112808557500 27196.6 34565.7 9.40071e+08 2.60301e+09
1_475_1000_240_2_2 60 180 0.555555 0.187516 0.890519 9.53317 468.675 3.12846
1_475_1000_240_2_2 60 180 120 4147890 112808949000 27196.7 34565.8 940074575 2.56664e+09
1_475_1000_240_3_3 60 180 0.548879 0.187483 0.902156 9.55634 474.739 3.18558
1_475_1000_240_3_3 60 180 120 4147892 112808947500 27196.7 34565.8 9.40075e+08 2.58205e+09
1_475_1000_240_4_4 60 180 0.551318 0.187866 0.896283 9.46929 467.095 3.12204
1_475_1000_240_4_4 60 180 120 4147889 112809180000 27196.8 34565.7 940076500 2.57269e+09
1_475_1000_240_5_5 60 180 0.56001 0.187322 0.896064 9.59758 484.101 3.16948
1_475_1000_240_5_5 60 180 120 4147896 112809219000 27196.7 34565.8 940076825 2.59903e+09
1_475_1000_240_6_6 60 180 0.558901 0.187755 0.896419 9.59979 468.449 3.16013
1_475_1000_240_6_6 60 180 120 4147887 112808982000 27196.7 34565.7 940074850 2.60094e+09
1_475_1000_240_7_7 60 180 0.555392 0.187515 0.888015 9.51666 465.4 3.1018
1_475_1000_240_7_7 60 180 120 4147892 112809187500 27196.8 34565.8 9.40077e+08 2.582e+09
1_475_1000_240_8_8 60 180 0.54848 0.187508 0.885854 9.49113 468.878 3.10033
1_475_1000_240_8_8 60 180 120 4147886 112809093000 27196.8 34565.7 940075775 2.57518e+09
1_475_1000_240_9_9 60 180 0.552911 0.18749 0.895547 9.58457 475.336 3.15145
1_475_1000_240_9_9 60 180 120 4147888 112809168000 27196.8 34565.7 940076400 2.59877e+09
