3_4375_10000_100_0_0 25 75 0.575438 0.236087 1.11403 9.87888 185.045 4.04257
3_4375_10000_100_0_0 25 75 50 1114514 39365725500 35321 22290.3 787314510 5.46455e+09
3_4375_10000_100_1_1 25 75 0.575438 0.236087 1.11403 9.87888 185.045 4.04257
3_4375_10000_100_1_1 25 75 50 1114514 39365725500 35321 22290.3 787314510 5.46455e+09
3_4375_10000_100_2_2 25 75 0.557421 0.232804 1.07556 9.66215 90.0214 3.83347
3_4375_10000_100_2_2 25 75 50 1114153 39104431500 35097.9 22283.1 782088630 5.35226e+09
3_4375_10000_100_3_3 25 75 0.561881 0.232749 1.07673 9.76623 210.047 3.90636
3_4375_10000_100_3_3 25 75 50 1114274 39198829500 35178.8 22285.5 783976590 5.33949e+09
3_4375_10000_100_4_4 25 75 0.561925 0.23253 1.08192 9.76684 130.087 3.91419
3_4375_10000_100_4_4 25 75 50 1114131 39108058500 35101.8 22282.6 782161170 5.29705e+09
3_4375_10000_100_5_5 25 75 0.555365 0.230292 1.06574 9.68119 93.9863 3.83671
3_4375_10000_100_5_5 25 75 50 1113884 38896585500 34919.8 22277.7 777931710 5.16547e+09
3_4375_10000_100_6_6 25 75 0.572318 0.234614 1.10839 9.88976 222.363 4.01713
3_4375_10000_100_6_6 25 75 50 1114240 39299380500 35270.1 22284.8 785987610 5.45014e+09
3_4375_10000_100_7_7 25 75 0.568416 0.23435 1.10555 9.85887 169.999 3.99824
3_4375_10000_100_7_7 25 75 50 1114383 39061836000 35052.4 22287.7 781236720 5.11204e+09
3_4375_10000_100_8_8 25 75 0.553006 0.232509 1.06296 9.64998 180.041 3.77693
3_4375_10000_100_8_8 25 75 50 1115008 39076585500 35046 22300.2 781531710 5.19017e+09
3_4375_10000_100_9_9 25 75 0.560427 0.232473 1.08243 9.75767 197.52 3.90516
3_4375_10000_100_9_9 25 75 50 1113812 39070987500 35078.6 22276.2 781419750 5.22962e+09
