3_5_10_100_0_0 25 75 0.598279 0.242273 1.19557 10.0821 171.924 4.3132
3_5_10_100_0_0 25 75 50 1134462 39973350000 35235.5 22689.2 799467000 5.75726e+09
3_5_10_100_1_1 25 75 0.598279 0.242273 1.19557 10.0821 171.924 4.3132
3_5_10_100_1_1 25 75 50 1134462 39973350000 35235.5 22689.2 799467000 5.75726e+09
3_5_10_100_2_2 25 75 0.599999 0.240943 1.19176 10.1246 142.779 4.31083
3_5_10_100_2_2 25 75 50 1134165 39819345000 35109 22683.3 796386900 5.7595e+09
3_5_10_100_3_3 25 75 0.600011 0.240886 1.1963 10.0844 159.973 4.32406
3_5_10_100_3_3 25 75 50 1135161 39958369500 35200.6 22703.2 799167390 5.80373e+09
3_5_10_100_4_4 25 75 0.594829 0.239725 1.16619 10.0617 180.069 4.2607
3_5_10_100_4_4 25 75 50 1134054 39761574000 35061.4 22681.1 795231480 5.64949e+09
3_5_10_100_5_5 25 75 0.583239 0.23738 1.14889 9.95326 98.3086 4.15488
3_5_10_100_5_5 25 75 50 1134280 39477075000 34803.6 22685.6 789541500 5.34808e+09
3_5_10_100_6_6 25 75 0.609494 0.242225 1.20298 10.2158 174.239 4.40391
3_5_10_100_6_6 25 75 50 1134370 40006824000 35267.9 22687.4 800136480 5.7742e+09
3_5_10_100_7_7 25 75 0.598059 0.243492 1.19886 10.0367 230.003 4.27835
3_5_10_100_7_7 25 75 50 1134139 39741889500 35041.5 22682.8 794837790 5.57099e+09
3_5_10_100_8_8 25 75 0.588451 0.240727 1.16482 10.0037 150.043 4.17081
3_5_10_100_8_8 25 75 50 1134584 39835050000 35109.8 22691.7 796701000 5.63968e+09
3_5_10_100_9_9 25 75 0.598125 0.240739 1.18588 10.1368 104.291 4.29584
3_5_10_100_9_9 25 75 50 1133843 39749586000 35057.4 22676.9 794991720 5.65043e+09
