75_7812_10000_200_0_49 50 150 0.481817 0.144363 0.909827 10.0291 189.224 4.30138
75_7812_10000_200_0_49 50 150 100 2453998 84898410000 34596 24540 848984100 4.08428e+09
75_7812_10000_200_50_99 50 150 0.489803 0.144839 0.928676 10.092 198.454 4.41529
75_7812_10000_200_50_99 50 150 100 2454515 84993643500 34627.5 24545.2 849936435 4.23068e+09
75_7812_10000_200_100_149 50 150 0.476447 0.1429 0.889104 9.936 364.441 4.21768
75_7812_10000_200_100_149 50 150 100 2453261 84747967500 34545 24532.6 847479675 4.14223e+09
75_7812_10000_200_150_199 50 150 0.48417 0.145278 0.921814 10.0339 135.86 4.34945
75_7812_10000_200_150_199 50 150 100 2455596 85198308000 34695.6 24556 851983080 4.20033e+09
75_7812_10000_200_200_249 50 150 0.488111 0.145161 0.927613 10.0512 217.63 4.35614
75_7812_10000_200_200_249 50 150 100 2456004 85309798500 34735.2 24560 853097985 4.35073e+09
75_7812_10000_200_250_299 50 150 0.480928 0.144788 0.911247 9.99539 340.741 4.28044
75_7812_10000_200_250_299 50 150 100 2405834 83236977000 34598 24058.3 832369770 3.9783e+09
75_7812_10000_200_300_349 50 150 0.483615 0.144364 0.915961 10.02 132.418 4.33167
75_7812_10000_200_300_349 50 150 100 2456545 85051617000 34622.5 24565.5 850516170 4.18743e+09
75_7812_10000_200_350_399 50 150 0.487524 0.145112 0.931545 10.0411 187.678 4.37022
75_7812_10000_200_350_399 50 150 100 2456342 85076880000 34635.6 24563.4 850768800 4.1544e+09
75_7812_10000_200_400_449 50 150 0.485482 0.145075 0.92572 10.0267 245.495 4.3686
75_7812_10000_200_400_449 50 150 100 2457835 85083765000 34617.4 24578.3 850837650 4.17612e+09
75_7812_10000_200_450_499 50 150 0.484753 0.144489 0.925653 10.0214 245.046 4.34296
75_7812_10000_200_450_499 50 150 100 2456709 84830856000 34530.3 24567.1 848308560 4.20147e+09
