0_404687_1000000_240_0_0 60 180 1.83873 0.0724985 0.399321 9.37382 1159.09 1.04922
0_404687_1000000_240_0_0 60 180 120 1250517 32105220000 25673.6 10421 267543500 8.43801e+08
0_404687_1000000_240_1_1 60 180 1.83873 0.0724985 0.399321 9.37382 1159.09 1.04922
0_404687_1000000_240_1_1 60 180 120 1250517 32105220000 25673.6 10421 267543500 8.43801e+08
0_404687_1000000_240_2_2 60 180 1.62273 0.0723814 0.384546 7.75028 1089.15 0.869331
0_404687_1000000_240_2_2 60 180 120 1250332 31974288000 25572.6 10419.4 266452400 7.46727e+08
0_404687_1000000_240_3_3 60 180 1.70173 0.0722756 0.387219 8.61079 1118.81 0.912091
0_404687_1000000_240_3_3 60 180 120 1249589 31971585000 25585.7 10413.2 266429875 7.91919e+08
0_404687_1000000_240_4_4 60 180 1.61723 0.0724359 0.38735 8.4274 1094.84 0.908857
0_404687_1000000_240_4_4 60 180 120 1251732 32241895500 25757.8 10431.1 2.68682e+08 7.57446e+08
0_404687_1000000_240_5_5 60 180 1.85673 0.0723841 0.391224 9.73714 1115.62 1.03873
0_404687_1000000_240_5_5 60 180 120 1251978 32066418000 25612.6 10433.1 267220150 8.98042e+08
0_404687_1000000_240_6_6 60 180 1.68413 0.0722253 0.379512 7.34406 1109.2 0.81909
0_404687_1000000_240_6_6 60 180 120 1249852 31917217500 25536.8 10415.4 2.65977e+08 7.65434e+08
0_404687_1000000_240_7_7 60 180 1.60561 0.0722604 0.385008 7.70542 1179.77 0.857882
0_404687_1000000_240_7_7 60 180 120 1250596 32032588500 25613.9 10421.6 2.66938e+08 7.45964e+08
0_404687_1000000_240_8_8 60 180 1.56401 0.0722365 0.384945 7.46352 1076.63 0.850503
0_404687_1000000_240_8_8 60 180 120 1251438 31945005000 25526.6 10428.6 266208375 7.36013e+08
0_404687_1000000_240_9_9 60 180 1.63103 0.0724281 0.391861 8.78647 1094.99 0.942613
0_404687_1000000_240_9_9 60 180 120 1250569 32110029000 25676.3 10421.4 267583575 7.79951e+08
