31_5_10_100_0_0 25 75 0.557168 0.183161 1.31373 10.226 71.3132 5.14322
31_5_10_100_0_0 25 75 50 142532 4912737000 34467.6 2850.64 98254740 6.06744e+08
31_5_10_100_1_1 25 75 0.557168 0.183161 1.31373 10.226 71.3132 5.14322
31_5_10_100_1_1 25 75 50 142532 4912737000 34467.6 2850.64 98254740 6.06744e+08
31_5_10_100_2_2 25 75 0.553097 0.178211 1.27326 9.96038 82.2315 4.93467
31_5_10_100_2_2 25 75 50 141991 4936315500 34765 2839.82 98726310 7.07722e+08
31_5_10_100_3_3 25 75 0.544579 0.183028 1.20253 10.0688 86.8988 4.85072
31_5_10_100_3_3 25 75 50 141952 4924335000 34690.1 2839.04 98486700 6.6825e+08
31_5_10_100_4_4 25 75 0.580116 0.182472 1.40623 10.49 82.0021 5.38957
31_5_10_100_4_4 25 75 50 141762 5012088000 35355.7 2835.24 100241760 7.31601e+08
31_5_10_100_5_5 25 75 0.533243 0.180051 1.20707 9.97285 77.666 4.7383
31_5_10_100_5_5 25 75 50 142068 4948189500 34829.7 2841.36 98963790 6.42047e+08
31_5_10_100_6_6 25 75 0.540025 0.178833 1.2184 10.0926 82.8688 4.80588
31_5_10_100_6_6 25 75 50 142167 4864768500 34218.7 2843.34 97295370 6.00766e+08
31_5_10_100_7_7 25 75 0.544238 0.177131 1.16176 10.0744 85.2969 4.75712
31_5_10_100_7_7 25 75 50 142136 4937635500 34738.8 2842.72 98752710 7.15765e+08
31_5_10_100_8_8 25 75 0.55634 0.180133 1.26443 10.1974 85.7414 5.04825
31_5_10_100_8_8 25 75 50 142103 5017440000 35308.5 2842.06 100348800 7.14847e+08
31_5_10_100_9_9 25 75 0.549893 0.18295 1.26771 10.1033 88.7553 4.97752
31_5_10_100_9_9 25 75 50 141708 4974760500 35105.7 2834.16 99495210 6.6987e+08
