50_0_0_200_0_49 50 150 0.462234 0.112038 0.588864 9.89738 183.967 3.07125
50_0_0_200_0_49 50 150 100 1618116 57102580500 35289.5 16181.2 571025805 2.71761e+09
50_0_0_200_50_99 50 150 0.454245 0.111572 0.583264 9.8219 220.853 3.01166
50_0_0_200_50_99 50 150 100 1618898 57292207500 35389.6 16189 572922075 2.76118e+09
50_0_0_200_100_149 50 150 0.473295 0.11137 0.588569 10.043 186.483 3.1149
50_0_0_200_100_149 50 150 100 1618841 57225171000 35349.5 16188.4 572251710 3.10492e+09
50_0_0_200_150_199 50 150 0.461286 0.112171 0.583179 9.88524 210.454 3.01022
50_0_0_200_150_199 50 150 100 1619799 57525366000 35513.9 16198 575253660 2.91688e+09
50_0_0_200_200_249 50 150 0.4619 0.1123 0.59496 9.87866 203.101 3.06874
50_0_0_200_200_249 50 150 100 1620724 57545461500 35506 16207.2 575454615 2.98097e+09
50_0_0_200_250_299 50 150 0.447472 0.1121 0.588467 9.83024 173.338 3.04284
50_0_0_200_250_299 50 150 100 1619632 57362689500 35417.1 16196.3 573626895 2.77906e+09
50_0_0_200_300_349 50 150 0.440854 0.111059 0.568485 9.50569 171.994 2.81347
50_0_0_200_300_349 50 150 100 1620729 57226384500 35309 16207.3 572263845 2.76816e+09
50_0_0_200_350_399 50 150 0.443114 0.11089 0.565843 9.5263 185.955 2.82363
50_0_0_200_350_399 50 150 100 1620682 57374700000 35401.6 16206.8 573747000 2.76256e+09
50_0_0_200_400_449 50 150 0.449457 0.111763 0.585399 9.79477 194.131 2.98364
50_0_0_200_400_449 50 150 100 1621125 57380323500 35395.4 16211.2 573803235 2.78997e+09
50_0_0_200_450_499 50 150 0.431154 0.110459 0.563138 9.53802 186.715 2.79859
50_0_0_200_450_499 50 150 100 1620802 56987314500 35159.9 16208 569873145 2.54488e+09
