5_125_1000_100_0_0 25 75 0.575527 0.226691 1.30264 9.85952 87.425 4.57722
5_125_1000_100_0_0 25 75 50 847478 29799304500 35162.3 16949.6 595986090 4.33854e+09
5_125_1000_100_1_1 25 75 0.575527 0.226691 1.30264 9.85952 87.425 4.57722
5_125_1000_100_1_1 25 75 50 847478 29799304500 35162.3 16949.6 595986090 4.33854e+09
5_125_1000_100_2_2 25 75 0.569049 0.225603 1.25807 9.86287 86.4338 4.47926
5_125_1000_100_2_2 25 75 50 847019 29660077500 35017 16940.4 593201550 4.19492e+09
5_125_1000_100_3_3 25 75 0.579211 0.226615 1.30149 9.96801 139.923 4.62141
5_125_1000_100_3_3 25 75 50 847691 29912254500 35286.7 16953.8 598245090 4.45745e+09
5_125_1000_100_4_4 25 75 0.574367 0.225066 1.2677 9.99057 88.9065 4.58492
5_125_1000_100_4_4 25 75 50 847594 29693236500 35032.4 16951.9 593864730 4.21399e+09
5_125_1000_100_5_5 25 75 0.574077 0.226116 1.2684 9.92625 170.006 4.56288
5_125_1000_100_5_5 25 75 50 847043 29676915000 35035.9 16940.9 593538300 4.25797e+09
5_125_1000_100_6_6 25 75 0.570382 0.226957 1.27109 9.85361 129.737 4.51137
5_125_1000_100_6_6 25 75 50 846682 29770870500 35161.8 16933.6 595417410 4.29644e+09
5_125_1000_100_7_7 25 75 0.57349 0.22532 1.25814 9.91444 88.1916 4.51426
5_125_1000_100_7_7 25 75 50 846544 29779627500 35177.9 16930.9 595592550 4.38944e+09
5_125_1000_100_8_8 25 75 0.569206 0.224127 1.25302 9.90583 99.9254 4.5083
5_125_1000_100_8_8 25 75 50 846466 29459160000 34802.5 16929.3 589183200 4.10431e+09
5_125_1000_100_9_9 25 75 0.56623 0.225409 1.23857 9.82702 195.075 4.42194
5_125_1000_100_9_9 25 75 50 846857 29732440500 35109.2 16937.1 594648810 4.21689e+09
