12_5_10_100_0_0 25 75 0.478802 0.0814416 0.60255 11.1639 59.9331 3.88604
12_5_10_100_0_0 25 75 50 14422 497713500 34510.7 288.44 9954270 2.11496e+07
12_5_10_100_1_1 25 75 0.478802 0.0814416 0.60255 11.1639 59.9331 3.88604
12_5_10_100_1_1 25 75 50 14422 497713500 34510.7 288.44 9954270 2.11496e+07
12_5_10_100_2_2 25 75 0.862245 0.0913243 0.8844 21.0562 117.695 5.86414
12_5_10_100_2_2 25 75 50 14445 518382000 35886.6 288.9 10367640 3.96664e+07
12_5_10_100_3_3 25 75 0.46799 0.078624 0.681634 10.9738 66.8085 3.98097
12_5_10_100_3_3 25 75 50 14360 469824000 32717.5 287.2 9396480 2.06424e+07
12_5_10_100_4_4 25 75 0.529975 0.092131 0.861661 11.4316 42.1215 5.41436
12_5_10_100_4_4 25 75 50 14306 536599500 37508.7 286.12 10731990 3.51786e+07
12_5_10_100_5_5 25 75 0.618429 0.0794352 0.612273 17.3963 61.6008 5.24868
12_5_10_100_5_5 25 75 50 14523 519085500 35742.3 290.46 10381710 5.00765e+07
12_5_10_100_6_6 25 75 0.342879 0.0838429 0.58129 8.39278 47.7336 2.8752
12_5_10_100_6_6 25 75 50 14495 516445500 35629.2 289.9 10328910 3.65817e+07
12_5_10_100_7_7 25 75 0.40322 0.0842571 0.576488 10.0338 30.3605 3.51637
12_5_10_100_7_7 25 75 50 14440 527160000 36506.9 288.8 10543200 2.88351e+07
12_5_10_100_8_8 25 75 0.536007 0.0860185 0.851247 11.0935 73.9313 5.17933
12_5_10_100_8_8 25 75 50 14393 496644000 34505.9 287.86 9932880 2.9343e+07
12_5_10_100_9_9 25 75 0.53688 0.0754904 0.596709 12.6061 70.3391 4.28435
12_5_10_100_9_9 25 75 50 14223 484210500 34044.2 284.46 9684210 3.58846e+07
