0_49375_100000_200_0 50 150 0.339228 0.176318 0.639106 5.21478 93.5767 1.44244
0_49375_100000_200_0 50 150 100 2203882 77148396000 35005.7 22038.8 771483960 3.03641e+09
0_49375_100000_200_1 50 150 0.339228 0.176318 0.639106 5.21478 93.5767 1.44244
0_49375_100000_200_1 50 150 100 2203882 77148396000 35005.7 22038.8 771483960 3.03641e+09
0_49375_100000_200_2 50 150 0.331638 0.173792 0.626869 4.91064 108.389 1.36643
0_49375_100000_200_2 50 150 100 2203777 76779420000 34839.9 22037.8 767794200 2.94104e+09
0_49375_100000_200_3 50 150 0.329244 0.173059 0.622668 4.85923 88.7374 1.34249
0_49375_100000_200_3 50 150 100 2203380 76576216500 34754 22033.8 765762165 2.87639e+09
0_49375_100000_200_4 50 150 0.337051 0.175957 0.633019 5.06405 94.4209 1.40028
0_49375_100000_200_4 50 150 100 2204235 77311791000 35074.2 22042.3 773117910 3.14224e+09
0_49375_100000_200_5 50 150 0.332161 0.173322 0.624696 4.95809 89.0936 1.37469
0_49375_100000_200_5 50 150 100 2203079 76493302500 34721.1 22030.8 764933025 2.94588e+09
0_49375_100000_200_6 50 150 0.334916 0.175541 0.630323 5.05046 101.439 1.39871
0_49375_100000_200_6 50 150 100 2203552 77085283500 34982.3 22035.5 770852835 2.9841e+09
0_49375_100000_200_7 50 150 0.334417 0.174826 0.628826 5.03589 127.961 1.39187
0_49375_100000_200_7 50 150 100 2202484 76900461000 34915.3 22024.8 769004610 2.98516e+09
0_49375_100000_200_8 50 150 0.333154 0.174258 0.628439 4.98765 108.381 1.38221
0_49375_100000_200_8 50 150 100 2202093 76831246500 34890.1 22020.9 768312465 3.0163e+09
0_49375_100000_200_9 50 150 0.332528 0.173712 0.626788 4.95353 240.07 1.37675
0_49375_100000_200_9 50 150 100 2202745 76667541000 34805.5 22027.5 766675410 2.99873e+09
